-1
-1
-1
-1
-1
-1
-1
-1
-1
41
-1
-1
-1
13
21
23
52
27
-1
35
6
-1
-1
-1
-1
-1
-1
71
-1
-1
36
-1
-1
-1
-1
13
17
22
-1
56
-1
35
-1
-1
-1
-1
-1
-1
-1
60
-1
-1
42
-1
-1
-1
-1
13
17
26
-1
-1
-1
37
-1
-1
-1
-1
-1
-1
-1
59
-1
-1
-1
-1
-1
-1
-1
33
20
25
-1
-1
189
-1
-1
-1
-1
-1
-1
-1
-1
63
-1
-1
-1
-1
-1
-1
26
6
17
36
-1
-1
-1
-1
-1
-1
-1
-1
-1
-1
22
32
30
-1
-1
-1
-1
-1
26
5
17
74
-1
-1
-1
-1
-1
-1
-1
-1
-1
-1
44
30
30
-1
-1
-1
-1
-1
53
6
19
76
-1
-1
-1
-1
-1
-1
-1
-1
-1
-1
-1
30
18
-1
-1
-1
-1
-1
55
5
16
114
-1
-1
-1
-1
-1
-1
-1
-1
-1
-1
24
29
-1
-1
-1
-1
-1
-1
55
5
16
132
-1
-1
-1
-1
-1
-1
-1
-1
-1
-1
22
26
-1
-1
-1
73
-1
-1
26
6
16
-1
-1
-1
-1
-1
-1
-1
-1
-1
-1
-1
20
-1
-1
-1
-1
62
-1
21
8
5
63
-1
-1
-1
127
-1
-1
-1
-1
-1
-1
-1
22
-1
-1
-1
-1
57
-1
18
9
5
64
-1
-1
-1
47
-1
-1
-1
-1
-1
-1
-1
12
-1
-1
-1
-1
88
-1
18
8
6
68
-1
-1
-1
222
-1
-1
-1
-1
-1
-1
-1
-1
-1
-1
-1
-1
-1
-1
46
9
5
76
-1
-1
-1
-1
-1
-1
-1
-1
-1
-1
-1
-1
-1
-1
-1
-1
-1
59
22
9
5
-1
80
-1
-1
-1
-1
-1
-1
-1
-1
-1
-1
21
-1
-1
-1
-1
-1
62
19
9
19
-1
63
-1
-1
-1
-1
-1
-1
-1
-1
-1
-1
18
-1
-1
-1
-1
-1
59
19
9
14
-1
68
-1
-1
-1
-1
-1
-1
-1
-1
-1
-1
5
-1
-1
-1
-1
-1
58
21
10
-1
14
57
-1
-1
-1
-1
-1
-1
-1
-1
-1
-1
-1
-1
-1
-1
-1
-1
59
19
9
-1
15
54
-1
-1
-1
-1
-1
-1
-1
-1
-1
17
-1
-1
-1
-1
-1
30
32
19
9
-1
16
23
-1
-1
-1
-1
-1
-1
-1
-1
-1
20
-1
-1
-1
-1
-1
29
28
19
12
-1
25
19
-1
-1
-1
-1
-1
-1
-1
-1
-1
-1
-1
-1
-1
-1
-1
45
29
23
-1
-1
24
19
-1
-1
-1
-1
-1
-1
-1
-1
2
-1
-1
-1
-1
-1
-1
47
29
21
-1
-1
23
19
-1
-1
-1
-1
-1
-1
-1
-1
3
-1
-1
-1
-1
-1
14
29
32
22
-1
-1
26
1
-1
-1
-1
-1
-1
-1
-1
-1
3
-1
-1
-1
-1
-1
14
30
33
26
-1
11
23
3
-1
-1
-1
-1
-1
-1
-1
-1
-1
-1
-1
-1
-1
-1
14
29
29
22
-1
12
22
-1
-1
-1
-1
-1
-1
4
-1
-1
-1
-1
-1
-1
-1
-1
22
30
6
22
-1
10
37
-1
-1
-1
-1
-1
-1
29
-1
5
-1
-1
-1
-1
-1
-1
22
33
15
48
-1
13
42
-1
-1
-1
-1
-1
-1
34
-1
5
-1
-1
-1
-1
-1
-1
-1
24
-1
-1
-1
15
-1
-1
-1
-1
-1
-1
17
25
-1
4
-1
-1
-1
-1
-1
-1
9
57
-1
-1
26
15
-1
-1
-1
-1
-1
-1
60
26
-1
-1
-1
-1
-1
-1
-1
-1
29
-1
-1
-1
26
30
-1
-1
-1
-1
-1
-1
73
26
-1
-1
-1
-1
-1
-1
-1
-1
116
-1
-1
-1
25
27
-1
-1
-1
-1
-1
-1
95
29
8
-1
-1
-1
-1
-1
-1
-1
-1
-1
-1
51
2
49
-1
-1
-1
-1
-1
-1
92
27
3
-1
-1
-1
-1
-1
-1
172
-1
-1
-1
52
3
-1
-1
-1
-1
-1
-1
-1
98
16
-1
-1
-1
-1
-1
30
-1
94
-1
-1
-1
43
28
-1
-1
-1
-1
-1
-1
-1
93
-1
-1
-1
-1
-1
-1
46
-1
135
-1
-1
58
12
31
-1
-1
-1
-1
-1
-1
-1
110
-1
-1
-1
-1
-1
-1
32
-1
-1
-1
-1
57
13
32
-1
-1
-1
-1
-1
-1
90
10
19
-1
-1
-1
-1
5
30
-1
63
-1
-1
50
13
56
-1
-1
-1
-1
-1
-1
61
-1
22
-1
-1
-1
-1
5
-1
30
64
-1
-1
50
14
-1
-1
-1
-1
-1
-1
-1
21
-1
11
-1
-1
-1
-1
-1
12
30
91
-1
-1
51
45
-1
-1
-1
-1
-1
-1
-1
-1
-1
-1
-1
-1
-1
-1
-1
32
30
-1
-1
-1
48
26
-1
-1
-1
-1
-1
-1
-1
-1
-1
-1
-1
-1
-1
8
-1
33
58
-1
-1
-1
48
45
-1
-1
-1
39
-1
-1
-1
-1
-1
-1
-1
-1
-1
-1
-1
29
-1
-1
-1
-1
72
-1
-1
-1
-1
39
-1
-1
-1
-1
-1
-1
-1
-1
-1
-1
-1
17
-1
-1
-1
-1
67
-1
-1
-1
-1
47
-1
-1
-1
-1
-1
-1
-1
-1
-1
-1
-1
-1
-1
-1
-1
-1
59
-1
-1
-1
-1
35
-1
-1
-1
-1
-1
-1
-1
-1
4
-1
-1
-1
-1
73
-1
-1
21
-1
-1
-1
-1
14
-1
-1
-1
-1
-1
-1
-1
-1
-1
-1
-1
-1
-1
29
-1
-1
142
-1
-1
-1
6
-1
-1
-1
-1
-1
-1
-1
-1
-1
-1
-1
-1
-1
-1
57
-1
-1
-1
-1
-1
-1
5
-1
-1
-1
-1
-1
-1
-1
-1
-1
-1
-1
-1
-1
-1
-1
-1
-1
-1
-1
-1
-1
3
-1
-1
-1
-1
-1
-1
-1
-1
-1
-1
-1
-1
-1
-1
-1
-1
-1
-1
-1
-1
-1
17
-1
-1
-1
-1
-1
-1
-1
-1
2
-1
-1
-1
-1
-1
-1
-1
-1
-1
-1
-1
-1
-1
-1
-1
-1
-1
-1
-1
-1
-1
-1
-1
-1
-1
-1
-1
-1
-1
-1
-1
-1
-1
61
-1
-1
-1
-1
-1
-1
-1
-1
-1
5
-1
-1
-1
-1
-1
-1
-1
-1
-1
-1
-1
158
-1
-1
38
-1
-1
-1
-1
-1
-1
24
-1
-1
-1
-1
-1
-1
-1
-1
-1
-1
-1
-1
-1
-1
27
-1
-1
-1
-1
-1
-1
-1
-1
-1
-1
-1
-1
-1
-1
-1
-1
-1
-1
-1
-1
-1
53
-1
-1
-1
-1
-1
34
-1
-1
-1
-1
-1
-1
-1
-1
-1
-1
-1
-1
-1
-1
-1
267
-1
-1
-1
-1
-1
30
-1
-1
-1
-1
-1
-1
-1
-1
-1
-1
-1
-1
-1
-1
-1
-1
-1
-1
-1
-1
-1
18
-1
-1
-1
-1
-1
-1
-1
-1
-1
-1
-1
-1
-1
-1
-1
-1
-1
-1
-1
-1
-1
-1
-1
-1
-1
-1
-1
-1
-1
-1
-1
-1
-1
-1
-1
-1
-1
-1
-1
-1
-1
-1
4
-1
-1
-1
-1
-1
-1
-1
-1
-1
-1
-1
-1
-1
-1
-1
-1
-1
-1
-1
-1
-1
4
-1
-1
-1
-1
-1
-1
-1
-1
-1
-1
-1
168
-1
-1
-1
-1
-1
-1
-1
-1
-1
-1
-1
-1
-1
-1
-1
-1
-1
-1
-1
-1
-1
27
-1
-1
-1
-1
-1
-1
-1
-1
6
-1
-1
-1
-1
-1
-1
-1
-1
-1
-1
-1
-1
19
-1
-1
-1
164
108
-1
-1
-1
6
-1
-1
-1
-1
-1
-1
-1
-1
-1
-1
-1
14
-1
-1
-1
-1
73
31
-1
-1
-1
15
-1
-1
-1
-1
-1
-1
-1
-1
-1
-1
-1
26
-1
-1
-1
40
27
32
-1
-1
27
-1
-1
-1
-1
-1
-1
-1
-1
-1
-1
-1
9
24
-1
-1
-1
41
30
35
-1
-1
134
-1
-1
-1
-1
-1
-1
-1
-1
-1
-1
-1
49
12
-1
-1
26
23
31
41
-1
-1
-1
30
-1
-1
-1
-1
-1
-1
-1
-1
-1
-1
68
-1
-1
-1
22
26
28
49
-1
-1
67
60
-1
-1
-1
-1
-1
-1
-1
-1
-1
-1
71
-1
-1
-1
24
22
27
56
-1
35
30
-1
-1
-1
-1
-1
-1
-1
-1
-1
-1
-1
79
-1
-1
5
21
21
26
58
-1
77
54
-1
-1
-1
-1
-1
-1
-1
-1
-1
-1
-1
53
-1
-1
6
17
22
27
25
6
-1
31
-1
-1
-1
-1
-1
-1
-1
-1
-1
-1
45
-1
-1
-1
14
17
27
30
26
40
-1
31
-1
-1
