0
0
0
533
0
0
0
0
0
0
0
0
0
1380
0
4
0
0
0
2220
3858
0
0
0
0
681
0
0
0
0
0
0
0
0
0
1407
0
0
0
0
0
2774
0
0
0
212
0
621
0
0
0
0
0
0
0
0
0
1642
0
0
0
0
0
3547
0
0
0
1430
804
192
0
0
0
0
0
0
0
0
0
0
0
0
0
0
676
3690
0
0
0
1307
783
181
0
0
0
0
0
0
0
0
0
0
0
0
0
0
2300
3857
0
0
1779
1309
762
162
0
0
0
0
0
0
0
0
1479
0
0
0
0
0
2443
3826
0
0
1839
1320
802
223
0
0
0
0
0
0
0
207
0
0
0
0
0
1112
3018
3874
0
0
1888
1345
844
178
0
0
0
0
0
0
0
297
0
0
0
0
0
0
3365
0
0
0
566
0
581
1207
0
0
0
0
0
0
0
301
0
0
0
0
0
0
3318
0
0
0
497
0
567
1208
0
0
0
0
0
0
0
212
0
0
0
0
0
0
3313
0
0
0
524
0
537
125
47
22
0
0
0
0
0
236
0
0
0
0
0
0
3325
0
0
0
513
0
518
146
146
49
0
0
0
0
0
224
0
0
0
0
0
2035
0
0
0
918
0
954
408
85
85
0
18
18
18
18
18
0
0
0
0
0
0
2053
0
0
0
460
0
633
107
44
44
0
0
0
0
0
0
180
0
0
0
0
0
2163
0
0
0
394
0
326
25
25
22
0
0
0
0
0
0
0
0
0
0
0
0
2034
0
0
0
400
0
80
80
80
0
0
0
0
0
0
0
0
0
0
0
0
0
2007
0
0
0
0
0
53
53
53
0
0
0
0
0
0
0
0
0
0
0
0
0
0
0
0
0
0
0
0
0
0
0
0
0
0
0
0
0
0
0
0
0
0
0
0
0
0
0
0
0
0
0
0
0
0
0
0
0
0
0
0
0
0
0
0
0
0
0
0
0
0
0
0
0
0
0
0
0
0
0
0
0
0
0
0
0
0
493
0
0
0
0
0
0
0
0
0
0
0
0
0
0
0
0
0
0
0
0
0
0
0
0
0
0
0
0
0
0
0
0
0
0
0
0
0
0
0
0
0
0
0
0
0
0
0
0
0
0
0
0
0
0
0
0
0
0
0
0
0
0
0
0
0
0
0
0
0
0
0
0
0
0
0
0
0
0
0
0
0
0
0
0
0
0
0
0
0
0
0
0
0
0
0
0
0
0
0
0
0
0
0
0
0
0
0
0
0
0
0
0
0
0
0
0
0
0
0
0
0
0
0
0
0
0
0
0
0
0
0
0
0
0
221
0
0
0
0
0
0
0
0
1135
0
0
0
0
0
0
0
0
0
0
3701
0
242
0
161
0
0
0
0
4
4
0
0
0
0
0
0
0
0
0
0
0
0
370
652
0
0
0
0
0
0
6
665
0
0
0
0
0
0
0
0
0
17
0
0
419
669
0
0
0
0
0
0
4
1635
0
0
0
0
0
0
0
0
0
232
491
0
399
0
0
0
0
0
0
4
10
1630
0
0
0
0
0
0
0
0
64
258
451
0
391
0
59
0
0
0
0
10
12
1687
0
0
0
0
0
0
0
0
76
461
0
499
878
0
0
0
0
0
0
5
7
1690
0
0
0
0
0
0
0
35
742
557
0
510
921
0
0
0
0
0
0
372
374
2040
0
0
0
0
0
0
0
0
491
0
557
1046
0
0
0
0
0
0
0
537
541
0
0
0
0
0
0
0
0
0
536
0
568
1052
0
0
0
0
0
0
62
160
163
0
0
0
0
0
0
0
2498
1365
0
542
1108
1589
0
0
0
0
0
0
108
108
109
0
0
0
0
0
0
0
0
0
1295
617
0
511
0
0
0
0
0
0
19
0
0
0
0
0
0
0
0
0
0
0
567
0
558
0
0
0
0
0
0
0
0
0
0
0
0
0
0
0
0
0
0
0
618
0
551
0
0
0
0
0
0
0
0
0
0
0
0
0
0
0
0
0
0
0
567
0
553
0
567
0
0
0
0
0
0
0
0
0
0
0
0
0
0
0
0
573
573
0
537
994
76
0
0
0
0
0
0
0
0
0
0
0
0
0
0
0
0
0
0
530
1068
0
0
0
0
0
0
0
0
0
0
0
0
0
0
0
1191
1191
0
0
0
540
1132
0
0
0
0
0
0
0
0
0
0
0
0
0
0
0
629
629
0
0
0
236
0
0
0
0
0
0
0
0
0
0
0
0
0
0
0
0
0
0
0
0
0
5
5
0
0
0
0
0
0
0
0
0
0
0
0
0
0
0
0
0
0
0
0
0
0
0
0
0
0
0
0
0
0
0
0
0
0
0
0
175
175
175
175
175
175
0
0
0
0
0
0
0
0
0
0
0
0
0
0
0
0
0
0
0
0
0
0
0
0
0
0
0
0
0
0
0
0
0
0
0
0
0
0
0
0
0
0
0
0
0
0
0
0
0
0
0
4095
4095
0
0
0
0
0
0
0
2
2
2
2
2
0
0
0
0
0
0
0
4095
0
0
0
0
0
0
0
0
0
23
23
23
23
23
0
8
8
8
8
8
8
0
0
848
0
0
0
0
0
0
32
32
32
32
32
28
9
0
0
0
0
0
0
0
0
2132
0
0
0
0
0
0
56
56
56
56
56
26
0
0
0
0
0
0
0
0
0
2129
0
0
0
0
0
0
63
63
63
63
63
13
0
0
0
0
0
0
0
0
555
2337
4083
4083
4083
4083
4083
4083
12
12
12
12
12
0
0
0
0
0
0
0
0
0
1180
2664
4095
4095
4095
4095
4095
0
19
19
19
19
19
0
0
0
0
0
0
0
0
0
1184
2684
4081
4081
4081
4081
4081
0
0
0
0
0
0
0
0
0
0
0
0
0
0
0
1295
2801
4095
4095
4095
4095
4095
0
0
0
0
0
0
0
0
0
0
0
0
0
0
0
1861
0
4095
4095
4095
4095
0
0
0
0
0
0
0
0
0
0
0
0
0
4095
4095
3378
1643
0
4040
4040
4040
4040
0
0
0
0
0
0
0
0
0
0
0
0
0
4095
4095
3031
2416
0
0
0
0
0
0
0
0
0
0
0
0
0
0
0
0
0
0
0
0
1259
0
0
0
0
0
0
0
0
0
0
0
0
0
0
0
0
0
0
0
0
0
2311
0
0
0
0
0
0
0
0
0
0
0
0
0
0
0
0
0
0
0
0
0
2519
0
0
0
0
81
0
0
0
0
0
0
0
0
0
0
1
1
0
1192
1192
0
2563
0
0
14
0
68
68
0
0
0
0
0
0
0
0
0
0
0
0
0
0
1728
0
0
0
144
0
663
0
0
0
0
0
0
0
0
0
2
2
2
0
0
0
1530
0
0
0
0
182
0
0
0
0
0
0
0
0
0
0
3
233
233
0
0
0
0
0
0
0
0
417
0
0
0
0
0
0
0
0
0
1
4
771
771
0
0
0
0
0
0
0
0
0
1126
0
0
0
0
0
0
0
0
0
3
165
165
165
165
2198
0
0
0
0
0
0
0
0
0
0
0
0
0
0
0
542
546
546
546
546
546
3214
0
0
0
0
0
942
0
0
0
0
0
0
0
0
0
1404
1406
0
0
0
0
2694
0
0
0
0
0
964
0
0
0
0
0
0
0
0
1432
0
5
0
0
0
0
2923
0
0
