-1
-1
65
105
-1
-1
-1
-1
-1
-1
-1
107
-1
-1
124
-1
-1
-1
-1
34
13
57
-1
-1
64
105
-1
-1
-1
-1
-1
-1
-1
103
-1
-1
120
-1
-1
-1
-1
32
15
54
-1
-1
150
-1
-1
-1
-1
-1
-1
-1
63
125
-1
-1
-1
-1
-1
-1
87
4
13
54
-1
-1
-1
-1
-1
-1
-1
-1
-1
-1
99
31
93
-1
-1
-1
-1
-1
87
4
13
191
-1
-1
-1
-1
-1
-1
-1
-1
-1
-1
95
30
93
-1
-1
-1
-1
-1
90
3
14
197
-1
-1
-1
-1
-1
-1
-1
-1
-1
-1
-1
131
100
-1
-1
-1
-1
-1
87
3
204
-1
-1
-1
-1
-1
-1
-1
-1
-1
-1
-1
105
133
-1
-1
-1
-1
-1
-1
94
3
211
-1
-1
-1
-1
-1
-1
-1
-1
-1
-1
-1
111
125
-1
-1
-1
-1
-1
-1
89
3
211
-1
-1
-1
-1
-1
-1
-1
-1
-1
-1
-1
113
65
-1
-1
-1
94
-1
51
13
4
209
-1
-1
-1
150
-1
-1
-1
-1
-1
-1
-1
88
32
60
-1
-1
64
-1
55
12
4
81
-1
-1
-1
160
-1
-1
-1
-1
-1
-1
-1
92
-1
91
-1
-1
63
-1
52
12
7
82
-1
-1
188
-1
-1
-1
-1
-1
-1
-1
-1
101
-1
124
-1
-1
-1
-1
83
15
14
58
-1
-1
155
-1
-1
-1
-1
-1
-1
-1
-1
-1
205
-1
-1
-1
-1
97
22
12
13
-1
86
-1
-1
-1
-1
-1
-1
-1
-1
-1
-1
124
97
-1
-1
-1
-1
96
26
13
13
-1
206
-1
-1
-1
-1
-1
-1
-1
-1
-1
-1
187
-1
-1
-1
-1
-1
121
22
12
15
-1
205
-1
-1
-1
-1
-1
-1
-1
-1
-1
95
85
-1
-1
-1
-1
-1
121
22
8
13
-1
220
-1
-1
-1
-1
-1
-1
-1
-1
-1
92
89
-1
-1
-1
-1
92
29
27
4
-1
35
187
-1
-1
-1
-1
-1
-1
-1
-1
-1
143
-1
-1
-1
-1
-1
128
31
22
2
-1
35
194
-1
-1
-1
-1
-1
-1
-1
-1
-1
142
-1
-1
-1
-1
-1
123
32
22
2
-1
35
193
-1
-1
-1
-1
-1
-1
-1
-1
-1
152
-1
-1
-1
-1
-1
131
28
23
3
13
19
184
-1
-1
-1
-1
-1
-1
-1
-1
163
-1
-1
-1
-1
-1
-1
125
29
13
2
9
19
156
-1
-1
-1
-1
-1
-1
-1
-1
140
-1
-1
-1
-1
-1
123
29
28
12
-1
13
20
153
-1
-1
-1
-1
-1
-1
-1
-1
132
-1
-1
-1
-1
-1
123
30
31
14
-1
13
22
152
-1
-1
-1
-1
-1
-1
-1
-1
-1
-1
-1
-1
-1
-1
179
29
26
14
-1
12
246
-1
-1
-1
-1
-1
-1
165
-1
-1
-1
-1
-1
-1
-1
-1
149
28
25
12
4
9
120
-1
-1
-1
-1
-1
-1
116
-1
70
-1
-1
-1
-1
-1
-1
133
28
21
13
5
9
117
-1
-1
-1
-1
-1
113
-1
-1
74
-1
-1
-1
-1
-1
-1
-1
153
21
-1
18
9
109
-1
-1
-1
-1
-1
148
-1
-1
68
-1
-1
-1
-1
-1
-1
147
-1
-1
-1
44
84
-1
-1
-1
-1
-1
-1
136
65
-1
-1
-1
-1
-1
-1
-1
-1
172
-1
-1
-1
40
86
-1
-1
-1
-1
-1
-1
129
21
46
-1
-1
-1
-1
-1
-1
-1
175
-1
-1
35
5
93
-1
-1
-1
-1
-1
-1
136
24
46
-1
-1
-1
-1
-1
-1
-1
180
-1
-1
37
6
87
-1
-1
-1
-1
-1
-1
131
22
47
-1
-1
-1
-1
-1
-1
151
-1
-1
-1
64
89
-1
-1
-1
-1
-1
-1
-1
131
22
48
-1
-1
-1
-1
-1
-1
140
-1
-1
-1
66
92
-1
-1
-1
-1
-1
-1
-1
135
22
28
-1
-1
-1
-1
73
31
64
-1
-1
46
19
92
-1
-1
-1
-1
-1
-1
137
33
45
-1
-1
-1
-1
-1
80
65
-1
-1
-1
80
17
62
-1
-1
-1
-1
-1
-1
127
29
50
-1
-1
-1
-1
54
31
70
-1
-1
-1
84
17
59
-1
-1
-1
-1
-1
-1
129
-1
74
-1
-1
-1
-1
50
31
-1
96
-1
-1
52
85
-1
-1
-1
-1
-1
-1
-1
-1
163
45
-1
-1
-1
-1
50
30
64
-1
-1
-1
78
79
-1
-1
-1
-1
-1
127
-1
-1
110
-1
-1
-1
-1
30
30
32
64
-1
-1
57
21
50
-1
-1
-1
-1
-1
72
-1
-1
109
-1
-1
-1
-1
30
30
34
64
-1
-1
59
21
26
-1
-1
-1
88
30
35
-1
122
-1
-1
-1
-1
-1
50
30
31
66
-1
-1
-1
114
-1
-1
-1
-1
64
62
-1
-1
118
-1
-1
-1
-1
-1
56
34
70
-1
-1
-1
90
43
-1
-1
-1
-1
66
-1
-1
-1
119
-1
-1
-1
-1
121
-1
-1
-1
-1
-1
-1
129
47
-1
-1
-1
-1
128
-1
-1
-1
122
-1
-1
-1
-1
91
-1
-1
-1
-1
126
-1
-1
72
-1
-1
-1
-1
131
-1
-1
-1
-1
-1
-1
-1
-1
144
-1
-1
-1
-1
129
-1
-1
71
-1
-1
-1
40
160
-1
-1
-1
-1
-1
-1
-1
-1
152
-1
-1
-1
-1
183
-1
-1
-1
-1
-1
-1
227
-1
-1
-1
-1
-1
-1
-1
-1
149
-1
-1
-1
-1
-1
215
-1
-1
-1
-1
-1
-1
198
-1
-1
-1
-1
-1
-1
-1
-1
281
-1
-1
-1
-1
-1
-1
-1
-1
-1
-1
-1
-1
274
-1
-1
-1
-1
-1
-1
-1
-1
562
-1
-1
-1
-1
-1
-1
-1
-1
-1
-1
-1
-1
-1
-1
-1
-1
-1
-1
-1
-1
-1
255
-1
-1
-1
-1
-1
-1
-1
-1
-1
-1
-1
306
-1
-1
-1
-1
-1
-1
-1
-1
-1
251
-1
-1
-1
-1
-1
-1
-1
-1
-1
-1
-1
309
-1
-1
247
-1
-1
-1
-1
-1
315
-1
-1
-1
-1
-1
-1
-1
-1
-1
-1
-1
-1
-1
-1
-1
239
-1
-1
-1
-1
-1
311
-1
-1
-1
-1
-1
-1
-1
-1
-1
-1
-1
-1
-1
-1
-1
243
-1
-1
-1
-1
-1
307
-1
-1
-1
-1
-1
-1
-1
-1
-1
-1
-1
-1
-1
-1
-1
-1
-1
-1
-1
-1
-1
554
-1
-1
-1
-1
-1
-1
-1
-1
-1
-1
-1
-1
-1
-1
-1
-1
-1
-1
-1
-1
273
276
-1
-1
-1
-1
-1
-1
-1
-1
-1
-1
-1
-1
-1
-1
-1
-1
-1
-1
-1
-1
546
-1
-1
-1
-1
-1
-1
-1
-1
-1
-1
-1
-1
-1
-1
-1
-1
-1
-1
-1
-1
-1
547
-1
-1
-1
-1
-1
-1
-1
-1
-1
-1
-1
-1
-1
-1
-1
-1
-1
-1
-1
-1
-1
521
-1
-1
-1
-1
-1
-1
-1
-1
-1
-1
-1
-1
-1
-1
-1
-1
-1
-1
-1
-1
264
-1
-1
-1
-1
-1
-1
-1
-1
-1
-1
-1
-1
251
-1
-1
-1
-1
120
-1
-1
-1
199
-1
-1
-1
-1
-1
-1
-1
-1
-1
-1
-1
-1
209
-1
-1
-1
-1
66
-1
-1
-1
273
-1
-1
-1
-1
-1
-1
-1
-1
-1
-1
-1
-1
-1
-1
-1
-1
180
66
-1
-1
66
94
-1
-1
-1
-1
-1
-1
-1
-1
-1
-1
-1
216
-1
-1
-1
44
26
63
-1
-1
65
96
-1
-1
-1
-1
-1
-1
-1
-1
-1
-1
178
26
-1
-1
-1
46
27
63
-1
-1
68
94
-1
-1
-1
-1
-1
-1
-1
-1
-1
-1
185
27
-1
-1
-1
47
27
64
-1
-1
71
98
-1
-1
-1
-1
-1
-1
-1
-1
-1
-1
184
26
-1
-1
22
23
27
63
-1
-1
137
-1
-1
-1
-1
-1
-1
-1
-1
-1
-1
-1
228
-1
-1
-1
32
21
30
-1
-1
63
100
-1
-1
-1
-1
-1
-1
-1
-1
-1
-1
-1
220
-1
-1
13
17
21
61
34
31
-1
130
-1
-1
-1
-1
-1
-1
-1
-1
-1
-1
-1
218
-1
-1
-1
28
23
27
32
34
-1
180
-1
-1
-1
-1
-1
-1
-1
-1
-1
-1
-1
-1
-1
-1
173
13
24
28
37
31
32
159
-1
-1
-1
-1
-1
-1
-1
-1
-1
-1
-1
-1
-1
-1
186
17
22
28
34
-1
136
-1
-1
-1
-1
-1
-1
-1
108
-1
-1
132
-1
-1
-1
-1
34
13
21
31
