-1
-1
30
5
13
54
-1
-1
179
-1
-1
-1
-1
-1
-1
-1
-1
103
-1
-1
124
-1
-1
-1
89
6
13
58
-1
-1
152
-1
-1
-1
-1
-1
-1
-1
63
134
-1
-1
-1
-1
-1
-1
56
4
14
183
-1
-1
-1
-1
-1
-1
-1
-1
-1
-1
93
30
129
-1
-1
-1
-1
-1
58
4
14
187
-1
-1
-1
-1
-1
-1
-1
-1
-1
-1
93
31
122
-1
-1
-1
-1
-1
58
4
200
-1
-1
-1
-1
-1
-1
-1
-1
-1
-1
-1
-1
136
123
-1
-1
-1
-1
-1
89
3
172
-1
-1
-1
-1
-1
-1
-1
-1
-1
-1
-1
118
125
-1
-1
-1
-1
-1
19
11
4
186
-1
-1
-1
-1
-1
-1
-1
-1
-1
-1
-1
146
61
-1
-1
-1
122
-1
23
11
3
55
-1
-1
-1
179
-1
-1
-1
-1
-1
-1
-1
82
61
-1
-1
-1
127
-1
21
12
3
54
-1
-1
-1
185
-1
-1
-1
-1
-1
-1
-1
88
-1
98
-1
-1
96
-1
21
13
6
56
-1
-1
-1
182
-1
-1
-1
-1
-1
-1
-1
92
-1
93
-1
-1
92
64
25
12
33
-1
-1
-1
206
-1
-1
-1
-1
-1
-1
-1
-1
96
-1
127
-1
-1
-1
91
23
14
13
-1
51
-1
181
-1
-1
-1
-1
-1
-1
-1
-1
-1
190
-1
-1
-1
-1
92
22
12
15
-1
222
-1
-1
-1
-1
-1
-1
-1
-1
-1
-1
216
-1
-1
-1
-1
-1
95
22
12
13
-1
219
-1
-1
-1
-1
-1
-1
-1
-1
-1
-1
227
-1
-1
-1
-1
-1
100
26
12
15
22
156
-1
-1
-1
-1
-1
-1
-1
-1
-1
132
119
-1
-1
-1
-1
-1
30
22
5
-1
36
152
-1
-1
-1
-1
-1
-1
-1
-1
-1
120
93
-1
-1
-1
-1
96
28
23
2
-1
37
156
-1
-1
-1
-1
-1
-1
-1
-1
-1
182
-1
-1
-1
-1
-1
121
29
26
3
-1
35
157
-1
-1
-1
-1
-1
-1
-1
-1
-1
182
-1
-1
-1
-1
-1
123
30
21
2
12
20
154
-1
-1
-1
-1
-1
-1
-1
-1
98
77
-1
-1
-1
-1
-1
125
32
19
3
11
23
163
-1
-1
-1
-1
-1
-1
-1
-1
180
-1
-1
-1
-1
-1
-1
127
29
15
-1
12
19
162
-1
-1
-1
-1
-1
-1
-1
-1
138
-1
-1
-1
-1
-1
126
29
28
12
-1
12
19
155
-1
-1
-1
-1
-1
-1
-1
-1
130
-1
-1
-1
-1
-1
136
30
28
13
-1
12
113
-1
-1
-1
-1
-1
-1
167
-1
-1
-1
-1
-1
-1
-1
-1
159
30
22
13
3
10
113
-1
-1
-1
-1
-1
-1
163
-1
-1
-1
-1
-1
-1
-1
-1
149
29
21
-1
18
9
77
-1
-1
-1
-1
-1
124
22
-1
66
-1
-1
-1
-1
-1
-1
124
29
-1
-1
136
89
-1
-1
-1
-1
-1
-1
150
-1
-1
126
-1
-1
-1
-1
-1
-1
-1
-1
-1
-1
18
94
-1
-1
-1
-1
-1
-1
137
21
-1
69
-1
-1
-1
-1
-1
-1
172
-1
-1
-1
21
85
-1
-1
-1
-1
-1
-1
133
72
-1
-1
-1
-1
-1
-1
-1
-1
206
-1
-1
36
6
85
-1
-1
-1
-1
-1
-1
129
23
44
-1
-1
-1
-1
-1
-1
-1
174
-1
-1
38
60
-1
-1
-1
-1
-1
-1
-1
158
21
44
-1
-1
-1
-1
-1
-1
-1
168
-1
-1
36
65
-1
-1
-1
-1
-1
-1
-1
164
22
47
-1
-1
-1
-1
-1
-1
170
-1
-1
-1
38
61
-1
-1
-1
-1
-1
-1
-1
165
24
47
-1
-1
-1
-1
-1
-1
176
-1
-1
50
17
59
-1
-1
-1
-1
-1
-1
-1
161
44
-1
-1
-1
-1
-1
83
93
-1
-1
-1
51
16
61
-1
-1
-1
-1
-1
-1
134
31
46
-1
-1
-1
-1
49
27
94
-1
-1
-1
77
53
-1
-1
-1
-1
-1
-1
-1
162
30
43
-1
-1
-1
-1
53
87
-1
-1
-1
-1
47
48
-1
-1
-1
-1
-1
-1
-1
165
-1
79
-1
-1
-1
-1
49
30
-1
98
-1
-1
21
74
-1
-1
-1
-1
-1
-1
-1
-1
161
46
-1
-1
-1
29
11
31
66
-1
-1
62
26
34
-1
-1
-1
-1
-1
151
-1
-1
101
-1
-1
-1
-1
30
27
31
73
-1
-1
59
70
-1
-1
-1
-1
57
-1
100
-1
-1
99
-1
-1
-1
-1
31
34
31
98
-1
-1
-1
70
-1
-1
-1
-1
60
66
-1
-1
119
-1
-1
-1
-1
-1
57
30
31
97
-1
-1
-1
48
-1
-1
-1
-1
67
62
-1
-1
128
-1
-1
-1
-1
31
-1
54
69
-1
-1
-1
88
49
-1
-1
-1
-1
93
-1
-1
-1
156
-1
-1
-1
-1
120
-1
-1
-1
-1
-1
-1
126
75
-1
-1
-1
-1
203
-1
-1
-1
-1
-1
-1
-1
-1
147
-1
-1
-1
-1
130
-1
-1
68
-1
-1
-1
171
-1
-1
-1
-1
-1
-1
-1
-1
-1
182
-1
-1
-1
-1
132
-1
-1
-1
-1
-1
-1
189
-1
-1
-1
-1
-1
-1
-1
-1
-1
178
-1
-1
-1
-1
182
-1
-1
-1
-1
-1
-1
277
-1
-1
-1
-1
-1
-1
-1
-1
277
-1
-1
-1
-1
-1
-1
-1
-1
-1
-1
-1
-1
278
-1
-1
-1
-1
-1
-1
-1
-1
288
-1
-1
-1
-1
-1
-1
-1
-1
-1
-1
-1
242
-1
-1
-1
-1
-1
-1
-1
-1
-1
318
-1
-1
-1
-1
-1
-1
-1
-1
-1
-1
-1
240
-1
-1
-1
-1
-1
-1
-1
-1
-1
319
-1
-1
-1
-1
-1
-1
-1
-1
-1
-1
-1
155
-1
-1
163
-1
-1
-1
-1
-1
-1
246
-1
-1
-1
-1
-1
-1
-1
-1
-1
-1
-1
-1
-1
-1
238
-1
-1
-1
-1
-1
317
-1
-1
-1
-1
-1
-1
-1
-1
-1
-1
-1
-1
-1
-1
-1
246
-1
-1
-1
-1
-1
315
-1
-1
-1
-1
-1
-1
-1
-1
-1
-1
-1
-1
-1
-1
-1
253
-1
-1
-1
-1
-1
311
-1
-1
-1
-1
-1
-1
-1
-1
-1
-1
-1
-1
-1
-1
-1
-1
-1
-1
-1
-1
-1
542
-1
-1
-1
-1
-1
-1
-1
-1
-1
-1
-1
-1
-1
-1
-1
-1
-1
-1
-1
-1
265
274
-1
-1
-1
-1
-1
-1
-1
-1
-1
-1
-1
-1
-1
-1
-1
-1
-1
-1
-1
-1
544
-1
-1
-1
-1
-1
-1
-1
-1
-1
-1
-1
-1
-1
-1
-1
-1
-1
-1
-1
-1
-1
530
-1
-1
-1
-1
-1
-1
-1
-1
-1
-1
-1
-1
-1
-1
-1
-1
-1
-1
-1
-1
-1
536
-1
-1
-1
-1
-1
-1
-1
-1
-1
-1
-1
263
-1
-1
-1
-1
-1
-1
-1
-1
275
-1
-1
-1
-1
-1
-1
-1
-1
-1
-1
-1
-1
-1
-1
-1
-1
183
62
-1
-1
-1
269
-1
-1
-1
-1
-1
-1
-1
-1
-1
-1
-1
189
-1
-1
-1
-1
65
62
-1
-1
-1
211
-1
-1
-1
-1
-1
-1
-1
-1
-1
-1
-1
182
-1
-1
-1
49
27
62
-1
-1
68
130
-1
-1
-1
-1
-1
-1
-1
-1
-1
-1
-1
25
-1
-1
-1
46
30
65
-1
-1
73
100
-1
-1
-1
-1
-1
-1
-1
-1
-1
-1
180
26
-1
-1
22
21
26
65
-1
-1
74
95
-1
-1
-1
-1
-1
-1
-1
-1
-1
-1
182
26
-1
-1
25
21
26
66
-1
-1
65
93
-1
-1
-1
-1
-1
-1
-1
-1
-1
-1
187
-1
-1
-1
22
24
26
32
-1
64
100
-1
-1
-1
-1
-1
-1
-1
-1
-1
-1
-1
234
-1
-1
13
15
24
26
31
-1
67
106
-1
-1
-1
-1
-1
-1
-1
-1
-1
-1
-1
221
-1
-1
15
17
22
27
33
34
-1
135
-1
-1
-1
-1
-1
-1
-1
-1
-1
-1
-1
221
-1
-1
187
15
21
28
38
30
32
144
-1
-1
-1
-1
-1
-1
-1
-1
-1
-1
-1
-1
-1
-1
182
13
23
27
36
-1
63
144
-1
-1
-1
-1
-1
-1
-1
-1
-1
-1
-1
-1
-1
-1
32
14
24
-1
64
-1
134
-1
-1
-1
-1
-1
-1
-1
105
-1
-1
121
-1
-1
-1
-1
32
15
47
-1
-1
69
113
-1
-1
-1
-1
-1
-1
-1
103
-1
-1
120
-1
-1
