580
0
0
0
0
0
0
0
0
1721
4
5
0
0
0
0
3764
0
0
0
0
363
627
0
0
0
0
0
0
0
0
0
0
6
0
0
0
0
3736
0
0
0
0
0
1660
0
0
0
0
0
0
0
0
0
0
0
0
0
0
1944
3852
0
0
0
0
0
0
0
0
0
0
0
0
0
0
0
0
0
0
0
0
2663
3899
0
0
0
0
0
0
0
0
0
0
0
0
0
782
0
0
0
0
0
0
3659
0
0
0
0
0
0
0
0
0
0
0
0
0
0
0
0
0
0
0
0
1408
3826
0
0
0
0
0
0
0
0
0
0
0
0
0
0
0
0
0
0
0
0
2089
3888
0
0
0
0
0
0
0
0
0
0
0
0
0
0
1232
0
0
0
0
-1204
2378
3863
0
0
0
0
0
0
572
0
0
0
0
0
0
0
0
0
0
0
0
-5730
2987
3868
0
0
0
0
0
0
1179
0
0
0
0
0
0
0
0
0
0
0
0
8819
0
0
0
0
0
0
543
2367
0
0
0
0
0
0
0
0
0
0
0
0
0
0
0
0
0
0
0
0
467
1078
0
0
0
0
0
0
0
0
0
0
0
0
0
0
0
0
0
0
0
0
0
603
0
0
0
0
0
0
0
0
0
0
0
0
0
0
3314
0
0
0
0
0
501
0
0
0
0
0
0
0
0
0
0
0
0
0
0
2132
0
0
0
0
0
0
0
0
0
0
0
0
0
0
0
0
0
0
0
0
0
2157
0
0
0
0
0
0
0
0
0
0
0
0
0
0
0
0
0
0
0
0
0
2056
0
0
0
0
0
0
0
0
0
0
0
0
0
0
0
0
0
0
0
0
0
2114
0
0
0
0
0
0
0
0
0
0
0
0
0
0
0
0
0
0
0
0
0
2124
0
0
0
0
0
0
0
0
0
0
0
0
0
0
0
0
0
0
0
0
0
0
0
0
0
0
0
0
0
0
0
0
0
0
0
0
0
0
0
0
0
0
0
0
0
0
0
0
0
0
0
0
0
0
0
0
0
0
0
0
0
0
0
0
316
0
0
0
0
0
0
0
0
0
0
0
0
0
0
0
0
0
0
0
0
0
539
0
0
0
0
0
0
0
0
0
0
0
0
0
103
103
0
0
0
0
0
0
547
0
0
0
0
0
0
0
0
0
0
0
0
0
123
123
0
0
0
0
0
0
0
0
0
0
0
0
0
0
0
0
0
0
0
0
0
0
0
0
0
0
0
0
0
0
0
0
0
0
0
0
0
0
0
0
0
0
0
0
0
0
0
0
0
0
0
0
0
0
0
0
0
0
0
0
0
0
0
0
0
0
0
0
0
0
0
0
0
0
0
0
0
0
0
0
0
0
0
0
0
0
0
0
0
0
0
0
0
0
0
0
0
0
0
0
0
0
0
0
0
1
0
0
0
0
0
0
0
0
0
0
66
0
0
358
0
0
0
0
0
0
2
2
0
0
0
0
0
0
0
0
0
11
0
0
0
419
0
0
0
0
0
0
3
1296
0
0
0
0
0
0
0
0
0
159
0
0
0
403
0
0
0
0
0
0
2
1527
0
0
0
0
0
0
0
0
44
194
0
0
523
0
0
0
0
0
0
0
6
1427
0
0
0
0
0
0
0
0
68
0
0
0
530
0
0
0
0
0
0
0
4
1376
0
0
0
0
0
0
0
0
296
0
0
0
589
0
0
0
0
0
0
0
155
1492
0
0
0
0
0
0
0
0
0
0
0
507
0
0
0
0
0
0
0
153
746
0
0
0
0
0
0
0
0
0
0
0
0
513
0
0
0
0
0
0
0
744
437
0
0
0
0
0
0
0
0
0
0
0
0
527
0
0
0
0
0
0
0
436
1
0
0
0
0
0
0
0
0
0
0
0
0
610
0
0
0
0
0
0
0
0
0
0
0
0
0
0
0
0
0
0
0
0
0
502
0
0
0
0
0
0
0
0
0
0
0
0
0
0
0
0
0
0
0
0
0
487
0
0
0
0
0
0
0
0
0
0
0
0
0
0
0
0
0
0
0
0
0
539
0
0
0
0
0
0
0
0
0
0
0
0
0
0
0
0
0
0
0
0
0
511
0
0
0
0
0
0
0
0
0
0
0
0
0
0
0
0
0
0
0
0
0
418
0
0
0
0
0
0
0
0
0
0
0
0
0
0
0
0
0
0
0
201
609
0
0
0
0
0
0
0
0
0
0
0
0
0
0
0
0
0
0
0
0
0
0
0
0
0
0
0
0
0
0
0
0
0
0
0
0
0
0
0
0
0
0
0
0
0
0
0
0
0
0
0
0
0
0
0
0
0
0
0
0
0
0
0
0
0
0
0
0
0
0
0
0
0
0
0
0
0
0
0
0
0
0
0
0
0
0
0
0
0
0
0
0
0
0
0
0
0
0
0
0
0
0
0
0
0
0
0
0
0
0
0
0
0
0
0
0
0
0
0
0
0
0
0
0
0
0
0
0
0
0
0
0
0
0
0
0
0
0
0
0
0
0
0
0
0
0
0
0
0
0
0
0
0
0
0
0
0
0
0
0
0
-1363
0
0
0
0
0
0
0
0
0
0
0
0
0
0
0
0
1
1
0
0
0
-6457
0
0
0
0
0
0
0
0
0
0
0
0
0
0
0
0
0
0
0
0
0
10427
0
0
0
0
0
0
0
0
0
0
0
0
0
0
0
0
0
0
0
0
1599
0
0
0
0
0
0
0
0
0
0
0
0
0
0
0
0
0
0
0
0
444
2318
0
0
0
0
0
0
0
0
0
0
0
0
0
0
0
0
0
0
0
0
0
0
0
0
0
0
0
0
0
0
0
0
0
0
0
0
0
0
0
0
0
0
0
0
0
0
0
0
0
0
0
0
0
0
0
0
0
0
0
0
0
0
0
0
0
0
0
0
0
0
0
0
0
0
0
0
0
0
0
0
0
0
0
0
0
0
-5223
-8016
-6156
0
0
0
0
0
0
0
0
0
0
0
0
0
0
0
0
0
0
0
-4575
-7559
-4995
0
0
0
0
0
0
0
0
0
0
0
0
0
0
0
1
0
0
0
-5639
-7494
-3727
0
0
0
0
0
0
0
0
0
0
0
0
0
0
0
0
0
0
0
19453
26659
22014
0
0
18
0
0
0
0
0
0
0
0
0
0
0
0
0
0
0
0
1580
0
0
0
0
95
0
0
0
0
0
0
0
0
0
0
0
0
0
0
0
1988
0
0
0
0
114
0
0
0
0
0
0
0
0
0
0
3
3
3
0
0
0
1964
0
0
0
0
0
0
0
0
0
0
0
0
0
0
2
9
33
0
0
0
0
2276
0
0
0
0
169
0
0
0
0
0
0
0
0
0
6
12
120
0
0
0
1319
0
0
0
0
0
0
0
0
0
0
0
0
0
0
0
3
9
67
0
0
0
1459
0
0
0
0
232
0
0
0
0
0
0
0
0
0
0
2
563
563
0
0
0
1754
0
0
0
0
206
0
0
0
0
0
0
0
0
0
0
3
377
377
0
0
0
0
0
0
0
0
200
0
0
0
0
0
0
0
0
0
0
3
3
0
0
0
2979
0
0
0
0
0
0
0
0
0
0
0
0
0
0
0
0
0
0
0
0
0
3523
0
0
0
0
0
0
