-1
-1
-1
12
26
94
29
-1
-1
29
-1
-1
-1
-1
-1
-1
-1
-1
41
-1
-1
-1
-1
-1
-1
11
88
53
16
-1
-1
42
-1
-1
-1
-1
-1
-1
-1
15
30
-1
-1
-1
-1
-1
-1
14
13
23
-1
-1
-1
-1
-1
-1
-1
-1
-1
-1
-1
29
54
28
-1
-1
-1
-1
-1
43
6
26
-1
-1
-1
-1
-1
-1
-1
-1
-1
-1
-1
80
82
60
-1
-1
-1
-1
-1
41
18
25
-1
-1
-1
-1
-1
-1
-1
-1
-1
-1
-1
-1
53
-1
-1
-1
-1
-1
-1
44
66
22
-1
-1
-1
-1
-1
-1
-1
-1
-1
-1
-1
28
31
-1
-1
-1
30
-1
54
12
80
27
-1
-1
-1
-1
-1
-1
-1
-1
-1
-1
-1
26
23
-1
-1
-1
33
-1
87
12
13
52
-1
-1
-1
10
-1
-1
-1
-1
-1
-1
-1
56
38
-1
-1
-1
58
-1
68
50
15
32
-1
-1
-1
85
-1
-1
-1
-1
-1
-1
-1
25
-1
-1
-1
-1
-1
-1
51
53
13
24
-1
-1
66
-1
-1
-1
-1
-1
-1
-1
-1
-1
-1
-1
-1
29
-1
28
37
40
142
-1
105
-1
89
-1
-1
-1
-1
-1
-1
-1
19
-1
-1
-1
-1
30
-1
69
48
37
15
-1
32
-1
-1
-1
-1
-1
-1
-1
-1
-1
3
12
34
-1
-1
-1
-1
128
20
2
-1
-1
30
-1
-1
-1
-1
-1
-1
-1
-1
-1
-1
51
-1
-1
-1
-1
-1
31
20
54
32
-1
40
-1
-1
-1
-1
-1
-1
-1
-1
-1
-1
39
-1
-1
-1
-1
29
51
36
2
-1
51
30
-1
-1
-1
-1
-1
-1
-1
-1
-1
3
-1
-1
-1
-1
-1
30
28
12
3
-1
19
31
-1
-1
-1
-1
-1
-1
-1
-1
-1
18
-1
-1
-1
-1
-1
30
27
13
3
-1
36
47
-1
-1
-1
-1
-1
-1
-1
-1
-1
17
-1
-1
-1
-1
-1
39
21
13
-1
-1
20
55
-1
-1
-1
-1
-1
-1
-1
-1
-1
3
-1
-1
-1
-1
-1
46
21
14
-1
-1
73
50
-1
-1
-1
-1
-1
-1
-1
-1
16
-1
-1
-1
-1
-1
-1
30
38
15
-1
-1
51
5
-1
-1
-1
-1
-1
-1
-1
-1
-1
-1
-1
-1
-1
-1
13
32
21
23
-1
8
21
2
-1
-1
-1
-1
-1
-1
-1
-1
35
-1
-1
-1
-1
-1
13
27
22
14
-1
13
79
-1
-1
-1
-1
-1
-1
-1
-1
-1
-1
-1
-1
-1
-1
-1
40
26
26
13
-1
6
18
-1
-1
-1
-1
-1
-1
13
-1
-1
-1
-1
-1
-1
-1
-1
71
27
36
13
-1
13
20
-1
-1
-1
-1
-1
-1
22
-1
14
-1
-1
-1
-1
-1
-1
75
55
15
-1
-1
42
20
-1
-1
-1
-1
-1
14
-1
-1
-1
-1
-1
-1
-1
-1
-1
44
-1
29
-1
5
9
-1
-1
-1
-1
-1
-1
24
-1
-1
88
-1
-1
-1
-1
-1
-1
29
-1
-1
-1
19
4
-1
-1
-1
-1
-1
-1
52
48
-1
-1
-1
-1
-1
-1
-1
-1
25
-1
-1
-1
7
2
-1
-1
-1
-1
-1
-1
55
22
-1
-1
-1
-1
-1
-1
-1
-1
117
-1
-1
40
57
3
-1
-1
-1
-1
-1
-1
31
121
33
-1
-1
-1
-1
-1
-1
-1
-1
-1
-1
64
6
-1
-1
-1
-1
-1
-1
-1
102
26
23
-1
-1
-1
-1
-1
-1
-1
-1
-1
-1
18
5
-1
-1
-1
-1
-1
-1
-1
31
18
-1
-1
-1
-1
-1
-1
-1
35
-1
-1
27
18
3
-1
-1
-1
-1
-1
-1
-1
30
10
10
-1
-1
-1
-1
15
-1
47
-1
-1
26
17
5
-1
-1
-1
-1
-1
-1
35
37
44
-1
-1
-1
-1
-1
31
35
-1
-1
-1
96
18
22
-1
-1
-1
-1
-1
-1
32
-1
25
-1
-1
-1
-1
31
65
35
-1
-1
-1
49
41
-1
-1
-1
-1
-1
-1
-1
34
30
52
-1
-1
-1
-1
12
-1
-1
-1
-1
-1
24
47
-1
-1
-1
-1
-1
-1
-1
32
-1
-1
-1
-1
-1
-1
20
32
39
-1
-1
29
30
42
-1
-1
-1
-1
-1
5
-1
-1
32
-1
-1
-1
-1
21
-1
30
36
-1
-1
26
22
21
-1
-1
-1
-1
-1
14
-1
-1
-1
-1
-1
-1
-1
25
34
41
34
-1
-1
71
49
-1
-1
-1
-1
28
-1
-1
-1
-1
48
-1
-1
-1
-1
-1
56
72
6
-1
-1
28
67
-1
-1
-1
-1
51
32
-1
-1
-1
-1
-1
-1
-1
-1
31
62
30
-1
-1
-1
26
19
-1
-1
-1
-1
20
17
-1
-1
31
-1
-1
-1
-1
-1
-1
30
-1
-1
-1
-1
-1
2
-1
-1
-1
-1
18
-1
-1
-1
-1
-1
-1
-1
-1
7
-1
-1
-1
-1
-1
-1
-1
4
-1
-1
-1
52
40
-1
-1
-1
-1
-1
-1
-1
-1
87
-1
-1
-1
-1
32
-1
-1
-1
-1
-1
-1
58
-1
-1
-1
-1
-1
-1
-1
-1
-1
-1
-1
-1
-1
-1
31
-1
-1
-1
-1
-1
-1
44
-1
-1
-1
-1
-1
-1
-1
-1
-1
4
-1
-1
-1
-1
52
-1
-1
-1
-1
-1
-1
26
-1
-1
-1
-1
-1
-1
-1
-1
-1
-1
-1
-1
-1
-1
-1
-1
-1
-1
-1
-1
-1
-1
-1
-1
-1
-1
-1
-1
-1
-1
2
-1
-1
-1
-1
-1
-1
-1
-1
-1
-1
-1
-1
-1
-1
-1
-1
-1
-1
-1
-1
-1
31
-1
-1
-1
-1
-1
-1
-1
-1
-1
-1
-1
63
-1
-1
-1
-1
-1
-1
-1
-1
-1
-1
-1
-1
-1
-1
-1
-1
-1
-1
-1
-1
-1
64
-1
-1
29
-1
-1
-1
-1
-1
-1
61
-1
-1
-1
-1
-1
-1
-1
-1
-1
-1
-1
-1
-1
-1
25
-1
-1
-1
-1
-1
32
-1
-1
-1
-1
-1
-1
-1
-1
-1
-1
-1
-1
-1
-1
-1
29
-1
-1
-1
-1
-1
3
-1
-1
-1
-1
-1
-1
-1
-1
-1
-1
-1
-1
-1
-1
-1
70
-1
-1
-1
-1
-1
23
-1
-1
-1
-1
-1
-1
-1
-1
-1
-1
-1
-1
-1
-1
-1
-1
-1
-1
-1
-1
-1
-1
-1
-1
-1
-1
-1
-1
-1
-1
-1
-1
-1
-1
-1
-1
-1
-1
-1
-1
-1
-1
-1
-1
-1
-1
-1
-1
-1
-1
-1
-1
-1
-1
-1
-1
-1
-1
-1
-1
-1
-1
-1
-1
7
-1
-1
-1
-1
-1
-1
-1
-1
-1
-1
-1
-1
-1
-1
-1
-1
-1
-1
-1
-1
-1
-1
-1
-1
-1
-1
-1
-1
-1
-1
-1
-1
-1
-1
-1
-1
-1
-1
-1
-1
-1
-1
-1
-1
-1
-1
-1
-1
-1
-1
-1
-1
-1
-1
-1
-1
-1
-1
-1
-1
-1
-1
-1
-1
10
-1
-1
-1
-1
-1
-1
-1
-1
-1
-1
-1
-1
-1
-1
-1
-1
26
32
-1
-1
-1
-1
-1
-1
-1
-1
-1
-1
-1
-1
-1
-1
-1
3
-1
-1
-1
23
26
32
-1
-1
6
-1
-1
-1
-1
-1
-1
-1
-1
-1
-1
-1
-1
3
-1
-1
-1
22
29
34
-1
-1
5
-1
-1
-1
-1
-1
-1
-1
-1
-1
-1
-1
-1
3
-1
-1
-1
22
26
31
-1
-1
-1
-1
-1
-1
-1
-1
-1
-1
-1
-1
-1
-1
27
-1
-1
-1
13
22
28
21
-1
-1
-1
-1
-1
-1
-1
-1
-1
-1
-1
-1
-1
-1
28
-1
-1
-1
15
24
30
21
-1
-1
-1
-1
-1
-1
-1
-1
-1
-1
-1
-1
-1
-1
28
-1
-1
5
14
22
27
-1
-1
34
26
-1
-1
-1
-1
-1
-1
-1
-1
-1
-1
-1
5
-1
-1
-1
13
23
30
8
30
-1
34
-1
-1
-1
-1
-1
-1
-1
-1
-1
-1
-1
-1
-1
-1
5
14
28
29
10
30
-1
30
-1
-1
-1
-1
-1
-1
-1
-1
-1
-1
-1
-1
-1
-1
4
14
29
30
6
30
30
24
-1
-1
-1
-1
-1
-1
-1
-1
-1
-1
-1
-1
-1
-1
4
14
34
32
-1
-1
30
-1
-1
-1
-1
-1
-1
-1
-1
-1
-1
-1
-1
-1
-1
-1
3
15
30
25
-1
-1
30
-1
-1
-1
-1
-1
-1
-1
11
-1
-1
-1
-1
-1
-1
-1
3
17
29
-1
-1
33
-1
-1
-1
-1
-1
-1
-1
-1
31
-1
-1
-1
-1
