0
0
0
4095
1574
3165
0
0
1095
0
0
0
0
0
0
0
0
3274
0
0
1
0
0
0
4095
443
1975
4095
0
0
0
0
0
0
0
0
0
0
0
3322
0
0
0
0
0
0
4095
561
1524
3585
0
0
0
0
0
0
0
0
0
0
968
1745
1661
0
0
0
0
0
4095
439
1543
3066
0
0
0
0
0
0
0
0
0
0
1217
1778
1683
0
0
0
0
0
4095
517
1700
2709
0
0
0
0
0
0
0
0
0
0
0
2868
1667
0
0
0
0
0
4095
458
1454
2115
0
0
0
0
0
0
0
0
0
0
0
2947
0
0
0
0
0
0
4095
438
3457
0
0
0
0
0
0
0
0
0
0
0
1414
1631
0
0
0
0
0
1595
725
517
1989
0
0
0
1473
0
0
0
0
0
0
0
1189
306
0
0
0
4095
0
1809
746
467
1149
0
0
0
1283
0
0
0
0
0
0
0
1165
0
0
0
0
4095
0
1641
817
451
674
0
0
0
1299
0
0
0
0
0
0
0
1277
0
0
0
0
4095
0
4095
737
513
1678
0
0
0
0
0
0
0
0
0
0
0
43
0
0
0
0
0
4095
1777
703
460
0
1832
0
0
0
0
0
0
0
0
0
0
0
0
0
0
0
0
4095
1829
825
561
0
1440
0
0
0
0
0
0
0
0
0
0
231
0
0
0
0
0
4095
1757
802
190
0
1037
0
0
0
0
0
0
0
0
0
0
355
0
0
0
0
0
4095
1611
844
0
0
547
0
0
0
0
0
0
0
0
0
0
182
0
0
0
0
0
4095
1989
910
0
236
495
0
0
0
0
0
0
0
0
0
0
0
0
0
0
0
0
4095
1740
815
0
262
324
0
0
0
0
0
0
0
0
0
0
0
0
0
0
0
4095
4095
1694
816
0
343
148
0
0
0
0
0
0
0
0
0
0
0
0
0
0
0
1098
4095
1899
476
0
466
80
0
0
0
0
0
0
0
0
0
91
0
0
0
0
0
1469
4095
1932
0
0
376
53
0
0
0
0
0
0
0
0
0
0
0
0
0
0
0
1906
4095
1935
0
0
107
0
0
0
0
0
0
0
0
0
180
0
0
0
0
0
0
1616
4095
1918
0
15
21
0
0
0
0
0
0
0
0
0
161
0
0
0
0
0
568
1138
4095
1367
0
185
36
0
0
0
0
0
0
163
0
0
0
0
0
0
0
0
609
4095
4095
400
0
73
56
0
0
0
0
0
0
1101
0
0
0
0
0
0
0
0
256
4095
0
393
0
184
555
0
0
0
0
0
0
1525
0
228
0
0
0
0
0
0
88
4095
0
0
476
278
624
0
0
0
0
0
0
1605
0
304
0
0
0
0
0
0
0
4095
0
0
429
368
0
0
0
0
0
0
3158
0
0
220
0
0
0
0
0
0
72
2335
0
0
546
149
0
0
0
0
0
0
1741
1453
0
108
0
0
0
0
0
0
588
0
0
0
508
142
0
0
0
0
0
0
3132
1403
0
0
0
0
0
0
0
0
957
0
0
978
43
156
0
0
0
0
0
0
3125
1745
0
0
0
0
0
0
0
0
783
0
0
968
130
0
0
0
0
0
0
0
3328
1409
348
0
0
0
0
0
0
1527
0
0
0
924
52
0
0
0
0
0
0
0
3145
0
388
0
0
0
0
0
0
2342
0
0
1024
197
1
0
0
0
0
0
0
0
3152
0
0
0
0
0
0
94
0
3121
0
0
1643
59
0
0
0
0
0
0
0
2143
1436
145
0
0
0
0
0
2166
0
0
0
0
996
222
0
0
0
0
0
0
0
1798
0
325
0
0
0
0
0
0
0
2634
0
0
769
30
0
0
0
0
0
0
0
1414
0
393
0
0
0
0
89
0
1135
1503
0
0
670
167
0
0
0
0
0
0
0
0
0
0
0
0
0
0
0
0
1138
1243
0
0
863
333
0
0
0
0
0
0
0
0
0
0
0
0
0
0
0
1146
1881
0
0
0
577
347
0
0
0
0
0
0
0
0
0
0
0
0
0
53
0
1306
1472
0
0
0
903
0
0
0
0
22
0
0
0
0
0
0
0
0
0
0
0
1057
689
0
0
0
1057
0
0
0
0
98
0
0
0
0
0
0
0
0
0
0
0
817
0
0
0
0
673
0
0
0
0
90
0
0
0
0
0
0
0
0
0
0
0
0
0
0
0
0
0
0
0
0
0
84
0
0
0
0
0
0
0
0
10
0
0
0
0
955
0
0
0
0
0
0
8
0
0
0
0
0
0
0
0
0
8
0
0
0
0
292
0
0
0
0
0
0
10
0
0
0
0
0
0
0
0
0
0
0
0
0
0
384
0
0
0
0
0
0
11
0
0
0
0
0
0
0
0
0
374
0
0
0
0
0
0
0
0
0
0
0
0
0
0
0
0
0
0
0
0
0
0
0
0
0
0
0
0
0
0
0
0
0
0
0
0
0
0
0
0
0
0
15
0
0
0
0
0
0
0
0
0
0
0
0
0
0
0
0
0
0
0
0
0
1
0
0
0
0
0
0
0
0
0
0
0
4095
0
0
0
0
0
0
0
0
0
20
0
0
0
0
0
0
0
0
0
0
0
0
0
0
4095
0
0
0
0
0
0
37
0
0
0
0
0
0
0
0
0
0
0
0
0
0
4095
0
0
0
0
0
47
0
0
0
0
0
0
0
0
0
0
0
0
0
0
0
4095
0
0
0
0
0
136
0
0
0
0
0
0
0
0
0
0
0
0
0
0
0
0
0
0
0
0
0
4095
0
0
0
0
0
0
0
0
0
0
0
0
0
0
0
0
0
0
0
0
0
4095
0
0
0
0
0
0
0
0
0
0
0
0
0
0
0
0
0
0
0
0
4095
0
0
0
0
0
0
0
0
0
0
0
0
0
0
0
0
0
0
0
0
0
4095
0
0
0
0
0
0
0
0
0
0
0
0
0
0
0
0
0
0
0
0
0
4095
0
0
0
0
0
0
0
0
0
0
0
4095
0
0
0
0
0
0
0
0
4095
0
0
0
0
0
0
0
0
0
0
0
0
4095
0
0
0
0
4095
0
0
0
101
0
0
0
0
0
0
0
0
0
0
0
0
13
0
0
0
4095
1146
0
0
0
17
0
0
0
0
0
0
0
0
0
0
0
69
0
0
0
4095
4095
1136
0
0
84
0
0
0
0
0
0
0
0
0
0
0
0
81
0
0
0
4095
4072
1300
0
0
196
0
0
0
0
0
0
0
0
0
0
0
0
74
0
0
0
4095
4095
1241
0
0
0
1767
0
0
0
0
0
0
0
0
0
0
19
0
0
0
4095
3119
4087
1167
0
0
937
1132
0
0
0
0
0
0
0
0
0
0
182
0
0
0
2995
3517
4095
4095
0
1344
879
1088
0
0
0
0
0
0
0
0
0
0
155
0
0
1824
1797
2990
3830
4095
0
1635
2298
0
0
0
0
0
0
0
0
0
0
0
602
0
0
1461
1746
2839
4095
4095
0
1638
1291
0
0
0
0
0
0
0
0
0
0
0
438
0
0
4095
1549
3392
4095
4095
187
0
2500
0
0
0
0
0
0
0
0
0
0
6
0
0
0
2767
1671
3792
4095
2014
0
1652
665
0
0
0
0
0
0
0
0
0
0
1328
0
0
0
2811
1848
3198
4095
0
0
1858
0
0
0
0
0
0
0
1920
0
0
1
0
0
0
0
2928
1538
4095
0
0
0
1585
0
0
0
0
0
0
0
2731
0
0
4
0
0
