31
17
48
-1
-1
-1
181
-1
-1
-1
-1
-1
-1
-1
119
-1
-1
126
-1
-1
-1
-1
54
17
48
-1
-1
62
117
-1
-1
-1
-1
-1
-1
-1
212
-1
-1
-1
-1
-1
-1
-1
5
20
181
-1
-1
-1
-1
-1
-1
-1
-1
-1
-1
-1
221
-1
-1
-1
-1
-1
-1
90
6
17
188
-1
-1
-1
-1
-1
-1
-1
-1
-1
-1
100
29
97
-1
-1
-1
-1
-1
77
5
17
187
-1
-1
-1
-1
-1
-1
-1
-1
-1
-1
97
30
95
-1
-1
-1
-1
-1
84
5
20
178
-1
-1
-1
-1
-1
-1
-1
-1
-1
-1
-1
125
98
-1
-1
-1
-1
-1
85
6
16
174
-1
-1
-1
-1
-1
-1
-1
-1
-1
-1
92
124
-1
-1
-1
-1
-1
-1
85
5
168
-1
-1
-1
-1
-1
-1
-1
-1
-1
-1
-1
125
62
-1
-1
-1
117
-1
-1
26
6
39
-1
-1
-1
184
-1
-1
-1
-1
-1
-1
-1
68
58
-1
-1
-1
98
-1
45
9
5
37
-1
-1
-1
184
-1
-1
-1
-1
-1
-1
-1
65
-1
86
-1
-1
67
-1
50
8
5
35
-1
-1
-1
181
-1
-1
-1
-1
-1
-1
-1
61
-1
86
-1
-1
62
-1
48
8
6
163
-1
-1
-1
-1
-1
-1
-1
-1
-1
-1
-1
118
29
92
-1
-1
-1
-1
76
9
5
-1
193
-1
-1
-1
-1
-1
-1
-1
-1
-1
-1
93
87
-1
-1
-1
-1
90
18
9
5
-1
202
-1
-1
-1
-1
-1
-1
-1
-1
-1
-1
150
-1
-1
-1
-1
-1
120
21
9
5
-1
202
-1
-1
-1
-1
-1
-1
-1
-1
-1
-1
150
-1
-1
-1
-1
-1
132
19
8
4
14
152
-1
-1
-1
-1
-1
-1
-1
-1
-1
99
90
-1
-1
-1
-1
-1
129
19
9
-1
14
157
-1
-1
-1
-1
-1
-1
-1
-1
-1
101
87
-1
-1
-1
-1
-1
120
20
14
-1
15
155
-1
-1
-1
-1
-1
-1
-1
-1
-1
163
-1
-1
-1
-1
-1
123
29
21
14
-1
18
153
-1
-1
-1
-1
-1
-1
-1
-1
-1
168
-1
-1
-1
-1
-1
124
31
19
12
-1
26
159
-1
-1
-1
-1
-1
-1
-1
-1
-1
179
-1
-1
-1
-1
-1
123
31
19
16
3
24
160
-1
-1
-1
-1
-1
-1
-1
-1
170
-1
-1
-1
-1
-1
-1
124
28
23
11
3
22
160
-1
-1
-1
-1
-1
-1
-1
-1
174
-1
-1
-1
-1
-1
-1
137
29
33
-1
8
27
154
-1
-1
-1
-1
-1
-1
-1
-1
155
-1
-1
-1
-1
-1
129
29
30
34
-1
12
114
-1
-1
-1
-1
-1
-1
188
-1
-1
-1
-1
-1
-1
-1
-1
153
29
35
37
-1
13
113
-1
-1
-1
-1
-1
-1
191
-1
-1
-1
-1
-1
-1
-1
-1
148
29
29
37
-1
15
121
-1
-1
-1
-1
-1
-1
121
-1
100
-1
-1
-1
-1
-1
-1
124
29
29
22
12
97
-1
-1
-1
-1
-1
-1
135
28
-1
106
-1
-1
-1
-1
-1
-1
-1
185
-1
-1
34
99
-1
-1
-1
-1
-1
-1
131
27
-1
99
-1
-1
-1
-1
-1
-1
128
62
-1
-1
36
94
-1
-1
-1
-1
-1
-1
124
88
-1
-1
-1
-1
-1
-1
-1
-1
192
-1
-1
-1
56
98
-1
-1
-1
-1
-1
-1
126
26
67
-1
-1
-1
-1
-1
-1
-1
181
-1
-1
-1
53
99
-1
-1
-1
-1
-1
-1
128
27
118
-1
-1
-1
-1
-1
-1
-1
-1
-1
-1
177
3
-1
-1
-1
-1
-1
-1
-1
127
29
58
-1
-1
-1
-1
-1
-1
152
-1
-1
-1
79
94
-1
-1
-1
-1
-1
-1
-1
128
27
32
-1
-1
-1
-1
74
-1
94
-1
-1
-1
83
94
-1
-1
-1
-1
-1
-1
-1
134
28
33
-1
-1
-1
-1
77
-1
94
-1
-1
59
15
94
-1
-1
-1
-1
-1
-1
126
30
46
-1
-1
-1
-1
54
97
-1
-1
-1
-1
95
12
63
-1
-1
-1
-1
-1
-1
123
31
44
-1
-1
-1
-1
55
32
-1
102
-1
-1
58
13
62
-1
-1
-1
-1
-1
-1
124
-1
74
-1
-1
-1
-1
56
30
30
64
-1
-1
50
75
-1
-1
-1
-1
-1
121
-1
-1
-1
99
-1
-1
-1
-1
51
30
30
63
-1
-1
50
47
-1
-1
-1
-1
-1
122
-1
-1
99
-1
-1
-1
-1
30
25
30
60
-1
-1
-1
89
47
-1
-1
-1
54
-1
166
-1
-1
-1
-1
-1
-1
-1
64
25
30
60
-1
-1
-1
79
26
-1
-1
-1
84
-1
-1
-1
160
-1
-1
-1
-1
-1
47
29
94
-1
-1
-1
-1
100
-1
-1
-1
-1
85
-1
-1
-1
154
-1
-1
-1
-1
-1
44
26
93
-1
-1
-1
-1
93
-1
-1
-1
-1
85
-1
-1
-1
151
-1
-1
-1
-1
97
-1
-1
-1
-1
-1
-1
-1
161
-1
-1
-1
-1
188
-1
-1
-1
-1
-1
-1
-1
-1
125
-1
-1
-1
-1
118
-1
-1
68
-1
-1
-1
27
165
-1
-1
-1
-1
-1
-1
-1
-1
126
-1
-1
-1
-1
121
-1
-1
71
-1
-1
-1
179
-1
-1
-1
-1
-1
-1
-1
-1
-1
159
-1
-1
-1
-1
174
-1
-1
-1
-1
-1
-1
231
-1
-1
-1
-1
-1
-1
-1
-1
-1
278
-1
-1
-1
-1
-1
-1
-1
-1
-1
-1
-1
257
-1
-1
-1
-1
-1
-1
-1
-1
247
-1
-1
-1
-1
-1
-1
-1
-1
-1
-1
-1
-1
-1
-1
-1
-1
-1
-1
-1
-1
-1
511
-1
-1
-1
-1
-1
-1
-1
-1
-1
-1
-1
221
-1
-1
-1
-1
-1
-1
-1
-1
-1
298
-1
-1
-1
-1
-1
-1
-1
-1
-1
-1
-1
142
-1
-1
160
-1
-1
-1
-1
-1
-1
235
-1
-1
-1
-1
-1
-1
-1
-1
-1
-1
-1
-1
-1
-1
254
-1
-1
-1
-1
-1
-1
267
-1
-1
-1
-1
-1
-1
-1
-1
-1
-1
-1
-1
-1
-1
234
-1
-1
-1
-1
-1
293
-1
-1
-1
-1
-1
-1
-1
-1
-1
-1
-1
-1
-1
-1
-1
238
-1
-1
-1
-1
-1
305
-1
-1
-1
-1
-1
-1
-1
-1
-1
-1
-1
-1
-1
-1
-1
-1
-1
-1
-1
-1
-1
539
-1
-1
-1
-1
-1
-1
-1
-1
-1
-1
-1
-1
-1
-1
-1
-1
-1
-1
-1
-1
280
274
-1
-1
-1
-1
-1
-1
-1
-1
-1
-1
-1
-1
-1
-1
-1
-1
-1
-1
-1
-1
556
-1
-1
-1
-1
-1
-1
-1
-1
-1
-1
-1
-1
-1
-1
-1
-1
-1
-1
-1
-1
-1
548
-1
-1
-1
-1
-1
-1
-1
-1
-1
-1
-1
-1
-1
-1
-1
-1
-1
-1
-1
-1
-1
554
-1
-1
-1
-1
-1
-1
-1
-1
-1
-1
-1
-1
-1
-1
-1
-1
-1
-1
-1
-1
288
-1
-1
-1
-1
-1
-1
-1
-1
-1
-1
-1
-1
278
-1
-1
-1
56
62
-1
-1
-1
217
-1
-1
-1
-1
-1
-1
-1
-1
-1
-1
-1
-1
223
-1
-1
-1
70
63
-1
-1
-1
188
-1
-1
-1
-1
-1
-1
-1
-1
-1
-1
-1
239
-1
-1
-1
44
29
65
-1
-1
68
120
-1
-1
-1
-1
-1
-1
-1
-1
-1
-1
-1
239
-1
-1
-1
42
27
63
-1
-1
69
121
-1
-1
-1
-1
-1
-1
-1
-1
-1
-1
186
44
-1
-1
23
23
27
65
-1
-1
-1
189
-1
-1
-1
-1
-1
-1
-1
-1
-1
-1
193
41
-1
-1
26
23
32
66
-1
-1
67
120
-1
-1
-1
-1
-1
-1
-1
-1
-1
-1
191
36
-1
-1
23
24
28
31
-1
66
122
-1
-1
-1
-1
-1
-1
-1
-1
-1
-1
-1
253
-1
-1
-1
17
24
27
31
-1
66
117
-1
-1
-1
-1
-1
-1
-1
-1
-1
-1
-1
237
-1
-1
17
21
22
27
30
-1
67
121
-1
-1
-1
-1
-1
-1
-1
-1
-1
-1
-1
235
-1
-1
14
18
21
27
31
35
-1
160
-1
-1
-1
-1
-1
-1
-1
-1
-1
-1
207
-1
-1
-1
35
17
24
30
32
-1
69
113
-1
-1
-1
-1
-1
-1
-1
-1
-1
-1
213
-1
-1
-1
32
21
25
-1
63
-1
147
-1
-1
-1
-1
-1
-1
-1
122
-1
-1
134
-1
-1
-1
-1
33
