0
0
0
2438
277
4095
4095
0
0
796
0
0
0
0
0
0
0
0
1704
0
0
0
0
0
0
1240
1372
2624
3909
0
0
779
0
0
0
0
0
0
0
1061
1655
0
0
0
0
0
0
1121
615
2305
0
0
0
0
0
0
0
0
0
0
0
1453
1923
1407
0
0
0
0
0
1595
1067
2142
0
0
0
0
0
0
0
0
0
0
0
2045
2325
1412
0
0
0
0
0
1893
1406
2004
0
0
0
0
0
0
0
0
0
0
0
1382
1759
0
0
0
0
0
0
4095
2200
2406
0
0
0
0
0
0
0
0
0
0
0
1699
1744
0
0
0
4095
0
2815
1105
2924
2089
0
0
0
0
0
0
0
0
0
0
0
1570
4095
0
0
0
4095
0
4095
949
1342
4095
0
0
0
186
0
0
0
0
0
0
0
1667
116
0
0
0
4095
0
4095
932
4095
553
0
0
0
609
0
0
0
0
0
0
0
1423
0
0
0
0
0
0
4095
267
1088
415
0
0
500
0
0
0
0
0
0
0
0
0
0
0
0
525
0
4095
2287
258
2693
0
4095
0
4095
0
0
0
0
0
0
0
1135
0
0
0
0
4095
0
4095
2198
196
1075
0
514
0
0
0
0
0
0
0
0
0
115
204
964
0
0
0
0
4095
1660
266
0
0
283
0
0
0
0
0
0
0
0
0
0
4095
0
0
0
0
0
4095
1195
4095
403
0
337
0
0
0
0
0
0
0
0
0
4095
262
0
0
0
0
4095
4095
1098
270
0
862
336
0
0
0
0
0
0
0
0
0
52
0
0
0
0
0
4095
4095
1200
275
0
409
809
0
0
0
0
0
0
0
0
0
278
0
0
0
0
0
1106
4045
1160
269
0
323
855
0
0
0
0
0
0
0
0
0
372
0
0
0
0
0
1495
3673
1282
0
0
355
322
0
0
0
0
0
0
0
0
0
0
0
0
0
0
0
2179
3091
1182
0
0
271
1438
0
0
0
0
0
0
0
0
23
0
0
0
0
0
485
2838
3140
1182
0
0
683
7
0
0
0
0
0
0
0
0
0
0
0
0
0
0
482
3559
3353
1283
0
73
11
0
0
0
0
0
0
0
0
0
3
0
0
0
0
0
608
4095
3340
450
0
262
1189
0
0
0
0
0
0
0
0
0
0
0
0
0
0
0
1480
4095
2900
226
0
7
8
0
0
0
0
0
0
753
0
0
0
0
0
0
0
0
1675
4095
1380
297
0
195
503
0
0
0
0
0
0
1252
0
4095
0
0
0
0
0
0
3101
0
1340
0
0
804
486
0
0
0
0
0
269
0
0
0
0
0
0
0
0
0
4095
0
422
0
57
135
0
0
0
0
0
0
1410
0
0
1061
0
0
0
0
0
0
4095
0
0
0
112
66
0
0
0
0
0
0
1850
1202
0
0
0
0
0
0
0
0
4095
0
0
309
325
78
0
0
0
0
0
0
4095
1230
0
0
0
0
0
0
0
0
4095
0
0
1585
3833
82
0
0
0
0
0
0
1963
3672
596
0
0
0
0
0
0
0
0
0
0
909
84
0
0
0
0
0
0
0
4095
1358
0
0
0
0
0
0
0
0
0
0
0
364
61
0
0
0
0
0
0
0
1700
0
0
0
0
0
0
0
0
681
0
0
394
245
0
0
0
0
0
0
0
0
1621
13
173
0
0
0
0
28
0
791
0
0
352
194
0
0
0
0
0
0
0
1813
1613
205
0
0
0
0
0
181
1333
0
0
0
1317
242
0
0
0
0
0
0
0
1829
0
427
0
0
0
0
576
1261
1338
0
0
0
693
99
0
0
0
0
0
0
0
1665
1474
880
0
0
0
0
92
0
0
0
0
0
231
380
0
0
0
0
0
0
0
828
594
0
0
0
0
0
0
740
1329
0
0
480
260
562
0
0
0
0
0
0
0
0
4095
0
0
0
0
4095
0
1125
1459
0
0
497
147
472
0
0
0
0
0
0
0
0
0
0
0
0
0
333
589
1085
1094
0
0
516
587
0
0
0
0
513
0
0
0
0
563
0
0
0
0
0
1804
1700
100
0
0
527
567
0
0
0
0
708
1523
0
0
0
0
0
0
0
0
577
4095
1134
0
0
0
471
32
0
0
0
0
57
0
0
0
559
0
0
0
0
0
0
1210
0
0
0
0
0
50
0
0
0
0
60
0
0
0
0
0
0
0
0
62
0
0
0
0
0
0
0
51
0
0
0
657
197
0
0
0
0
0
0
0
0
4095
0
0
0
0
423
0
0
0
0
0
0
599
0
0
0
0
0
0
0
0
0
0
0
0
0
0
321
0
0
0
0
0
0
75
0
0
0
0
0
0
0
0
0
0
0
0
0
0
417
0
0
0
0
0
0
478
0
0
0
0
0
0
0
0
0
0
0
0
0
0
0
0
0
0
0
0
0
0
0
0
0
0
0
0
0
0
17
0
0
0
0
0
0
0
0
0
0
0
0
0
0
0
0
0
0
0
0
0
555
0
0
0
0
0
0
0
0
0
0
0
4095
0
0
0
0
0
0
0
0
0
0
0
0
0
0
0
0
0
0
0
0
0
1240
0
0
4095
0
0
0
0
0
0
1075
0
0
0
0
0
0
0
0
0
0
0
0
0
0
4095
0
0
0
0
0
554
0
0
0
0
0
0
0
0
0
0
0
0
0
0
0
4095
0
0
0
0
0
14
0
0
0
0
0
0
0
0
0
0
0
0
0
0
0
0
0
0
0
0
0
46
0
0
0
0
0
0
0
0
0
0
0
0
0
0
0
0
0
0
0
0
0
0
0
0
0
0
0
0
0
0
0
0
0
0
0
0
0
0
0
0
0
0
0
0
0
0
0
0
0
0
0
0
0
0
0
0
0
0
0
0
0
0
0
0
66
0
0
0
0
0
0
0
0
0
0
0
0
0
0
0
0
0
0
0
0
0
0
0
0
0
0
0
0
0
0
0
0
0
0
0
0
0
0
0
0
0
0
0
0
0
0
0
0
0
0
0
0
0
0
0
0
0
0
0
0
0
0
0
0
87
0
0
0
0
0
0
0
0
0
0
0
0
0
0
0
0
4095
1197
0
0
0
0
0
0
0
0
0
0
0
0
0
0
0
11
0
0
0
3423
4095
1298
0
0
56
0
0
0
0
0
0
0
0
0
0
0
0
12
0
0
0
3419
3516
1171
0
0
52
0
0
0
0
0
0
0
0
0
0
0
0
5
0
0
0
3332
3387
660
0
0
0
0
0
0
0
0
0
0
0
0
0
0
95
0
0
0
1387
3463
3308
363
0
0
0
0
0
0
0
0
0
0
0
0
0
0
101
0
0
0
1308
3381
2032
97
0
0
0
0
0
0
0
0
0
0
0
0
0
0
104
0
0
1772
1165
3895
1440
0
0
1161
1088
0
0
0
0
0
0
0
0
0
0
0
12
0
0
0
1273
4095
1129
54
575
0
1076
0
0
0
0
0
0
0
0
0
0
0
0
0
0
751
1251
4095
4095
65
1126
0
1125
0
0
0
0
0
0
0
0
0
0
0
0
0
0
378
1286
4095
4095
49
1129
1131
903
0
0
0
0
0
0
0
0
0
0
0
0
0
0
278
1351
4095
4095
0
0
1104
0
0
0
0
0
0
0
0
0
0
0
0
0
0
0
265
1979
4095
4095
0
1022
1139
0
0
0
0
0
0
0
604
0
0
0
0
0
0
0
277
2146
4095
0
0
1021
0
0
0
0
0
0
0
0
1623
0
0
0
0
