-1
-1
-1
-1
-1
-1
-1
-1
218
-1
-1
-1
-1
31
17
21
30
32
-1
165
-1
-1
-1
-1
-1
-1
-1
103
-1
-1
126
-1
-1
-1
-1
32
19
46
-1
-1
-1
186
-1
-1
-1
-1
-1
-1
-1
102
-1
-1
121
-1
-1
-1
-1
33
17
48
-1
-1
64
112
-1
-1
-1
-1
-1
-1
-1
172
-1
-1
-1
-1
-1
-1
-1
89
16
52
-1
-1
175
-1
-1
-1
-1
-1
-1
-1
97
119
-1
-1
-1
-1
-1
-1
85
5
15
179
-1
-1
-1
-1
-1
-1
-1
-1
-1
-1
92
28
92
-1
-1
-1
-1
-1
88
6
17
182
-1
-1
-1
-1
-1
-1
-1
-1
-1
-1
87
28
91
-1
-1
-1
-1
-1
90
5
15
177
-1
-1
-1
-1
-1
-1
-1
-1
-1
-1
-1
92
92
-1
-1
-1
-1
-1
85
6
13
204
-1
-1
-1
-1
-1
-1
-1
-1
-1
-1
95
118
-1
-1
-1
-1
-1
-1
85
5
191
-1
-1
-1
-1
-1
-1
-1
-1
-1
-1
-1
87
61
-1
-1
-1
93
-1
49
8
5
204
-1
-1
-1
-1
-1
-1
-1
-1
-1
-1
-1
44
61
-1
-1
-1
100
-1
50
9
6
41
-1
-1
-1
203
-1
-1
-1
-1
-1
-1
-1
47
-1
96
-1
-1
70
-1
48
9
4
44
-1
-1
-1
197
-1
-1
-1
-1
-1
-1
-1
52
-1
91
-1
-1
62
-1
47
10
3
44
-1
-1
-1
203
-1
-1
-1
-1
-1
-1
-1
70
-1
93
-1
-1
-1
91
22
10
18
-1
-1
-1
215
-1
-1
-1
-1
-1
-1
-1
-1
155
-1
-1
-1
-1
-1
124
19
9
3
-1
201
-1
-1
-1
-1
-1
-1
-1
-1
-1
-1
173
-1
-1
-1
-1
-1
125
19
10
4
-1
217
-1
-1
-1
-1
-1
-1
-1
-1
-1
83
86
-1
-1
-1
-1
-1
121
23
11
3
-1
217
-1
-1
-1
-1
-1
-1
-1
-1
-1
82
88
-1
-1
-1
-1
-1
133
20
12
3
23
190
-1
-1
-1
-1
-1
-1
-1
-1
-1
89
93
-1
-1
-1
-1
95
30
21
14
-1
32
186
-1
-1
-1
-1
-1
-1
-1
-1
-1
159
-1
-1
-1
-1
-1
122
34
23
12
-1
33
182
-1
-1
-1
-1
-1
-1
-1
-1
-1
156
-1
-1
-1
-1
-1
122
30
24
12
-1
36
182
-1
-1
-1
-1
-1
-1
-1
-1
-1
156
-1
-1
-1
-1
-1
122
29
22
14
15
24
190
-1
-1
-1
-1
-1
-1
-1
-1
195
-1
-1
-1
-1
-1
-1
124
29
22
12
13
25
165
-1
-1
-1
-1
-1
-1
-1
-1
161
-1
-1
-1
-1
-1
126
32
30
27
-1
24
22
162
-1
-1
-1
-1
-1
-1
-1
-1
150
-1
-1
-1
-1
-1
138
29
32
22
-1
20
22
153
-1
-1
-1
-1
-1
-1
-1
-1
-1
-1
-1
-1
-1
-1
156
28
28
22
-1
14
118
-1
-1
-1
-1
-1
-1
181
-1
-1
-1
-1
-1
-1
-1
-1
149
28
28
26
3
14
120
-1
-1
-1
-1
-1
-1
185
-1
62
-1
-1
-1
-1
-1
-1
-1
154
29
-1
23
12
80
-1
-1
-1
-1
-1
128
55
-1
89
-1
-1
-1
-1
-1
-1
-1
191
-1
-1
21
92
-1
-1
-1
-1
-1
-1
152
-1
-1
62
-1
-1
-1
-1
-1
-1
154
-1
-1
-1
46
93
-1
-1
-1
-1
-1
-1
135
45
47
-1
-1
-1
-1
-1
-1
-1
185
-1
-1
-1
44
90
-1
-1
-1
-1
-1
-1
127
28
46
-1
-1
-1
-1
-1
-1
-1
193
-1
-1
40
3
88
-1
-1
-1
-1
-1
-1
125
30
103
-1
-1
-1
-1
-1
-1
-1
-1
-1
-1
159
63
-1
-1
-1
-1
-1
-1
-1
159
21
44
-1
-1
-1
-1
-1
-1
149
-1
-1
-1
63
60
-1
-1
-1
-1
-1
-1
-1
153
21
23
-1
-1
-1
-1
73
-1
93
-1
-1
-1
66
61
-1
-1
-1
-1
-1
-1
-1
159
21
-1
-1
-1
-1
-1
72
60
-1
-1
-1
82
13
67
-1
-1
-1
-1
-1
-1
-1
167
46
-1
-1
-1
-1
56
33
61
-1
-1
-1
80
14
61
-1
-1
-1
-1
-1
-1
137
30
42
-1
-1
-1
-1
51
30
-1
90
-1
-1
48
48
-1
-1
-1
-1
-1
-1
-1
160
30
43
-1
-1
-1
-1
52
28
34
58
-1
-1
52
44
-1
-1
-1
-1
-1
-1
-1
156
-1
70
-1
-1
-1
24
25
29
55
-1
-1
-1
83
28
-1
-1
-1
-1
-1
153
-1
-1
63
44
-1
-1
-1
33
25
29
61
-1
-1
-1
78
32
-1
-1
-1
-1
-1
155
-1
-1
96
-1
-1
-1
-1
31
29
29
59
-1
-1
-1
104
-1
-1
-1
-1
53
-1
104
-1
-1
99
-1
-1
-1
-1
30
26
95
-1
-1
-1
-1
105
-1
-1
-1
-1
86
-1
-1
-1
170
-1
-1
-1
-1
29
-1
44
87
-1
-1
-1
-1
105
-1
-1
-1
-1
93
-1
-1
-1
153
-1
-1
-1
-1
101
-1
-1
-1
-1
-1
-1
-1
163
-1
-1
-1
-1
85
-1
-1
-1
157
-1
-1
-1
-1
129
-1
-1
-1
-1
129
-1
-1
70
-1
-1
-1
-1
186
-1
-1
-1
-1
-1
-1
-1
-1
126
-1
-1
-1
-1
192
-1
-1
-1
-1
-1
-1
217
-1
-1
-1
-1
-1
-1
-1
-1
-1
136
-1
-1
-1
-1
181
-1
-1
-1
-1
-1
-1
207
-1
-1
-1
-1
-1
-1
-1
-1
262
-1
-1
-1
-1
-1
-1
-1
-1
-1
-1
-1
-1
262
-1
-1
-1
-1
-1
-1
-1
-1
274
-1
-1
-1
-1
-1
-1
-1
-1
-1
-1
-1
-1
272
-1
-1
-1
-1
-1
-1
-1
-1
538
-1
-1
-1
-1
-1
-1
-1
-1
-1
-1
-1
-1
-1
-1
-1
-1
-1
-1
-1
-1
-1
236
-1
-1
-1
-1
-1
-1
-1
-1
-1
-1
-1
312
-1
-1
-1
-1
-1
-1
-1
-1
-1
221
-1
-1
-1
-1
-1
-1
-1
-1
-1
-1
-1
173
-1
-1
162
-1
-1
-1
-1
-1
254
-1
-1
-1
-1
-1
-1
-1
-1
-1
-1
-1
-1
-1
-1
-1
296
-1
-1
-1
-1
-1
246
-1
-1
-1
-1
-1
-1
-1
-1
-1
-1
-1
-1
-1
-1
-1
303
-1
-1
-1
-1
-1
249
-1
-1
-1
-1
-1
-1
-1
-1
-1
-1
-1
-1
-1
-1
-1
311
-1
-1
-1
-1
-1
565
-1
-1
-1
-1
-1
-1
-1
-1
-1
-1
-1
-1
-1
-1
-1
-1
-1
-1
-1
-1
-1
281
-1
-1
-1
-1
-1
-1
-1
-1
-1
-1
-1
-1
-1
-1
-1
-1
-1
-1
-1
-1
277
-1
-1
-1
-1
-1
-1
-1
-1
-1
-1
-1
-1
-1
-1
-1
-1
-1
-1
-1
-1
-1
568
-1
-1
-1
-1
-1
-1
-1
-1
-1
-1
-1
-1
-1
-1
-1
-1
-1
-1
-1
-1
-1
551
-1
-1
-1
-1
-1
-1
-1
-1
-1
-1
-1
242
-1
-1
-1
-1
-1
-1
-1
-1
-1
315
-1
-1
-1
-1
-1
-1
-1
-1
-1
-1
-1
281
-1
-1
-1
-1
-1
-1
-1
-1
285
-1
-1
-1
-1
-1
-1
-1
-1
-1
-1
-1
-1
203
-1
-1
-1
70
62
-1
-1
-1
214
-1
-1
-1
-1
-1
-1
-1
-1
-1
-1
-1
197
-1
-1
-1
-1
70
62
-1
-1
-1
212
-1
-1
-1
-1
-1
-1
-1
-1
-1
-1
-1
191
-1
-1
-1
48
27
62
-1
-1
65
143
-1
-1
-1
-1
-1
-1
-1
-1
-1
-1
185
29
-1
-1
-1
44
27
66
-1
-1
69
115
-1
-1
-1
-1
-1
-1
-1
-1
-1
-1
190
27
-1
-1
23
23
29
63
-1
-1
-1
174
-1
-1
-1
-1
-1
-1
-1
-1
-1
-1
199
25
-1
-1
25
26
28
65
-1
-1
68
105
-1
-1
-1
-1
-1
-1
-1
-1
-1
-1
206
-1
-1
-1
31
22
26
32
-1
66
143
-1
-1
-1
-1
-1
-1
-1
-1
-1
-1
-1
203
-1
-1
14
17
21
26
31
-1
66
139
-1
-1
-1
-1
-1
-1
-1
-1
-1
-1
-1
-1
-1
-1
187
20
22
27
31
30
-1
194
-1
-1
-1
-1
-1
-1
-1
-1
-1
-1
203
-1
-1
-1
32
17
25
28
32
31
34
113
-1
-1
