0
0
0
0
0
0
2751
0
0
4
0
0
0
0
3126
1760
3484
4095
506
0
1320
0
0
0
0
0
0
0
1977
0
0
1
0
0
0
0
2557
1547
3390
0
0
0
1848
0
0
0
0
0
0
0
3354
0
0
3
0
0
0
0
4095
1584
3078
0
0
1175
0
0
0
0
0
0
0
0
3435
0
0
0
0
0
0
4095
437
1819
3134
0
0
3235
0
0
0
0
0
0
0
445
1697
1903
0
0
0
0
0
4095
547
1433
3357
0
0
0
0
0
0
0
0
0
0
1275
1604
1713
0
0
0
0
0
4095
463
1466
2460
0
0
0
0
0
0
0
0
0
0
2408
1612
1635
0
0
0
0
0
4095
526
1558
2500
0
0
0
0
0
0
0
0
0
0
0
1608
275
0
0
0
0
0
4095
465
1381
3270
0
0
0
0
0
0
0
0
0
0
1255
1538
0
0
0
0
0
0
4095
463
1272
0
0
0
0
0
0
0
0
0
0
0
1252
878
0
0
0
4095
0
1641
823
532
2255
0
0
0
0
0
0
0
0
0
0
0
1184
0
0
0
0
4095
0
1588
818
432
1747
0
0
0
1862
0
0
0
0
0
0
0
1099
0
0
0
0
4095
0
1897
822
454
1160
0
0
0
881
0
0
0
0
0
0
0
51
0
0
0
0
4095
0
1745
734
541
1501
0
0
0
1402
0
0
0
0
0
0
0
0
0
0
0
0
0
4095
1697
855
352
0
1100
0
0
0
0
0
0
0
0
0
0
90
0
0
0
0
0
4095
1886
922
525
0
1382
0
0
0
0
0
0
0
0
0
0
383
0
0
0
0
0
4095
1832
928
416
0
946
0
0
0
0
0
0
0
0
0
0
315
0
0
0
0
0
4095
1684
822
230
0
461
0
0
0
0
0
0
0
0
0
0
0
0
0
0
0
0
4095
1727
1001
0
430
336
0
0
0
0
0
0
0
0
0
284
0
0
0
0
0
4095
4095
2136
1028
0
388
471
0
0
0
0
0
0
0
0
0
340
0
0
0
0
0
1173
4095
1787
1084
0
396
199
0
0
0
0
0
0
0
0
0
199
0
0
0
0
0
1145
4095
1940
901
0
498
111
0
0
0
0
0
0
0
0
0
0
0
0
0
0
0
1671
4095
2254
0
0
394
39
0
0
0
0
0
0
0
0
239
0
0
0
0
0
0
1672
4095
1955
0
0
120
16
0
0
0
0
0
0
0
0
215
0
0
0
0
0
560
1153
4095
1993
0
16
45
0
0
0
0
0
0
0
0
0
226
0
0
0
0
0
578
4073
4095
1765
0
247
8
0
0
0
0
0
0
833
0
0
0
0
0
0
0
0
485
4095
4095
423
0
127
65
0
0
0
0
0
0
1647
0
0
0
0
0
0
0
0
104
4095
0
836
0
153
341
0
0
0
0
0
0
3284
0
0
0
0
0
0
0
0
0
4095
966
0
0
248
894
0
0
0
0
0
0
0
0
288
0
0
0
0
0
0
0
4095
0
0
459
249
0
0
0
0
0
0
1391
1768
0
0
0
0
0
0
0
0
81
0
0
0
424
171
0
0
0
0
0
0
1745
1454
0
0
0
0
0
0
0
0
816
0
0
0
450
128
0
0
0
0
0
0
2483
1539
0
0
0
0
0
0
0
0
1219
0
0
781
25
211
0
0
0
0
0
0
3148
1529
0
0
0
0
0
0
0
570
0
0
0
747
69
0
0
0
0
0
0
0
3057
727
0
0
0
0
0
0
0
2449
0
0
0
736
51
0
0
0
0
0
0
0
3328
0
0
0
0
0
0
912
0
3748
0
0
0
559
16
0
0
0
0
0
0
0
3260
47
0
0
0
0
0
103
2207
0
0
0
864
124
0
0
0
0
0
0
0
0
3704
356
0
0
0
0
0
0
0
0
0
0
1517
226
0
0
0
0
0
0
0
2232
0
377
0
0
0
0
96
1130
0
2543
0
0
705
66
0
0
0
0
0
0
0
1675
0
62
0
0
0
0
0
0
1157
2221
0
0
634
173
0
0
0
0
0
0
0
360
0
0
0
0
0
0
0
812
1282
0
0
0
803
314
0
0
0
0
0
0
0
0
0
0
0
0
0
24
0
1075
1722
0
0
0
659
779
0
0
0
0
0
0
0
0
0
0
0
0
0
25
0
1088
1421
0
0
0
536
0
0
0
0
0
0
0
0
0
0
0
0
0
0
0
0
1042
0
0
0
0
1343
0
0
0
0
95
0
0
0
0
0
0
0
0
0
0
0
0
0
0
0
0
633
0
0
0
0
96
0
0
0
0
0
0
0
0
0
0
0
0
0
0
0
0
534
0
0
0
0
86
0
0
0
0
0
0
0
0
30
0
0
0
0
1681
0
0
0
0
0
0
10
16
0
0
0
0
0
0
0
0
0
0
0
0
0
313
0
0
0
0
0
0
7
0
0
0
0
0
0
0
0
0
0
0
0
0
0
515
0
0
0
0
0
0
10
0
0
0
0
0
0
0
0
0
0
0
0
0
0
0
0
0
0
0
0
0
6
0
0
0
0
0
0
0
0
7
0
0
0
0
0
0
0
0
0
0
0
0
0
0
0
0
0
0
0
0
0
8
0
0
0
0
0
0
0
0
0
0
0
0
0
0
0
0
0
0
0
0
0
0
0
0
0
0
0
0
0
0
0
0
0
0
0
0
0
0
0
0
0
0
0
44
0
0
0
0
0
0
0
0
0
0
0
0
0
0
4095
0
0
0
0
0
0
0
0
0
0
0
0
0
0
0
0
0
0
0
0
0
4095
0
0
0
0
0
131
0
0
0
0
0
0
0
0
0
0
0
0
0
0
0
4095
0
0
0
0
0
55
0
0
0
0
0
0
0
0
0
0
0
0
0
0
0
4095
0
0
0
0
0
57
0
0
0
0
0
0
0
0
0
0
0
0
0
0
0
0
0
0
0
0
0
21
0
0
0
0
0
0
0
0
0
0
0
0
0
0
0
0
0
0
0
0
91
0
0
0
0
0
0
0
0
0
0
0
0
0
0
0
0
0
0
0
0
0
0
0
0
0
0
0
0
0
0
0
0
0
0
0
0
0
0
0
0
0
0
0
0
0
0
0
0
0
0
0
0
0
0
0
4095
0
0
0
0
0
0
0
0
0
0
0
0
0
0
0
0
0
0
0
0
0
4095
0
0
0
0
0
0
0
0
100
0
0
0
0
0
0
0
0
0
0
0
0
4095
0
0
0
4095
4095
0
0
0
6
0
0
0
0
0
0
0
0
0
0
0
64
0
0
0
4095
4095
1166
0
0
0
41
0
0
0
0
0
0
0
0
0
0
0
97
0
0
0
4095
4095
1109
0
0
193
0
0
0
0
0
0
0
0
0
0
0
7
946
0
0
0
4095
4095
1127
0
0
1782
213
0
0
0
0
0
0
0
0
0
0
137
11
0
0
4095
2949
3890
1138
0
0
0
1256
0
0
0
0
0
0
0
0
0
0
182
0
0
0
3098
2977
3756
2596
0
0
1719
2353
0
0
0
0
0
0
0
0
0
0
426
0
0
0
3296
3582
3952
4095
0
1308
1180
0
0
0
0
0
0
0
0
0
0
0
626
0
0
1468
1944
3650
3558
4095
0
2657
1740
0
0
0
0
0
0
0
0
0
0
0
0
0
0
3479
1570
3222
4095
4095
169
0
1190
0
0
0
0
0
0
0
0
0
0
1
0
0
0
2939
1538
2901
4095
4095
198
1269
933
0
