0
0
0
0
0
629
0
0
0
0
0
0
0
0
0
1397
0
1
0
0
0
3148
0
0
0
0
0
1848
0
0
0
0
0
0
0
0
0
0
0
0
0
0
0
3985
0
0
0
0
0
0
0
0
0
0
0
0
0
0
0
0
0
0
0
0
764
4002
0
0
0
0
0
0
0
0
0
0
0
0
0
0
0
0
0
0
0
0
2174
4023
0
0
0
0
0
0
0
0
0
0
0
0
0
0
0
0
0
0
0
0
2280
4047
0
0
0
0
0
0
0
0
0
0
0
0
0
116
0
0
0
0
0
-3298
3137
3994
0
0
0
0
0
0
0
0
0
0
0
0
0
111
0
0
0
0
0
-7639
3654
0
0
0
0
0
0
0
0
0
0
0
0
0
0
166
0
0
0
0
0
13265
0
0
0
0
0
0
0
644
221
0
0
0
0
0
0
163
0
0
0
0
0
0
0
0
0
0
0
0
538
1316
430
0
0
0
0
0
0
116
0
0
0
0
0
0
3051
0
0
0
0
0
541
0
0
0
0
0
0
0
0
0
0
0
0
0
0
0
0
0
0
0
0
487
0
0
0
0
0
0
0
0
0
0
0
0
0
0
0
0
0
0
0
0
0
0
0
0
0
0
0
0
0
0
0
0
0
0
0
0
0
2918
0
0
0
0
0
0
0
0
0
0
0
0
0
0
0
0
0
0
0
0
0
2998
0
0
0
0
0
0
0
0
0
0
0
0
0
0
0
0
0
0
0
0
1934
0
0
0
0
0
0
0
0
0
0
0
0
0
0
0
0
0
0
0
0
0
1982
0
0
0
0
0
0
0
0
0
0
0
0
0
0
0
0
0
0
0
0
0
2732
0
0
0
0
0
0
0
0
0
0
0
0
0
0
0
0
0
0
0
0
0
2875
0
0
0
0
0
0
0
0
0
0
0
0
0
0
0
0
0
0
0
0
0
0
0
0
0
0
0
0
0
0
0
0
0
0
0
0
0
0
0
0
0
0
0
0
0
0
0
0
0
0
0
0
0
0
0
0
0
0
0
0
0
0
0
0
0
0
0
0
0
0
0
0
0
0
0
0
0
0
0
0
0
0
0
0
0
0
0
0
0
0
0
0
0
0
0
0
0
0
0
0
0
0
0
0
0
0
0
0
0
0
0
0
0
0
0
0
0
0
0
0
0
0
387
0
0
0
0
0
0
0
0
0
0
0
0
0
0
0
0
0
0
0
0
0
0
0
0
0
0
0
0
0
0
0
0
0
0
0
0
0
0
0
0
0
0
0
0
0
0
0
0
0
0
0
0
0
0
0
284
0
0
0
0
0
0
3
3
0
0
0
0
0
0
0
0
0
11
0
0
0
316
0
0
0
0
0
0
3
127
0
0
0
0
0
0
0
0
0
18
0
0
0
292
0
0
0
0
0
0
1
1893
0
0
0
0
0
0
0
0
0
201
0
0
467
0
0
0
0
0
0
4
9
1625
0
0
0
0
0
0
0
0
65
462
0
0
356
0
0
0
0
0
0
8
13
1739
0
0
0
0
0
0
0
0
0
0
0
0
402
0
0
0
0
0
0
6
9
1736
0
0
0
0
0
0
0
0
77
0
0
500
896
0
0
0
0
0
0
222
224
1949
0
0
0
0
0
0
0
27
465
195
0
474
0
0
0
0
0
0
0
538
543
0
0
0
0
0
0
0
0
0
0
0
0
491
0
0
0
0
0
0
37
245
250
0
0
0
0
0
0
0
0
0
0
0
0
589
0
0
0
0
0
0
112
112
112
0
0
0
0
0
0
0
0
0
0
0
540
1090
0
0
0
0
0
0
0
0
0
0
0
0
0
0
0
0
0
0
0
0
624
0
0
0
0
0
0
0
88
0
0
0
0
0
0
0
0
0
0
0
0
0
536
0
0
0
0
0
0
0
0
0
0
0
0
0
0
0
0
0
0
0
0
0
538
0
0
0
0
0
0
0
0
0
0
0
0
0
0
0
0
0
0
0
0
0
541
0
0
0
0
0
0
0
0
0
0
0
0
0
0
0
0
0
0
0
0
0
547
0
0
0
0
0
0
0
0
0
0
0
0
0
0
0
0
0
0
0
0
0
588
0
0
0
0
0
0
0
0
0
0
0
0
0
0
0
0
0
0
0
0
579
0
0
0
0
0
0
0
0
0
0
0
0
0
0
0
0
0
0
0
0
0
0
0
0
0
0
0
0
0
0
0
0
0
0
0
0
0
0
0
0
0
0
0
0
0
0
0
0
0
0
0
0
0
0
0
0
0
0
0
0
0
0
0
0
0
0
0
0
0
0
0
0
0
0
0
0
0
0
0
0
0
0
0
0
0
0
0
0
0
0
0
0
0
0
0
0
0
0
0
0
0
0
0
0
0
0
0
0
0
0
0
0
0
0
0
0
0
0
-2318
0
0
0
0
0
0
0
0
0
0
0
0
0
0
0
0
0
0
0
0
0
-5075
0
0
0
0
0
0
0
0
0
0
0
0
0
0
0
0
0
0
0
0
274
10228
0
0
0
0
0
0
0
0
0
0
0
0
0
0
0
0
0
0
0
0
2048
0
0
0
0
0
0
0
0
0
0
0
0
0
0
0
0
0
0
0
0
0
0
0
0
0
0
0
0
0
0
0
0
0
0
0
0
0
0
0
0
0
0
1033
0
0
0
0
0
0
0
0
0
0
0
0
0
0
0
0
0
0
0
0
205
1794
0
0
0
0
0
0
0
0
0
0
0
0
0
0
0
0
0
0
0
0
0
0
0
0
0
0
0
0
0
0
0
0
0
0
0
0
0
0
0
0
0
0
0
0
0
0
0
0
0
0
0
0
0
0
0
0
0
0
0
0
0
0
0
0
0
0
0
0
0
0
0
0
0
0
0
0
0
0
0
0
0
0
0
0
0
0
-3509
-5954
-7948
0
0
0
0
0
0
0
0
0
0
0
0
0
0
0
0
0
0
0
-3301
-6012
-7701
0
0
0
0
0
0
0
0
0
0
0
0
0
0
0
0
0
0
0
8414
15666
17399
459
0
0
0
0
0
0
0
0
0
0
0
0
0
0
0
0
0
0
1342
0
0
0
0
0
0
0
0
0
0
0
0
0
0
0
0
0
0
0
0
314
1633
0
0
0
0
54
0
0
0
0
0
0
0
0
0
0
0
0
0
0
0
281
1061
0
0
0
0
72
0
0
0
0
0
0
0
0
0
1
1
1
0
0
0
901
0
0
0
0
0
297
0
0
0
0
0
0
0
0
0
3
3
3
0
0
0
887
0
0
0
0
0
1176
0
0
0
0
0
0
0
0
0
3
155
155
0
0
0
1183
0
0
0
0
0
1267
0
0
0
0
0
0
0
0
1
3
719
719
0
0
0
0
0
0
0
0
186
0
0
0
0
0
0
0
0
0
0
3
432
432
0
0
2867
0
0
0
0
0
0
0
0
0
0
0
0
0
0
0
0
0
0
0
0
0
3099
0
0
0
0
0
0
0
0
0
0
0
0
0
0
0
1977
1691
0
0
0
0
3090
0
0
0
0
0
0
0
0
0
0
0
0
0
0
0
0
3
0
0
0
0
3130
0
0
0
0
0
0
0
0
0
0
0
0
0
0
0
-125
3
0
0
0
1825
3504
