-1
-1
-1
27
5
14
22
-1
-1
140
-1
-1
-1
-1
-1
-1
-1
-1
82
-1
-1
-1
-1
-1
-1
31
5
13
39
-1
-1
-1
-1
-1
-1
-1
-1
-1
-1
10
61
-1
-1
-1
-1
-1
-1
32
6
13
75
-1
-1
-1
-1
-1
-1
-1
-1
-1
-1
22
30
30
-1
-1
-1
-1
-1
56
4
15
171
-1
-1
-1
-1
-1
-1
-1
-1
-1
-1
48
30
25
-1
-1
-1
-1
-1
59
4
14
-1
-1
-1
-1
-1
-1
-1
-1
-1
-1
-1
-1
32
10
-1
-1
-1
-1
-1
56
4
106
-1
-1
-1
-1
-1
-1
-1
-1
-1
-1
-1
30
34
-1
-1
-1
80
-1
19
9
3
73
-1
-1
-1
-1
-1
-1
-1
-1
-1
-1
-1
26
20
-1
-1
-1
57
-1
19
11
4
83
-1
-1
-1
113
-1
-1
-1
-1
-1
-1
-1
31
-1
-1
-1
-1
61
-1
23
11
3
86
-1
-1
-1
44
-1
-1
-1
-1
-1
-1
-1
30
-1
-1
-1
-1
88
-1
20
12
3
80
-1
-1
68
150
-1
-1
-1
-1
-1
-1
-1
14
-1
-1
-1
-1
-1
32
21
13
5
-1
-1
-1
90
-1
-1
-1
-1
-1
-1
-1
-1
5
-1
-1
-1
-1
-1
63
26
12
32
-1
87
-1
-1
-1
-1
-1
-1
-1
-1
-1
-1
8
-1
-1
-1
-1
-1
58
21
14
28
-1
59
-1
-1
-1
-1
-1
-1
-1
-1
-1
-1
24
-1
-1
-1
-1
-1
60
22
12
26
-1
67
-1
-1
-1
-1
-1
-1
-1
-1
-1
-1
22
-1
-1
-1
-1
-1
61
23
12
-1
23
59
-1
-1
-1
-1
-1
-1
-1
-1
-1
-1
2
-1
-1
-1
-1
29
33
25
13
-1
22
47
-1
-1
-1
-1
-1
-1
-1
-1
-1
15
-1
-1
-1
-1
-1
28
29
22
6
-1
24
21
-1
-1
-1
-1
-1
-1
-1
-1
-1
18
-1
-1
-1
-1
-1
29
29
23
3
-1
24
19
-1
-1
-1
-1
-1
-1
-1
-1
-1
11
-1
-1
-1
-1
-1
44
29
25
-1
-1
21
24
-1
-1
-1
-1
-1
-1
-1
-1
-1
-1
-1
-1
-1
-1
-1
47
31
22
-1
-1
20
12
-1
-1
-1
-1
-1
-1
-1
-1
4
-1
-1
-1
-1
-1
-1
31
32
21
-1
5
23
2
-1
-1
-1
-1
-1
-1
-1
-1
5
-1
-1
-1
-1
-1
14
29
29
17
-1
10
19
4
-1
-1
-1
-1
-1
-1
-1
-1
-1
-1
-1
-1
-1
-1
14
30
28
12
-1
5
19
-1
-1
-1
-1
-1
-1
6
-1
-1
-1
-1
-1
-1
-1
-1
16
31
2
26
-1
10
31
-1
-1
-1
-1
-1
-1
28
-1
-1
-1
-1
-1
-1
-1
-1
21
54
44
-1
-1
10
28
-1
-1
-1
-1
-1
4
43
-1
-1
-1
-1
-1
-1
-1
-1
19
-1
-1
-1
15
9
-1
-1
-1
-1
-1
-1
24
-1
-1
-1
-1
-1
-1
-1
-1
-1
-1
-1
-1
-1
19
14
-1
-1
-1
-1
-1
-1
63
21
-1
-1
-1
-1
-1
-1
-1
-1
10
-1
-1
-1
36
24
-1
-1
-1
-1
-1
-1
87
21
-1
-1
-1
-1
-1
-1
-1
-1
29
-1
-1
37
4
43
-1
-1
-1
-1
-1
-1
95
25
-1
-1
-1
-1
-1
-1
-1
-1
61
-1
-1
36
6
-1
-1
-1
-1
-1
-1
-1
98
22
-1
-1
-1
-1
-1
-1
-1
-1
141
-1
-1
37
26
-1
-1
-1
-1
-1
-1
-1
96
9
-1
-1
-1
-1
-1
-1
-1
57
-1
-1
-1
62
34
-1
-1
-1
-1
-1
-1
-1
114
-1
-1
-1
-1
-1
-1
32
-1
100
-1
-1
50
16
27
-1
-1
-1
-1
-1
-1
-1
123
3
-1
-1
-1
-1
-1
12
31
-1
-1
-1
80
16
54
-1
-1
-1
-1
-1
-1
105
5
23
-1
-1
-1
-1
-1
4
91
-1
-1
-1
49
17
-1
-1
-1
-1
-1
-1
-1
76
-1
22
-1
-1
-1
-1
10
-1
-1
61
-1
-1
46
47
-1
-1
-1
-1
-1
-1
-1
20
-1
4
-1
-1
-1
-1
-1
15
33
92
-1
61
21
48
-1
-1
-1
-1
-1
17
-1
-1
-1
-1
-1
-1
-1
-1
-1
27
33
-1
-1
121
22
55
-1
-1
-1
-1
-1
-1
-1
-1
-1
-1
-1
-1
-1
2
-1
31
70
-1
-1
-1
25
-1
-1
-1
-1
44
-1
-1
-1
-1
-1
-1
-1
-1
-1
3
2
31
64
-1
-1
-1
86
-1
-1
-1
-1
38
-1
-1
-1
-1
-1
-1
-1
-1
-1
-1
33
31
-1
-1
-1
67
32
-1
-1
-1
-1
36
-1
-1
-1
-1
-1
-1
-1
-1
-1
-1
78
6
-1
-1
-1
31
28
-1
-1
-1
-1
23
-1
-1
-1
-1
-1
-1
-1
-1
-1
-1
-1
-1
-1
-1
-1
-1
141
-1
-1
-1
20
6
-1
-1
-1
-1
-1
-1
-1
-1
2
-1
-1
-1
-1
80
-1
-1
-1
-1
-1
-1
35
-1
-1
-1
-1
-1
-1
-1
-1
-1
-1
-1
-1
-1
-1
30
-1
-1
-1
-1
-1
-1
32
-1
-1
-1
-1
-1
-1
-1
-1
-1
-1
-1
-1
-1
-1
59
-1
-1
-1
-1
-1
-1
27
-1
-1
-1
-1
-1
-1
-1
-1
-1
-1
-1
-1
-1
-1
-1
-1
-1
-1
-1
-1
-1
18
-1
-1
-1
-1
-1
-1
-1
-1
1
-1
-1
-1
-1
-1
-1
-1
-1
-1
-1
-1
43
-1
-1
-1
-1
-1
-1
-1
-1
-1
1
-1
-1
-1
-1
-1
-1
-1
-1
-1
-1
-1
39
-1
-1
-1
-1
-1
-1
-1
-1
-1
-1
-1
-1
-1
-1
-1
-1
-1
-1
-1
-1
-1
158
-1
-1
40
-1
-1
-1
-1
-1
-1
13
-1
-1
-1
-1
-1
-1
-1
-1
-1
-1
-1
-1
-1
-1
31
-1
-1
-1
-1
-1
-1
-1
-1
-1
-1
-1
-1
-1
-1
-1
-1
-1
-1
-1
-1
-1
54
-1
-1
-1
-1
-1
28
-1
-1
-1
-1
-1
-1
-1
-1
-1
-1
-1
-1
-1
-1
-1
273
-1
-1
-1
-1
-1
24
-1
-1
-1
-1
-1
-1
-1
-1
-1
-1
-1
-1
-1
-1
-1
-1
-1
-1
-1
-1
-1
34
-1
-1
-1
-1
-1
-1
-1
-1
-1
-1
-1
-1
-1
-1
-1
-1
-1
-1
-1
-1
-1
14
-1
-1
-1
-1
-1
-1
-1
-1
-1
-1
-1
-1
-1
-1
-1
-1
-1
-1
-1
-1
11
-1
-1
-1
-1
-1
-1
-1
-1
-1
-1
-1
-1
-1
-1
-1
-1
-1
-1
-1
-1
-1
-1
-1
-1
-1
-1
-1
-1
-1
-1
-1
-1
-1
152
-1
-1
-1
-1
-1
-1
-1
-1
-1
-1
-1
-1
-1
-1
-1
-1
-1
-1
-1
-1
-1
17
-1
-1
-1
-1
-1
-1
-1
-1
12
-1
-1
-1
-1
-1
-1
-1
-1
-1
-1
-1
-1
-1
-1
-1
-1
181
112
-1
-1
-1
3
-1
-1
-1
-1
-1
-1
-1
-1
-1
-1
-1
4
-1
-1
-1
-1
64
31
-1
-1
-1
15
-1
-1
-1
-1
-1
-1
-1
-1
-1
-1
-1
6
-1
-1
-1
38
27
31
-1
-1
30
-1
-1
-1
-1
-1
-1
-1
-1
-1
-1
-1
9
5
-1
-1
-1
45
28
32
-1
-1
130
1
-1
-1
-1
-1
-1
-1
-1
-1
-1
-1
55
-1
-1
-1
23
22
29
42
-1
-1
-1
-1
-1
-1
-1
-1
-1
-1
-1
-1
-1
-1
77
-1
-1
-1
22
21
25
58
-1
-1
50
-1
-1
-1
-1
-1
-1
-1
-1
-1
-1
-1
78
-1
-1
-1
25
21
26
57
-1
34
21
-1
-1
-1
-1
-1
-1
-1
-1
-1
-1
-1
70
-1
-1
6
16
25
26
54
-1
69
31
-1
-1
-1
-1
-1
-1
-1
-1
-1
-1
-1
41
-1
-1
11
17
23
26
25
9
-1
33
-1
-1
-1
-1
-1
-1
-1
-1
-1
-1
-1
-1
-1
-1
15
17
21
28
22
52
32
29
-1
-1
-1
-1
-1
-1
-1
-1
-1
-1
-1
-1
-1
-1
13
15
21
51
-1
-1
32
-1
-1
-1
-1
-1
-1
-1
-1
-1
-1
83
-1
-1
-1
-1
14
14
24
-1
-1
-1
62
-1
-1
-1
-1
-1
-1
-1
25
-1
-1
30
-1
-1
-1
-1
22
15
22
-1
-1
65
6
-1
-1
-1
-1
-1
-1
-1
28
-1
-1
36
-1
