0
0
0
1906
0
0
0
0
0
0
0
2492
0
0
5
0
0
0
0
2830
1356
4095
0
0
1590
0
0
0
0
0
0
0
0
2966
0
0
4
0
0
0
0
4095
1306
3764
0
0
1286
0
0
0
0
0
0
0
0
2795
0
0
0
0
0
0
4095
573
1479
3375
0
0
0
0
0
0
0
0
0
0
909
1588
1459
0
0
0
0
0
4095
466
1270
2965
0
0
0
0
0
0
0
0
0
0
1207
1870
1503
0
0
0
0
0
4095
530
1184
2751
0
0
0
0
0
0
0
0
0
0
1188
1627
1424
0
0
0
0
0
4095
434
1379
2489
0
0
0
0
0
0
0
0
0
0
0
2653
0
0
0
0
0
0
4095
465
2959
0
0
0
0
0
0
0
0
0
0
0
1330
1761
0
0
0
0
0
0
4095
437
3141
0
0
0
0
0
0
0
0
0
0
0
1505
282
0
0
0
4095
0
4095
778
372
3259
0
0
0
868
0
0
0
0
0
0
0
1493
0
0
0
0
4095
0
4095
808
278
1412
0
0
0
786
0
0
0
0
0
0
0
1470
0
0
0
0
4095
0
4095
992
343
1473
0
0
1140
0
0
0
0
0
0
0
0
271
0
0
0
0
0
0
4095
936
256
976
0
0
684
0
0
0
0
0
0
0
0
0
0
0
0
0
0
4095
1768
1099
274
0
1481
0
0
0
0
0
0
0
0
0
0
483
0
0
0
0
0
4095
1821
1007
278
0
1694
0
0
0
0
0
0
0
0
0
0
465
0
0
0
0
0
4095
2151
1137
0
0
1304
0
0
0
0
0
0
0
0
0
0
273
0
0
0
0
0
4095
1844
1259
0
0
802
0
0
0
0
0
0
0
0
0
47
0
0
0
0
0
0
4095
2014
1102
0
476
433
0
0
0
0
0
0
0
0
0
320
0
0
0
0
0
4095
4095
2366
1096
0
401
324
0
0
0
0
0
0
0
0
0
315
0
0
0
0
0
1048
4095
1994
1318
0
405
152
0
0
0
0
0
0
0
0
0
56
0
0
0
0
0
1325
4095
1929
272
0
487
92
0
0
0
0
0
0
0
0
49
0
0
0
0
0
0
1617
4095
2247
0
0
303
47
0
0
0
0
0
0
0
0
258
0
0
0
0
0
0
1747
4095
2171
0
0
99
0
0
0
0
0
0
0
0
0
295
0
0
0
0
0
519
1132
4095
1883
0
84
11
0
0
0
0
0
0
0
0
0
349
0
0
0
0
0
589
4095
4095
1268
0
263
33
0
0
0
0
0
0
1174
0
0
0
0
0
0
0
0
249
4095
4095
332
0
34
3
0
0
0
0
0
0
1655
0
0
0
0
0
0
0
0
93
4095
0
209
0
178
446
0
0
0
0
0
0
1479
0
0
0
0
0
0
0
0
0
4095
151
0
262
201
622
0
0
0
0
0
3319
0
0
0
0
0
0
0
0
0
2105
0
0
0
692
159
0
0
0
0
0
0
1841
1414
0
0
0
0
0
0
0
0
82
0
0
0
779
119
0
0
0
0
0
0
2947
1231
0
0
0
0
0
0
0
0
343
0
0
0
616
81
0
0
0
0
0
0
2987
1350
0
0
0
0
0
0
0
0
717
0
0
628
107
106
0
0
0
0
0
0
3288
1198
0
0
0
0
0
0
0
846
0
0
0
1104
145
0
0
0
0
0
0
0
3176
0
0
0
0
0
0
0
0
1761
0
0
0
1153
75
0
0
0
0
0
0
0
3675
0
0
0
0
0
0
48
0
2798
0
0
803
246
0
0
0
0
0
0
0
2513
1385
185
0
0
0
0
0
56
2029
0
0
0
1472
118
0
0
0
0
0
0
0
2433
0
405
0
0
0
0
0
0
1775
0
0
0
1327
208
0
0
0
0
0
0
0
1859
0
298
0
0
0
0
85
37
0
2124
0
0
682
51
0
0
0
0
0
0
0
0
0
0
0
0
0
0
0
0
1064
1142
0
0
698
274
0
0
0
0
0
0
0
0
0
0
0
0
0
0
0
1012
1827
0
0
1047
242
463
0
0
0
0
0
0
0
0
0
0
0
0
0
58
0
1182
1413
0
0
0
1275
459
0
0
0
0
0
0
0
0
0
0
0
0
0
0
0
1122
515
0
0
0
1664
0
0
0
0
24
0
0
0
0
0
0
0
0
0
0
0
1451
0
0
0
0
967
0
0
0
0
82
0
0
0
0
0
0
0
0
0
0
1003
0
0
0
0
1126
7
0
0
0
0
53
0
0
0
0
0
0
0
0
1146
0
0
0
0
1144
0
0
0
0
0
0
0
52
0
0
0
0
0
0
0
0
222
0
0
0
0
366
0
0
22
0
0
0
49
0
0
0
0
0
0
0
0
0
0
0
0
0
0
390
0
0
0
0
0
0
92
0
0
0
0
0
0
0
0
0
0
0
0
0
0
408
0
0
0
0
0
0
80
0
0
0
0
0
0
0
0
0
0
0
0
0
0
0
0
0
0
0
0
0
0
0
0
0
0
0
0
0
0
19
0
0
0
0
0
0
0
0
0
0
0
0
0
0
0
0
0
0
0
0
0
0
0
0
0
0
0
0
0
0
0
0
0
0
0
0
0
0
0
0
0
0
0
9
0
0
0
0
0
0
0
0
0
0
0
4095
0
0
4095
0
0
0
0
0
0
22
0
0
0
0
0
0
0
0
0
0
0
15
0
0
4095
0
0
0
0
0
42
0
0
0
0
0
0
0
0
0
0
0
0
0
0
0
4095
0
0
0
0
0
129
0
0
0
0
0
0
0
0
0
0
0
0
0
0
0
0
0
0
0
0
0
4095
0
0
0
0
0
0
0
0
0
0
0
0
0
0
0
0
0
0
0
0
4095
68
0
0
0
0
0
0
0
0
0
0
0
0
0
0
0
0
0
0
0
0
4095
0
0
0
0
0
0
0
0
0
0
0
0
0
0
0
0
0
0
0
0
0
4095
0
0
0
0
0
0
0
0
0
0
0
0
0
0
0
0
0
0
0
0
0
4095
0
0
0
0
0
0
0
0
0
0
0
0
0
0
0
0
0
0
0
0
4095
0
0
0
0
0
0
0
0
0
0
0
0
4095
0
0
0
0
4095
0
0
0
99
0
0
0
0
0
0
0
0
0
0
0
0
4095
0
0
0
0
1137
0
0
0
16
0
0
0
0
0
0
0
0
0
0
0
0
0
0
0
0
4095
1146
0
0
91
0
0
0
0
0
0
0
0
0
0
0
0
67
0
0
0
4095
4095
1210
0
0
197
0
0
0
0
0
0
0
0
0
0
0
3
17
0
0
0
4095
3552
1215
0
0
992
689
0
0
0
0
0
0
0
0
0
0
6
14
0
0
0
4095
3870
1277
0
0
882
1111
0
0
0
0
0
0
0
0
0
0
172
0
0
0
3679
3541
3950
4095
0
0
2028
97
0
0
0
0
0
0
0
0
0
0
162
0
0
0
3353
3120
3538
0
0
1500
1090
0
0
0
0
0
0
0
0
0
0
0
574
0
0
1526
1581
3220
4095
4095
0
1487
1143
0
0
0
0
0
0
0
0
0
0
0
503
0
0
1736
1749
3683
4095
4095
225
0
2535
0
0
0
0
0
0
0
0
0
0
0
0
0
0
3635
1520
3479
4095
2888
277
1381
614
0
0
0
0
0
0
0
0
0
0
0
0
0
0
4095
1575
3159
4095
0
0
1827
0
0
0
0
0
0
0
1664
0
0
3
0
0
0
0
2637
1608
3134
4095
