363
0
0
0
0
0
0
0
0
0
1316
5
0
0
0
0
0
3812
0
0
0
0
0
586
0
0
0
0
0
0
0
0
0
0
8
0
0
0
0
3698
0
0
0
0
0
1774
0
0
0
0
0
0
0
0
0
0
0
0
0
0
1320
3875
0
0
0
0
0
0
0
0
0
0
0
0
0
0
0
0
0
0
0
0
1981
3952
0
0
0
0
0
0
0
0
0
0
0
0
0
479
0
0
0
0
0
0
2594
0
0
0
0
0
0
0
0
0
0
0
0
0
0
1293
0
0
0
0
0
1014
3533
0
0
0
0
0
0
0
0
0
0
0
0
0
0
1267
0
0
0
0
0
1994
3650
0
0
0
0
0
0
0
0
0
0
0
0
0
0
1515
0
0
0
0
0
2069
3689
0
0
0
0
0
0
562
0
0
0
0
0
0
0
1320
0
0
0
0
-6130
2336
3662
0
0
0
0
0
563
1127
0
0
0
0
0
0
0
0
0
0
0
0
7384
0
0
0
0
0
0
0
1064
0
0
0
0
0
0
0
0
0
0
0
0
0
0
0
0
0
0
0
0
522
582
0
0
0
0
0
0
0
0
0
0
0
0
0
0
0
0
0
0
0
0
0
0
0
0
0
0
0
0
0
0
0
0
0
0
0
0
3056
0
0
0
0
0
481
0
0
0
0
0
0
0
0
0
0
0
0
0
0
0
2959
0
0
0
0
0
0
0
0
0
0
0
0
0
0
0
0
0
0
0
0
1980
0
0
0
0
0
0
0
0
0
0
0
0
0
0
0
0
0
0
0
0
0
2137
0
0
0
0
0
0
0
0
0
0
0
0
0
0
0
0
0
0
0
0
0
2586
0
0
0
0
0
0
0
0
0
0
0
0
0
0
0
0
0
0
0
0
0
2581
0
0
0
0
0
0
0
0
0
0
0
0
0
0
0
0
0
0
0
0
0
0
0
0
0
0
0
0
0
0
0
0
0
0
0
0
0
0
0
0
0
0
0
0
0
0
0
0
0
0
0
0
0
0
0
0
0
0
0
0
0
0
0
0
0
0
0
0
0
0
0
0
0
0
0
0
0
0
0
0
0
0
0
0
0
0
0
0
0
0
0
0
0
0
0
0
0
0
0
0
167
167
0
0
0
0
0
0
0
0
0
0
0
0
0
0
0
0
0
0
0
0
171
171
0
0
0
0
0
0
0
0
0
0
0
0
0
0
0
0
0
0
0
0
0
0
0
0
0
0
0
0
0
0
0
0
0
0
0
0
0
0
0
0
0
0
0
0
0
0
0
0
0
0
0
0
0
0
0
0
0
0
0
0
0
0
0
0
0
0
0
0
0
0
0
0
0
0
0
0
0
0
0
0
0
0
0
0
0
0
0
0
0
0
0
0
0
0
0
0
0
0
0
0
0
0
0
0
2
3
0
0
0
0
0
0
0
0
0
0
71
0
0
334
0
0
0
0
0
0
5
1040
0
0
0
0
0
0
0
0
0
12
0
0
0
400
0
0
0
0
0
0
0
0
0
0
0
0
0
0
0
0
0
137
0
0
0
337
0
0
0
0
0
0
3
1300
2822
0
0
0
0
0
0
0
0
0
0
0
494
814
0
0
0
0
0
0
5
1520
0
0
0
0
0
0
0
0
150
170
0
0
477
0
0
0
0
0
0
0
5
1519
0
0
0
0
0
0
0
0
61
0
0
0
554
0
0
0
0
0
0
159
163
1577
0
0
0
0
0
0
0
0
0
0
0
0
502
0
0
0
0
0
0
713
716
2103
0
0
0
0
0
0
0
0
0
0
0
570
0
0
0
0
0
0
0
407
409
0
0
0
0
0
0
0
0
0
0
0
0
524
0
0
0
0
0
0
0
0
2
0
0
0
0
0
0
0
0
0
0
0
0
516
0
0
0
0
0
0
0
0
0
0
0
0
0
0
0
0
0
0
0
0
0
546
0
0
0
0
0
0
0
0
0
0
0
0
0
0
0
0
0
0
0
0
0
549
0
0
0
0
0
0
0
0
0
0
0
0
0
0
0
0
0
0
0
0
0
587
0
0
0
0
0
0
0
0
0
0
0
0
0
0
0
0
0
0
0
0
635
1164
0
0
0
0
0
0
0
0
0
0
0
0
0
0
0
0
0
0
0
0
0
460
0
0
0
0
0
0
0
0
0
0
0
0
0
0
0
0
0
0
0
173
606
0
0
0
0
0
0
0
0
0
0
0
0
0
0
0
0
0
0
0
0
175
0
0
0
0
0
0
0
0
0
0
0
0
0
0
0
0
0
0
0
0
0
0
0
0
0
0
0
0
6
0
0
0
0
0
0
0
0
0
0
0
0
0
0
0
0
0
0
0
0
0
0
0
0
0
0
0
0
0
0
0
0
0
0
0
0
0
0
0
0
0
0
0
0
0
0
0
0
0
0
0
0
0
0
0
0
0
0
0
0
0
0
0
0
0
0
0
0
0
0
0
0
0
0
0
0
0
0
0
0
0
0
0
0
0
0
0
0
0
0
0
0
0
0
0
0
0
0
0
0
0
0
0
0
0
0
0
0
0
0
0
0
0
0
0
0
0
0
0
0
0
0
0
0
0
0
0
0
0
0
0
0
0
-6844
0
0
0
0
0
0
0
0
0
0
0
0
0
0
0
0
0
0
0
0
0
8887
0
0
0
0
0
0
0
0
0
0
0
0
0
0
0
0
0
0
0
0
1202
0
0
0
0
0
0
0
0
0
0
0
0
0
0
0
0
0
0
0
0
345
2244
0
0
0
0
0
0
0
0
0
0
0
0
0
0
0
0
0
0
0
0
0
0
0
0
0
0
0
0
0
0
0
0
0
0
0
0
0
0
0
0
0
0
0
0
0
0
0
0
0
0
0
0
0
0
0
0
0
0
0
0
0
0
0
0
0
0
0
0
0
0
0
0
0
0
0
0
0
0
0
0
0
0
0
0
0
0
-5483
-8431
-8179
-406
0
0
0
0
0
0
0
0
0
0
0
0
0
0
0
0
0
0
-5064
-7482
-6986
-460
0
0
0
0
0
0
0
0
0
0
0
0
0
0
0
0
0
0
-4152
-6317
-5449
1029
0
0
0
0
0
0
0
0
0
0
0
0
0
0
0
0
0
0
18829
26095
27440
0
0
24
0
0
0
0
0
0
0
0
0
0
0
0
0
0
0
0
1549
0
0
0
0
92
0
0
0
0
0
0
0
0
0
0
0
0
0
0
0
2495
0
0
0
0
0
152
0
0
0
0
0
0
0
0
0
3
3
3
0
0
0
2322
0
0
0
0
0
890
0
0
0
0
0
0
0
0
1
6
6
0
0
0
0
2070
0
0
0
0
0
926
0
0
0
0
0
0
0
0
2
8
143
0
0
0
1452
0
0
0
0
197
82
0
0
0
0
0
0
0
0
0
3
11
125
0
0
0
1497
0
0
0
0
259
0
0
0
0
0
0
0
0
0
0
4
494
494
0
0
0
1728
0
0
0
0
190
0
0
0
0
0
0
0
0
0
0
3
418
418
0
0
0
0
0
0
0
0
0
0
0
0
0
0
0
0
0
0
0
2
4
0
0
0
889
0
0
0
0
0
0
0
0
0
0
0
0
0
0
0
0
0
0
0
0
0
3314
0
0
0
0
0
