963
0
0
0
0
0
0
0
0
1186
0
4
0
0
0
0
2639
0
0
2791
0
0
0
0
0
0
0
0
0
0
0
1401
0
3
0
0
0
1810
3658
0
0
0
0
561
0
0
0
0
0
0
0
0
0
1378
1
0
0
0
0
2789
0
0
0
0
0
643
0
0
0
0
0
0
0
0
0
1652
0
0
0
0
0
3517
0
0
0
1146
814
190
0
0
0
0
0
0
0
0
0
0
0
0
0
0
768
3674
0
0
0
1336
810
214
0
0
0
0
0
0
0
0
0
0
0
0
0
0
2377
3860
0
0
0
1358
790
194
0
0
0
0
0
0
0
0
1439
0
0
0
0
0
2176
3847
0
0
1949
1360
773
184
0
0
0
0
0
0
0
0
0
0
0
0
0
1183
3182
3911
0
0
1843
1333
798
215
0
0
0
0
0
0
0
0
0
0
0
0
0
0
3451
0
0
0
1905
1347
800
184
0
0
0
0
0
0
0
265
0
0
0
0
0
0
3343
0
0
0
1043
516
0
658
0
0
0
0
0
0
0
286
0
0
0
0
0
0
3302
0
0
0
1293
637
0
640
41
24
0
0
0
0
0
289
0
0
0
0
0
0
3379
0
0
0
542
0
558
0
162
53
0
0
0
0
0
276
0
0
0
0
0
1924
0
0
0
448
0
529
1070
162
102
16
0
0
0
0
0
234
0
0
0
0
0
2022
0
0
0
0
386
895
399
102
39
0
0
0
0
0
0
243
0
0
0
0
0
2086
0
0
0
0
415
630
95
39
24
0
0
0
0
0
0
0
0
0
0
0
0
2174
0
0
0
0
486
323
26
26
0
0
0
0
0
0
0
0
0
0
0
0
0
2066
0
0
0
0
0
77
77
77
0
0
0
0
0
0
0
0
0
0
0
0
0
0
0
0
0
0
0
39
39
39
0
0
0
0
0
0
0
0
0
0
0
0
0
0
0
0
0
0
0
0
0
0
0
0
0
0
0
0
0
0
0
0
0
0
0
0
0
0
0
0
0
0
0
0
0
0
0
0
0
0
0
0
0
0
0
0
514
0
0
0
0
0
0
0
0
0
0
0
0
0
231
231
0
0
0
0
0
0
556
0
0
0
0
0
0
0
0
0
0
0
0
0
336
336
0
0
0
0
0
0
0
0
0
0
0
0
0
0
0
0
0
0
0
0
0
0
0
0
0
0
0
0
0
0
0
0
0
0
0
0
0
0
0
0
0
0
0
0
0
0
0
0
0
0
0
0
0
0
0
0
0
0
0
0
0
0
0
0
0
0
0
0
0
0
0
0
0
0
0
0
0
0
0
0
0
0
0
0
0
0
0
0
0
0
0
0
0
0
0
0
0
228
0
0
0
0
0
0
0
0
1261
0
0
0
0
0
0
0
0
0
22
3586
3930
4092
0
223
0
0
0
0
3
4
0
0
0
0
0
0
0
0
0
0
0
0
390
641
0
0
0
0
0
0
3
589
0
0
0
0
0
0
0
0
0
57
0
0
370
599
0
0
0
0
0
0
3
1443
0
0
0
0
0
0
0
0
11
184
496
0
393
0
0
0
0
0
0
0
2
1980
0
0
0
0
0
0
0
0
66
414
472
0
422
0
85
0
0
0
0
0
2
1761
0
0
0
0
0
0
0
0
69
366
0
437
824
0
0
0
0
0
0
0
5
1741
0
0
0
0
0
0
0
0
749
548
0
453
833
0
0
0
0
0
0
0
584
2233
0
0
0
0
0
0
0
0
526
0
574
1065
0
0
0
0
0
0
0
581
697
0
0
0
0
0
0
0
0
0
532
0
602
1059
0
0
0
0
0
0
0
696
24
0
0
0
0
0
0
0
124
0
1193
579
0
491
0
0
0
0
0
0
0
22
0
0
0
0
0
0
0
0
0
0
0
644
0
439
0
0
0
0
0
0
0
0
0
0
0
0
0
0
0
0
0
0
559
0
600
0
0
0
0
0
0
0
20
0
0
0
0
0
0
0
0
0
0
0
613
0
578
0
0
0
0
0
0
0
0
0
0
0
0
0
0
0
0
0
0
0
538
0
576
1062
487
0
0
0
0
0
0
0
0
0
0
0
0
0
0
0
0
525
525
0
549
1007
168
0
0
0
0
0
0
0
0
0
0
0
0
0
0
0
0
0
0
571
1125
0
0
0
0
0
0
0
0
0
0
0
0
0
0
0
1112
1112
0
0
0
541
1142
0
0
0
0
0
0
0
0
0
0
0
0
0
0
0
677
677
0
0
0
276
0
0
0
0
0
0
0
0
0
0
0
0
0
0
0
0
0
0
0
0
0
0
0
0
0
0
0
1
0
0
0
0
0
0
0
0
0
0
0
0
0
0
0
0
0
0
0
0
0
0
0
0
0
0
0
0
0
0
0
163
163
163
163
163
163
0
0
0
0
0
0
0
0
0
0
0
0
0
0
0
0
0
0
0
0
0
0
0
0
0
0
0
0
0
0
0
0
0
0
0
0
0
0
0
0
0
0
0
0
0
0
0
0
0
0
0
0
0
0
0
0
0
0
0
0
2
2
2
2
2
0
0
0
0
0
0
0
4095
4095
4095
0
0
0
0
0
0
0
18
18
18
18
18
0
11
11
11
11
11
11
0
0
0
0
0
0
0
0
0
35
35
35
35
35
27
8
0
0
0
0
0
0
0
0
807
0
0
0
0
0
0
62
62
62
62
62
32
0
0
0
0
0
0
0
0
0
1903
0
0
0
0
0
0
57
57
57
57
57
14
0
0
0
0
0
0
0
0
0
2346
0
0
4078
4078
4078
4078
17
17
17
17
17
0
0
0
0
0
0
0
0
0
264
2287
4078
4078
4095
4095
4095
0
25
25
25
25
25
0
0
0
0
0
0
0
0
0
1356
2819
4095
4095
4082
4082
4082
0
0
0
0
0
0
0
0
0
0
0
0
0
0
0
1189
2714
4082
4082
4095
4095
4095
0
0
0
0
0
0
0
0
0
0
0
0
0
0
0
1197
2667
4095
4095
4095
4095
0
0
0
0
0
0
0
0
0
0
0
0
0
4095
4095
3683
2086
0
4095
4095
4025
4025
0
0
0
0
0
0
0
0
0
0
0
0
0
4095
4095
3123
1570
0
4025
4025
0
5
0
0
0
0
0
0
0
0
0
0
0
0
0
0
0
1316
2460
0
0
0
0
34
0
0
0
0
0
0
0
0
0
0
0
0
0
0
0
1325
2095
0
0
0
0
0
0
0
0
0
0
0
0
0
0
0
0
0
0
0
0
2499
0
0
0
0
77
0
0
0
0
0
0
0
0
0
0
1
1
0
0
0
325
2631
0
0
0
0
0
885
0
0
0
0
0
0
0
0
3
8
86
0
0
0
1533
0
0
0
91
77
614
0
0
0
0
0
0
0
0
0
2
10
125
0
0
0
1437
0
0
0
118
0
0
0
0
0
0
0
0
0
0
0
2
174
174
0
0
0
1464
0
0
0
126
0
0
0
0
0
0
0
0
0
0
0
2
568
568
0
0
0
0
0
0
0
124
0
0
0
0
0
0
0
0
0
0
0
2
238
238
238
238
2354
0
0
0
0
0
1272
0
0
0
0
0
0
0
0
0
706
709
709
709
709
709
3050
0
0
0
0
0
0
0
0
0
0
0
0
0
0
0
1629
1634
0
0
0
0
2320
0
0
0
0
969
0
