-1
29
3
26
30
-1
-1
64
-1
-1
-1
-1
-1
-1
-1
-1
91
-1
-1
12
-1
-1
-1
31
3
24
39
-1
-1
122
-1
-1
-1
-1
-1
-1
-1
5
60
-1
-1
-1
-1
-1
-1
34
3
23
29
-1
-1
-1
-1
-1
-1
-1
-1
-1
-1
26
31
27
-1
-1
-1
-1
-1
64
4
24
157
-1
-1
-1
-1
-1
-1
-1
-1
-1
-1
55
30
29
-1
-1
-1
-1
-1
65
11
25
-1
-1
-1
-1
-1
-1
-1
-1
-1
-1
-1
-1
32
16
-1
-1
-1
-1
-1
71
13
114
-1
-1
-1
-1
-1
-1
-1
-1
-1
-1
-1
28
33
-1
-1
-1
-1
-1
51
15
15
114
-1
-1
-1
-1
-1
-1
-1
-1
-1
-1
-1
29
24
-1
-1
-1
-1
-1
51
12
13
91
-1
-1
-1
-1
-1
-1
-1
-1
-1
-1
-1
29
-1
-1
-1
-1
70
-1
55
12
12
82
-1
-1
-1
112
-1
-1
-1
-1
-1
-1
-1
32
-1
-1
-1
-1
33
-1
56
6
15
75
-1
-1
68
73
-1
-1
-1
-1
-1
-1
-1
14
-1
-1
-1
-1
58
-1
22
2
13
-1
-1
-1
63
-1
-1
-1
-1
-1
-1
-1
-1
3
-1
-1
-1
-1
-1
29
23
3
32
-1
92
-1
129
-1
-1
-1
-1
-1
-1
-1
6
-1
-1
-1
-1
-1
-1
56
24
2
25
-1
62
-1
-1
-1
-1
-1
-1
-1
-1
-1
-1
23
-1
-1
-1
-1
-1
58
18
3
20
-1
54
-1
-1
-1
-1
-1
-1
-1
-1
-1
-1
21
-1
-1
-1
-1
-1
62
13
3
-1
23
48
-1
-1
-1
-1
-1
-1
-1
-1
-1
-1
4
-1
-1
-1
-1
-1
63
13
2
-1
19
58
-1
-1
-1
-1
-1
-1
-1
-1
-1
14
-1
-1
-1
-1
-1
28
28
13
3
-1
19
25
-1
-1
-1
-1
-1
-1
-1
-1
-1
18
-1
-1
-1
-1
-1
29
28
13
3
-1
22
20
-1
-1
-1
-1
-1
-1
-1
-1
-1
11
-1
-1
-1
-1
-1
30
23
13
-1
-1
18
18
-1
-1
-1
-1
-1
-1
-1
-1
-1
-1
-1
-1
-1
-1
-1
40
20
14
-1
-1
19
16
-1
-1
-1
-1
-1
-1
-1
-1
-1
-1
-1
-1
-1
-1
13
29
22
13
-1
4
19
1
-1
-1
-1
-1
-1
-1
-1
-1
-1
-1
-1
-1
-1
-1
14
27
21
14
-1
8
21
2
-1
-1
-1
-1
-1
-1
-1
-1
-1
-1
-1
-1
-1
-1
14
27
20
15
-1
4
18
-1
-1
-1
-1
-1
-1
4
-1
-1
-1
-1
-1
-1
-1
-1
22
26
22
27
-1
9
28
-1
-1
-1
-1
-1
-1
21
-1
-1
-1
-1
-1
-1
-1
-1
30
27
18
-1
-1
8
32
-1
-1
-1
-1
-1
-1
44
-1
-1
-1
-1
-1
-1
-1
-1
57
52
16
-1
20
8
-1
-1
-1
-1
-1
-1
10
-1
-1
-1
-1
-1
-1
-1
-1
-1
-1
-1
18
-1
20
13
-1
-1
-1
-1
-1
-1
50
25
-1
-1
-1
-1
-1
-1
-1
-1
32
-1
44
-1
17
21
-1
-1
-1
-1
-1
-1
65
23
-1
-1
-1
-1
-1
-1
-1
-1
38
-1
-1
42
5
43
-1
-1
-1
-1
-1
-1
100
22
-1
-1
-1
-1
-1
-1
-1
-1
59
-1
-1
36
5
-1
-1
-1
-1
-1
-1
-1
107
22
-1
-1
-1
-1
-1
-1
-1
-1
124
-1
-1
38
25
-1
-1
-1
-1
-1
-1
-1
112
13
-1
-1
-1
-1
-1
-1
-1
44
-1
-1
-1
70
31
-1
-1
-1
-1
-1
-1
-1
113
-1
-1
-1
-1
-1
-1
-1
-1
125
-1
-1
-1
18
26
-1
-1
-1
-1
-1
-1
-1
115
-1
-1
-1
-1
-1
-1
36
39
-1
-1
-1
54
17
63
-1
-1
-1
-1
-1
-1
98
12
22
-1
-1
-1
-1
-1
60
99
-1
-1
-1
47
20
-1
-1
-1
-1
-1
-1
-1
81
-1
25
-1
-1
-1
-1
6
-1
162
-1
-1
-1
47
49
-1
-1
-1
-1
-1
-1
-1
49
-1
6
-1
-1
-1
-1
6
33
-1
-1
-1
-1
79
53
-1
-1
-1
-1
-1
-1
-1
-1
-1
-1
-1
-1
-1
-1
-1
33
66
-1
-1
59
25
62
-1
-1
-1
-1
-1
9
-1
-1
-1
-1
-1
-1
-1
3
-1
30
65
-1
-1
65
21
-1
-1
-1
-1
51
-1
-1
-1
-1
-1
-1
-1
-1
-1
5
-1
30
45
-1
-1
116
22
-1
-1
-1
-1
46
-1
-1
-1
-1
-1
-1
-1
-1
-1
-1
30
30
68
-1
-1
-1
30
-1
-1
-1
-1
45
-1
-1
-1
-1
-1
-1
-1
-1
-1
-1
84
12
-1
-1
-1
42
37
-1
-1
-1
-1
37
-1
-1
-1
-1
-1
-1
-1
-1
2
-1
-1
-1
-1
-1
-1
32
29
-1
-1
-1
35
7
-1
-1
-1
-1
-1
-1
-1
-1
3
-1
-1
-1
-1
87
-1
-1
131
-1
-1
-1
43
-1
-1
-1
-1
-1
-1
-1
-1
-1
-1
-1
-1
-1
-1
32
-1
-1
-1
-1
-1
-1
35
-1
-1
-1
-1
-1
-1
-1
-1
-1
-1
-1
-1
-1
-1
65
-1
-1
-1
-1
-1
-1
26
-1
-1
-1
-1
-1
-1
-1
-1
-1
-1
-1
-1
-1
-1
-1
-1
-1
-1
-1
-1
-1
16
-1
-1
-1
-1
-1
-1
-1
-1
2
-1
-1
-1
-1
-1
-1
-1
-1
-1
-1
-1
37
-1
-1
-1
-1
-1
-1
-1
-1
-1
-1
-1
-1
-1
-1
-1
-1
-1
-1
-1
-1
-1
31
-1
-1
-1
-1
-1
-1
-1
-1
-1
-1
-1
-1
-1
-1
-1
-1
-1
-1
-1
-1
-1
101
-1
-1
-1
-1
-1
-1
-1
-1
-1
10
-1
-1
-1
-1
-1
-1
-1
-1
-1
-1
-1
-1
-1
-1
60
-1
-1
-1
-1
-1
-1
-1
-1
-1
-1
-1
-1
-1
-1
-1
-1
-1
-1
-1
-1
-1
51
-1
-1
-1
-1
-1
23
-1
-1
-1
-1
-1
-1
-1
-1
-1
-1
-1
-1
-1
-1
-1
136
-1
-1
-1
-1
-1
24
-1
-1
-1
-1
-1
-1
-1
-1
-1
-1
-1
-1
-1
-1
198
-1
-1
-1
-1
-1
-1
30
-1
-1
-1
-1
-1
-1
-1
-1
-1
-1
-1
-1
-1
-1
-1
-1
-1
-1
-1
-1
-1
24
-1
-1
-1
-1
-1
-1
-1
-1
-1
-1
-1
-1
-1
-1
-1
-1
-1
-1
-1
-1
8
-1
-1
-1
-1
-1
-1
-1
-1
-1
-1
-1
-1
-1
-1
-1
-1
-1
-1
-1
-1
-1
-1
-1
-1
-1
-1
-1
-1
-1
-1
-1
-1
-1
-1
-1
-1
-1
-1
-1
-1
-1
-1
-1
-1
-1
-1
-1
-1
-1
-1
-1
-1
-1
-1
-1
164
-1
-1
-1
-1
-1
-1
-1
-1
5
-1
-1
-1
-1
-1
-1
-1
-1
-1
-1
-1
-1
-1
-1
-1
-1
-1
214
-1
-1
-1
5
-1
-1
-1
-1
-1
-1
-1
-1
-1
-1
-1
-1
-1
-1
-1
-1
67
32
-1
-1
-1
-1
-1
-1
-1
-1
-1
-1
-1
-1
-1
-1
-1
3
-1
-1
-1
38
27
32
-1
-1
12
-1
-1
-1
-1
-1
-1
-1
-1
-1
-1
-1
-1
3
-1
-1
-1
43
28
34
-1
-1
25
-1
-1
-1
-1
-1
-1
-1
-1
-1
-1
-1
-1
3
-1
-1
-1
43
27
20
-1
-1
31
-1
-1
-1
-1
-1
-1
-1
-1
-1
-1
-1
33
-1
-1
-1
18
22
28
36
-1
-1
31
-1
-1
-1
-1
-1
-1
-1
-1
-1
-1
-1
57
-1
-1
-1
21
24
28
51
-1
-1
42
-1
-1
-1
-1
-1
-1
-1
-1
-1
-1
-1
67
-1
-1
5
13
22
30
-1
-1
100
31
-1
-1
-1
-1
-1
-1
-1
-1
-1
-1
-1
85
-1
-1
13
13
26
31
10
32
-1
34
-1
-1
-1
-1
-1
-1
-1
-1
-1
-1
-1
56
-1
-1
13
15
29
29
12
30
30
31
-1
-1
-1
-1
-1
-1
-1
-1
-1
-1
-1
-1
-1
-1
12
13
29
29
-1
60
30
6
-1
-1
-1
-1
-1
-1
-1
-1
-1
-1
-1
-1
-1
-1
15
15
35
33
21
-1
30
-1
-1
-1
-1
-1
-1
-1
71
-1
-1
95
-1
-1
-1
-1
21
17
30
6
-1
30
12
-1
-1
-1
-1
-1
-1
-1
31
-1
-1
30
-1
-1
-1
