-1
-1
-1
-1
27
86
21
-1
-1
124
-1
-1
-1
-1
-1
-1
-1
-1
59
-1
-1
25
-1
-1
-1
9
87
49
21
-1
-1
-1
-1
-1
-1
-1
-1
-1
-1
-1
30
-1
-1
-1
-1
-1
-1
7
6
18
17
-1
-1
-1
-1
-1
-1
-1
-1
-1
-1
22
50
34
-1
-1
-1
-1
-1
8
5
16
47
-1
-1
-1
-1
-1
-1
-1
-1
-1
-1
22
47
61
-1
-1
-1
-1
-1
9
5
16
19
-1
-1
-1
-1
-1
-1
-1
-1
-1
-1
-1
49
18
-1
-1
-1
-1
-1
38
35
17
21
-1
-1
-1
-1
-1
-1
-1
-1
-1
-1
21
29
-1
-1
-1
30
-1
-1
53
47
15
-1
-1
-1
-1
-1
-1
-1
-1
-1
-1
-1
21
27
-1
-1
-1
30
-1
65
9
5
40
-1
-1
-1
12
-1
-1
-1
-1
-1
-1
-1
48
27
-1
-1
-1
77
-1
54
48
6
42
-1
-1
-1
33
-1
-1
-1
-1
-1
-1
-1
24
-1
-1
-1
-1
30
-1
21
38
5
13
-1
-1
-1
39
-1
-1
-1
-1
-1
-1
-1
11
-1
4
-1
-1
-1
-1
65
36
102
125
-1
-1
-1
-1
-1
-1
-1
-1
-1
-1
-1
8
-1
-1
-1
-1
-1
76
49
40
5
-1
25
-1
-1
-1
-1
-1
-1
-1
-1
-1
-1
30
-1
-1
-1
-1
-1
87
18
9
4
-1
42
-1
-1
-1
-1
-1
-1
-1
-1
-1
-1
47
-1
-1
-1
-1
-1
28
22
62
36
-1
56
-1
-1
-1
-1
-1
-1
-1
-1
-1
-1
67
-1
-1
-1
-1
-1
43
23
9
25
52
28
-1
-1
-1
-1
-1
-1
-1
-1
-1
-1
7
-1
-1
-1
-1
-1
29
19
10
-1
40
30
-1
-1
-1
-1
-1
-1
-1
-1
-1
-1
-1
-1
-1
-1
-1
34
28
23
10
-1
33
59
-1
-1
-1
-1
-1
-1
-1
-1
-1
20
-1
-1
-1
-1
-1
48
29
20
11
-1
23
69
-1
-1
-1
-1
-1
-1
-1
-1
-1
20
-1
-1
-1
-1
-1
29
31
21
3
-1
79
15
-1
-1
-1
-1
-1
-1
-1
-1
-1
48
-1
-1
-1
-1
-1
30
34
23
21
-1
88
23
-1
-1
-1
-1
-1
-1
-1
-1
-1
-1
-1
-1
-1
-1
-1
35
32
41
-1
-1
38
-1
-1
-1
-1
-1
-1
-1
-1
-1
-1
-1
-1
-1
-1
-1
-1
30
29
22
-1
13
24
46
-1
-1
-1
-1
-1
-1
-1
-1
9
-1
-1
-1
-1
-1
25
33
29
27
-1
13
29
-1
-1
-1
-1
-1
-1
-1
-1
-1
-1
-1
-1
-1
-1
-1
68
55
31
26
-1
12
22
-1
-1
-1
-1
-1
-1
25
-1
-1
-1
-1
-1
-1
-1
-1
82
59
3
22
-1
51
22
-1
-1
-1
-1
-1
-1
26
-1
-1
-1
-1
-1
-1
-1
-1
40
29
-1
-1
22
13
80
-1
-1
-1
-1
-1
7
48
-1
29
-1
-1
-1
-1
-1
-1
-1
60
-1
-1
66
12
-1
-1
-1
-1
-1
-1
49
51
-1
-1
-1
-1
-1
-1
-1
-1
9
-1
-1
-1
3
19
-1
-1
-1
-1
-1
-1
41
30
-1
-1
-1
-1
-1
-1
-1
-1
108
-1
-1
-1
49
5
-1
-1
-1
-1
-1
-1
30
56
-1
-1
-1
-1
-1
-1
-1
-1
2
-1
-1
89
3
65
-1
-1
-1
-1
-1
-1
87
27
29
-1
-1
-1
-1
-1
-1
-1
-1
-1
-1
10
2
-1
-1
-1
-1
-1
-1
-1
31
45
-1
-1
-1
-1
-1
-1
-1
79
-1
-1
-1
40
3
-1
-1
-1
-1
-1
-1
-1
51
-1
30
-1
-1
-1
-1
-1
-1
65
-1
-1
50
13
6
-1
-1
-1
-1
-1
-1
-1
53
30
30
-1
-1
-1
-1
12
-1
65
-1
-1
32
14
19
-1
-1
-1
-1
-1
-1
27
12
14
-1
-1
-1
-1
30
35
-1
-1
-1
-1
52
47
-1
-1
-1
-1
-1
-1
-1
29
44
56
-1
-1
-1
-1
-1
-1
-1
83
-1
-1
27
43
-1
-1
-1
-1
-1
-1
-1
42
-1
14
-1
-1
-1
-1
42
25
30
31
-1
-1
61
32
-1
-1
-1
-1
-1
-1
-1
-1
-1
22
-1
-1
-1
-1
-1
11
51
50
-1
-1
51
41
-1
-1
-1
-1
-1
-1
-1
-1
-1
-1
-1
-1
-1
-1
32
38
33
-1
-1
-1
50
13
-1
-1
-1
29
-1
-1
-1
-1
50
-1
-1
-1
-1
8
39
37
6
-1
-1
-1
60
-1
-1
-1
-1
26
-1
-1
-1
-1
-1
-1
-1
-1
-1
10
20
29
2
-1
-1
-1
27
-1
-1
-1
-1
29
-1
-1
-1
21
-1
-1
-1
-1
-1
-1
-1
12
-1
-1
-1
-1
7
-1
-1
-1
-1
28
-1
-1
-1
-1
-1
-1
-1
-1
-1
-1
-1
-1
-1
-1
-1
-1
-1
-1
-1
-1
-1
49
-1
-1
-1
-1
-1
-1
-1
-1
60
-1
-1
-1
-1
30
-1
-1
101
-1
-1
-1
3
29
-1
-1
-1
-1
-1
-1
-1
-1
-1
-1
-1
-1
-1
32
-1
-1
-1
-1
-1
-1
17
-1
-1
-1
-1
-1
-1
-1
-1
-1
-1
-1
-1
-1
-1
53
-1
-1
-1
-1
-1
-1
26
-1
-1
-1
-1
-1
-1
-1
-1
-1
23
-1
-1
-1
-1
-1
-1
-1
-1
-1
-1
-1
31
-1
-1
-1
-1
-1
-1
-1
-1
-1
-1
-1
-1
-1
-1
-1
-1
-1
-1
-1
-1
-1
-1
-1
-1
-1
-1
-1
-1
-1
-1
35
-1
-1
-1
-1
-1
-1
-1
-1
-1
-1
-1
49
-1
-1
-1
-1
-1
-1
-1
-1
-1
-1
-1
-1
-1
-1
-1
-1
-1
-1
-1
-1
-1
61
-1
-1
25
-1
-1
-1
-1
-1
-1
52
-1
-1
-1
-1
-1
-1
-1
-1
-1
-1
-1
-1
-1
-1
25
-1
-1
-1
-1
-1
-1
-1
-1
-1
-1
-1
-1
-1
-1
-1
-1
-1
-1
-1
-1
-1
25
-1
-1
-1
-1
-1
-1
-1
-1
-1
-1
-1
-1
-1
-1
-1
-1
-1
-1
-1
-1
-1
72
-1
-1
-1
-1
-1
21
-1
-1
-1
-1
-1
-1
-1
-1
-1
-1
-1
-1
-1
-1
-1
-1
-1
-1
-1
-1
-1
-1
-1
-1
-1
-1
-1
-1
-1
-1
-1
-1
-1
-1
-1
-1
-1
-1
-1
-1
-1
-1
-1
-1
-1
-1
-1
-1
-1
-1
-1
-1
-1
-1
-1
-1
-1
-1
-1
-1
-1
-1
-1
-1
-1
-1
-1
-1
-1
-1
-1
-1
-1
-1
-1
-1
-1
-1
-1
-1
-1
-1
-1
-1
-1
-1
8
-1
-1
-1
-1
-1
-1
-1
-1
-1
-1
-1
-1
-1
-1
-1
-1
-1
-1
-1
-1
-1
-1
-1
-1
-1
-1
-1
-1
-1
-1
-1
-1
-1
-1
-1
-1
-1
-1
-1
-1
-1
-1
-1
-1
-1
-1
-1
-1
-1
-1
-1
-1
-1
-1
-1
-1
-1
-1
-1
27
31
-1
-1
-1
12
-1
-1
-1
-1
-1
-1
-1
-1
-1
-1
-1
-1
-1
-1
-1
-1
30
34
-1
-1
-1
-1
-1
-1
-1
-1
-1
-1
-1
-1
-1
-1
-1
22
-1
-1
-1
22
32
30
-1
-1
28
-1
-1
-1
-1
-1
-1
-1
-1
-1
-1
-1
-1
26
-1
-1
-1
24
28
30
-1
-1
31
-1
-1
-1
-1
-1
-1
-1
-1
-1
-1
-1
6
13
-1
-1
-1
24
28
30
-1
-1
-1
24
-1
-1
-1
-1
-1
-1
-1
-1
-1
-1
18
-1
-1
-1
21
22
27
31
-1
-1
30
33
-1
-1
-1
-1
-1
-1
-1
-1
-1
-1
18
-1
-1
-1
18
21
28
27
-1
38
31
-1
-1
-1
-1
-1
-1
-1
-1
-1
-1
-1
14
-1
-1
6
17
25
30
30
-1
35
31
-1
-1
-1
-1
-1
-1
-1
-1
-1
-1
-1
-1
-1
-1
5
21
25
26
26
-1
35
36
-1
-1
-1
-1
-1
-1
-1
-1
-1
-1
-1
-1
-1
-1
5
18
21
26
26
5
-1
32
-1
-1
-1
-1
-1
-1
-1
-1
-1
-1
-1
-1
-1
-1
6
17
21
27
1
-1
35
6
-1
-1
-1
-1
-1
-1
-1
-1
-1
-1
-1
-1
-1
-1
5
19
24
-1
-1
-1
36
-1
-1
-1
-1
-1
-1
-1
-1
-1
-1
2
-1
-1
-1
-1
5
18
23
-1
-1
-1
13
-1
-1
-1
-1
-1
-1
-1
24
-1
-1
-1
-1
