0
0
0
0
0
0
0
1639
0
6
0
0
0
0
2306
0
0
0
0
0
559
0
0
0
0
0
0
0
0
1748
0
2
0
0
0
0
2353
0
0
2579
0
115
676
0
0
0
0
0
0
0
0
1867
0
1
0
0
0
2344
3808
0
0
0
0
547
0
0
0
0
0
0
0
0
0
1753
0
0
0
0
0
2574
3797
0
0
1084
1084
531
0
0
0
0
0
0
0
0
478
0
0
0
0
0
0
3322
0
0
0
1511
1109
511
0
0
0
0
0
0
0
0
0
0
0
0
0
0
0
3644
0
0
0
1734
1177
606
0
0
0
0
0
0
0
0
1393
0
0
0
0
0
2234
3870
0
0
0
1608
1130
521
0
0
0
0
0
0
0
0
1248
0
0
0
0
0
2299
3882
0
0
0
1710
1241
592
0
0
0
0
0
0
0
0
0
0
0
0
0
1520
3160
3937
0
0
1983
1563
1123
549
0
0
0
0
0
0
0
0
0
0
0
0
0
0
3413
0
0
0
2104
1651
1180
586
0
0
0
0
0
0
0
0
0
0
0
0
0
0
3392
0
0
0
383
0
505
1079
0
0
0
0
0
0
0
0
0
0
0
0
0
0
3448
0
0
0
365
0
528
1127
0
0
0
0
0
0
0
0
0
0
0
0
0
0
3378
0
0
0
379
0
493
1135
72
34
0
0
0
0
0
0
0
0
0
0
0
2133
0
0
0
0
229
1307
823
163
163
48
0
0
0
0
0
0
0
0
0
0
0
2103
0
0
0
0
269
836
280
84
84
4
0
0
0
0
0
0
0
0
0
0
0
2181
0
0
0
0
241
693
79
49
49
0
0
0
0
0
0
0
0
0
0
0
0
2099
0
0
0
0
236
220
33
33
9
0
0
0
0
0
0
0
0
0
0
0
0
2152
0
0
0
0
0
89
89
89
0
0
0
0
0
0
0
0
0
0
0
0
0
0
0
0
0
0
0
28
28
28
0
0
0
0
0
0
0
0
0
0
0
0
0
0
0
0
0
0
0
0
0
0
0
0
0
0
0
0
0
0
0
0
0
0
108
0
0
0
0
0
0
0
0
0
0
0
0
0
0
0
0
0
0
0
0
0
562
0
0
0
0
0
0
0
0
0
0
0
0
0
174
174
0
0
0
0
0
0
564
0
0
0
0
0
0
0
0
0
0
0
0
0
234
234
0
0
0
0
0
0
0
0
0
0
0
0
0
0
0
0
0
0
0
0
164
164
0
0
0
0
0
0
0
0
0
0
0
0
0
0
0
0
0
0
0
146
0
0
0
0
0
0
0
0
0
0
0
0
0
0
0
0
0
0
0
0
0
161
0
0
0
0
0
0
0
0
0
0
0
0
0
0
0
0
0
0
0
0
0
0
230
0
0
0
0
0
0
0
2
0
0
405
0
0
0
0
0
0
0
0
0
1574
0
0
0
0
0
0
0
0
28
306
0
408
0
326
0
0
0
0
0
0
0
0
234
0
0
0
0
0
0
7
0
0
541
1004
0
0
0
0
0
0
3
3
0
0
0
0
0
0
0
0
0
123
99
0
546
939
0
0
0
0
0
0
1
857
0
0
0
0
0
0
0
0
24
179
506
0
529
0
0
0
0
0
0
0
2
1394
0
0
0
0
0
0
0
0
61
0
0
523
1028
0
138
0
0
0
0
0
1
1413
0
0
0
0
0
0
0
0
74
634
0
542
1098
0
0
0
0
0
0
0
3
1396
0
0
0
0
0
0
0
0
900
615
0
622
1184
0
0
0
0
0
0
0
2
1659
0
0
0
0
0
0
0
2101
975
0
615
1112
0
0
0
0
0
0
0
714
716
2178
0
0
0
0
0
0
0
2350
1082
0
634
1132
0
0
0
0
0
0
0
564
566
0
0
0
0
0
0
0
0
0
1229
603
0
535
0
0
0
0
0
0
0
0
1
0
285
0
0
0
0
0
0
0
0
615
0
531
0
0
0
0
0
0
0
0
0
285
0
0
0
0
0
0
0
0
166
0
595
1159
0
0
0
0
0
0
0
0
0
0
0
0
0
0
0
0
0
0
197
0
583
1039
0
0
0
0
0
0
0
0
0
0
0
0
0
0
0
0
0
0
199
0
631
1177
0
0
0
0
0
0
0
0
0
0
0
0
0
0
0
0
0
147
147
0
644
1042
239
0
0
0
0
0
0
0
0
0
0
0
0
0
0
0
0
0
0
189
627
627
0
0
0
0
0
0
0
0
0
0
0
0
0
0
0
0
0
0
0
158
623
623
0
0
0
0
0
0
0
0
0
0
0
0
0
0
0
0
0
0
0
185
0
0
0
0
0
0
0
0
0
0
0
0
0
0
0
0
0
0
0
0
0
1
1
1
0
0
0
0
0
0
0
0
0
0
0
0
0
0
0
0
0
0
0
0
0
0
0
0
0
0
0
0
0
0
0
0
0
0
0
73
73
73
73
73
73
0
0
0
0
0
0
0
0
0
0
0
0
0
0
0
0
0
0
0
0
0
0
0
0
0
0
0
0
0
0
0
0
0
0
0
0
0
0
0
0
0
0
0
0
0
0
0
0
0
0
0
0
0
0
0
0
0
0
0
0
12
12
12
12
12
0
0
0
0
0
0
0
4095
4095
4095
0
0
0
0
0
0
0
13
13
13
13
13
0
12
12
12
12
12
12
0
0
0
0
0
0
0
0
0
32
32
32
32
32
20
5
0
0
0
0
0
0
0
0
1633
0
0
0
0
0
0
60
60
60
60
60
21
0
0
0
0
0
0
0
0
0
2084
0
0
0
0
0
0
71
71
71
71
71
14
0
0
0
0
0
0
0
0
0
2161
0
0
0
0
4080
4080
15
15
15
15
15
0
0
0
0
0
0
0
0
0
137
2262
4080
4080
4080
4080
4095
0
8
8
8
8
8
0
0
0
0
0
0
0
0
0
1317
2871
4095
4095
4095
4095
4083
0
0
0
0
0
0
0
0
0
0
0
0
0
0
0
1341
2796
4083
4083
4083
4083
4095
0
0
0
0
0
0
0
0
0
0
0
0
0
0
0
1217
2699
4095
4095
4095
4095
0
0
0
0
0
0
0
0
0
0
0
0
0
4095
4095
4095
2313
0
4095
4095
4095
4095
0
0
0
0
0
0
0
0
0
0
0
0
0
4095
4095
0
1508
3155
0
0
0
0
0
0
0
0
0
0
0
0
0
0
0
0
0
0
0
1038
2140
0
0
0
0
7
0
0
0
0
0
0
0
0
0
0
0
0
0
0
0
2576
0
0
0
0
0
54
0
0
0
0
0
0
0
0
0
0
0
0
0
0
0
2716
0
0
0
0
31
0
0
0
0
0
0
0
0
0
1
5
5
0
0
0
247
2562
0
0
6
0
74
0
0
0
0
0
0
0
0
0
4
10
93
0
0
0
1128
0
0
0
108
91
0
890
0
0
0
0
0
0
0
0
2
5
110
0
0
0
1754
0
0
0
0
174
0
0
0
0
0
0
0
0
0
0
6
379
379
0
0
0
1417
0
0
0
0
218
0
1129
0
0
0
0
0
0
0
0
4
580
580
0
0
0
0
0
0
0
0
205
0
446
0
0
0
0
0
0
0
0
3
3
3
3
3
2587
0
0
0
0
0
0
1441
0
0
0
0
0
0
0
0
1011
1014
1014
0
0
0
2963
0
0
0
0
0
288
0
0
