3762
0
0
1857
0
320
877
0
0
0
0
0
0
0
0
1701
0
3
0
0
0
0
3921
0
0
0
0
631
1232
0
0
0
0
0
0
0
0
1701
0
0
0
0
0
2020
3902
0
0
1205
1013
499
0
0
0
0
0
0
0
0
0
1792
0
0
0
0
0
2217
0
0
0
1593
1074
535
0
0
0
0
0
0
0
0
1076
0
0
0
0
0
0
3517
0
0
0
1570
1084
528
0
0
0
0
0
0
0
0
1453
0
0
0
0
0
1795
3746
0
0
0
1675
1180
630
0
0
0
0
0
0
0
0
1375
0
0
0
0
0
2043
3814
0
0
0
1610
1156
587
0
0
0
0
0
0
0
0
1239
0
0
0
0
652
2476
3910
0
0
2152
1710
1146
539
0
0
0
0
0
0
0
0
0
0
0
0
0
2309
0
3291
0
0
468
0
456
1055
9
9
0
0
0
0
0
0
0
0
0
0
0
0
3049
0
0
0
372
0
452
1005
41
41
0
0
0
0
0
0
0
0
0
0
0
0
3415
0
0
0
388
0
477
1018
42
42
0
0
0
0
0
0
0
0
0
0
0
0
3459
0
0
0
0
408
843
275
65
50
0
0
0
0
0
0
0
0
0
0
0
1819
3702
0
0
0
281
903
352
51
51
32
0
0
0
0
0
0
0
0
0
0
0
2134
0
0
0
0
267
523
29
29
29
0
0
0
0
0
0
0
0
0
0
0
0
1733
0
0
0
0
284
390
18
18
18
0
0
0
0
0
0
0
0
0
0
0
0
2006
0
0
0
0
306
16
16
16
0
0
0
0
0
0
0
0
0
0
0
0
0
2085
0
0
0
0
0
8
8
8
0
0
0
0
0
0
0
0
0
0
0
0
0
2094
0
0
0
0
0
0
0
0
0
0
0
0
0
0
0
0
0
0
0
0
0
0
0
0
0
0
0
0
0
0
0
0
0
0
0
0
0
0
0
0
0
0
0
0
0
0
0
0
0
0
0
0
0
0
0
0
0
0
0
0
0
0
0
0
459
0
0
0
0
0
0
0
0
0
0
0
0
0
0
0
0
0
0
0
0
0
573
0
0
0
0
0
0
0
0
0
0
0
0
0
117
117
0
0
0
0
0
0
587
0
0
0
0
0
0
0
0
0
0
0
0
0
110
110
0
0
0
0
0
0
0
0
0
0
0
0
0
0
0
0
0
0
0
169
0
0
0
0
0
0
0
0
0
0
0
0
0
0
0
0
0
0
0
0
0
174
0
0
0
0
0
0
0
0
0
0
0
0
0
0
0
0
0
0
0
1
1
0
115
0
0
0
0
0
0
0
0
0
0
0
0
384
0
0
0
0
0
0
0
0
0
0
0
0
0
0
0
0
2
49
0
419
0
28
0
0
0
0
3
3
0
0
0
0
0
0
0
0
0
0
0
556
0
326
0
0
0
0
0
0
2
278
0
0
56
0
0
0
0
0
0
37
540
540
0
356
0
0
0
0
0
0
4
1373
0
0
0
0
0
0
0
0
0
158
893
500
0
401
0
0
0
0
0
0
3
1411
0
0
0
0
0
0
0
0
60
261
261
816
1334
0
0
0
0
0
0
0
3
1475
0
0
0
0
0
0
0
0
65
354
0
491
1026
0
0
0
0
0
0
0
1
1445
0
0
0
0
0
0
0
0
491
617
0
552
1168
0
0
0
0
0
0
285
290
1719
0
0
0
0
0
0
0
0
1131
586
0
547
0
0
0
0
0
0
0
738
741
0
0
0
0
0
0
0
0
2088
924
0
631
1162
0
0
0
0
0
0
0
229
231
0
0
0
0
0
0
0
0
0
1109
566
0
626
0
0
0
0
0
0
0
0
0
0
0
0
0
0
0
0
0
0
0
712
0
543
0
114
0
0
0
0
0
0
0
0
0
0
0
0
0
0
0
0
0
582
0
529
0
0
0
0
0
0
0
0
0
0
0
0
0
0
0
0
0
0
172
0
591
1112
0
0
0
0
0
0
0
0
0
0
0
0
0
0
0
0
0
0
169
0
595
1091
0
0
0
0
0
0
0
0
0
0
0
0
0
0
0
0
0
170
170
0
627
1156
0
0
0
0
0
0
0
0
0
0
0
0
0
0
0
0
0
181
181
0
659
946
163
0
0
0
0
0
0
0
0
0
0
0
0
0
0
0
0
0
0
184
0
0
0
0
0
0
0
0
0
0
0
0
0
0
0
0
0
0
0
0
0
443
0
0
0
0
0
0
0
0
0
0
0
0
0
0
0
0
0
0
0
0
0
112
0
0
0
0
0
0
0
0
0
0
0
0
0
0
0
0
0
0
0
0
0
0
0
0
0
0
0
0
0
0
0
0
0
0
0
0
0
0
0
0
0
0
0
0
0
0
0
0
0
0
0
0
0
0
0
0
0
0
0
0
0
0
0
0
0
0
0
0
0
0
0
0
0
0
0
0
0
0
0
0
0
0
0
0
0
0
0
0
0
0
0
0
0
0
0
0
3421
3421
3421
3421
3421
3421
3421
8
8
8
8
8
2
0
0
0
0
0
0
0
0
0
0
0
0
0
0
0
0
170
170
170
170
170
54
0
0
0
0
0
0
0
0
0
0
0
0
0
0
0
0
155
155
155
155
155
78
0
0
0
0
0
0
0
0
1881
0
0
0
0
0
0
39
39
39
39
39
39
0
0
0
0
0
0
0
0
0
2019
0
0
0
0
0
0
31
31
31
31
31
26
0
0
0
0
0
0
0
0
0
1889
4083
4083
4083
4083
4083
4083
12
12
12
12
12
0
0
0
0
0
0
0
0
0
665
2296
4095
4095
4095
4095
4095
0
27
27
27
27
27
0
0
0
0
0
0
0
0
0
980
2413
4095
4095
4095
4095
4095
0
0
0
0
0
0
0
0
0
0
0
0
0
0
0
943
2598
4080
4080
4080
4080
4080
0
0
0
0
0
0
0
0
0
0
0
0
0
0
0
1081
2624
4095
4095
4095
4095
4095
0
0
0
0
0
0
0
0
0
0
0
0
0
4095
3753
2119
0
4095
4095
4095
4095
0
0
0
0
0
0
0
0
0
0
0
0
0
4095
2336
0
1643
0
0
0
0
0
0
0
0
0
0
0
0
0
0
0
0
0
0
2336
2333
0
1117
0
0
0
0
30
0
0
0
0
0
0
0
0
0
0
0
0
0
2333
0
1768
0
0
0
0
0
149
0
0
0
0
0
0
0
0
0
0
0
0
0
0
0
1412
0
0
0
61
0
303
0
0
0
0
0
0
0
0
0
4
4
0
0
0
0
1720
0
0
14
0
81
1125
0
0
0
0
0
0
0
0
4
9
57
0
874
874
1480
0
0
0
89
0
430
0
0
0
0
0
0
0
0
0
4
15
132
0
0
0
1745
0
0
0
0
231
0
1134
0
0
0
0
0
0
0
0
3
188
259
0
0
0
0
0
0
0
0
225
0
1136
0
0
0
0
0
0
0
0
2
508
508
0
0
0
0
0
0
0
0
200
0
0
0
0
0
0
0
0
0
0
2
249
249
249
249
249
0
0
0
0
103
0
1327
0
0
0
0
0
0
0
0
333
336
336
0
0
0
2845
0
0
0
0
0
485
0
0
0
0
0
0
0
0
0
1649
1654
1655
0
0
0
3629
0
0
0
0
0
621
0
0
0
0
0
0
0
0
1651
0
3
0
0
0
0
3732
