18
-1
-1
-1
-1
-1
-1
-1
111
-1
-1
30
-1
-1
-1
-1
18
19
32
26
-1
33
-1
-1
-1
-1
-1
-1
-1
-1
67
-1
-1
24
-1
-1
-1
17
9
20
29
69
-1
30
-1
-1
-1
-1
-1
-1
-1
5
120
-1
-1
-1
-1
-1
-1
17
9
20
28
-1
-1
56
-1
-1
-1
-1
-1
-1
-1
25
-1
-1
-1
-1
-1
-1
-1
19
9
19
-1
-1
-1
153
-1
-1
-1
-1
-1
-1
-1
25
54
-1
-1
-1
-1
-1
-1
40
9
49
-1
-1
-1
-1
-1
-1
-1
-1
-1
-1
-1
25
54
-1
-1
-1
-1
-1
-1
38
8
79
-1
-1
-1
-1
-1
-1
-1
-1
-1
-1
-1
31
32
-1
-1
-1
-1
-1
43
6
9
114
-1
-1
-1
-1
-1
-1
-1
-1
-1
-1
-1
28
30
-1
-1
-1
-1
-1
36
5
9
109
-1
-1
-1
-1
-1
-1
-1
-1
-1
-1
-1
27
-1
-1
-1
-1
78
-1
15
5
8
76
-1
-1
-1
-1
-1
-1
-1
-1
-1
-1
-1
27
-1
-1
-1
-1
98
-1
16
6
8
80
-1
-1
-1
-1
-1
-1
-1
-1
-1
-1
-1
17
-1
-1
-1
25
-1
-1
38
5
9
68
-1
-1
134
-1
-1
-1
-1
-1
-1
-1
3
-1
-1
-1
-1
55
-1
21
17
5
8
-1
-1
-1
74
-1
-1
-1
-1
-1
-1
-1
2
-1
-1
-1
-1
102
-1
25
17
6
27
-1
91
-1
146
-1
-1
-1
-1
-1
-1
-1
2
20
-1
-1
-1
-1
-1
48
19
5
20
-1
61
-1
-1
-1
-1
-1
-1
-1
-1
-1
-1
20
-1
-1
-1
-1
-1
46
17
6
19
-1
59
-1
-1
-1
-1
-1
-1
-1
-1
-1
-1
-1
-1
-1
-1
-1
56
21
17
5
-1
18
37
-1
-1
-1
-1
-1
-1
-1
-1
-1
16
-1
-1
-1
-1
-1
56
26
20
5
-1
19
43
-1
-1
-1
-1
-1
-1
-1
-1
-1
18
-1
-1
-1
-1
-1
51
21
17
7
-1
21
14
-1
-1
-1
-1
-1
-1
-1
-1
-1
16
-1
-1
-1
-1
-1
51
21
18
1
-1
29
5
-1
-1
-1
-1
-1
-1
-1
-1
-1
-1
-1
-1
-1
-1
27
26
22
20
-1
2
25
5
-1
-1
-1
-1
-1
-1
-1
-1
-1
-1
-1
-1
-1
-1
30
26
26
17
-1
4
22
-1
-1
-1
-1
-1
-1
-1
-1
-1
-1
-1
-1
-1
-1
-1
34
30
21
18
-1
11
26
1
-1
-1
-1
-1
-1
-1
-1
-1
-1
-1
-1
-1
-1
-1
33
27
21
21
-1
15
20
-1
-1
-1
-1
-1
-1
-1
-1
-1
-1
-1
-1
-1
-1
-1
31
26
22
15
-1
15
22
-1
-1
-1
-1
-1
-1
-1
-1
27
-1
-1
-1
-1
-1
-1
30
28
21
32
-1
18
6
-1
-1
-1
-1
-1
24
-1
-1
-1
-1
-1
-1
-1
-1
-1
28
60
17
-1
-1
20
3
-1
-1
-1
-1
-1
30
-1
-1
-1
-1
-1
-1
-1
-1
2
25
-1
36
-1
5
19
26
-1
-1
-1
-1
-1
63
-1
-1
-1
-1
-1
-1
-1
-1
-1
31
-1
62
-1
5
19
-1
-1
-1
-1
-1
-1
67
23
-1
-1
-1
-1
-1
-1
-1
-1
40
-1
-1
-1
18
86
-1
-1
-1
-1
-1
-1
96
23
-1
-1
-1
-1
-1
-1
-1
-1
54
-1
-1
36
5
-1
-1
-1
-1
-1
-1
-1
107
24
-1
-1
-1
-1
-1
-1
-1
-1
169
-1
-1
34
35
-1
-1
-1
-1
-1
-1
-1
107
12
-1
-1
-1
-1
-1
-1
-1
-1
-1
-1
-1
37
37
-1
-1
-1
-1
-1
-1
-1
109
-1
-1
-1
-1
-1
-1
-1
-1
-1
-1
-1
-1
64
45
-1
-1
-1
-1
-1
-1
-1
107
-1
-1
-1
-1
-1
-1
-1
184
-1
-1
-1
50
9
41
-1
-1
-1
-1
-1
-1
97
18
24
-1
-1
-1
-1
-1
-1
131
-1
-1
-1
52
8
77
-1
-1
-1
-1
-1
-1
95
-1
22
-1
-1
-1
-1
30
-1
166
-1
-1
-1
50
7
-1
-1
-1
-1
-1
-1
-1
70
-1
-1
-1
-1
-1
-1
42
-1
-1
-1
-1
-1
79
46
-1
-1
-1
-1
-1
-1
-1
12
-1
-1
-1
-1
-1
-1
-1
30
74
-1
-1
57
19
47
-1
-1
-1
-1
-1
-1
-1
-1
-1
-1
-1
-1
-1
4
-1
32
70
-1
-1
54
19
33
-1
-1
-1
-1
-1
-1
-1
-1
8
-1
-1
-1
-1
4
-1
34
52
-1
-1
53
17
-1
-1
-1
-1
49
-1
-1
-1
-1
-1
-1
-1
-1
-1
-1
23
30
64
-1
-1
58
25
-1
-1
-1
-1
44
-1
-1
-1
-1
-1
-1
-1
-1
-1
-1
29
18
-1
-1
-1
50
30
-1
-1
-1
-1
41
-1
-1
-1
-1
-1
-1
-1
-1
4
-1
57
-1
-1
-1
-1
51
31
-1
-1
-1
17
16
-1
-1
-1
-1
-1
-1
-1
-1
-1
-1
-1
-1
-1
92
-1
16
45
-1
-1
-1
32
9
-1
-1
-1
-1
-1
-1
-1
-1
-1
-1
-1
-1
-1
31
-1
22
-1
-1
-1
-1
39
-1
-1
-1
-1
-1
-1
-1
-1
-1
-1
-1
-1
-1
-1
39
-1
21
-1
-1
-1
-1
27
-1
-1
-1
-1
-1
-1
-1
-1
-1
-1
-1
-1
-1
-1
42
-1
87
-1
-1
-1
-1
8
-1
-1
-1
-1
-1
-1
-1
-1
2
-1
-1
-1
-1
-1
-1
-1
-1
-1
-1
-1
-1
-1
-1
-1
-1
-1
-1
-1
-1
-1
-1
-1
-1
-1
-1
-1
-1
-1
-1
-1
-1
-1
8
-1
-1
-1
-1
-1
-1
-1
-1
-1
-1
-1
-1
-1
-1
-1
-1
-1
-1
-1
-1
-1
21
-1
-1
-1
-1
-1
-1
-1
-1
-1
-1
-1
-1
-1
-1
-1
-1
-1
-1
-1
-1
-1
70
-1
-1
-1
-1
-1
-1
-1
-1
-1
-1
-1
-1
-1
-1
-1
-1
-1
-1
-1
-1
-1
-1
-1
-1
-1
-1
-1
-1
-1
-1
32
-1
-1
-1
-1
-1
-1
-1
-1
-1
-1
-1
-1
-1
-1
-1
25
-1
-1
-1
-1
-1
67
-1
-1
-1
-1
-1
-1
-1
-1
-1
-1
-1
-1
-1
-1
52
-1
-1
-1
-1
-1
-1
38
-1
-1
-1
-1
-1
-1
-1
-1
-1
-1
-1
-1
-1
-1
61
-1
-1
-1
-1
-1
-1
47
-1
-1
-1
-1
-1
-1
-1
-1
-1
-1
-1
-1
-1
-1
270
-1
-1
-1
-1
-1
10
-1
-1
-1
-1
-1
-1
-1
-1
-1
-1
-1
-1
-1
-1
-1
-1
-1
-1
-1
-1
-1
25
-1
-1
-1
-1
-1
-1
-1
-1
-1
-1
-1
-1
-1
-1
-1
-1
-1
-1
-1
-1
-1
5
-1
-1
-1
-1
-1
-1
-1
-1
-1
-1
-1
-1
-1
-1
-1
-1
-1
-1
-1
-1
-1
-1
-1
-1
-1
-1
-1
-1
-1
-1
-1
-1
-1
-1
-1
-1
-1
-1
-1
-1
-1
-1
10
-1
-1
-1
-1
-1
-1
-1
-1
-1
-1
-1
-1
-1
-1
-1
-1
-1
-1
-1
-1
-1
-1
-1
-1
-1
-1
-1
-1
-1
-1
-1
-1
-1
71
-1
-1
-1
-1
-1
-1
-1
-1
12
-1
-1
-1
-1
-1
-1
-1
-1
-1
-1
-1
-1
8
-1
-1
-1
214
160
-1
-1
-1
12
-1
-1
-1
-1
-1
-1
-1
-1
-1
-1
-1
-1
18
-1
-1
-1
60
30
14
-1
-1
34
-1
-1
-1
-1
-1
-1
-1
-1
-1
-1
-1
17
14
-1
-1
-1
53
29
16
-1
-1
32
-1
-1
-1
-1
-1
-1
-1
-1
-1
-1
-1
61
-1
-1
-1
37
30
32
29
-1
-1
37
-1
-1
-1
-1
-1
-1
-1
-1
-1
-1
-1
65
-1
-1
-1
35
29
31
53
-1
-1
62
-1
-1
-1
-1
-1
-1
-1
-1
-1
-1
71
18
-1
-1
-1
36
31
30
-1
-1
-1
63
-1
-1
-1
-1
-1
-1
-1
-1
-1
-1
93
-1
-1
-1
15
21
34
39
-1
60
-1
47
-1
-1
-1
-1
-1
-1
-1
-1
-1
-1
-1
-1
-1
-1
13
20
30
30
9
30
30
-1
-1
-1
-1
-1
-1
-1
-1
-1
-1
-1
-1
-1
-1
-1
13
23
29
29
2
63
32
-1
-1
-1
-1
-1
-1
-1
-1
-1
-1
60
-1
-1
-1
-1
12
19
29
33
-1
-1
34
