-1
-1
-1
-1
-1
86
-1
-1
34
-1
-1
-1
8
8
18
28
30
-1
-1
63
-1
-1
-1
-1
-1
-1
-1
60
-1
-1
29
-1
-1
-1
18
9
19
28
51
-1
33
12
-1
-1
-1
-1
-1
-1
-1
121
-1
-1
7
-1
-1
-1
20
8
21
43
-1
-1
69
-1
-1
-1
-1
-1
-1
-1
19
-1
-1
-1
-1
-1
-1
-1
22
9
18
-1
-1
-1
115
-1
-1
-1
-1
-1
-1
-1
85
-1
-1
-1
-1
-1
-1
-1
30
8
48
-1
-1
-1
-1
-1
-1
-1
-1
-1
-1
-1
63
-1
-1
-1
-1
-1
-1
-1
46
8
56
-1
-1
-1
-1
-1
-1
-1
-1
-1
-1
-1
25
28
-1
-1
-1
-1
-1
-1
45
9
114
-1
-1
-1
-1
-1
-1
-1
-1
-1
-1
-1
27
28
-1
-1
-1
-1
-1
54
5
8
132
-1
-1
-1
-1
-1
-1
-1
-1
-1
-1
-1
32
23
-1
-1
-1
-1
-1
39
6
7
108
-1
-1
-1
-1
-1
-1
-1
-1
-1
-1
-1
29
-1
-1
-1
-1
118
-1
20
5
9
84
-1
-1
-1
-1
-1
-1
-1
-1
-1
-1
-1
28
-1
-1
-1
-1
-1
-1
38
5
8
132
-1
-1
-1
-1
-1
-1
-1
-1
-1
-1
5
-1
-1
-1
-1
76
-1
21
17
6
8
-1
-1
-1
130
-1
-1
-1
-1
-1
-1
-1
9
-1
-1
-1
-1
52
-1
22
21
5
30
-1
-1
-1
75
-1
-1
-1
-1
-1
-1
-1
13
-1
-1
-1
-1
109
-1
25
17
6
29
-1
92
-1
124
-1
-1
-1
-1
-1
-1
-1
1
-1
-1
-1
-1
-1
-1
48
17
5
29
-1
59
-1
-1
-1
-1
-1
-1
-1
-1
-1
-1
-1
-1
-1
-1
-1
-1
46
21
5
37
-1
46
-1
-1
-1
-1
-1
-1
-1
-1
-1
8
-1
-1
-1
-1
-1
52
23
17
6
-1
23
37
-1
-1
-1
-1
-1
-1
-1
-1
-1
22
-1
-1
-1
-1
-1
52
25
18
13
-1
25
36
-1
-1
-1
-1
-1
-1
-1
-1
-1
23
-1
-1
-1
-1
-1
56
22
21
13
-1
24
4
-1
-1
-1
-1
-1
-1
-1
-1
-1
-1
-1
-1
-1
-1
-1
57
22
17
-1
13
23
7
-1
-1
-1
-1
-1
-1
-1
-1
-1
-1
-1
-1
-1
-1
31
27
23
18
-1
14
22
-1
-1
-1
-1
-1
-1
-1
-1
-1
-1
-1
-1
-1
-1
-1
30
27
25
19
-1
17
25
-1
-1
-1
-1
-1
-1
-1
-1
-1
-1
-1
-1
-1
-1
-1
30
28
22
18
-1
18
20
-1
-1
-1
-1
-1
-1
-1
-1
-1
-1
-1
-1
-1
-1
-1
30
31
23
14
-1
16
23
-1
-1
-1
-1
-1
-1
-1
-1
19
-1
-1
-1
-1
-1
-1
30
30
20
24
-1
21
13
-1
-1
-1
-1
-1
-1
-1
-1
23
-1
-1
-1
-1
-1
-1
34
27
20
-1
-1
18
2
-1
-1
-1
-1
-1
-1
-1
-1
-1
-1
-1
-1
-1
-1
-1
27
45
29
-1
4
17
18
-1
-1
-1
-1
-1
23
-1
-1
-1
-1
-1
-1
-1
-1
7
27
-1
30
-1
5
21
-1
-1
-1
-1
-1
-1
48
-1
-1
-1
-1
-1
-1
-1
-1
-1
25
-1
49
-1
1
40
-1
-1
-1
-1
-1
-1
81
-1
-1
-1
-1
-1
-1
-1
-1
-1
51
-1
-1
2
6
80
-1
-1
-1
-1
-1
-1
75
21
-1
-1
-1
-1
-1
-1
-1
-1
60
-1
-1
28
5
-1
-1
-1
-1
-1
-1
-1
103
17
-1
-1
-1
-1
-1
-1
-1
-1
181
-1
-1
27
29
-1
-1
-1
-1
-1
-1
-1
105
11
-1
-1
-1
-1
-1
-1
-1
-1
-1
-1
-1
24
43
-1
-1
-1
-1
-1
-1
-1
111
-1
-1
-1
-1
-1
-1
-1
-1
-1
-1
-1
-1
51
44
-1
-1
-1
-1
-1
-1
-1
110
-1
-1
-1
-1
-1
-1
-1
205
-1
-1
-1
37
7
74
-1
-1
-1
-1
-1
-1
-1
124
12
-1
-1
-1
-1
30
-1
104
-1
-1
-1
43
8
-1
-1
-1
-1
-1
-1
-1
96
-1
19
-1
-1
-1
-1
45
-1
139
-1
-1
-1
43
47
-1
-1
-1
-1
-1
-1
-1
82
-1
12
-1
-1
-1
-1
-1
33
-1
-1
-1
58
21
44
-1
-1
-1
-1
-1
-1
-1
34
8
-1
-1
-1
-1
-1
-1
30
65
-1
-1
60
18
40
-1
-1
-1
-1
-1
-1
-1
36
23
-1
-1
-1
-1
9
-1
30
66
-1
-1
61
18
30
-1
-1
-1
-1
-1
-1
-1
-1
17
-1
-1
-1
-1
-1
8
29
84
-1
-1
59
20
-1
-1
-1
-1
47
1
-1
-1
-1
-1
-1
-1
-1
-1
-1
28
29
-1
-1
-1
57
28
-1
-1
-1
-1
45
-1
-1
-1
-1
-1
-1
-1
-1
-1
-1
28
52
-1
-1
-1
50
33
-1
-1
-1
-1
28
-1
-1
-1
-1
-1
-1
-1
-1
4
-1
42
-1
-1
-1
-1
46
32
-1
-1
-1
21
14
-1
-1
-1
-1
-1
-1
-1
-1
-1
-1
-1
-1
-1
101
-1
25
36
-1
-1
-1
35
-1
-1
-1
-1
-1
-1
-1
-1
-1
-1
-1
-1
-1
-1
43
-1
8
-1
-1
-1
-1
31
-1
-1
-1
-1
-1
-1
-1
-1
-1
-1
-1
-1
-1
-1
60
-1
28
-1
-1
-1
-1
25
-1
-1
-1
-1
-1
-1
-1
-1
-1
-1
-1
-1
-1
-1
-1
-1
83
-1
-1
-1
-1
-1
-1
-1
-1
-1
-1
-1
-1
-1
-1
-1
-1
-1
-1
-1
-1
-1
-1
-1
-1
-1
9
-1
-1
-1
-1
-1
-1
-1
-1
-1
-1
-1
-1
-1
-1
-1
-1
-1
-1
-1
-1
-1
5
-1
-1
-1
-1
-1
-1
-1
-1
-1
-1
-1
-1
-1
-1
-1
-1
-1
-1
-1
-1
-1
23
-1
-1
-1
-1
-1
-1
-1
-1
-1
-1
-1
-1
-1
-1
-1
-1
-1
-1
-1
-1
-1
79
-1
-1
-1
-1
-1
-1
-1
-1
13
-1
-1
-1
-1
-1
-1
-1
-1
-1
-1
-1
-1
-1
-1
-1
11
-1
-1
-1
-1
-1
54
-1
-1
-1
-1
-1
-1
-1
-1
-1
-1
-1
-1
-1
-1
-1
30
-1
-1
-1
-1
-1
54
-1
-1
-1
-1
-1
-1
-1
-1
-1
-1
-1
-1
-1
-1
57
-1
-1
-1
-1
-1
-1
49
-1
-1
-1
-1
-1
-1
-1
-1
-1
-1
-1
-1
-1
-1
71
-1
-1
-1
-1
-1
-1
-1
-1
-1
-1
-1
-1
-1
-1
-1
-1
-1
-1
-1
-1
-1
290
-1
-1
-1
-1
-1
-1
-1
-1
-1
-1
-1
-1
-1
-1
-1
-1
-1
-1
-1
-1
-1
-1
-1
-1
-1
-1
-1
35
-1
-1
-1
-1
-1
-1
-1
-1
-1
-1
-1
-1
-1
-1
-1
-1
-1
-1
-1
-1
-1
20
-1
-1
-1
-1
-1
-1
-1
-1
-1
-1
-1
-1
-1
-1
-1
-1
-1
-1
-1
-1
-1
-1
-1
-1
-1
-1
-1
-1
-1
-1
-1
-1
-1
-1
-1
-1
-1
-1
-1
-1
-1
-1
10
-1
-1
-1
-1
-1
-1
-1
-1
-1
-1
-1
-1
-1
-1
-1
-1
-1
-1
-1
-1
-1
-1
-1
-1
-1
-1
-1
-1
-1
-1
-1
-1
-1
70
-1
-1
-1
-1
-1
-1
-1
-1
-1
-1
-1
-1
-1
-1
-1
-1
-1
-1
-1
-1
-1
15
-1
-1
-1
217
123
48
-1
-1
12
1
-1
-1
-1
-1
-1
-1
-1
-1
-1
-1
-1
16
-1
-1
-1
49
30
15
-1
-1
30
-1
-1
-1
-1
-1
-1
-1
-1
-1
-1
-1
53
-1
-1
-1
28
32
30
16
-1
-1
31
-1
-1
-1
-1
-1
-1
-1
-1
-1
-1
-1
57
-1
-1
-1
31
29
30
57
-1
-1
31
-1
-1
-1
-1
-1
-1
-1
-1
-1
-1
46
29
-1
-1
-1
31
29
30
-1
-1
-1
56
-1
-1
-1
-1
-1
-1
-1
-1
-1
-1
112
-1
-1
-1
11
19
28
35
-1
93
-1
32
-1
-1
-1
-1
-1
-1
-1
-1
-1
-1
-1
-1
-1
-1
13
19
32
33
8
33
33
31
-1
-1
-1
-1
-1
-1
-1
-1
-1
-1
-1
-1
-1
-1
14
22
29
30
8
33
30
30
-1
-1
-1
-1
-1
-1
-1
-1
-1
64
-1
-1
-1
-1
14
18
28
30
-1
31
31
-1
-1
-1
