4095
1229
0
904
0
0
0
0
0
0
0
0
4095
0
0
2
0
0
0
4095
945
1738
4095
0
0
1392
0
0
0
0
0
0
0
0
4095
0
0
0
0
0
0
3829
818
1686
0
0
0
2789
0
0
0
0
0
0
0
1413
0
0
0
0
0
0
0
4095
934
2029
0
0
0
0
0
0
0
0
0
0
0
1430
3093
0
0
0
0
0
0
4095
814
2309
0
0
0
0
0
0
0
0
0
0
0
1354
3081
0
0
0
0
0
0
4095
810
2532
0
0
0
0
0
0
0
0
0
0
0
1446
2022
0
0
0
0
0
0
4095
803
3629
0
0
0
0
0
0
0
0
0
0
0
1698
1922
0
0
0
0
0
4095
452
855
3542
0
0
0
0
0
0
0
0
0
0
0
1605
340
0
0
0
4095
0
1229
547
719
3220
0
0
0
0
0
0
0
0
0
0
0
1603
0
0
0
0
4095
0
1211
437
799
1413
0
0
0
0
0
0
0
0
0
0
0
1240
0
0
0
4095
4095
0
1299
439
713
1815
0
0
2638
0
0
0
0
0
0
0
114
0
0
0
0
4095
0
3140
1526
536
706
0
1977
0
604
0
0
0
0
0
0
0
106
0
0
0
0
4095
0
3127
1437
461
819
0
1335
0
514
0
0
0
0
0
0
0
123
274
0
0
0
0
0
4095
1450
470
358
0
1160
0
0
0
0
0
0
0
0
0
0
333
0
0
0
0
0
4095
1734
574
0
0
770
0
0
0
0
0
0
0
0
0
0
205
0
0
0
0
0
4095
1592
437
0
0
411
0
0
0
0
0
0
0
0
0
154
0
0
0
0
0
4095
3154
1571
553
0
323
219
0
0
0
0
0
0
0
0
0
255
0
0
0
0
0
4095
3692
1704
426
0
346
28
0
0
0
0
0
0
0
0
0
238
0
0
0
0
0
4095
3259
1683
180
0
388
18
0
0
0
0
0
0
0
0
0
0
0
0
0
0
0
4095
2938
1525
0
0
357
0
0
0
0
0
0
0
0
0
0
0
0
0
0
0
1162
3561
2951
1753
0
15
238
0
0
0
0
0
0
0
0
0
0
0
0
0
0
0
1281
3559
3447
1741
0
46
230
0
0
0
0
0
0
0
0
0
0
0
0
0
0
0
1363
4095
3279
1291
0
189
64
0
0
0
0
0
0
0
0
0
0
0
0
0
0
0
1159
4095
2929
282
0
126
12
0
0
0
0
0
0
0
0
1307
0
0
0
0
0
0
1184
4095
2106
548
0
162
1
0
0
0
0
0
0
0
0
1289
0
0
0
0
0
0
2372
4095
1767
0
0
230
57
0
0
0
0
0
1308
0
0
0
0
0
0
0
0
0
4095
0
1467
0
10
131
51
0
0
0
0
0
2977
0
0
0
0
0
0
0
0
0
4095
0
704
0
121
332
0
0
0
0
0
0
1651
1495
0
0
0
0
0
0
0
0
4095
0
1102
0
22
447
0
0
0
0
0
0
2675
1298
0
0
0
0
0
0
0
0
4095
0
0
271
108
849
0
0
0
0
0
0
3438
1320
0
0
0
0
0
0
0
0
1961
0
0
704
109
0
0
0
0
0
0
0
3595
1019
0
0
0
0
0
0
0
0
0
0
0
692
91
0
0
0
0
0
0
0
3488
0
0
0
0
0
0
0
0
0
0
0
0
1273
0
0
0
0
0
0
0
0
3460
0
0
0
0
0
0
0
2076
0
0
0
994
82
0
0
0
0
0
0
0
2051
1365
336
0
0
0
0
0
890
2466
0
0
0
876
214
0
0
0
0
0
0
0
2179
0
406
0
0
0
0
0
0
4095
0
0
0
723
118
0
0
0
0
0
0
0
1829
0
187
0
0
0
0
1012
0
0
0
0
0
1245
147
0
0
0
0
0
0
0
450
0
0
0
0
0
0
0
734
1994
0
0
1094
281
132
0
0
0
0
0
0
0
0
0
0
0
0
0
0
0
1156
2014
0
0
1129
123
103
0
0
0
0
0
0
0
0
0
0
0
0
0
86
0
1241
1599
0
0
1001
12
81
0
0
0
11
0
0
0
0
0
0
0
0
0
0
632
1193
1211
0
0
1083
4
0
0
0
0
47
0
0
0
0
0
0
0
0
0
0
1064
886
0
0
0
1038
6
0
0
0
0
63
0
0
0
0
0
0
0
0
14
0
2369
0
0
0
0
1255
255
0
0
0
0
45
0
0
0
0
0
0
0
0
19
0
0
0
0
0
0
654
479
0
0
0
29
0
0
0
0
0
0
0
0
0
0
0
0
0
0
1063
0
0
278
0
0
0
70
0
0
0
0
0
0
0
0
0
0
0
0
0
0
321
0
0
0
0
0
0
82
0
0
0
0
0
0
0
0
0
0
0
0
0
0
407
0
0
0
0
0
0
63
0
0
0
0
0
0
0
0
20
0
0
0
0
0
0
0
0
0
0
0
0
0
0
0
0
0
0
0
0
0
0
0
0
0
0
0
0
0
0
0
0
0
0
0
0
0
0
0
0
0
0
0
0
0
0
0
0
0
0
0
0
0
0
0
0
0
0
0
0
0
0
0
0
0
0
0
0
0
0
0
0
0
0
0
0
0
0
0
0
4095
0
0
0
0
0
0
0
0
0
0
0
0
0
0
0
0
0
0
0
0
0
4095
0
0
0
0
0
80
0
0
0
0
0
0
0
0
0
0
0
0
0
0
0
4095
0
0
0
0
0
197
0
0
0
0
0
0
0
0
0
0
0
0
0
0
4095
0
0
0
0
0
0
97
0
0
0
0
0
0
0
0
0
0
0
0
0
0
4095
0
0
0
0
0
0
75
0
0
0
0
0
0
0
0
0
0
0
0
0
0
0
0
0
0
0
0
44
0
0
0
0
0
0
0
0
0
0
0
0
0
0
0
0
0
0
0
0
0
74
0
0
0
0
0
0
0
0
0
0
0
0
0
0
0
0
0
0
0
0
0
16
0
0
0
0
0
0
0
0
0
0
0
0
0
0
0
0
0
0
0
0
0
0
0
0
0
0
0
0
0
0
0
0
0
0
0
0
0
0
0
0
0
0
84
0
0
0
0
0
0
0
0
0
0
0
0
0
0
0
0
0
0
0
0
0
0
0
0
0
0
0
0
0
0
0
0
0
0
0
0
0
0
4095
0
0
0
52
0
0
0
0
0
0
0
0
0
0
0
0
28
0
0
0
4095
1079
538
0
0
59
0
0
0
0
0
0
0
0
0
0
0
0
2588
0
0
0
4095
1137
531
0
0
69
0
0
0
0
0
0
0
0
0
0
0
13
4095
0
0
0
4095
1082
333
0
0
81
0
0
0
0
0
0
0
0
0
0
0
121
0
0
0
4095
4095
1298
215
0
0
903
0
0
0
0
0
0
0
0
0
0
0
107
0
0
0
4095
4095
1127
0
0
0
2313
0
0
0
0
0
0
0
0
0
0
0
627
0
0
0
4095
4095
2759
0
1855
0
1171
0
0
0
0
0
0
0
0
0
0
0
674
0
0
4095
2371
4095
4095
52
1091
1119
1303
0
0
0
0
0
0
0
0
0
0
0
0
0
0
2269
2014
4095
4095
33
2097
1152
749
0
0
0
0
0
0
0
0
0
0
0
0
0
0
1931
1924
4095
4095
0
0
1268
0
0
0
0
0
0
0
0
0
0
7
0
0
0
0
1701
1932
4095
4095
0
1093
948
0
0
0
0
0
0
0
677
0
0
2
0
0
0
0
1866
2040
4095
