2070
0
0
0
0
0
0
0
3580
0
0
1
0
0
0
0
3251
1275
4095
4095
0
0
211
0
0
0
0
0
0
0
3170
0
0
3
0
0
0
0
4095
1268
4095
0
0
1452
0
0
0
0
0
0
0
0
3102
0
0
0
0
0
0
4095
369
2227
4095
0
0
1639
0
0
0
0
0
0
0
558
3096
0
0
0
0
0
0
4095
276
2063
4095
0
0
2551
0
0
0
0
0
0
0
1465
1664
1630
0
0
0
0
0
4095
270
2059
1141
0
0
0
0
0
0
0
0
0
0
2918
1703
2016
0
0
0
0
0
4095
447
2352
0
0
0
0
0
0
0
0
0
0
0
0
1926
0
0
0
0
0
0
4095
836
3777
0
0
0
0
0
0
0
0
0
0
0
1639
1635
0
0
0
0
0
0
4095
1078
3653
0
0
0
0
0
0
0
0
0
0
0
1596
1051
0
0
0
4095
0
1982
1252
1395
3291
0
0
0
0
0
0
0
0
0
0
0
1741
0
0
0
0
4095
0
2041
1050
1151
2262
0
0
0
1838
0
0
0
0
0
0
0
1642
0
0
0
0
4095
0
2358
1195
1101
1542
0
0
0
911
0
0
0
0
0
0
0
502
0
0
0
0
4095
0
2030
551
1387
1400
0
0
1071
0
0
0
0
0
0
0
0
171
0
0
0
0
0
4095
1973
276
1072
0
0
0
1208
0
0
0
0
0
0
0
321
93
0
0
0
0
0
4095
2410
289
1721
0
1690
0
547
0
0
0
0
0
0
0
0
354
0
0
0
0
0
4095
1932
189
526
0
916
0
0
0
0
0
0
0
0
0
0
309
0
0
0
0
0
4095
1913
289
423
0
506
0
0
0
0
0
0
0
0
0
0
0
0
0
0
0
0
4095
1516
280
0
379
305
0
0
0
0
0
0
0
0
0
313
0
0
0
0
0
4095
4095
1194
272
0
339
513
0
0
0
0
0
0
0
0
0
294
0
0
0
0
0
1128
4095
1074
261
0
351
177
0
0
0
0
0
0
0
0
0
122
0
0
0
0
0
1087
4095
1196
95
0
365
115
0
0
0
0
0
0
0
0
0
0
0
0
0
0
0
1673
3872
1273
0
0
303
30
0
0
0
0
0
0
0
0
0
0
0
0
0
0
502
1620
3364
1168
0
0
94
19
0
0
0
0
0
0
0
0
0
0
0
0
0
0
530
2765
3421
1187
0
42
23
0
0
0
0
0
0
0
0
0
0
0
0
0
0
0
491
3562
3113
986
0
183
6
0
0
0
0
0
0
449
0
0
0
0
0
0
0
0
719
4095
3375
276
0
31
4
0
0
0
0
0
0
1228
0
0
0
0
0
0
0
0
888
4095
1641
477
0
136
335
0
0
0
0
0
0
2580
0
0
0
0
0
0
0
0
4095
4095
1366
0
0
161
676
0
0
0
0
0
972
0
0
0
0
0
0
0
0
0
4095
0
1651
0
31
139
0
0
0
0
0
0
1629
1328
0
0
0
0
0
0
0
0
4095
0
0
0
369
103
0
0
0
0
0
0
2217
1238
0
0
0
0
0
0
0
0
4095
0
0
0
312
77
0
0
0
0
0
0
3678
1216
0
0
0
0
0
0
0
0
687
0
0
690
108
143
0
0
0
0
0
0
3498
1211
0
0
0
0
0
0
0
0
1734
0
0
629
85
0
0
0
0
0
0
0
3430
469
0
0
0
0
0
0
0
260
0
0
0
694
97
0
0
0
0
0
0
0
3408
0
0
0
0
0
0
0
0
2968
0
0
0
845
1
0
0
0
0
0
0
0
3675
47
0
0
0
0
0
193
1290
0
0
0
874
127
0
0
0
0
0
0
0
2336
281
389
0
0
0
0
0
1415
4095
0
0
0
807
289
0
0
0
0
0
0
0
2134
0
432
0
0
0
0
107
0
0
0
0
0
1190
83
0
0
0
0
0
0
0
824
0
0
0
0
0
0
0
2785
0
0
0
0
1285
239
0
0
0
0
0
0
0
0
0
0
0
0
0
0
0
1022
1865
0
0
1177
300
453
0
0
0
0
0
0
0
0
0
0
0
0
0
62
0
1149
1974
0
0
1000
161
989
0
0
0
0
0
20
0
0
0
0
0
0
0
0
235
1122
1330
0
0
2082
78
0
0
0
0
0
0
0
0
0
0
0
0
0
0
0
1120
1153
0
0
0
0
99
0
0
0
0
44
0
0
0
0
0
0
0
0
0
0
2882
761
0
0
0
638
6
0
0
0
0
72
0
0
0
0
0
0
0
0
49
0
0
0
0
0
0
560
49
0
0
0
0
61
0
0
0
0
0
0
0
0
0
0
0
0
0
1415
0
0
46
0
0
0
59
8
0
0
0
0
0
0
0
0
0
0
0
0
0
265
0
0
0
0
0
0
80
0
0
0
0
0
0
0
0
0
0
0
0
0
0
605
0
0
0
0
0
0
81
0
0
0
0
0
0
0
0
0
0
0
0
0
0
0
0
0
0
0
0
0
23
0
0
0
0
0
0
0
0
20
0
0
0
0
0
0
0
0
0
0
0
0
0
0
0
0
0
0
0
0
0
0
0
0
0
0
0
0
0
0
0
0
0
0
0
0
0
0
0
0
0
0
0
0
0
0
0
0
0
0
0
0
0
0
0
0
0
0
0
0
0
0
0
0
0
43
0
0
0
0
0
0
0
0
0
0
0
0
0
0
4095
0
0
0
0
0
0
0
0
0
0
0
0
0
0
0
0
0
0
0
0
0
4095
0
0
0
0
0
102
0
0
0
0
0
0
0
0
0
0
0
0
0
0
0
4095
0
0
0
0
0
62
0
0
0
0
0
0
0
0
0
0
0
0
0
0
0
4095
0
0
0
0
0
60
0
0
0
0
0
0
0
0
0
0
0
0
0
0
0
0
0
0
0
0
0
26
0
0
0
0
0
0
0
0
0
0
0
0
0
0
0
0
0
0
0
0
79
0
0
0
0
0
0
0
0
0
0
0
0
0
0
0
0
0
0
0
0
0
0
0
0
0
0
0
0
0
0
0
0
0
0
0
0
0
0
0
0
0
0
0
0
0
0
0
0
0
0
0
0
0
0
0
4095
0
0
0
0
0
0
0
0
87
0
0
0
0
0
0
0
0
0
0
0
0
4095
0
0
0
0
0
0
0
0
0
0
0
0
0
0
0
0
0
0
0
0
0
0
0
0
0
4095
4095
0
0
0
0
0
0
0
0
0
0
0
0
0
0
0
9
0
0
0
0
4095
1224
0
0
96
0
0
0
0
0
0
0
0
0
0
0
0
8
0
0
0
4095
4095
1237
0
0
78
0
0
0
0
0
0
0
0
0
0
0
0
1487
0
0
0
4095
3950
1284
0
0
66
0
0
0
0
0
0
0
0
0
0
0
83
0
0
0
3238
3398
3579
942
0
0
493
0
0
0
0
0
0
0
0
0
0
0
101
0
0
0
2946
3420
3089
378
0
0
717
0
0
0
0
0
0
0
0
0
0
0
336
0
0
1464
1434
3401
2434
483
0
1290
1285
0
0
0
0
0
0
0
0
0
0
0
712
0
0
1457
1166
3420
1897
404
0
2336
1131
0
0
0
0
0
0
0
0
0
0
0
0
0
0
3952
1174
4095
4095
88
1133
0
1126
0
0
0
0
0
0
0
0
0
0
0
0
0
0
3033
1387
4095
4095
65
2034
1102
0
0
0
0
0
0
0
0
0
0
281
0
0
0
0
3251
1233
4095
4095
0
0
1112
