0
0
8887
0
613
0
0
0
0
0
0
0
0
0
1435
0
2
0
0
0
2364
3847
0
0
0
0
1286
0
0
0
0
0
0
0
0
0
0
0
0
0
0
0
2895
0
0
0
0
0
0
0
0
0
0
0
0
0
0
0
0
0
0
0
0
0
3566
0
0
0
0
0
0
0
0
0
0
0
0
0
0
0
0
0
0
0
0
1302
3702
0
0
0
0
0
0
0
0
0
0
0
0
0
0
0
0
0
0
0
0
2112
3863
0
0
0
0
0
0
0
0
0
0
0
0
0
0
0
0
0
0
0
0
2307
3836
0
0
0
0
0
0
181
0
0
0
0
0
0
270
0
0
0
0
0
-5919
3009
3745
0
0
0
0
0
0
368
0
0
0
0
0
0
292
0
0
0
0
0
7124
0
0
0
0
0
0
0
1878
581
0
0
0
0
0
0
270
0
0
0
0
0
0
0
0
0
0
0
0
0
656
0
0
0
0
0
0
0
307
0
0
0
0
0
0
0
0
0
0
0
0
586
0
0
0
0
0
0
0
0
235
0
0
0
0
0
0
3320
0
0
0
0
0
0
0
0
0
0
0
0
0
0
225
0
0
0
0
0
1937
0
0
0
0
0
0
0
0
0
0
0
0
0
0
0
0
0
0
0
0
0
2047
0
0
0
0
0
0
0
0
0
0
0
0
0
0
0
0
0
0
0
0
0
2039
0
0
0
0
0
0
0
0
0
0
0
0
0
0
0
0
0
0
0
0
0
2155
0
0
0
0
0
0
0
0
0
0
0
0
0
0
0
0
0
0
0
0
0
1997
0
0
0
0
0
0
0
0
0
0
0
0
0
0
0
0
0
0
0
0
0
0
0
0
0
0
0
0
0
0
0
0
0
0
0
0
0
0
0
0
0
0
0
0
0
0
0
0
0
0
0
0
0
0
0
0
0
0
0
0
0
0
0
0
66
0
0
0
0
0
0
0
0
0
0
0
0
0
0
0
0
0
0
0
0
0
535
0
0
0
0
0
0
0
0
0
0
0
0
0
0
0
0
0
0
0
0
0
541
0
0
0
0
0
0
0
0
0
0
0
0
0
0
0
0
0
0
0
0
0
0
0
0
0
0
0
0
0
0
0
0
0
0
0
0
0
0
0
0
0
0
0
0
0
0
0
0
0
0
0
0
0
0
0
0
0
0
0
0
0
0
0
0
0
0
0
0
0
0
0
0
0
0
0
0
0
0
0
0
0
0
0
0
0
0
0
0
0
0
0
0
0
0
0
0
0
0
1
0
0
0
0
0
0
0
0
0
0
0
0
0
0
0
0
0
0
0
0
0
1
0
0
0
0
0
0
0
0
0
0
0
0
0
0
0
0
0
0
0
0
3
5
0
0
0
0
0
0
0
0
0
4
0
0
0
244
0
0
0
0
0
0
4
740
0
0
0
0
0
0
0
0
0
49
0
0
0
285
0
0
0
0
0
0
7
1844
0
0
0
0
0
0
0
0
20
201
0
0
420
0
0
0
0
0
0
0
4
1690
0
0
0
0
0
0
0
0
0
0
0
0
426
0
0
0
0
0
0
2
7
1690
0
0
0
0
0
0
0
0
206
175
0
0
367
0
0
0
0
0
0
9
13
1650
0
0
0
0
0
0
0
0
0
0
0
0
403
0
0
0
0
0
0
484
489
0
0
0
0
0
0
0
0
0
0
0
0
473
0
0
0
0
0
0
0
578
581
0
0
0
0
0
0
0
0
0
0
0
0
490
0
0
0
0
0
0
89
90
94
0
0
0
0
0
0
0
0
0
0
0
0
464
0
0
0
0
0
0
0
0
0
0
0
0
0
0
0
0
0
0
0
0
0
468
0
0
0
0
0
0
186
0
0
0
0
0
0
0
0
0
0
0
0
0
645
0
0
0
0
0
0
0
0
0
0
0
0
0
0
0
0
0
0
0
0
0
1129
0
0
0
0
0
0
0
0
0
0
0
0
0
0
0
0
0
0
0
0
0
0
0
0
0
0
0
0
0
0
0
0
0
0
0
0
0
0
0
0
0
0
0
550
1018
0
0
0
0
0
0
0
0
0
0
0
0
0
0
0
0
0
0
0
548
1086
0
0
0
0
0
0
0
0
0
0
0
0
0
0
0
0
0
0
0
0
0
553
0
0
0
0
0
0
0
0
0
0
0
0
0
0
0
0
0
0
0
0
559
0
0
0
0
0
0
0
0
0
0
0
0
0
0
0
0
0
0
0
0
0
0
0
0
0
0
0
0
0
0
0
0
0
0
0
0
0
0
0
0
0
0
7
0
0
0
0
0
0
0
0
0
0
0
0
0
0
0
0
0
0
0
0
0
0
0
0
0
0
0
0
0
0
0
0
0
0
0
0
0
0
0
0
0
0
0
0
0
0
0
0
0
0
0
0
0
0
0
0
0
0
0
0
0
0
0
0
0
0
0
0
0
0
0
0
0
0
0
-4023
0
0
0
0
0
0
0
0
0
0
0
0
0
0
0
0
0
0
0
0
0
5865
0
0
0
0
0
0
0
0
0
0
0
0
0
0
0
0
0
0
0
0
1288
0
0
0
0
0
0
0
0
0
0
0
0
0
0
0
0
0
0
0
0
0
2068
0
0
0
0
0
0
0
0
0
0
0
0
0
0
0
0
0
0
0
0
831
2545
0
0
0
0
0
0
0
0
0
0
0
0
0
0
0
0
0
0
0
0
0
0
0
0
0
0
0
0
0
0
0
0
0
0
0
0
0
0
0
0
0
0
0
0
0
0
0
0
0
0
0
0
0
0
0
0
0
0
0
0
0
0
0
0
0
0
0
0
0
0
0
0
0
0
0
0
0
0
0
0
0
0
0
0
0
0
-4876
-7334
-5937
0
0
0
0
0
0
0
0
0
0
0
0
0
0
0
0
0
0
0
6357
-7358
-4833
0
0
0
0
0
0
0
0
0
0
0
0
0
0
0
0
0
0
0
-5881
-5763
-2198
0
0
0
0
0
0
0
0
0
0
0
0
0
0
0
0
0
0
426
7797
24637
20960
0
0
10
0
0
0
0
0
0
0
0
0
0
0
0
0
0
0
2538
0
0
0
0
0
0
0
0
0
0
0
0
0
0
0
0
0
0
0
0
0
2341
0
0
0
0
13
0
0
0
0
0
0
0
0
0
0
1
1
1
0
0
0
2742
0
0
0
0
168
0
0
0
0
0
0
0
0
0
0
6
6
0
0
0
607
0
0
0
0
0
0
0
0
0
0
0
0
0
0
0
2
5
5
0
0
0
1405
0
0
0
0
0
760
0
0
0
0
0
0
0
0
0
2
2
2
0
0
0
1752
0
0
0
0
207
0
0
0
0
0
0
0
0
0
0
0
411
411
0
0
0
0
0
0
0
0
0
0
0
0
0
0
0
0
0
0
0
4
714
714
0
0
0
0
0
0
0
0
0
0
0
0
0
0
0
0
0
0
0
0
0
0
0
0
2345
0
0
0
0
0
0
0
0
0
0
0
0
0
0
0
0
3
92
0
0
0
2319
0
0
0
0
0
0
0
0
0
0
0
0
0
0
0
858
12
92
0
0
0
2661
0
0
0
-6017
0
974
0
0
0
0
0
0
0
0
0
-164
2
0
0
0
0
2673
0
