34
-1
-1
54
12
-1
-1
-1
-1
-1
-1
-1
136
-1
-1
30
-1
-1
-1
-1
22
13
30
-1
-1
69
-1
-1
-1
-1
-1
-1
-1
-1
60
-1
-1
12
-1
-1
-1
28
4
15
40
-1
-1
115
-1
-1
-1
-1
-1
-1
-1
6
61
-1
-1
-1
-1
-1
-1
28
3
14
32
-1
-1
-1
-1
-1
-1
-1
-1
-1
-1
26
30
31
-1
-1
-1
-1
-1
33
4
20
154
-1
-1
-1
-1
-1
-1
-1
-1
-1
-1
56
31
25
-1
-1
-1
-1
-1
59
3
23
-1
-1
-1
-1
-1
-1
-1
-1
-1
-1
-1
-1
35
15
-1
-1
-1
-1
-1
62
3
25
-1
-1
-1
-1
-1
-1
-1
-1
-1
-1
-1
29
31
-1
-1
-1
-1
-1
-1
65
3
114
-1
-1
-1
-1
-1
-1
-1
-1
-1
-1
-1
30
25
-1
-1
-1
-1
-1
53
12
6
80
-1
-1
-1
133
-1
-1
-1
-1
-1
-1
-1
31
-1
-1
-1
-1
102
-1
21
14
12
57
-1
-1
-1
77
-1
-1
-1
-1
-1
-1
-1
33
-1
-1
-1
-1
60
-1
22
12
13
55
-1
-1
64
73
-1
-1
-1
-1
-1
-1
-1
14
-1
-1
-1
-1
90
-1
26
12
13
74
-1
-1
63
-1
-1
-1
-1
-1
-1
-1
-1
4
-1
-1
-1
-1
-1
30
22
15
15
-1
119
-1
129
-1
-1
-1
-1
-1
-1
-1
6
-1
-1
-1
-1
-1
-1
58
22
9
13
-1
84
-1
-1
-1
-1
-1
-1
-1
-1
-1
-1
23
-1
-1
-1
-1
-1
58
25
6
6
-1
75
-1
-1
-1
-1
-1
-1
-1
-1
-1
-1
21
-1
-1
-1
-1
-1
63
24
2
-1
-1
54
-1
-1
-1
-1
-1
-1
-1
-1
-1
-1
4
-1
-1
-1
-1
-1
61
21
2
-1
23
53
-1
-1
-1
-1
-1
-1
-1
-1
-1
14
-1
-1
-1
-1
-1
28
28
23
3
-1
21
26
-1
-1
-1
-1
-1
-1
-1
-1
-1
18
-1
-1
-1
-1
-1
29
29
19
2
-1
19
20
-1
-1
-1
-1
-1
-1
-1
-1
-1
11
-1
-1
-1
-1
-1
29
29
12
3
-1
20
18
-1
-1
-1
-1
-1
-1
-1
-1
-1
-1
-1
-1
-1
-1
-1
41
32
14
-1
-1
23
16
-1
-1
-1
-1
-1
-1
-1
-1
-1
-1
-1
-1
-1
-1
13
30
26
13
-1
-1
19
1
-1
-1
-1
-1
-1
-1
-1
-1
-1
-1
-1
-1
-1
-1
13
29
26
14
-1
3
19
2
-1
-1
-1
-1
-1
-1
-1
-1
-1
-1
-1
-1
-1
-1
12
28
22
13
-1
9
21
-1
-1
-1
-1
-1
-1
2
-1
-1
-1
-1
-1
-1
-1
-1
14
27
21
13
-1
5
19
-1
-1
-1
-1
-1
-1
23
-1
-1
-1
-1
-1
-1
-1
-1
20
27
16
27
-1
8
28
-1
-1
-1
-1
-1
3
43
-1
-1
-1
-1
-1
-1
-1
-1
41
51
17
-1
-1
9
32
-1
-1
-1
-1
-1
10
-1
-1
-1
-1
-1
-1
-1
-1
-1
-1
-1
74
-1
2
8
-1
-1
-1
-1
-1
-1
51
23
-1
-1
-1
-1
-1
-1
-1
-1
25
-1
-1
-1
21
13
-1
-1
-1
-1
-1
-1
68
23
-1
-1
-1
-1
-1
-1
-1
-1
33
-1
-1
-1
15
21
-1
-1
-1
-1
-1
-1
100
22
-1
-1
-1
-1
-1
-1
-1
-1
58
-1
-1
39
4
45
-1
-1
-1
-1
-1
-1
108
22
-1
-1
-1
-1
-1
-1
-1
-1
125
-1
-1
38
6
-1
-1
-1
-1
-1
-1
-1
109
13
-1
-1
-1
-1
-1
-1
-1
44
-1
-1
-1
38
24
-1
-1
-1
-1
-1
-1
-1
104
-1
-1
-1
-1
-1
-1
-1
-1
153
-1
-1
-1
38
32
-1
-1
-1
-1
-1
-1
-1
115
-1
-1
-1
-1
-1
-1
32
34
-1
-1
-1
53
20
29
-1
-1
-1
-1
-1
-1
99
11
22
-1
-1
-1
-1
-1
29
129
-1
-1
-1
48
17
53
-1
-1
-1
-1
-1
-1
86
-1
24
-1
-1
-1
-1
6
31
-1
-1
-1
-1
78
17
-1
-1
-1
-1
-1
-1
-1
43
-1
7
-1
-1
-1
-1
6
66
-1
123
-1
-1
46
48
-1
-1
-1
-1
-1
-1
-1
-1
-1
-1
-1
-1
-1
-1
-1
30
36
-1
-1
64
26
50
-1
-1
-1
-1
-1
9
-1
-1
-1
-1
-1
-1
-1
-1
-1
31
71
-1
-1
59
22
56
-1
-1
-1
44
-1
-1
-1
-1
-1
-1
-1
-1
-1
8
-1
30
44
-1
-1
112
21
-1
-1
-1
-1
39
-1
-1
-1
-1
-1
-1
-1
-1
-1
-1
30
30
62
-1
-1
-1
31
-1
-1
-1
-1
38
-1
-1
-1
-1
-1
-1
-1
-1
-1
-1
84
12
-1
-1
-1
41
36
-1
-1
-1
-1
32
-1
-1
-1
-1
-1
-1
-1
-1
-1
-1
-1
-1
-1
-1
-1
31
27
-1
-1
-1
-1
35
-1
-1
-1
-1
-1
-1
-1
-1
5
-1
-1
-1
-1
86
-1
-1
28
-1
-1
-1
-1
-1
-1
-1
-1
-1
-1
-1
-1
-1
-1
-1
-1
-1
-1
31
-1
-1
136
-1
-1
-1
39
-1
-1
-1
-1
-1
-1
-1
-1
-1
-1
-1
-1
-1
-1
64
-1
-1
-1
-1
-1
-1
34
-1
-1
-1
-1
-1
-1
-1
-1
-1
-1
-1
-1
-1
-1
-1
-1
-1
-1
-1
-1
-1
12
-1
-1
-1
-1
-1
-1
-1
-1
1
-1
-1
-1
-1
-1
-1
-1
-1
-1
-1
-1
-1
17
-1
-1
-1
-1
-1
-1
-1
-1
1
-1
-1
-1
-1
-1
-1
-1
-1
-1
-1
-1
42
-1
-1
-1
-1
-1
-1
-1
-1
-1
-1
-1
-1
-1
-1
-1
-1
-1
-1
-1
-1
-1
40
-1
-1
35
-1
-1
-1
-1
-1
-1
11
-1
-1
-1
-1
-1
-1
-1
-1
-1
-1
-1
126
-1
-1
25
-1
-1
-1
-1
-1
-1
-1
-1
-1
-1
-1
-1
-1
-1
-1
-1
-1
-1
-1
-1
-1
58
-1
-1
-1
-1
-1
23
-1
-1
-1
-1
-1
-1
-1
-1
-1
-1
-1
-1
-1
-1
-1
256
-1
-1
-1
-1
-1
23
-1
-1
-1
-1
-1
-1
-1
-1
-1
-1
-1
-1
-1
-1
-1
-1
-1
-1
-1
-1
-1
34
-1
-1
-1
-1
-1
-1
-1
-1
-1
-1
-1
-1
-1
-1
-1
-1
-1
-1
-1
-1
-1
20
-1
-1
-1
-1
-1
-1
-1
-1
-1
-1
-1
-1
-1
-1
-1
-1
-1
-1
-1
-1
8
-1
-1
-1
-1
-1
-1
-1
-1
-1
-1
-1
-1
-1
-1
-1
-1
-1
-1
-1
-1
-1
-1
-1
-1
-1
-1
-1
-1
-1
-1
-1
-1
-1
-1
-1
-1
-1
-1
-1
-1
-1
-1
-1
-1
-1
-1
-1
-1
-1
-1
-1
-1
-1
-1
-1
-1
-1
-1
-1
-1
-1
-1
-1
-1
5
-1
-1
-1
-1
-1
-1
-1
-1
-1
-1
-1
-1
126
-1
-1
-1
219
112
-1
-1
-1
5
-1
-1
-1
-1
-1
-1
-1
-1
-1
-1
-1
-1
-1
-1
-1
-1
70
32
-1
-1
-1
3
-1
-1
-1
-1
-1
-1
-1
-1
-1
-1
-1
2
-1
-1
-1
-1
27
33
-1
-1
13
-1
-1
-1
-1
-1
-1
-1
-1
-1
-1
-1
-1
5
-1
-1
-1
41
30
33
-1
-1
28
-1
-1
-1
-1
-1
-1
-1
-1
-1
-1
-1
2
6
-1
-1
-1
38
27
39
-1
-1
35
-1
-1
-1
-1
-1
-1
-1
-1
-1
-1
-1
32
-1
-1
-1
24
21
27
55
-1
-1
34
-1
-1
-1
-1
-1
-1
-1
-1
-1
-1
-1
56
-1
-1
-1
20
23
26
67
-1
35
12
-1
-1
-1
-1
-1
-1
-1
-1
-1
-1
-1
64
-1
-1
-1
19
25
28
-1
-1
94
34
-1
-1
-1
-1
-1
-1
-1
-1
-1
-1
-1
90
-1
-1
6
16
22
28
12
31
-1
31
-1
-1
-1
-1
-1
-1
-1
-1
-1
-1
-1
51
-1
-1
11
14
21
32
11
31
31
30
-1
-1
-1
-1
-1
-1
-1
-1
-1
-1
-1
-1
-1
-1
15
13
22
30
-1
61
30
6
-1
-1
-1
-1
-1
-1
-1
-1
-1
-1
-1
-1
-1
-1
14
15
24
31
-1
-1
30
-1
-1
-1
-1
-1
-1
-1
-1
-1
-1
90
-1
-1
-1
-1
14
13
23
