0
0
1900
0
0
0
0
0
0
0
1838
0
0
4
0
0
0
0
3095
1902
4095
0
0
0
810
0
0
0
0
0
0
0
3304
0
0
4
0
0
0
0
2745
1603
4095
0
0
1228
0
0
0
0
0
0
0
0
3343
0
0
0
0
0
0
0
4095
1510
3203
0
0
0
0
0
0
0
0
0
0
0
3400
0
0
0
0
0
0
4095
451
1798
4095
0
0
0
0
0
0
0
0
0
0
1507
1822
1640
0
0
0
0
0
4095
536
1531
3039
0
0
0
0
0
0
0
0
0
0
1228
1755
1722
0
0
0
0
0
4095
449
1522
3068
0
0
0
0
0
0
0
0
0
0
0
2921
955
0
0
0
0
0
4095
457
1832
2542
0
0
0
0
0
0
0
0
0
0
1255
1683
0
0
0
0
0
0
4095
532
1455
2099
0
0
0
0
0
0
0
0
0
0
1387
1382
0
0
0
4095
0
0
2386
477
3603
0
0
0
1015
0
0
0
0
0
0
0
1221
0
0
0
0
4095
0
4095
809
447
2662
0
0
0
893
0
0
0
0
0
0
0
1253
0
0
0
0
4095
0
4095
613
563
1223
0
0
0
755
0
0
0
0
0
0
0
738
0
0
0
0
4095
0
4095
771
460
1229
0
0
0
0
0
0
0
0
0
0
0
0
0
0
0
0
0
0
4095
846
570
1839
0
0
0
0
0
0
0
0
0
0
0
0
0
0
0
0
0
4095
1623
807
469
0
1539
0
0
0
0
0
0
0
0
0
0
325
0
0
0
0
0
4095
1920
767
463
0
1309
0
0
0
0
0
0
0
0
0
0
345
0
0
0
0
0
4095
1734
839
88
0
971
0
0
0
0
0
0
0
0
0
0
85
0
0
0
0
0
4095
1587
814
0
288
233
0
0
0
0
0
0
0
0
0
0
0
0
0
0
0
0
4095
1820
919
0
241
450
0
0
0
0
0
0
0
0
0
0
0
0
0
0
0
1113
4095
1797
730
0
212
221
0
0
0
0
0
0
0
0
0
0
0
0
0
0
0
1136
4095
1709
813
0
258
140
0
0
0
0
0
0
0
0
0
0
0
0
0
0
0
1751
4095
1759
95
0
213
33
0
0
0
0
0
0
0
0
49
0
0
0
0
0
0
1785
4095
2123
0
0
223
35
0
0
0
0
0
0
0
0
171
0
0
0
0
0
0
1694
4095
1779
0
0
74
0
0
0
0
0
0
0
0
0
153
0
0
0
0
0
582
1158
4095
1727
0
44
11
0
0
0
0
0
0
150
0
0
0
0
0
0
0
0
568
4095
4095
715
0
63
85
0
0
0
0
0
0
1601
0
0
0
0
0
0
0
0
63
4095
1738
415
0
30
104
0
0
0
0
0
0
1487
0
221
0
0
0
0
0
0
54
4095
0
413
0
275
713
0
0
0
0
0
705
1554
224
0
0
0
0
0
0
0
0
4095
0
0
402
740
0
0
0
0
0
0
1719
1409
0
239
0
0
0
0
0
0
55
629
0
0
548
222
0
0
0
0
0
0
2051
1406
0
0
0
0
0
0
0
0
118
0
0
0
1193
180
0
0
0
0
0
0
3441
1389
0
0
0
0
0
0
0
0
547
0
0
0
912
145
0
0
0
0
0
0
3118
1613
133
0
0
0
0
0
0
0
0
0
0
1802
82
163
0
0
0
0
0
0
3318
880
355
0
0
0
0
0
0
1583
0
0
0
1559
67
0
0
0
0
0
0
0
3074
0
292
0
0
0
0
0
0
2431
0
0
0
1384
29
0
0
0
0
0
0
0
3566
0
0
0
0
0
0
117
0
2987
0
0
1031
443
0
0
0
0
0
0
0
2080
618
284
0
0
0
0
0
2038
0
0
0
0
1619
184
0
0
0
0
0
0
0
1516
0
349
0
0
0
0
42
0
0
2716
0
0
786
134
0
0
0
0
0
0
0
805
0
183
0
0
0
0
57
0
1140
1542
0
0
783
70
0
0
0
0
0
0
0
0
0
0
0
0
0
0
0
446
1159
887
0
0
799
229
0
0
0
0
0
0
0
0
0
0
0
0
0
0
0
1234
1287
0
0
0
1395
330
0
0
0
0
0
0
0
0
0
0
0
0
0
71
0
1205
386
0
0
0
1302
335
0
0
0
0
0
0
0
0
0
0
0
0
0
0
0
1304
0
0
0
0
1443
0
0
0
0
61
0
0
0
0
0
0
0
0
0
0
0
426
0
0
0
0
609
0
0
0
0
89
0
0
0
0
0
0
0
0
0
0
0
0
0
0
0
0
631
0
0
0
0
94
0
0
0
0
0
0
0
0
27
0
0
0
0
713
0
0
0
0
0
0
0
48
0
0
0
0
0
0
0
0
0
0
0
0
0
160
0
0
0
0
0
0
9
0
0
0
0
0
0
0
0
0
0
0
0
0
0
356
0
0
0
0
0
0
8
0
0
0
0
0
0
0
0
0
207
0
0
0
0
0
0
0
0
0
0
0
13
0
0
0
0
0
0
0
0
0
0
0
0
0
0
0
0
0
0
0
0
0
0
0
0
0
0
0
0
0
0
19
0
0
0
0
0
0
0
0
0
0
0
0
0
0
0
0
0
0
0
0
0
4
0
0
0
0
0
0
0
0
0
0
0
2915
0
0
0
0
0
0
0
0
0
14
0
0
0
0
0
0
0
0
0
0
0
6
0
0
4095
0
0
0
0
0
0
25
0
0
0
0
0
0
0
0
0
0
0
0
0
0
4095
0
0
0
0
0
57
0
0
0
0
0
0
0
0
0
0
0
0
0
0
0
4095
0
0
0
0
0
118
0
0
0
0
0
0
0
0
0
0
0
0
0
0
0
4095
0
0
0
0
0
4095
0
0
0
0
0
0
0
0
0
0
0
0
0
0
0
0
0
0
0
0
4095
38
0
0
0
0
0
0
0
0
0
0
0
0
0
0
0
0
0
0
0
0
4095
0
0
0
0
0
0
0
0
0
0
0
0
0
0
0
0
0
0
0
0
0
4095
0
0
0
0
0
0
0
0
0
0
0
0
0
0
0
0
0
0
0
0
0
0
0
0
0
0
0
0
0
0
0
0
0
4095
0
0
0
0
0
0
0
0
4095
0
0
0
0
0
0
0
0
0
0
0
0
4095
0
0
0
0
0
0
0
0
55
0
0
0
0
0
0
0
0
0
0
0
0
0
0
0
0
4095
1142
0
0
0
37
0
0
0
0
0
0
0
0
0
0
0
35
0
0
0
0
4095
1135
0
0
135
0
0
0
0
0
0
0
0
0
0
0
0
84
0
0
0
4095
4095
1207
0
0
406
0
0
0
0
0
0
0
0
0
0
0
3
78
0
0
0
4095
4095
1301
0
0
0
2234
0
0
0
0
0
0
0
0
0
0
67
42
0
0
4095
3134
4095
1282
0
0
1214
1089
0
0
0
0
0
0
0
0
0
0
204
0
0
0
3753
3003
4095
1251
0
1325
2125
0
0
0
0
0
0
0
0
0
0
0
239
0
0
0
3156
3522
4023
4095
0
1436
2044
0
0
0
0
0
0
0
0
0
0
0
597
0
0
1489
1541
3010
4095
4095
0
0
2520
0
0
0
0
0
0
0
0
0
0
0
238
0
0
1808
1822
3020
4095
4095
0
0
2448
0
0
0
0
0
0
0
0
0
0
342
0
0
0
4095
1612
3293
4095
4095
0
1304
228
0
0
0
0
0
0
0
0
0
0
1834
0
0
0
3101
1512
3868
4095
462
