0
0
0
0
0
0
0
0
0
0
1
0
0
0
4095
1359
3748
4095
654
0
1308
377
0
0
0
0
0
0
3700
0
0
2
0
0
0
0
4095
1651
3068
4095
1425
0
1304
0
0
0
0
0
0
0
3041
0
0
7
0
0
0
0
4095
1527
3131
0
0
0
1146
0
0
0
0
0
0
0
3290
0
0
0
0
0
0
0
4095
1684
3123
0
0
0
1718
0
0
0
0
0
0
0
3370
0
0
0
0
0
0
0
4095
1752
4095
0
0
0
0
0
0
0
0
0
0
0
2655
1657
0
0
0
0
0
4095
440
1567
3366
0
0
0
0
0
0
0
0
0
0
0
3024
1849
0
0
0
0
0
4095
530
1830
3225
0
0
0
0
0
0
0
0
0
0
0
3266
1195
0
0
0
0
0
4095
457
1706
2959
0
0
0
0
0
0
0
0
0
0
0
3122
0
0
0
0
0
0
4095
443
1510
1495
0
0
0
0
0
0
0
0
0
0
1393
1658
0
0
0
4095
0
0
4095
543
1791
2343
0
0
0
0
0
0
0
0
0
0
1289
0
0
0
0
4095
0
3268
905
454
1711
0
0
0
2308
0
0
0
0
0
0
0
1246
0
0
0
0
4095
0
3381
811
576
2020
0
0
0
890
0
0
0
0
0
0
0
1274
0
0
0
0
4095
0
3709
817
430
773
0
0
0
1339
0
0
0
0
0
0
0
0
0
0
0
0
0
0
4095
728
452
980
0
1518
0
0
0
0
0
0
0
0
0
0
0
0
0
0
0
4095
1424
712
582
0
387
1285
0
0
0
0
0
0
0
0
0
210
0
0
0
0
0
4095
1618
745
751
0
418
0
0
0
0
0
0
0
0
0
0
406
0
0
0
0
0
4095
1764
748
657
0
732
0
0
0
0
0
0
0
0
0
0
306
0
0
0
0
0
4095
1663
732
271
0
185
18
0
0
0
0
0
0
0
0
0
0
0
0
0
0
0
4095
1562
830
0
282
283
0
0
0
0
0
0
0
0
0
0
0
0
0
0
0
2656
4095
1816
649
0
339
216
0
0
0
0
0
0
0
0
0
0
0
0
0
0
0
1139
4095
1588
733
0
264
159
0
0
0
0
0
0
0
0
0
0
0
0
0
0
0
1649
4095
1652
544
0
336
37
0
0
0
0
0
0
0
0
0
0
0
0
0
0
0
1679
4095
1671
0
0
151
11
0
0
0
0
0
0
0
0
111
0
0
0
0
0
0
1713
4095
1898
0
0
229
2
0
0
0
0
0
0
0
0
171
0
0
0
0
0
557
1111
4095
1644
0
2
28
0
0
0
0
0
0
109
0
0
0
0
0
0
0
0
572
4095
4095
1065
0
87
178
0
0
0
0
0
0
1241
0
0
0
0
0
0
0
0
129
4095
0
370
0
50
349
0
0
0
0
0
0
1535
0
0
0
0
0
0
0
0
90
4095
0
677
0
78
377
0
0
0
0
0
0
1347
162
0
0
0
0
0
0
0
0
4095
0
0
0
96
454
0
0
0
0
0
344
1386
170
0
0
0
0
0
0
0
0
1064
0
0
324
70
0
0
0
0
0
0
1707
1633
0
0
0
0
0
0
0
0
108
0
0
0
590
1
0
0
0
0
0
0
4095
1477
0
0
0
0
0
0
0
0
1567
0
0
0
443
0
0
0
0
0
0
0
0
1459
0
0
0
0
0
0
0
0
0
0
0
838
57
0
0
0
0
0
0
0
3381
1463
325
0
0
0
0
0
0
2290
0
0
0
910
235
0
0
0
0
0
0
0
3076
0
313
0
0
0
0
502
0
2256
0
0
0
905
187
0
0
0
0
0
0
0
3090
0
100
0
0
0
0
1202
0
3116
0
0
1080
349
217
0
0
0
0
0
0
0
3350
214
0
0
0
0
0
1104
0
0
0
0
1172
361
137
0
0
0
0
0
0
0
3152
333
0
0
0
0
0
1123
0
1557
0
0
857
141
269
0
0
0
0
0
0
1658
0
254
0
0
0
0
80
0
1124
1546
0
0
753
26
0
0
0
0
0
0
0
1100
0
0
0
0
0
0
0
227
1134
1914
0
0
817
7
0
0
0
0
0
0
0
0
0
0
0
0
0
0
0
1209
1276
0
0
0
921
62
0
0
0
0
0
0
0
0
0
0
0
0
0
66
0
1311
1229
0
0
0
670
416
0
0
0
0
0
0
0
0
0
0
0
0
0
0
0
1160
0
0
0
0
1231
804
0
0
0
25
0
0
0
0
0
0
0
0
0
0
0
615
0
0
0
0
348
0
0
0
0
126
0
0
0
0
0
0
0
0
0
0
0
0
0
0
1215
0
7
0
0
0
0
100
0
0
0
0
0
0
0
0
0
0
0
0
0
177
597
0
0
0
0
0
0
87
0
0
0
0
0
0
0
0
47
0
0
0
0
171
0
0
0
0
0
0
15
0
0
0
0
0
0
0
0
0
0
0
0
0
0
265
0
0
0
0
0
0
13
0
0
0
0
0
0
0
0
0
0
0
0
0
0
0
0
0
0
0
0
0
9
0
0
0
0
0
0
0
0
0
0
0
0
0
0
0
0
0
0
0
0
0
6
0
0
0
0
0
0
0
0
0
0
0
0
0
0
0
0
0
0
0
0
0
1
0
0
0
0
0
0
0
0
0
0
0
0
0
0
0
0
0
0
0
0
0
0
0
0
0
0
0
0
0
0
100
0
0
0
0
0
0
0
0
0
0
0
0
0
0
0
0
0
0
0
0
0
155
0
0
0
0
0
0
0
0
0
0
0
0
0
0
4095
0
0
0
0
0
0
0
0
0
0
0
0
0
0
0
0
0
0
0
0
0
4095
0
0
0
0
0
93
0
0
0
0
0
0
0
0
0
0
0
0
0
0
0
4095
0
0
0
0
0
32
0
0
0
0
0
0
0
0
0
0
0
0
0
0
0
0
0
0
0
0
0
41
0
0
0
0
0
0
0
0
0
0
0
0
0
0
0
0
0
0
0
0
0
0
0
0
0
0
0
0
0
0
0
0
0
0
0
0
0
0
0
0
0
0
75
0
0
0
0
0
0
0
0
0
0
0
0
0
0
0
0
0
0
0
0
0
0
0
0
0
0
0
0
0
0
0
0
0
0
0
0
0
0
0
0
0
0
0
0
0
0
0
0
0
0
0
0
0
0
0
560
0
0
0
0
0
0
0
0
0
0
0
0
0
0
0
0
0
0
0
0
0
2407
0
0
0
4095
4095
0
0
0
95
0
0
0
0
0
0
0
0
0
0
0
16
2324
0
0
0
4095
1150
0
0
0
27
0
0
0
0
0
0
0
0
0
0
0
85
0
0
0
4056
4095
1263
0
0
0
115
0
0
0
0
0
0
0
0
0
0
0
68
0
0
0
3966
4095
1271
152
0
0
332
0
0
0
0
0
0
0
0
0
0
41
633
0
0
0
4095
4095
1174
0
0
0
1851
0
0
0
0
0
0
0
0
0
0
199
0
0
0
3171
3611
4095
1237
0
0
1060
1192
0
0
0
0
0
0
0
0
0
0
238
0
0
0
2637
4095
4095
4095
0
1433
956
2240
0
0
0
0
0
0
0
0
0
0
624
0
0
0
2373
3541
4095
4095
0
1328
1141
0
0
0
0
0
0
0
0
0
0
0
0
0
0
1760
1179
3430
4095
4095
0
2536
1157
0
0
0
0
0
0
0
0
0
0
271
0
0
0
4095
1094
3035
4095
4095
0
0
1173
0
