0
0
0
0
0
0
0
1674
1677
1677
0
0
0
3690
0
0
0
0
0
499
0
0
0
0
0
0
0
0
1711
0
5
0
0
0
0
3746
0
0
0
0
0
560
0
0
0
0
0
0
0
0
1638
0
2
0
0
0
0
3768
0
0
2018
0
404
993
0
0
0
0
0
0
0
0
1754
0
0
0
0
0
1926
3911
0
0
0
0
558
1138
0
0
0
0
0
0
0
0
1884
0
0
0
0
0
2499
0
0
0
1242
1023
518
0
0
0
0
0
0
0
0
1127
0
0
0
0
0
0
3464
0
0
0
1588
1090
580
0
0
0
0
0
0
0
0
1471
0
0
0
0
0
1827
3716
0
0
0
1715
1218
642
0
0
0
0
0
0
0
0
1299
0
0
0
0
0
2119
3876
0
0
0
1615
1112
570
0
0
0
0
0
0
0
0
1176
0
0
0
0
617
2523
3964
0
0
0
1700
1176
561
0
0
0
0
0
0
0
0
0
0
0
0
0
2228
0
3382
0
0
2124
1659
1156
553
0
0
0
0
0
0
0
0
0
0
0
0
0
0
3187
0
0
0
408
0
458
986
7
7
0
0
0
0
0
0
0
0
0
0
0
0
3451
0
0
0
383
0
467
1014
34
34
0
0
0
0
0
0
0
0
0
0
0
0
3396
0
0
0
402
0
500
1083
40
40
0
0
0
0
0
0
0
0
0
0
0
1888
3602
0
0
0
0
473
833
283
67
52
0
0
0
0
0
0
0
0
0
0
0
2069
0
0
0
0
277
838
354
34
34
23
0
0
0
0
0
0
0
0
0
0
0
1524
0
0
0
0
273
474
24
24
24
0
0
0
0
0
0
0
0
0
0
0
0
2167
0
0
0
0
326
414
23
23
23
0
0
0
0
0
0
0
0
0
0
0
0
2130
0
0
0
0
273
16
16
16
0
0
0
0
0
0
0
0
0
0
0
0
0
2282
0
0
0
0
0
7
7
7
0
0
0
0
0
0
0
0
0
0
0
0
0
0
0
0
0
0
0
0
0
0
0
0
0
0
0
0
0
0
0
0
0
0
0
0
0
0
0
0
0
0
0
0
0
0
0
0
0
0
0
0
0
0
0
0
445
0
0
0
0
0
0
0
0
0
0
0
0
0
0
0
0
0
0
0
0
0
567
0
0
0
0
0
0
0
0
0
0
0
0
0
110
110
0
0
0
0
0
0
573
0
0
0
0
0
0
0
0
0
0
0
0
0
116
116
0
0
0
0
0
0
0
0
0
0
0
0
0
0
0
0
0
0
0
169
0
0
0
0
0
0
0
0
0
0
0
0
0
0
0
0
0
0
0
0
0
171
0
0
0
0
0
0
0
0
0
0
3469
0
0
0
0
0
0
0
0
0
0
0
107
0
0
0
0
0
0
0
28
0
0
0
0
0
0
0
0
0
0
0
0
0
0
0
0
0
0
0
0
0
3
43
0
336
0
345
0
0
0
0
0
1
0
0
0
0
0
0
0
0
0
0
0
544
0
338
0
0
0
0
0
0
2
2
0
0
56
0
0
0
0
0
0
55
0
0
478
843
0
0
0
0
0
0
1
287
0
0
0
0
0
0
0
0
0
159
388
0
523
908
0
0
0
0
0
0
5
1250
2827
0
0
0
0
0
0
0
60
234
234
767
1289
0
0
0
0
0
0
0
2
1417
0
0
0
0
0
0
0
0
66
372
0
541
1149
0
0
0
0
0
0
0
5
1425
0
0
0
0
0
0
0
0
483
608
0
515
1087
0
0
0
0
0
0
0
5
1422
0
0
0
0
0
0
0
0
1135
609
0
511
0
0
0
0
0
0
0
350
352
1968
0
0
0
0
0
0
0
2053
937
0
616
1211
0
0
0
0
0
0
0
798
800
0
0
0
0
0
0
0
0
0
1253
688
0
522
0
0
0
0
0
0
0
157
158
0
0
0
0
0
0
0
0
0
0
585
0
500
0
115
0
0
0
0
0
0
0
0
0
0
0
0
0
0
0
0
0
565
0
513
0
0
0
0
0
0
0
0
0
0
0
0
0
0
0
0
0
0
187
0
597
1108
0
0
0
0
0
0
0
0
0
0
0
0
0
0
0
0
0
0
172
0
621
1164
0
0
0
0
0
0
0
0
0
0
0
0
0
0
0
0
0
185
185
0
679
1265
0
0
0
0
0
0
0
0
0
0
0
0
0
0
0
0
0
156
156
0
610
796
187
0
0
0
0
0
0
0
0
0
0
0
0
0
0
0
0
0
0
177
0
0
0
0
0
0
0
0
0
0
0
0
0
0
0
0
0
0
0
0
0
417
0
0
0
0
0
0
0
0
0
0
0
0
0
0
0
0
0
0
0
0
0
116
0
0
0
0
0
0
0
0
0
0
0
0
0
0
0
0
0
0
0
0
0
0
0
0
0
0
0
0
0
0
0
0
0
0
0
0
0
0
0
0
0
0
0
0
0
0
0
0
0
0
0
0
0
0
0
0
0
0
0
0
0
0
0
0
0
0
0
0
0
0
0
0
0
0
0
0
0
0
0
0
0
0
0
0
0
0
0
0
0
0
0
0
0
0
0
0
0
0
0
0
0
3560
3560
21
21
21
21
21
4
0
0
0
0
0
0
0
0
0
3560
3560
3560
3560
3560
0
0
108
108
108
108
108
0
68
68
68
68
68
68
0
0
0
0
0
0
0
0
0
0
145
145
145
145
145
59
0
0
0
0
0
0
0
0
0
0
0
0
0
0
0
44
44
44
44
44
44
0
0
0
0
0
0
0
0
0
1943
0
0
0
0
0
0
30
30
30
30
30
25
0
0
0
0
0
0
0
0
0
1938
0
0
0
0
0
4080
15
15
15
15
15
0
0
0
0
0
0
0
0
0
0
1958
4080
4080
4080
4080
4080
0
30
30
30
30
30
0
0
0
0
0
0
0
0
0
816
2421
4095
4095
4095
4095
4095
0
0
0
0
0
0
0
0
0
0
0
0
0
0
0
842
2268
4095
4095
4095
4095
4095
0
0
0
0
0
0
0
0
0
0
0
0
0
0
0
1019
2657
4079
4079
4079
4079
4079
0
0
0
0
0
0
0
0
0
0
0
0
0
0
0
1033
2676
4095
4095
4095
4095
4095
0
0
0
0
0
0
0
0
0
0
0
0
4095
4095
3775
2274
0
4095
4095
4095
4095
0
0
0
0
0
0
0
0
0
0
0
0
0
0
0
604
1895
0
0
0
0
0
0
0
0
0
0
0
0
0
0
0
0
0
0
0
0
683
1559
0
0
0
0
30
0
0
0
0
0
0
0
0
0
0
0
0
0
0
0
1716
0
0
0
0
0
138
0
0
0
0
0
0
0
0
0
3
3
0
0
0
0
1636
0
0
0
71
0
318
0
0
0
0
0
0
0
0
1
8
57
0
0
0
507
2048
0
0
15
0
89
1109
0
0
0
0
0
0
0
0
3
11
111
0
0
0
1789
0
0
0
91
0
464
0
0
0
0
0
0
0
0
0
3
161
203
0
0
0
1457
0
0
0
0
228
0
1194
0
0
0
0
0
0
0
0
4
528
528
0
0
0
0
0
0
0
0
213
0
1010
0
0
0
0
0
0
0
0
5
255
255
255
255
255
0
0
0
0
0
180
0
0
0
0
0
0
0
0
0
352
357
358
0
0
0
2998
0
0
0
0
104
0
1414
0
0
