3740
0
0
0
0
0
567
0
0
0
0
0
0
0
0
3692
0
1
0
0
0
0
3907
0
0
0
0
0
1675
0
0
0
0
0
0
0
0
0
0
0
0
0
0
2002
0
0
0
0
0
0
0
0
0
0
0
0
0
0
0
0
0
0
0
0
0
2511
0
0
0
0
0
0
0
0
0
0
0
0
0
0
1018
0
0
0
0
0
0
3543
0
0
0
0
0
0
0
0
0
0
0
0
0
0
1534
0
0
0
0
0
1766
3760
0
0
0
0
0
0
0
0
0
0
0
0
0
0
1259
0
0
0
0
0
2029
3837
0
0
0
0
0
0
0
0
0
0
0
0
0
0
1249
0
0
0
0
-2275
2197
3925
0
0
0
0
0
0
542
0
0
0
0
0
0
0
0
0
0
0
0
2887
0
3079
0
0
0
0
0
1787
1082
0
0
0
0
0
0
0
0
0
0
0
0
0
0
0
0
0
0
0
0
559
0
0
0
0
0
0
0
0
0
0
0
0
0
0
0
0
0
0
0
0
0
563
0
0
0
0
0
0
0
0
0
0
0
0
0
0
0
0
0
0
0
0
481
0
0
0
0
0
0
0
0
0
0
0
0
0
0
0
3352
0
0
0
0
0
0
0
0
0
0
0
0
0
0
0
0
0
0
0
0
2128
0
0
0
0
0
0
0
0
0
0
0
0
0
0
0
0
0
0
0
0
0
0
0
0
0
0
0
0
0
0
0
0
0
0
0
0
0
0
0
0
0
0
0
2193
0
0
0
0
0
0
0
0
0
0
0
0
0
0
0
0
0
0
0
0
0
2091
0
0
0
0
0
0
0
0
0
0
0
0
0
0
0
0
0
0
0
0
0
2106
0
0
0
0
0
0
0
0
0
0
0
0
0
0
0
0
0
0
0
0
0
0
0
0
0
0
0
0
0
0
0
0
0
0
0
0
0
0
0
0
0
0
0
0
0
0
0
0
0
0
0
0
0
0
0
0
0
0
0
0
0
0
0
0
449
0
0
0
0
0
0
0
0
0
0
0
0
0
0
0
0
0
0
0
0
0
592
0
0
0
0
0
0
0
0
0
0
0
0
0
113
113
0
0
0
0
0
0
594
0
0
0
0
0
0
0
0
0
0
0
0
0
124
124
0
0
0
0
0
0
0
0
0
0
0
0
0
0
0
0
0
0
0
0
0
0
0
0
0
0
0
0
0
0
0
0
0
0
0
0
0
0
0
0
0
0
0
0
0
0
0
0
0
0
0
0
0
0
0
0
0
0
0
0
0
0
0
0
0
0
0
0
0
0
0
0
0
0
0
0
0
0
0
0
0
0
0
1
0
0
0
0
0
0
0
0
0
0
0
0
0
0
0
0
0
0
0
0
0
1
0
0
0
0
0
0
0
0
0
0
0
0
0
344
0
0
0
0
0
0
4
295
0
0
0
0
0
0
0
0
0
36
0
0
0
336
0
0
0
0
0
0
2
1430
0
0
0
0
0
0
0
0
0
168
0
0
521
945
0
0
0
0
0
0
2
1421
0
0
0
0
0
0
0
0
0
0
0
0
558
0
0
0
0
0
0
0
2
1373
0
0
0
0
0
0
0
0
184
190
0
0
574
0
0
0
0
0
0
0
4
1388
0
0
0
0
0
0
0
0
0
0
0
0
554
0
0
0
0
0
0
309
313
1732
0
0
0
0
0
0
0
0
0
0
0
515
0
0
0
0
0
0
0
798
802
0
0
0
0
0
0
0
0
0
0
0
0
548
0
0
0
0
0
0
0
184
187
0
0
0
0
0
0
0
0
0
0
0
0
601
0
0
0
0
0
0
0
0
0
0
0
0
0
0
0
0
0
0
0
0
0
496
0
0
0
0
0
0
0
0
0
0
0
0
0
0
0
0
0
0
0
0
0
524
0
0
0
0
0
0
0
0
0
0
0
0
0
0
0
0
0
0
0
0
0
523
0
0
0
0
0
0
0
0
0
0
0
0
0
0
0
0
0
0
0
0
0
542
0
0
0
0
0
0
0
0
0
0
0
0
0
0
0
0
0
0
0
0
623
1251
0
0
0
0
0
0
0
0
0
0
0
0
0
0
0
0
0
0
0
0
0
205
0
0
0
0
0
0
0
0
0
0
0
0
0
0
0
0
0
0
0
172
615
0
0
0
0
0
0
0
0
0
0
0
0
0
0
0
0
0
0
0
0
0
0
0
0
0
0
0
0
0
0
0
0
0
0
0
0
0
0
0
0
0
0
0
0
0
0
0
0
0
0
0
0
0
0
0
0
0
0
0
0
0
0
0
11
0
0
0
0
0
0
0
0
0
0
0
0
0
0
0
0
0
0
0
0
0
0
0
0
0
0
0
0
0
0
0
0
0
0
0
0
0
0
0
0
0
0
0
0
0
0
0
0
0
0
0
0
0
0
0
0
0
0
0
0
0
0
0
0
0
0
0
0
0
0
0
0
0
0
0
-2320
0
0
0
0
0
0
0
0
0
0
0
0
0
0
0
0
0
0
0
0
0
3463
0
0
0
0
0
0
0
0
0
0
0
0
0
0
0
0
0
0
0
0
0
0
0
0
0
0
0
0
0
0
0
0
0
0
0
0
0
0
0
0
0
0
1954
0
0
0
0
0
0
0
0
0
0
0
0
0
0
0
0
0
0
0
0
423
2003
0
0
0
0
0
0
0
0
0
0
0
0
0
0
0
0
0
0
0
0
0
0
0
0
0
0
0
0
0
0
0
0
0
0
0
0
0
0
0
0
0
0
0
0
0
0
0
0
0
0
0
0
0
0
0
0
0
0
0
0
0
0
0
0
0
0
0
0
0
0
0
0
0
0
0
0
0
0
0
0
0
0
0
0
0
0
-4928
-8192
-6163
0
0
0
0
0
0
0
0
0
0
0
0
0
0
0
0
0
0
0
-4529
-5897
-4857
0
0
0
0
0
0
0
0
0
0
0
0
0
0
0
0
0
0
0
-4606
-6980
-3698
0
0
0
0
0
0
0
0
0
0
0
0
0
0
0
0
0
0
168
17998
24619
22022
0
0
0
0
0
0
0
0
0
0
0
0
0
0
0
0
0
0
681
1624
0
0
0
0
33
0
0
0
0
0
0
0
0
0
0
0
0
0
0
0
1408
0
0
0
0
0
124
0
0
0
0
0
0
0
0
0
0
0
0
0
0
0
1646
0
0
0
0
0
317
0
0
0
0
0
0
0
0
0
5
5
0
0
0
490
2025
0
0
0
0
0
1048
0
0
0
0
0
0
0
0
3
7
52
0
0
0
1747
0
0
0
0
0
401
0
0
0
0
0
0
0
0
0
4
7
125
0
0
0
1464
0
0
0
0
0
0
0
0
0
0
0
0
0
0
0
3
177
216
0
0
0
0
0
0
0
0
0
0
0
0
0
0
0
0
0
0
0
4
562
562
0
0
0
0
0
0
0
0
0
0
0
0
0
0
0
0
0
0
0
0
0
0
0
0
0
0
0
0
0
0
0
0
0
0
0
0
0
0
0
0
-129
12
464
0
0
0
2994
0
0
0
0
0
0
0
0
0
0
0
0
0
0
0
-417
3
4
0
0
0
3667
0
0
0
0
0
0
0
0
0
0
0
0
0
0
0
577
3
0
0
0
0
3753
