4095
1332
0
936
0
0
0
0
0
0
0
0
4095
0
0
3
0
0
0
4095
783
1728
4095
0
0
1412
0
0
0
0
0
0
0
0
4095
0
0
0
0
0
0
4007
727
1720
0
0
0
2815
0
0
0
0
0
0
0
1432
0
0
0
0
0
0
0
4095
789
1991
0
0
0
0
0
0
0
0
0
0
0
1646
3352
0
0
0
0
0
0
4095
834
2145
0
0
0
0
0
0
0
0
0
0
0
1362
3114
0
0
0
0
0
0
4095
813
2562
0
0
0
0
0
0
0
0
0
0
0
1516
1594
0
0
0
0
0
4095
497
745
3393
0
0
0
0
0
0
0
0
0
0
0
1534
1583
0
0
0
0
0
4095
473
761
3692
0
0
0
0
0
0
0
0
0
0
0
1626
325
0
0
0
0
0
4095
552
811
2235
0
0
0
0
0
0
0
0
0
0
0
1688
0
0
0
0
4095
0
1447
470
734
1408
0
0
2418
0
0
0
0
0
0
0
0
988
0
0
0
4095
0
0
4095
517
744
1220
0
0
943
0
0
0
0
0
0
0
109
0
0
0
0
4095
0
3110
1816
436
808
0
1906
0
446
0
0
0
0
0
0
0
115
0
0
0
0
4095
0
3154
1577
446
745
0
1326
0
559
0
0
0
0
0
0
0
187
265
0
0
0
0
0
4095
1581
550
93
0
1308
0
0
0
0
0
0
0
0
0
0
0
0
0
0
0
0
4095
1771
461
0
0
610
0
0
0
0
0
0
0
0
0
0
0
0
0
0
0
4095
2944
1533
469
0
309
552
0
0
0
0
0
0
0
0
0
192
0
0
0
0
0
4095
2958
1539
557
0
371
313
0
0
0
0
0
0
0
0
0
370
0
0
0
0
0
4095
3036
1915
464
0
376
17
0
0
0
0
0
0
0
0
0
279
0
0
0
0
0
4095
3490
1575
99
0
201
8
0
0
0
0
0
0
0
0
0
0
0
0
0
0
0
4095
3248
1561
0
61
398
0
0
0
0
0
0
0
0
0
0
0
0
0
0
0
1186
3504
2845
1907
0
114
194
0
0
0
0
0
0
0
0
0
0
0
0
0
0
0
1140
3875
3062
1528
0
174
130
0
0
0
0
0
0
0
0
0
0
0
0
0
0
0
1149
4095
3543
1232
0
256
28
0
0
0
0
0
0
0
0
0
0
0
0
0
0
0
1104
4095
3062
310
0
127
11
0
0
0
0
0
0
0
0
1284
0
0
0
0
0
0
1236
4095
1844
559
0
279
28
0
0
0
0
0
0
0
0
1561
0
0
0
0
0
0
3718
4095
1509
0
0
140
81
0
0
0
0
0
1237
0
0
0
0
0
0
0
0
0
4095
0
1334
0
54
195
67
0
0
0
0
0
3270
0
0
0
0
0
0
0
0
0
4095
0
672
0
104
426
0
0
0
0
0
0
1828
1353
0
0
0
0
0
0
0
0
4095
0
1072
0
27
465
0
0
0
0
0
0
2902
1442
0
0
0
0
0
0
0
0
4095
0
0
184
118
782
0
0
0
0
0
0
3419
1284
0
0
0
0
0
0
0
0
2112
0
0
623
95
0
0
0
0
0
0
0
3407
724
0
0
0
0
0
0
0
0
0
0
0
649
64
0
0
0
0
0
0
0
3472
0
0
0
0
0
0
0
0
0
0
0
0
1183
0
0
0
0
0
0
0
0
3703
0
0
0
0
0
0
0
2152
0
0
0
922
11
0
0
0
0
0
0
0
2285
1034
341
0
0
0
0
0
0
2776
0
0
0
917
191
0
0
0
0
0
0
0
2426
0
328
0
0
0
0
740
0
4095
0
0
0
797
133
0
0
0
0
0
0
0
1993
0
52
0
0
0
0
1059
0
0
0
0
0
1364
144
0
0
0
0
0
0
0
109
0
0
0
0
0
0
0
921
1854
0
0
1116
297
107
0
0
0
0
0
0
0
0
333
0
0
0
0
0
0
1130
1842
0
0
913
98
81
0
0
0
0
0
0
0
0
190
0
0
0
0
78
0
1151
1604
0
0
711
20
54
0
0
0
18
0
0
0
0
0
0
0
0
0
0
767
1104
1169
0
0
807
1
0
0
0
0
45
0
0
0
0
0
0
0
0
0
0
1149
903
0
0
0
751
7
0
0
0
0
53
0
0
0
0
0
0
0
0
36
0
2170
0
0
0
0
1189
271
0
0
0
0
48
0
0
0
0
0
0
0
0
0
0
0
0
0
0
0
617
618
0
0
0
45
0
0
0
0
0
0
0
0
0
0
0
0
0
0
1208
0
35
0
0
0
0
64
0
0
0
0
0
0
0
0
0
0
0
0
0
0
719
0
0
0
0
0
0
73
0
0
0
0
0
0
0
0
0
0
0
0
0
0
650
0
0
0
0
0
0
41
0
0
0
0
0
0
0
0
16
0
0
0
0
0
0
0
0
0
0
0
0
0
0
0
0
0
0
0
0
0
0
0
0
0
0
0
0
0
0
0
0
0
0
0
0
0
0
0
0
0
0
0
0
0
0
0
0
0
0
0
0
0
0
0
0
0
0
0
0
0
0
0
0
0
0
0
0
0
0
0
0
0
0
0
0
0
0
0
0
0
0
0
0
0
0
0
0
0
0
0
0
0
0
0
0
0
0
0
0
0
0
4095
0
0
0
0
0
118
0
0
0
0
0
0
0
0
0
0
0
0
0
0
4095
0
0
0
0
0
0
191
0
0
0
0
0
0
0
0
0
0
0
0
0
0
4095
0
0
0
0
0
0
100
0
0
0
0
0
0
0
0
0
0
0
0
0
0
4095
0
0
0
0
0
0
80
0
0
0
0
0
0
0
0
0
0
0
0
0
0
0
0
0
0
0
0
74
0
0
0
0
0
0
0
0
0
0
0
0
0
0
0
0
0
0
0
0
0
50
0
0
0
0
0
0
0
0
0
0
0
0
0
0
0
0
0
0
0
0
0
20
0
0
0
0
0
0
0
0
0
0
0
0
0
0
0
0
0
0
0
0
0
0
0
0
0
0
0
0
0
0
0
0
0
0
0
0
0
0
0
0
0
0
88
0
0
0
0
0
0
0
0
0
0
0
0
0
0
0
0
0
0
0
0
0
0
0
0
0
0
0
0
0
0
0
0
0
13
0
0
0
0
4095
0
0
0
100
0
0
0
0
0
0
0
0
0
0
0
0
17
0
0
0
4095
1190
572
0
0
30
0
0
0
0
0
0
0
0
0
0
0
0
3465
0
0
0
4095
1098
554
0
0
66
85
0
0
0
0
0
0
0
0
0
0
30
4095
0
0
0
4095
1109
271
0
0
78
0
0
0
0
0
0
0
0
0
0
0
105
0
0
0
4095
4095
1137
212
0
0
1129
0
0
0
0
0
0
0
0
0
0
0
99
0
0
0
4095
4095
1100
0
0
0
2348
0
0
0
0
0
0
0
0
0
0
596
83
0
0
0
4095
4095
3621
0
2076
0
1134
0
0
0
0
0
0
0
0
0
0
733
0
0
0
3454
2091
4095
4095
70
1272
1125
1797
0
0
0
0
0
0
0
0
0
0
0
0
0
0
1978
1733
4095
4095
19
2015
1132
0
0
0
0
0
0
0
0
0
0
0
0
0
0
0
1402
1712
4095
4095
0
0
1081
0
0
0
0
0
0
0
0
0
0
9
0
0
0
0
1733
1734
4095
4095
0
960
896
0
0
0
0
0
0
0
1024
0
0
1
0
0
0
0
2949
2030
4095
