35
3
23
56
-1
-1
69
115
-1
-1
-1
-1
-1
-1
-1
122
-1
-1
121
-1
-1
-1
94
4
23
61
-1
-1
156
-1
-1
-1
-1
-1
-1
-1
86
126
-1
-1
-1
-1
-1
-1
66
10
26
189
-1
-1
-1
-1
-1
-1
-1
-1
-1
-1
128
30
136
-1
-1
-1
-1
-1
69
13
23
185
-1
-1
-1
-1
-1
-1
-1
-1
-1
-1
128
32
125
-1
-1
-1
-1
-1
70
13
174
-1
-1
-1
-1
-1
-1
-1
-1
-1
-1
-1
155
33
123
-1
-1
-1
-1
-1
92
15
179
-1
-1
-1
-1
-1
-1
-1
-1
-1
-1
-1
158
123
-1
-1
-1
-1
-1
-1
91
13
183
-1
-1
-1
-1
-1
-1
-1
-1
-1
-1
-1
163
123
-1
-1
-1
-1
-1
-1
8
15
187
-1
-1
-1
-1
-1
-1
-1
-1
-1
-1
-1
155
61
-1
-1
-1
96
-1
55
2
13
51
-1
-1
-1
187
-1
-1
-1
-1
-1
-1
-1
147
-1
-1
-1
-1
96
-1
55
2
12
54
-1
-1
63
117
-1
-1
-1
-1
-1
-1
-1
91
-1
102
-1
-1
63
-1
50
3
33
-1
-1
-1
215
-1
-1
-1
-1
-1
-1
-1
-1
88
-1
63
-1
63
-1
56
24
2
10
-1
50
-1
159
-1
-1
-1
-1
-1
-1
-1
90
-1
89
-1
-1
63
-1
59
18
3
10
-1
176
-1
-1
-1
-1
-1
-1
-1
-1
-1
107
26
90
-1
-1
-1
-1
98
13
2
10
-1
208
-1
-1
-1
-1
-1
-1
-1
-1
-1
-1
167
-1
-1
-1
-1
-1
123
13
3
9
-1
185
-1
-1
-1
-1
-1
-1
-1
-1
-1
107
86
-1
-1
-1
-1
-1
121
14
4
-1
28
157
-1
-1
-1
-1
-1
-1
-1
-1
-1
103
92
-1
-1
-1
-1
97
28
12
4
-1
31
152
-1
-1
-1
-1
-1
-1
-1
-1
-1
158
-1
-1
-1
-1
-1
132
22
13
5
-1
27
152
-1
-1
-1
-1
-1
-1
-1
-1
-1
153
-1
-1
-1
-1
-1
119
20
15
6
9
19
153
-1
-1
-1
-1
-1
-1
-1
-1
77
72
-1
-1
-1
-1
-1
123
24
13
-1
8
21
162
-1
-1
-1
-1
-1
-1
-1
-1
117
-1
-1
-1
-1
-1
123
25
21
18
-1
9
19
171
-1
-1
-1
-1
-1
-1
-1
-1
126
-1
-1
-1
-1
-1
123
27
21
19
-1
9
18
162
-1
-1
-1
-1
-1
-1
-1
-1
125
-1
-1
-1
-1
-1
125
26
22
22
-1
8
233
-1
-1
-1
-1
-1
-1
-1
-1
-1
-1
-1
-1
-1
-1
-1
192
27
26
20
6
7
113
-1
-1
-1
-1
-1
-1
169
-1
-1
-1
-1
-1
-1
-1
-1
141
26
22
15
5
9
80
-1
-1
-1
-1
-1
133
22
-1
74
-1
-1
-1
-1
-1
-1
119
25
38
-1
5
8
79
-1
-1
-1
-1
-1
154
-1
-1
102
-1
-1
-1
-1
-1
-1
-1
-1
168
-1
6
91
-1
-1
-1
-1
-1
-1
129
22
-1
75
-1
-1
-1
-1
-1
-1
126
-1
68
-1
25
94
-1
-1
-1
-1
-1
-1
129
70
-1
-1
-1
-1
-1
-1
-1
-1
197
-1
-1
-1
5
85
-1
-1
-1
-1
-1
-1
130
22
47
-1
-1
-1
-1
-1
-1
-1
172
-1
-1
38
61
-1
-1
-1
-1
-1
-1
-1
169
27
51
-1
-1
-1
-1
-1
-1
-1
183
-1
-1
37
65
-1
-1
-1
-1
-1
-1
-1
164
23
108
-1
-1
-1
-1
-1
-1
-1
-1
-1
-1
174
65
-1
-1
-1
-1
-1
-1
-1
158
22
48
-1
-1
-1
-1
-1
-1
167
-1
-1
-1
68
69
-1
-1
-1
-1
-1
-1
-1
159
49
-1
-1
-1
-1
-1
95
69
-1
-1
-1
78
18
67
-1
-1
-1
-1
-1
-1
132
30
50
-1
-1
-1
-1
-1
92
66
-1
-1
-1
78
21
-1
-1
-1
-1
-1
-1
-1
132
34
46
-1
-1
-1
-1
62
33
66
-1
-1
-1
81
85
-1
-1
-1
-1
-1
-1
-1
129
-1
80
-1
-1
-1
-1
64
99
-1
-1
-1
-1
83
91
-1
-1
-1
-1
-1
-1
-1
-1
164
41
-1
-1
-1
46
33
30
65
-1
-1
64
21
96
-1
-1
-1
-1
-1
131
-1
-1
105
-1
-1
-1
-1
44
33
30
69
-1
-1
56
22
65
-1
-1
-1
50
-1
97
-1
-1
103
-1
-1
-1
-1
44
30
30
74
-1
-1
58
25
41
-1
-1
-1
74
67
-1
-1
122
-1
-1
-1
-1
-1
70
30
30
68
-1
-1
58
49
-1
-1
-1
-1
73
63
-1
-1
124
-1
-1
-1
-1
41
26
30
67
-1
-1
-1
90
46
-1
-1
-1
-1
102
-1
-1
-1
156
-1
-1
-1
-1
132
-1
-1
-1
-1
-1
-1
128
45
-1
-1
-1
43
156
-1
-1
-1
-1
-1
-1
-1
-1
153
-1
-1
-1
-1
97
-1
62
52
-1
-1
-1
177
-1
-1
-1
-1
-1
-1
-1
-1
-1
178
-1
-1
-1
-1
128
-1
-1
71
-1
-1
-1
190
-1
-1
-1
-1
-1
-1
-1
-1
-1
182
-1
-1
-1
-1
179
-1
-1
-1
-1
-1
-1
193
-1
-1
-1
-1
-1
-1
-1
-1
154
-1
-1
-1
-1
-1
216
-1
-1
-1
-1
-1
-1
275
-1
-1
-1
-1
-1
-1
-1
-1
278
-1
-1
-1
-1
-1
-1
-1
-1
-1
-1
-1
224
-1
-1
-1
-1
-1
-1
-1
-1
-1
314
-1
-1
-1
-1
-1
-1
-1
-1
-1
-1
-1
230
-1
-1
-1
-1
-1
-1
-1
-1
-1
308
-1
-1
-1
-1
-1
-1
-1
-1
-1
-1
-1
225
-1
-1
-1
-1
-1
-1
-1
-1
-1
302
-1
-1
-1
-1
-1
-1
-1
-1
-1
-1
-1
-1
-1
-1
229
-1
-1
-1
-1
-1
294
-1
-1
-1
-1
-1
-1
-1
-1
-1
-1
-1
-1
-1
-1
-1
241
-1
-1
-1
-1
-1
300
-1
-1
-1
-1
-1
-1
-1
-1
-1
-1
-1
-1
-1
-1
-1
220
-1
-1
-1
-1
-1
313
-1
-1
-1
-1
-1
-1
-1
-1
-1
-1
-1
-1
-1
-1
243
-1
-1
-1
-1
-1
-1
264
-1
-1
-1
-1
-1
-1
-1
-1
-1
-1
-1
-1
-1
-1
-1
-1
-1
-1
-1
-1
251
253
-1
-1
-1
-1
-1
-1
-1
-1
-1
-1
-1
-1
-1
-1
-1
-1
-1
-1
-1
-1
500
-1
-1
-1
-1
-1
-1
-1
-1
-1
-1
-1
-1
-1
-1
-1
-1
-1
-1
-1
-1
-1
513
-1
-1
-1
-1
-1
-1
-1
-1
-1
-1
-1
-1
-1
-1
-1
-1
-1
-1
-1
-1
-1
510
-1
-1
-1
-1
-1
-1
-1
-1
-1
-1
-1
-1
-1
-1
-1
-1
-1
-1
-1
-1
247
-1
-1
-1
-1
-1
-1
-1
-1
-1
-1
-1
-1
249
-1
-1
-1
-1
-1
-1
-1
-1
491
-1
-1
-1
-1
-1
-1
-1
-1
-1
-1
-1
-1
-1
-1
-1
-1
189
66
-1
-1
-1
250
-1
-1
-1
-1
-1
-1
-1
-1
-1
-1
-1
-1
-1
-1
-1
38
28
68
-1
-1
62
92
-1
-1
-1
-1
-1
-1
-1
-1
-1
-1
-1
214
-1
-1
-1
35
27
65
-1
-1
61
86
-1
-1
-1
-1
-1
-1
-1
-1
-1
-1
186
34
-1
-1
-1
37
31
64
-1
-1
61
87
-1
-1
-1
-1
-1
-1
-1
-1
-1
-1
182
33
-1
-1
21
22
30
65
-1
-1
60
91
-1
-1
-1
-1
-1
-1
-1
-1
-1
-1
181
27
-1
-1
18
22
31
68
-1
-1
134
-1
-1
-1
-1
-1
-1
-1
-1
-1
-1
-1
229
-1
-1
14
13
27
68
-1
-1
65
102
-1
-1
-1
-1
-1
-1
-1
-1
-1
-1
-1
226
-1
-1
13
15
29
29
36
30
-1
129
-1
-1
-1
-1
-1
-1
-1
-1
-1
-1
-1
240
-1
-1
192
16
30
30
34
30
30
159
-1
-1
-1
-1
-1
-1
-1
-1
-1
-1
-1
-1
-1
-1
187
17
33
33
34
30
30
154
-1
-1
-1
-1
-1
-1
-1
-1
-1
-1
-1
-1
-1
-1
31
22
30
30
34
-1
140
-1
-1
-1
-1
-1
-1
-1
128
-1
-1
122
-1
-1
-1
-1
34
27
29
29
-1
64
111
-1
-1
-1
-1
-1
-1
-1
125
-1
-1
127
-1
-1
-1
-1
