0
2742
0
0
0
0
0
616
0
0
0
0
0
0
0
0
0
1425
0
0
0
0
0
3545
0
0
0
161
0
721
0
0
0
0
0
0
0
0
0
1431
0
0
0
0
717
3605
0
0
0
1361
815
165
0
0
0
0
0
0
0
0
0
0
0
0
0
0
2186
3765
0
0
1426
1426
829
185
0
0
0
0
0
0
0
0
0
0
0
0
0
0
2301
3857
0
0
1824
1319
807
194
0
0
0
0
0
0
0
0
1422
0
0
0
0
0
3029
3854
0
0
1797
1283
768
177
0
0
0
0
0
0
0
237
0
0
0
0
0
1132
0
0
0
0
1853
1310
755
190
0
0
0
0
0
0
0
228
0
0
0
0
0
2061
0
0
0
0
570
0
478
1105
0
0
0
0
0
0
0
174
0
0
0
0
0
2037
0
0
0
0
552
0
568
1260
0
0
0
0
0
0
0
222
0
0
0
0
0
1900
0
0
0
0
482
0
563
129
50
31
0
0
0
0
0
233
0
0
0
0
0
2161
0
0
0
414
0
518
1055
150
150
50
0
0
0
0
0
165
0
0
0
0
4095
0
0
0
0
0
393
0
554
104
104
16
0
0
0
0
0
0
0
0
0
0
0
2055
0
0
0
0
392
628
106
50
50
0
0
0
0
0
0
175
0
0
0
0
0
2070
0
0
0
0
386
339
36
36
34
0
0
0
0
0
0
0
0
0
0
0
0
2079
0
0
0
0
0
71
71
71
0
0
0
0
0
0
0
0
0
0
0
0
0
2109
0
0
0
0
0
51
51
51
0
0
0
0
0
0
0
0
0
0
0
0
0
0
0
0
0
0
0
0
0
0
0
0
0
0
0
0
0
0
0
0
0
0
0
0
0
0
0
0
0
0
0
0
0
0
0
0
0
0
0
0
0
0
0
0
0
0
0
0
0
0
0
0
0
0
0
0
0
0
0
0
0
0
0
0
0
0
529
0
0
0
0
0
0
0
0
0
0
0
0
0
0
0
0
0
0
0
0
0
0
0
0
0
0
0
0
0
0
0
0
0
0
0
0
0
0
0
0
0
0
0
0
0
0
0
0
0
0
0
0
0
0
0
0
0
0
0
0
0
0
0
0
0
0
0
0
0
0
0
0
0
0
0
0
0
0
0
0
0
0
0
0
0
0
0
0
0
0
0
0
0
0
0
0
0
0
0
0
0
0
0
0
0
0
0
0
0
0
0
0
257
0
0
0
0
0
0
0
0
0
0
0
0
0
0
0
0
0
0
0
0
0
308
0
113
0
0
0
0
0
0
1230
0
0
0
0
0
0
0
0
0
1775
0
0
239
0
0
0
0
0
0
2
2
0
0
0
0
0
0
0
0
0
7
0
0
0
262
0
0
0
0
0
0
3
331
0
0
0
0
0
0
0
0
0
36
228
228
391
0
0
0
0
0
0
0
1
1859
0
0
0
0
0
0
0
0
0
215
473
0
383
0
61
0
0
0
0
5
8
1767
0
0
0
0
0
0
0
0
65
282
463
0
381
0
0
0
0
0
0
10
11
1687
0
0
0
0
0
0
0
0
61
836
440
0
461
0
0
0
0
0
0
8
10
1665
0
0
0
0
0
0
0
37
628
1133
545
0
0
0
0
0
0
0
0
334
336
2003
0
0
0
0
0
0
0
0
1055
565
0
461
0
0
0
0
0
0
0
602
603
0
0
0
0
0
0
0
0
0
1108
574
0
440
0
0
0
0
0
0
69
172
178
0
0
0
0
0
0
0
2969
1894
569
0
561
1036
0
0
0
0
0
0
109
109
110
0
0
0
0
0
0
0
0
1874
554
0
560
1023
0
0
0
0
0
0
22
22
22
22
0
0
0
0
0
0
0
0
527
0
616
0
0
0
0
0
0
0
0
0
0
0
0
0
0
0
0
0
0
0
558
0
614
0
498
0
0
0
0
0
0
0
0
0
0
0
0
0
0
0
0
0
587
0
552
0
87
0
0
0
0
0
0
0
0
0
0
0
0
0
0
0
0
633
633
0
518
1017
0
0
0
0
0
0
0
0
0
0
0
0
0
0
0
0
0
0
0
557
1077
0
0
0
0
0
0
0
0
0
0
0
0
0
0
0
1117
1117
0
0
0
580
1141
0
0
0
0
0
0
0
0
0
0
0
0
0
0
0
661
661
0
0
0
332
0
1
0
0
0
0
0
0
0
0
0
0
0
0
0
0
0
0
0
0
0
4
4
0
0
0
0
0
0
0
0
0
0
0
0
0
0
0
0
0
0
0
0
0
0
0
0
0
0
0
0
0
0
0
0
0
0
0
0
219
219
219
219
219
219
0
0
0
0
0
0
0
0
0
0
0
0
0
0
0
0
0
0
0
0
0
0
0
0
0
0
0
0
0
0
0
0
0
0
0
0
0
0
0
0
0
0
0
0
0
0
0
0
0
0
4095
4095
4095
0
0
0
0
0
0
0
3
3
3
3
3
0
0
0
0
0
0
0
0
0
0
0
0
0
0
0
0
0
35
35
35
35
35
16
0
0
0
0
0
0
0
0
689
0
0
0
0
0
0
35
35
35
35
35
31
12
0
0
0
0
0
0
0
0
2144
0
0
0
0
0
0
56
56
56
56
56
25
0
0
0
0
0
0
0
0
0
2037
0
0
0
0
0
0
55
55
55
55
55
19
0
0
0
0
0
0
0
0
586
2295
4084
4084
4084
4084
4084
4084
11
11
11
11
11
0
0
0
0
0
0
0
0
0
1232
2681
4095
4095
4095
4095
4095
0
32
32
32
32
32
0
0
0
0
0
0
0
0
0
1200
2660
4082
4082
4082
4082
4082
0
0
0
0
0
0
0
0
0
0
0
0
0
0
0
1299
2790
4095
4095
4095
4095
4095
0
0
0
0
0
0
0
0
0
0
0
0
4095
4095
3406
1997
0
4095
4095
4095
4095
0
0
0
0
0
0
0
0
0
0
0
0
0
4095
4095
3003
1652
0
4055
4055
4055
4055
0
0
0
0
0
0
0
0
0
0
0
0
0
0
0
1243
2380
0
0
0
0
0
0
0
0
0
0
0
0
0
0
0
0
0
0
0
0
1183
2183
0
0
0
0
0
0
0
0
0
0
0
0
0
0
0
0
0
0
0
0
2317
0
0
0
0
0
0
0
0
0
0
0
0
0
0
0
0
0
0
0
0
586
2669
0
0
0
0
66
0
0
0
0
0
0
0
0
0
0
0
0
0
0
0
1495
0
0
0
0
0
70
0
0
0
0
0
0
0
0
0
5
5
5
0
0
0
1739
0
0
0
70
0
485
0
0
0
0
0
0
0
0
0
3
3
3
0
0
0
0
0
0
0
166
0
1170
0
0
0
0
0
0
0
0
0
2
278
278
0
0
0
0
0
0
0
0
384
0
0
0
0
0
0
0
0
0
1
4
646
646
0
0
2346
0
0
0
0
0
0
1129
0
0
0
0
0
0
0
0
0
2
301
301
0
508
3162
0
0
0
0
0
0
0
0
0
0
0
0
0
0
0
506
508
508
508
508
0
2665
0
0
0
0
0
962
0
0
0
0
0
0
0
0
0
1425
1427
0
0
0
0
3258
0
0
0
0
0
887
0
0
0
0
0
0
0
0
1346
0
3
0
0
0
2284
3922
0
0
0
0
481
0
0
0
0
0
0
0
0
0
1457
0
2
0
0
0
