0
0
0
0
4095
1554
4095
0
0
0
1711
0
0
0
0
0
0
0
4095
0
0
0
0
0
0
0
4095
1899
3520
0
0
0
0
0
0
0
0
0
0
0
3328
0
0
0
0
0
0
4095
470
1608
3639
0
0
0
0
0
0
0
0
0
0
0
2404
1683
0
0
0
0
0
4095
563
1572
3464
0
0
0
0
0
0
0
0
0
0
2747
1865
1806
0
0
0
0
0
4095
460
1918
2890
0
0
0
0
0
0
0
0
0
0
0
1788
1645
0
0
0
0
0
4095
478
1505
2218
0
0
0
0
0
0
0
0
0
0
0
2944
0
0
0
0
0
0
4095
565
1531
0
0
0
0
0
0
0
0
0
0
0
1245
1682
0
0
0
4095
0
1705
801
447
2802
0
0
0
2829
0
0
0
0
0
0
0
1230
360
0
0
0
4095
0
1582
630
540
1978
0
0
0
901
0
0
0
0
0
0
0
1486
0
0
0
0
4095
0
1640
721
465
666
0
0
0
1473
0
0
0
0
0
0
0
1287
0
0
0
0
0
0
4095
826
443
1008
0
2542
0
0
0
0
0
0
0
0
0
0
0
0
0
0
0
4095
1791
634
557
0
471
0
0
0
0
0
0
0
0
0
0
0
0
0
0
0
0
4095
1670
733
680
0
959
0
0
0
0
0
0
0
0
0
0
195
0
0
0
0
0
4095
1669
791
653
0
804
0
0
0
0
0
0
0
0
0
0
347
0
0
0
0
0
4095
1815
734
268
0
228
0
0
0
0
0
0
0
0
0
0
293
0
0
0
0
0
4095
1652
764
0
273
357
0
0
0
0
0
0
0
0
0
0
0
0
0
0
0
4095
4095
1614
822
0
275
229
0
0
0
0
0
0
0
0
0
0
0
0
0
0
0
1143
4095
1650
819
0
285
140
0
0
0
0
0
0
0
0
0
0
0
0
0
0
0
1616
4095
2031
541
0
241
51
0
0
0
0
0
0
0
0
0
0
0
0
0
0
0
1769
4095
1723
0
0
97
15
0
0
0
0
0
0
0
0
0
0
0
0
0
0
0
1735
4095
1636
0
0
245
2
0
0
0
0
0
0
0
0
168
0
0
0
0
0
0
1129
4095
1819
0
4
28
0
0
0
0
0
0
0
0
0
112
0
0
0
0
0
605
4095
4095
1230
0
77
159
0
0
0
0
0
0
116
0
0
0
0
0
0
0
0
591
4095
4095
348
0
22
319
0
0
0
0
0
0
1004
0
0
0
0
0
0
0
0
246
4095
0
779
0
82
490
0
0
0
0
0
0
1549
0
0
0
0
0
0
0
0
101
4095
0
0
0
57
792
0
0
0
0
0
1
3004
158
0
0
0
0
0
0
0
0
2936
0
0
375
66
0
0
0
0
0
0
1643
0
290
0
0
0
0
0
0
0
0
0
0
0
555
1
0
0
0
0
0
0
1705
1512
0
0
0
0
0
0
0
0
73
0
0
0
1154
0
0
0
0
0
0
0
2982
1410
0
0
0
0
0
0
0
0
392
0
0
903
78
208
0
0
0
0
0
0
3408
1372
0
0
0
0
0
0
0
0
1443
0
0
964
281
0
0
0
0
0
0
0
3236
1439
237
0
0
0
0
0
0
796
0
0
0
1514
198
0
0
0
0
0
0
0
3104
226
356
0
0
0
0
0
0
2119
0
0
0
1541
219
0
0
0
0
0
0
0
3277
0
133
0
0
0
0
1241
0
3213
0
0
988
409
136
0
0
0
0
0
0
0
3576
128
0
0
0
0
0
1149
0
0
0
0
951
151
56
0
0
0
0
0
0
1846
0
333
0
0
0
0
0
1145
0
1537
0
0
773
43
0
0
0
0
0
0
0
1432
0
332
0
0
0
0
85
0
1100
1491
0
0
860
7
0
0
0
0
0
0
0
0
0
0
0
0
0
0
0
0
1080
2045
0
0
937
75
0
0
0
0
0
0
0
0
0
0
0
0
0
0
0
1136
1162
0
0
0
1271
288
0
0
0
0
0
0
0
0
0
0
0
0
0
54
0
1285
829
0
0
0
1254
501
0
0
0
20
0
0
0
0
0
0
0
0
0
0
0
1180
391
0
0
0
468
0
0
0
0
93
0
0
0
0
0
0
0
0
0
0
0
653
0
0
0
0
22
0
0
0
0
95
0
0
0
0
0
0
0
0
0
0
0
0
0
0
1776
0
0
0
0
0
0
110
0
0
0
0
0
0
0
0
0
0
0
0
0
0
0
0
0
0
0
0
10
0
0
0
0
0
0
0
0
0
40
0
0
0
0
563
0
0
0
0
0
0
12
0
0
0
0
0
0
0
0
0
0
0
0
0
0
194
0
0
0
0
0
0
13
0
0
0
0
0
0
0
0
0
0
0
0
0
0
0
0
0
0
0
0
0
3
0
0
0
0
0
0
0
0
0
0
0
0
0
0
0
0
0
0
0
0
0
0
0
0
0
0
0
0
0
0
0
0
0
0
0
0
0
0
0
0
0
0
0
0
0
0
0
0
0
0
0
0
14
0
0
0
0
0
0
0
0
0
0
0
0
0
0
0
0
0
0
0
0
0
80
0
0
0
0
0
0
0
0
0
0
0
0
0
0
4095
0
0
0
0
0
0
108
0
0
0
0
0
0
0
0
0
0
0
0
0
0
4095
0
0
0
0
0
0
0
0
0
0
0
0
0
0
0
0
0
0
0
0
0
4095
0
0
0
0
0
85
0
0
0
0
0
0
0
0
0
0
0
0
0
0
0
0
0
0
0
0
0
47
0
0
0
0
0
0
0
0
0
0
0
0
0
0
0
0
0
0
0
0
0
69
0
0
0
0
0
0
0
0
0
0
0
0
0
0
0
0
0
0
0
0
0
0
0
0
0
0
0
0
0
0
0
0
0
0
0
0
0
0
0
0
0
0
95
0
0
0
0
0
0
0
0
0
0
0
0
0
0
0
0
0
0
0
0
0
0
0
0
0
0
0
0
0
0
0
0
0
304
0
0
0
0
0
0
0
0
0
0
0
0
0
0
0
0
0
0
0
0
0
2314
0
0
0
4095
4095
0
0
0
108
0
0
0
0
0
0
0
0
0
0
0
0
2630
0
0
0
4095
1116
0
0
0
16
0
0
0
0
0
0
0
0
0
0
0
77
0
0
0
4095
4095
1214
0
0
0
86
0
0
0
0
0
0
0
0
0
0
0
78
0
0
0
4095
4095
1284
137
0
1265
0
0
0
0
0
0
0
0
0
0
0
6
654
0
0
0
4095
4095
1130
0
0
0
686
0
0
0
0
0
0
0
0
0
0
192
0
0
0
4095
3011
4095
1121
0
0
838
1108
0
0
0
0
0
0
0
0
0
0
144
0
0
0
3093
3016
4095
4095
0
1303
897
2258
0
0
0
0
0
0
0
0
0
0
563
0
0
0
3108
3010
4095
4095
0
1486
1104
0
0
0
0
0
0
0
0
0
0
0
451
0
0
1755
1819
3587
4095
4095
0
2584
1383
0
0
0
0
0
0
0
0
0
0
0
0
0
0
4095
1645
3061
4095
4095
0
0
1143
0
0
0
0
0
0
0
0
0
0
3
0
0
0
4095
1513
3126
4095
1841
0
1324
671
0
0
0
0
0
0
0
0
0
0
3
0
0
0
4095
1943
2966
4095
794
0
1332
0
0
0
0
0
0
0
3331
0
0
6
0
0
0
0
4095
1672
3539
0
0
0
1370
0
0
0
0
0
0
0
1017
0
0
8
0
