0
0
0
0
0
0
0
0
1539
0
4
0
0
0
2002
2919
0
0
0
0
224
0
0
0
0
0
0
0
0
0
1429
0
3
0
0
0
3261
0
0
0
0
0
615
0
0
0
0
0
0
0
0
0
1406
0
0
0
0
0
3621
0
0
0
52
0
591
0
0
0
0
0
0
0
0
2770
1280
0
0
0
0
0
3638
0
0
0
0
584
1222
0
0
0
0
0
0
0
0
0
1390
0
0
0
0
2364
3910
0
0
1466
1466
869
208
0
0
0
0
0
0
0
0
0
1380
0
0
0
0
2266
3900
0
0
1835
1443
875
200
0
0
0
0
0
0
0
165
0
0
0
0
0
543
3375
0
0
0
1882
1356
792
156
0
0
0
0
0
0
0
97
0
0
0
0
0
2024
3730
0
0
0
1625
1107
581
0
0
0
0
0
0
0
0
114
0
0
0
0
0
0
3216
0
0
0
1733
1148
621
0
0
0
0
0
0
0
0
116
0
0
0
0
1910
0
3269
0
0
0
1673
1151
594
0
0
0
0
0
0
0
0
105
0
0
0
0
2163
0
2923
0
0
0
456
0
755
0
0
0
0
0
0
0
0
0
0
0
0
0
0
2900
0
0
0
389
0
503
1140
29
29
0
0
0
0
0
0
0
0
0
0
0
0
2969
0
0
0
0
318
0
519
31
31
0
0
0
0
0
0
0
0
0
0
0
1723
3393
0
0
0
0
347
1025
461
57
48
0
0
0
0
0
0
0
0
0
0
0
1642
3342
0
0
0
0
351
614
77
77
59
0
0
0
0
0
0
0
0
0
0
0
1954
0
0
0
0
19
0
26
26
26
0
0
0
0
0
0
0
0
0
0
0
0
1992
0
0
0
0
11
0
27
27
27
0
0
0
0
0
0
0
0
0
0
0
0
2572
0
0
0
0
55
0
9
9
6
0
0
0
0
0
0
0
0
0
0
0
0
2751
0
0
0
0
73
0
13
13
0
0
0
0
0
0
0
0
0
0
0
0
0
0
0
0
0
0
0
0
1
1
0
0
0
0
0
0
0
0
0
0
0
0
0
0
0
0
0
0
0
2
0
0
0
0
0
0
0
0
0
0
0
0
0
0
0
0
0
0
0
0
0
0
0
0
0
0
0
0
0
0
0
0
0
0
0
0
0
0
0
0
0
0
0
0
0
0
0
0
200
200
0
0
0
0
0
0
0
0
0
0
0
0
0
0
0
200
200
200
200
200
0
0
1301
1301
0
0
0
0
0
0
0
0
0
0
0
0
0
0
0
0
0
0
0
1469
0
0
0
0
0
0
0
0
0
0
0
0
240
0
0
0
0
0
0
0
0
1255
0
0
0
0
0
0
0
0
0
0
3717
0
262
0
27
0
0
0
0
0
1
1359
0
0
0
0
0
0
0
0
0
0
0
0
241
0
0
0
0
0
0
1
3
0
0
0
0
0
0
0
0
0
8
0
0
420
0
0
0
0
0
0
0
3
1368
0
0
0
0
0
0
0
0
0
184
330
0
384
0
586
0
0
0
0
0
1
1872
0
0
0
0
0
0
0
0
45
283
580
0
429
0
110
0
0
0
0
5
9
1888
0
0
0
0
0
0
0
0
76
281
369
868
1269
0
0
0
0
0
0
7
10
1790
0
0
0
0
0
0
0
21
97
280
876
1367
1800
0
0
0
0
0
0
7
10
1747
0
0
0
0
0
0
0
78
256
0
573
1042
0
0
0
0
0
0
0
49
50
0
0
0
0
0
0
0
0
171
581
0
555
1115
0
0
0
0
0
0
0
563
568
0
0
0
0
0
0
0
0
929
616
0
544
1075
0
0
0
0
0
0
0
321
324
0
0
0
0
0
0
0
2225
1420
0
632
1173
0
0
0
0
0
0
0
138
138
141
0
0
0
0
0
0
0
0
0
553
0
544
0
0
0
0
0
0
0
64
65
65
0
0
0
0
0
0
0
0
0
570
0
595
0
0
0
0
0
0
0
0
0
0
0
0
0
0
0
0
0
0
0
562
0
300
0
50
0
0
0
0
0
0
0
0
0
0
0
0
0
0
0
0
0
598
0
550
0
0
0
0
0
0
0
0
0
0
0
0
0
0
0
0
0
0
0
0
620
1146
0
0
0
0
0
0
0
0
0
0
0
0
0
0
0
0
0
0
0
0
553
1105
0
0
0
0
0
0
0
0
0
0
0
0
0
0
0
985
985
0
0
0
0
521
0
0
0
0
0
0
0
0
0
0
0
0
0
0
0
0
0
0
0
190
0
0
83
0
0
0
0
0
0
0
0
0
0
0
0
0
0
0
0
0
0
206
0
0
0
0
0
0
0
0
0
0
0
0
0
0
0
0
0
0
0
0
0
177
346
346
0
0
0
0
0
0
0
0
0
0
0
0
0
0
171
171
171
171
171
0
0
0
0
0
0
0
0
0
0
0
0
0
0
0
0
0
0
0
0
0
0
0
0
0
0
0
0
0
0
0
0
0
0
0
0
0
0
0
0
0
0
0
0
0
0
0
0
0
0
0
0
0
0
0
0
0
0
0
0
0
0
0
0
0
0
0
0
0
0
0
0
0
0
0
0
0
0
0
0
0
0
1
1
1
1
1
1
0
0
0
0
0
0
0
0
0
0
0
0
0
0
0
0
115
115
115
115
115
35
0
0
0
0
0
0
0
0
0
4095
0
0
0
0
0
0
195
195
195
195
195
80
0
0
0
0
0
0
0
0
0
0
0
0
0
0
0
0
60
60
60
60
60
15
0
0
0
0
0
0
0
0
664
0
0
0
0
0
0
43
43
43
43
43
43
0
0
0
0
0
0
0
0
0
2029
0
0
0
0
4065
4065
8
8
8
8
8
0
0
0
0
0
0
0
0
0
0
2010
4065
4065
4065
4065
4081
4081
14
14
14
14
14
0
0
0
0
0
0
0
0
0
0
2132
4081
4081
4081
4081
4095
0
7
7
7
7
7
0
0
0
0
0
0
0
0
0
920
2395
4095
4095
4095
4095
4089
0
0
0
0
0
0
0
0
0
0
0
0
0
0
0
1150
2555
4089
4089
4089
4089
4087
0
0
0
0
0
0
0
0
0
0
0
0
0
0
0
1130
2564
4026
4087
4087
4087
0
0
0
0
0
0
0
0
0
0
0
0
0
4092
4092
4092
2319
0
3842
4095
4095
4095
0
0
0
0
0
0
0
0
0
0
0
0
0
0
0
184
1868
0
377
0
0
0
0
0
0
0
0
0
0
0
0
0
0
0
0
0
0
733
2176
0
0
0
0
42
0
0
0
0
0
0
0
0
0
0
0
0
0
0
0
1136
1893
0
0
0
0
65
30
0
0
0
0
0
0
0
0
5
5
5
0
0
0
2536
0
0
0
13
0
77
39
0
0
0
0
0
0
0
0
4
4
4
0
0
0
2868
0
0
0
150
0
1101
0
0
0
0
0
0
0
0
1
3
708
0
0
0
0
2559
0
0
169
169
0
1081
0
0
0
0
0
0
0
0
1
4
625
0
0
0
891
0
0
0
0
72
0
0
0
0
0
0
0
0
0
0
0
1
1
1
1
1
854
0
0
0
0
0
0
0
0
0
0
0
0
0
0
0
1131
1134
1134
1134
1134
1134
2022
0
0
0
0
0
0
401
0
0
0
0
0
0
0
0
1514
1516
0
0
0
0
0
0
0
0
0
0
966
0
