4095
576
0
1084
152
0
0
0
0
0
0
0
4095
0
0
3
0
0
0
0
4095
2130
4095
0
0
1531
0
0
0
0
0
0
0
0
3255
0
0
0
0
0
0
4095
1172
2250
4095
0
0
2571
0
0
0
0
0
0
0
825
3480
0
0
0
0
0
0
4095
1158
1987
1144
0
0
0
0
0
0
0
0
0
0
1392
1874
1398
0
0
0
0
0
4095
1384
2046
0
0
0
0
0
0
0
0
0
0
0
2893
1664
1954
0
0
0
0
0
4095
1166
2384
0
0
0
0
0
0
0
0
0
0
0
0
1632
0
0
0
0
0
0
4095
1110
3793
0
0
0
0
0
0
0
0
0
0
0
1712
1672
0
0
0
0
0
0
4095
1360
3585
0
0
0
0
0
0
0
0
0
0
0
1539
950
0
0
0
4095
0
2014
172
1102
3926
0
0
0
0
0
0
0
0
0
0
0
1546
0
0
0
0
4095
0
1945
294
1186
1717
0
0
0
2584
0
0
0
0
0
0
0
1603
0
0
0
0
4095
0
1084
197
830
937
0
0
1051
0
0
0
0
0
0
0
0
382
0
0
0
0
0
0
4095
265
910
1262
0
0
1187
0
0
0
0
0
0
0
107
0
0
0
0
4095
0
4095
1167
266
916
0
1889
0
489
0
0
0
0
0
0
0
281
125
0
0
0
0
0
4095
1320
274
828
0
1328
0
0
0
0
0
0
0
0
0
0
290
0
0
0
0
0
4095
1177
378
0
0
812
0
0
0
0
0
0
0
0
0
0
311
0
0
0
0
0
4095
1223
431
0
0
320
0
0
0
0
0
0
0
0
0
56
0
0
0
0
0
4095
3460
1170
441
0
299
437
0
0
0
0
0
0
0
0
0
298
0
0
0
0
0
4095
3230
1400
554
0
320
158
0
0
0
0
0
0
0
0
0
282
0
0
0
0
0
4095
3253
1161
474
0
347
127
0
0
0
0
0
0
0
0
0
48
0
0
0
0
0
4095
3153
1265
0
0
373
54
0
0
0
0
0
0
0
0
0
0
0
0
0
0
1237
4095
3101
1458
0
0
266
5
0
0
0
0
0
0
0
0
0
0
0
0
0
0
1221
3544
3428
1388
0
0
71
0
0
0
0
0
0
0
0
0
0
0
0
0
0
0
1237
3616
3666
1436
0
68
10
0
0
0
0
0
0
0
0
0
0
0
0
0
0
0
1290
4095
3122
850
0
196
5
0
0
0
0
0
0
596
0
0
0
0
0
0
0
0
1369
4095
2832
263
0
6
3
0
0
0
0
0
0
2768
0
0
0
0
0
0
0
0
1151
4095
1328
608
0
163
423
0
0
0
0
0
0
0
0
0
0
0
0
0
0
0
4095
4095
1743
0
0
172
556
0
0
0
0
0
2254
0
0
0
0
0
0
0
0
0
4095
0
647
0
47
143
0
0
0
0
0
0
1618
1334
0
0
0
0
0
0
0
0
4095
0
1061
0
117
98
0
0
0
0
0
0
2521
1479
0
0
0
0
0
0
0
0
4095
0
0
316
42
212
0
0
0
0
0
0
3413
1254
0
0
0
0
0
0
0
0
745
0
0
742
133
0
0
0
0
0
0
0
3445
1244
0
0
0
0
0
0
0
0
2482
0
0
641
96
0
0
0
0
0
0
0
3387
232
0
0
0
0
0
0
0
0
0
0
0
767
50
0
0
0
0
0
0
0
3436
0
0
0
0
0
0
0
0
0
0
0
0
1139
0
0
0
0
0
0
0
0
4071
149
0
0
0
0
0
175
3294
0
0
0
929
142
0
0
0
0
0
0
0
2467
123
429
0
0
0
0
0
1538
4095
0
0
0
833
261
0
0
0
0
0
0
0
1843
0
398
0
0
0
0
115
0
0
0
0
0
1318
102
0
0
0
0
0
0
0
824
0
0
0
0
0
0
0
2597
0
0
0
0
1302
291
0
0
0
0
0
0
0
0
0
0
0
0
0
0
0
1023
2040
0
0
1067
317
492
0
0
0
0
0
24
0
0
0
0
0
0
0
75
0
1079
2080
0
0
1081
164
891
0
0
0
0
0
0
0
0
0
0
0
0
0
0
212
1081
1114
0
0
1075
71
0
0
0
0
66
0
0
0
0
0
0
0
0
0
0
1185
1310
0
0
0
1081
3
0
0
0
0
59
0
0
0
0
0
0
0
0
0
0
2813
624
0
0
0
617
5
0
0
0
0
60
0
0
0
0
0
0
0
0
65
0
0
0
0
0
0
620
57
0
0
0
0
9
0
0
0
0
0
0
0
0
0
0
0
0
0
1251
0
0
75
0
0
0
78
0
0
0
0
0
0
0
0
0
0
0
0
0
0
287
0
4
0
0
0
0
71
0
0
0
0
0
0
0
0
0
0
0
0
0
0
597
0
0
0
0
0
0
87
0
0
0
0
0
0
0
0
0
0
0
0
0
0
0
0
0
0
0
0
0
3
0
0
0
0
0
0
0
0
14
0
0
0
0
0
0
0
0
0
0
0
0
0
0
0
0
0
0
0
0
0
0
0
0
0
0
0
0
0
0
0
0
0
0
0
0
0
0
0
0
0
0
0
0
0
0
0
0
0
0
0
0
0
0
0
1
0
0
4095
0
0
0
0
0
0
51
0
0
0
0
0
0
0
0
0
0
0
0
0
0
4095
0
0
0
0
0
0
0
0
0
0
0
0
0
0
0
0
0
0
0
0
0
4095
0
0
0
0
0
87
0
0
0
0
0
0
0
0
0
0
0
0
0
0
4095
4095
0
0
0
0
0
74
0
0
0
0
0
0
0
0
0
0
0
0
0
0
4095
0
0
0
0
0
0
79
0
0
0
0
0
0
0
0
0
0
0
0
0
0
0
0
0
0
0
0
0
0
0
0
0
0
0
0
0
0
0
0
0
0
0
0
0
0
0
0
0
0
71
0
0
0
0
0
0
0
0
0
0
0
0
0
0
0
0
0
0
0
0
0
1
0
0
0
0
0
0
0
0
0
0
0
0
0
0
0
0
0
0
0
0
0
0
0
0
0
0
0
0
0
0
0
0
0
0
0
0
0
0
0
0
0
0
80
0
0
0
0
0
0
0
0
0
0
0
0
0
0
0
0
4095
4095
0
0
0
0
0
0
0
0
0
0
0
0
0
0
0
0
0
0
0
0
4095
508
0
0
0
0
0
0
0
0
0
0
0
0
0
0
0
12
0
0
0
0
1434
542
0
0
105
0
0
0
0
0
0
0
0
0
0
0
0
314
0
0
0
4095
1136
487
0
0
57
0
0
0
0
0
0
0
0
0
0
0
0
1194
0
0
0
4095
1167
395
0
0
81
0
0
0
0
0
0
0
0
0
0
0
81
0
0
0
2306
4095
1108
380
0
0
651
0
0
0
0
0
0
0
0
0
0
0
115
0
0
0
2185
4095
1081
0
0
0
2084
0
0
0
0
0
0
0
0
0
0
0
413
0
0
0
2679
4095
1178
0
0
0
2191
0
0
0
0
0
0
0
0
0
0
0
1420
0
0
0
2995
4095
4095
64
2570
0
1083
0
0
0
0
0
0
0
0
0
0
0
0
0
0
3680
2113
4095
4095
49
1090
1138
1105
0
0
0
0
0
0
0
0
0
0
0
0
0
0
4095
2400
4095
4095
0
1927
1119
0
0
0
0
0
0
0
0
0
0
151
0
0
0
0
3891
2126
4095
4095
0
0
1188
0
0
0
0
0
0
0
334
0
0
4
0
0
0
0
4095
2099
4095
