0
0
2746
0
0
0
0
0
605
0
0
0
0
0
0
0
0
0
1345
1
0
0
0
0
3564
0
0
0
1106
807
177
0
0
0
0
0
0
0
0
0
1419
0
0
0
0
614
3650
0
0
0
1390
853
194
0
0
0
0
0
0
0
0
0
0
0
0
0
0
2333
3870
0
0
0
1286
793
186
0
0
0
0
0
0
0
0
0
0
0
0
0
0
2321
3871
0
0
1874
1387
808
173
0
0
0
0
0
0
0
0
1172
0
0
0
0
1157
2996
3889
0
0
1938
1377
795
175
0
0
0
0
0
0
0
0
0
0
0
0
0
0
3423
0
0
0
1853
1336
814
238
0
0
0
0
0
0
0
0
0
0
0
0
0
0
3445
0
0
0
535
0
535
1173
0
0
0
0
0
0
0
273
0
0
0
0
0
0
3276
0
0
0
563
0
545
1201
0
0
0
0
0
0
0
357
0
0
0
0
0
0
3405
0
0
0
565
0
621
0
46
24
0
0
0
0
0
272
0
0
0
0
0
2052
0
0
0
439
0
498
1038
138
138
38
0
0
0
0
0
290
0
0
0
0
0
1941
0
0
0
0
426
913
399
97
97
17
0
0
0
0
0
229
0
0
0
0
0
2046
0
0
0
0
424
617
97
48
48
0
0
0
0
0
0
206
0
0
0
0
0
2029
0
0
0
0
413
345
31
31
28
0
0
0
0
0
0
0
0
0
0
0
0
2200
0
0
0
0
0
85
85
85
0
0
0
0
0
0
0
0
0
0
0
0
0
0
0
0
0
0
0
43
43
43
0
0
0
0
0
0
0
0
0
0
0
0
0
0
0
0
0
0
0
0
0
0
0
0
0
0
0
0
0
0
0
0
0
0
0
0
0
0
0
0
0
0
0
0
0
0
0
0
0
0
0
0
0
0
0
0
0
0
0
0
0
0
0
0
0
0
0
0
0
0
0
0
0
0
0
0
0
0
576
0
0
0
0
0
0
0
0
0
0
0
0
0
217
217
0
0
0
0
0
0
537
0
0
0
0
0
0
0
0
0
0
0
0
0
295
295
0
0
0
0
0
0
0
0
0
0
0
0
0
0
0
0
0
0
0
0
0
0
0
0
0
0
0
0
0
0
0
0
0
0
0
0
0
0
0
0
0
0
0
0
0
0
0
0
0
0
0
0
0
0
0
0
0
0
0
0
0
0
0
0
0
0
0
0
0
0
0
0
0
0
0
240
0
0
0
0
0
0
0
0
0
0
0
0
0
0
0
0
0
0
0
3695
3961
4095
0
209
0
0
0
0
0
0
1388
0
0
0
0
0
0
0
0
0
16
423
0
253
0
0
0
0
0
0
1
1
0
0
0
0
0
0
0
0
0
0
423
387
0
237
0
0
0
0
0
0
3
557
0
0
0
0
0
0
0
0
0
51
387
0
395
0
0
0
0
0
0
0
4
1492
0
0
0
0
0
0
0
0
3
159
476
0
393
0
75
0
0
0
0
0
2
1526
0
0
0
0
0
0
0
0
78
379
484
0
447
0
0
0
0
0
0
0
3
1803
0
0
0
0
0
0
0
0
61
771
474
0
407
0
1
1
0
0
0
0
3
1756
0
0
0
0
0
0
0
0
779
983
432
491
0
0
0
0
0
0
0
552
557
2195
0
0
0
0
0
0
0
0
1048
588
0
511
0
0
0
0
0
0
0
739
744
0
0
0
0
0
0
0
0
0
1057
555
0
478
0
0
0
0
0
0
0
0
4
0
0
0
0
0
0
0
0
0
1144
531
0
448
0
0
0
0
0
0
0
0
0
0
0
0
0
0
0
0
0
0
0
568
0
0
0
0
0
0
0
0
18
0
0
0
0
0
0
0
0
0
0
0
526
0
628
0
0
0
0
0
0
0
0
0
0
0
0
0
0
0
0
0
0
0
559
0
615
526
522
0
0
0
0
0
0
0
0
0
0
0
0
0
0
0
0
0
1206
580
0
1069
159
0
0
0
0
0
0
0
0
0
0
0
0
0
0
0
0
536
536
0
578
0
0
0
0
0
0
0
0
0
0
0
0
0
0
0
0
0
0
532
532
0
536
0
0
0
0
0
0
0
0
0
0
0
0
0
0
0
1115
1115
0
0
0
570
1116
0
0
0
0
0
0
0
0
0
0
0
0
0
0
0
685
685
0
0
0
345
0
0
0
0
0
0
0
0
0
0
0
0
0
0
0
0
0
0
0
0
0
0
0
0
0
0
0
0
0
0
0
0
0
0
0
0
0
0
0
0
0
0
0
0
0
0
0
0
0
0
0
0
0
0
0
0
0
0
0
227
227
227
227
227
227
0
0
0
0
0
0
0
0
0
0
0
0
0
0
0
0
0
0
0
0
0
0
0
0
0
0
0
0
0
0
0
0
0
0
0
0
0
0
0
0
0
0
0
0
0
0
0
0
0
0
4095
4095
4095
0
0
0
0
0
0
0
1
1
1
1
1
0
0
0
0
0
0
0
0
0
0
0
0
0
0
0
0
0
28
28
28
28
28
13
0
0
0
0
0
0
0
0
783
0
0
0
0
0
0
41
41
41
41
41
34
11
0
0
0
0
0
0
0
0
2100
0
0
0
0
0
0
54
54
54
54
54
20
0
0
0
0
0
0
0
0
0
1992
0
0
0
0
0
0
68
68
68
68
68
19
0
0
0
0
0
0
0
0
340
2402
4080
4080
4080
4080
4080
4080
15
15
15
15
15
0
0
0
0
0
0
0
0
0
1225
2754
4095
4095
4095
4095
4095
0
33
33
33
33
33
0
0
0
0
0
0
0
0
0
1298
2785
4080
4080
4080
4080
4080
0
0
0
0
0
0
0
0
0
0
0
0
0
0
0
1229
2739
4095
4095
4095
4095
4095
0
0
0
0
0
0
0
0
0
0
0
0
4095
4095
3641
1985
0
4095
4095
4095
4095
4095
0
0
0
0
0
0
0
0
0
0
0
0
4095
4095
3120
1726
0
4029
4029
4029
4029
0
0
0
0
0
0
0
0
0
0
0
0
0
0
0
1185
2501
0
0
0
0
6
0
0
0
0
0
0
0
0
0
0
0
0
0
0
0
1390
2228
0
0
0
0
37
0
0
0
0
0
0
0
0
0
0
0
2
0
0
0
2565
0
0
0
0
0
0
0
0
0
0
0
0
0
0
0
2
2
0
0
0
387
2698
0
0
0
0
79
0
0
0
0
0
0
0
0
0
0
3
3
0
0
0
1276
0
0
0
15
0
90
978
0
0
0
0
0
0
0
0
2
14
73
0
0
0
1743
0
0
0
135
0
622
0
0
0
0
0
0
0
0
0
1
9
114
0
0
0
1448
0
0
0
0
201
0
0
0
0
0
0
0
0
0
0
6
194
194
0
0
0
0
0
0
0
0
225
0
0
0
0
0
0
0
0
0
0
2
497
497
0
0
1766
0
0
0
0
0
0
1265
0
0
0
0
0
0
0
0
0
3
246
246
660
660
3306
0
0
0
0
0
0
0
0
0
0
0
0
0
0
0
656
660
660
660
0
0
2348
0
0
0
0
0
941
0
0
0
0
0
0
0
0
0
1652
1655
0
0
0
0
2349
0
0
2843
0
0
963
0
0
0
0
0
0
0
0
1557
0
3
0
0
0
1715
3736
0
0
0
0
617
0
0
0
0
0
0
0
0
0
1268
0
2
0
0
