53
21
24
0
79
0
0
1618
202
442
317
174
197
49
122
0
0
47
80
215
24
222
122
125
0
80
29
23
21
38
126
16
29
0
23
24
21
110
0
55
54
48
157
34
22
47
28
0
0
29
0
31
0
30
57
46
627
591
0
24
30
0
57
21
56
561
271
890
0
339
0
607
60
99
0
17
90
567
3998
662
388
0
102
56
1671
177
92
0
617
302
0
309
0
445
0
459
36
195
28
0
0
215
92
20
151
78
78
643
1047
619
0
0
624
231
292
0
305
862
292
246
923
122
0
0
0
63
97
278
496
138
255
208
398
29
0
0
67
0
118
409
240
0
29
389
402
285
708
164
46
366
537
802
1045
13
0
67
13
0
28
215
309
0
698
2627
26
