48
45
25
0
0
0
0
1495
93
443
589
0
197
31
251
55
21
0
203
150
18
205
0
135
31
287
28
0
0
56
120
0
56
28
18
63
17
52
28
60
122
52
0
0
24
0
30
29
0
29
0
28
27
153
0
31
578
679
18
18
0
0
60
46
0
663
135
762
163
595
0
421
22
181
0
0
26
404
3799
0
264
375
122
119
2207
21
178
0
515
187
0
218
166
0
310
743
38
272
0
0
0
174
70
139
62
74
88
420
1008
602
0
59
757
168
264
241
331
718
158
402
1276
0
151
130
0
64
126
423
366
125
30
90
674
30
63
125
30
0
0
351
228
30
0
226
583
200
546
381
143
264
497
980
1119
35
0
20
0
0
39
197
364
284
922
1409
226
