4095
0
0
1408
212
0
0
0
0
0
0
0
3337
0
0
3
0
0
0
0
4095
2273
4095
0
0
1547
0
0
0
0
0
0
0
0
3153
0
0
0
0
0
0
4095
349
2078
4095
0
0
931
0
0
0
0
0
0
0
551
3179
0
0
0
0
0
0
4095
538
2108
1417
0
0
0
0
0
0
0
0
0
0
1432
1790
1371
0
0
0
0
0
4095
1099
2030
0
0
0
0
0
0
0
0
0
0
0
1585
1723
1522
0
0
0
0
0
4095
1182
3764
0
0
0
0
0
0
0
0
0
0
0
0
4041
0
0
0
0
0
0
4095
1209
3986
0
0
0
0
0
0
0
0
0
0
0
1651
1883
0
0
0
0
0
0
4095
1354
3906
0
0
0
0
0
0
0
0
0
0
0
1604
1032
0
0
0
4095
0
4095
779
1172
4095
0
0
0
0
0
0
0
0
0
0
0
1749
0
0
0
0
4095
0
4095
526
1095
2955
0
0
0
843
0
0
0
0
0
0
0
1682
0
0
0
0
4095
0
4095
182
1383
1445
0
0
1326
0
0
0
0
0
0
0
0
442
0
0
0
0
4095
0
4095
178
1086
967
0
0
1229
0
0
0
0
0
0
0
175
0
0
0
0
0
0
4095
2128
281
1983
0
597
0
920
0
0
0
0
0
0
0
167
68
0
0
0
0
0
4095
1549
189
1227
0
980
0
0
0
0
0
0
0
0
0
0
501
0
0
0
0
0
4095
1003
267
515
0
527
0
0
0
0
0
0
0
0
0
0
327
0
0
0
0
0
4095
1281
253
432
0
261
0
0
0
0
0
0
0
0
0
0
0
0
0
0
0
4095
4095
1189
292
0
340
518
0
0
0
0
0
0
0
0
0
314
0
0
0
0
0
4095
4095
1316
357
0
311
196
0
0
0
0
0
0
0
0
0
279
0
0
0
0
0
1380
3372
1133
473
0
340
120
0
0
0
0
0
0
0
0
0
112
0
0
0
0
0
2001
3381
1182
100
0
336
33
0
0
0
0
0
0
0
0
0
0
0
0
0
0
0
3541
3200
1280
0
0
288
12
0
0
0
0
0
0
0
0
0
0
0
0
0
0
702
3515
3310
1225
0
0
83
0
0
0
0
0
0
0
0
0
0
0
0
0
0
0
1171
3552
3072
1274
0
39
21
0
0
0
0
0
0
0
0
0
0
0
0
0
0
0
1264
4095
3141
978
0
186
3
0
0
0
0
0
0
444
0
0
0
0
0
0
0
0
1184
4095
3157
250
0
26
4
0
0
0
0
0
0
1208
0
0
0
0
0
0
0
0
1110
4095
1691
262
0
137
328
0
0
0
0
0
0
1208
0
0
0
0
0
0
0
0
4095
4095
1339
0
354
172
529
0
0
0
0
0
2245
0
0
0
0
0
0
0
0
0
4095
0
4095
0
283
260
0
0
0
0
0
0
1674
1470
0
0
0
0
0
0
0
0
4095
0
413
0
399
90
0
0
0
0
0
0
2051
1244
0
0
0
0
0
0
0
0
4095
0
0
0
807
54
0
0
0
0
0
0
3305
1257
0
0
0
0
0
0
0
0
681
0
0
643
125
78
0
0
0
0
0
0
3521
1301
0
0
0
0
0
0
0
0
770
0
0
676
157
0
0
0
0
0
0
0
3703
458
0
0
0
0
0
0
0
608
0
0
0
1169
62
0
0
0
0
0
0
0
3471
0
0
0
0
0
0
0
0
1316
0
0
0
1304
1
0
0
0
0
0
0
0
3663
65
0
0
0
0
0
134
1885
0
0
0
1489
118
0
0
0
0
0
0
0
2209
332
376
0
0
0
0
0
314
1997
0
0
0
1323
293
0
0
0
0
0
0
0
1845
0
472
0
0
0
0
2451
0
0
0
0
0
1781
73
0
0
0
0
0
0
0
1147
0
0
0
0
0
0
0
2625
0
0
0
0
1270
247
0
0
0
0
0
0
0
0
17
0
0
0
0
0
0
1182
1832
0
0
1090
301
513
0
0
0
0
0
0
0
0
0
0
0
0
0
66
0
1094
1879
0
0
1163
188
536
0
0
0
0
0
0
0
0
0
0
0
0
0
0
230
1113
833
0
0
1047
556
0
0
0
0
55
0
0
0
0
0
0
0
0
0
0
1141
1701
0
0
0
0
1103
0
0
0
0
56
0
0
0
0
0
0
0
0
0
0
1094
235
0
0
0
1244
7
0
0
0
0
73
0
0
0
0
0
0
0
0
1172
0
0
0
0
0
0
1146
76
0
0
0
0
12
0
0
0
0
0
0
0
0
662
0
0
0
0
847
0
0
49
0
0
0
57
0
0
0
0
0
0
0
0
0
0
0
0
0
0
294
0
0
0
0
0
0
90
0
0
0
0
0
0
0
0
0
0
0
0
0
0
370
0
0
0
0
0
0
86
0
0
0
0
0
0
0
0
226
0
0
0
0
0
0
0
0
0
0
0
0
17
0
0
0
0
0
0
0
0
21
0
0
0
0
0
0
0
0
0
0
0
0
0
0
0
0
0
0
0
0
0
0
0
0
0
0
0
0
0
0
0
0
0
0
0
0
0
0
0
0
0
0
0
2
0
0
0
0
0
0
0
0
0
0
0
4095
0
0
4095
0
0
0
0
0
0
18
0
0
0
0
0
0
0
0
0
0
0
7
0
0
4095
0
0
0
0
0
37
0
0
0
0
0
0
0
0
0
0
0
0
0
0
0
4095
0
0
0
0
0
84
0
0
0
0
0
0
0
0
0
0
0
0
0
0
0
4095
0
0
0
0
0
51
0
0
0
0
0
0
0
0
0
0
0
0
0
0
4095
0
0
0
0
0
0
57
0
0
0
0
0
0
0
0
0
0
0
0
0
0
0
0
0
0
0
0
4095
30
0
0
0
0
0
0
0
0
0
0
0
0
0
0
0
0
0
0
0
0
4095
0
0
0
0
0
0
0
0
0
0
0
0
0
0
0
0
0
0
0
0
0
4095
0
0
0
0
0
0
0
0
0
0
0
0
0
0
0
0
0
0
0
0
4095
0
0
0
0
0
0
0
0
0
0
0
0
0
0
0
0
0
0
0
0
0
4095
0
0
0
0
0
0
0
0
0
0
0
0
4095
0
0
0
4095
1230
0
0
0
0
0
0
0
0
0
0
0
0
0
0
0
0
0
0
0
0
4095
1011
0
0
0
0
0
0
0
0
0
0
0
0
0
0
0
11
0
0
0
0
4095
617
0
0
105
0
0
0
0
0
0
0
0
0
0
0
0
7
0
0
0
4095
2894
517
0
0
72
0
0
0
0
0
0
0
0
0
0
0
0
16
0
0
0
4095
2209
400
0
0
66
0
0
0
0
0
0
0
0
0
0
0
74
0
0
0
3313
3766
1110
197
0
0
490
0
0
0
0
0
0
0
0
0
0
0
100
0
0
0
2819
4095
1184
0
0
0
1918
0
0
0
0
0
0
0
0
0
0
0
337
0
0
0
2604
4095
1233
0
0
0
2514
0
0
0
0
0
0
0
0
0
0
0
765
0
0
0
2360
4095
4095
67
1242
0
2485
0
0
0
0
0
0
0
0
0
0
0
253
0
0
3538
1374
4095
4095
72
1138
1118
1215
0
0
0
0
0
0
0
0
0
0
0
0
0
0
3471
1343
4095
4095
0
983
1145
0
0
0
0
0
0
0
0
0
0
1621
0
0
0
0
3157
1926
4095
4095
0
0
2070
0
0
0
0
0
0
0
1459
0
0
3
0
0
0
0
3214
2185
4095
