0
0
0
0
0
0
0
0
0
0
0
2769
0
3
0
0
0
1713
3900
0
0
0
0
590
0
0
0
0
0
0
0
0
0
0
0
2
0
0
0
2643
0
0
0
0
0
1245
0
0
0
0
0
0
0
0
0
0
0
0
0
0
0
3259
0
0
0
0
0
0
0
0
0
0
0
0
0
0
0
0
0
0
0
0
0
3518
0
0
0
0
0
0
0
0
0
0
0
0
0
0
0
0
0
0
0
0
2155
3808
0
0
0
0
0
0
0
0
0
0
0
0
0
0
0
0
0
0
0
0
2139
3746
0
0
0
0
0
0
0
0
0
0
0
0
0
181
0
0
0
0
0
-2735
2418
3784
0
0
0
0
0
0
195
0
0
0
0
0
0
229
0
0
0
0
0
-6908
3310
0
0
0
0
0
0
0
356
0
0
0
0
0
0
236
0
0
0
0
0
11800
0
0
0
0
0
0
535
2351
539
0
0
0
0
0
0
166
0
0
0
0
0
0
0
0
0
0
0
0
564
0
0
0
0
0
0
0
0
178
0
0
0
0
0
0
0
0
0
0
0
0
493
0
0
0
0
0
0
0
0
167
0
0
0
0
0
0
0
0
0
0
0
0
625
0
0
0
0
0
0
0
0
0
0
0
0
0
0
1969
0
0
0
0
0
547
0
0
0
0
0
0
0
0
0
0
0
0
0
0
0
2033
0
0
0
0
0
0
0
0
0
0
0
0
0
0
0
0
0
0
0
0
0
2070
0
0
0
0
0
0
0
0
0
0
0
0
0
0
0
0
0
0
0
0
0
2077
0
0
0
0
362
0
0
0
0
0
0
0
0
0
0
0
0
0
0
0
0
0
0
0
0
0
0
0
0
0
0
0
0
0
0
0
0
0
0
0
0
0
0
0
0
0
0
0
0
0
0
0
0
0
0
0
0
0
0
0
0
0
0
0
0
0
0
0
0
0
0
0
0
0
0
0
0
0
0
0
0
0
0
0
0
0
278
0
0
0
0
0
0
0
0
0
0
0
0
0
0
0
0
0
0
0
0
0
0
0
0
0
0
0
0
0
0
0
0
0
0
0
0
0
0
0
0
0
0
0
0
0
0
0
0
0
0
0
0
0
0
0
0
0
0
0
0
0
0
0
0
0
0
0
0
0
0
0
0
0
0
0
0
0
0
0
0
0
0
0
0
0
0
0
0
0
0
0
0
0
0
0
0
0
0
0
0
0
0
0
0
0
0
0
0
0
0
0
0
0
0
0
0
0
0
0
0
0
0
0
0
0
0
0
0
0
0
0
0
0
0
0
0
0
0
0
0
0
0
0
0
0
0
0
0
0
0
0
0
0
0
0
0
0
0
0
0
0
0
0
1
1
0
0
0
0
0
0
0
0
0
4
0
0
0
0
0
0
0
0
0
0
6
6
0
0
0
0
0
0
0
0
0
8
0
0
0
257
0
0
0
0
0
0
4
1707
0
0
0
0
0
0
0
0
0
232
0
0
410
0
0
0
0
0
0
3
8
1701
0
0
0
0
0
0
0
0
50
272
0
0
446
0
0
0
0
0
0
5
8
1748
0
0
0
0
0
0
0
0
0
0
0
0
386
0
0
0
0
0
0
6
9
1899
0
0
0
0
0
0
0
0
416
195
0
0
385
0
0
0
0
0
0
143
149
1932
0
0
0
0
0
0
0
16
0
0
0
447
0
0
0
0
0
0
0
626
631
0
0
0
0
0
0
0
0
0
0
0
0
525
0
0
0
0
0
0
23
234
237
0
0
0
0
0
0
0
0
0
0
0
0
488
0
0
0
0
0
0
104
106
108
0
0
0
0
0
0
0
0
0
0
0
550
1023
0
0
0
0
0
0
0
0
0
0
0
0
0
0
0
0
0
0
0
0
539
0
0
0
0
0
0
0
120
0
0
0
0
0
0
0
0
0
0
0
0
0
531
0
0
0
0
0
0
0
0
0
0
0
0
0
0
0
0
0
0
0
0
0
542
0
0
0
0
0
0
0
0
0
0
0
0
0
0
0
0
0
0
0
0
0
628
0
0
0
0
0
0
0
0
0
0
0
0
0
0
0
0
0
0
0
0
0
605
0
0
0
0
0
0
0
0
0
0
0
0
0
0
0
0
0
0
0
0
0
563
0
0
0
0
0
0
0
0
0
0
0
0
0
0
0
0
0
0
0
0
580
0
0
0
0
0
0
0
0
0
0
0
0
0
0
0
0
0
0
0
0
0
0
0
0
0
0
0
0
0
0
0
0
0
0
0
0
0
0
0
0
0
0
0
0
0
0
0
0
0
0
0
0
0
0
0
0
0
0
0
0
0
0
0
0
0
0
0
0
0
0
0
0
0
0
0
0
0
0
0
0
0
0
0
0
0
0
0
0
0
0
0
0
0
0
0
0
0
0
0
0
0
0
0
0
0
0
0
0
0
0
0
0
0
0
0
0
0
0
-1527
0
0
0
0
0
0
0
0
0
0
0
0
0
0
0
0
0
0
0
0
0
-5732
0
0
0
0
0
0
0
0
0
0
0
0
0
0
0
0
0
0
0
0
0
10114
0
0
0
0
0
0
0
0
0
0
0
0
0
0
0
0
0
0
0
0
0
0
0
0
0
0
0
0
0
0
0
0
0
0
0
0
0
0
0
0
0
0
2103
0
0
0
0
0
0
0
0
0
0
0
0
0
0
0
0
0
0
0
0
0
681
0
0
0
0
0
0
0
0
0
0
0
0
0
0
0
0
0
0
0
0
1567
0
0
0
0
0
0
0
0
0
0
0
0
0
0
0
0
0
0
0
0
0
0
0
0
0
0
0
0
0
0
0
0
0
0
0
0
0
0
0
0
0
0
0
0
0
0
0
0
0
0
0
0
0
0
0
0
0
0
0
0
0
0
0
0
0
0
0
-5757
0
0
0
0
0
0
0
0
0
0
0
0
0
0
0
0
0
0
-1417
-5997
-7238
-4193
0
0
0
0
0
0
0
0
0
0
0
0
0
0
0
0
0
0
1711
7085
-6610
1292
0
0
0
0
0
0
0
0
0
0
0
0
0
0
0
0
0
0
0
-5207
-6715
17330
0
0
0
0
0
0
0
0
0
0
0
0
0
0
0
0
0
0
430
6933
24797
0
0
0
0
0
0
0
0
0
0
0
0
0
0
0
0
0
0
0
2294
0
0
0
0
48
0
0
0
0
0
0
0
0
0
0
0
0
0
0
0
0
2215
0
0
0
0
79
0
0
0
0
0
0
0
0
0
2
2
2
0
0
0
0
1974
0
0
0
0
281
0
0
0
0
0
0
0
0
0
2
2
2
0
0
0
1508
0
0
0
0
0
1114
0
0
0
0
0
0
0
0
0
2
128
128
0
0
0
1759
0
0
0
0
176
0
0
0
0
0
0
0
0
0
1
3
666
666
0
0
0
0
0
0
0
0
0
0
0
0
0
0
0
0
0
0
0
2
463
463
0
0
2065
0
0
0
0
0
0
0
0
0
0
0
0
0
0
0
0
0
0
0
0
0
2618
0
0
0
0
0
0
0
0
0
0
0
0
0
0
0
-388
4
0
0
0
0
2664
0
0
0
0
0
0
0
0
0
0
0
0
0
0
0
594
23
0
0
0
0
2890
0
0
0
0
