570
0
0
0
0
0
0
0
0
1460
4
2
0
0
0
0
3722
0
0
0
0
357
594
0
0
0
0
0
0
0
0
0
0
7
0
0
0
0
3763
0
0
0
0
0
1721
0
0
0
0
0
0
0
0
0
0
0
0
0
0
1793
3893
0
0
0
0
0
0
0
0
0
0
0
0
0
0
0
0
0
0
0
0
2373
3914
0
0
0
0
0
0
0
0
0
0
0
0
0
717
0
0
0
0
0
0
3578
0
0
0
0
0
0
0
0
0
0
0
0
0
0
0
0
0
0
0
0
1507
3791
0
0
0
0
0
0
0
0
0
0
0
0
0
0
0
0
0
0
0
0
2074
3870
0
0
0
0
0
0
0
0
0
0
0
0
0
0
1340
0
0
0
0
-737
2112
3904
0
0
0
0
0
0
566
0
0
0
0
0
0
0
0
0
0
0
0
-6492
3080
3856
0
0
0
0
0
0
1117
0
0
0
0
0
0
0
0
0
0
0
0
8807
0
0
0
0
0
0
0
582
0
0
0
0
0
0
0
0
0
0
0
0
0
0
0
0
0
0
0
0
537
1125
0
0
0
0
0
0
0
0
0
0
0
0
0
0
0
0
0
0
0
0
0
649
0
0
0
0
0
0
0
0
0
0
0
0
0
0
3416
0
0
0
0
0
484
0
0
0
0
0
0
0
0
0
0
0
0
0
0
627
0
0
0
0
0
0
0
0
0
0
0
0
0
0
0
0
0
0
0
0
0
2190
0
0
0
0
0
0
0
0
0
0
0
0
0
0
0
0
0
0
0
0
0
2219
0
0
0
0
0
0
0
0
0
0
0
0
0
0
0
0
0
0
0
0
0
2030
0
0
0
0
0
0
0
0
0
0
0
0
0
0
0
0
0
0
0
0
0
2130
0
0
0
0
0
0
0
0
0
0
0
0
0
0
0
0
0
0
0
0
0
0
0
0
0
0
0
0
0
0
0
0
0
0
0
0
0
0
0
0
0
0
0
0
0
0
0
0
0
0
0
0
0
0
0
0
0
0
0
0
0
0
0
0
315
0
0
0
0
0
0
0
0
0
0
0
0
0
0
0
0
0
0
0
0
0
574
0
0
0
0
0
0
0
0
0
0
0
0
0
160
160
0
0
0
0
0
0
536
0
0
0
0
0
0
0
0
0
0
0
0
0
100
100
0
0
0
0
0
0
561
0
0
0
0
0
0
0
0
0
0
0
0
0
0
0
0
0
0
0
0
0
0
0
0
0
0
0
0
0
0
0
0
0
0
0
0
0
0
0
0
0
0
0
0
0
0
0
0
0
0
0
0
0
0
0
0
0
0
0
0
0
0
0
0
0
0
0
0
0
0
0
0
0
0
0
0
0
0
0
0
0
0
0
0
0
0
0
0
0
0
0
0
0
0
0
0
0
1
1
0
0
0
0
0
0
0
0
0
0
56
0
0
381
0
0
0
0
0
0
2
2
0
0
0
0
0
0
0
0
0
13
0
0
0
362
0
0
0
0
0
0
4
1141
0
0
0
0
0
0
0
0
0
145
0
0
0
343
0
0
0
0
0
0
3
1560
0
0
0
0
0
0
0
0
38
210
0
0
528
0
0
0
0
0
0
0
3
1525
0
0
0
0
0
0
0
0
73
0
0
0
520
0
0
0
0
0
0
0
3
1354
0
0
0
0
0
0
0
0
179
0
0
0
501
0
0
0
0
0
0
0
153
1549
0
0
0
0
0
0
0
0
0
0
0
0
604
0
0
0
0
0
0
151
727
2095
0
0
0
0
0
0
0
0
0
0
0
506
0
0
0
0
0
0
0
725
446
0
0
0
0
0
0
0
0
0
0
0
0
543
0
0
0
0
0
0
0
444
2
0
0
0
0
0
0
0
0
0
0
0
0
517
0
0
0
0
0
0
0
0
0
0
0
0
0
0
0
0
0
0
0
0
0
610
0
0
0
0
0
0
0
0
0
0
0
0
0
0
0
0
0
0
0
0
0
462
0
0
0
0
0
0
0
0
0
0
0
0
0
0
0
0
0
0
0
0
0
477
0
0
0
0
0
0
0
0
0
0
0
0
0
0
0
0
0
0
0
0
0
539
0
0
0
0
0
0
0
0
0
0
0
0
0
0
0
0
0
0
0
0
0
453
0
0
0
0
1
0
0
0
0
0
0
0
0
0
0
0
0
0
0
177
596
0
0
0
0
0
0
0
0
0
0
0
0
0
0
0
0
0
0
0
0
0
0
0
0
0
0
0
0
0
0
0
0
0
0
0
0
0
0
0
0
0
0
172
0
0
0
0
0
0
0
0
0
0
0
0
0
0
0
0
0
0
0
0
0
0
0
0
0
0
0
0
0
0
0
0
0
0
0
0
0
0
0
0
0
0
0
0
0
0
0
0
0
0
0
0
0
0
0
0
0
0
0
0
0
0
0
0
0
0
0
0
0
0
0
0
0
0
0
0
0
0
0
0
0
0
0
0
0
0
0
0
0
0
0
0
0
0
0
0
0
0
0
0
0
0
0
0
0
0
0
0
0
0
0
0
0
0
0
0
0
0
-449
0
0
0
0
0
0
0
0
0
0
0
0
0
0
0
0
0
0
0
0
0
-7370
0
0
0
0
0
0
0
0
0
0
0
0
0
0
0
0
0
0
0
0
0
10183
0
0
0
0
0
0
0
0
0
0
0
0
0
0
0
0
0
0
0
0
1508
0
0
0
0
0
0
0
0
0
0
0
0
0
0
0
0
0
0
0
0
368
2085
0
0
0
0
0
0
0
0
0
0
0
0
0
0
0
0
0
0
0
0
0
0
0
0
0
0
0
0
0
0
0
0
0
0
0
0
0
0
0
0
0
0
0
0
0
0
0
0
0
0
0
0
0
0
0
0
0
0
0
0
0
0
0
0
0
0
0
0
0
0
0
0
0
0
0
0
0
0
0
0
0
0
0
0
0
0
-5224
-8566
-7058
0
0
0
0
0
0
0
0
0
0
0
0
0
0
0
0
0
0
0
-4833
-7197
-4823
0
0
0
0
0
0
0
0
0
0
0
0
0
0
0
1
0
0
0
-4388
-6635
-3714
0
0
0
0
0
0
0
0
0
0
0
0
0
0
0
0
0
0
0
18319
26233
22872
0
0
22
0
0
0
0
0
0
0
0
0
0
0
0
0
0
0
0
1822
0
0
0
0
94
0
0
0
0
0
0
0
0
0
0
0
0
0
0
0
1615
0
0
0
0
0
174
0
0
0
0
0
0
0
0
0
3
3
3
0
0
0
1978
0
0
0
0
0
1050
0
0
0
0
0
0
0
0
2
9
9
0
0
0
0
2218
0
0
0
0
0
795
0
0
0
0
0
0
0
0
5
9
126
0
0
0
1268
0
0
0
0
0
76
0
0
0
0
0
0
0
0
0
5
11
71
0
0
0
1769
0
0
0
0
226
0
0
0
0
0
0
0
0
0
0
5
522
522
0
0
0
1484
0
0
0
0
243
0
0
0
0
0
0
0
0
0
0
4
465
465
0
0
0
0
0
0
0
0
168
0
0
0
0
0
0
0
0
0
0
6
6
0
0
0
2697
0
0
0
0
0
0
0
0
0
0
0
0
0
0
0
0
0
0
0
0
0
3506
0
0
0
0
0
0
