0
0
0
0
561
0
0
0
0
0
0
0
0
2223
4
0
0
0
0
0
3795
0
0
0
0
0
1739
0
0
0
0
0
0
0
0
0
0
0
0
0
0
0
3669
0
0
0
0
0
0
0
0
0
0
0
0
0
0
0
0
0
0
0
0
1918
3929
0
0
0
0
0
0
0
0
0
0
0
0
0
0
0
0
0
0
0
0
2167
3966
0
0
0
0
0
0
0
0
0
0
0
0
0
941
0
0
0
0
0
0
3102
0
0
0
0
0
0
0
0
0
0
0
0
0
0
1410
0
0
0
0
0
1951
3621
0
0
0
0
0
0
0
0
0
0
0
0
0
0
1317
0
0
0
0
0
1955
3604
0
0
0
0
0
0
0
0
0
0
0
0
0
0
1233
0
0
0
0
-3501
1971
3709
0
0
0
0
0
0
548
0
0
0
0
0
0
0
0
0
0
0
0
4408
0
2779
0
0
0
0
0
534
1114
0
0
0
0
0
0
0
0
0
0
0
0
0
0
0
0
0
0
0
0
538
0
0
0
0
0
0
0
0
0
0
0
0
0
0
0
0
0
0
0
0
564
0
0
0
0
0
0
0
0
0
0
0
0
0
0
0
0
0
0
0
0
0
0
0
0
0
0
0
0
0
0
0
0
0
0
0
0
0
2946
0
0
0
0
0
0
0
0
0
0
0
0
0
0
0
0
0
0
0
0
1925
0
0
0
0
269
0
0
0
0
0
0
0
0
0
0
0
0
0
0
0
0
1885
0
0
0
0
317
0
0
0
0
0
0
0
0
0
0
0
0
0
0
0
0
2192
0
0
0
0
266
0
0
0
0
0
0
0
0
0
0
0
0
0
0
0
0
2699
0
0
0
0
0
0
0
0
0
0
0
0
0
0
0
0
0
0
0
0
0
2591
0
0
0
0
0
0
0
0
0
0
0
0
0
0
0
0
0
0
0
0
0
0
0
0
0
0
0
0
0
0
0
0
0
0
0
0
0
0
0
0
0
0
0
0
0
0
0
0
0
0
0
0
0
0
0
0
0
0
0
0
0
0
0
0
0
0
0
0
0
0
0
0
0
0
0
0
0
0
0
0
0
0
0
0
0
0
0
0
0
0
0
0
0
0
0
0
0
0
0
0
298
298
0
0
0
0
0
0
0
0
0
0
0
0
0
0
0
0
0
0
0
0
175
175
0
0
0
0
0
0
0
0
0
0
0
0
0
0
0
0
0
0
0
0
0
0
0
0
0
0
0
0
0
0
0
0
0
0
0
0
0
0
0
0
0
0
0
0
0
0
0
0
0
0
0
0
0
0
0
0
0
0
0
0
0
3
3
0
0
0
0
0
0
0
0
0
0
0
0
0
0
0
0
0
0
0
0
3
825
0
0
0
0
0
0
0
0
0
34
0
0
0
0
0
0
0
0
0
0
3
1760
0
0
0
0
0
0
0
0
15
192
0
0
338
0
0
0
0
0
0
3
577
2431
0
0
0
0
0
0
0
0
0
0
0
0
317
0
0
0
0
0
0
7
1268
2739
0
0
0
0
0
0
0
0
71
0
0
513
854
0
0
0
0
0
0
4
1329
2830
0
0
0
0
0
0
0
44
207
0
0
550
0
0
0
0
0
0
0
1
1419
0
0
0
0
0
0
0
0
57
0
0
0
520
0
0
0
0
0
0
0
3
1518
0
0
0
0
0
0
0
0
0
0
0
0
490
0
0
0
0
0
0
547
552
2093
0
0
0
0
0
0
0
0
0
0
0
530
0
0
0
0
0
0
0
793
796
2214
0
0
0
0
0
0
0
0
0
0
0
558
0
0
0
0
0
0
0
0
5
0
0
0
0
0
0
0
0
0
0
0
0
607
0
0
0
0
0
0
0
0
0
0
0
0
0
0
0
0
0
0
0
0
0
534
0
0
0
0
0
0
0
0
0
0
0
0
0
0
0
0
0
0
0
0
0
546
0
0
0
0
0
0
0
0
0
0
0
0
0
0
0
0
0
0
0
0
0
556
0
0
0
0
0
0
0
0
0
0
0
0
0
0
0
0
0
0
0
0
0
539
0
0
0
0
0
0
0
0
0
0
0
0
0
0
0
0
0
0
0
0
0
559
0
0
0
0
0
0
0
0
0
0
0
0
0
0
0
0
0
0
0
186
599
0
0
0
0
0
0
0
0
0
0
0
0
0
0
0
0
0
0
0
0
192
0
0
0
0
0
0
0
0
0
0
0
0
0
0
0
0
0
0
0
0
0
0
0
0
0
0
0
0
0
0
0
0
0
0
0
0
0
0
0
0
0
0
0
0
0
0
0
0
0
0
0
0
0
0
0
0
0
0
0
0
0
0
0
0
0
0
0
0
0
0
0
0
0
0
0
0
0
0
0
0
0
0
0
0
0
0
0
0
0
0
0
0
0
0
0
0
0
0
0
0
0
0
0
0
0
0
0
0
0
0
0
0
0
0
0
0
0
0
0
0
0
0
0
0
0
0
0
0
0
0
0
0
0
0
0
0
0
0
0
0
-3833
0
0
0
0
0
0
0
0
0
0
0
0
0
0
0
0
0
0
0
0
0
5389
0
0
0
0
0
0
0
0
0
0
0
0
0
0
0
0
0
0
0
0
0
0
0
0
0
0
0
0
0
0
0
0
0
0
0
0
0
0
0
0
0
0
2082
0
0
0
0
0
0
0
0
0
0
0
0
0
0
0
0
0
0
0
0
471
2268
0
0
0
0
0
0
0
0
0
0
0
0
0
0
0
0
0
0
0
0
0
0
0
0
0
0
0
0
0
0
0
0
0
0
0
0
0
0
0
0
0
0
0
0
0
0
0
0
0
0
0
0
0
0
0
0
0
0
0
0
0
0
0
0
0
0
0
0
0
0
0
0
0
0
0
0
0
0
0
0
0
0
0
0
0
0
-5271
-7793
-8349
-107
0
0
0
0
0
0
0
0
0
0
0
0
0
0
0
0
0
0
-4970
-7211
-7759
-549
0
0
0
0
0
0
0
0
0
0
0
0
0
0
0
0
0
0
12129
18919
17654
697
0
0
0
0
0
0
0
0
0
0
0
0
0
0
0
0
0
0
2043
0
0
0
0
15
0
0
0
0
0
0
0
0
0
0
0
0
0
0
0
628
1554
0
0
0
0
76
0
0
0
0
0
0
0
0
0
0
0
0
0
0
0
813
0
0
0
0
0
162
0
0
0
0
0
0
0
0
0
4
4
4
0
0
0
2494
0
0
0
0
0
510
0
0
0
0
0
0
0
0
0
1
1
1
0
0
0
2277
0
0
0
0
0
966
0
0
0
0
0
0
0
0
0
2
38
0
0
0
532
2583
0
0
0
0
98
0
0
0
0
0
0
0
0
0
1
5
122
0
0
0
1428
0
0
0
0
0
0
0
0
0
0
0
0
0
0
0
2
275
297
0
0
0
1428
0
0
0
0
0
0
0
0
0
0
0
0
0
0
0
2
511
511
0
0
0
1732
0
0
0
0
0
0
0
0
0
0
0
0
0
0
0
4
112
0
0
0
0
0
0
0
0
0
0
0
0
0
0
0
0
0
0
0
0
4
5
0
0
0
2682
0
0
0
0
0
0
0
0
0
0
0
0
0
0
0
501
0
0
0
0
0
3472
0
0
