1590
4095
0
0
1964
0
0
0
0
0
0
0
1766
0
0
0
895
0
0
0
4095
730
4095
0
0
0
1480
0
0
0
0
0
0
0
2459
0
0
0
0
0
0
0
4095
630
1695
0
0
0
1238
0
0
0
0
0
0
0
3001
0
0
0
0
0
0
0
4095
817
2850
0
0
0
0
0
0
0
0
0
0
0
3045
0
0
0
0
0
0
0
4095
707
3183
0
0
0
0
0
0
0
0
0
0
0
1446
1753
0
0
0
0
0
0
4095
654
3550
0
0
0
0
0
0
0
0
0
0
0
1609
1679
0
0
0
0
0
4095
438
831
3392
0
0
0
0
0
0
0
0
0
0
0
2174
1466
0
0
0
0
0
4095
533
737
2065
0
0
0
0
0
0
0
0
0
0
0
2184
0
0
0
0
0
0
4095
436
764
2149
0
0
0
0
0
0
0
0
0
0
0
2620
0
0
0
0
0
0
4095
418
706
0
0
0
1101
0
0
0
0
0
0
0
1079
333
0
0
0
4095
0
4095
1521
523
1740
0
0
0
917
0
0
0
0
0
0
0
1271
0
0
0
0
4095
0
4095
1645
431
1953
0
492
0
919
0
0
0
0
0
0
0
1347
0
0
0
0
4095
0
4095
1927
474
948
0
1400
0
0
0
0
0
0
0
0
0
276
0
0
0
0
0
0
4095
1496
567
560
0
960
0
0
0
0
0
0
0
0
0
0
0
0
0
0
0
0
4095
1640
463
651
460
553
0
0
0
0
0
0
0
0
0
109
0
0
0
0
0
4095
3027
1912
782
0
361
629
0
0
0
0
0
0
0
0
0
386
0
0
0
0
0
4095
3009
1594
720
0
230
7
0
0
0
0
0
0
0
0
0
379
0
0
0
0
0
4095
3011
1675
458
0
234
13
0
0
0
0
0
0
0
0
0
0
0
0
0
0
0
4095
3506
1800
0
285
320
0
0
0
0
0
0
0
0
0
0
0
0
0
0
0
2358
4049
3070
1648
0
272
168
0
0
0
0
0
0
0
0
0
0
0
0
0
0
0
1140
4095
3020
1612
0
272
64
0
0
0
0
0
0
0
0
0
0
0
0
0
0
0
1106
4095
3005
1498
0
412
7
0
0
0
0
0
0
0
0
0
0
0
0
0
0
0
1135
4095
3549
152
0
247
7
0
0
0
0
0
0
0
0
899
0
0
0
0
0
0
1321
4095
2338
136
0
202
57
0
0
0
0
0
0
0
0
1342
0
0
0
0
0
0
1163
4095
1670
0
102
204
25
0
0
0
0
0
1110
0
0
0
0
0
0
0
0
0
4095
4095
1588
0
73
133
0
0
0
0
0
0
1774
0
0
0
0
0
0
0
0
0
4095
0
4095
0
133
340
0
0
0
0
0
0
2358
0
0
0
0
0
0
0
0
0
4095
0
360
0
45
558
0
0
0
0
0
0
2017
336
0
0
0
0
0
0
0
0
4095
0
0
353
97
464
0
0
0
0
0
0
3452
163
0
0
0
0
0
0
0
0
2168
0
0
308
510
0
0
0
0
0
0
0
3531
169
0
0
0
0
0
0
0
0
757
0
0
392
88
0
0
0
0
0
0
0
3486
0
0
0
0
0
0
0
0
0
0
0
0
1491
2
0
0
0
0
0
0
0
3234
0
0
0
0
0
0
0
0
0
0
0
0
1882
0
0
0
0
0
0
0
0
3248
202
0
0
0
0
0
0
1819
0
0
0
1366
141
0
0
0
0
0
0
0
2698
270
261
0
0
0
0
0
0
1989
0
0
0
1420
139
0
0
0
0
0
0
0
3507
0
253
0
0
0
0
94
0
2771
0
0
0
1328
127
0
0
0
0
0
0
0
2448
134
0
0
0
0
0
1682
0
0
0
0
1650
333
118
0
0
0
0
0
0
0
1391
332
0
0
0
0
0
0
930
1518
0
0
971
186
44
0
0
0
0
0
0
0
0
1463
0
0
0
0
72
0
895
1526
0
0
697
48
80
0
0
0
0
0
0
0
0
0
0
0
0
0
0
0
1102
1114
0
0
716
35
0
0
0
0
29
0
0
0
0
0
0
0
0
0
0
962
1052
773
0
0
967
5
0
0
0
0
20
0
0
0
0
0
0
0
0
0
0
1092
604
0
0
0
1387
113
0
0
0
0
0
2
0
0
0
0
0
0
0
36
0
1335
0
0
0
0
1406
494
0
0
0
94
0
0
0
0
0
0
0
0
0
715
0
0
0
0
787
0
394
408
0
0
0
114
0
0
0
0
0
0
0
0
0
34
0
0
0
0
618
0
20
0
0
0
0
104
0
0
0
0
0
0
0
0
43
0
0
0
0
0
627
0
0
0
0
0
0
0
0
0
0
0
0
0
0
0
45
0
0
0
0
330
0
0
0
0
0
0
0
0
0
0
0
0
0
0
0
0
138
0
0
0
0
0
0
0
0
0
0
0
16
0
0
0
0
0
0
0
0
0
0
0
0
0
0
0
0
0
0
0
0
0
16
0
0
0
0
0
0
0
0
0
0
0
0
0
0
0
0
0
0
0
0
0
11
0
0
0
0
0
0
0
0
0
0
0
0
0
0
0
0
0
0
0
0
0
0
0
0
0
0
0
0
0
0
1520
0
0
0
0
0
0
0
0
0
0
0
0
0
0
0
4095
0
0
0
0
0
149
0
0
0
0
0
0
0
0
0
0
0
0
0
0
4095
0
0
0
0
0
0
165
0
0
0
0
0
0
0
0
0
0
0
0
0
0
4095
0
0
0
0
0
0
49
0
0
0
0
0
0
0
0
0
0
0
0
0
0
4095
0
0
0
0
0
34
0
0
0
0
0
0
0
0
0
0
0
0
0
0
0
0
0
0
0
0
0
4095
0
0
0
0
0
0
0
0
0
0
0
0
0
0
0
0
0
0
0
0
0
4095
0
0
0
0
0
0
0
0
0
0
0
0
0
0
0
0
0
0
0
0
4095
0
0
0
0
0
0
0
0
0
0
0
0
0
0
0
0
0
0
0
0
0
4095
0
0
0
0
0
0
0
0
0
0
0
0
0
0
0
0
0
0
0
0
0
4095
0
0
0
0
0
0
0
0
0
0
0
0
0
0
0
0
0
0
0
0
4095
0
0
0
0
0
0
0
0
0
0
0
0
4095
0
0
0
4095
3238
0
0
0
101
0
0
0
0
0
0
0
0
0
0
0
0
2036
0
0
0
4095
1102
547
0
0
84
0
0
0
0
0
0
0
0
0
0
0
0
2668
0
0
0
4095
1122
566
0
0
96
0
0
0
0
0
0
0
0
0
0
0
74
2936
0
0
0
4095
1148
98
0
0
288
0
0
0
0
0
0
0
0
0
0
0
84
0
0
0
4095
4095
1301
0
0
0
2136
0
0
0
0
0
0
0
0
0
0
133
72
0
0
0
3996
4095
1211
0
0
0
2656
0
0
0
0
0
0
0
0
0
0
775
16
0
0
3843
2026
4095
4095
0
1291
1141
1143
0
0
0
0
0
0
0
0
0
0
526
0
0
0
2325
1621
4095
4095
58
1172
1348
1059
0
0
0
0
0
0
0
0
0
0
326
0
0
0
2621
1620
4095
4095
0
1164
1257
0
0
0
0
0
0
0
0
0
0
0
0
0
0
0
3613
1731
4095
4095
0
0
2514
0
0
0
0
0
0
0
0
0
0
1380
0
0
0
1502
716
1921
4095
1471
0
1793
470
0
0
0
0
0
0
0
3003
0
0
1
0
0
0
4095
809
1666
