0
3765
0
0
1287
0
423
1091
0
0
0
0
0
0
0
0
1666
0
2
0
0
0
2087
3922
0
0
1063
1063
519
0
0
0
0
0
0
0
0
0
1705
0
0
0
0
0
2140
3938
0
0
1181
995
506
0
0
0
0
0
0
0
0
0
1710
0
0
0
0
0
3272
0
0
0
1741
1195
561
0
0
0
0
0
0
0
0
1282
0
0
0
0
0
0
3677
0
0
0
1672
1103
563
0
0
0
0
0
0
0
0
1330
0
0
0
0
0
2068
3784
0
0
0
1597
1090
559
0
0
0
0
0
0
0
0
1324
0
0
0
0
0
1906
3833
0
0
0
1648
1147
613
0
0
0
0
0
0
0
0
1417
0
0
0
0
909
2532
2970
0
0
2032
1638
1183
621
0
0
0
0
0
0
0
0
0
0
0
0
0
2164
0
0
0
0
378
0
489
1068
5
5
0
0
0
0
0
0
0
0
0
0
0
2203
0
0
0
0
457
0
538
1185
37
37
0
0
0
0
0
0
0
0
0
0
0
2289
0
0
0
0
0
446
0
552
58
53
0
0
0
0
0
0
0
0
0
0
0
2141
0
0
0
0
0
369
769
196
72
53
0
0
0
0
0
0
0
0
0
0
0
1854
3682
0
0
0
286
0
250
41
41
24
0
0
0
0
0
0
0
0
0
0
0
2088
0
0
0
0
318
502
28
28
28
0
0
0
0
0
0
0
0
0
0
0
0
1947
0
0
0
0
301
395
12
12
12
0
0
0
0
0
0
0
0
0
0
0
0
2323
0
0
0
0
254
0
11
11
0
0
0
0
0
0
0
0
0
0
0
0
0
1953
0
0
0
0
0
6
6
6
0
0
0
0
0
0
0
0
0
0
0
0
0
1107
0
0
0
0
0
0
0
0
0
0
0
0
0
0
0
0
0
0
0
0
0
0
0
0
0
0
0
0
0
0
0
0
0
0
0
0
0
0
0
0
0
0
0
0
0
0
0
0
0
0
0
0
0
0
0
0
0
0
0
0
0
0
0
0
576
0
0
0
0
0
0
0
0
0
0
0
0
0
0
0
0
0
0
0
0
0
585
0
0
0
0
0
0
0
0
0
0
0
0
0
113
113
0
0
0
0
0
0
557
0
0
0
0
0
0
0
0
0
0
0
0
0
181
181
0
0
0
0
0
0
0
0
0
0
0
0
0
0
0
0
0
0
0
105
0
0
0
0
0
0
0
0
0
0
0
0
0
0
0
0
0
0
0
0
0
109
0
0
0
0
0
0
0
0
0
1210
0
0
0
0
0
0
0
0
0
0
0
0
161
0
0
0
0
0
0
0
24
0
0
318
0
395
0
0
0
0
0
1
0
0
0
0
0
0
0
0
0
0
9
94
0
296
0
0
0
0
0
0
4
4
0
0
0
0
0
0
0
0
0
0
0
517
0
385
0
0
0
0
0
0
2
270
0
0
0
0
0
0
0
0
0
68
519
519
0
354
0
0
0
0
0
0
4
1308
2911
0
0
0
0
0
0
0
0
141
1018
549
0
0
0
0
0
0
0
0
1
1473
0
0
0
0
0
0
0
0
70
538
538
0
513
0
0
0
0
0
0
0
2
1416
0
0
0
0
0
0
0
0
68
1035
606
0
538
0
0
0
0
0
0
0
4
1430
0
0
0
0
0
0
0
0
715
1122
521
0
529
0
0
0
0
0
0
439
440
1884
0
0
0
0
0
0
0
0
1191
572
0
542
0
0
0
0
0
0
0
673
677
0
0
0
0
0
0
0
0
2096
972
0
618
1164
0
0
0
0
0
0
0
100
104
0
0
0
0
0
0
0
0
0
1116
632
0
512
0
94
0
0
0
0
0
0
0
828
828
0
0
0
0
0
0
0
0
606
0
535
0
0
0
0
0
0
0
0
0
0
0
0
0
0
0
0
0
0
0
624
0
560
0
0
0
0
0
0
0
0
0
0
0
0
0
0
0
0
0
0
215
0
653
1140
0
0
0
0
0
0
0
0
0
0
0
0
0
0
0
0
0
0
198
0
591
1090
0
0
0
0
0
0
0
0
0
0
0
0
0
0
0
0
0
166
166
0
592
1124
0
0
0
0
0
0
0
0
0
0
0
0
0
0
0
0
227
0
0
181
750
945
140
0
0
0
0
0
0
0
0
0
0
0
0
0
0
0
0
0
0
174
0
0
0
0
0
0
0
0
0
0
0
0
0
0
0
0
0
0
0
0
0
395
0
0
0
0
0
0
0
0
0
0
0
0
0
0
0
0
0
0
0
0
0
93
0
0
0
0
0
0
0
0
0
0
0
0
0
0
0
0
0
0
0
0
0
0
0
0
0
0
0
0
0
0
0
0
0
0
0
0
0
0
0
0
0
0
0
0
0
0
0
0
0
0
0
0
0
0
0
0
0
0
0
0
0
0
0
0
0
0
0
0
0
0
0
0
0
0
0
0
0
0
0
0
0
0
0
0
0
0
0
0
0
0
0
0
0
0
0
0
4074
4074
4074
4074
4074
4074
4074
21
21
21
21
21
1
0
0
0
0
0
0
0
0
0
0
0
0
0
0
0
0
175
175
175
175
175
73
0
0
0
0
0
0
0
0
0
0
0
0
0
0
0
0
159
159
159
159
159
72
0
0
0
0
0
0
0
0
1973
0
0
0
0
0
0
60
60
60
60
60
60
0
0
0
0
0
0
0
0
0
1986
0
0
0
0
0
0
35
35
35
35
35
18
0
0
0
0
0
0
0
0
0
2104
4087
4087
4087
4087
4087
4087
8
8
8
8
8
0
0
0
0
0
0
0
0
0
743
2284
4095
4095
4095
4095
4095
0
28
28
28
28
28
0
0
0
0
0
0
0
0
0
992
2499
4095
4095
4095
4095
4095
0
0
0
0
0
0
0
0
0
0
0
0
0
0
0
986
2493
4083
4083
4083
4083
4083
0
0
0
0
0
0
0
0
0
0
0
0
0
0
0
1061
2483
4095
4095
4095
4095
4095
0
0
0
0
0
0
0
0
0
0
0
0
4095
4095
3782
2356
0
4083
4083
4083
4083
0
0
0
0
0
0
0
0
0
0
0
0
0
0
0
650
2042
0
0
0
0
0
0
0
0
0
0
0
0
0
0
0
0
0
0
0
0
732
1509
0
0
0
0
29
0
0
0
0
0
0
0
0
0
0
0
0
0
0
0
2342
0
0
0
0
0
140
0
0
0
0
0
0
0
0
0
0
0
0
0
0
0
2339
0
0
0
75
0
458
0
0
0
0
0
0
0
0
0
4
4
0
0
870
0
2250
0
0
14
0
73
1068
0
0
0
0
0
0
0
0
3
11
53
0
870
0
1775
0
0
0
0
140
0
0
0
0
0
0
0
0
0
0
2
7
144
0
0
0
1476
0
0
0
0
236
0
0
0
0
0
0
0
0
0
0
4
187
228
0
0
0
0
0
0
0
0
209
0
902
0
0
0
0
0
0
0
0
7
643
643
0
0
179
0
0
0
0
0
172
0
0
0
0
0
0
0
0
0
0
4
179
179
179
179
3023
0
0
0
0
121
0
1308
0
0
0
0
0
0
0
0
388
394
395
0
0
0
3714
0
0
0
0
0
505
0
0
0
0
0
0
0
0
0
1866
1871
1871
0
0
0
3681
0
0
0
0
0
632
0
0
0
0
0
0
0
0
1700
0
3
0
0
0
0
