0
0
0
0
0
0
0
0
0
1752
1756
1757
0
0
0
3583
0
0
0
0
554
0
0
0
0
0
0
0
0
0
1914
0
2
0
0
0
0
3785
0
0
2904
0
0
573
0
0
0
0
0
0
0
0
1713
2
0
0
0
0
0
3820
0
0
1286
478
0
597
0
0
0
0
0
0
0
0
1649
0
0
0
0
0
2195
3904
0
0
1123
1123
612
0
0
0
0
0
0
0
0
0
0
0
0
0
0
0
2316
0
0
0
1301
999
517
0
0
0
0
0
0
0
0
1288
0
0
0
0
0
0
3339
0
0
0
1627
1146
566
0
0
0
0
0
0
0
0
1493
0
0
0
0
0
2066
3704
0
0
0
1656
1181
578
0
0
0
0
0
0
0
0
1322
0
0
0
0
0
2216
3728
0
0
0
1726
1147
577
0
0
0
0
0
0
0
0
1308
0
0
0
0
956
2465
3765
0
0
0
1657
1120
575
0
0
0
0
0
0
0
0
0
0
0
0
0
2045
0
2750
0
0
2147
1674
1167
629
0
15
0
0
0
0
0
0
0
0
0
0
0
0
2938
0
0
0
416
0
497
1069
15
38
0
0
0
0
0
0
0
0
0
0
0
0
2979
0
0
0
368
0
490
1075
38
54
0
0
0
0
0
0
0
0
0
0
0
0
2980
0
0
0
0
400
0
660
61
65
0
0
0
0
0
0
0
0
0
0
0
1601
3419
0
0
0
0
500
699
160
84
11
0
0
0
0
0
0
0
0
0
0
0
1986
0
0
0
0
320
0
139
32
32
0
0
0
0
0
0
0
0
0
0
0
0
2078
0
0
0
0
259
506
27
27
27
0
0
0
0
0
0
0
0
0
0
0
0
2282
0
0
0
0
266
0
17
17
17
0
0
0
0
0
0
0
0
0
0
0
0
2603
0
0
0
0
0
0
16
16
0
0
0
0
0
0
0
0
0
0
0
0
0
0
0
0
0
0
0
5
5
5
0
0
0
0
0
0
0
0
0
0
0
0
0
0
0
0
0
0
0
0
0
0
0
0
0
0
0
0
0
0
0
0
0
0
0
0
0
0
0
0
0
0
0
0
0
0
0
0
0
0
0
0
0
0
0
0
0
0
0
0
0
0
0
0
0
0
0
0
0
0
57
57
0
0
0
0
0
0
40
0
0
0
0
0
0
0
0
0
0
0
0
0
102
102
0
0
0
0
0
0
439
0
0
0
0
0
0
0
0
0
0
0
0
0
112
112
0
0
0
0
0
0
0
0
0
0
0
0
0
0
0
0
0
0
0
156
0
0
0
0
0
0
0
0
0
0
0
0
0
0
0
0
0
0
0
0
0
119
0
0
0
0
0
0
0
0
0
0
1759
0
0
0
0
0
0
0
0
1
1
0
118
0
0
0
0
0
0
0
4
0
0
0
0
0
0
0
0
0
0
1
0
0
0
0
0
0
0
0
0
0
21
152
0
420
0
340
0
0
0
0
0
6
0
0
0
0
0
0
0
0
0
1
0
540
0
347
0
0
0
0
0
0
6
547
0
0
0
0
0
0
0
0
0
82
0
0
506
829
0
0
0
0
0
0
2
1272
2744
0
0
0
0
0
0
0
14
168
509
0
522
883
0
0
0
0
0
0
4
1582
0
0
0
0
0
0
0
0
58
0
0
521
1003
0
0
0
0
0
0
0
4
1387
0
0
0
0
0
0
0
0
63
481
0
560
1132
0
0
0
0
0
0
0
1
1387
0
0
0
0
0
0
0
0
791
693
0
636
1148
0
0
0
0
0
0
0
4
2033
0
0
0
0
0
0
0
0
1195
582
0
535
0
0
0
0
0
0
0
575
577
0
0
0
0
0
0
0
0
0
1110
596
0
554
0
0
0
0
0
0
0
709
713
0
0
0
0
0
0
0
0
0
0
592
0
561
0
0
0
0
0
0
0
0
3
589
589
0
0
0
0
0
0
0
0
608
0
525
0
81
0
0
0
0
0
0
0
0
0
0
0
0
0
0
0
0
0
603
0
537
0
0
0
0
0
0
0
0
0
0
0
0
0
0
0
0
0
0
180
0
672
1239
0
0
0
0
0
0
0
0
0
0
0
0
0
0
0
0
0
0
216
0
603
1109
0
0
0
0
0
0
0
0
0
0
0
0
0
0
0
0
0
188
188
0
620
1141
0
0
0
0
0
0
0
0
0
0
0
0
0
0
0
0
0
0
0
173
0
88
0
0
0
0
0
0
0
0
0
0
0
0
0
0
0
0
0
0
0
174
0
0
0
0
0
0
0
0
0
0
0
0
0
0
0
0
0
0
0
0
0
334
0
0
0
0
0
0
1
0
0
0
0
0
0
0
0
0
0
0
0
0
0
56
0
0
0
0
0
0
0
0
0
0
0
0
0
0
0
0
71
71
71
71
71
0
0
0
0
0
0
0
0
0
0
0
0
0
0
0
0
0
0
0
0
0
0
0
0
0
0
0
0
0
0
0
0
0
0
0
0
0
0
0
0
0
0
0
0
0
0
0
0
0
0
0
0
0
0
0
0
0
0
0
0
0
0
0
0
0
0
0
0
0
0
0
0
0
0
0
0
0
0
4064
4064
4064
4064
31
31
31
31
31
4
0
0
0
0
0
0
0
0
0
4064
4064
4064
0
0
0
0
186
186
186
186
186
89
0
0
0
0
0
0
0
0
0
0
0
0
0
0
0
0
122
122
122
122
122
50
0
0
0
0
0
0
0
0
597
0
0
0
0
0
0
48
48
48
48
48
48
0
0
0
0
0
0
0
0
0
2014
0
0
0
0
0
0
36
36
36
36
36
10
0
0
0
0
0
0
0
0
0
1975
0
0
0
4081
4081
4081
14
14
14
14
14
0
0
0
0
0
0
0
0
0
0
1958
4081
4081
4081
4095
4095
0
19
19
19
19
19
0
0
0
0
0
0
0
0
0
906
2490
4095
4095
4095
4095
4095
0
0
0
0
0
0
0
0
0
0
0
0
0
0
0
973
2437
4095
4095
4095
4081
4081
0
0
0
0
0
0
0
0
0
0
0
0
0
0
0
921
2411
4038
4081
4081
582
582
0
0
0
0
0
0
0
0
0
0
0
0
4095
4095
4095
3120
1629
0
582
582
0
0
0
0
0
0
0
0
0
0
0
0
0
0
1171
1171
0
1165
2687
76
0
0
6
0
0
0
0
0
0
0
0
0
0
0
0
0
0
0
590
1887
0
108
0
0
34
0
0
0
0
0
0
0
0
0
0
0
0
0
0
0
745
1270
0
0
0
0
172
0
0
0
0
0
0
0
0
0
0
0
0
0
0
0
2013
0
0
0
12
0
519
0
0
0
0
0
0
0
0
0
8
8
0
0
0
0
2393
0
0
0
68
0
1104
0
0
0
0
0
0
0
0
4
8
80
0
0
0
889
0
0
0
101
84
0
0
0
0
0
0
0
0
0
0
2
12
157
0
0
0
1766
0
0
0
0
142
0
0
0
0
0
0
0
0
0
0
2
258
258
0
0
0
1449
0
0
0
0
247
0
648
0
0
0
0
0
0
0
0
4
538
538
0
0
0
0
0
0
0
0
197
0
0
0
0
0
0
0
0
0
0
1
100
0
0
0
0
0
0
0
0
92
0
1287
0
0
0
0
0
0
0
0
693
698
698
0
0
0
3210
0
0
0
0
0
172
0
