66
44
22
0
0
0
0
35
27
67
-1
0
54
47
78
23
18
32
103
227
0
102
33
30
27
47
32
25
20
22
30
18
84
28
0
78
38
103
32
28
52
20
46
0
0
0
31
29
0
28
65
132
29
58
27
31
562
267
50
20
0
0
61
22
0
608
106
197
105
266
144
104
111
0
0
0
47
230
187
0
47
72
-1
7
40
112
18
70
143
53
0
0
28
0
0
312
15
100
0
0
60
35
25
47
45
79
65
152
301
200
48
-4
205
38
99
308
310
-7
238
6
167
30
30
30
0
30
95
75
217
15
81
112
0
120
191
0
123
131
0
44
99
93
0
192
0
59
677
-2
61
63
190
376
516
0
0
73
16
15
13
8
88
168
15
208
8
