18
8
20
65
-1
-1
66
-1
-1
-1
-1
-1
-1
-1
-1
150
-1
-1
-1
-1
-1
-1
20
9
20
-1
-1
-1
113
-1
-1
-1
-1
-1
-1
-1
20
-1
-1
-1
-1
-1
-1
-1
34
9
50
-1
-1
-1
-1
-1
-1
-1
-1
-1
-1
-1
84
-1
-1
-1
-1
-1
-1
-1
44
8
60
-1
-1
-1
-1
-1
-1
-1
-1
-1
-1
-1
83
-1
-1
-1
-1
-1
-1
-1
6
7
112
-1
-1
-1
-1
-1
-1
-1
-1
-1
-1
-1
26
28
-1
-1
-1
-1
-1
39
5
9
115
-1
-1
-1
-1
-1
-1
-1
-1
-1
-1
-1
27
28
-1
-1
-1
-1
-1
62
5
8
127
-1
-1
-1
-1
-1
-1
-1
-1
-1
-1
-1
28
24
-1
-1
-1
-1
-1
38
6
7
76
-1
-1
-1
-1
-1
-1
-1
-1
-1
-1
-1
32
-1
-1
-1
-1
120
-1
17
5
9
132
-1
-1
-1
-1
-1
-1
-1
-1
-1
-1
-1
21
-1
-1
-1
25
-1
-1
44
6
8
-1
-1
-1
135
-1
-1
-1
-1
-1
-1
-1
3
-1
-1
-1
-1
51
-1
21
17
5
27
-1
-1
-1
72
-1
-1
-1
-1
-1
-1
-1
6
-1
-1
-1
-1
51
-1
21
17
5
25
-1
87
-1
120
-1
-1
-1
-1
-1
-1
-1
10
-1
-1
-1
-1
106
-1
22
20
6
29
-1
63
-1
-1
-1
-1
-1
-1
-1
-1
-1
-1
-1
-1
-1
-1
-1
-1
56
17
5
-1
27
40
-1
-1
-1
-1
-1
-1
-1
-1
-1
-1
-1
-1
-1
-1
-1
-1
46
18
10
-1
25
38
-1
-1
-1
-1
-1
-1
-1
-1
-1
12
-1
-1
-1
-1
-1
51
21
21
14
-1
23
28
-1
-1
-1
-1
-1
-1
-1
-1
-1
24
-1
-1
-1
-1
-1
52
23
17
10
-1
25
5
-1
-1
-1
-1
-1
-1
-1
-1
-1
19
-1
-1
-1
-1
-1
52
25
18
-1
11
24
6
-1
-1
-1
-1
-1
-1
-1
-1
-1
-1
-1
-1
-1
-1
-1
57
22
21
-1
14
23
-1
-1
-1
-1
-1
-1
-1
-1
-1
-1
-1
-1
-1
-1
-1
35
27
22
17
-1
16
22
-1
-1
-1
-1
-1
-1
-1
-1
-1
-1
-1
-1
-1
-1
-1
30
27
23
18
-1
20
23
-1
-1
-1
-1
-1
-1
-1
-1
-1
-1
-1
-1
-1
-1
-1
30
27
25
19
-1
16
23
-1
-1
-1
-1
-1
-1
-1
-1
-1
-1
-1
-1
-1
-1
-1
30
28
22
15
-1
17
10
-1
-1
-1
-1
-1
-1
-1
-1
22
-1
-1
-1
-1
-1
-1
30
32
19
26
-1
21
2
-1
-1
-1
-1
-1
-1
-1
-1
24
-1
-1
-1
-1
-1
-1
30
29
18
-1
15
18
22
-1
-1
-1
-1
-1
23
-1
-1
-1
-1
-1
-1
-1
-1
-1
29
39
21
-1
15
17
-1
-1
-1
-1
-1
-1
47
-1
-1
-1
-1
-1
-1
-1
-1
-1
28
-1
23
-1
7
43
-1
-1
-1
-1
-1
-1
70
25
-1
-1
-1
-1
-1
-1
-1
-1
34
-1
47
-1
5
77
-1
-1
-1
-1
-1
-1
79
22
-1
-1
-1
-1
-1
-1
-1
-1
52
-1
-1
4
6
-1
-1
-1
-1
-1
-1
-1
104
20
-1
-1
-1
-1
-1
-1
-1
-1
153
-1
-1
22
33
-1
-1
-1
-1
-1
-1
-1
109
11
-1
-1
-1
-1
-1
-1
-1
-1
-1
-1
-1
35
43
-1
-1
-1
-1
-1
-1
-1
106
-1
-1
-1
-1
-1
-1
-1
-1
-1
-1
-1
-1
53
38
-1
-1
-1
-1
-1
-1
-1
112
-1
-1
-1
-1
-1
-1
-1
165
-1
-1
-1
45
6
80
-1
-1
-1
-1
-1
-1
97
27
15
-1
-1
-1
-1
-1
-1
122
-1
-1
-1
45
9
-1
-1
-1
-1
-1
-1
-1
100
-1
17
-1
-1
-1
-1
30
-1
99
-1
-1
-1
38
7
-1
-1
-1
-1
-1
-1
-1
77
-1
9
-1
-1
-1
-1
43
-1
105
-1
-1
-1
44
43
-1
-1
-1
-1
-1
-1
-1
21
12
-1
-1
-1
-1
-1
-1
33
65
-1
-1
40
18
46
-1
-1
-1
-1
-1
-1
-1
-1
20
-1
-1
-1
-1
-1
-1
33
64
-1
-1
58
20
42
-1
-1
-1
-1
-1
-1
-1
-1
26
-1
-1
-1
-1
9
-1
30
65
-1
-1
60
18
30
-1
-1
-1
50
-1
-1
-1
-1
-1
-1
-1
-1
-1
-1
11
30
78
-1
-1
61
18
-1
-1
-1
-1
42
-1
-1
-1
-1
-1
-1
-1
-1
-1
-1
31
29
-1
-1
-1
59
31
-1
-1
-1
-1
30
-1
-1
-1
-1
-1
-1
-1
-1
2
-1
28
53
-1
-1
-1
50
31
-1
-1
-1
29
15
-1
-1
-1
-1
-1
-1
-1
-1
2
-1
32
-1
-1
-1
-1
42
46
-1
-1
-1
38
-1
-1
-1
-1
-1
-1
-1
-1
-1
-1
-1
-1
-1
-1
89
-1
28
-1
-1
-1
-1
26
-1
-1
-1
-1
-1
-1
-1
-1
-1
-1
-1
-1
-1
-1
49
-1
21
-1
-1
-1
-1
17
-1
-1
-1
-1
-1
-1
-1
-1
-1
-1
-1
-1
-1
-1
51
-1
87
-1
-1
-1
-1
-1
-1
-1
-1
-1
-1
-1
-1
-1
1
-1
-1
-1
-1
-1
-1
-1
-1
-1
-1
-1
10
-1
-1
-1
-1
-1
-1
-1
-1
-1
-1
-1
-1
-1
-1
-1
-1
-1
-1
-1
-1
-1
24
-1
-1
-1
-1
-1
-1
-1
-1
-1
-1
-1
-1
-1
-1
-1
-1
-1
-1
-1
-1
-1
23
-1
-1
-1
-1
-1
-1
-1
-1
-1
-1
-1
-1
-1
-1
-1
-1
-1
-1
-1
-1
-1
78
-1
-1
-1
-1
-1
-1
-1
-1
-1
-1
-1
-1
-1
-1
-1
-1
-1
-1
-1
-1
-1
-1
-1
-1
15
-1
-1
-1
-1
-1
18
-1
-1
-1
-1
-1
-1
-1
-1
-1
-1
-1
-1
-1
-1
-1
32
-1
-1
-1
-1
-1
60
-1
-1
-1
-1
-1
-1
-1
-1
-1
-1
-1
-1
-1
-1
56
-1
-1
-1
-1
-1
-1
48
-1
-1
-1
-1
-1
-1
-1
-1
-1
-1
-1
-1
-1
-1
78
-1
-1
-1
-1
-1
-1
49
-1
-1
-1
-1
-1
-1
-1
-1
-1
-1
-1
-1
-1
-1
295
-1
-1
-1
-1
-1
5
-1
-1
-1
-1
-1
-1
-1
-1
-1
-1
-1
-1
-1
-1
-1
-1
-1
-1
-1
-1
-1
29
-1
-1
-1
-1
-1
-1
-1
-1
-1
-1
-1
-1
-1
-1
-1
-1
-1
-1
-1
-1
-1
15
-1
-1
-1
-1
-1
-1
-1
-1
-1
-1
-1
-1
-1
-1
-1
-1
-1
-1
-1
-1
-1
-1
-1
-1
-1
-1
-1
-1
-1
-1
-1
-1
-1
-1
-1
-1
-1
-1
-1
-1
-1
-1
10
-1
-1
-1
-1
-1
-1
-1
-1
-1
-1
-1
-1
-1
-1
-1
-1
-1
-1
-1
-1
-1
-1
-1
-1
-1
-1
-1
-1
-1
-1
-1
-1
-1
-1
-1
-1
-1
-1
-1
-1
-1
-1
5
-1
-1
-1
-1
-1
-1
-1
-1
-1
-1
-1
-1
67
-1
-1
-1
227
120
51
-1
-1
12
-1
-1
-1
-1
-1
-1
-1
-1
-1
-1
-1
-1
5
-1
-1
-1
65
32
15
-1
-1
30
2
-1
-1
-1
-1
-1
-1
-1
-1
-1
-1
5
2
-1
-1
32
30
30
19
-1
-1
30
-1
-1
-1
-1
-1
-1
-1
-1
-1
-1
-1
56
-1
-1
-1
28
33
30
57
-1
-1
31
-1
-1
-1
-1
-1
-1
-1
-1
-1
-1
-1
61
-1
-1
-1
32
29
30
-1
-1
-1
62
-1
-1
-1
-1
-1
-1
-1
-1
-1
-1
54
28
-1
-1
13
20
29
36
-1
90
-1
31
-1
-1
-1
-1
-1
-1
-1
-1
-1
-1
110
-1
-1
-1
12
19
28
31
8
30
33
32
-1
-1
-1
-1
-1
-1
-1
-1
-1
-1
-1
-1
-1
-1
12
19
32
33
6
34
33
28
-1
-1
-1
-1
-1
-1
-1
-1
-1
-1
-1
-1
-1
-1
14
22
29
30
-1
32
30
-1
-1
-1
-1
-1
-1
-1
-1
-1
-1
107
-1
-1
-1
-1
9
18
28
24
-1
31
31
-1
-1
-1
-1
-1
-1
-1
45
-1
-1
33
-1
-1
-1
8
9
18
28
33
-1
32
-1
-1
-1
-1
-1
-1
-1
-1
29
-1
-1
30
-1
-1
-1
20
