127
-1
-1
-1
-1
-1
-1
-1
-1
-1
-1
208
-1
-1
-1
48
19
22
28
30
-1
70
-1
-1
-1
-1
-1
-1
-1
110
-1
-1
131
-1
-1
-1
-1
49
20
53
-1
-1
-1
203
-1
-1
-1
-1
-1
-1
-1
110
-1
-1
126
-1
-1
-1
-1
46
18
51
-1
-1
-1
207
-1
-1
-1
-1
-1
-1
-1
225
-1
-1
-1
-1
-1
-1
-1
108
18
218
-1
-1
-1
-1
-1
-1
-1
-1
-1
-1
-1
123
100
-1
-1
-1
-1
-1
102
5
21
208
-1
-1
-1
-1
-1
-1
-1
-1
-1
-1
-1
116
97
-1
-1
-1
-1
-1
98
5
18
212
-1
-1
-1
-1
-1
-1
-1
-1
-1
-1
-1
118
97
-1
-1
-1
-1
-1
95
6
18
217
-1
-1
-1
-1
-1
-1
-1
-1
-1
-1
-1
118
100
-1
-1
-1
-1
-1
92
5
21
214
-1
-1
-1
-1
-1
-1
-1
-1
-1
-1
-1
213
-1
-1
-1
-1
-1
-1
96
5
17
216
-1
-1
-1
-1
-1
-1
-1
-1
-1
-1
111
66
-1
-1
-1
126
-1
-1
32
6
203
-1
-1
-1
-1
-1
-1
-1
-1
-1
-1
-1
59
64
-1
-1
-1
98
-1
51
7
5
43
-1
-1
-1
210
-1
-1
-1
-1
-1
-1
-1
51
-1
94
-1
-1
66
-1
46
8
6
38
-1
-1
-1
205
-1
-1
-1
-1
-1
-1
-1
50
29
65
-1
-1
63
-1
47
8
5
39
-1
-1
-1
212
-1
-1
-1
-1
-1
-1
-1
72
31
98
-1
-1
-1
-1
74
8
5
20
-1
247
-1
-1
-1
-1
-1
-1
-1
-1
-1
100
102
-1
-1
-1
-1
83
18
7
6
-1
198
-1
-1
-1
-1
-1
-1
-1
-1
-1
-1
159
-1
-1
-1
-1
-1
127
18
8
5
-1
195
-1
-1
-1
-1
-1
-1
-1
-1
-1
-1
157
-1
-1
-1
-1
-1
118
20
8
5
-1
197
-1
-1
-1
-1
-1
-1
-1
-1
-1
72
83
-1
-1
-1
-1
-1
122
18
8
6
16
188
-1
-1
-1
-1
-1
-1
-1
-1
-1
75
84
-1
-1
-1
-1
98
27
18
8
-1
22
180
-1
-1
-1
-1
-1
-1
-1
-1
-1
121
-1
-1
-1
-1
-1
125
31
18
9
-1
24
177
-1
-1
-1
-1
-1
-1
-1
-1
-1
122
-1
-1
-1
-1
-1
121
28
20
8
-1
20
175
-1
-1
-1
-1
-1
-1
-1
-1
-1
116
-1
-1
-1
-1
-1
120
28
18
9
-1
19
183
-1
-1
-1
-1
-1
-1
-1
-1
151
-1
-1
-1
-1
-1
-1
118
28
18
8
6
15
148
-1
-1
-1
-1
-1
-1
-1
-1
156
-1
-1
-1
-1
-1
-1
129
27
19
-1
14
15
151
-1
-1
-1
-1
-1
-1
-1
-1
117
-1
-1
-1
-1
-1
133
33
31
21
-1
14
13
150
-1
-1
-1
-1
-1
158
-1
-1
-1
-1
-1
-1
-1
-1
144
30
28
19
-1
14
99
-1
-1
-1
-1
-1
-1
163
-1
-1
-1
-1
-1
-1
-1
-1
141
30
-1
46
-1
14
104
-1
-1
-1
-1
-1
-1
118
-1
64
-1
-1
-1
-1
-1
-1
-1
157
-1
49
10
5
105
-1
-1
-1
-1
-1
135
27
20
51
-1
-1
-1
-1
-1
-1
-1
181
-1
-1
28
77
-1
-1
-1
-1
-1
-1
135
25
21
53
-1
-1
-1
-1
-1
-1
124
61
-1
-1
28
76
-1
-1
-1
-1
-1
-1
124
25
-1
63
-1
-1
-1
-1
-1
-1
167
-1
-1
-1
58
85
-1
-1
-1
-1
-1
-1
-1
115
54
-1
-1
-1
-1
-1
-1
-1
184
-1
-1
-1
61
129
-1
-1
-1
-1
-1
-1
124
30
56
-1
-1
-1
-1
-1
-1
155
-1
-1
-1
79
11
85
-1
-1
-1
-1
-1
-1
124
25
63
-1
-1
-1
-1
-1
-1
152
-1
-1
-1
85
100
-1
-1
-1
-1
-1
-1
-1
128
25
37
-1
-1
-1
-1
78
-1
94
-1
-1
-1
83
98
-1
-1
-1
-1
-1
-1
-1
137
-1
76
-1
-1
-1
-1
78
-1
94
-1
-1
59
21
107
-1
-1
-1
-1
-1
-1
-1
31
66
-1
-1
-1
-1
68
92
-1
-1
-1
-1
97
22
84
-1
-1
-1
-1
-1
-1
130
31
67
-1
-1
-1
-1
61
31
-1
105
-1
-1
60
25
77
-1
-1
-1
-1
-1
-1
127
-1
190
-1
-1
-1
-1
61
34
32
64
-1
-1
60
133
-1
-1
-1
-1
-1
-1
-1
-1
-1
93
-1
-1
-1
-1
58
31
30
63
-1
-1
58
44
-1
-1
-1
-1
-1
179
-1
-1
-1
-1
-1
-1
-1
69
26
30
60
-1
-1
-1
91
40
-1
-1
-1
-1
-1
241
-1
-1
-1
-1
-1
-1
-1
61
29
30
60
-1
-1
-1
93
30
-1
-1
-1
67
-1
188
-1
-1
-1
-1
-1
-1
-1
34
25
90
-1
-1
-1
-1
121
-1
-1
-1
-1
95
-1
-1
-1
184
-1
-1
-1
-1
-1
-1
127
-1
-1
-1
-1
-1
151
-1
-1
-1
-1
97
-1
-1
-1
181
-1
-1
-1
-1
96
-1
-1
-1
-1
-1
136
-1
77
-1
-1
-1
-1
92
-1
-1
-1
150
-1
-1
-1
-1
137
-1
-1
-1
-1
124
-1
-1
71
-1
-1
-1
-1
182
-1
-1
-1
-1
-1
-1
-1
-1
133
-1
-1
-1
-1
123
-1
-1
74
-1
-1
-1
36
153
-1
-1
-1
-1
-1
-1
-1
-1
132
-1
-1
-1
-1
181
-1
-1
-1
-1
-1
-1
197
-1
-1
-1
-1
-1
-1
-1
-1
-1
215
-1
-1
-1
-1
-1
-1
-1
-1
-1
-1
-1
294
-1
-1
-1
-1
-1
-1
-1
-1
247
-1
-1
-1
-1
-1
-1
-1
-1
-1
-1
-1
-1
266
-1
-1
-1
-1
-1
-1
-1
-1
511
-1
-1
-1
-1
-1
-1
-1
-1
-1
-1
-1
-1
-1
-1
-1
-1
-1
-1
-1
-1
-1
500
-1
-1
-1
-1
-1
-1
-1
-1
-1
-1
-1
-1
-1
-1
-1
-1
-1
-1
-1
-1
-1
178
-1
-1
-1
-1
-1
-1
-1
-1
-1
-1
-1
156
-1
-1
156
-1
-1
-1
-1
-1
-1
245
-1
-1
-1
-1
-1
-1
-1
-1
-1
-1
-1
-1
-1
-1
258
-1
-1
-1
-1
-1
213
-1
-1
-1
-1
-1
-1
-1
-1
-1
-1
-1
-1
-1
-1
-1
296
-1
-1
-1
-1
-1
222
-1
-1
-1
-1
-1
-1
-1
-1
-1
-1
-1
-1
-1
-1
-1
286
-1
-1
-1
-1
-1
502
-1
-1
-1
-1
-1
-1
-1
-1
-1
-1
-1
-1
-1
-1
-1
-1
-1
-1
-1
-1
263
239
-1
-1
-1
-1
-1
-1
-1
-1
-1
-1
-1
-1
-1
-1
-1
-1
-1
-1
-1
-1
521
-1
-1
-1
-1
-1
-1
-1
-1
-1
-1
-1
-1
-1
-1
-1
-1
-1
-1
-1
-1
-1
520
-1
-1
-1
-1
-1
-1
-1
-1
-1
-1
-1
-1
-1
-1
-1
-1
-1
-1
-1
-1
-1
226
-1
-1
-1
-1
-1
-1
-1
-1
-1
-1
-1
287
-1
-1
-1
-1
-1
-1
-1
-1
231
-1
-1
-1
-1
-1
-1
-1
-1
-1
-1
-1
-1
260
-1
-1
-1
-1
-1
-1
-1
-1
157
-1
-1
-1
-1
-1
-1
-1
-1
-1
-1
-1
-1
196
-1
-1
-1
57
100
-1
-1
-1
143
-1
-1
-1
-1
-1
-1
-1
-1
-1
-1
-1
207
23
-1
-1
-1
56
98
-1
-1
-1
136
-1
-1
-1
-1
-1
-1
-1
-1
-1
-1
-1
233
-1
-1
-1
37
30
30
74
-1
-1
134
-1
-1
-1
-1
-1
-1
-1
-1
-1
-1
193
40
-1
-1
-1
39
32
30
72
-1
-1
142
-1
-1
-1
-1
-1
-1
-1
-1
-1
-1
194
39
-1
-1
15
25
28
98
-1
-1
-1
116
-1
-1
-1
-1
-1
-1
-1
-1
-1
-1
184
43
-1
-1
18
24
28
33
-1
67
30
-1
-1
-1
-1
-1
-1
-1
-1
-1
-1
-1
208
-1
-1
-1
35
22
28
33
-1
67
144
-1
-1
-1
-1
-1
-1
-1
-1
-1
-1
-1
211
-1
-1
23
13
26
30
30
-1
67
152
-1
-1
-1
-1
-1
-1
-1
-1
-1
-1
221
-1
-1
-1
48
16
23
32
30
-1
68
123
-1
-1
-1
-1
-1
-1
-1
-1
-1
-1
213
-1
-1
-1
44
18
23
29
30
-1
75
129
