0
1415
0
0
0
0
0
0
0
1686
0
0
6
0
0
0
0
4095
1908
3045
4095
599
0
1096
0
0
0
0
0
0
0
2599
0
0
3
0
0
0
0
3692
1702
4095
0
0
0
573
0
0
0
0
0
0
0
3529
0
0
0
0
0
0
0
4095
1518
4095
0
0
0
0
0
0
0
0
0
0
0
3711
0
0
0
0
0
0
4095
481
1843
4095
0
0
0
0
0
0
0
0
0
0
998
1599
1750
0
0
0
0
0
4095
423
1730
3596
0
0
0
0
0
0
0
0
0
0
1245
1627
1687
0
0
0
0
0
4095
563
1572
3040
0
0
0
0
0
0
0
0
0
0
0
2895
1333
0
0
0
0
0
4095
447
1668
2997
0
0
0
0
0
0
0
0
0
0
0
3229
0
0
0
0
0
0
4095
449
1707
2083
0
0
0
0
0
0
0
0
0
0
1299
1872
0
0
0
0
0
0
4095
534
3585
0
0
0
1167
0
0
0
0
0
0
0
1204
0
0
0
0
4095
0
4095
810
444
2508
0
0
0
819
0
0
0
0
0
0
0
1187
0
0
0
0
4095
0
4095
643
548
1911
0
0
0
985
0
0
0
0
0
0
0
1207
0
0
0
0
4095
0
4095
764
435
1170
0
0
0
0
0
0
0
0
0
0
0
0
0
0
0
0
0
0
4095
840
464
2147
0
0
0
0
0
0
0
0
0
0
0
0
0
0
0
0
0
4095
1657
624
565
0
1764
0
0
0
0
0
0
0
0
0
0
233
0
0
0
0
0
4095
1787
757
468
0
1218
0
0
0
0
0
0
0
0
0
0
390
0
0
0
0
0
4095
1638
826
262
0
1032
0
0
0
0
0
0
0
0
0
0
260
0
0
0
0
0
4095
1639
718
0
0
503
0
0
0
0
0
0
0
0
0
0
0
0
0
0
0
0
4095
1889
726
0
259
348
0
0
0
0
0
0
0
0
0
0
0
0
0
0
0
3531
4095
1691
807
0
249
205
0
0
0
0
0
0
0
0
0
0
0
0
0
0
0
1112
4095
1660
811
0
276
156
0
0
0
0
0
0
0
0
0
0
0
0
0
0
0
1463
4095
1665
454
0
212
19
0
0
0
0
0
0
0
0
0
0
0
0
0
0
0
1713
4095
1995
0
0
78
35
0
0
0
0
0
0
0
0
163
0
0
0
0
0
0
1684
4095
1744
0
0
224
0
0
0
0
0
0
0
0
0
169
0
0
0
0
0
559
1231
4095
1650
0
8
31
0
0
0
0
0
0
165
0
0
0
0
0
0
0
0
690
4095
4095
1268
0
90
137
0
0
0
0
0
0
1149
0
0
0
0
0
0
0
0
158
4095
4095
361
0
0
165
0
0
0
0
0
0
1507
0
152
0
0
0
0
0
0
97
4095
0
357
0
78
495
0
0
0
0
0
103
1419
171
0
0
0
0
0
0
0
0
4095
0
0
354
56
625
0
0
0
0
0
1848
1398
219
0
0
0
0
0
0
0
55
2031
0
0
450
217
0
0
0
0
0
0
1709
1433
0
114
0
0
0
0
0
0
78
0
0
0
1188
126
0
0
0
0
0
0
3192
1681
0
0
0
0
0
0
0
0
494
0
0
0
995
137
0
0
0
0
0
0
3088
1373
0
0
0
0
0
0
0
0
775
0
0
1058
118
127
0
0
0
0
0
0
3135
1445
293
0
0
0
0
0
0
1206
0
0
0
1430
438
0
0
0
0
0
0
0
3342
0
322
0
0
0
0
0
0
2022
0
0
0
1468
141
0
0
0
0
0
0
0
3373
0
112
0
0
0
0
105
0
2709
0
0
1032
453
85
0
0
0
0
0
0
2433
1080
211
0
0
0
0
0
2031
0
0
0
0
1819
351
0
0
0
0
0
0
0
1742
0
325
0
0
0
0
0
0
0
2731
0
0
826
133
0
0
0
0
0
0
0
1115
0
267
0
0
0
0
96
0
1273
1720
0
0
700
30
0
0
0
0
0
0
0
0
0
0
0
0
0
0
0
230
1181
1109
0
0
757
73
0
0
0
0
0
0
0
0
0
0
0
0
0
0
0
1104
1300
0
0
0
1576
213
0
0
0
0
0
0
0
0
0
0
0
0
0
41
0
1115
656
0
0
0
1313
358
0
0
0
0
0
0
0
0
0
0
0
0
0
0
0
1115
191
0
0
0
1254
361
0
0
0
15
0
0
0
0
0
0
0
0
0
0
0
841
0
0
0
0
1128
0
0
0
0
97
0
0
0
0
0
0
0
0
0
0
0
0
0
0
0
0
698
0
0
0
0
93
0
0
0
0
0
0
0
0
12
0
0
0
0
658
0
0
0
0
0
0
0
73
0
0
0
0
0
0
0
0
11
0
0
0
0
358
0
0
0
0
0
0
8
0
0
0
0
0
0
0
0
0
0
0
0
0
0
144
0
0
0
0
0
0
14
0
0
0
0
0
0
0
0
0
20
0
0
0
0
0
0
0
0
0
0
0
9
0
0
0
0
0
0
0
0
0
0
0
0
0
0
0
0
0
0
0
0
0
0
0
0
0
0
0
0
0
0
10
0
0
0
0
0
0
0
0
0
0
0
0
0
0
0
0
0
0
0
0
0
1763
0
0
0
0
0
0
0
0
0
0
0
0
0
0
0
0
0
0
0
0
0
12
0
0
0
0
0
0
0
0
0
0
0
4095
0
0
0
0
0
0
0
0
0
23
0
0
0
0
0
0
0
0
0
0
0
0
0
0
4095
0
0
0
0
0
33
0
0
0
0
0
0
0
0
0
0
0
0
0
0
0
4095
0
0
0
0
0
145
0
0
0
0
0
0
0
0
0
0
0
0
0
0
0
4095
0
0
0
0
0
4095
0
0
0
0
0
0
0
0
0
0
0
0
0
0
0
0
0
0
0
0
0
4095
0
0
0
0
0
0
0
0
0
0
0
0
0
0
0
0
0
0
0
0
4095
0
0
0
0
0
0
0
0
0
0
0
0
0
0
0
0
0
0
0
0
0
4095
0
0
0
0
0
0
0
0
0
0
0
0
0
0
0
0
0
0
0
0
0
4095
0
0
0
0
0
0
0
0
0
0
0
0
0
0
0
0
0
0
0
0
4095
0
0
0
0
0
0
0
0
0
0
0
0
4095
0
0
0
0
0
0
0
0
103
0
0
0
0
0
0
0
0
0
0
0
0
0
0
0
0
4095
3574
0
0
0
26
0
0
0
0
0
0
0
0
0
0
0
16
0
0
0
0
4095
1186
0
0
0
122
0
0
0
0
0
0
0
0
0
0
0
76
0
0
0
4095
4095
1122
0
0
239
0
0
0
0
0
0
0
0
0
0
0
0
84
0
0
0
4095
4095
1106
49
0
0
1637
0
0
0
0
0
0
0
0
0
0
40
80
0
0
0
4095
4095
1270
0
0
1024
1140
0
0
0
0
0
0
0
0
0
0
180
0
0
0
4095
3265
4095
1165
0
1257
879
1299
0
0
0
0
0
0
0
0
0
0
224
0
0
0
3378
3424
4095
4095
0
1268
2378
0
0
0
0
0
0
0
0
0
0
0
573
0
0
1480
1621
3111
4095
4095
0
1308
1218
0
0
0
0
0
0
0
0
0
0
0
353
0
0
1760
2091
3023
4095
4095
0
0
2389
0
0
0
0
0
0
0
0
0
0
7
0
0
0
4095
1635
3254
4095
4095
0
1459
441
0
0
0
0
0
0
0
0
0
0
1696
0
0
0
4095
1524
3339
4095
1865
0
