-1
-1
-1
-1
-1
-1
-1
-1
-1
42
-1
-1
-1
23
17
23
28
34
-1
35
12
-1
-1
-1
-1
-1
-1
61
-1
-1
37
-1
-1
-1
-1
23
21
23
43
80
-1
35
-1
-1
-1
-1
-1
-1
-1
58
-1
-1
49
-1
-1
-1
-1
18
18
23
-1
-1
-1
45
-1
-1
-1
-1
-1
-1
-1
61
-1
-1
-1
-1
-1
-1
-1
36
17
25
-1
-1
-1
99
-1
-1
-1
-1
-1
-1
-1
60
-1
-1
-1
-1
-1
-1
35
6
21
59
-1
-1
-1
-1
-1
-1
-1
-1
-1
-1
-1
48
30
-1
-1
-1
-1
-1
32
5
18
75
-1
-1
-1
-1
-1
-1
-1
-1
-1
-1
47
30
30
-1
-1
-1
-1
-1
49
6
17
112
-1
-1
-1
-1
-1
-1
-1
-1
-1
-1
-1
33
24
-1
-1
-1
-1
-1
58
5
20
113
-1
-1
-1
-1
-1
-1
-1
-1
-1
-1
-1
55
-1
-1
-1
-1
-1
-1
53
5
18
126
-1
-1
-1
-1
-1
-1
-1
-1
-1
-1
22
29
-1
-1
-1
-1
-1
-1
53
6
17
-1
-1
-1
-1
-1
-1
-1
-1
-1
-1
-1
22
-1
-1
-1
-1
89
-1
19
9
5
69
-1
-1
-1
155
-1
-1
-1
-1
-1
-1
-1
23
-1
-1
-1
-1
49
-1
19
7
5
72
-1
-1
-1
76
-1
-1
-1
-1
-1
-1
-1
21
-1
-1
-1
-1
78
-1
18
8
6
36
-1
-1
-1
188
-1
-1
-1
-1
-1
-1
-1
-1
-1
-1
-1
-1
-1
-1
45
9
5
54
-1
134
-1
-1
-1
-1
-1
-1
-1
-1
-1
-1
-1
-1
-1
-1
-1
58
20
7
6
-1
22
-1
-1
-1
-1
-1
-1
-1
-1
-1
-1
13
-1
-1
-1
-1
-1
58
18
8
20
-1
52
-1
-1
-1
-1
-1
-1
-1
-1
-1
-1
25
-1
-1
-1
-1
-1
59
18
9
17
-1
67
-1
-1
-1
-1
-1
-1
-1
-1
-1
-1
13
-1
-1
-1
-1
-1
62
18
8
16
-1
42
-1
-1
-1
-1
-1
-1
-1
-1
-1
-1
-1
-1
-1
-1
-1
-1
58
21
8
-1
14
51
-1
-1
-1
-1
-1
-1
-1
-1
-1
-1
-1
-1
-1
-1
-1
30
28
18
9
-1
13
24
-1
-1
-1
-1
-1
-1
-1
-1
-1
-1
-1
-1
-1
-1
-1
30
28
18
9
-1
15
22
-1
-1
-1
-1
-1
-1
-1
-1
-1
-1
-1
-1
-1
-1
-1
39
27
21
4
-1
13
15
-1
-1
-1
-1
-1
-1
-1
-1
-1
-1
-1
-1
-1
-1
-1
49
31
19
-1
-1
13
24
-1
-1
-1
-1
-1
-1
-1
-1
3
-1
-1
-1
-1
-1
-1
48
28
19
-1
-1
15
2
-1
-1
-1
-1
-1
-1
-1
-1
3
-1
-1
-1
-1
-1
15
29
28
18
-1
2
13
4
-1
-1
-1
-1
-1
-1
-1
-1
-1
-1
-1
-1
-1
-1
15
30
28
22
-1
4
14
8
-1
-1
-1
-1
-1
2
-1
-1
-1
-1
-1
-1
-1
-1
20
30
18
19
-1
-1
15
-1
-1
-1
-1
-1
-1
23
-1
3
-1
-1
-1
-1
-1
-1
24
30
-1
42
-1
3
25
-1
-1
-1
-1
-1
-1
28
3
-1
-1
-1
-1
-1
-1
-1
-1
36
-1
-1
-1
3
30
-1
-1
-1
-1
-1
11
25
5
-1
-1
-1
-1
-1
-1
-1
8
61
-1
-1
24
3
-1
-1
-1
-1
-1
-1
53
25
-1
-1
-1
-1
-1
-1
-1
-1
22
-1
-1
-1
35
21
-1
-1
-1
-1
-1
-1
65
30
-1
-1
-1
-1
-1
-1
-1
-1
113
-1
-1
-1
31
24
-1
-1
-1
-1
-1
-1
90
25
-1
-1
-1
-1
-1
-1
-1
-1
-1
-1
-1
54
11
54
-1
-1
-1
-1
-1
-1
92
25
19
-1
-1
-1
-1
-1
-1
156
-1
-1
-1
51
15
-1
-1
-1
-1
-1
-1
-1
100
25
22
-1
-1
-1
-1
-1
-1
126
-1
-1
-1
51
41
-1
-1
-1
-1
-1
-1
-1
98
-1
4
-1
-1
-1
-1
44
-1
138
-1
-1
61
27
47
-1
-1
-1
-1
-1
-1
-1
104
-1
-1
-1
-1
-1
-1
34
-1
-1
-1
-1
60
22
42
-1
-1
-1
-1
-1
-1
91
19
12
-1
-1
-1
-1
-1
30
-1
63
-1
-1
56
22
74
-1
-1
-1
-1
-1
-1
68
-1
20
-1
-1
-1
-1
10
-1
30
63
-1
-1
58
25
-1
-1
-1
-1
-1
-1
-1
32
-1
16
-1
-1
-1
-1
-1
6
30
96
-1
-1
60
58
-1
-1
-1
-1
-1
-1
-1
-1
-1
-1
-1
-1
-1
-1
-1
30
30
-1
-1
-1
66
34
-1
-1
-1
-1
-1
-1
-1
-1
-1
-1
-1
-1
-1
7
-1
30
67
-1
-1
-1
47
36
-1
-1
-1
42
-1
-1
-1
-1
-1
-1
-1
-1
-1
-1
-1
35
-1
-1
-1
-1
80
25
-1
-1
-1
29
-1
-1
-1
-1
-1
-1
-1
-1
-1
-1
-1
25
-1
-1
-1
-1
46
-1
-1
-1
-1
53
-1
-1
-1
-1
-1
-1
-1
-1
-1
-1
-1
-1
-1
-1
106
-1
20
-1
-1
-1
-1
37
-1
-1
-1
-1
-1
-1
-1
-1
1
-1
-1
-1
-1
10
-1
-1
16
-1
-1
-1
-1
26
-1
-1
-1
-1
-1
-1
-1
-1
2
-1
-1
-1
-1
22
-1
-1
123
-1
-1
-1
8
-1
-1
-1
-1
-1
-1
-1
-1
-1
-1
-1
-1
-1
-1
17
-1
-1
-1
-1
-1
-1
9
-1
-1
-1
-1
-1
-1
-1
-1
-1
-1
-1
-1
-1
-1
-1
-1
-1
-1
-1
-1
-1
5
-1
-1
-1
-1
-1
-1
-1
-1
-1
-1
-1
-1
-1
-1
-1
-1
-1
-1
-1
-1
-1
15
-1
-1
-1
-1
-1
-1
-1
-1
1
-1
-1
-1
-1
-1
-1
-1
-1
-1
-1
-1
-1
13
-1
-1
-1
-1
-1
-1
-1
-1
-1
-1
-1
-1
-1
-1
-1
-1
-1
-1
-1
-1
-1
-1
-1
-1
-1
-1
-1
-1
-1
-1
31
-1
-1
-1
-1
-1
-1
-1
-1
-1
-1
-1
185
-1
-1
-1
-1
-1
-1
-1
-1
-1
33
-1
-1
-1
-1
-1
-1
-1
-1
-1
-1
-1
-1
-1
-1
70
-1
-1
-1
-1
-1
-1
-1
-1
-1
-1
-1
-1
-1
-1
-1
-1
-1
-1
-1
-1
-1
53
-1
-1
-1
-1
-1
20
-1
-1
-1
-1
-1
-1
-1
-1
-1
-1
-1
-1
-1
-1
-1
249
-1
-1
-1
-1
-1
28
-1
-1
-1
-1
-1
-1
-1
-1
-1
-1
-1
-1
-1
-1
-1
-1
-1
-1
-1
-1
-1
26
-1
-1
-1
-1
-1
-1
-1
-1
-1
-1
-1
-1
-1
-1
-1
-1
-1
-1
-1
-1
-1
-1
-1
-1
-1
-1
-1
-1
-1
-1
-1
-1
-1
-1
-1
-1
-1
-1
-1
-1
-1
-1
-1
-1
-1
-1
-1
-1
-1
-1
-1
-1
-1
-1
-1
-1
-1
-1
-1
-1
-1
-1
-1
-1
9
-1
-1
-1
-1
-1
-1
-1
-1
-1
-1
-1
-1
-1
-1
-1
-1
-1
-1
-1
-1
-1
-1
-1
-1
-1
-1
-1
-1
-1
-1
-1
-1
-1
137
-1
-1
-1
-1
-1
-1
-1
-1
-1
-1
-1
-1
-1
-1
-1
-1
-1
-1
-1
-1
-1
8
-1
-1
-1
207
109
-1
-1
-1
12
-1
-1
-1
-1
-1
-1
-1
-1
-1
-1
-1
4
9
-1
-1
-1
59
30
-1
-1
-1
12
-1
-1
-1
-1
-1
-1
-1
-1
-1
-1
-1
24
-1
-1
-1
36
29
30
-1
-1
-1
24
-1
-1
-1
-1
-1
-1
-1
-1
-1
-1
8
22
-1
-1
-1
38
28
31
71
-1
60
-1
-1
-1
-1
-1
-1
-1
-1
-1
-1
-1
35
25
-1
-1
-1
37
28
34
-1
-1
-1
20
-1
-1
-1
-1
-1
-1
-1
-1
-1
-1
67
-1
-1
-1
21
27
28
46
-1
-1
69
34
-1
-1
-1
-1
-1
-1
-1
-1
-1
-1
70
-1
-1
-1
25
23
33
58
-1
35
32
60
-1
-1
-1
-1
-1
-1
-1
-1
-1
-1
82
-1
-1
5
18
23
29
61
-1
36
30
-1
-1
-1
-1
-1
-1
-1
-1
-1
-1
-1
57
-1
-1
6
21
23
29
34
-1
76
30
-1
-1
-1
-1
-1
-1
-1
-1
-1
-1
45
-1
-1
-1
20
18
25
27
25
-1
-1
30
-1
-1
