4095
525
0
972
214
0
0
0
0
0
0
0
4095
0
0
1
0
0
0
0
4095
2056
4095
0
0
1718
0
0
0
0
0
0
0
0
3184
0
0
0
0
0
0
4095
1269
2211
4095
0
0
2540
0
0
0
0
0
0
0
829
3245
0
0
0
0
0
0
4095
1214
2220
1106
0
0
0
0
0
0
0
0
0
0
1413
1842
1568
0
0
0
0
0
4095
1198
2013
0
0
0
0
0
0
0
0
0
0
0
2701
1868
1928
0
0
0
0
0
4095
1352
1969
0
0
0
0
0
0
0
0
0
0
0
0
1683
0
0
0
0
0
0
4095
1162
4095
0
0
0
0
0
0
0
0
0
0
0
1733
1662
0
0
0
0
0
0
4095
1070
3740
0
0
0
0
0
0
0
0
0
0
0
1687
1017
0
0
0
4095
0
2127
183
1378
3655
0
0
0
0
0
0
0
0
0
0
0
1560
0
0
0
0
4095
0
2001
194
1100
2120
0
0
0
2715
0
0
0
0
0
0
0
1512
0
0
0
0
4095
0
2013
266
1168
855
0
0
1078
0
0
0
0
0
0
0
0
431
0
0
0
0
0
0
4095
190
794
1277
0
0
1166
0
0
0
0
0
0
0
120
0
0
0
0
4095
0
4095
1073
262
888
0
1982
0
504
0
0
0
0
0
0
0
229
122
0
0
0
0
0
4095
1229
276
933
0
1251
0
0
0
0
0
0
0
0
0
0
321
0
0
0
0
0
4095
1227
259
0
0
838
0
0
0
0
0
0
0
0
0
0
344
0
0
0
0
0
4095
1185
360
0
0
343
0
0
0
0
0
0
0
0
0
0
0
0
0
0
0
4095
3653
1189
464
0
358
438
0
0
0
0
0
0
0
0
0
343
0
0
0
0
0
4095
3432
1201
436
0
364
160
0
0
0
0
0
0
0
0
0
273
0
0
0
0
0
3331
3223
1394
508
0
326
102
0
0
0
0
0
0
0
0
0
49
0
0
0
0
0
4095
3291
1169
0
0
342
54
0
0
0
0
0
0
0
0
0
0
0
0
0
0
1169
3571
3151
1266
0
0
308
7
0
0
0
0
0
0
0
0
0
0
0
0
0
0
1259
4095
3119
1460
0
0
77
1
0
0
0
0
0
0
0
0
0
0
0
0
0
0
1157
3625
3299
1376
0
76
8
0
0
0
0
0
0
0
0
0
0
0
0
0
0
0
1215
4095
3704
836
0
180
3
0
0
0
0
0
0
477
0
0
0
0
0
0
0
0
1241
4095
2811
321
0
14
4
0
0
0
0
0
0
2745
0
0
0
0
0
0
0
0
1281
4095
1371
563
0
167
408
0
0
0
0
0
0
0
0
0
0
0
0
0
0
0
4095
4095
1333
0
0
140
633
0
0
0
0
0
2296
0
0
0
0
0
0
0
0
0
4095
0
989
0
54
159
0
0
0
0
0
0
1652
1243
0
0
0
0
0
0
0
0
4095
0
1049
0
109
88
0
0
0
0
0
0
2170
1385
0
0
0
0
0
0
0
0
4095
0
0
0
310
77
0
0
0
0
0
0
3593
1434
0
0
0
0
0
0
0
0
702
0
0
710
110
134
0
0
0
0
0
0
3505
1267
0
0
0
0
0
0
0
0
1713
0
0
727
109
0
0
0
0
0
0
0
3333
200
0
0
0
0
0
0
0
0
0
0
0
709
54
0
0
0
0
0
0
0
3372
0
0
0
0
0
0
0
0
3226
0
0
0
685
1
0
0
0
0
0
0
0
3693
158
0
0
0
0
0
152
1320
0
0
0
847
145
0
0
0
0
0
0
0
2407
343
375
0
0
0
0
0
1541
4095
0
0
0
866
239
0
0
0
0
0
0
0
2011
0
378
0
0
0
0
106
0
0
0
0
0
1320
101
0
0
0
0
0
0
0
782
0
0
0
0
0
0
0
2601
0
0
0
0
1350
294
0
0
0
0
0
0
0
0
0
0
0
0
0
0
0
1018
1859
0
0
1051
294
517
0
0
0
0
0
28
0
0
0
0
0
0
0
76
0
1099
2132
0
0
1086
183
959
0
0
0
0
0
0
0
0
0
0
0
0
0
0
212
1080
1305
0
0
1013
72
0
0
0
0
61
0
0
0
0
0
0
0
0
0
0
1082
1168
0
0
0
1112
6
0
0
0
0
62
0
0
0
0
0
0
0
0
0
0
2858
795
0
0
0
632
6
0
0
0
0
64
0
0
0
0
0
0
0
0
63
0
0
0
0
0
0
583
54
0
0
0
0
14
0
0
0
0
0
0
0
0
0
0
0
0
0
1309
0
0
64
0
0
0
80
0
0
0
0
0
0
0
0
0
0
0
0
0
0
286
0
0
0
0
0
0
82
0
0
0
0
0
0
0
0
0
0
0
0
0
0
631
0
1
0
0
0
0
68
0
0
0
0
0
0
0
0
0
0
0
0
0
0
0
0
0
0
0
0
0
12
0
0
0
0
0
0
0
0
16
0
0
0
0
0
0
0
0
0
0
0
0
0
0
0
0
0
0
0
0
0
0
0
0
0
0
0
0
0
0
0
0
0
0
0
0
0
0
0
0
0
0
0
0
0
0
0
0
0
0
0
0
0
0
0
0
0
0
4095
0
0
0
0
0
0
47
0
0
0
0
0
0
0
0
0
0
0
0
0
0
4095
0
0
0
0
0
0
0
0
0
0
0
0
0
0
0
0
0
0
0
0
0
4095
0
0
0
0
0
81
0
0
0
0
0
0
0
0
0
0
0
0
0
0
0
4095
0
0
0
0
0
52
0
0
0
0
0
0
0
0
0
0
0
0
0
0
4095
0
0
0
0
0
0
86
0
0
0
0
0
0
0
0
0
0
0
0
0
0
0
0
0
0
0
0
0
0
0
0
0
0
0
0
0
0
0
0
0
0
0
0
0
0
0
0
0
0
58
0
0
0
0
0
0
0
0
0
0
0
0
0
0
0
0
0
0
0
0
0
2
0
0
0
0
0
0
0
0
0
0
0
0
0
0
0
0
0
0
0
0
0
0
0
0
0
0
0
0
0
0
0
0
0
0
0
0
0
0
0
0
0
0
82
0
0
0
0
0
0
0
0
0
0
0
0
0
0
0
0
4095
4095
0
0
0
0
0
0
0
0
0
0
0
0
0
0
0
0
0
0
0
0
4095
506
0
0
0
0
0
0
0
0
0
0
0
0
0
0
0
9
0
0
0
0
2241
523
0
0
94
0
0
0
0
0
0
0
0
0
0
0
0
301
0
0
0
4095
1170
526
0
0
68
0
0
0
0
0
0
0
0
0
0
0
0
1511
0
0
0
4095
1171
430
0
0
76
0
0
0
0
0
0
0
0
0
0
0
70
0
0
0
2364
4095
1162
353
0
0
524
0
0
0
0
0
0
0
0
0
0
0
99
0
0
0
2368
4095
1104
0
0
0
2093
0
0
0
0
0
0
0
0
0
0
0
356
0
0
0
2486
4095
1126
0
0
0
2369
0
0
0
0
0
0
0
0
0
0
0
1098
0
0
0
2596
4095
4095
83
2628
0
1144
0
0
0
0
0
0
0
0
0
0
0
0
0
0
3372
2102
4095
4095
59
1118
1131
1132
0
0
0
0
0
0
0
0
0
0
0
0
0
0
3489
2067
4095
4095
0
1878
1133
0
0
0
0
0
0
0
0
0
0
224
0
0
0
0
4095
2354
4095
4095
0
0
1113
0
0
0
0
0
0
0
298
0
0
2
0
0
0
0
3645
2050
4095
