4095
0
0
0
1728
0
0
0
0
0
0
0
2210
0
0
0
0
0
0
0
3434
1674
3469
0
0
0
1127
0
0
0
0
0
0
0
3786
0
0
1
0
0
0
0
4095
1520
4095
0
0
0
0
0
0
0
0
0
0
0
3286
0
0
0
0
0
0
0
4095
1890
4095
0
0
0
0
0
0
0
0
0
0
0
2093
1644
0
0
0
0
0
4095
449
1612
3102
0
0
0
0
0
0
0
0
0
0
1200
1670
1709
0
0
0
0
0
4095
553
1560
3483
0
0
0
0
0
0
0
0
0
0
0
3029
1709
0
0
0
0
0
4095
445
1815
2024
0
0
0
0
0
0
0
0
0
0
0
3429
334
0
0
0
0
0
4095
463
1574
2003
0
0
0
0
0
0
0
0
0
0
1204
1658
0
0
0
0
0
0
4095
550
1529
0
0
0
1111
0
0
0
0
0
0
0
1263
672
0
0
0
4095
0
4095
820
433
2628
0
0
0
887
0
0
0
0
0
0
0
1212
0
0
0
0
4095
0
4095
628
535
2235
0
0
0
1003
0
0
0
0
0
0
0
1384
0
0
0
0
4095
0
4095
729
462
1219
0
0
0
1008
0
0
0
0
0
0
0
226
0
0
0
0
4095
0
4095
846
469
1108
0
0
0
0
0
0
0
0
0
0
0
46
0
0
0
0
0
4095
1857
632
2402
0
1041
0
0
0
0
0
0
0
0
0
0
65
0
0
0
0
0
4095
1617
743
697
0
829
0
0
0
0
0
0
0
0
0
0
409
0
0
0
0
0
4095
1638
834
711
0
397
0
0
0
0
0
0
0
0
0
0
366
0
0
0
0
0
4095
1650
703
298
0
295
0
0
0
0
0
0
0
0
0
0
0
0
0
0
0
0
4095
1896
727
0
254
321
0
0
0
0
0
0
0
0
0
0
0
0
0
0
0
4095
4095
1657
824
0
243
149
0
0
0
0
0
0
0
0
0
0
0
0
0
0
0
1191
4095
1643
791
0
270
105
0
0
0
0
0
0
0
0
0
0
0
0
0
0
0
1246
4095
1812
836
0
234
27
0
0
0
0
0
0
0
0
0
0
0
0
0
0
0
1655
4095
1873
0
0
134
5
0
0
0
0
0
0
0
0
160
0
0
0
0
0
0
1786
4095
1727
0
0
229
0
0
0
0
0
0
0
0
0
162
0
0
0
0
0
0
1830
4095
1717
0
0
63
0
0
0
0
0
0
0
0
0
107
0
0
0
0
0
551
3894
4095
1785
0
55
116
0
0
0
0
0
0
732
0
0
0
0
0
0
0
0
344
4095
4095
343
0
47
219
0
0
0
0
0
0
1607
0
0
0
0
0
0
0
0
90
4095
0
333
0
47
356
0
0
0
0
0
0
1411
0
166
0
0
0
0
0
0
0
4095
0
0
397
63
670
0
0
0
0
0
1403
1354
238
0
0
0
0
0
0
0
0
4095
0
0
400
401
0
0
0
0
0
0
1750
1574
0
217
0
0
0
0
0
0
65
544
0
0
532
96
0
0
0
0
0
0
2537
1572
0
0
0
0
0
0
0
0
258
0
0
0
1208
128
0
0
0
0
0
0
3061
1412
0
0
0
0
0
0
0
0
733
0
0
1023
13
147
0
0
0
0
0
0
3276
1442
193
0
0
0
0
0
0
640
0
0
0
1466
298
177
0
0
0
0
0
0
3331
552
374
0
0
0
0
0
0
1778
0
0
0
1458
216
0
0
0
0
0
0
0
3399
0
205
0
0
0
0
0
0
2564
0
0
0
1638
178
0
0
0
0
0
0
0
3806
70
0
0
0
0
0
2267
0
0
0
0
1790
382
0
0
0
0
0
0
0
1964
0
340
0
0
0
0
0
0
0
2946
0
0
943
201
0
0
0
0
0
0
0
1419
0
324
0
0
0
0
96
0
1076
1542
0
0
663
55
0
0
0
0
0
0
0
0
0
366
0
0
0
0
0
0
1111
1357
0
0
758
12
0
0
0
0
0
0
0
0
0
0
0
0
0
0
0
940
1331
0
0
0
1738
122
0
0
0
0
0
0
0
0
0
0
0
0
0
28
0
1151
1060
0
0
0
1374
312
0
0
0
0
0
0
0
0
0
0
0
0
0
41
0
1147
173
0
0
0
1261
355
0
0
0
93
0
0
0
0
0
0
0
0
0
0
0
1283
0
0
0
0
1454
0
0
0
0
110
0
0
0
0
0
0
0
0
0
0
0
0
0
0
0
0
707
0
0
0
0
96
0
0
0
0
0
0
0
0
0
0
0
0
0
0
0
0
679
0
0
0
0
25
0
0
0
0
0
0
0
0
39
0
0
0
0
448
0
0
0
0
0
0
0
0
0
0
0
0
0
0
0
0
0
0
0
0
0
205
0
0
0
0
0
0
17
0
0
0
0
0
0
0
0
0
0
0
0
0
0
56
0
0
0
0
0
0
10
0
0
0
0
0
0
0
0
14
0
0
0
0
0
0
0
0
0
0
0
0
5
0
0
0
0
0
0
0
0
0
0
0
0
0
0
0
0
0
0
0
0
0
0
0
0
0
0
0
0
0
0
21
0
0
0
0
0
0
0
0
0
0
0
0
0
0
0
0
0
0
0
0
0
60
0
0
0
0
0
0
0
0
0
0
0
4095
0
0
4095
0
0
0
0
0
0
19
0
0
0
0
0
0
0
0
0
0
0
13
0
0
4095
0
0
0
0
0
0
21
0
0
0
0
0
0
0
0
0
0
0
0
0
0
4095
0
0
0
0
0
83
0
0
0
0
0
0
0
0
0
0
0
0
0
0
0
4095
0
0
0
0
0
79
0
0
0
0
0
0
0
0
0
0
0
0
0
0
0
0
0
0
0
0
0
4095
0
0
0
0
0
0
0
0
0
0
0
0
0
0
0
0
0
0
0
0
4095
12
0
0
0
0
0
0
0
0
0
0
0
0
0
0
0
0
0
0
0
0
4095
0
0
0
0
0
0
0
0
0
0
0
0
0
0
0
0
0
0
0
0
0
4095
0
0
0
0
0
0
0
0
0
0
0
0
0
0
0
0
0
0
0
0
4095
0
0
0
0
0
0
0
0
0
0
0
0
4095
0
0
0
0
4095
0
0
0
112
0
0
0
0
0
0
0
0
0
0
0
0
2895
0
0
0
4095
1134
0
0
0
10
0
0
0
0
0
0
0
0
0
0
0
0
3236
0
0
0
4095
1114
0
0
0
59
0
0
0
0
0
0
0
0
0
0
0
52
0
0
0
4095
4095
1139
0
0
203
0
0
0
0
0
0
0
0
0
0
0
0
82
0
0
0
4095
4095
1137
0
0
0
1018
0
0
0
0
0
0
0
0
0
0
12
81
0
0
0
4095
4095
1301
0
0
0
2243
0
0
0
0
0
0
0
0
0
0
147
26
0
0
4095
3651
4095
3740
0
1125
917
1171
0
0
0
0
0
0
0
0
0
0
168
0
0
0
3103
3093
4095
4095
0
1509
2355
0
0
0
0
0
0
0
0
0
0
0
490
0
0
0
3149
3132
4095
4095
0
1543
1517
0
0
0
0
0
0
0
0
0
0
0
611
0
0
1726
1986
3013
4095
4095
0
0
2567
0
0
0
0
0
0
0
0
0
0
2
0
0
0
3452
1637
3608
4095
4095
0
1704
964
0
0
0
0
0
0
0
0
0
0
1009
0
0
0
4095
1541
2963
4095
0
0
1856
0
0
0
0
0
0
0
1639
0
0
4
0
0
0
0
4095
1895
3079
