0
0
0
0
0
1412
0
2
0
0
0
0
2692
0
0
0
0
0
962
0
0
0
0
0
0
0
0
1371
0
5
0
0
0
2630
3059
0
0
0
0
332
0
0
0
0
0
0
0
0
0
1498
0
2
0
0
0
3768
0
0
0
0
0
626
0
0
0
0
0
0
0
0
0
1627
0
0
0
0
0
3932
0
0
0
95
0
604
0
0
0
0
0
0
0
0
2795
1221
0
0
0
0
0
3975
0
0
0
530
0
594
0
0
0
0
0
0
0
0
0
0
0
0
0
0
2829
4013
0
0
1305
1305
790
183
0
0
0
0
0
0
0
0
0
1090
0
0
0
0
2833
4012
0
0
1798
1339
787
180
0
0
0
0
0
0
0
164
0
0
0
0
0
920
3309
4007
0
0
1933
1431
864
223
0
0
0
0
0
0
0
160
0
0
0
0
0
1865
3801
0
0
0
1962
1438
873
204
0
0
0
0
0
0
0
119
0
0
0
0
0
0
3467
0
0
0
1870
1325
795
179
0
0
0
0
0
0
0
106
0
0
0
0
0
0
3422
0
0
0
1819
1307
764
190
0
0
0
0
0
0
0
117
0
0
0
0
4095
0
2918
0
0
0
491
0
515
153
0
0
0
0
0
0
0
0
0
0
0
0
0
2865
0
0
0
351
0
486
1016
86
86
9
0
0
0
0
0
0
0
0
0
0
0
2925
0
0
0
0
400
0
578
87
87
5
0
0
0
0
0
0
0
0
0
0
1573
3394
0
0
0
0
352
754
162
58
58
0
0
0
0
0
0
0
0
0
0
0
1590
3295
0
0
0
0
328
503
80
80
62
0
0
0
0
0
0
0
0
0
0
0
2034
0
0
0
0
0
0
29
29
29
0
0
0
0
0
0
0
0
0
0
0
0
2158
0
0
0
0
0
0
29
29
29
0
0
0
0
0
0
0
0
0
0
0
0
2702
0
0
0
0
0
0
6
6
0
0
0
0
0
0
0
0
0
0
0
0
0
2574
0
0
0
0
0
0
15
15
0
0
0
0
0
0
0
0
0
0
0
0
0
2085
0
0
0
0
0
0
0
0
0
0
0
0
0
0
0
0
0
0
0
0
0
0
0
0
0
0
0
0
0
0
0
0
0
0
0
0
0
0
0
0
0
0
0
0
0
0
0
0
0
0
0
0
0
0
0
0
0
0
0
0
0
0
0
0
0
0
0
0
0
0
0
0
0
0
0
0
0
0
0
0
0
0
0
0
0
0
0
0
0
0
0
0
0
230
230
230
230
230
230
230
0
0
0
0
0
0
0
0
0
0
0
0
0
0
0
0
0
0
0
0
0
0
0
0
0
0
0
0
0
0
0
0
0
0
264
0
0
0
0
0
0
0
0
1342
0
0
0
0
0
0
0
0
0
0
3694
0
309
0
53
0
0
0
0
0
0
1466
0
0
0
0
0
0
0
0
3
0
0
0
270
0
0
0
0
0
0
0
0
1281
0
0
0
0
0
0
0
0
8
0
0
412
700
0
0
0
0
0
0
4
4
0
0
0
0
0
0
0
0
0
204
350
0
414
0
0
0
0
0
0
0
2
1701
0
0
0
0
0
0
0
0
54
260
494
0
410
0
219
0
0
0
0
6
11
1692
0
0
0
0
0
0
0
0
84
330
549
1027
1496
0
0
0
0
0
0
5
8
1680
0
0
29
29
29
29
29
0
265
461
992
1500
1885
0
0
0
0
0
0
10
12
1723
0
0
0
0
0
0
0
119
357
0
549
1111
0
0
0
0
0
0
0
110
114
2003
0
0
0
0
0
0
0
0
586
0
556
1100
0
0
0
0
0
0
0
557
559
0
0
0
0
0
0
0
0
1015
591
0
600
1075
0
0
0
0
0
0
21
331
334
0
0
0
0
0
0
0
0
1868
551
0
566
1060
0
0
0
0
0
0
134
135
137
0
0
0
0
0
0
0
0
0
585
0
520
0
0
0
0
0
0
0
74
75
75
0
0
0
0
0
0
0
0
0
655
0
544
0
0
0
0
0
0
0
0
0
0
0
0
0
0
0
0
0
0
0
605
0
568
0
153
0
0
0
0
0
0
0
0
0
0
0
0
0
0
0
0
0
567
0
530
0
0
0
0
0
0
0
0
0
0
0
0
0
0
0
0
0
0
0
0
573
1198
0
0
0
0
0
0
0
0
0
0
0
0
0
0
0
0
0
0
0
0
557
1117
0
0
0
0
0
0
0
0
0
0
0
0
0
0
0
886
886
0
0
0
0
451
0
0
0
0
0
0
0
0
0
0
0
0
0
0
0
0
0
0
0
0
0
0
74
0
0
0
0
0
0
0
0
0
0
0
0
0
0
0
0
0
0
0
0
0
0
0
0
0
0
0
0
0
0
0
0
0
0
0
0
0
0
0
0
0
304
304
0
0
0
0
0
0
0
0
0
0
0
0
0
0
0
0
0
0
0
0
0
0
0
0
0
0
0
0
0
0
0
0
0
0
0
0
0
0
0
0
0
0
0
0
0
0
0
0
0
0
0
0
0
0
0
0
0
0
0
0
0
0
0
0
0
0
0
0
0
0
1467
1467
1467
0
0
0
0
0
0
0
15
15
15
15
15
0
0
0
0
0
0
0
4095
4095
4095
0
0
0
0
0
0
0
0
0
0
0
0
0
0
0
0
0
0
0
0
0
0
0
0
0
0
0
0
62
62
62
62
62
32
0
0
0
0
0
0
0
0
0
2347
0
0
0
0
0
0
145
145
145
145
145
84
0
0
0
0
0
0
0
0
0
0
0
0
0
0
0
0
58
58
58
58
58
3
0
0
0
0
0
0
0
0
487
126
0
0
0
0
0
0
33
33
33
33
33
0
0
0
0
0
0
0
0
0
1683
0
0
0
0
0
0
0
11
11
11
11
0
0
0
0
0
0
0
0
0
0
1863
4069
4069
4069
4069
4069
4069
11
15
15
15
15
0
0
0
0
0
0
0
0
0
0
1729
4080
4080
4080
4080
4080
4080
15
1
1
1
1
0
0
0
0
0
0
0
0
0
593
2175
4095
4095
4095
4095
4095
0
1
0
0
0
0
0
0
0
0
0
0
0
0
0
785
2430
4084
4084
4084
4084
4084
0
0
0
0
0
0
0
0
0
0
0
0
0
0
0
785
2362
3993
4084
4084
4084
4084
0
0
0
0
0
0
0
0
0
0
0
0
0
0
0
923
2488
75
0
0
0
0
0
0
0
0
0
0
0
0
0
0
0
0
0
0
0
1707
0
0
0
0
0
0
0
0
0
0
0
0
0
0
0
0
0
0
0
0
209
2028
0
0
0
0
46
0
0
0
0
0
0
0
0
0
0
0
0
0
0
0
304
1226
0
0
0
0
70
0
0
0
0
0
0
0
0
0
2
2
2
0
0
0
1181
0
0
0
36
0
245
0
0
0
0
0
0
0
0
0
3
25
25
0
0
0
2301
0
0
0
151
0
1117
0
0
0
0
0
0
0
0
1
2
796
796
0
0
0
2530
0
0
10
0
170
1277
0
0
0
0
0
0
0
0
0
1
446
446
0
0
2126
0
0
0
0
0
0
1146
0
0
0
0
0
0
0
0
0
3
3
3
3
3
3170
0
0
0
0
0
0
0
0
0
0
0
0
0
0
0
1001
1002
1002
1002
1002
1002
3277
0
0
0
0
0
0
448
0
0
0
