0
0
0
0
0
0
0
1329
0
2
0
0
0
0
2590
0
0
0
4095
0
924
0
0
0
0
0
0
0
0
1336
0
4
0
0
0
0
2607
0
0
2169
0
307
0
0
0
0
0
0
0
0
0
1400
0
3
0
0
0
2746
3908
0
0
0
0
691
0
0
0
0
0
0
0
0
0
1581
0
0
0
0
0
3314
0
0
0
63
0
607
0
0
0
0
0
0
0
0
0
0
0
0
0
0
0
3576
0
0
0
1316
799
175
0
0
0
0
0
0
0
0
0
0
0
0
0
0
1988
3819
0
0
0
1329
783
190
0
0
0
0
0
0
0
0
1588
0
0
0
0
0
2220
3847
0
0
1794
1413
820
187
0
0
0
0
0
0
0
0
0
0
0
0
0
453
2682
3885
0
0
1890
1347
822
215
0
0
0
0
0
0
0
323
0
0
0
0
0
1764
3566
3901
0
0
1818
1310
836
189
0
0
0
0
0
0
0
301
0
0
0
0
0
0
3246
0
0
0
1866
1335
838
165
0
0
0
0
0
0
0
291
0
0
0
0
0
0
3394
0
0
0
580
0
560
1156
0
0
0
0
0
0
0
275
0
0
0
0
0
0
3366
0
0
0
532
0
546
1165
3
3
0
0
0
0
0
241
0
0
0
0
0
1714
3677
0
0
0
530
0
521
120
120
40
0
0
0
0
0
240
240
0
0
0
0
2057
0
0
0
0
416
0
533
135
135
36
0
0
0
0
0
224
0
0
0
0
0
2040
0
0
0
0
431
704
168
51
51
0
0
0
0
0
0
0
0
0
0
0
0
2199
0
0
0
0
411
579
46
46
43
0
0
0
0
0
0
0
0
0
0
0
0
2035
0
0
0
0
406
42
42
42
0
0
0
0
0
0
0
0
0
0
0
0
0
0
0
0
0
0
0
80
80
80
0
0
0
0
0
0
0
0
0
0
0
0
0
0
0
0
0
0
0
0
0
0
0
0
0
0
0
0
0
0
0
0
0
0
0
0
0
0
0
0
0
0
0
0
0
0
0
0
0
0
0
0
0
0
0
0
306
0
0
0
0
0
0
0
0
0
0
0
0
0
128
128
0
0
0
0
0
0
510
0
0
0
0
0
0
0
0
0
0
0
0
0
0
0
0
0
0
0
0
0
0
0
0
0
0
0
0
0
0
0
0
0
0
0
0
0
0
0
0
0
0
0
0
0
0
0
0
0
0
0
0
0
0
0
0
0
0
0
0
0
0
0
0
0
0
0
0
0
0
0
0
0
0
0
0
0
0
0
0
0
0
0
0
0
0
0
0
0
0
0
0
0
0
0
0
0
0
0
0
0
0
0
0
0
0
0
0
0
0
0
0
0
0
0
0
0
0
0
0
0
1191
0
0
0
0
0
0
0
0
0
0
395
0
205
0
0
0
0
0
0
0
0
0
0
0
0
0
0
0
0
0
0
0
0
415
638
0
0
0
0
0
0
1
1
0
0
0
0
0
0
0
0
0
12
0
0
406
631
0
0
0
0
0
0
3
3
0
0
0
0
0
0
0
0
0
165
351
0
412
0
0
0
0
0
0
0
1
1901
0
0
0
0
0
0
0
0
48
216
470
0
450
0
87
0
0
0
0
0
4
1768
0
0
0
0
0
0
0
0
76
158
0
511
877
0
0
0
0
0
0
0
2
1773
0
0
0
0
0
0
0
0
353
562
0
503
890
0
0
0
0
0
0
0
3
1692
0
0
0
0
0
0
0
0
0
545
0
487
0
0
0
0
0
0
0
220
222
1969
0
0
0
0
0
0
0
0
521
0
545
1021
0
0
0
0
0
0
0
621
625
0
0
0
0
0
0
0
0
1719
515
0
572
1072
0
0
0
0
0
0
16
258
261
0
0
0
0
0
0
0
0
0
1235
645
0
460
0
0
0
0
0
0
108
108
111
0
0
0
0
0
0
0
0
0
521
0
602
1088
0
0
0
0
0
0
59
59
59
59
0
0
0
0
0
0
0
0
630
0
602
0
0
0
0
0
0
0
0
0
0
0
0
0
0
0
0
0
0
0
538
0
558
1063
0
0
0
0
0
0
0
0
0
0
0
0
0
0
0
0
0
0
564
0
570
1053
363
0
0
0
0
0
0
0
0
0
0
0
0
0
0
0
0
0
0
546
1107
0
0
0
0
0
0
0
0
0
0
0
0
0
0
0
1115
1115
0
0
0
556
1157
0
0
0
0
0
0
0
0
0
0
0
0
0
0
0
1104
1104
0
0
0
542
0
0
0
0
0
0
30
0
0
0
0
0
0
0
0
0
0
0
0
0
0
0
0
0
0
0
0
0
0
0
0
0
0
0
0
0
0
0
0
0
0
0
0
0
0
0
0
0
0
0
0
0
0
0
0
0
0
0
0
315
315
315
315
315
315
0
0
1
1
1
1
1
0
0
0
0
0
0
0
0
0
0
0
0
0
0
0
0
0
0
0
0
0
0
0
0
0
0
0
0
0
0
0
0
0
0
0
0
0
0
0
0
0
0
0
0
0
0
0
0
0
0
0
0
0
0
0
0
0
0
0
0
0
0
0
0
0
1461
1461
1461
0
0
0
0
0
0
0
10
10
10
10
10
0
2
2
2
2
2
2
4093
4093
4093
0
0
0
0
0
0
38
38
38
38
38
38
16
0
0
0
0
0
0
0
0
0
0
0
0
0
0
0
44
44
44
44
44
19
0
0
0
0
0
0
0
0
0
1825
0
0
0
0
0
0
63
63
63
63
63
24
0
0
0
0
0
0
0
0
0
2242
0
0
0
0
4084
4084
11
11
11
11
11
0
0
0
0
0
0
0
0
0
0
2169
4084
4084
4084
4084
4095
0
46
46
46
46
46
0
0
0
0
0
0
0
0
0
1232
2768
4095
4095
4095
4095
4093
0
0
0
0
0
0
0
0
0
0
0
0
0
0
0
1226
2715
4093
4093
4093
4093
4090
0
0
0
0
0
0
0
0
0
0
0
0
0
0
0
1138
2655
4090
4090
4090
4090
4095
0
0
0
0
0
0
0
0
0
0
0
0
0
0
0
1212
2726
4095
4095
4095
4095
0
0
0
0
0
0
0
0
0
0
0
0
0
4095
4095
2939
1524
0
4095
4095
4095
4095
0
0
0
0
0
0
0
0
0
0
0
0
0
4095
4095
0
1602
3491
0
0
0
0
0
0
0
0
0
0
0
0
0
0
0
0
3
3
3
1285
2040
0
0
0
0
27
0
0
0
0
0
0
0
0
0
0
0
0
0
0
0
2610
0
0
0
0
0
0
0
0
0
0
0
0
0
0
0
3
3
0
0
0
271
2477
0
0
0
0
49
0
0
0
0
0
0
0
0
0
1
7
7
0
0
0
666
2683
0
0
11
0
79
0
0
0
0
0
0
0
0
0
2
8
8
0
0
0
1440
0
0
0
33
0
182
0
0
0
0
0
0
0
0
0
6
9
9
0
0
0
1805
0
0
0
0
203
0
0
0
0
0
0
0
0
0
0
2
612
612
0
0
0
0
0
0
2788
0
224
0
0
0
0
0
0
0
0
0
0
3
551
551
0
0
856
0
0
0
0
0
0
1198
0
0
0
0
0
0
0
0
0
4
4
4
4
4
2313
0
0
0
0
0
0
0
0
0
0
0
0
0
0
0
1186
1189
1189
1189
1189
1189
3536
0
0
0
0
0
0
0
0
