0
366
0
0
0
0
0
0
0
0
0
1431
2
0
1
0
0
0
3699
0
0
0
0
0
614
0
0
0
0
0
0
0
0
0
0
0
0
0
0
0
3755
0
0
0
0
0
1760
0
0
0
0
0
0
0
0
0
0
0
0
0
0
1191
3885
0
0
0
0
0
0
0
0
0
0
0
0
0
0
0
0
0
0
0
0
2184
3902
0
0
0
0
0
0
0
0
0
0
0
0
0
0
0
0
0
0
0
0
2376
0
0
0
0
0
0
0
0
0
0
0
0
0
0
1131
0
0
0
0
0
1130
3417
0
0
0
0
0
0
0
0
0
0
0
0
0
0
1147
0
0
0
0
0
1875
3719
0
0
0
0
0
0
0
0
0
0
0
0
0
0
1348
0
0
0
0
-1201
2142
3705
0
0
0
0
0
0
626
0
0
0
0
0
0
0
1367
0
0
0
0
-5817
2156
3516
0
0
0
0
0
546
1182
0
0
0
0
0
0
0
0
0
0
0
0
8752
0
0
0
0
0
0
0
627
0
0
0
0
0
0
0
0
0
0
0
0
0
0
0
0
0
0
0
0
511
0
0
0
0
0
0
0
0
0
0
0
0
0
0
0
0
0
0
0
0
422
0
0
0
0
0
0
0
0
0
0
0
0
0
0
0
0
3100
0
0
0
0
394
0
0
0
0
0
0
0
0
0
0
0
0
0
0
0
0
2893
0
0
0
0
378
0
0
0
0
0
0
0
0
0
0
0
0
0
0
0
1995
0
0
0
0
0
0
0
0
0
0
0
0
0
0
0
0
0
0
0
0
0
1953
0
0
0
0
0
0
0
0
0
0
0
0
0
0
0
0
0
0
0
0
0
2553
0
0
0
0
0
0
0
0
0
0
0
0
0
0
0
0
0
0
0
0
0
2448
0
0
0
0
0
0
0
0
0
0
0
0
0
0
0
0
0
0
0
0
0
0
0
0
0
0
0
0
0
0
0
0
0
0
0
0
0
0
0
0
0
0
0
0
0
0
0
0
0
0
0
0
0
0
0
0
0
0
0
0
0
0
0
0
0
0
0
0
0
0
0
0
0
0
0
0
0
0
0
0
0
0
0
0
0
0
0
0
0
0
0
0
0
0
0
0
0
0
0
0
556
556
0
0
0
0
0
0
0
0
0
0
0
0
0
0
0
0
0
0
0
0
336
336
0
0
0
0
0
0
0
0
0
0
0
0
0
0
0
0
0
0
0
0
0
0
0
0
0
0
0
0
0
0
0
0
0
0
0
0
0
0
0
0
0
0
0
0
0
0
0
0
0
0
0
0
0
0
0
0
0
0
0
0
0
2
2
0
0
0
0
0
0
0
0
0
0
0
0
0
0
0
0
0
0
0
0
5
5
0
0
0
0
0
0
0
0
0
16
0
0
0
0
0
0
0
0
0
0
4
1779
0
0
0
0
0
0
0
0
0
179
0
0
338
0
0
0
0
0
0
4
7
1719
0
0
0
0
0
0
0
0
55
275
0
0
330
0
0
0
0
0
0
4
1261
2795
0
0
0
0
0
0
0
0
0
0
0
0
365
0
0
0
0
0
0
5
1178
2803
0
0
0
0
0
0
0
0
73
0
0
476
807
0
0
0
0
0
0
75
1498
0
0
0
0
0
0
0
0
162
317
0
0
472
0
0
0
0
0
0
0
21
1440
0
0
0
0
0
0
0
0
297
0
0
0
588
0
0
0
0
0
0
161
162
1573
0
0
0
0
0
0
0
0
0
0
0
0
523
0
0
0
0
0
0
723
726
2123
0
0
0
0
0
0
0
0
0
0
0
557
0
0
0
0
0
0
0
0
2
2868
0
0
0
0
0
0
0
0
0
0
0
545
0
0
0
0
0
0
0
384
0
0
0
0
0
0
0
0
0
0
0
0
0
516
0
0
0
0
0
0
0
384
1
0
0
0
0
0
0
0
0
0
0
0
0
577
0
0
0
0
0
0
0
0
0
0
0
0
0
0
0
0
0
0
0
0
0
563
0
0
0
0
0
0
0
0
0
0
0
0
0
0
0
0
0
0
0
0
0
501
0
0
0
0
0
0
0
0
0
0
0
0
0
0
0
0
0
0
0
0
616
1173
0
0
0
0
0
0
0
0
0
0
0
0
0
0
0
0
0
0
0
0
0
423
0
0
0
0
0
0
0
0
0
0
0
0
0
0
0
0
0
0
0
181
644
0
0
0
0
0
0
0
0
0
0
0
0
0
0
0
0
0
0
0
0
193
0
0
0
0
0
0
0
0
0
0
0
0
0
0
0
0
0
0
0
0
0
0
0
0
0
0
0
0
8
0
0
0
0
0
0
0
0
0
0
0
0
0
0
0
0
0
0
0
0
0
0
0
0
0
0
0
0
0
0
0
0
0
0
0
0
0
0
0
0
0
0
0
0
0
0
0
0
0
0
0
0
0
0
0
0
0
0
0
0
0
0
0
0
0
0
0
0
0
0
0
0
0
0
0
0
0
0
0
0
0
0
0
0
0
0
0
0
0
-233
0
0
0
0
0
0
0
0
0
0
0
0
0
0
0
0
0
0
0
0
0
-7392
0
0
0
0
0
0
0
0
0
0
0
0
0
0
0
0
0
0
0
0
0
9864
0
0
0
0
0
0
0
0
0
0
0
0
0
0
0
0
0
0
0
0
0
0
0
0
0
0
0
0
0
0
0
0
0
0
0
0
0
0
0
0
0
0
1378
0
0
0
0
0
0
0
0
0
0
0
0
0
0
0
0
0
0
0
0
323
2185
0
0
0
0
0
0
0
0
0
0
0
0
0
0
0
0
0
0
0
0
0
0
0
0
0
0
0
0
0
0
0
0
0
0
0
0
0
0
0
0
0
0
0
0
0
0
0
0
0
0
0
0
0
0
0
0
0
0
0
0
0
0
0
0
0
0
-7666
0
0
0
0
0
0
0
0
0
0
0
0
0
0
0
0
0
0
0
-5164
-8705
-6498
-389
0
0
0
0
0
0
0
0
0
0
0
0
0
0
0
0
0
0
-5254
-7319
-5423
-413
0
0
0
0
0
0
0
0
0
0
0
0
0
0
0
0
0
0
-4263
-6679
26286
968
0
0
0
0
0
0
0
0
0
0
0
0
0
0
0
0
0
0
18930
26458
0
0
0
54
0
0
0
0
0
0
0
0
0
0
0
0
0
0
0
0
1480
0
0
0
0
69
0
0
0
0
0
0
0
0
0
1
1
1
0
0
0
0
730
0
0
0
0
209
0
0
0
0
0
0
0
0
0
2
2
2
0
0
0
2574
0
0
0
0
0
1094
0
0
0
0
0
0
0
0
0
4
4
0
0
0
0
2515
0
0
0
0
0
770
0
0
0
0
0
0
0
0
1
2
121
0
0
0
1169
0
0
0
0
0
219
0
0
0
0
0
0
0
0
0
1
7
141
0
0
0
1772
0
0
0
0
0
0
0
0
0
0
0
0
0
0
0
0
507
507
0
0
0
1445
0
0
0
0
0
0
0
0
0
0
0
0
0
0
0
0
0
0
0
0
0
0
0
0
0
0
0
0
0
0
0
0
0
0
0
0
0
113
722
0
0
0
293
0
0
0
0
0
0
0
0
0
0
0
0
0
0
0
0
0
0
0
0
0
3284
0
0
0
0
