-1
-1
-1
11
27
92
28
-1
-1
30
-1
-1
-1
-1
-1
-1
-1
-1
43
-1
-1
-1
-1
-1
-1
11
87
53
16
-1
-1
42
-1
-1
-1
-1
-1
-1
-1
15
30
-1
-1
-1
-1
-1
-1
12
13
23
-1
-1
-1
-1
-1
-1
-1
-1
-1
-1
-1
27
56
29
-1
-1
-1
-1
-1
45
6
27
-1
-1
-1
-1
-1
-1
-1
-1
-1
-1
-1
82
83
60
-1
-1
-1
-1
-1
41
16
25
-1
-1
-1
-1
-1
-1
-1
-1
-1
-1
-1
-1
54
-1
-1
-1
-1
-1
-1
43
63
22
-1
-1
-1
-1
-1
-1
-1
-1
-1
-1
-1
29
30
-1
-1
-1
29
-1
54
13
81
25
-1
-1
-1
-1
-1
-1
-1
-1
-1
-1
-1
25
22
-1
-1
-1
33
-1
85
12
13
53
-1
-1
-1
10
-1
-1
-1
-1
-1
-1
-1
58
39
-1
-1
-1
59
-1
68
51
15
33
-1
-1
-1
85
-1
-1
-1
-1
-1
-1
-1
25
-1
-1
-1
-1
-1
-1
52
56
13
22
-1
-1
66
-1
-1
-1
-1
-1
-1
-1
-1
-1
-1
-1
-1
29
-1
28
37
39
141
-1
104
-1
88
-1
-1
-1
-1
-1
-1
-1
18
-1
-1
-1
-1
30
-1
69
50
38
14
-1
33
-1
-1
-1
-1
-1
-1
-1
-1
-1
3
10
33
-1
-1
-1
-1
126
21
2
-1
-1
30
-1
-1
-1
-1
-1
-1
-1
-1
-1
-1
55
-1
-1
-1
-1
-1
33
19
56
32
-1
40
-1
-1
-1
-1
-1
-1
-1
-1
-1
-1
41
-1
-1
-1
-1
29
51
36
2
-1
52
29
-1
-1
-1
-1
-1
-1
-1
-1
-1
3
-1
-1
-1
-1
-1
30
29
13
3
-1
19
31
-1
-1
-1
-1
-1
-1
-1
-1
-1
18
-1
-1
-1
-1
-1
30
28
12
3
-1
34
47
-1
-1
-1
-1
-1
-1
-1
-1
-1
17
-1
-1
-1
-1
-1
39
21
13
-1
-1
20
54
-1
-1
-1
-1
-1
-1
-1
-1
-1
3
-1
-1
-1
-1
-1
47
20
14
-1
-1
72
28
-1
-1
-1
-1
-1
-1
-1
-1
16
-1
-1
-1
-1
-1
-1
31
38
15
-1
-1
50
5
-1
-1
-1
-1
-1
-1
-1
-1
-1
-1
-1
-1
-1
-1
13
33
21
24
-1
8
22
2
-1
-1
-1
-1
-1
-1
-1
-1
35
-1
-1
-1
-1
-1
13
26
22
15
-1
13
79
-1
-1
-1
-1
-1
-1
-1
-1
-1
-1
-1
-1
-1
-1
-1
38
26
26
14
-1
6
18
-1
-1
-1
-1
-1
-1
13
-1
-1
-1
-1
-1
-1
-1
-1
65
26
37
13
-1
13
19
-1
-1
-1
-1
-1
-1
21
-1
14
-1
-1
-1
-1
-1
-1
73
57
15
-1
-1
42
21
-1
-1
-1
-1
-1
16
22
-1
-1
-1
-1
-1
-1
-1
-1
45
-1
29
-1
5
9
-1
-1
-1
-1
-1
-1
24
-1
-1
89
-1
-1
-1
-1
-1
-1
29
-1
-1
-1
19
4
-1
-1
-1
-1
-1
-1
50
49
-1
-1
-1
-1
-1
-1
-1
-1
25
-1
-1
-1
7
2
-1
-1
-1
-1
-1
-1
55
22
-1
-1
-1
-1
-1
-1
-1
-1
117
-1
-1
42
57
3
-1
-1
-1
-1
-1
-1
30
121
33
-1
-1
-1
-1
-1
-1
-1
-1
-1
-1
64
5
-1
-1
-1
-1
-1
-1
-1
104
23
23
-1
-1
-1
-1
-1
-1
-1
-1
-1
-1
17
6
-1
-1
-1
-1
-1
-1
-1
31
18
-1
-1
-1
-1
-1
-1
-1
33
-1
-1
29
19
3
-1
-1
-1
-1
-1
-1
-1
30
10
10
-1
-1
-1
-1
15
-1
47
-1
-1
28
17
5
-1
-1
-1
-1
-1
-1
35
38
44
-1
-1
-1
-1
-1
31
35
-1
-1
-1
96
17
23
-1
-1
-1
-1
-1
-1
31
-1
24
-1
-1
-1
-1
31
65
35
-1
-1
-1
49
43
-1
-1
-1
-1
-1
-1
-1
34
30
53
-1
-1
-1
-1
12
-1
-1
-1
-1
-1
26
47
-1
-1
-1
-1
-1
-1
-1
33
-1
-1
-1
-1
-1
-1
19
33
39
-1
-1
30
30
40
-1
-1
-1
-1
-1
5
-1
-1
30
-1
-1
-1
-1
21
-1
30
35
-1
-1
26
21
21
-1
-1
-1
-1
-1
13
-1
-1
-1
-1
-1
-1
-1
23
34
41
35
-1
-1
69
50
-1
-1
-1
-1
27
-1
-1
-1
-1
48
-1
-1
-1
-1
-1
56
72
6
-1
-1
28
68
-1
-1
-1
-1
50
31
-1
-1
-1
-1
-1
-1
-1
-1
32
62
30
-1
-1
-1
26
19
-1
-1
-1
-1
19
17
-1
-1
31
-1
-1
-1
-1
-1
-1
30
-1
-1
-1
-1
-1
2
-1
-1
-1
-1
19
-1
-1
-1
-1
-1
-1
-1
-1
7
-1
-1
-1
-1
-1
-1
-1
4
-1
-1
-1
53
39
-1
-1
-1
-1
-1
-1
-1
-1
87
-1
-1
-1
-1
32
-1
-1
-1
-1
-1
-1
57
-1
-1
-1
-1
-1
-1
-1
-1
-1
-1
-1
-1
-1
-1
31
-1
-1
-1
-1
-1
-1
46
-1
-1
-1
-1
-1
-1
-1
-1
-1
3
-1
-1
-1
-1
52
-1
-1
-1
-1
-1
-1
26
-1
-1
-1
-1
-1
-1
-1
-1
-1
-1
-1
-1
-1
-1
-1
-1
-1
-1
-1
-1
-1
-1
-1
-1
-1
-1
-1
-1
-1
-1
2
-1
-1
-1
-1
-1
-1
-1
-1
-1
-1
-1
-1
-1
-1
-1
-1
-1
-1
-1
-1
-1
32
-1
-1
-1
-1
-1
-1
-1
-1
-1
-1
-1
65
-1
-1
-1
-1
-1
-1
-1
-1
-1
-1
-1
-1
-1
-1
-1
-1
-1
-1
-1
-1
-1
62
-1
-1
29
-1
-1
-1
-1
-1
-1
60
-1
-1
-1
-1
-1
-1
-1
-1
-1
-1
-1
-1
-1
-1
25
-1
-1
-1
-1
-1
32
-1
-1
-1
-1
-1
-1
-1
-1
-1
-1
-1
-1
-1
-1
-1
28
-1
-1
-1
-1
-1
3
-1
-1
-1
-1
-1
-1
-1
-1
-1
-1
-1
-1
-1
-1
-1
70
-1
-1
-1
-1
-1
22
-1
-1
-1
-1
-1
-1
-1
-1
-1
-1
-1
-1
-1
-1
-1
-1
-1
-1
-1
-1
-1
-1
-1
-1
-1
-1
-1
-1
-1
-1
-1
-1
-1
-1
-1
-1
-1
-1
-1
-1
-1
-1
-1
-1
-1
-1
-1
-1
-1
-1
-1
-1
-1
-1
-1
-1
-1
-1
-1
-1
-1
-1
-1
-1
7
-1
-1
-1
-1
-1
-1
-1
-1
-1
-1
-1
-1
-1
-1
-1
-1
-1
-1
-1
-1
-1
-1
-1
-1
-1
-1
-1
-1
-1
-1
-1
-1
-1
-1
-1
-1
-1
-1
-1
-1
-1
-1
-1
-1
-1
-1
-1
-1
-1
-1
-1
-1
-1
-1
-1
-1
-1
-1
-1
-1
-1
-1
-1
-1
10
-1
-1
-1
-1
-1
-1
-1
-1
-1
-1
-1
-1
-1
-1
-1
-1
26
32
-1
-1
-1
-1
-1
-1
-1
-1
-1
-1
-1
-1
-1
-1
-1
3
-1
-1
-1
25
26
32
-1
-1
5
-1
-1
-1
-1
-1
-1
-1
-1
-1
-1
-1
-1
3
-1
-1
-1
22
27
33
-1
-1
6
-1
-1
-1
-1
-1
-1
-1
-1
-1
-1
-1
-1
3
-1
-1
-1
21
28
33
-1
-1
-1
-1
-1
-1
-1
-1
-1
-1
-1
-1
-1
-1
27
-1
-1
-1
14
22
27
25
-1
-1
-1
-1
-1
-1
-1
-1
-1
-1
-1
-1
-1
-1
28
-1
-1
-1
14
25
29
21
-1
-1
-1
-1
-1
-1
-1
-1
-1
-1
-1
-1
-1
-1
28
-1
-1
5
15
21
26
-1
-1
34
25
-1
-1
-1
-1
-1
-1
-1
-1
-1
-1
-1
5
-1
-1
-1
13
22
30
7
30
-1
34
-1
-1
-1
-1
-1
-1
-1
-1
-1
-1
-1
-1
-1
-1
6
13
28
29
11
31
-1
31
-1
-1
-1
-1
-1
-1
-1
-1
-1
-1
-1
-1
-1
-1
4
15
29
31
6
30
30
24
-1
-1
-1
-1
-1
-1
-1
-1
-1
-1
-1
-1
-1
-1
3
14
32
32
-1
-1
30
-1
-1
-1
-1
-1
-1
-1
-1
-1
-1
-1
-1
-1
-1
-1
4
14
33
25
-1
-1
30
-1
-1
-1
-1
-1
-1
-1
11
-1
-1
-1
-1
-1
-1
-1
3
16
29
-1
-1
32
-1
-1
-1
-1
-1
-1
-1
-1
31
-1
-1
-1
-1
