37
25
-1
-1
-1
-1
-1
-1
-1
102
-1
-1
32
-1
-1
-1
-1
13
25
29
24
-1
64
-1
-1
-1
-1
-1
-1
-1
-1
64
-1
-1
28
-1
-1
-1
-1
34
24
33
-1
-1
60
-1
-1
-1
-1
-1
-1
-1
-1
63
-1
-1
-1
-1
-1
-1
35
4
25
29
-1
-1
142
-1
-1
-1
-1
-1
-1
-1
20
63
-1
-1
-1
-1
-1
-1
34
6
24
40
-1
-1
-1
-1
-1
-1
-1
-1
-1
-1
25
31
25
-1
-1
-1
-1
-1
54
11
23
67
-1
-1
-1
-1
-1
-1
-1
-1
-1
-1
25
31
30
-1
-1
-1
-1
-1
66
15
23
-1
-1
-1
-1
-1
-1
-1
-1
-1
-1
-1
29
31
-1
-1
-1
-1
-1
-1
63
13
125
-1
-1
-1
-1
-1
-1
-1
-1
-1
-1
-1
30
31
-1
-1
-1
-1
-1
-1
69
13
119
-1
-1
-1
-1
-1
-1
-1
-1
-1
-1
-1
29
12
-1
-1
-1
90
-1
22
11
15
81
-1
-1
-1
128
-1
-1
-1
-1
-1
-1
-1
28
-1
-1
-1
-1
56
-1
22
4
13
54
-1
-1
-1
115
-1
-1
-1
-1
-1
-1
-1
28
-1
-1
-1
-1
88
-1
25
3
12
57
-1
-1
-1
-1
-1
-1
-1
-1
-1
-1
-1
3
-1
-1
-1
-1
-1
-1
52
2
14
73
-1
-1
64
-1
-1
-1
-1
-1
-1
-1
2
-1
-1
-1
-1
35
-1
33
20
2
12
-1
60
-1
169
-1
-1
-1
-1
-1
-1
-1
4
12
-1
-1
-1
-1
-1
58
21
3
30
-1
62
-1
-1
-1
-1
-1
-1
-1
-1
-1
-1
20
-1
-1
-1
-1
-1
59
12
2
19
-1
62
-1
-1
-1
-1
-1
-1
-1
-1
-1
-1
16
-1
-1
-1
-1
-1
58
11
3
19
-1
49
-1
-1
-1
-1
-1
-1
-1
-1
-1
3
-1
-1
-1
-1
-1
29
27
13
4
-1
22
59
-1
-1
-1
-1
-1
-1
-1
-1
-1
20
-1
-1
-1
-1
-1
30
22
13
3
-1
19
38
-1
-1
-1
-1
-1
-1
-1
-1
-1
18
-1
-1
-1
-1
-1
27
22
14
5
-1
19
20
-1
-1
-1
-1
-1
-1
-1
-1
-1
-1
-1
-1
-1
-1
-1
31
22
13
-1
-1
20
17
-1
-1
-1
-1
-1
-1
-1
-1
-1
-1
-1
-1
-1
-1
13
28
21
13
-1
-1
20
27
-1
-1
-1
-1
-1
-1
-1
-1
-1
-1
-1
-1
-1
-1
15
26
22
15
-1
-1
18
-1
-1
-1
-1
-1
-1
-1
-1
-1
-1
-1
-1
-1
-1
-1
27
27
25
13
-1
9
18
3
-1
-1
-1
-1
-1
-1
-1
-1
-1
-1
-1
-1
-1
-1
31
26
22
14
-1
7
22
-1
-1
-1
-1
-1
-1
14
-1
-1
-1
-1
-1
-1
-1
-1
32
28
19
16
-1
7
24
-1
-1
-1
-1
-1
-1
47
-1
-1
-1
-1
-1
-1
-1
-1
31
54
15
29
-1
9
24
-1
-1
-1
-1
-1
-1
-1
-1
-1
-1
-1
-1
-1
-1
-1
25
-1
19
-1
1
8
18
-1
-1
-1
-1
-1
47
-1
-1
-1
-1
-1
-1
-1
-1
-1
36
-1
60
-1
5
9
-1
-1
-1
-1
-1
-1
72
22
-1
-1
-1
-1
-1
-1
-1
-1
37
-1
-1
-1
19
21
-1
-1
-1
-1
-1
-1
89
27
-1
-1
-1
-1
-1
-1
-1
-1
48
-1
-1
36
3
44
-1
-1
-1
-1
-1
-1
102
23
-1
-1
-1
-1
-1
-1
-1
-1
104
-1
-1
43
5
-1
-1
-1
-1
-1
-1
-1
104
22
-1
-1
-1
-1
-1
-1
-1
-1
-1
-1
-1
39
24
-1
-1
-1
-1
-1
-1
-1
105
-1
-1
-1
-1
-1
-1
-1
-1
154
-1
-1
-1
38
32
-1
-1
-1
-1
-1
-1
-1
110
-1
-1
-1
-1
-1
-1
21
35
99
-1
-1
47
19
35
-1
-1
-1
-1
-1
-1
96
27
14
-1
-1
-1
-1
-1
34
35
-1
-1
-1
51
17
33
-1
-1
-1
-1
-1
-1
100
-1
23
-1
-1
-1
-1
-1
60
171
-1
-1
-1
53
17
64
-1
-1
-1
-1
-1
-1
70
-1
18
-1
-1
-1
-1
12
-1
-1
-1
-1
-1
77
20
-1
-1
-1
-1
-1
-1
-1
6
-1
-1
-1
-1
-1
-1
-1
30
73
-1
-1
57
22
56
-1
-1
-1
-1
-1
-1
-1
-1
-1
-1
-1
-1
-1
-1
-1
30
67
-1
-1
57
25
38
-1
-1
-1
-1
-1
14
-1
-1
-1
-1
-1
-1
-1
10
-1
32
59
-1
-1
58
23
63
-1
-1
-1
37
-1
-1
-1
-1
-1
-1
-1
-1
-1
-1
12
34
63
-1
-1
61
18
-1
-1
-1
-1
39
-1
-1
-1
-1
-1
-1
-1
-1
-1
-1
35
24
-1
-1
-1
57
27
-1
-1
-1
-1
53
-1
-1
-1
-1
-1
-1
-1
-1
-1
-1
67
-1
-1
-1
-1
63
38
-1
-1
-1
-1
38
-1
-1
-1
-1
-1
-1
-1
-1
9
-1
-1
-1
-1
-1
-1
34
24
-1
-1
-1
-1
39
-1
-1
-1
-1
-1
-1
-1
-1
-1
-1
-1
-1
-1
73
-1
-1
141
-1
-1
-1
40
-1
-1
-1
-1
-1
-1
-1
-1
-1
-1
-1
-1
-1
-1
33
-1
-1
-1
-1
-1
-1
41
-1
-1
-1
-1
-1
-1
-1
-1
-1
-1
-1
-1
-1
-1
56
-1
-1
-1
-1
-1
-1
22
-1
-1
-1
-1
-1
-1
-1
-1
-1
-1
-1
-1
-1
-1
-1
-1
-1
-1
-1
-1
-1
12
-1
-1
-1
-1
-1
-1
-1
-1
2
-1
-1
-1
-1
-1
-1
-1
-1
-1
-1
-1
-1
-1
-1
-1
-1
-1
-1
-1
-1
-1
-1
-1
-1
-1
-1
-1
-1
-1
-1
-1
-1
-1
41
-1
-1
-1
-1
-1
-1
-1
-1
-1
-1
-1
-1
-1
-1
-1
-1
-1
-1
-1
-1
-1
25
-1
-1
-1
-1
-1
-1
-1
-1
-1
-1
-1
-1
-1
-1
-1
-1
-1
-1
-1
-1
-1
85
-1
-1
50
-1
-1
-1
-1
-1
10
-1
-1
-1
-1
-1
-1
-1
-1
-1
-1
-1
-1
-1
-1
-1
40
-1
-1
-1
-1
-1
23
-1
-1
-1
-1
-1
-1
-1
-1
-1
-1
-1
-1
-1
-1
-1
76
-1
-1
-1
-1
-1
30
-1
-1
-1
-1
-1
-1
-1
-1
-1
-1
-1
-1
-1
-1
-1
-1
-1
-1
-1
-1
-1
36
-1
-1
-1
-1
-1
-1
-1
-1
-1
-1
-1
-1
-1
-1
316
-1
-1
-1
-1
-1
-1
-1
-1
-1
-1
-1
-1
-1
-1
-1
-1
-1
-1
-1
-1
-1
-1
-1
-1
-1
-1
-1
6
-1
-1
-1
-1
-1
-1
-1
-1
-1
-1
-1
-1
-1
-1
-1
-1
-1
-1
-1
-1
-1
-1
-1
-1
-1
-1
-1
-1
-1
-1
-1
-1
-1
-1
-1
-1
-1
-1
-1
-1
-1
-1
-1
-1
-1
-1
-1
-1
-1
-1
-1
-1
-1
-1
-1
128
-1
-1
-1
-1
-1
-1
-1
-1
10
-1
-1
-1
-1
-1
-1
-1
-1
-1
-1
-1
-1
-1
-1
-1
-1
-1
-1
-1
-1
-1
-1
-1
-1
-1
-1
-1
-1
-1
-1
-1
-1
-1
-1
-1
-1
-1
-1
141
113
-1
-1
6
-1
-1
-1
-1
-1
-1
-1
-1
-1
-1
-1
-1
3
-1
-1
-1
37
27
30
-1
-1
11
-1
-1
-1
-1
-1
-1
-1
-1
-1
-1
-1
-1
4
-1
-1
-1
37
28
18
-1
-1
34
-1
-1
-1
-1
-1
-1
-1
-1
-1
-1
-1
-1
8
-1
-1
-1
37
30
14
-1
-1
32
-1
-1
-1
-1
-1
-1
-1
-1
-1
-1
-1
59
-1
-1
-1
18
22
28
23
-1
-1
30
-1
-1
-1
-1
-1
-1
-1
-1
-1
-1
-1
65
-1
-1
-1
19
24
29
57
-1
-1
60
-1
-1
-1
-1
-1
-1
-1
-1
-1
-1
-1
91
-1
-1
5
15
27
29
-1
-1
-1
60
-1
-1
-1
-1
-1
-1
-1
-1
-1
-1
-1
63
-1
-1
6
13
28
32
8
60
-1
60
-1
-1
-1
-1
-1
-1
-1
-1
-1
-1
-1
-1
-1
-1
14
14
33
30
10
30
31
24
-1
-1
-1
-1
-1
-1
-1
-1
-1
-1
-1
-1
-1
-1
12
15
29
29
6
65
34
-1
-1
-1
-1
-1
-1
-1
-1
-1
-1
90
-1
-1
-1
-1
13
19
29
30
-1
-1
