64
6
-1
-1
-1
-1
-1
-1
-1
-1
-1
-1
38
-1
-1
-1
24
8
21
30
6
-1
67
-1
-1
-1
-1
-1
-1
-1
94
-1
-1
-1
-1
-1
-1
-1
22
8
18
30
54
-1
109
-1
-1
-1
-1
-1
-1
-1
89
-1
-1
-1
-1
-1
-1
-1
23
8
19
-1
-1
-1
-1
-1
-1
-1
-1
-1
-1
-1
66
-1
-1
-1
-1
-1
-1
-1
38
8
19
-1
-1
-1
-1
-1
-1
-1
-1
-1
-1
-1
62
-1
-1
-1
-1
-1
-1
-1
48
7
62
-1
-1
-1
-1
-1
-1
-1
-1
-1
-1
-1
44
30
-1
-1
-1
-1
-1
38
6
8
113
-1
-1
-1
-1
-1
-1
-1
-1
-1
-1
-1
49
30
-1
-1
-1
-1
-1
62
5
9
113
-1
-1
-1
-1
-1
-1
-1
-1
-1
-1
-1
52
18
-1
-1
-1
-1
-1
66
6
9
113
-1
-1
-1
-1
-1
-1
-1
-1
-1
-1
-1
52
-1
-1
-1
-1
-1
-1
70
5
12
83
-1
-1
-1
-1
-1
-1
-1
-1
-1
-1
25
30
-1
-1
-1
69
-1
-1
40
5
15
141
-1
-1
-1
-1
-1
-1
-1
-1
-1
-1
24
-1
-1
-1
-1
54
-1
22
20
6
17
-1
-1
-1
134
-1
-1
-1
-1
-1
-1
-1
23
-1
-1
-1
-1
52
-1
22
17
5
41
-1
-1
-1
71
-1
-1
-1
-1
-1
-1
-1
23
-1
-1
-1
-1
103
-1
26
19
5
40
-1
89
-1
121
-1
-1
-1
-1
-1
-1
-1
-1
-1
-1
-1
-1
-1
-1
50
20
6
54
-1
61
-1
-1
-1
-1
-1
-1
-1
-1
-1
-1
-1
-1
-1
-1
-1
-1
54
18
5
-1
23
45
-1
-1
-1
-1
-1
-1
-1
-1
-1
13
-1
-1
-1
-1
-1
54
23
20
22
-1
22
38
-1
-1
-1
-1
-1
-1
-1
-1
-1
23
-1
-1
-1
-1
-1
56
25
17
21
-1
25
30
-1
-1
-1
-1
-1
-1
-1
-1
-1
19
-1
-1
-1
-1
-1
52
22
17
15
-1
23
5
-1
-1
-1
-1
-1
-1
-1
-1
-1
-1
-1
-1
-1
-1
-1
53
23
15
-1
17
22
4
-1
-1
-1
-1
-1
-1
-1
-1
-1
-1
-1
-1
-1
-1
30
32
24
10
-1
16
23
-1
-1
-1
-1
-1
-1
-1
-1
-1
-1
-1
-1
-1
-1
-1
30
29
23
10
-1
17
26
-1
-1
-1
-1
-1
-1
-1
-1
-1
-1
-1
-1
-1
-1
-1
32
27
22
8
-1
20
19
-1
-1
-1
-1
-1
-1
-1
-1
-1
-1
-1
-1
-1
-1
-1
34
27
25
1
-1
17
21
-1
-1
-1
-1
-1
-1
-1
-1
11
-1
-1
-1
-1
-1
-1
30
28
17
1
-1
17
8
-1
-1
-1
-1
-1
-1
-1
-1
6
-1
-1
-1
-1
-1
-1
30
30
18
-1
-1
18
1
-1
-1
-1
-1
-1
4
-1
-1
-1
-1
-1
-1
-1
-1
-1
25
45
19
-1
5
20
22
-1
-1
-1
-1
-1
28
-1
-1
-1
-1
-1
-1
-1
-1
9
27
-1
18
-1
5
17
-1
-1
-1
-1
-1
-1
54
-1
-1
-1
-1
-1
-1
-1
-1
-1
25
-1
37
-1
2
81
-1
-1
-1
-1
-1
-1
77
2
-1
-1
-1
-1
-1
-1
-1
-1
40
-1
-1
-1
5
-1
-1
-1
-1
-1
-1
-1
102
3
-1
-1
-1
-1
-1
-1
-1
-1
136
-1
-1
18
34
-1
-1
-1
-1
-1
-1
-1
98
1
-1
-1
-1
-1
-1
-1
-1
-1
-1
-1
-1
27
31
-1
-1
-1
-1
-1
-1
-1
98
-1
-1
-1
-1
-1
-1
-1
-1
-1
-1
-1
-1
52
41
-1
-1
-1
-1
-1
-1
-1
112
-1
-1
-1
-1
-1
-1
-1
137
-1
-1
-1
-1
55
37
-1
-1
-1
-1
-1
-1
98
25
15
-1
-1
-1
-1
-1
-1
108
-1
-1
-1
46
9
71
-1
-1
-1
-1
-1
-1
96
-1
20
-1
-1
-1
-1
19
-1
101
-1
-1
-1
45
8
-1
-1
-1
-1
-1
-1
-1
116
-1
6
-1
-1
-1
-1
51
-1
160
-1
-1
-1
52
42
-1
-1
-1
-1
-1
-1
-1
103
12
-1
-1
-1
-1
-1
29
-1
-1
-1
-1
58
19
38
-1
-1
-1
-1
-1
-1
-1
71
20
-1
-1
-1
-1
-1
-1
30
63
-1
-1
58
18
41
-1
-1
-1
-1
-1
-1
-1
-1
16
-1
-1
-1
-1
7
-1
30
63
-1
-1
58
18
27
-1
-1
-1
-1
-1
-1
-1
-1
-1
-1
-1
-1
-1
-1
10
30
92
-1
-1
57
22
-1
-1
-1
-1
34
12
-1
-1
-1
-1
-1
-1
-1
-1
-1
31
30
-1
-1
-1
61
31
-1
-1
-1
-1
17
-1
-1
-1
-1
-1
-1
-1
-1
4
-1
29
65
-1
-1
-1
52
31
-1
-1
-1
14
-1
-1
-1
-1
-1
-1
-1
-1
-1
-1
-1
41
-1
-1
-1
-1
42
54
-1
-1
-1
27
-1
-1
-1
-1
-1
-1
-1
-1
-1
2
-1
-1
-1
-1
88
-1
29
-1
-1
-1
-1
50
-1
-1
-1
-1
-1
-1
-1
-1
-1
-1
-1
-1
-1
-1
44
-1
25
-1
-1
-1
-1
36
-1
-1
-1
-1
-1
-1
-1
-1
1
-1
-1
-1
-1
-1
44
-1
33
-1
-1
-1
-1
23
-1
-1
-1
-1
-1
-1
-1
-1
1
-1
-1
-1
-1
41
-1
-1
92
-1
-1
-1
4
-1
-1
-1
-1
-1
-1
-1
-1
-1
-1
-1
-1
-1
-1
-1
-1
-1
-1
-1
-1
-1
20
-1
-1
-1
-1
-1
-1
-1
-1
-1
-1
-1
-1
-1
-1
-1
-1
-1
-1
-1
-1
-1
15
-1
-1
-1
-1
-1
-1
-1
-1
-1
-1
-1
-1
-1
-1
-1
-1
-1
-1
-1
-1
-1
31
-1
-1
-1
-1
-1
-1
-1
-1
-1
-1
-1
-1
-1
-1
-1
-1
-1
-1
-1
-1
-1
85
-1
-1
-1
-1
-1
-1
-1
-1
11
-1
-1
-1
-1
-1
-1
-1
-1
-1
-1
-1
-1
-1
-1
-1
-1
-1
-1
-1
-1
-1
30
-1
-1
-1
-1
-1
-1
-1
-1
-1
-1
-1
-1
-1
-1
-1
-1
-1
-1
-1
-1
-1
54
-1
-1
-1
-1
-1
-1
-1
-1
-1
-1
-1
-1
-1
-1
96
-1
-1
-1
-1
-1
-1
55
-1
-1
-1
-1
-1
-1
-1
-1
-1
-1
-1
-1
-1
-1
77
-1
-1
-1
-1
-1
10
-1
-1
-1
-1
-1
-1
-1
-1
-1
-1
-1
-1
-1
-1
-1
295
-1
-1
-1
-1
-1
25
-1
-1
-1
-1
-1
-1
-1
-1
-1
-1
-1
-1
-1
-1
-1
-1
-1
-1
-1
-1
-1
15
-1
-1
-1
-1
-1
-1
-1
-1
-1
-1
-1
-1
-1
-1
-1
-1
-1
-1
-1
-1
-1
-1
-1
-1
-1
-1
-1
-1
-1
-1
-1
-1
-1
-1
-1
-1
-1
-1
-1
-1
-1
-1
14
-1
-1
-1
-1
-1
-1
-1
-1
-1
-1
-1
-1
-1
-1
-1
-1
-1
-1
-1
-1
-1
-1
-1
-1
-1
-1
-1
-1
-1
-1
-1
-1
-1
-1
-1
-1
-1
-1
-1
-1
-1
-1
-1
-1
-1
-1
-1
-1
-1
-1
-1
-1
-1
-1
-1
66
-1
-1
-1
-1
-1
-1
-1
-1
6
-1
-1
-1
-1
-1
-1
-1
-1
-1
-1
-1
-1
9
-1
-1
-1
196
169
-1
-1
-1
31
-1
-1
-1
-1
-1
-1
-1
-1
-1
-1
-1
2
9
-1
-1
-1
47
30
15
-1
-1
32
-1
-1
-1
-1
-1
-1
-1
-1
-1
-1
-1
45
-1
-1
-1
28
29
30
16
-1
-1
40
-1
-1
-1
-1
-1
-1
-1
-1
-1
-1
-1
51
-1
-1
-1
29
32
34
59
-1
-1
60
-1
-1
-1
-1
-1
-1
-1
-1
-1
-1
41
22
-1
-1
-1
26
27
31
-1
-1
35
29
-1
-1
-1
-1
-1
-1
-1
-1
-1
-1
51
-1
-1
-1
14
18
28
36
-1
71
30
59
-1
-1
-1
-1
-1
-1
-1
-1
-1
-1
38
-1
-1
-1
13
20
28
39
-1
39
30
-1
-1
-1
-1
-1
-1
-1
-1
-1
-1
-1
54
-1
-1
-1
14
20
30
47
-1
37
30
-1
-1
-1
-1
-1
-1
-1
-1
-1
-1
51
-1
-1
-1
5
9
18
31
34
-1
35
30
-1
-1
-1
-1
-1
-1
-1
-1
-1
-1
38
-1
-1
-1
13
8
18
28
35
-1
35
