3708
0
0
0
0
0
640
0
0
0
0
0
0
0
0
0
1522
0
0
0
0
0
3986
0
0
0
390
0
615
0
0
0
0
0
0
0
0
3067
1403
0
0
0
0
0
3959
0
0
1310
1310
778
158
0
0
0
0
0
0
0
0
0
0
0
0
0
0
1721
4018
0
0
1389
1278
746
172
0
0
0
0
0
0
0
0
0
0
0
0
0
0
2946
4009
0
0
1974
1459
845
215
0
0
0
0
0
0
0
0
0
527
0
0
0
0
2728
0
0
0
1994
1404
836
175
0
0
0
0
0
0
0
162
0
0
0
0
0
1734
3813
0
0
0
1880
1345
810
193
0
0
0
0
0
0
0
109
0
0
0
0
0
2192
3798
0
0
0
1766
1293
786
177
0
0
0
0
0
0
0
107
0
0
0
0
0
1747
0
0
0
0
1780
1312
778
179
0
0
0
0
0
0
0
114
0
0
0
0
0
1641
0
0
0
0
509
0
548
107
32
10
0
0
0
0
0
123
0
0
0
0
3815
0
3004
0
0
385
0
576
1178
97
97
6
0
0
0
0
0
0
0
0
0
0
0
2926
0
0
0
0
344
0
551
45
45
0
0
0
0
0
0
0
0
0
0
0
0
2913
0
0
0
0
333
649
103
69
61
0
0
0
0
0
0
49
0
0
0
0
1602
3282
0
0
0
0
404
242
37
37
26
0
0
0
0
0
0
0
0
0
0
0
1635
3299
0
0
0
0
0
29
29
29
0
0
0
0
0
0
0
0
0
0
0
0
2208
0
0
0
0
0
0
19
19
19
0
0
0
0
0
0
0
0
0
0
0
0
2144
0
0
0
0
0
0
14
14
0
0
0
0
0
0
0
0
0
0
0
0
0
2573
0
0
0
0
0
0
14
14
0
0
0
0
0
0
0
0
0
0
0
0
0
2752
0
0
0
0
0
36
0
0
0
0
0
0
0
0
0
0
0
0
0
0
0
0
0
0
0
0
0
0
0
0
0
0
0
0
0
0
0
0
0
0
0
0
0
0
0
0
0
0
0
0
0
0
0
0
0
0
0
0
0
0
0
0
0
0
0
0
0
0
0
0
0
0
0
0
0
0
0
0
0
0
0
0
0
0
0
0
0
0
0
0
0
0
0
788
788
788
788
788
788
788
0
0
0
0
0
0
0
0
0
0
0
0
0
0
0
0
0
0
0
0
0
0
0
0
0
0
0
0
0
0
0
0
0
0
0
0
0
0
0
0
0
0
0
1382
0
0
0
0
0
0
0
0
0
0
0
285
0
0
0
0
0
0
0
0
0
1286
0
0
0
0
0
0
0
0
0
0
3550
194
0
0
0
0
0
0
0
2
2
0
0
0
0
0
0
0
0
0
8
0
0
298
0
0
0
0
0
0
0
5
715
0
0
0
0
0
0
0
0
0
53
45
0
379
0
438
0
0
0
0
0
5
1677
0
0
0
0
0
0
0
0
12
252
474
0
412
0
0
0
0
0
0
5
9
1709
0
0
0
0
0
0
0
0
70
326
486
0
425
0
0
0
0
0
0
9
12
1752
0
0
0
0
0
0
0
0
71
260
669
1135
1553
0
0
0
0
0
0
8
12
1992
0
0
0
0
0
0
0
23
190
0
523
1069
0
0
0
0
0
0
0
313
316
0
0
0
0
0
0
0
0
0
515
0
591
1101
0
0
0
0
0
0
0
629
629
0
0
0
0
0
0
0
0
0
639
0
591
1078
0
0
0
0
0
0
85
129
133
0
0
0
0
0
0
0
0
974
564
0
540
1029
0
0
0
0
0
0
116
116
116
0
0
0
0
0
0
0
0
0
587
0
552
0
0
0
0
0
0
0
23
23
23
23
0
0
0
0
0
0
0
0
640
0
529
0
0
0
0
0
0
0
0
0
0
0
0
0
0
0
0
0
0
0
597
0
552
0
0
0
0
0
0
0
0
0
0
0
0
0
0
0
0
0
0
0
582
0
595
0
80
0
0
0
0
0
0
0
0
0
0
0
0
0
0
0
0
0
0
578
1172
0
0
0
0
0
0
0
0
0
0
0
0
0
0
0
0
0
0
0
0
613
1147
0
0
0
0
0
0
0
0
0
0
0
0
0
0
0
1114
1114
0
0
0
583
1142
0
0
0
0
0
0
0
0
0
0
0
0
0
0
0
405
405
0
0
0
221
0
11
0
0
0
0
0
0
0
0
0
0
0
0
0
0
0
0
0
0
0
0
0
0
0
0
0
0
0
0
0
0
0
0
0
0
0
0
0
0
0
0
0
0
0
0
0
0
0
0
0
0
0
0
0
0
0
0
0
176
176
176
176
176
176
0
0
0
0
0
0
0
0
0
0
0
0
0
0
0
0
0
0
0
0
0
0
0
0
0
0
0
0
0
0
0
0
0
0
0
0
0
0
0
0
0
0
0
0
0
0
0
0
0
0
4095
4095
4095
0
0
0
0
0
0
0
7
7
7
7
7
0
0
0
0
0
0
0
4095
4095
4095
0
0
0
0
0
0
2
2
2
2
2
2
0
0
0
0
0
0
0
0
0
1165
0
0
0
0
0
0
3
3
3
3
3
0
0
0
0
0
0
0
0
0
0
2945
0
0
0
0
0
0
125
125
125
125
125
75
0
0
0
0
0
0
0
0
0
266
0
0
0
0
0
0
130
130
130
130
130
48
0
0
0
0
0
0
0
0
1422
0
0
0
0
0
0
0
40
40
40
40
40
0
0
0
0
0
0
0
0
0
1743
4086
4086
4086
4086
4086
4086
9
9
9
9
9
6
0
0
0
0
0
0
0
0
0
1728
4075
4075
4075
4075
4075
4075
9
9
9
9
9
0
0
0
0
0
0
0
0
0
0
1826
4086
4086
4086
4086
4086
4086
9
9
9
9
9
0
0
0
0
0
0
0
0
0
770
2442
4095
4095
4095
4095
4095
0
0
0
0
0
0
0
0
0
0
0
0
0
0
0
799
2448
4059
4079
4079
4079
4079
0
0
0
0
0
0
0
0
0
0
0
0
0
0
0
791
2327
3995
4095
4095
4095
4095
0
0
0
0
0
0
0
0
0
0
0
0
0
0
0
996
2518
79
0
0
0
0
0
0
0
0
0
0
0
0
0
0
0
0
0
601
0
1957
0
0
0
0
0
0
0
0
0
0
0
0
0
0
0
0
0
0
601
854
0
1646
0
0
0
0
75
0
0
0
0
0
0
0
0
0
0
0
0
0
854
1153
0
815
0
0
6
0
77
0
0
0
0
0
0
0
0
0
2
2
2
0
1153
0
2209
0
0
0
90
0
692
0
0
0
0
0
0
0
0
0
4
4
4
0
0
0
2595
0
0
9
0
166
1320
0
0
0
0
0
0
0
0
0
4
399
399
0
0
970
0
0
0
0
46
0
1118
0
0
0
0
0
0
0
0
0
5
662
662
0
0
2750
0
0
0
0
0
0
1136
0
0
0
0
0
0
0
0
0
0
97
97
97
97
3122
0
0
0
0
0
0
0
0
0
0
0
0
0
0
0
473
476
476
476
476
476
2604
0
0
0
0
0
0
0
0
0
0
0
0
0
0
0
1394
1395
0
0
0
0
583
0
0
0
0
0
0
0
0
0
0
0
0
0
0
1360
0
3
0
0
0
0
0
0
0
0
0
592
0
0
0
0
0
0
0
0
0
1569
0
2
0
0
0
3782
