30
-1
64
109
-1
-1
-1
-1
-1
-1
-1
123
-1
-1
96
-1
-1
-1
45
9
19
30
-1
-1
151
-1
-1
-1
-1
-1
-1
-1
74
60
-1
-1
92
-1
-1
-1
38
10
21
59
-1
-1
146
-1
-1
-1
-1
-1
-1
-1
158
-1
-1
-1
-1
-1
-1
-1
105
9
77
-1
-1
-1
-1
-1
-1
-1
-1
-1
-1
-1
88
123
-1
-1
-1
-1
-1
-1
68
8
206
-1
-1
-1
-1
-1
-1
-1
-1
-1
-1
-1
87
124
-1
-1
-1
-1
-1
-1
73
9
227
-1
-1
-1
-1
-1
-1
-1
-1
-1
-1
-1
101
132
-1
-1
-1
-1
-1
-1
67
9
207
-1
-1
-1
-1
-1
-1
-1
-1
-1
-1
-1
91
96
-1
-1
-1
-1
-1
90
6
9
208
-1
-1
-1
-1
-1
-1
-1
-1
-1
-1
-1
92
90
-1
-1
-1
-1
-1
93
5
8
205
-1
-1
-1
-1
-1
-1
-1
-1
-1
-1
-1
93
61
-1
-1
-1
82
-1
36
5
8
238
-1
-1
-1
-1
-1
-1
-1
-1
-1
-1
-1
157
-1
-1
-1
-1
89
-1
37
6
9
212
-1
-1
166
-1
-1
-1
-1
-1
-1
-1
68
29
-1
56
-1
62
-1
49
16
5
54
-1
-1
-1
163
-1
-1
-1
-1
-1
-1
-1
70
25
61
-1
-1
61
-1
52
16
6
54
-1
-1
-1
130
-1
-1
-1
-1
-1
-1
-1
71
25
57
-1
-1
61
-1
47
20
5
9
-1
96
-1
-1
-1
-1
-1
-1
-1
-1
-1
-1
93
93
-1
-1
-1
-1
82
17
5
8
-1
217
-1
-1
-1
-1
-1
-1
-1
-1
-1
76
92
-1
-1
-1
-1
-1
111
17
6
7
-1
202
-1
-1
-1
-1
-1
-1
-1
-1
-1
71
94
-1
-1
-1
-1
95
26
20
5
-1
30
190
-1
-1
-1
-1
-1
-1
-1
-1
-1
136
-1
-1
-1
-1
-1
125
21
17
6
-1
26
188
-1
-1
-1
-1
-1
-1
-1
-1
-1
136
-1
-1
-1
-1
-1
122
21
17
5
-1
28
190
-1
-1
-1
-1
-1
-1
-1
-1
90
88
-1
-1
-1
-1
-1
123
22
21
5
9
30
159
-1
-1
-1
-1
-1
-1
-1
-1
140
-1
-1
-1
-1
-1
133
27
26
17
-1
14
185
-1
-1
-1
-1
-1
-1
-1
-1
-1
143
-1
-1
-1
-1
-1
131
30
22
18
-1
15
26
167
-1
-1
-1
-1
-1
-1
-1
-1
150
-1
-1
-1
-1
-1
132
25
21
21
-1
17
181
-1
-1
-1
-1
-1
-1
-1
-1
-1
-1
-1
-1
-1
-1
-1
208
26
22
17
-1
21
253
-1
-1
-1
-1
-1
-1
-1
-1
177
-1
-1
-1
-1
-1
-1
127
28
26
18
5
16
152
-1
-1
-1
-1
-1
-1
-1
-1
188
-1
-1
-1
-1
-1
-1
129
28
22
-1
27
18
153
-1
-1
-1
-1
-1
120
-1
-1
97
-1
-1
-1
-1
-1
-1
130
32
22
-1
22
18
117
-1
-1
-1
-1
-1
200
-1
-1
-1
-1
-1
-1
-1
-1
-1
189
-1
49
-1
23
100
-1
-1
-1
-1
-1
-1
133
90
-1
-1
-1
-1
-1
-1
-1
-1
158
-1
53
-1
26
104
-1
-1
-1
-1
-1
-1
130
24
68
-1
-1
-1
-1
-1
-1
-1
189
-1
-1
39
5
100
-1
-1
-1
-1
-1
-1
131
24
65
-1
-1
-1
-1
-1
-1
-1
191
-1
-1
41
108
-1
-1
-1
-1
-1
-1
-1
130
27
64
-1
-1
-1
-1
-1
-1
-1
192
-1
-1
38
115
-1
-1
-1
-1
-1
-1
-1
129
24
127
-1
-1
-1
-1
-1
-1
-1
-1
-1
-1
164
105
-1
-1
-1
-1
-1
-1
-1
126
61
-1
-1
-1
-1
-1
-1
154
-1
-1
-1
83
13
105
-1
-1
-1
-1
-1
-1
132
32
62
-1
-1
-1
-1
-1
-1
151
-1
-1
-1
82
10
75
-1
-1
-1
-1
-1
-1
135
34
38
-1
-1
-1
-1
71
-1
97
-1
-1
-1
81
79
-1
-1
-1
-1
-1
-1
-1
131
30
34
-1
-1
-1
-1
70
-1
103
-1
-1
-1
84
87
-1
-1
-1
-1
-1
-1
-1
133
30
31
-1
-1
-1
49
33
30
73
-1
-1
58
19
85
-1
-1
-1
-1
-1
-1
-1
-1
185
-1
-1
-1
-1
49
30
34
67
-1
-1
57
19
79
-1
-1
-1
-1
-1
-1
-1
-1
185
-1
-1
-1
-1
44
29
32
67
-1
-1
61
17
79
-1
-1
-1
-1
62
-1
-1
-1
125
-1
-1
-1
-1
44
29
30
66
-1
-1
57
34
-1
-1
-1
-1
71
66
-1
-1
119
-1
-1
-1
-1
-1
55
29
65
-1
-1
-1
87
31
-1
-1
-1
-1
70
65
-1
-1
116
-1
-1
-1
-1
29
-1
55
65
-1
-1
-1
73
31
-1
-1
-1
-1
64
-1
-1
-1
109
-1
-1
-1
-1
28
-1
121
-1
-1
-1
-1
91
26
-1
-1
-1
46
91
-1
-1
125
-1
-1
-1
-1
-1
99
-1
-1
-1
-1
123
-1
-1
55
-1
-1
-1
103
-1
-1
-1
-1
-1
-1
-1
-1
-1
122
-1
-1
-1
-1
93
-1
84
-1
-1
-1
-1
204
-1
-1
-1
-1
-1
-1
-1
-1
127
-1
-1
-1
-1
-1
102
-1
86
-1
-1
-1
-1
170
-1
-1
-1
-1
-1
-1
-1
-1
238
-1
-1
-1
-1
-1
-1
-1
-1
-1
-1
-1
-1
260
-1
-1
-1
-1
-1
-1
-1
-1
198
-1
-1
-1
-1
-1
-1
-1
-1
-1
-1
-1
288
-1
-1
-1
-1
-1
-1
-1
-1
-1
202
-1
-1
-1
-1
-1
-1
-1
-1
-1
-1
-1
287
-1
-1
-1
-1
-1
-1
-1
-1
-1
209
-1
-1
-1
-1
-1
-1
-1
-1
-1
-1
-1
288
-1
-1
-1
-1
-1
-1
-1
-1
244
-1
-1
-1
-1
-1
-1
-1
-1
-1
-1
-1
-1
257
-1
-1
226
-1
-1
-1
-1
-1
284
-1
-1
-1
-1
-1
-1
-1
-1
-1
-1
-1
-1
-1
-1
-1
229
-1
-1
-1
-1
-1
280
-1
-1
-1
-1
-1
-1
-1
-1
-1
-1
-1
-1
-1
-1
-1
-1
-1
-1
-1
-1
-1
248
-1
-1
-1
-1
-1
-1
-1
-1
-1
-1
-1
-1
-1
-1
259
-1
-1
-1
-1
-1
78
181
-1
-1
-1
-1
-1
-1
-1
-1
-1
-1
-1
-1
-1
-1
262
-1
-1
-1
-1
-1
218
-1
-1
-1
-1
-1
-1
-1
-1
-1
-1
-1
-1
-1
-1
-1
295
-1
-1
-1
-1
-1
547
-1
-1
-1
-1
-1
-1
-1
-1
-1
-1
-1
-1
-1
-1
-1
-1
-1
-1
-1
-1
-1
538
-1
-1
-1
-1
-1
-1
-1
-1
-1
-1
-1
-1
-1
-1
-1
-1
-1
-1
-1
-1
550
-1
-1
-1
-1
-1
-1
-1
-1
-1
-1
-1
-1
-1
-1
-1
-1
-1
-1
-1
-1
-1
552
-1
-1
-1
-1
-1
-1
-1
-1
-1
-1
-1
-1
-1
-1
-1
-1
-1
-1
-1
-1
-1
558
-1
-1
-1
-1
-1
-1
-1
-1
-1
-1
-1
-1
-1
-1
-1
-1
-1
-1
-1
-1
63
125
-1
-1
-1
-1
-1
-1
-1
-1
-1
-1
-1
230
-1
-1
-1
-1
144
65
-1
-1
67
125
-1
-1
-1
-1
-1
-1
-1
-1
-1
-1
-1
219
-1
-1
-1
74
29
72
-1
-1
64
137
-1
-1
-1
-1
-1
-1
-1
-1
-1
-1
186
34
-1
-1
-1
68
30
65
-1
-1
61
127
-1
-1
-1
-1
-1
-1
-1
-1
-1
-1
196
40
-1
-1
-1
63
33
64
-1
-1
157
-1
-1
-1
-1
-1
-1
-1
-1
-1
-1
-1
240
-1
-1
-1
43
29
29
-1
-1
-1
153
-1
-1
-1
-1
-1
-1
-1
-1
-1
-1
178
50
-1
-1
-1
41
32
94
-1
30
-1
156
-1
-1
-1
-1
-1
-1
-1
-1
-1
-1
180
55
-1
-1
17
22
33
64
34
30
31
177
-1
-1
-1
-1
-1
-1
-1
-1
-1
-1
-1
-1
-1
-1
189
21
30
30
36
32
34
171
-1
-1
-1
-1
-1
-1
-1
-1
-1
-1
-1
-1
-1
-1
196
23
30
31
36
34
121
-1
-1
-1
-1
-1
-1
-1
-1
-1
-1
230
-1
-1
-1
-1
31
19
29
32
-1
30
103
-1
-1
-1
-1
-1
-1
-1
125
-1
-1
128
-1
-1
-1
-1
25
19
31
63
