0
0
588
0
0
0
0
0
0
0
0
1743
0
3
0
0
0
0
2014
0
0
2833
0
622
0
0
0
0
0
0
0
0
0
1675
0
3
0
0
0
1847
3733
0
0
0
1105
520
0
0
0
0
0
0
0
0
0
1689
0
0
0
0
0
2749
3803
0
0
1105
1086
522
0
0
0
0
0
0
0
0
0
0
0
0
0
0
0
3289
0
0
0
1458
1123
548
0
0
0
0
0
0
0
0
0
0
0
0
0
0
623
3695
0
0
0
1593
1140
547
0
0
0
0
0
0
0
0
0
0
0
0
0
0
2353
3905
0
0
0
1625
1161
560
0
0
0
0
0
0
0
0
1288
0
0
0
0
0
2365
3864
0
0
0
1692
1124
529
0
0
0
0
0
0
0
0
0
0
0
0
0
1430
3207
3941
0
0
1962
1575
1038
388
0
0
0
0
0
0
0
0
0
0
0
0
0
0
3294
0
0
0
1922
1535
0
555
0
0
0
0
0
0
0
0
0
0
0
0
0
0
3415
0
0
0
911
459
0
628
0
0
0
0
0
0
0
0
0
0
0
0
0
0
3393
0
0
0
840
451
0
513
83
43
0
0
0
0
0
0
0
0
0
0
0
0
3327
0
0
0
929
513
632
106
106
0
44
44
44
44
44
44
0
0
0
0
0
2076
0
0
0
1802
1547
1164
343
88
88
13
0
0
0
0
0
0
0
0
0
0
0
2130
0
0
0
0
285
946
72
43
43
0
0
0
0
0
0
0
0
0
0
0
0
2133
0
0
0
0
232
590
32
32
19
0
0
0
0
0
0
0
0
0
0
0
0
2124
0
0
0
0
246
257
93
93
0
0
0
0
0
0
0
0
0
0
0
0
0
1954
0
0
0
0
0
93
28
28
0
0
0
0
0
0
0
0
0
0
0
0
0
0
0
0
0
0
0
28
0
0
0
0
0
0
0
0
0
0
0
0
0
0
0
0
0
0
0
0
0
0
0
0
0
0
0
0
0
0
0
0
0
0
0
0
115
0
0
0
0
0
0
0
0
0
0
0
0
0
0
0
0
0
0
0
0
0
566
0
0
0
0
0
0
0
0
0
0
0
0
0
164
164
0
0
0
0
0
0
574
0
0
0
0
0
0
0
0
0
0
0
0
0
170
170
0
0
0
0
0
0
0
0
0
0
0
0
0
0
0
0
0
0
0
0
222
222
0
0
0
0
0
0
0
0
0
0
0
0
0
0
0
0
0
0
0
224
0
0
0
0
0
0
0
0
0
0
0
0
0
0
0
0
0
0
0
0
0
162
0
0
0
0
0
0
0
0
0
0
0
0
0
0
0
0
0
0
0
1
0
0
217
0
0
0
0
0
0
0
5
0
0
382
0
0
0
0
0
0
0
0
1388
0
220
0
0
0
0
0
0
0
22
323
0
391
0
335
0
0
0
0
2
4
0
0
229
0
0
0
0
0
0
5
0
0
542
950
0
0
0
0
0
0
4
860
0
0
0
0
0
0
0
0
0
90
92
0
568
1017
0
0
0
0
0
0
2
1390
0
0
0
0
0
0
0
0
12
172
510
0
564
0
0
0
0
0
0
0
2
1415
0
0
0
0
0
0
0
0
76
0
0
514
1039
0
134
0
0
0
0
0
2
1403
0
0
0
0
0
0
0
0
65
599
0
506
1010
0
0
0
0
0
0
0
2
1372
0
0
0
0
0
0
0
0
914
589
0
558
1075
0
0
0
0
0
0
574
579
1979
0
0
0
0
0
0
0
2069
927
0
578
1149
0
0
0
0
0
0
0
684
687
0
0
0
0
0
0
0
0
2113
955
0
581
1127
0
0
0
0
0
0
0
0
2
0
0
0
0
0
0
0
0
0
1084
657
0
517
0
0
0
0
0
0
0
0
0
0
0
0
0
0
0
0
0
0
0
661
0
530
0
0
0
0
0
0
0
0
0
0
0
0
0
0
0
0
0
0
210
0
604
1109
0
0
0
0
0
0
0
0
0
0
0
0
0
0
0
0
0
0
170
0
601
1019
0
0
0
0
0
0
0
0
0
0
0
0
0
0
0
0
0
0
176
0
601
1097
0
0
0
0
0
0
0
0
0
0
0
0
0
0
0
0
0
180
180
0
552
1035
235
0
0
0
0
0
0
0
0
0
0
0
0
0
0
0
0
0
0
164
750
793
0
0
0
0
0
0
0
0
0
0
0
0
0
0
0
0
0
0
0
318
874
874
0
0
0
0
0
0
0
0
0
0
0
0
0
0
0
0
0
0
0
212
0
0
0
0
0
0
0
0
0
0
0
0
0
0
0
0
0
0
0
0
0
0
0
0
0
0
0
0
0
0
0
0
0
0
0
0
0
0
0
0
0
0
0
0
0
0
0
0
0
0
0
0
0
0
0
0
0
0
0
96
96
96
96
96
96
0
0
0
0
0
0
0
0
0
0
0
0
0
0
0
0
0
0
0
0
0
0
0
0
0
0
0
0
0
0
0
0
0
0
0
0
0
0
0
0
0
0
0
0
0
0
0
0
0
0
0
0
0
0
0
0
0
0
0
0
3
3
3
3
3
0
0
0
0
0
0
0
4095
4095
4095
0
0
0
0
0
0
0
15
15
15
15
15
0
13
13
13
13
13
13
0
0
0
0
0
0
0
0
0
34
34
34
34
34
20
6
0
0
0
0
0
0
0
0
1221
0
0
0
0
0
0
55
55
55
55
55
21
0
0
0
0
0
0
0
0
0
2159
0
0
0
0
0
0
58
58
58
58
58
11
0
0
0
0
0
0
0
0
0
2064
4082
4082
4082
4082
4082
4082
13
13
13
13
13
0
0
0
0
0
0
0
0
0
368
2254
4095
4095
4095
4095
4095
0
26
26
26
26
26
0
0
0
0
0
0
0
0
0
1246
2749
4084
4084
4084
4084
4084
0
0
0
0
0
0
0
0
0
0
0
0
0
0
0
1284
2876
4095
4095
4095
4095
4095
0
0
0
0
0
0
0
0
0
0
0
0
0
0
0
1293
2788
4095
4095
4095
4095
0
0
0
0
0
0
0
0
0
0
0
0
0
4095
4095
3936
2183
0
0
0
0
0
0
0
0
0
0
0
0
0
0
0
0
0
0
4095
4095
0
1355
2921
0
0
0
5
0
0
0
0
0
0
0
0
0
0
0
0
0
0
0
1283
2467
0
0
0
0
52
0
0
0
0
0
0
0
0
0
0
0
0
0
0
0
2579
0
0
0
0
19
0
0
0
0
0
0
0
0
0
0
0
0
0
0
0
0
2682
0
0
5
0
65
0
0
0
0
0
0
0
0
0
0
5
5
0
0
0
259
2749
0
0
14
0
83
905
0
0
0
0
0
0
0
0
2
10
97
0
0
0
1087
0
0
0
0
175
0
0
0
0
0
0
0
0
0
0
3
13
114
0
0
0
1793
0
0
0
0
198
0
1220
0
0
0
0
0
0
0
0
5
381
381
0
0
0
1480
0
0
0
0
211
0
432
0
0
0
0
0
0
0
0
4
612
612
0
0
0
0
0
0
0
0
0
1334
0
0
0
0
0
0
0
0
0
1
2
2
2
2
1779
0
0
0
0
166
0
1285
0
0
0
0
0
0
0
0
1021
1025
1026
0
0
0
1731
0
0
0
0
0
569
0
0
0
0
0
0
0
0
1674
0
5
0
0
0
0
2124
0
0
0
0
