43
46
22
0
0
0
0
1625
330
356
214
176
482
66
97
22
20
28
176
103
182
166
29
30
28
22
0
0
0
37
29
0
54
29
20
46
22
135
27
32
256
19
77
0
23
0
0
56
0
0
51
146
29
61
0
47
739
761
46
18
0
28
90
48
0
738
292
131
290
588
349
582
150
171
0
5
42
723
3173
0
244
230
245
1531
1514
206
82
0
276
0
0
0
411
0
0
776
0
133
0
0
0
27
97
220
289
68
71
421
978
538
0
194
301
38
437
388
303
859
438
33
632
0
130
30
0
132
226
320
517
0
294
156
0
391
465
30
381
0
0
29
92
219
98
364
0
307
551
281
188
434
766
1245
1081
0
0
22
175
5
6
33
415
875
27
1452
20
