0
0
0
4095
1208
2015
4095
0
0
1327
0
0
0
0
0
0
0
0
4095
0
0
0
0
0
0
4095
1368
2309
3781
0
0
2663
0
0
0
0
0
0
0
1113
0
0
0
0
0
0
0
4095
1168
2153
1338
0
0
0
0
0
0
0
0
0
0
1702
1725
2867
0
0
0
0
0
4095
1306
1992
0
0
0
0
0
0
0
0
0
0
0
1381
1730
1659
0
0
0
0
0
4095
1152
3747
0
0
0
0
0
0
0
0
0
0
0
1457
1868
0
0
0
0
0
0
4095
1108
4095
0
0
0
0
0
0
0
0
0
0
0
1567
1833
0
0
0
4095
0
2360
277
1212
3117
0
0
0
0
0
0
0
0
0
0
0
1632
322
0
0
0
4095
0
1816
197
1080
1442
0
0
0
1734
0
0
0
0
0
0
0
1760
0
0
0
0
4095
0
1708
273
931
1455
0
0
0
910
0
0
0
0
0
0
0
1231
0
0
0
0
0
0
4095
174
912
1239
0
0
1126
0
0
0
0
0
0
0
0
173
0
0
0
0
0
4095
1099
292
803
0
1089
0
924
0
0
0
0
0
0
0
166
0
0
0
0
0
0
4095
1095
273
1064
0
1131
0
0
0
0
0
0
0
0
0
124
251
0
0
0
0
0
4095
1205
270
345
0
751
0
0
0
0
0
0
0
0
0
0
341
0
0
0
0
0
4095
1270
464
330
0
325
0
0
0
0
0
0
0
0
0
0
190
0
0
0
0
4095
3511
1176
561
0
368
398
0
0
0
0
0
0
0
0
0
100
0
0
0
0
0
3540
3160
1166
451
0
387
352
0
0
0
0
0
0
0
0
0
293
0
0
0
0
0
4095
3423
1365
363
0
321
134
0
0
0
0
0
0
0
0
0
277
0
0
0
0
0
4095
3465
1227
0
0
350
66
0
0
0
0
0
0
0
0
0
0
0
0
0
0
0
3561
3722
1245
0
0
219
41
0
0
0
0
0
0
0
0
0
0
0
0
0
0
1128
3545
3092
1323
0
3
58
0
0
0
0
0
0
0
0
0
0
0
0
0
0
0
1248
3532
3095
1532
0
133
6
0
0
0
0
0
0
0
0
0
0
0
0
0
0
0
1216
4095
3145
270
0
126
7
0
0
0
0
0
0
0
0
0
0
0
0
0
0
0
1180
4095
2832
265
0
33
55
0
0
0
0
0
0
988
0
0
0
0
0
0
0
0
1149
4095
1381
603
0
193
520
0
0
0
0
0
0
2519
0
0
0
0
0
0
0
0
2361
0
1166
0
3
129
439
0
0
0
0
0
0
0
0
0
0
0
0
0
0
0
4095
0
4068
0
86
114
0
0
0
0
0
0
3176
0
0
0
0
0
0
0
0
0
4095
0
0
0
362
89
0
0
0
0
0
0
1631
1267
0
0
0
0
0
0
0
0
4095
0
0
651
82
155
0
0
0
0
0
0
2760
1208
0
0
0
0
0
0
0
0
4095
0
0
654
99
0
0
0
0
0
0
0
3259
1269
0
0
0
0
0
0
0
0
1160
0
0
728
90
0
0
0
0
0
0
0
3704
1276
0
0
0
0
0
0
0
0
0
0
0
1242
38
0
0
0
0
0
0
0
3647
0
0
0
0
0
0
0
0
1915
0
0
930
182
0
0
0
0
0
0
0
0
3353
0
0
0
0
0
0
68
962
0
0
0
1402
283
0
0
0
0
0
0
0
2265
1354
249
0
0
0
0
0
160
2029
0
0
0
1314
161
0
0
0
0
0
0
0
2124
0
430
0
0
0
0
0
1584
3925
0
0
0
1333
133
0
0
0
0
0
0
0
1749
0
250
0
0
0
0
108
0
0
0
0
1057
271
430
0
0
0
0
0
0
0
324
0
0
0
0
0
0
0
825
1831
0
0
1099
234
440
0
0
0
0
0
124
0
0
0
0
0
0
0
0
0
1291
1855
0
0
1112
127
836
0
0
0
0
0
0
0
0
0
0
0
0
0
96
0
1119
1590
0
0
1036
46
0
0
0
0
14
0
0
0
0
0
0
0
0
0
0
704
1136
1104
0
0
944
11
0
0
0
0
63
0
0
0
0
0
0
0
0
0
0
1115
848
0
0
0
546
63
0
0
0
0
62
0
0
0
0
0
0
0
0
0
0
2450
0
0
0
0
525
45
0
0
0
14
62
0
0
0
0
0
0
0
0
70
0
0
0
0
1197
0
0
26
0
0
0
86
0
0
0
0
0
0
0
0
0
0
0
0
0
0
435
0
0
0
0
0
0
78
0
0
0
0
0
0
0
0
0
0
0
0
0
0
396
0
0
0
0
0
0
73
0
0
0
0
0
0
0
0
0
0
0
0
0
0
529
0
0
0
0
0
0
0
0
0
0
0
0
0
0
0
0
0
0
0
0
0
0
0
0
0
0
0
0
0
0
0
0
0
0
0
0
0
22
0
0
0
0
0
0
0
0
0
0
0
0
0
0
0
0
0
0
0
0
0
0
0
0
0
0
0
0
0
0
0
0
0
0
0
0
0
0
0
0
0
0
0
0
0
0
0
0
0
0
0
0
0
0
0
0
0
0
4095
0
0
0
0
0
0
0
0
0
0
0
0
0
0
0
0
0
0
0
0
0
4095
0
0
0
0
0
40
0
0
0
0
0
0
0
0
0
0
0
0
0
0
0
4095
0
0
0
0
0
69
0
0
0
0
0
0
0
0
0
0
0
0
0
0
4095
0
0
0
0
0
0
66
0
0
0
0
0
0
0
0
0
0
0
0
0
0
4095
0
0
0
0
0
0
67
0
0
0
0
0
0
0
0
0
0
0
0
0
0
0
0
0
0
0
0
0
0
0
0
0
0
0
0
0
0
0
0
0
0
0
0
0
0
0
0
0
0
48
0
0
0
0
0
0
0
0
0
0
0
0
0
0
0
0
0
0
0
0
0
0
0
0
0
0
0
0
0
0
0
0
0
4095
0
0
0
0
0
0
0
0
0
0
0
0
0
0
0
0
0
0
0
0
0
0
0
0
0
0
0
0
0
0
82
0
0
0
0
0
0
0
0
0
0
0
0
0
0
0
0
4095
4095
0
0
0
0
0
0
0
0
0
0
0
0
0
0
0
15
0
0
0
4095
4095
516
0
0
48
0
0
0
0
0
0
0
0
0
0
0
0
585
0
0
0
4095
1714
609
0
0
83
0
0
0
0
0
0
0
0
0
0
0
12
1506
0
0
0
4095
1186
514
0
0
73
0
0
0
0
0
0
0
0
0
0
0
96
0
0
0
2499
4095
1037
214
0
0
57
0
0
0
0
0
0
0
0
0
0
0
96
0
0
0
2153
4095
1221
208
0
0
905
0
0
0
0
0
0
0
0
0
0
0
648
0
0
0
2500
4095
1129
0
0
0
2191
0
0
0
0
0
0
0
0
0
0
0
734
0
0
2068
1430
4095
2423
57
1838
0
1128
0
0
0
0
0
0
0
0
0
0
0
0
0
0
3867
2396
4095
4095
62
1252
1239
1302
0
0
0
0
0
0
0
0
0
0
0
0
0
0
3583
2171
4095
4095
41
2103
1135
722
0
0
0
0
0
0
0
0
0
0
0
0
0
0
3718
2096
4095
4095
123
0
1133
0
0
0
0
0
0
0
2409
0
0
11
0
0
0
0
4095
2477
4095
4095
0
928
882
0
0
0
0
0
0
0
2190
0
0
4
0
0
0
4095
1014
2053
4095
0
0
1580
0
0
0
0
0
0
0
0
1992
0
0
2
0
