0
4095
1468
3415
0
0
1727
0
0
0
0
0
0
0
0
3325
0
0
3
0
0
0
4095
435
1285
3425
0
0
1405
0
0
0
0
0
0
0
0
2896
0
0
0
0
0
0
4095
548
1188
3587
0
0
0
0
0
0
0
0
0
0
744
1633
1318
0
0
0
0
0
4095
454
1460
2666
0
0
0
0
0
0
0
0
0
0
1150
1513
1362
0
0
0
0
0
4095
463
1185
2533
0
0
0
0
0
0
0
0
0
0
1097
1765
1453
0
0
0
0
0
4095
476
3068
0
0
0
0
0
0
0
0
0
0
0
0
3289
0
0
0
0
0
0
4095
345
3195
0
0
0
0
0
0
0
0
0
0
0
1401
1739
0
0
0
0
0
0
945
280
3082
0
0
0
0
0
0
0
0
0
0
0
1408
609
0
0
0
4095
0
4095
926
375
1061
0
0
0
1319
0
0
0
0
0
0
0
1506
0
0
0
0
4095
0
4095
828
282
938
0
0
0
1322
0
0
0
0
0
0
0
1776
0
0
0
0
4095
0
4095
1068
351
951
0
0
1135
0
0
0
0
0
0
0
0
268
0
0
0
0
0
0
4095
1006
269
0
945
0
1216
0
0
0
0
0
0
0
0
0
0
328
0
0
0
4095
2221
1087
286
0
1811
0
0
0
0
0
0
0
0
0
0
420
0
0
0
0
0
4095
1892
1285
0
0
1375
0
0
0
0
0
0
0
0
0
0
557
0
0
0
0
0
4095
1893
1068
0
0
786
0
0
0
0
0
0
0
0
0
0
272
0
0
0
0
0
4095
2094
1168
0
388
368
0
0
0
0
0
0
0
0
0
0
0
0
0
0
0
0
4095
2154
1154
0
424
477
0
0
0
0
0
0
0
0
0
314
0
0
0
0
0
4095
4095
2038
1094
0
442
138
0
0
0
0
0
0
0
0
0
339
0
0
0
0
0
1153
4095
2025
567
0
409
100
0
0
0
0
0
0
0
0
0
65
0
0
0
0
0
1336
4095
2334
0
0
358
48
0
0
0
0
0
0
0
0
0
0
0
0
0
0
0
1737
4095
1937
0
0
109
8
0
0
0
0
0
0
0
0
347
0
0
0
0
0
0
1616
4095
2032
0
70
16
0
0
0
0
0
0
0
0
0
276
0
0
0
0
0
542
1085
4095
2407
0
257
3
0
0
0
0
0
0
0
0
0
273
0
0
0
0
0
519
4095
4095
1132
0
56
6
0
0
0
0
0
0
862
0
0
0
0
0
0
0
0
360
4095
4095
251
0
161
440
0
0
0
0
0
0
1558
0
0
0
0
0
0
0
0
87
4095
0
266
0
183
556
0
0
0
0
0
0
1616
0
0
0
0
0
0
0
0
0
4095
235
0
201
247
0
0
0
0
0
0
3056
0
0
0
0
0
0
0
0
0
3740
0
0
0
288
134
0
0
0
0
0
0
1867
1125
0
0
0
0
0
0
0
0
419
0
0
0
294
116
0
0
0
0
0
0
2578
1315
0
0
0
0
0
0
0
0
589
0
0
0
114
72
0
0
0
0
0
0
3494
1178
0
0
0
0
0
0
0
0
735
0
0
658
155
0
0
0
0
0
0
0
3334
1211
0
0
0
0
0
0
0
596
0
0
0
1056
85
0
0
0
0
0
0
0
3183
237
0
0
0
0
0
0
0
1737
0
0
0
1079
0
0
0
0
0
0
0
0
3492
0
0
0
0
0
0
41
0
2578
0
0
869
281
0
0
0
0
0
0
0
2488
1639
119
0
0
0
0
0
52
2055
0
0
0
1491
93
0
0
0
0
0
0
0
2284
0
381
0
0
0
0
0
4
1591
0
0
0
1367
264
0
0
0
0
0
0
0
1732
0
388
0
0
0
0
132
0
0
2279
0
0
627
53
0
0
0
0
0
0
0
356
0
0
0
0
0
0
0
0
1265
1086
0
0
725
267
0
0
0
0
0
1
0
0
0
0
0
0
0
0
0
812
1795
0
0
1060
348
407
0
0
0
0
0
0
0
0
0
0
0
0
0
58
0
910
1515
0
0
0
1219
538
0
0
0
0
0
0
0
0
0
0
0
0
0
0
0
1190
533
0
0
0
1543
0
0
0
0
77
0
0
0
0
0
0
0
0
0
0
748
1573
0
0
0
0
1211
0
0
0
0
63
0
0
0
0
0
0
0
0
0
0
1052
0
0
0
0
1177
8
0
0
0
0
60
0
0
0
0
0
0
0
0
1258
0
0
0
0
0
0
0
1170
0
0
0
66
0
0
0
0
0
0
0
0
0
304
0
0
0
0
428
0
0
25
0
0
0
81
0
0
0
0
0
0
0
0
0
0
0
0
0
0
351
0
0
0
0
0
0
75
0
0
0
0
0
0
0
0
0
0
0
0
0
0
386
0
0
0
0
0
0
6
0
0
0
0
0
0
0
0
76
0
0
0
0
0
0
0
0
0
0
0
0
0
0
0
0
0
0
0
0
0
15
0
0
0
0
0
0
0
0
0
0
0
0
0
0
0
0
0
0
0
0
0
0
0
0
0
0
0
0
0
0
0
0
0
4095
0
0
0
0
0
0
0
0
0
20
0
0
0
0
0
0
0
0
0
0
0
0
0
0
4095
0
0
0
0
0
0
18
0
0
0
0
0
0
0
0
0
0
0
0
0
0
4095
0
0
0
0
0
33
0
0
0
0
0
0
0
0
0
0
0
0
0
0
0
4095
0
0
0
0
0
160
0
0
0
0
0
0
0
0
0
0
0
0
0
0
0
4095
0
0
0
0
0
67
0
0
0
0
0
0
0
0
0
0
0
0
0
0
0
0
0
0
0
0
0
4095
0
0
0
0
0
0
0
0
0
0
0
0
0
0
0
0
0
0
0
0
4095
12
0
0
0
0
0
0
0
0
0
0
0
0
0
0
0
0
0
0
0
0
4095
0
0
0
0
0
0
0
0
0
0
0
0
0
0
0
0
0
0
0
0
0
4095
0
0
0
0
0
0
0
0
0
0
0
0
0
0
0
0
0
0
0
0
4095
0
0
0
0
0
0
0
0
0
0
0
0
4095
0
0
0
0
0
0
0
0
4095
0
0
0
0
0
0
0
0
0
0
0
0
4095
0
0
0
4095
1189
0
0
0
8
0
0
0
0
0
0
0
0
0
0
0
0
0
0
0
4095
4095
1177
0
0
61
0
0
0
0
0
0
0
0
0
0
0
0
47
0
0
0
4095
3658
1342
0
0
191
0
0
0
0
0
0
0
0
0
0
0
0
16
0
0
0
4095
3549
1290
0
0
916
462
0
0
0
0
0
0
0
0
0
0
4
1175
0
0
3929
3224
3597
1145
0
0
0
1342
0
0
0
0
0
0
0
0
0
0
179
0
0
0
3229
3223
3606
3783
0
0
1739
73
0
0
0
0
0
0
0
0
0
0
166
0
0
1778
1537
3652
4095
0
0
1475
1400
0
0
0
0
0
0
0
0
0
0
0
495
0
0
1485
1567
3141
4095
4095
0
1660
1268
0
0
0
0
0
0
0
0
0
0
0
568
0
0
3744
1698
3105
4095
4095
131
0
2467
0
0
0
0
0
0
0
0
0
0
0
0
0
0
3632
1455
3360
4095
3573
347
1056
850
0
0
0
0
0
0
0
0
0
0
0
0
0
0
2821
1386
4015
4095
0
0
2108
0
0
0
0
0
0
0
1837
0
0
2
0
0
0
0
3064
1454
4095
0
0
0
2090
0
0
0
0
0
0
0
2133
0
0
2
0
0
0
0
