0
0
3765
0
0
0
0
0
582
0
0
0
0
0
0
0
0
1569
751
0
0
0
0
1237
3842
0
0
0
0
0
1835
0
0
0
0
0
0
0
0
0
0
0
0
0
0
2287
3922
0
0
0
0
0
0
0
0
0
0
0
0
0
0
0
0
0
0
0
0
2523
0
0
0
0
0
0
0
0
0
0
0
0
0
0
0
0
0
0
0
0
1559
3585
0
0
0
0
0
0
0
0
0
0
0
0
0
0
189
0
0
0
0
0
2090
3634
0
0
0
0
0
0
0
0
0
0
0
0
0
0
236
0
0
0
0
0
1980
3708
0
0
0
0
0
0
0
0
0
0
0
0
0
0
452
0
0
0
0
-2200
2307
3637
0
0
0
0
0
0
593
0
0
0
0
0
0
0
763
0
0
0
0
-4811
2962
0
0
0
0
0
0
577
1172
0
0
0
0
0
0
0
0
0
0
0
0
10091
2941
0
0
0
0
0
0
633
0
0
0
0
0
0
0
0
0
0
0
0
0
0
2820
0
0
0
0
0
518
0
0
0
0
0
0
0
0
0
0
0
0
0
0
0
3054
0
0
0
0
0
0
0
0
0
0
0
0
0
0
0
0
0
0
0
0
0
3033
0
0
0
0
0
0
0
0
0
0
0
0
0
0
0
0
0
0
0
0
0
0
0
0
0
0
0
0
0
0
0
0
0
0
0
0
0
0
0
0
0
0
2024
0
0
0
0
0
0
0
0
0
0
0
0
0
0
0
0
0
0
0
0
0
2048
0
0
0
0
0
0
0
0
0
0
0
0
0
0
0
0
0
0
0
0
0
2652
0
0
0
0
0
0
0
0
0
0
0
0
0
0
0
0
0
0
0
0
0
2559
0
0
0
0
0
0
0
0
0
0
0
0
0
0
0
0
0
0
0
0
0
0
0
0
0
0
0
0
0
0
0
0
0
0
0
0
0
0
0
0
0
0
0
0
0
0
0
0
0
0
0
0
0
0
0
0
0
0
0
0
0
0
0
0
0
0
0
0
0
0
0
0
0
0
0
0
0
0
0
0
0
0
0
0
0
0
0
0
0
0
0
0
0
0
0
0
0
0
0
0
1022
1022
0
0
0
0
0
0
0
0
0
0
0
0
0
0
0
0
0
0
0
0
1287
1287
0
0
0
0
0
0
0
0
0
0
0
0
0
0
0
0
0
0
0
0
0
0
0
0
0
0
0
0
0
0
0
0
0
0
0
0
0
0
0
0
0
0
0
0
0
0
0
0
0
0
0
0
0
0
0
0
0
0
0
0
0
2
2
0
0
0
0
0
0
0
0
0
0
0
0
0
0
0
0
0
0
0
0
1
389
0
0
0
0
0
0
0
0
0
17
0
0
326
0
0
0
0
0
0
0
5
1726
0
0
0
0
0
0
0
0
0
226
0
0
332
0
0
0
0
0
0
4
8
1928
0
0
0
0
0
0
0
0
68
519
0
0
281
0
0
0
0
0
0
7
11
1641
0
0
0
0
0
0
0
0
0
0
0
513
873
0
0
0
0
0
0
10
14
1865
0
0
0
0
0
0
0
0
68
0
0
1083
0
0
0
0
0
0
0
189
193
1988
0
0
0
0
0
0
0
207
505
191
568
1071
0
0
0
0
0
0
0
562
1145
0
0
0
0
0
0
0
0
0
0
0
556
1061
0
0
0
0
0
0
113
255
1681
0
0
0
0
0
0
0
0
0
0
0
532
0
0
0
0
0
0
0
151
153
1669
0
0
0
0
0
0
0
0
0
0
0
525
0
0
0
0
0
0
0
0
4
2446
0
0
0
0
0
0
0
0
0
0
0
568
0
0
0
0
0
0
0
0
0
0
0
0
0
0
0
0
0
0
0
0
0
533
0
0
0
0
0
0
0
0
0
0
0
0
0
0
0
0
0
0
0
0
0
597
0
0
0
0
0
0
0
0
0
0
0
0
0
0
0
0
0
0
0
0
0
551
0
0
0
0
0
0
0
0
0
0
0
0
0
0
0
0
0
0
0
0
621
1191
0
0
0
0
0
0
0
0
0
0
0
0
0
0
0
0
0
0
0
0
0
537
0
0
0
0
0
0
0
0
0
0
0
0
0
0
0
0
0
0
0
178
593
347
0
0
0
0
0
0
0
0
0
0
0
0
0
0
0
0
0
0
0
186
0
0
0
0
0
0
0
0
0
0
0
0
0
0
0
0
0
0
0
0
0
184
0
0
0
0
0
0
0
0
0
0
0
0
0
0
0
0
0
0
0
0
0
0
0
0
0
0
0
0
0
0
0
0
0
0
0
0
0
0
0
0
0
0
0
0
0
0
0
0
0
0
0
0
0
0
0
0
0
0
0
0
0
0
0
0
0
0
0
0
0
0
0
0
0
0
0
0
0
0
0
0
0
0
0
0
0
0
0
0
0
0
0
0
0
0
0
0
0
0
0
0
0
0
0
0
0
0
0
0
0
0
0
0
0
0
0
0
0
0
2017
0
0
0
0
0
0
0
0
0
0
0
0
0
0
0
0
0
0
0
0
0
4095
0
0
0
0
0
0
0
0
0
0
0
0
0
0
0
0
0
0
0
0
0
0
0
0
0
0
0
0
0
0
0
0
0
0
0
0
0
0
0
0
0
0
1562
0
0
0
0
0
0
0
0
0
0
0
0
0
0
0
0
0
0
0
0
424
2285
0
0
0
0
0
0
0
0
0
0
0
0
0
0
0
0
0
0
0
0
0
0
0
0
0
0
0
0
0
0
0
0
0
0
0
0
0
0
0
0
0
0
0
0
0
0
0
0
0
0
0
0
0
0
0
0
0
0
0
0
0
0
0
0
0
0
0
0
0
0
0
0
0
0
0
0
0
0
0
0
0
0
0
0
0
0
-6258
-7893
-7728
0
0
0
0
0
0
0
0
0
0
0
0
0
0
0
0
0
0
0
-4786
-8411
-6494
-505
0
0
0
0
0
0
0
0
0
0
0
0
0
0
0
9
0
0
-4600
-6961
-5221
-404
0
0
0
0
0
0
0
0
0
0
0
0
0
0
0
0
0
0
19862
26880
26538
1123
0
0
0
0
0
0
0
0
0
0
0
0
0
0
0
0
0
0
1360
0
0
0
0
59
0
0
0
0
0
0
0
0
0
0
0
0
0
0
0
2480
0
0
0
0
0
72
0
0
0
0
0
0
0
0
0
1
1
1
0
0
0
2416
0
0
0
0
0
478
0
0
0
0
0
0
0
0
0
4
4
4
0
0
0
2441
0
0
0
0
0
1126
0
0
0
0
0
0
0
0
1
5
224
0
0
0
1175
0
0
0
0
0
0
1127
0
0
0
0
0
0
0
0
0
2
714
0
0
0
1782
0
0
0
0
0
177
0
0
0
0
0
0
0
0
0
0
4
349
0
0
0
1483
0
0
0
0
0
0
0
0
0
0
0
0
0
0
0
315
317
317
0
0
0
0
0
0
0
0
0
0
0
0
0
0
0
0
0
0
0
1372
1394
0
0
0
589
0
0
0
0
0
0
0
0
0
0
0
0
0
0
0
0
1455
1457
0
0
0
3063
0
0
0
0
0
0
0
0
0
0
0
0
0
0
0
265
0
0
0
0
0
3710
0
0
0
0
0
0
0
0
0
0
0
0
0
0
0
-272
-137
0
0
0
