0
0
0
0
592
0
0
0
0
0
0
0
0
3368
0
2
0
0
0
0
2056
0
0
0
0
1219
0
0
0
0
0
0
0
0
0
0
0
0
0
0
0
2779
3871
0
0
0
0
0
0
0
0
0
0
0
0
0
0
0
0
0
0
0
0
2849
0
0
0
0
0
0
0
0
0
0
0
0
0
0
0
0
0
0
0
0
0
3672
0
0
0
0
0
0
0
0
0
0
0
0
0
0
0
0
0
0
0
0
1053
3695
0
0
0
0
0
0
0
0
0
0
0
0
0
0
0
0
0
0
0
0
2224
3887
0
0
0
0
0
0
0
0
0
0
0
0
0
0
1421
0
0
0
0
-488
2286
3875
0
0
0
0
0
0
586
0
0
0
0
0
0
0
0
0
0
0
0
-7104
3097
3846
0
0
0
0
0
1715
1159
0
0
0
0
0
0
0
0
0
0
0
0
9186
0
0
0
0
0
0
0
548
0
0
0
0
0
0
0
0
0
0
0
0
0
0
0
0
0
0
0
0
0
1214
0
0
0
0
0
0
0
0
0
0
0
0
0
0
0
0
0
0
0
0
0
0
0
0
0
0
0
0
0
0
0
0
0
0
0
0
3387
0
0
0
0
0
0
0
0
0
0
0
0
0
0
0
0
0
0
0
0
2113
0
0
0
0
238
0
0
0
0
0
0
0
0
0
0
0
0
0
0
0
0
2026
0
0
0
0
273
0
0
0
0
0
0
0
0
0
0
0
0
0
0
0
0
2095
0
0
0
0
234
0
0
0
0
0
0
0
0
0
0
0
0
0
0
0
0
2119
0
0
0
0
0
0
0
0
0
0
0
0
0
0
0
0
0
0
0
0
0
2130
0
0
0
0
0
0
0
0
0
0
0
0
0
0
0
0
0
0
0
0
0
0
0
0
0
0
0
0
0
0
0
0
0
0
0
0
0
0
0
0
0
0
0
0
0
0
0
0
0
0
0
0
0
0
0
0
0
0
0
0
0
0
0
0
340
0
0
0
0
0
0
0
0
0
0
0
0
0
0
0
0
0
0
0
0
0
571
0
0
0
0
0
0
0
0
0
0
0
0
0
178
178
0
0
0
0
0
0
552
0
0
0
0
0
0
0
0
0
0
0
0
0
164
164
0
0
0
0
0
0
0
0
0
0
0
0
0
0
0
0
0
0
0
0
0
0
0
0
0
0
0
0
0
0
0
0
0
0
0
0
0
0
0
0
0
0
0
0
0
0
0
0
0
0
0
0
0
0
0
0
0
0
0
0
0
0
0
0
0
0
0
0
0
0
0
0
0
0
0
0
0
0
0
0
0
0
0
0
0
0
0
0
0
0
0
0
0
0
0
0
0
0
0
0
0
0
0
0
1
1
0
0
0
0
0
0
0
0
0
0
0
0
0
404
0
0
0
0
0
0
2
2
0
0
0
0
0
0
0
0
0
13
0
0
0
391
0
0
0
0
0
0
4
1353
0
0
0
0
0
0
0
0
0
145
0
0
0
421
0
0
0
0
0
0
5
1496
0
0
0
0
0
0
0
0
39
206
0
0
562
0
0
0
0
0
0
0
3
1436
0
0
0
0
0
0
0
0
83
0
0
0
531
0
0
0
0
0
0
0
2
1382
0
0
0
0
0
0
0
0
272
0
0
0
507
0
0
0
0
0
0
146
148
1574
0
0
0
0
0
0
0
0
0
0
0
530
0
0
0
0
0
0
0
700
704
0
0
0
0
0
0
0
0
0
0
0
0
549
0
0
0
0
0
0
0
402
404
0
0
0
0
0
0
0
0
0
0
0
0
609
0
0
0
0
0
0
0
0
2
0
0
0
0
0
0
0
0
0
0
0
0
507
0
0
0
0
0
0
0
0
0
0
0
0
0
0
0
0
0
0
0
0
0
515
0
0
0
0
0
0
0
0
0
0
0
0
0
0
0
0
0
0
0
0
0
532
0
0
0
0
0
0
0
0
0
0
0
0
0
0
0
0
0
0
0
0
0
521
0
0
0
0
0
0
0
0
0
0
0
0
0
0
0
0
0
0
0
0
0
532
0
0
0
0
0
0
0
0
0
0
0
0
0
0
0
0
0
0
0
0
576
961
0
0
0
0
0
0
0
0
0
0
0
0
0
0
0
0
0
0
0
0
461
461
0
0
0
0
0
0
0
0
0
0
0
0
0
0
0
0
0
0
0
188
0
0
0
0
0
0
0
0
0
0
0
0
0
0
0
0
0
0
0
0
0
0
0
0
0
0
0
0
0
0
0
0
0
0
0
0
0
0
0
0
0
0
0
0
0
0
0
0
0
0
0
0
0
0
0
0
0
0
0
0
0
0
0
0
0
0
0
0
0
0
0
0
0
0
0
0
0
0
0
0
0
0
0
0
0
0
0
0
0
0
0
0
0
0
0
0
0
0
0
0
0
0
0
0
0
0
0
0
0
0
0
0
0
0
0
0
0
0
-1764
0
0
0
0
0
0
0
0
0
0
0
0
0
0
0
0
0
0
0
0
0
-5041
0
0
0
0
0
0
0
0
0
0
0
0
0
0
0
1
1
1
0
0
0
9722
0
0
0
0
0
0
0
0
0
0
0
0
0
0
0
0
0
0
0
0
1975
0
0
0
0
0
0
0
0
0
0
0
0
0
0
0
0
0
0
0
0
615
2426
0
0
0
0
0
0
0
0
0
0
0
0
0
0
0
0
0
0
0
0
0
0
0
0
0
0
0
0
0
0
0
0
0
0
0
0
0
0
0
0
0
0
0
0
0
0
0
0
0
0
0
0
0
0
0
0
0
0
0
0
0
0
0
0
0
0
0
0
0
0
0
0
0
0
0
0
0
0
0
0
0
0
0
0
0
0
-5574
-8219
-6903
0
0
0
0
0
0
0
0
0
0
0
0
0
0
0
0
0
0
0
-4804
-8235
-6506
0
0
0
0
0
0
0
0
0
0
0
0
0
0
0
0
0
0
0
14128
-6830
-6095
0
0
0
0
0
0
0
0
0
0
0
0
0
0
0
1
0
0
0
373
29095
22218
0
0
0
0
0
0
0
0
0
0
0
0
0
0
0
0
0
0
0
2211
0
0
0
0
18
0
0
0
0
0
0
0
0
0
0
0
0
11
0
0
1174
0
0
0
0
0
92
0
0
0
0
0
0
0
0
0
0
0
0
0
0
0
2578
0
0
0
0
103
0
0
0
0
0
0
0
0
0
0
2
2
2
0
0
0
2621
0
0
0
0
0
0
0
0
0
0
0
0
0
0
1
8
29
0
0
0
387
2793
0
0
0
0
130
0
0
0
0
0
0
0
0
0
2
10
110
0
0
0
1483
0
0
0
0
0
0
0
0
0
0
0
0
0
0
0
2
8
61
0
0
0
1463
0
0
0
0
0
0
0
0
0
0
0
0
0
0
0
3
541
541
0
0
0
0
0
0
0
0
0
0
0
0
0
0
0
0
0
0
0
3
404
404
0
0
0
0
0
0
0
0
0
0
0
0
0
0
0
0
0
0
0
3
4
0
0
0
2805
0
0
0
0
0
0
0
0
0
0
0
0
0
0
0
-540
5
5
0
0
0
3011
0
0
0
0
0
0
0
0
0
0
0
0
0
0
0
566
3
0
0
0
0
2359
0
0
