0
0
0
0
0
0
4
4
0
0
0
2790
0
0
0
0
198
0
0
0
0
0
0
0
0
0
0
0
6
6
0
0
0
3321
0
0
0
0
0
0
0
0
0
0
0
0
0
0
0
1681
0
0
0
0
0
3812
0
0
0
0
0
621
0
0
0
0
0
0
0
0
0
0
0
0
0
0
0
3773
0
0
0
0
0
1712
0
0
0
0
0
0
0
0
0
0
0
0
0
0
1954
3889
0
0
0
0
0
0
0
0
0
0
0
0
0
0
0
0
0
0
0
0
2031
3959
0
0
0
0
0
0
0
0
0
0
0
0
0
757
0
0
0
0
0
0
3164
0
0
0
0
0
0
0
0
0
0
0
0
0
0
1117
0
0
0
0
0
1990
3683
0
0
0
0
0
0
0
0
0
0
0
0
0
0
1373
0
0
0
0
0
1964
3582
0
0
0
0
0
0
0
0
0
0
0
0
0
0
1266
0
0
0
0
-3514
2036
3691
0
0
0
0
0
0
0
0
0
0
0
0
0
0
0
0
0
0
0
4452
0
3015
0
0
0
0
0
0
594
0
0
0
0
0
0
0
0
0
0
0
0
0
0
0
0
0
0
0
0
536
1185
0
0
0
0
0
0
0
0
0
0
0
0
0
0
0
0
0
0
0
0
556
0
0
0
0
0
0
0
0
0
0
0
0
0
0
0
0
0
0
0
0
533
0
0
0
0
0
0
0
0
0
0
0
0
0
0
0
2826
0
0
0
0
0
0
0
0
0
0
0
0
0
0
0
0
0
0
0
0
1992
0
0
0
0
0
0
0
0
0
0
0
0
0
0
0
0
0
0
0
0
0
1871
0
0
0
0
0
0
0
0
0
0
0
0
0
0
0
0
0
0
0
0
0
2102
0
0
0
0
0
0
0
0
0
0
0
0
0
0
0
0
0
0
0
0
0
2668
0
0
0
0
0
0
0
0
0
0
0
0
0
0
0
0
0
0
0
0
0
2627
0
0
0
0
0
0
0
0
0
0
0
0
0
0
0
0
0
0
0
0
0
0
0
0
0
0
0
0
0
0
0
0
0
0
0
0
0
0
0
0
0
0
0
0
0
0
0
0
0
0
0
0
0
0
0
0
0
0
0
0
0
0
0
0
0
0
0
0
0
0
0
0
0
0
0
0
0
0
0
0
0
0
0
0
0
0
0
0
0
0
0
0
0
0
0
0
0
0
0
0
0
508
0
0
0
0
0
0
0
0
0
0
0
0
0
0
0
0
0
0
0
0
508
290
0
0
0
0
0
0
0
0
0
0
0
0
0
0
0
0
0
0
0
0
290
0
0
0
0
0
0
0
0
0
0
0
0
0
0
0
0
0
0
0
0
0
0
0
0
0
0
0
0
0
0
0
0
0
0
0
0
0
0
0
0
0
0
0
0
0
0
0
0
0
0
0
0
0
0
0
0
0
0
0
0
0
0
4
4
0
164
0
0
0
0
0
0
0
85
0
0
0
0
0
0
0
0
0
0
5
1374
0
0
0
0
0
0
0
0
10
328
0
0
360
0
0
0
0
0
0
0
5
1814
0
0
0
0
0
0
0
0
0
0
0
0
332
0
0
0
0
0
0
7
369
2170
0
0
0
0
0
0
0
0
70
0
0
455
779
0
0
0
0
0
0
7
1247
2726
0
0
0
0
0
0
0
47
133
0
0
563
0
0
0
0
0
0
0
3
1290
2829
0
0
0
0
0
0
0
165
0
0
0
490
0
0
0
0
0
0
0
25
1394
0
0
0
0
0
0
0
0
0
0
0
0
502
0
0
0
0
0
0
0
4
1478
0
0
0
0
0
0
0
0
0
0
0
543
0
0
0
0
0
0
0
525
530
2100
0
0
0
0
0
0
0
0
0
0
0
578
0
0
0
0
0
0
0
810
813
2189
0
0
0
0
0
0
0
0
0
0
0
602
0
0
0
0
0
0
0
0
2
1950
0
0
0
0
0
0
0
0
0
0
0
557
0
0
0
0
0
0
0
0
0
0
0
0
0
0
0
0
0
0
0
0
0
558
0
0
0
0
0
0
0
0
0
0
0
0
0
0
0
0
0
0
0
0
0
526
0
0
0
0
0
0
0
0
0
0
0
0
0
0
0
0
0
0
0
0
0
516
0
0
0
0
0
0
0
0
0
0
0
0
0
0
0
0
0
0
0
0
0
529
0
0
0
0
0
0
0
0
0
0
0
0
0
0
0
0
0
0
0
204
598
0
0
0
0
0
0
0
0
0
0
0
0
0
0
0
0
0
0
0
0
180
0
0
0
0
0
0
0
0
0
0
0
0
0
0
0
0
0
0
0
0
0
187
0
0
0
0
0
0
0
0
0
0
0
0
0
0
0
0
0
0
0
0
0
0
0
0
0
0
0
0
0
0
0
0
0
0
0
0
0
0
0
0
0
0
0
0
0
0
0
0
0
0
0
0
0
0
0
0
0
0
0
0
0
0
0
0
0
0
0
0
0
0
0
0
0
0
0
0
0
0
0
0
0
0
0
0
0
0
0
0
0
0
0
0
0
0
0
0
0
0
0
0
0
0
0
0
0
0
0
0
0
0
0
0
0
0
0
0
0
0
0
0
0
0
0
0
0
0
0
0
0
0
0
0
0
0
0
0
0
0
0
0
-3462
0
0
0
0
0
0
0
0
0
0
0
0
0
0
0
0
0
0
0
0
0
4947
0
0
0
0
0
0
0
0
0
0
0
0
0
0
0
0
0
0
0
0
0
0
0
0
0
0
0
0
0
0
0
0
0
0
0
0
0
0
0
0
0
0
2081
0
0
0
0
0
0
0
0
0
0
0
0
0
0
0
0
0
0
0
0
421
2238
0
0
0
0
0
0
0
0
0
0
0
0
0
0
0
0
0
0
0
0
0
0
0
0
0
0
0
0
0
0
0
0
0
0
0
0
0
0
0
0
0
0
0
0
0
0
0
0
0
0
0
0
0
0
0
0
0
0
0
0
0
0
0
0
0
0
0
0
0
0
0
0
0
0
0
0
0
0
0
0
0
0
0
0
0
0
-6064
-7954
-8320
-106
0
0
0
0
0
0
0
0
0
0
0
0
0
0
0
0
0
0
-4822
-7214
-7932
-509
0
0
0
0
0
0
0
0
0
0
0
0
0
0
0
0
0
0
13026
19105
17791
654
0
0
0
0
0
0
0
0
0
0
0
0
0
0
0
0
0
0
1642
0
0
0
0
10
0
0
0
0
0
0
0
0
0
0
0
0
0
0
0
0
1038
0
0
0
0
65
0
0
0
0
0
0
0
0
0
2
2
2
0
0
0
2365
0
0
0
0
0
73
0
0
0
0
0
0
0
0
0
3
3
3
0
0
0
2461
0
0
0
0
0
424
0
0
0
0
0
0
0
0
0
5
31
0
0
0
0
2235
0
0
0
0
0
1048
0
0
0
0
0
0
0
0
0
6
143
0
0
0
1787
0
0
0
0
0
151
0
0
0
0
0
0
0
0
0
0
254
269
0
0
0
1476
0
0
0
0
0
0
0
0
0
0
0
0
0
0
0
227
737
737
0
0
0
1724
0
0
0
0
0
0
0
0
0
0
0
0
0
0
0
3
103
0
0
0
0
0
0
0
0
0
-111
0
0
0
0
0
