0
1225
774
0
0
0
0
0
0
0
4095
0
0
4
0
0
0
0
3140
1931
4095
4095
0
1534
0
0
0
0
0
0
0
0
3220
0
0
2
0
0
0
4095
266
2160
4095
0
0
2414
0
0
0
0
0
0
0
0
3234
0
0
0
0
0
0
4095
260
2141
4095
0
0
0
0
0
0
0
0
0
0
1376
1833
1436
0
0
0
0
0
4095
359
2364
2003
0
0
0
0
0
0
0
0
0
0
1371
1863
1443
0
0
0
0
0
4095
447
2120
2476
0
0
0
0
0
0
0
0
0
0
1359
1706
1380
0
0
0
0
0
4095
808
2131
0
0
0
0
0
0
0
0
0
0
0
1450
1749
0
0
0
0
0
0
4095
1288
3817
0
0
0
0
0
0
0
0
0
0
0
1901
1664
0
0
0
0
0
0
4095
1169
4095
0
0
0
0
0
0
0
0
0
0
0
1550
344
0
0
0
4095
0
2441
1075
1165
3161
0
0
0
2511
0
0
0
0
0
0
0
1620
0
0
0
0
4095
0
1995
1074
1374
929
0
0
0
1422
0
0
0
0
0
0
0
1270
0
0
0
0
4095
0
1937
553
1174
1063
0
0
1050
0
0
0
0
0
0
0
0
174
0
0
0
0
0
0
4095
377
1144
1373
0
0
1483
0
0
0
0
0
0
0
156
0
0
0
0
4095
0
4095
2062
171
1368
0
538
0
0
0
0
0
0
0
0
0
160
266
0
0
0
0
0
4095
1982
189
1205
0
1076
0
0
0
0
0
0
0
0
0
0
344
0
0
0
0
0
4095
1913
250
380
0
788
0
0
0
0
0
0
0
0
0
0
188
0
0
0
0
0
4095
1009
176
349
0
279
0
0
0
0
0
0
0
0
0
93
0
0
0
0
0
4095
4095
1106
268
0
339
512
0
0
0
0
0
0
0
0
0
302
0
0
0
0
0
3351
4095
1179
280
0
413
245
0
0
0
0
0
0
0
0
0
265
0
0
0
0
0
1176
4095
1263
265
0
346
156
0
0
0
0
0
0
0
0
0
0
0
0
0
0
0
1172
4087
1203
0
0
353
69
0
0
0
0
0
0
0
0
0
0
0
0
0
0
522
2135
3734
1215
0
0
203
36
0
0
0
0
0
0
0
0
0
0
0
0
0
0
453
2780
3150
1168
0
2
54
0
0
0
0
0
0
0
0
0
0
0
0
0
0
0
496
3224
3120
1352
0
115
9
0
0
0
0
0
0
0
0
0
0
0
0
0
0
0
866
4095
3395
250
0
160
3
0
0
0
0
0
0
1023
0
0
0
0
0
0
0
0
1215
4095
2520
229
0
38
76
0
0
0
0
0
0
2554
0
0
0
0
0
0
0
0
4095
4095
1347
562
0
181
505
0
0
0
0
0
0
0
0
0
0
0
0
0
0
0
0
0
1157
0
4
156
417
0
0
0
0
0
2866
0
0
0
0
0
0
0
0
0
4095
0
1105
0
86
143
0
0
0
0
0
0
1686
1206
0
0
0
0
0
0
0
0
4095
0
0
0
388
72
0
0
0
0
0
0
3300
1311
0
0
0
0
0
0
0
0
4095
0
0
658
72
162
0
0
0
0
0
0
3421
1468
0
0
0
0
0
0
0
0
1357
0
0
667
124
0
0
0
0
0
0
0
3467
991
0
0
0
0
0
0
0
0
0
0
0
808
81
0
0
0
0
0
0
0
3323
0
0
0
0
0
0
0
0
2418
0
0
0
681
35
0
0
0
0
0
0
0
3508
0
0
0
0
0
0
72
1187
0
0
0
887
199
1
0
0
0
0
0
0
2419
1284
332
0
0
0
0
0
162
2437
0
0
0
882
272
0
0
0
0
0
0
0
2090
0
398
0
0
0
0
0
1723
4095
0
0
0
799
164
0
0
0
0
0
0
0
1808
0
205
0
0
0
0
102
0
0
0
0
0
1340
135
0
0
0
0
0
0
0
0
0
0
0
0
0
0
0
838
2074
0
0
1038
272
423
0
0
0
0
0
83
0
0
0
0
0
0
0
0
0
1120
1982
0
0
1032
212
475
0
0
0
0
0
0
0
0
0
0
0
0
0
79
0
1104
1365
0
0
1020
157
843
0
0
0
0
0
0
0
0
0
0
0
0
0
0
678
1277
1137
0
0
1049
34
0
0
0
0
19
0
0
0
0
0
0
0
0
0
0
1158
746
0
0
0
948
8
0
0
0
0
60
0
0
0
0
0
0
0
0
0
0
2415
0
0
0
0
638
60
0
0
0
0
62
0
0
0
0
0
0
0
0
87
0
0
0
0
1654
0
2
49
0
0
0
0
70
0
0
0
0
0
0
0
0
0
0
0
0
0
347
0
0
25
0
0
0
87
0
0
0
0
0
0
0
0
0
0
0
0
0
0
383
0
0
0
0
0
0
78
0
0
0
0
0
0
0
0
0
0
0
0
0
0
415
0
0
0
0
0
0
55
0
0
0
0
0
0
0
0
0
0
0
0
0
0
0
0
0
0
0
0
0
0
0
0
0
0
0
0
0
0
19
0
0
0
0
0
0
0
0
0
0
0
0
0
0
0
0
0
0
0
0
0
0
0
0
0
0
0
0
0
0
0
0
0
0
0
0
0
0
0
0
0
0
0
0
0
0
0
0
0
0
0
0
0
0
0
0
0
0
0
0
0
0
0
0
0
0
0
0
0
0
0
0
0
0
0
0
0
0
0
0
4095
0
0
0
0
0
37
0
0
0
0
0
0
0
0
0
0
0
0
0
0
0
4095
0
0
0
0
0
65
0
0
0
0
0
0
0
0
0
0
0
0
0
0
0
4095
0
0
0
0
0
63
0
0
0
0
0
0
0
0
0
0
0
0
0
0
0
0
0
0
0
0
0
53
0
0
0
0
0
0
0
0
0
0
0
0
0
0
0
0
0
0
0
0
0
0
0
0
0
0
0
0
0
0
0
0
0
0
0
0
0
0
0
0
0
0
54
0
0
0
0
0
0
0
0
0
0
0
0
0
0
0
0
0
0
0
0
0
0
0
0
0
0
0
0
0
0
0
0
0
0
0
0
0
0
0
0
0
0
0
0
0
0
0
0
0
0
0
0
0
0
0
4095
0
0
0
0
0
0
0
0
86
0
0
0
0
0
0
0
0
0
0
0
0
0
0
0
0
0
0
0
0
0
0
0
0
0
0
0
0
0
0
0
0
0
0
0
0
0
0
4095
4095
0
0
121
0
0
0
0
0
0
0
0
0
0
0
0
20
0
0
0
4095
4095
1347
0
0
22
0
0
0
0
0
0
0
0
0
0
0
0
605
0
0
0
4095
3590
1187
0
0
69
0
0
0
0
0
0
0
0
0
0
0
21
1513
0
0
0
4095
3597
812
0
0
81
0
0
0
0
0
0
0
0
0
0
0
91
0
0
0
3186
3446
3106
187
0
0
1329
0
0
0
0
0
0
0
0
0
0
0
101
0
0
0
2606
3371
2157
209
0
2402
1165
0
0
0
0
0
0
0
0
0
0
0
807
0
0
1763
1169
3946
1657
0
784
0
1117
0
0
0
0
0
0
0
0
0
0
0
582
0
0
2658
1404
4095
2645
69
1141
1126
1113
0
0
0
0
0
0
0
0
0
0
0
0
0
0
3192
1165
4095
4095
65
2124
1144
685
0
0
0
0
0
0
0
0
0
0
0
0
0
0
3250
1301
4095
4095
33
0
1252
0
0
0
0
0
0
0
0
0
0
5
0
0
0
0
2900
1203
4095
4095
0
