0
0
0
4095
267
2093
4095
0
0
1432
0
0
0
0
0
0
0
0
3327
0
0
0
0
0
0
4095
467
2437
3704
0
0
827
0
0
0
0
0
0
0
1123
3175
0
0
0
0
0
0
4095
832
2148
1263
0
0
0
0
0
0
0
0
0
0
1355
1911
1351
0
0
0
0
0
4095
1115
3491
0
0
0
0
0
0
0
0
0
0
0
1378
1647
1398
0
0
0
0
0
4095
1381
4095
0
0
0
0
0
0
0
0
0
0
0
1344
1991
0
0
0
0
0
0
4095
1186
4095
0
0
0
0
0
0
0
0
0
0
0
1792
1758
0
0
0
4095
0
4095
1173
1088
3921
0
0
0
0
0
0
0
0
0
0
0
1666
681
0
0
0
4095
0
4095
532
1364
1236
0
0
0
1320
0
0
0
0
0
0
0
1560
0
0
0
0
4095
0
4095
263
1090
988
0
0
0
1333
0
0
0
0
0
0
0
1594
0
0
0
0
0
0
4095
282
1253
963
0
0
1173
0
0
0
0
0
0
0
0
156
0
0
0
4095
0
4095
1850
163
1134
0
895
0
1201
0
0
0
0
0
0
0
168
0
0
0
0
4095
0
4095
1791
263
963
0
1788
0
0
0
0
0
0
0
0
0
104
202
0
0
0
0
0
4095
1429
275
0
0
1346
0
0
0
0
0
0
0
0
0
0
395
0
0
0
0
0
4095
1243
278
0
0
726
0
0
0
0
0
0
0
0
0
0
250
0
0
0
0
4095
4095
1102
269
0
365
435
0
0
0
0
0
0
0
0
0
45
0
0
0
0
0
4095
4095
1160
262
0
387
353
0
0
0
0
0
0
0
0
0
328
0
0
0
0
0
1131
3674
1296
373
0
359
156
0
0
0
0
0
0
0
0
0
322
0
0
0
0
0
1733
3099
1092
0
0
344
83
0
0
0
0
0
0
0
0
0
0
0
0
0
0
0
2710
3396
1216
0
0
271
51
0
0
0
0
0
0
0
0
0
0
0
0
0
0
488
3533
3379
1284
0
0
60
0
0
0
0
0
0
0
0
0
0
0
0
0
0
0
515
3619
3502
1327
0
107
10
0
0
0
0
0
0
0
0
0
0
0
0
0
0
0
754
4095
3652
442
0
152
4
0
0
0
0
0
0
0
0
0
0
0
0
0
0
0
1066
4095
2802
258
0
8
3
0
0
0
0
0
0
801
0
0
0
0
0
0
0
0
1262
4095
1355
264
0
182
505
0
0
0
0
0
0
1318
0
0
0
0
0
0
0
0
2324
0
1347
0
279
152
484
0
0
0
0
0
1335
0
0
0
0
0
0
0
0
0
4095
0
465
0
339
116
0
0
0
0
0
0
2712
0
0
0
0
0
0
0
0
0
4095
0
0
0
384
103
0
0
0
0
0
0
1687
1215
0
0
0
0
0
0
0
0
4095
0
0
635
43
84
0
0
0
0
0
0
2849
1200
0
0
0
0
0
0
0
0
4095
0
0
644
177
0
0
0
0
0
0
0
3518
1499
0
0
0
0
0
0
0
0
707
0
0
1677
90
0
0
0
0
0
0
0
3431
1274
0
0
0
0
0
0
0
0
0
0
0
709
47
0
0
0
0
0
0
0
3421
0
0
0
0
0
0
0
0
1297
0
0
825
249
1
0
0
0
0
0
0
0
3308
0
0
0
0
0
0
35
0
1656
0
0
840
252
0
0
0
0
0
0
0
2295
1668
238
0
0
0
0
0
202
2403
0
0
0
804
176
0
0
0
0
0
0
0
2436
0
370
0
0
0
0
0
710
2435
0
0
0
1422
111
0
0
0
0
0
0
0
1811
0
304
0
0
0
0
2841
0
0
0
0
0
680
368
0
0
0
0
0
0
0
432
0
0
0
0
0
0
0
746
2534
0
0
1037
247
454
0
0
0
0
0
0
0
0
0
0
0
0
0
0
0
1112
2080
0
0
1032
159
495
0
0
0
0
0
0
0
0
0
0
0
0
0
82
0
1121
1632
0
0
1031
552
0
0
0
0
2
0
0
0
0
0
0
0
0
0
0
443
1164
580
0
0
1013
9
0
0
0
0
80
0
0
0
0
0
0
0
0
0
0
1084
1592
0
0
0
1141
29
0
0
0
0
64
0
0
0
0
0
0
0
0
0
0
1352
0
0
0
0
1078
58
0
0
0
0
66
0
0
0
0
0
0
0
0
1201
0
0
0
0
0
0
0
55
0
0
0
79
0
0
0
0
0
0
0
0
0
249
0
0
0
0
550
0
0
0
0
0
0
79
0
0
0
0
0
0
0
0
0
0
0
0
0
0
365
0
0
0
0
0
0
79
0
0
0
0
0
0
0
0
0
0
0
0
0
0
397
0
0
0
0
0
0
0
0
0
0
0
0
0
0
0
83
0
0
0
0
0
0
0
0
0
0
0
0
0
0
0
0
0
0
0
0
0
22
0
0
0
0
0
0
0
0
0
0
0
0
0
0
0
0
0
0
0
0
0
0
0
0
0
0
0
0
0
0
0
0
0
4095
0
0
0
0
0
0
0
0
0
5
0
0
0
0
0
0
0
0
0
0
0
14
0
0
4095
0
0
0
0
0
16
0
0
0
0
0
0
0
0
0
0
0
0
0
0
0
4095
0
0
0
0
0
35
0
0
0
0
0
0
0
0
0
0
0
0
0
0
0
4095
0
0
0
0
0
71
0
0
0
0
0
0
0
0
0
0
0
0
0
0
0
0
0
0
0
0
0
4095
0
0
0
0
0
0
0
0
0
0
0
0
0
0
4095
0
0
0
0
0
0
52
0
0
0
0
0
0
0
0
0
0
0
0
0
0
0
0
0
0
0
0
4095
0
0
0
0
0
0
0
0
0
0
0
0
0
0
0
0
0
0
0
0
0
4095
0
0
0
0
0
0
0
0
0
0
0
0
0
0
0
0
0
0
0
0
0
4095
0
0
0
0
0
0
0
0
0
0
0
4095
0
0
0
0
0
0
0
0
4095
0
0
0
0
0
0
0
0
0
0
0
0
0
0
0
0
0
0
0
0
0
4095
0
0
0
0
0
0
0
0
0
0
0
0
0
0
0
0
4095
1265
0
0
0
0
0
0
0
0
0
0
0
0
0
0
0
12
0
0
0
4095
4095
1260
0
0
54
0
0
0
0
0
0
0
0
0
0
0
0
7
0
0
0
4095
3489
956
0
0
56
0
0
0
0
0
0
0
0
0
0
0
0
8
0
0
0
4095
3132
571
0
0
63
0
0
0
0
0
0
0
0
0
0
0
114
0
0
0
2925
3113
2418
321
0
0
73
0
0
0
0
0
0
0
0
0
0
0
88
0
0
0
2697
3480
1618
223
0
0
939
0
0
0
0
0
0
0
0
0
0
0
618
0
0
1782
1176
4095
1078
0
0
1233
1065
0
0
0
0
0
0
0
0
0
0
0
737
0
0
0
3113
4095
1098
52
579
0
2269
0
0
0
0
0
0
0
0
0
0
0
0
0
0
3375
1273
4095
4095
78
1138
0
2295
0
0
0
0
0
0
0
0
0
0
0
0
0
0
4095
1271
4095
4095
41
1112
1098
866
0
0
0
0
0
0
0
0
0
0
0
0
0
0
2916
1343
4095
4095
0
0
2114
0
0
0
0
0
0
0
1426
0
0
3
0
0
0
0
3316
2183
4095
4095
0
1102
1128
0
0
0
0
0
0
0
2046
0
0
3
0
0
0
0
4095
2075
4095
0
0
1617
0
0
0
0
0
0
0
0
3088
0
0
1
0
