8
19
60
-1
-1
152
-1
-1
-1
-1
-1
-1
-1
166
-1
-1
-1
-1
-1
-1
-1
111
8
49
-1
-1
-1
180
-1
-1
-1
-1
-1
-1
-1
171
-1
-1
-1
-1
-1
-1
-1
104
9
180
-1
-1
-1
-1
-1
-1
-1
-1
-1
-1
-1
225
-1
-1
-1
-1
-1
-1
-1
101
8
184
-1
-1
-1
-1
-1
-1
-1
-1
-1
-1
-1
244
-1
-1
-1
-1
-1
-1
-1
103
9
191
-1
-1
-1
-1
-1
-1
-1
-1
-1
-1
-1
140
100
-1
-1
-1
-1
-1
102
5
9
196
-1
-1
-1
-1
-1
-1
-1
-1
-1
-1
-1
140
96
-1
-1
-1
-1
-1
106
6
11
182
-1
-1
-1
-1
-1
-1
-1
-1
-1
-1
-1
149
101
-1
-1
-1
-1
-1
96
5
15
180
-1
-1
-1
-1
-1
-1
-1
-1
-1
-1
-1
253
-1
-1
-1
-1
-1
-1
98
6
16
181
-1
-1
-1
-1
-1
-1
-1
-1
-1
-1
113
60
-1
-1
-1
124
-1
-1
42
5
42
-1
-1
-1
194
-1
-1
-1
-1
-1
-1
-1
87
62
-1
-1
-1
96
-1
51
19
5
42
-1
-1
-1
192
-1
-1
-1
-1
-1
-1
-1
93
30
69
-1
-1
62
-1
53
20
6
17
-1
52
-1
161
-1
-1
-1
-1
-1
-1
-1
91
35
65
-1
-1
66
-1
50
17
5
20
-1
185
-1
-1
-1
-1
-1
-1
-1
-1
-1
121
31
96
-1
-1
-1
-1
83
18
6
-1
26
155
-1
-1
-1
-1
-1
-1
-1
-1
-1
124
99
-1
-1
-1
-1
90
23
19
24
-1
23
158
-1
-1
-1
-1
-1
-1
-1
-1
-1
125
98
-1
-1
-1
-1
93
23
17
22
-1
23
165
-1
-1
-1
-1
-1
-1
-1
-1
-1
181
-1
-1
-1
-1
-1
129
22
18
26
-1
23
157
-1
-1
-1
-1
-1
-1
-1
-1
93
91
-1
-1
-1
-1
-1
126
26
14
24
17
149
-1
-1
-1
-1
-1
-1
-1
-1
-1
120
87
-1
-1
-1
-1
-1
128
22
11
5
20
151
-1
-1
-1
-1
-1
-1
-1
-1
-1
177
-1
-1
-1
-1
-1
129
27
23
19
-1
19
152
-1
-1
-1
-1
-1
-1
-1
-1
-1
181
-1
-1
-1
-1
-1
127
28
23
14
-1
17
154
-1
-1
-1
-1
-1
-1
-1
-1
-1
169
-1
-1
-1
-1
-1
133
32
21
14
-1
18
236
-1
-1
-1
-1
-1
-1
-1
-1
-1
-1
-1
-1
-1
-1
-1
221
30
20
8
5
20
145
-1
-1
-1
-1
-1
-1
-1
-1
172
-1
-1
-1
-1
-1
-1
131
26
18
8
5
17
144
-1
-1
-1
-1
-1
-1
-1
-1
162
-1
-1
-1
-1
-1
-1
132
27
17
-1
14
18
81
-1
-1
-1
-1
-1
156
-1
-1
51
-1
-1
-1
-1
-1
126
33
25
18
-1
13
106
-1
-1
-1
-1
-1
-1
186
-1
-1
-1
-1
-1
-1
-1
-1
149
30
-1
43
-1
13
99
-1
-1
-1
-1
-1
-1
132
-1
73
-1
-1
-1
-1
-1
-1
-1
155
-1
44
8
6
-1
-1
-1
-1
-1
-1
-1
122
20
51
-1
-1
-1
-1
-1
-1
-1
190
-1
-1
27
104
-1
-1
-1
-1
-1
-1
-1
121
17
51
-1
-1
-1
-1
-1
-1
-1
178
-1
-1
27
106
-1
-1
-1
-1
-1
-1
-1
125
18
112
-1
-1
-1
-1
-1
-1
-1
-1
-1
-1
147
105
-1
-1
-1
-1
-1
-1
-1
129
99
-1
-1
-1
-1
-1
-1
-1
-1
-1
-1
-1
181
101
-1
-1
-1
-1
-1
-1
-1
119
46
-1
-1
-1
-1
-1
-1
141
-1
-1
-1
80
8
107
-1
-1
-1
-1
-1
-1
127
25
40
-1
-1
-1
-1
-1
-1
141
-1
-1
-1
78
8
68
-1
-1
-1
-1
-1
-1
127
25
31
-1
-1
-1
-1
61
-1
90
-1
-1
-1
76
78
-1
-1
-1
-1
-1
-1
-1
132
-1
57
-1
-1
-1
-1
66
-1
90
-1
-1
58
18
79
-1
-1
-1
-1
-1
-1
-1
135
56
-1
-1
-1
-1
34
29
-1
95
-1
-1
57
20
77
-1
-1
-1
-1
-1
-1
-1
128
52
-1
-1
-1
-1
34
30
33
71
-1
-1
63
20
78
-1
-1
-1
-1
-1
-1
-1
-1
178
-1
-1
-1
-1
33
31
33
64
-1
-1
61
102
-1
-1
-1
-1
73
64
-1
-1
-1
118
-1
-1
-1
-1
36
30
30
63
-1
-1
57
31
-1
-1
-1
-1
78
63
-1
-1
107
-1
-1
-1
-1
23
26
34
60
-1
-1
-1
91
36
-1
-1
-1
41
-1
95
-1
-1
109
-1
-1
-1
-1
23
-1
60
60
-1
-1
-1
94
31
-1
-1
-1
79
-1
-1
-1
162
-1
-1
-1
-1
-1
39
-1
116
-1
-1
-1
-1
94
32
-1
-1
-1
85
-1
-1
-1
153
-1
-1
-1
-1
-1
116
-1
-1
-1
-1
97
-1
90
-1
-1
-1
-1
93
-1
-1
-1
149
-1
-1
-1
-1
80
-1
-1
-1
-1
-1
135
-1
92
-1
-1
-1
-1
183
-1
-1
-1
-1
-1
-1
-1
-1
147
-1
-1
-1
-1
-1
125
-1
94
-1
-1
-1
30
152
-1
-1
-1
-1
-1
-1
-1
-1
147
-1
-1
-1
-1
128
-1
-1
98
-1
-1
-1
250
-1
-1
-1
-1
-1
-1
-1
-1
-1
307
-1
-1
-1
-1
-1
-1
-1
-1
-1
-1
-1
257
-1
-1
-1
-1
-1
-1
-1
-1
-1
317
-1
-1
-1
-1
-1
-1
-1
-1
-1
-1
-1
301
-1
-1
-1
-1
-1
-1
-1
-1
288
-1
-1
-1
-1
-1
-1
-1
-1
-1
-1
-1
-1
-1
-1
-1
-1
-1
-1
-1
-1
-1
587
-1
-1
-1
-1
-1
-1
-1
-1
-1
-1
-1
-1
-1
-1
-1
-1
-1
-1
-1
-1
-1
577
-1
-1
-1
-1
-1
-1
-1
-1
-1
-1
-1
-1
-1
-1
275
-1
-1
-1
-1
-1
-1
270
-1
-1
-1
-1
-1
-1
-1
-1
-1
-1
-1
-1
-1
-1
279
-1
-1
-1
-1
-1
-1
277
-1
-1
-1
-1
-1
-1
-1
-1
-1
-1
-1
-1
-1
-1
245
-1
-1
-1
-1
-1
307
-1
-1
-1
-1
-1
-1
-1
-1
-1
-1
-1
-1
-1
-1
-1
252
-1
-1
-1
-1
-1
296
-1
-1
-1
-1
-1
-1
-1
-1
-1
-1
-1
-1
-1
-1
-1
-1
-1
-1
-1
-1
-1
559
-1
-1
-1
-1
-1
-1
-1
-1
-1
-1
-1
-1
-1
-1
-1
-1
-1
-1
-1
-1
255
270
-1
-1
-1
-1
-1
-1
-1
-1
-1
-1
-1
-1
-1
-1
-1
-1
-1
-1
-1
-1
524
-1
-1
-1
-1
-1
-1
-1
-1
-1
-1
-1
-1
-1
-1
-1
-1
-1
-1
-1
-1
-1
517
-1
-1
-1
-1
-1
-1
-1
-1
-1
-1
-1
-1
-1
-1
-1
-1
-1
-1
-1
-1
-1
499
-1
-1
-1
-1
-1
-1
-1
-1
-1
-1
-1
-1
-1
-1
-1
-1
111
-1
-1
-1
92
90
-1
-1
-1
-1
-1
-1
-1
-1
-1
-1
-1
199
-1
-1
-1
53
69
-1
-1
-1
186
-1
-1
-1
-1
-1
-1
-1
-1
-1
-1
-1
-1
206
-1
-1
-1
48
30
71
-1
-1
132
-1
-1
-1
-1
-1
-1
-1
-1
-1
-1
-1
207
27
-1
-1
26
28
30
66
-1
-1
129
-1
-1
-1
-1
-1
-1
-1
-1
-1
-1
-1
222
-1
-1
-1
27
28
30
67
-1
-1
129
-1
-1
-1
-1
-1
-1
-1
-1
-1
-1
-1
213
-1
-1
-1
30
29
64
-1
-1
-1
165
-1
-1
-1
-1
-1
-1
-1
-1
-1
-1
169
41
-1
-1
-1
18
32
31
-1
72
31
97
-1
-1
-1
-1
-1
-1
-1
-1
-1
-1
172
38
-1
-1
14
18
27
33
-1
74
30
101
-1
-1
-1
-1
-1
-1
-1
-1
-1
-1
199
-1
-1
-1
30
18
28
30
-1
69
116
-1
-1
-1
-1
-1
-1
-1
-1
-1
-1
-1
215
-1
-1
-1
29
21
28
32
-1
66
114
-1
-1
-1
-1
-1
-1
-1
-1
-1
-1
187
-1
-1
-1
46
8
18
30
34
-1
76
115
-1
-1
-1
-1
-1
-1
-1
-1
-1
-1
194
-1
-1
-1
43
9
18
28
30
-1
70
118
-1
-1
-1
-1
-1
-1
-1
-1
-1
-1
200
-1
-1
-1
44
8
