43
25
0
0
77
149
0
1249
66
378
432
188
319
32
121
0
26
101
221
326
27
142
130
126
0
109
50
21
22
59
127
0
54
0
22
65
23
314
0
28
29
0
22
29
0
114
29
32
0
0
0
0
0
29
87
34
552
324
0
37
0
0
115
24
29
555
129
678
0
326
0
581
76
99
0
0
31
757
3575
694
397
0
54
49
2199
0
118
102
453
256
0
214
123
165
0
456
57
179
27
0
0
229
125
101
215
241
56
649
1109
798
0
30
509
46
442
280
385
868
205
214
656
127
65
0
0
65
63
274
539
249
202
242
470
0
0
0
33
0
135
370
371
0
0
397
384
153
701
134
44
202
677
800
1291
11
0
16
0
39
53
223
339
0
1080
2319
26
