15
22
30
-1
-1
68
-1
-1
-1
-1
-1
-1
-1
-1
90
-1
-1
18
-1
-1
-1
30
12
21
40
-1
-1
59
-1
-1
-1
-1
-1
-1
-1
5
93
-1
-1
-1
-1
-1
-1
24
12
24
60
-1
-1
151
-1
-1
-1
-1
-1
-1
-1
25
-1
-1
-1
-1
-1
-1
-1
26
12
19
-1
-1
-1
-1
-1
-1
-1
-1
-1
-1
-1
25
33
78
-1
-1
-1
-1
-1
51
9
73
-1
-1
-1
-1
-1
-1
-1
-1
-1
-1
-1
29
30
-1
-1
-1
-1
-1
-1
44
10
116
-1
-1
-1
-1
-1
-1
-1
-1
-1
-1
-1
28
30
-1
-1
-1
-1
-1
-1
48
10
110
-1
-1
-1
-1
-1
-1
-1
-1
-1
-1
-1
27
30
-1
-1
-1
-1
-1
39
3
9
81
-1
-1
-1
-1
-1
-1
-1
-1
-1
-1
-1
28
-1
-1
-1
-1
95
-1
14
3
9
82
-1
-1
-1
-1
-1
-1
-1
-1
-1
-1
-1
28
-1
-1
-1
-1
51
-1
13
4
9
68
-1
-1
165
-1
-1
-1
-1
-1
-1
-1
-1
16
-1
-1
-1
-1
73
-1
13
5
9
-1
-1
-1
98
-1
-1
-1
-1
-1
-1
-1
2
-1
-1
-1
-1
-1
-1
21
14
5
28
-1
86
-1
148
-1
-1
-1
-1
-1
-1
-1
3
-1
-1
-1
-1
67
-1
24
13
6
24
-1
61
-1
-1
-1
-1
-1
-1
-1
-1
-1
2
20
-1
-1
-1
-1
-1
48
14
5
18
-1
58
-1
-1
-1
-1
-1
-1
-1
-1
-1
-1
22
-1
-1
-1
-1
-1
50
17
6
-1
18
40
-1
-1
-1
-1
-1
-1
-1
-1
-1
-1
6
-1
-1
-1
-1
50
21
14
5
-1
18
38
-1
-1
-1
-1
-1
-1
-1
-1
-1
14
-1
-1
-1
-1
-1
51
26
15
5
-1
21
26
-1
-1
-1
-1
-1
-1
-1
-1
-1
18
-1
-1
-1
-1
-1
52
22
17
6
-1
18
29
-1
-1
-1
-1
-1
-1
-1
-1
-1
10
-1
-1
-1
-1
-1
54
21
18
1
-1
18
18
-1
-1
-1
-1
-1
-1
-1
-1
-1
-1
-1
-1
-1
-1
-1
55
21
17
-1
-1
19
15
-1
-1
-1
-1
-1
-1
-1
-1
-1
-1
-1
-1
-1
-1
32
29
25
17
-1
6
20
1
-1
-1
-1
-1
-1
-1
-1
-1
-1
-1
-1
-1
-1
-1
31
27
22
19
-1
8
19
-1
-1
-1
-1
-1
-1
-1
-1
-1
-1
-1
-1
-1
-1
-1
31
26
21
17
-1
4
19
-1
-1
-1
-1
-1
-1
-1
-1
-1
-1
-1
-1
-1
-1
-1
32
26
21
15
-1
8
16
-1
-1
-1
-1
-1
-1
50
-1
-1
-1
-1
-1
-1
-1
-1
35
28
19
33
-1
8
8
-1
-1
-1
-1
-1
-1
-1
-1
-1
-1
-1
-1
-1
-1
-1
29
54
17
-1
-1
9
28
-1
-1
-1
-1
-1
29
-1
-1
-1
-1
-1
-1
-1
-1
-1
25
-1
34
-1
4
10
-1
-1
-1
-1
-1
-1
71
-1
-1
-1
-1
-1
-1
-1
-1
-1
31
-1
65
-1
5
32
-1
-1
-1
-1
-1
-1
69
23
-1
-1
-1
-1
-1
-1
-1
-1
36
-1
-1
-1
17
69
-1
-1
-1
-1
-1
-1
99
23
-1
-1
-1
-1
-1
-1
-1
-1
60
-1
-1
38
5
-1
-1
-1
-1
-1
-1
-1
103
23
-1
-1
-1
-1
-1
-1
-1
-1
167
-1
-1
39
6
-1
-1
-1
-1
-1
-1
-1
111
13
-1
-1
-1
-1
-1
-1
-1
-1
-1
-1
-1
39
33
-1
-1
-1
-1
-1
-1
-1
107
-1
-1
-1
-1
-1
-1
-1
-1
-1
-1
-1
-1
70
45
-1
-1
-1
-1
-1
-1
-1
113
-1
-1
-1
-1
-1
-1
30
162
-1
-1
-1
51
20
46
-1
-1
-1
-1
-1
-1
99
15
23
-1
-1
-1
-1
-1
64
97
-1
-1
-1
51
18
80
-1
-1
-1
-1
-1
-1
90
-1
27
-1
-1
-1
-1
2
-1
164
-1
-1
-1
55
18
-1
-1
-1
-1
-1
-1
-1
55
-1
4
-1
-1
-1
-1
10
32
-1
-1
-1
-1
86
60
-1
-1
-1
-1
-1
-1
-1
8
-1
-1
-1
-1
-1
-1
-1
30
67
-1
-1
60
22
55
-1
-1
-1
-1
-1
-1
-1
-1
-1
-1
-1
-1
-1
4
-1
30
67
-1
-1
57
23
50
-1
-1
-1
54
-1
3
-1
-1
-1
-1
-1
-1
-1
5
-1
30
53
-1
-1
59
22
-1
-1
-1
-1
45
-1
-1
-1
-1
-1
-1
-1
-1
-1
-1
25
30
68
-1
-1
63
25
-1
-1
-1
-1
42
-1
-1
-1
-1
-1
-1
-1
-1
-1
-1
34
18
-1
-1
-1
42
33
-1
-1
-1
-1
36
-1
-1
-1
-1
-1
-1
-1
-1
5
-1
53
-1
-1
-1
-1
32
21
-1
-1
-1
35
9
-1
-1
-1
-1
-1
-1
-1
-1
-1
-1
-1
-1
-1
92
-1
-1
33
-1
-1
-1
40
-1
-1
-1
-1
-1
-1
-1
-1
-1
-1
-1
-1
-1
-1
32
-1
4
-1
-1
-1
-1
32
-1
-1
-1
-1
-1
-1
-1
-1
-1
-1
-1
-1
-1
-1
32
-1
19
-1
-1
-1
-1
8
-1
-1
-1
-1
-1
-1
-1
-1
-1
-1
-1
-1
-1
-1
43
-1
82
-1
-1
-1
-1
-1
-1
-1
-1
-1
-1
-1
-1
-1
2
-1
-1
-1
-1
-1
-1
-1
-1
-1
-1
-1
8
-1
-1
-1
-1
-1
-1
-1
-1
-1
-1
-1
-1
-1
-1
-1
-1
-1
-1
-1
-1
-1
21
-1
-1
-1
-1
-1
-1
-1
-1
-1
-1
-1
-1
-1
-1
-1
-1
-1
-1
-1
-1
-1
86
-1
-1
-1
-1
-1
-1
-1
-1
-1
-1
-1
-1
-1
-1
-1
-1
-1
-1
-1
-1
-1
-1
-1
-1
55
-1
-1
-1
-1
-1
-1
-1
-1
-1
-1
-1
-1
-1
-1
-1
-1
-1
-1
-1
-1
-1
55
-1
-1
-1
-1
-1
19
-1
-1
-1
-1
-1
-1
-1
-1
-1
-1
-1
-1
-1
-1
-1
56
-1
-1
-1
-1
-1
39
-1
-1
-1
-1
-1
-1
-1
-1
-1
-1
-1
-1
-1
-1
52
-1
-1
-1
-1
-1
-1
26
-1
-1
-1
-1
-1
-1
-1
-1
-1
-1
-1
-1
-1
-1
244
-1
-1
-1
-1
-1
-1
40
-1
-1
-1
-1
-1
-1
-1
-1
-1
-1
-1
-1
-1
-1
-1
-1
-1
-1
-1
-1
8
-1
-1
-1
-1
-1
-1
-1
-1
-1
-1
-1
-1
-1
-1
-1
-1
-1
-1
-1
-1
-1
18
-1
-1
-1
-1
-1
-1
-1
-1
-1
-1
-1
-1
-1
-1
-1
-1
-1
-1
-1
-1
-1
2
-1
-1
-1
-1
-1
-1
-1
-1
-1
-1
-1
-1
-1
-1
-1
-1
-1
-1
-1
-1
4
-1
-1
-1
-1
-1
-1
-1
-1
-1
-1
-1
-1
-1
-1
-1
-1
-1
-1
-1
-1
-1
6
-1
-1
-1
-1
-1
-1
-1
-1
-1
-1
-1
-1
-1
-1
-1
-1
239
-1
-1
-1
-1
-1
-1
-1
-1
-1
-1
-1
-1
-1
-1
-1
-1
68
-1
-1
-1
49
30
14
-1
-1
12
-1
-1
-1
-1
-1
-1
-1
-1
-1
-1
-1
-1
4
-1
-1
-1
59
34
14
-1
-1
18
-1
-1
-1
-1
-1
-1
-1
-1
-1
-1
-1
-1
5
-1
-1
-1
55
30
14
-1
-1
30
-1
-1
-1
-1
-1
-1
-1
-1
-1
-1
-1
24
1
-1
-1
29
29
30
27
-1
-1
30
-1
-1
-1
-1
-1
-1
-1
-1
-1
-1
-1
64
-1
-1
-1
27
29
28
55
-1
-1
43
-1
-1
-1
-1
-1
-1
-1
-1
-1
-1
-1
61
-1
-1
-1
31
32
29
-1
-1
-1
65
-1
-1
-1
-1
-1
-1
-1
-1
-1
-1
-1
86
-1
-1
-1
27
30
32
10
94
-1
31
-1
-1
-1
-1
-1
-1
-1
-1
-1
-1
-1
64
-1
-1
26
23
29
31
10
30
30
31
-1
-1
-1
-1
-1
-1
-1
-1
-1
-1
-1
-1
-1
-1
25
22
29
29
1
60
30
12
-1
-1
-1
-1
-1
-1
-1
-1
-1
-1
-1
-1
-1
-1
30
25
30
30
-1
-1
30
-1
-1
-1
-1
-1
-1
-1
66
-1
-1
94
-1
-1
-1
-1
24
23
34
26
-1
30
18
-1
-1
-1
-1
-1
-1
-1
24
-1
-1
30
-1
-1
-1
-1
26
