255
0
0
0
0
0
0
0
0
0
2819
0
3
0
0
0
857
3893
0
0
0
0
587
0
0
0
0
0
0
0
0
0
0
0
1
0
0
0
2637
0
0
0
0
0
1181
0
0
0
0
0
0
0
0
0
0
0
0
0
0
0
3357
0
0
0
0
0
0
0
0
0
0
0
0
0
0
0
0
0
0
0
0
0
3375
0
0
0
0
0
0
0
0
0
0
0
0
0
0
0
0
0
0
0
0
1941
3795
0
0
0
0
0
0
0
0
0
0
0
0
0
0
0
0
0
0
0
0
2073
3835
0
0
0
0
0
0
0
0
0
0
0
0
0
106
0
0
0
0
0
-1263
2508
3827
0
0
0
0
0
0
166
0
0
0
0
0
0
176
0
0
0
0
0
-6681
3143
3916
0
0
0
0
0
0
341
0
0
0
0
0
0
145
0
0
0
0
0
9694
0
0
0
0
0
0
0
2405
519
0
0
0
0
0
0
170
0
0
0
0
0
0
0
0
0
0
0
0
539
1243
0
0
0
0
0
0
0
124
0
0
0
0
0
0
0
0
0
0
0
0
586
0
0
0
0
0
0
0
0
171
0
0
0
0
0
0
0
0
0
0
0
0
578
0
0
0
0
0
0
0
0
0
0
0
0
0
0
0
0
0
0
0
0
517
538
0
0
0
0
0
0
0
0
0
0
0
0
0
0
2107
0
0
0
0
0
0
0
0
0
0
0
0
0
0
0
0
0
0
0
0
0
2162
0
0
0
0
0
0
0
0
0
0
0
0
0
0
0
0
0
0
0
0
0
2683
0
0
0
0
0
0
0
0
0
0
0
0
0
0
0
0
0
0
0
0
0
0
0
0
0
0
0
0
0
0
0
0
0
0
0
0
0
0
0
0
0
0
0
0
0
0
0
0
0
0
0
0
0
0
0
0
0
0
0
0
0
0
0
0
0
0
0
0
0
0
0
0
0
0
0
0
0
0
0
0
0
0
0
0
0
0
893
0
0
0
0
0
0
0
0
0
0
0
0
0
0
0
0
0
0
0
0
0
0
0
0
0
0
0
0
0
0
0
0
0
0
0
0
0
0
0
0
0
0
0
0
0
0
0
0
0
0
0
0
0
0
0
0
0
0
0
0
0
0
0
0
0
0
0
0
0
0
0
0
0
0
0
0
0
0
0
0
0
0
0
0
0
0
0
0
0
0
0
0
0
0
0
0
0
0
0
0
0
0
0
0
0
0
0
0
0
0
0
0
0
0
0
0
0
0
0
0
0
0
0
0
0
0
0
0
0
0
0
0
0
0
0
0
0
0
0
0
0
0
0
0
0
0
0
0
0
0
0
0
0
0
0
0
0
0
0
0
0
0
0
3
3
0
0
0
0
0
0
0
0
0
3
0
0
0
0
0
0
0
0
0
0
2
2
0
0
0
0
0
0
0
0
0
6
0
0
0
334
0
0
0
0
0
0
2
1317
0
0
0
0
0
0
0
0
0
194
0
0
404
0
0
0
0
0
0
1
4
1736
0
0
0
0
0
0
0
0
47
233
0
0
402
0
0
0
0
0
0
9
11
1935
0
0
0
0
0
0
0
0
0
0
0
0
369
0
0
0
0
0
0
6
10
1725
0
0
0
0
0
0
0
0
245
190
0
0
441
0
0
0
0
0
0
88
90
1727
0
0
0
0
0
0
0
18
0
0
0
523
0
0
0
0
0
0
0
540
544
0
0
0
0
0
0
0
0
0
0
0
0
469
0
0
0
0
0
0
0
334
336
0
0
0
0
0
0
0
0
0
0
0
0
460
0
0
0
0
0
0
0
109
110
0
0
0
0
0
0
0
0
0
0
0
535
1010
0
0
0
0
0
0
109
0
0
0
0
0
0
0
0
0
0
0
0
0
548
0
0
0
0
0
0
0
0
0
0
0
0
0
0
0
0
0
0
0
0
0
542
0
0
0
0
0
0
0
178
0
0
0
0
0
0
0
0
0
0
0
0
0
601
0
0
0
0
0
0
0
0
0
0
0
0
0
0
0
0
0
0
0
0
0
558
0
0
0
0
0
0
0
0
0
0
0
0
0
0
0
0
0
0
0
0
0
552
0
0
0
0
0
0
0
0
0
0
0
0
0
0
0
0
0
0
0
0
0
548
0
0
0
0
0
0
0
0
0
0
0
0
0
0
0
0
0
0
0
0
640
0
0
0
0
0
0
0
0
0
0
0
0
0
0
0
0
0
0
0
0
0
0
0
0
0
0
0
0
0
0
0
0
0
0
0
0
0
0
0
0
0
0
0
0
0
0
0
0
0
0
0
0
0
0
0
0
0
0
0
0
0
0
0
0
31
0
0
0
0
0
0
0
0
0
0
0
0
0
0
0
0
0
0
0
0
0
0
0
0
0
0
0
0
0
0
0
0
0
0
0
0
0
0
0
0
0
0
0
0
0
0
0
0
0
0
0
0
0
0
0
0
0
0
0
0
0
0
0
0
0
0
0
0
0
0
0
0
0
0
0
-1091
0
0
0
0
0
0
0
0
0
0
0
0
0
0
0
0
1
1
0
0
0
-5233
0
0
0
0
0
0
0
0
0
0
0
0
0
0
0
0
0
0
0
0
0
8922
0
0
0
0
0
0
0
0
0
0
0
0
0
0
0
0
0
0
0
0
1929
0
0
0
0
0
0
0
0
0
0
0
0
0
0
0
0
0
0
0
0
0
774
0
0
0
0
0
0
0
0
0
0
0
0
0
0
0
0
0
0
0
0
1623
0
0
0
0
0
0
0
0
0
0
0
0
0
0
0
0
0
0
0
0
0
0
0
0
0
0
0
0
0
0
0
0
0
0
0
0
0
0
0
0
0
0
0
0
0
0
0
0
0
0
0
0
0
0
0
0
0
0
0
0
0
0
0
0
0
0
0
0
0
0
0
0
0
0
0
0
0
0
0
0
0
0
0
0
0
0
-746
-5367
-7050
-5737
0
0
0
0
0
0
0
0
0
0
0
0
0
0
0
1
0
0
906
6534
-6980
-4100
0
0
0
0
0
0
0
0
0
0
0
0
0
0
0
0
0
0
0
-5951
-5473
969
0
0
0
0
0
0
0
0
0
0
0
0
0
0
0
0
0
0
351
7726
23799
17622
0
0
0
0
0
0
0
0
0
0
0
0
0
0
0
12
0
0
2283
0
0
0
0
41
0
0
0
0
0
0
0
0
0
0
0
0
0
0
0
0
2148
0
0
0
0
68
0
0
0
0
0
0
0
0
0
1
1
1
0
0
0
0
1654
0
0
0
0
70
0
0
0
0
0
0
0
0
0
2
2
2
0
0
0
1511
0
0
0
0
0
1136
0
0
0
0
0
0
0
0
0
2
2
2
0
0
0
1193
0
0
0
0
0
1109
0
0
0
0
0
0
0
0
1
2
688
688
0
0
0
0
0
0
0
0
161
0
0
0
0
0
0
0
0
0
0
2
576
576
0
0
1801
0
0
0
0
0
0
0
0
0
0
0
0
0
0
0
0
0
0
0
0
0
2964
0
0
0
0
0
0
0
0
0
0
0
0
0
0
0
-284
1
0
0
0
0
2919
0
0
0
0
0
0
0
0
0
0
0
0
0
0
0
537
15
0
0
0
0
3236
0
0
0
0
0
