-1
-1
-1
-1
31
19
47
-1
-1
66
110
-1
-1
-1
-1
-1
-1
-1
112
-1
-1
122
-1
-1
-1
85
6
17
180
-1
-1
-1
-1
-1
-1
-1
-1
-1
-1
-1
220
-1
-1
-1
-1
-1
-1
54
5
17
184
-1
-1
-1
-1
-1
-1
-1
-1
-1
-1
95
29
125
-1
-1
-1
-1
-1
54
5
16
178
-1
-1
-1
-1
-1
-1
-1
-1
-1
-1
98
28
128
-1
-1
-1
-1
-1
57
6
16
180
-1
-1
-1
-1
-1
-1
-1
-1
-1
-1
-1
119
121
-1
-1
-1
-1
-1
85
5
159
-1
-1
-1
-1
-1
-1
-1
-1
-1
-1
-1
116
120
-1
-1
-1
90
-1
-1
27
6
166
-1
-1
-1
-1
-1
-1
-1
-1
-1
-1
-1
117
83
-1
-1
-1
62
-1
46
9
5
38
-1
-1
-1
190
-1
-1
-1
-1
-1
-1
-1
68
89
-1
-1
-1
66
-1
49
8
5
35
-1
-1
-1
189
-1
-1
-1
-1
-1
-1
-1
59
-1
95
-1
-1
69
-1
50
9
6
36
-1
-1
-1
182
-1
-1
-1
-1
-1
-1
-1
62
-1
93
-1
-1
-1
-1
77
9
5
40
-1
-1
179
-1
-1
-1
-1
-1
-1
-1
-1
63
30
94
-1
-1
-1
91
18
10
4
-1
194
-1
-1
-1
-1
-1
-1
-1
-1
-1
-1
182
-1
-1
-1
-1
-1
91
22
9
4
-1
199
-1
-1
-1
-1
-1
-1
-1
-1
-1
-1
195
-1
-1
-1
-1
-1
94
19
9
3
-1
206
-1
-1
-1
-1
-1
-1
-1
-1
-1
-1
184
-1
-1
-1
-1
-1
91
19
10
3
22
161
-1
-1
-1
-1
-1
-1
-1
-1
-1
100
117
-1
-1
-1
-1
-1
99
23
10
-1
27
155
-1
-1
-1
-1
-1
-1
-1
-1
-1
110
122
-1
-1
-1
-1
95
29
20
11
-1
26
161
-1
-1
-1
-1
-1
-1
-1
-1
-1
201
-1
-1
-1
-1
-1
92
31
21
14
-1
29
153
-1
-1
-1
-1
-1
-1
-1
-1
-1
207
-1
-1
-1
-1
-1
94
34
24
12
-1
29
151
-1
-1
-1
-1
-1
-1
-1
-1
-1
208
-1
-1
-1
-1
-1
123
29
23
12
9
23
151
-1
-1
-1
-1
-1
-1
-1
-1
187
-1
-1
-1
-1
-1
-1
124
29
22
-1
29
24
168
-1
-1
-1
-1
-1
-1
-1
-1
189
-1
-1
-1
-1
-1
-1
33
29
22
-1
25
25
160
-1
-1
-1
-1
-1
-1
-1
-1
168
-1
-1
-1
-1
-1
127
29
32
26
-1
27
117
-1
-1
-1
-1
-1
-1
192
-1
-1
-1
-1
-1
-1
-1
-1
162
28
30
22
-1
24
114
-1
-1
-1
-1
-1
-1
191
-1
-1
-1
-1
-1
-1
-1
-1
156
29
29
22
6
13
122
-1
-1
-1
-1
-1
-1
119
-1
91
-1
-1
-1
-1
-1
-1
123
152
-1
-1
30
13
85
-1
-1
-1
-1
-1
129
28
-1
122
-1
-1
-1
-1
-1
-1
-1
63
-1
-1
24
93
-1
-1
-1
-1
-1
-1
129
29
-1
86
-1
-1
-1
-1
-1
-1
124
-1
-1
-1
25
97
-1
-1
-1
-1
-1
-1
134
85
-1
-1
-1
-1
-1
-1
-1
-1
213
-1
-1
-1
23
93
-1
-1
-1
-1
-1
-1
125
27
75
-1
-1
-1
-1
-1
-1
-1
213
-1
-1
39
2
91
-1
-1
-1
-1
-1
-1
124
28
47
-1
-1
-1
-1
-1
-1
-1
190
-1
-1
41
60
-1
-1
-1
-1
-1
-1
-1
158
31
47
-1
-1
-1
-1
-1
-1
183
-1
-1
-1
42
65
-1
-1
-1
-1
-1
-1
-1
156
26
48
-1
-1
-1
-1
-1
-1
176
-1
-1
55
14
59
-1
-1
-1
-1
-1
-1
-1
154
24
27
-1
-1
-1
-1
74
-1
93
-1
-1
51
13
62
-1
-1
-1
-1
-1
-1
134
31
38
-1
-1
-1
-1
52
30
93
-1
-1
-1
52
13
67
-1
-1
-1
-1
-1
-1
133
31
35
-1
-1
-1
-1
52
33
-1
97
-1
-1
47
45
-1
-1
-1
-1
-1
-1
-1
155
-1
76
-1
-1
-1
-1
57
32
33
64
-1
-1
47
29
-1
-1
-1
-1
-1
141
-1
-1
-1
103
-1
-1
-1
-1
50
29
98
-1
-1
-1
49
27
-1
-1
-1
-1
-1
144
-1
-1
100
-1
-1
-1
-1
30
25
29
89
-1
-1
-1
47
20
-1
-1
-1
60
-1
98
-1
-1
102
-1
-1
-1
-1
30
25
29
90
-1
-1
-1
71
-1
-1
-1
-1
90
-1
-1
-1
156
-1
-1
-1
-1
-1
46
27
29
90
-1
-1
-1
99
-1
-1
-1
-1
85
-1
-1
-1
155
-1
-1
-1
-1
-1
46
28
93
-1
-1
-1
-1
135
-1
-1
-1
-1
85
-1
-1
-1
155
-1
-1
-1
-1
132
-1
-1
-1
-1
-1
-1
-1
71
-1
-1
-1
-1
192
-1
-1
-1
-1
-1
-1
-1
-1
126
-1
-1
-1
-1
120
-1
-1
63
-1
-1
-1
31
169
-1
-1
-1
-1
-1
-1
-1
-1
129
-1
-1
-1
-1
129
-1
-1
-1
-1
-1
-1
171
-1
-1
-1
-1
-1
-1
-1
-1
-1
163
-1
-1
-1
-1
181
-1
-1
-1
-1
-1
-1
239
-1
-1
-1
-1
-1
-1
-1
-1
105
169
-1
-1
-1
-1
-1
-1
-1
-1
-1
-1
-1
258
-1
-1
-1
-1
-1
-1
-1
-1
250
-1
-1
-1
-1
-1
-1
-1
-1
-1
-1
-1
-1
-1
-1
-1
-1
-1
-1
-1
-1
-1
519
-1
-1
-1
-1
-1
-1
-1
-1
-1
-1
-1
230
-1
-1
-1
-1
-1
-1
-1
-1
-1
312
-1
-1
-1
-1
-1
-1
-1
-1
-1
-1
-1
146
-1
-1
165
-1
-1
-1
-1
-1
-1
232
-1
-1
-1
-1
-1
-1
-1
-1
-1
-1
-1
-1
-1
-1
273
-1
-1
-1
-1
-1
-1
273
-1
-1
-1
-1
-1
-1
-1
-1
-1
-1
-1
-1
-1
-1
235
-1
-1
-1
-1
-1
315
-1
-1
-1
-1
-1
-1
-1
-1
-1
-1
-1
-1
-1
-1
-1
238
-1
-1
-1
-1
-1
307
-1
-1
-1
-1
-1
-1
-1
-1
-1
-1
-1
-1
-1
-1
-1
-1
-1
-1
-1
-1
-1
545
-1
-1
-1
-1
-1
-1
-1
-1
-1
-1
-1
-1
-1
-1
-1
-1
-1
-1
-1
-1
285
280
-1
-1
-1
-1
-1
-1
-1
-1
-1
-1
-1
-1
-1
-1
-1
-1
-1
-1
-1
-1
558
-1
-1
-1
-1
-1
-1
-1
-1
-1
-1
-1
-1
-1
-1
-1
-1
-1
-1
-1
-1
-1
562
-1
-1
-1
-1
-1
-1
-1
-1
-1
-1
-1
-1
-1
-1
-1
-1
-1
-1
-1
-1
-1
560
-1
-1
-1
-1
-1
-1
-1
-1
-1
-1
-1
275
-1
-1
-1
-1
-1
-1
-1
-1
283
-1
-1
-1
-1
-1
-1
-1
-1
-1
-1
-1
-1
204
-1
-1
-1
70
66
-1
-1
-1
218
-1
-1
-1
-1
-1
-1
-1
-1
-1
-1
-1
-1
-1
-1
-1
-1
214
62
-1
-1
-1
290
-1
-1
-1
-1
-1
-1
-1
-1
-1
-1
-1
197
-1
-1
-1
47
28
61
-1
-1
66
148
-1
-1
-1
-1
-1
-1
-1
-1
-1
-1
188
37
-1
-1
-1
46
28
63
-1
-1
65
118
-1
-1
-1
-1
-1
-1
-1
-1
-1
-1
185
35
-1
-1
27
22
27
66
-1
-1
-1
188
-1
-1
-1
-1
-1
-1
-1
-1
-1
-1
188
33
-1
-1
23
21
28
63
-1
-1
69
115
-1
-1
-1
-1
-1
-1
-1
-1
-1
-1
221
-1
-1
-1
31
25
30
35
-1
65
139
-1
-1
-1
-1
-1
-1
-1
-1
-1
-1
-1
212
-1
-1
13
21
25
26
32
-1
66
147
-1
-1
-1
-1
-1
-1
-1
-1
-1
-1
-1
205
-1
-1
13
18
21
26
31
31
-1
172
-1
-1
-1
-1
-1
-1
-1
-1
-1
-1
-1
-1
-1
-1
14
17
21
27
31
31
-1
148
-1
-1
-1
-1
-1
-1
-1
-1
-1
-1
229
-1
-1
-1
14
20
24
27
32
-1
68
119
-1
-1
-1
-1
-1
-1
-1
-1
-1
-1
223
-1
-1
-1
31
17
23
-1
62
-1
156
-1
-1
-1
-1
-1
-1
-1
115
-1
-1
116
-1
-1
-1
-1
31
17
46
-1
-1
65
113
-1
-1
-1
-1
-1
-1
-1
115
-1
-1
127
-1
