64
45
0
0
0
0
0
1047
218
522
370
0
340
52
216
0
42
0
278
56
0
253
0
97
0
0
0
23
0
21
28
18
27
86
0
83
36
220
0
0
294
20
0
0
119
0
0
58
0
56
0
85
20
57
28
30
415
638
99
53
0
0
59
43
0
861
339
424
126
401
0
511
175
24
55
0
37
577
4676
0
285
373
128
1392
33
216
267
0
482
245
125
92
126
0
0
476
42
115
0
0
231
52
84
171
155
85
65
252
1006
490
26
270
299
42
277
571
418
923
417
171
905
0
161
30
201
131
299
421
390
67
0
245
148
197
473
131
219
185
0
290
60
30
61
192
0
192
543
211
221
478
830
1228
1285
0
0
23
23
13
185
0
464
255
692
1611
246
