0
2779
0
233
820
0
0
0
0
0
0
0
0
1718
0
2
0
0
0
0
3618
0
0
0
0
541
1087
0
0
0
0
0
0
0
0
1841
0
1
0
0
0
2124
3848
0
0
987
987
493
0
0
0
0
0
0
0
0
0
1849
0
0
0
0
0
2570
3874
0
0
1588
1113
590
0
0
0
0
0
0
0
0
749
0
0
0
0
0
0
3634
0
0
0
1665
1203
638
0
0
0
0
0
0
0
0
0
0
0
0
0
0
1238
3797
0
0
0
1679
1158
577
0
0
0
0
0
0
0
0
1190
0
0
0
0
0
2348
3917
0
0
0
1666
1180
528
0
0
0
0
0
0
0
0
1366
0
0
0
0
0
2438
3925
0
0
0
1607
1137
569
0
0
0
0
0
0
0
0
0
0
0
0
0
1637
3347
3933
0
0
407
0
465
1035
0
0
0
0
0
0
0
0
0
0
0
0
0
0
3386
0
0
0
404
0
508
1054
27
27
0
0
0
0
0
0
0
0
0
0
0
0
3308
0
0
0
440
0
511
1083
30
30
0
0
0
0
0
0
0
0
0
0
0
0
3379
0
0
0
0
373
941
399
61
52
0
0
0
0
0
0
0
0
0
0
0
1794
3701
0
0
0
0
1139
652
68
68
46
0
0
0
0
0
0
0
0
0
0
0
2076
0
0
0
328
0
503
54
54
54
0
0
0
0
0
0
0
0
0
0
0
0
2163
0
0
0
288
0
494
48
48
48
0
0
0
0
0
0
0
0
0
0
0
0
2128
0
0
0
246
0
109
36
36
0
0
0
0
0
0
0
0
0
0
0
0
0
2118
0
0
0
265
0
85
85
85
0
0
0
0
0
0
0
0
0
0
0
0
0
2174
0
0
0
0
0
15
15
15
0
0
0
0
0
0
0
0
0
0
0
0
0
0
0
0
0
0
0
0
0
0
0
0
0
0
0
0
0
0
0
0
0
0
0
0
0
0
0
0
0
0
0
0
0
0
0
0
0
0
0
0
0
0
0
0
235
0
0
0
0
0
0
0
0
0
0
0
0
0
0
0
0
0
0
0
0
0
567
0
0
0
0
0
0
0
0
0
0
0
0
0
169
169
0
0
0
0
0
0
579
0
0
0
0
0
0
0
0
0
0
0
0
0
173
173
0
0
0
0
0
0
0
0
0
0
0
0
0
0
0
0
0
0
0
164
0
0
0
0
0
0
0
0
0
0
0
0
0
0
0
0
0
0
0
0
0
107
0
0
0
0
0
0
0
0
0
0
0
0
0
0
0
0
0
0
0
0
0
176
0
0
0
0
0
0
0
0
0
0
0
0
0
0
0
0
0
0
0
1
0
0
175
0
0
0
0
0
0
0
1
0
0
337
0
0
0
0
0
0
2
2
0
1348
0
0
0
0
0
0
0
0
46
491
0
428
0
221
0
0
0
0
2
3
0
0
174
0
0
0
0
0
0
10
0
0
520
896
0
0
0
0
0
0
0
1174
0
0
0
0
0
0
0
0
0
157
206
0
526
910
0
0
0
0
0
0
0
1441
0
0
0
0
0
0
0
0
40
202
536
0
601
0
0
0
0
0
0
0
3
1406
0
0
0
0
0
0
0
0
70
103
0
533
1091
0
135
0
0
0
0
0
3
1449
0
0
0
0
0
0
0
0
57
596
0
568
1090
0
1
1
0
0
0
70
73
1630
0
0
0
0
0
0
0
0
1091
580
0
571
1091
0
0
0
0
0
0
776
779
2269
0
0
0
0
0
0
0
2093
922
0
626
1228
0
0
0
0
0
0
0
418
421
0
0
0
0
0
0
0
0
0
1272
674
0
518
0
0
0
0
0
0
0
0
1
0
0
0
0
0
0
0
0
0
0
596
0
502
0
0
0
0
0
0
0
0
0
0
0
0
0
0
0
0
0
0
0
634
0
523
0
0
0
0
0
0
0
0
0
0
0
0
0
0
0
0
0
0
193
0
611
1144
0
0
0
0
0
0
0
0
0
0
0
0
0
0
0
0
0
0
183
0
664
1245
0
0
0
0
0
0
0
0
0
0
0
0
0
0
0
0
0
0
173
0
607
1174
0
0
0
0
0
0
0
0
0
0
0
0
0
0
0
0
0
167
167
0
656
1105
214
0
0
0
0
0
0
0
0
0
0
0
0
0
0
0
0
0
0
164
663
663
0
0
0
0
0
0
0
0
0
0
0
0
0
0
0
0
0
0
0
216
705
705
0
0
0
0
0
0
0
0
0
0
0
0
0
0
0
0
0
0
0
196
0
0
0
0
0
0
0
0
0
0
0
0
0
0
0
0
0
0
0
0
0
1
1
1
0
0
0
0
0
0
0
0
0
0
0
0
0
0
12
12
12
12
12
0
0
0
0
0
0
0
0
0
0
0
0
0
0
0
0
0
0
0
0
0
0
0
0
0
0
0
0
0
0
0
0
0
0
0
0
0
0
0
0
0
0
0
0
0
0
0
0
0
0
0
0
0
0
0
0
0
0
0
0
2
2
2
2
2
2
0
0
0
0
0
0
0
4095
4095
0
0
0
0
0
0
0
77
77
77
77
77
0
0
0
0
0
0
0
4095
0
0
0
0
0
0
0
0
0
110
110
110
110
110
15
0
0
0
0
0
0
0
0
1388
0
0
0
0
0
0
22
22
22
22
22
22
7
0
0
0
0
0
0
0
0
1848
0
0
0
0
0
0
31
31
31
31
31
31
0
0
0
0
0
0
0
0
0
2068
4083
4083
4083
4083
4083
4083
12
12
12
12
12
0
0
0
0
0
0
0
0
0
410
2366
4084
4084
4084
4084
4084
4084
11
11
11
11
11
0
0
0
0
0
0
0
0
0
1099
2594
4095
4095
4095
4095
4095
0
0
0
0
0
0
0
0
0
0
0
0
0
0
0
1095
2786
4080
4080
4080
4080
4080
0
0
0
0
0
0
0
0
0
0
0
0
0
0
0
1145
2724
4095
4095
4095
4095
4095
0
0
0
0
0
0
0
0
0
0
0
0
0
0
0
2159
0
4095
4095
4095
4095
0
0
0
0
0
0
0
0
0
0
0
0
0
4095
4095
4008
1687
3286
0
0
0
0
0
0
0
0
0
0
0
0
0
0
0
0
0
2603
2603
0
1710
0
0
0
0
19
0
0
0
0
0
0
0
0
0
0
0
0
0
2924
2924
0
0
0
0
0
0
88
0
0
0
0
0
0
0
0
0
0
0
0
0
0
0
1965
0
0
0
0
42
0
0
0
0
0
0
0
0
0
0
2
2
2
0
0
0
2202
0
0
7
0
85
988
0
0
0
0
0
0
0
0
1
8
8
0
588
588
0
2418
0
0
15
0
90
948
0
0
0
0
0
0
0
0
6
13
114
0
0
0
1072
0
0
0
0
228
0
0
0
0
0
0
0
0
0
0
3
10
89
0
0
0
1790
0
0
0
0
221
0
1172
0
0
0
0
0
0
0
0
4
514
514
0
0
0
1431
0
0
0
0
213
0
217
0
0
0
0
0
0
0
0
4
475
475
0
0
0
0
0
0
0
112
0
1387
0
0
0
0
0
0
0
0
0
2
2
0
0
0
2662
0
0
0
0
0
375
0
0
0
0
0
0
0
0
0
1354
1356
1356
0
0
0
3462
0
0
0
0
0
569
0
0
0
0
0
0
0
0
1646
0
1
0
0
0
0
3759
0
0
