-1
72
8
46
-1
-1
-1
186
-1
-1
-1
-1
-1
-1
-1
209
-1
-1
-1
-1
-1
-1
-1
77
8
48
-1
-1
-1
180
-1
-1
-1
-1
-1
-1
-1
205
-1
-1
-1
-1
-1
-1
-1
72
8
181
-1
-1
-1
-1
-1
-1
-1
-1
-1
-1
-1
245
-1
-1
-1
-1
-1
-1
-1
70
8
180
-1
-1
-1
-1
-1
-1
-1
-1
-1
-1
-1
127
125
-1
-1
-1
-1
-1
66
5
8
178
-1
-1
-1
-1
-1
-1
-1
-1
-1
-1
-1
142
132
-1
-1
-1
-1
-1
72
5
8
188
-1
-1
-1
-1
-1
-1
-1
-1
-1
-1
-1
133
131
-1
-1
-1
-1
-1
68
6
8
188
-1
-1
-1
-1
-1
-1
-1
-1
-1
-1
-1
136
131
-1
-1
-1
-1
-1
96
5
9
180
-1
-1
-1
-1
-1
-1
-1
-1
-1
-1
-1
251
-1
-1
-1
-1
-1
-1
41
6
36
-1
-1
-1
188
-1
-1
-1
-1
-1
-1
-1
86
60
-1
-1
-1
124
-1
-1
17
5
34
-1
-1
-1
194
-1
-1
-1
-1
-1
-1
-1
79
30
66
-1
-1
61
-1
53
18
5
41
-1
-1
-1
193
-1
-1
-1
-1
-1
-1
-1
87
-1
99
-1
-1
61
-1
51
21
6
18
-1
56
-1
159
-1
-1
-1
-1
-1
-1
-1
89
32
97
-1
-1
-1
-1
84
17
5
18
-1
187
-1
-1
-1
-1
-1
-1
-1
-1
-1
121
34
96
-1
-1
-1
-1
82
18
5
-1
42
157
-1
-1
-1
-1
-1
-1
-1
-1
-1
121
99
-1
-1
-1
-1
89
26
21
6
-1
43
156
-1
-1
-1
-1
-1
-1
-1
-1
-1
186
-1
-1
-1
-1
-1
131
22
17
5
-1
41
161
-1
-1
-1
-1
-1
-1
-1
-1
-1
182
-1
-1
-1
-1
-1
126
23
19
6
20
23
164
-1
-1
-1
-1
-1
-1
-1
-1
100
89
-1
-1
-1
-1
-1
130
22
17
-1
24
147
-1
-1
-1
-1
-1
-1
-1
-1
-1
182
-1
-1
-1
-1
-1
131
27
26
15
-1
22
152
-1
-1
-1
-1
-1
-1
-1
-1
-1
177
-1
-1
-1
-1
-1
131
27
22
15
-1
25
154
-1
-1
-1
-1
-1
-1
-1
-1
-1
180
-1
-1
-1
-1
-1
126
28
23
11
-1
25
149
-1
-1
-1
-1
-1
-1
-1
-1
-1
181
-1
-1
-1
-1
-1
131
28
23
8
5
17
241
-1
-1
-1
-1
-1
-1
-1
-1
-1
-1
-1
-1
-1
-1
-1
222
33
25
9
6
18
150
-1
-1
-1
-1
-1
-1
-1
-1
181
-1
-1
-1
-1
-1
-1
131
27
24
-1
5
20
78
-1
-1
-1
-1
-1
152
-1
-1
57
-1
-1
-1
-1
-1
129
32
27
35
-1
6
95
-1
-1
-1
-1
-1
-1
149
-1
-1
52
-1
-1
-1
-1
-1
126
34
-1
53
-1
5
99
-1
-1
-1
-1
-1
-1
181
-1
-1
-1
-1
-1
-1
-1
-1
-1
178
-1
54
27
5
108
-1
-1
-1
-1
-1
-1
140
18
55
-1
-1
-1
-1
-1
-1
-1
182
-1
-1
26
71
-1
-1
-1
-1
-1
-1
-1
157
17
54
-1
-1
-1
-1
-1
-1
-1
190
-1
-1
25
70
-1
-1
-1
-1
-1
-1
-1
155
20
51
-1
-1
-1
-1
-1
-1
-1
184
-1
-1
148
74
-1
-1
-1
-1
-1
-1
-1
152
-1
133
-1
-1
-1
-1
-1
-1
-1
-1
-1
-1
148
75
-1
-1
-1
-1
-1
-1
-1
161
128
-1
-1
-1
-1
-1
-1
-1
-1
-1
-1
-1
9
72
-1
-1
-1
-1
-1
-1
-1
157
45
-1
-1
-1
-1
-1
-1
149
-1
-1
-1
78
53
-1
-1
-1
-1
-1
-1
-1
155
25
47
-1
-1
-1
-1
-1
-1
144
-1
-1
-1
79
50
-1
-1
-1
-1
-1
-1
-1
153
25
29
-1
-1
-1
-1
64
-1
90
-1
-1
-1
77
53
-1
-1
-1
-1
-1
-1
-1
157
-1
56
-1
-1
-1
-1
115
-1
-1
-1
-1
90
18
51
-1
-1
-1
-1
-1
-1
-1
158
55
-1
-1
-1
-1
40
28
27
64
-1
-1
58
18
77
-1
-1
-1
-1
-1
-1
-1
-1
187
-1
-1
-1
-1
36
30
30
71
-1
-1
58
20
-1
-1
-1
-1
-1
-1
-1
-1
-1
179
-1
-1
-1
-1
34
32
34
65
-1
-1
64
100
-1
-1
-1
-1
68
65
-1
-1
-1
114
-1
-1
-1
-1
33
28
30
63
-1
-1
58
34
-1
-1
-1
-1
67
64
-1
-1
106
-1
-1
-1
-1
25
18
29
60
-1
-1
-1
91
32
-1
-1
-1
42
-1
95
-1
-1
108
-1
-1
-1
-1
23
-1
117
-1
-1
-1
-1
91
37
-1
-1
-1
75
-1
-1
-1
162
-1
-1
-1
-1
-1
43
-1
117
-1
-1
-1
-1
93
32
-1
-1
-1
75
-1
-1
-1
158
-1
-1
-1
-1
-1
106
-1
-1
-1
-1
96
-1
89
-1
-1
-1
-1
179
-1
-1
-1
-1
-1
-1
-1
-1
135
-1
-1
-1
-1
-1
134
-1
92
-1
-1
-1
-1
189
-1
-1
-1
-1
-1
-1
-1
-1
137
-1
-1
-1
-1
127
-1
-1
89
-1
-1
-1
183
-1
-1
-1
-1
-1
-1
-1
-1
-1
173
-1
-1
-1
-1
187
-1
-1
-1
-1
-1
-1
245
-1
-1
-1
-1
-1
-1
-1
-1
-1
302
-1
-1
-1
-1
-1
-1
-1
-1
-1
-1
-1
244
-1
-1
-1
-1
-1
-1
-1
-1
-1
301
-1
-1
-1
-1
-1
-1
-1
-1
-1
-1
-1
294
-1
-1
-1
-1
-1
-1
-1
-1
282
-1
-1
-1
-1
-1
-1
-1
-1
-1
-1
-1
-1
-1
-1
-1
-1
-1
-1
-1
-1
-1
589
-1
-1
-1
-1
-1
-1
-1
-1
-1
-1
-1
-1
-1
-1
-1
261
-1
-1
-1
-1
-1
325
-1
-1
-1
-1
-1
-1
-1
-1
-1
-1
-1
-1
-1
-1
284
-1
-1
-1
-1
-1
-1
283
-1
-1
-1
-1
-1
-1
-1
-1
-1
-1
-1
-1
-1
-1
283
-1
-1
-1
-1
-1
-1
275
-1
-1
-1
-1
-1
-1
-1
-1
-1
-1
-1
-1
-1
-1
249
-1
-1
-1
-1
-1
309
-1
-1
-1
-1
-1
-1
-1
-1
-1
-1
-1
-1
-1
-1
-1
-1
-1
-1
-1
-1
-1
554
-1
-1
-1
-1
-1
-1
-1
-1
-1
-1
-1
-1
-1
-1
-1
-1
-1
-1
-1
-1
-1
552
-1
-1
-1
-1
-1
-1
-1
-1
-1
-1
-1
-1
-1
-1
-1
-1
-1
-1
-1
-1
274
283
-1
-1
-1
-1
-1
-1
-1
-1
-1
-1
-1
-1
-1
-1
-1
-1
-1
-1
-1
-1
533
-1
-1
-1
-1
-1
-1
-1
-1
-1
-1
-1
-1
-1
-1
-1
-1
-1
-1
-1
-1
-1
513
-1
-1
-1
-1
-1
-1
-1
-1
-1
-1
-1
-1
-1
-1
-1
-1
-1
-1
-1
-1
157
98
-1
-1
-1
-1
-1
-1
-1
-1
-1
-1
-1
263
-1
-1
-1
47
62
-1
-1
-1
91
102
-1
-1
-1
-1
-1
-1
-1
-1
-1
-1
-1
206
-1
-1
-1
49
33
67
-1
-1
135
-1
-1
-1
-1
-1
-1
-1
-1
-1
-1
-1
203
27
-1
-1
-1
51
31
71
-1
-1
128
-1
-1
-1
-1
-1
-1
-1
-1
-1
-1
-1
204
27
-1
-1
29
28
30
64
-1
-1
129
-1
-1
-1
-1
-1
-1
-1
-1
-1
-1
-1
229
-1
-1
-1
27
28
30
65
-1
-1
131
-1
-1
-1
-1
-1
-1
-1
-1
-1
-1
180
41
-1
-1
14
19
28
63
-1
-1
-1
162
-1
-1
-1
-1
-1
-1
-1
-1
-1
-1
170
37
-1
-1
13
22
31
30
-1
67
33
98
-1
-1
-1
-1
-1
-1
-1
-1
-1
-1
174
36
-1
-1
14
18
29
35
-1
70
32
98
-1
-1
-1
-1
-1
-1
-1
-1
-1
-1
214
-1
-1
-1
166
18
28
30
-1
71
190
-1
-1
-1
-1
-1
-1
-1
-1
-1
-1
-1
-1
-1
-1
20
8
18
28
63
-1
-1
152
-1
-1
-1
-1
-1
-1
-1
-1
-1
-1
214
-1
-1
-1
25
8
21
28
30
-1
73
113
-1
-1
-1
-1
-1
-1
-1
-1
-1
-1
213
-1
-1
-1
22
9
18
31
34
-1
158
-1
-1
-1
-1
-1
-1
-1
102
-1
-1
-1
144
-1
-1
-1
