35
111
-1
-1
-1
-1
-1
-1
-1
-1
-1
-1
202
-1
-1
-1
45
8
18
27
67
-1
117
-1
-1
-1
-1
-1
-1
-1
102
-1
-1
-1
120
-1
-1
-1
48
8
21
30
67
-1
152
-1
-1
-1
-1
-1
-1
-1
167
-1
-1
-1
-1
-1
-1
-1
100
8
78
-1
-1
-1
-1
-1
-1
-1
-1
-1
-1
-1
196
-1
-1
-1
-1
-1
-1
-1
101
8
211
-1
-1
-1
-1
-1
-1
-1
-1
-1
-1
-1
197
-1
-1
-1
-1
-1
-1
-1
108
8
216
-1
-1
-1
-1
-1
-1
-1
-1
-1
-1
-1
103
100
-1
-1
-1
-1
-1
106
5
7
212
-1
-1
-1
-1
-1
-1
-1
-1
-1
-1
-1
108
102
-1
-1
-1
-1
-1
95
6
8
211
-1
-1
-1
-1
-1
-1
-1
-1
-1
-1
-1
111
97
-1
-1
-1
-1
-1
96
5
9
216
-1
-1
-1
-1
-1
-1
-1
-1
-1
-1
-1
210
-1
-1
-1
-1
-1
-1
97
6
9
216
-1
-1
-1
-1
-1
-1
-1
-1
-1
-1
-1
144
-1
-1
-1
123
-1
-1
43
5
11
217
-1
-1
-1
-1
-1
-1
-1
-1
-1
-1
65
62
-1
-1
-1
100
-1
51
19
5
40
-1
-1
-1
218
-1
-1
-1
-1
-1
-1
-1
64
34
66
-1
-1
63
-1
49
20
6
41
-1
-1
-1
217
-1
-1
-1
-1
-1
-1
-1
63
31
69
-1
-1
64
-1
49
17
5
19
-1
51
-1
184
-1
-1
-1
-1
-1
-1
-1
89
30
102
-1
-1
-1
-1
84
19
5
19
-1
214
-1
-1
-1
-1
-1
-1
-1
-1
-1
95
95
-1
-1
-1
-1
-1
111
20
6
-1
44
194
-1
-1
-1
-1
-1
-1
-1
-1
-1
88
99
-1
-1
-1
-1
93
22
18
5
-1
42
194
-1
-1
-1
-1
-1
-1
-1
-1
-1
162
-1
-1
-1
-1
-1
127
23
19
6
-1
42
186
-1
-1
-1
-1
-1
-1
-1
-1
-1
150
-1
-1
-1
-1
-1
128
25
18
5
-1
44
189
-1
-1
-1
-1
-1
-1
-1
-1
93
87
-1
-1
-1
-1
-1
124
22
17
5
17
23
161
-1
-1
-1
-1
-1
-1
-1
-1
152
-1
-1
-1
-1
-1
132
28
23
16
-1
26
178
-1
-1
-1
-1
-1
-1
-1
-1
-1
144
-1
-1
-1
-1
-1
133
32
23
10
-1
24
189
-1
-1
-1
-1
-1
-1
-1
-1
-1
144
-1
-1
-1
-1
-1
130
29
24
9
-1
22
187
-1
-1
-1
-1
-1
-1
-1
-1
-1
-1
-1
-1
-1
-1
-1
212
27
22
8
-1
25
243
-1
-1
-1
-1
-1
-1
-1
-1
173
-1
-1
-1
-1
-1
-1
131
27
25
7
5
20
144
-1
-1
-1
-1
-1
-1
-1
-1
170
-1
-1
-1
-1
-1
-1
127
28
20
-1
13
17
152
-1
-1
-1
-1
-1
120
-1
-1
52
-1
-1
-1
-1
-1
128
30
31
18
-1
12
18
118
-1
-1
-1
-1
-1
178
-1
-1
-1
-1
-1
-1
-1
-1
163
30
-1
45
-1
13
107
-1
-1
-1
-1
-1
-1
176
-1
-1
-1
-1
-1
-1
-1
-1
-1
188
-1
41
-1
14
99
-1
-1
-1
-1
-1
-1
121
20
51
-1
-1
-1
-1
-1
-1
-1
185
-1
-1
25
102
-1
-1
-1
-1
-1
-1
-1
124
17
52
-1
-1
-1
-1
-1
-1
-1
177
-1
-1
28
106
-1
-1
-1
-1
-1
-1
-1
127
18
112
-1
-1
-1
-1
-1
-1
-1
-1
-1
-1
152
107
-1
-1
-1
-1
-1
-1
-1
131
99
-1
-1
-1
-1
-1
-1
-1
-1
-1
-1
-1
180
103
-1
-1
-1
-1
-1
-1
-1
118
45
-1
-1
-1
-1
-1
-1
179
-1
-1
-1
-1
54
105
-1
-1
-1
-1
-1
-1
-1
123
42
-1
-1
-1
-1
-1
-1
137
-1
-1
-1
78
8
103
-1
-1
-1
-1
-1
-1
130
26
31
-1
-1
-1
-1
63
-1
95
-1
-1
-1
76
80
-1
-1
-1
-1
-1
-1
-1
132
29
31
-1
-1
-1
-1
65
-1
90
-1
-1
-1
75
79
-1
-1
-1
-1
-1
-1
-1
128
25
25
-1
-1
-1
36
93
-1
-1
-1
-1
97
21
78
-1
-1
-1
-1
-1
-1
-1
125
53
-1
-1
-1
-1
34
31
29
63
-1
-1
59
19
77
-1
-1
-1
-1
-1
-1
-1
-1
179
-1
-1
-1
-1
34
30
30
63
-1
-1
58
18
88
-1
-1
-1
-1
-1
-1
-1
-1
87
-1
-1
-1
-1
36
30
30
63
-1
-1
58
32
-1
-1
-1
-1
66
97
-1
-1
113
-1
-1
-1
-1
-1
44
31
60
-1
-1
-1
91
36
-1
-1
-1
-1
71
69
-1
-1
109
-1
-1
-1
-1
22
-1
57
63
-1
-1
-1
97
28
-1
-1
-1
48
30
68
-1
30
78
-1
-1
-1
-1
26
-1
123
-1
-1
-1
-1
97
28
-1
-1
-1
45
-1
92
-1
115
-1
-1
-1
-1
-1
101
-1
-1
-1
-1
95
-1
91
-1
-1
-1
-1
120
-1
-1
-1
119
-1
-1
-1
-1
82
-1
-1
-1
-1
-1
127
-1
89
-1
-1
-1
-1
118
-1
-1
-1
-1
-1
-1
-1
-1
138
-1
-1
-1
-1
-1
127
-1
91
-1
-1
-1
-1
180
-1
-1
-1
-1
-1
-1
-1
-1
148
-1
-1
-1
-1
125
-1
-1
92
-1
-1
-1
-1
181
-1
-1
-1
-1
-1
-1
-1
-1
232
-1
-1
-1
-1
-1
-1
-1
-1
-1
-1
-1
319
-1
-1
-1
-1
-1
-1
-1
-1
-1
243
-1
-1
-1
-1
-1
-1
-1
-1
-1
-1
-1
321
-1
-1
-1
-1
-1
-1
-1
-1
128
162
-1
-1
-1
-1
-1
-1
-1
-1
-1
-1
-1
291
-1
-1
-1
-1
-1
-1
-1
-1
281
-1
-1
-1
-1
-1
-1
-1
-1
-1
-1
-1
-1
293
-1
-1
-1
-1
-1
-1
-1
-1
564
-1
-1
-1
-1
-1
-1
-1
-1
-1
-1
-1
-1
-1
-1
-1
-1
-1
-1
-1
-1
-1
571
-1
-1
-1
-1
-1
-1
-1
-1
-1
-1
-1
-1
-1
-1
-1
-1
-1
-1
-1
-1
-1
289
-1
-1
-1
-1
-1
-1
-1
-1
-1
-1
-1
-1
-1
-1
290
-1
-1
-1
-1
-1
-1
270
-1
-1
-1
-1
-1
-1
-1
-1
-1
-1
-1
-1
-1
-1
295
-1
-1
-1
-1
-1
241
-1
-1
-1
-1
-1
-1
-1
-1
-1
-1
-1
-1
-1
-1
-1
308
-1
-1
-1
-1
-1
556
-1
-1
-1
-1
-1
-1
-1
-1
-1
-1
-1
-1
-1
-1
-1
-1
-1
-1
-1
-1
-1
540
-1
-1
-1
-1
-1
-1
-1
-1
-1
-1
-1
-1
-1
-1
-1
-1
-1
-1
-1
-1
524
-1
-1
-1
-1
-1
-1
-1
-1
-1
-1
-1
-1
-1
-1
-1
-1
-1
-1
-1
-1
-1
527
-1
-1
-1
-1
-1
-1
-1
-1
-1
-1
-1
-1
-1
-1
-1
-1
-1
-1
-1
-1
-1
525
-1
-1
-1
-1
-1
-1
-1
-1
-1
-1
-1
-1
-1
-1
-1
-1
-1
-1
-1
-1
162
100
-1
-1
-1
-1
-1
-1
-1
-1
-1
-1
-1
261
-1
-1
-1
-1
-1
-1
-1
-1
157
-1
-1
-1
-1
-1
-1
-1
-1
-1
-1
-1
-1
204
-1
-1
-1
60
93
-1
-1
-1
129
-1
-1
-1
-1
-1
-1
-1
-1
-1
-1
-1
205
18
-1
-1
-1
56
30
64
-1
-1
125
-1
-1
-1
-1
-1
-1
-1
-1
-1
-1
-1
193
20
-1
-1
28
28
30
64
-1
-1
125
-1
-1
-1
-1
-1
-1
-1
-1
-1
-1
-1
208
-1
-1
-1
33
29
30
64
-1
-1
134
-1
-1
-1
-1
-1
-1
-1
-1
-1
-1
174
35
-1
-1
-1
34
32
100
-1
-1
-1
97
-1
-1
-1
-1
-1
-1
-1
-1
-1
-1
180
37
-1
-1
14
18
27
31
-1
107
35
96
-1
-1
-1
-1
-1
-1
-1
-1
-1
-1
198
-1
-1
-1
27
18
28
30
-1
68
111
-1
-1
-1
-1
-1
-1
-1
-1
-1
-1
-1
213
-1
-1
-1
28
20
28
30
-1
73
111
-1
-1
-1
-1
-1
-1
-1
-1
-1
-1
185
-1
-1
-1
45
8
20
30
30
-1
73
147
-1
-1
-1
-1
-1
-1
-1
-1
-1
-1
201
-1
-1
-1
43
9
18
31
63
-1
-1
