0
0
0
0
0
0
0
0
668
0
0
0
4095
718
1756
4095
4095
0
1285
1119
0
0
0
0
0
0
0
0
0
0
3
0
0
0
4095
754
1924
4095
1124
0
1265
0
0
0
0
0
0
0
3783
0
0
0
0
0
0
0
4095
853
4095
4095
0
0
1989
0
0
0
0
0
0
0
3425
0
0
0
0
0
0
0
4095
803
4095
0
0
0
1801
0
0
0
0
0
0
0
3631
0
0
0
0
0
0
0
4095
893
4040
0
0
0
0
0
0
0
0
0
0
0
1690
1656
0
0
0
0
0
0
4095
1228
4095
0
0
0
0
0
0
0
0
0
0
0
3000
1736
0
0
0
0
0
4095
438
1468
3538
0
0
0
0
0
0
0
0
0
0
0
2987
1873
0
0
0
0
0
4095
427
1361
3469
0
0
0
0
0
0
0
0
0
0
0
3183
498
0
0
0
0
0
4095
528
1585
2104
0
0
0
0
0
0
0
0
0
0
0
3170
0
0
0
0
0
0
4095
445
1634
2421
0
0
0
0
0
0
0
0
0
0
1269
1076
0
0
0
4095
0
0
4095
436
1766
0
0
0
2330
0
0
0
0
0
0
0
1299
0
0
0
0
4095
0
3141
1823
552
2742
0
0
0
924
0
0
0
0
0
0
0
1452
0
0
0
0
4095
0
3153
1543
454
1398
0
0
0
1034
0
0
0
0
0
0
0
855
0
0
0
0
4095
0
3041
1632
552
702
0
1723
0
639
0
0
0
0
0
0
0
0
0
0
0
0
0
0
4095
1346
446
961
0
1000
0
0
0
0
0
0
0
0
0
0
0
0
0
0
0
4095
3042
1008
473
0
469
1121
0
0
0
0
0
0
0
0
0
356
0
0
0
0
0
4095
3144
1279
837
0
397
0
0
0
0
0
0
0
0
0
0
384
0
0
0
0
0
4095
3171
933
554
0
176
324
0
0
0
0
0
0
0
0
0
158
0
0
0
0
0
4095
3228
726
0
284
203
15
0
0
0
0
0
0
0
0
0
0
0
0
0
0
4095
4095
3044
731
0
281
376
0
0
0
0
0
0
0
0
0
0
0
0
0
0
0
1156
3807
1704
669
0
304
180
0
0
0
0
0
0
0
0
0
0
0
0
0
0
0
1281
4095
1561
612
0
288
99
0
0
0
0
0
0
0
0
0
0
0
0
0
0
0
1252
4095
1561
353
0
311
14
0
0
0
0
0
0
0
0
0
0
0
0
0
0
0
1138
4095
1800
0
0
184
15
0
0
0
0
0
0
0
0
215
0
0
0
0
0
0
1135
4095
1595
0
0
230
0
0
0
0
0
0
0
0
0
114
0
0
0
0
0
0
0
4095
1658
0
9
65
0
0
0
0
0
0
0
0
0
0
0
0
0
0
0
0
4095
4095
811
0
103
276
0
0
0
0
0
0
106
0
0
0
0
0
0
0
0
25
4095
0
311
0
38
437
0
0
0
0
0
0
1535
0
0
0
0
0
0
0
0
0
4095
0
657
0
82
889
0
0
0
0
0
0
1667
169
0
0
0
0
0
0
0
0
4095
0
0
0
132
0
0
0
0
0
0
1063
1367
119
0
0
0
0
0
0
0
0
1660
0
0
376
87
0
0
0
0
0
0
1506
1391
103
0
0
0
0
0
0
0
139
0
0
0
509
19
0
0
0
0
0
0
4095
1400
0
0
0
0
0
0
0
0
0
0
0
0
882
0
0
0
0
0
0
0
0
1516
0
0
0
0
0
0
0
1235
0
0
0
850
100
0
0
0
0
0
0
0
3386
1619
60
0
0
0
0
0
0
2385
0
0
0
937
186
0
0
0
0
0
0
0
3139
835
262
0
0
0
0
876
0
2295
0
0
0
891
160
0
0
0
0
0
0
0
3120
0
300
0
0
0
0
1232
0
1506
0
0
1057
330
147
0
0
0
0
0
0
0
3663
0
53
0
0
0
0
1144
0
1500
0
0
1033
307
97
0
0
0
0
0
0
0
2443
285
0
0
0
0
48
0
1075
1521
0
0
801
77
187
0
0
0
0
0
0
1965
0
354
0
0
0
0
43
0
1131
1499
0
0
730
7
0
0
0
0
0
0
0
0
0
138
0
0
0
0
0
713
1198
1724
0
0
944
5
0
0
0
0
0
0
0
0
0
0
0
0
0
0
0
1108
1055
0
0
0
839
7
0
0
0
0
0
0
0
0
0
0
0
0
0
71
0
1198
950
0
0
0
652
484
0
0
0
0
0
0
0
0
0
0
0
0
0
0
0
1286
0
0
0
0
598
700
0
0
0
61
0
0
0
0
0
0
0
0
0
0
0
0
0
0
1408
0
40
0
0
0
0
100
0
0
0
0
0
0
0
0
0
0
0
0
0
0
1011
0
0
0
0
0
0
115
0
0
0
0
0
0
0
0
14
0
0
0
0
179
0
0
1
0
0
0
0
41
0
0
0
0
0
0
0
0
22
0
0
0
0
394
0
0
0
0
0
0
21
0
0
0
0
0
0
0
0
0
0
0
0
0
0
0
0
0
0
0
0
0
19
0
0
0
0
0
0
0
0
0
0
0
0
0
0
0
0
0
0
0
0
0
16
0
0
0
0
0
0
0
0
0
0
0
0
0
0
0
0
0
0
0
0
0
0
0
0
0
0
0
0
0
0
5
0
0
0
0
0
0
0
0
0
0
0
0
0
0
0
0
0
0
0
0
0
35
0
0
0
0
0
0
0
0
0
0
0
0
0
0
0
0
0
0
0
0
0
93
0
0
0
0
0
0
0
0
0
0
0
0
0
0
4095
0
0
0
0
0
0
182
0
0
0
0
0
0
0
0
0
0
0
0
0
0
4095
0
0
0
0
0
0
0
0
0
0
0
0
0
0
0
0
0
0
0
0
0
4095
0
0
0
0
0
0
0
0
0
0
0
0
0
0
0
0
0
0
0
0
0
4095
0
0
0
0
0
86
0
0
0
0
0
0
0
0
0
0
0
0
0
0
0
0
0
0
0
0
0
53
0
0
0
0
0
0
0
0
0
0
0
0
0
0
0
0
0
0
0
0
0
16
0
0
0
0
0
0
0
0
0
0
0
0
0
0
0
0
0
0
0
0
0
0
0
0
0
0
0
0
0
0
0
0
0
0
0
0
0
0
0
0
0
0
79
0
0
0
0
0
0
0
0
0
0
0
4095
0
0
0
0
0
0
0
0
0
0
0
0
0
0
0
0
0
0
0
0
0
1214
0
0
0
0
4095
0
0
0
52
0
0
0
0
0
0
0
0
0
0
0
0
2305
0
0
0
4095
1671
0
0
0
15
0
0
0
0
0
0
0
0
0
0
0
29
2298
0
0
0
4095
1124
567
0
0
32
0
0
0
0
0
0
0
0
0
0
0
81
0
0
0
4095
4095
1242
395
0
0
157
0
0
0
0
0
0
0
0
0
0
6
82
0
0
0
4032
4095
1125
161
0
0
654
0
0
0
0
0
0
0
0
0
0
126
909
0
0
0
3980
4095
1168
0
0
0
2121
0
0
0
0
0
0
0
0
0
0
247
0
0
0
2910
1669
4095
4095
0
940
734
1190
0
0
0
0
0
0
0
0
0
0
359
0
0
0
2459
1648
4095
4095
0
1360
1120
1877
0
0
0
0
0
0
0
0
0
0
618
0
0
0
2201
1745
4095
4095
0
2615
1077
0
0
0
0
0
0
0
0
0
0
24
0
0
0
1438
732
1962
4095
4095
0
0
1141
0
0
0
