4095
0
0
0
1718
0
0
0
0
0
0
0
2323
0
0
6
0
0
0
0
2784
1882
2902
0
0
0
1138
0
0
0
0
0
0
0
3369
0
0
2
0
0
0
0
4095
1635
4095
0
0
0
0
0
0
0
0
0
0
0
3318
0
0
0
0
0
0
0
4095
1515
4095
0
0
0
0
0
0
0
0
0
0
0
2339
1684
0
0
0
0
0
4095
445
1786
3002
0
0
0
0
0
0
0
0
0
0
1450
1889
1632
0
0
0
0
0
4095
449
1516
3057
0
0
0
0
0
0
0
0
0
0
0
2845
1900
0
0
0
0
0
4095
549
1580
1955
0
0
0
0
0
0
0
0
0
0
0
2835
111
0
0
0
0
0
4095
451
1832
0
0
0
0
0
0
0
0
0
0
0
1231
1685
0
0
0
0
0
0
4095
557
3548
0
0
0
1172
0
0
0
0
0
0
0
1434
602
0
0
0
4095
0
4095
733
449
2476
0
0
0
957
0
0
0
0
0
0
0
1281
0
0
0
0
4095
0
4095
814
454
2157
0
0
0
1019
0
0
0
0
0
0
0
1258
0
0
0
0
4095
0
4095
639
546
1116
0
0
0
902
0
0
0
0
0
0
0
221
0
0
0
0
4095
0
4095
713
451
1168
1627
0
0
0
0
0
0
0
0
0
0
0
0
0
0
0
0
4095
1646
832
710
0
1102
0
0
0
0
0
0
0
0
0
0
129
0
0
0
0
0
4095
1688
811
819
0
819
0
0
0
0
0
0
0
0
0
0
345
0
0
0
0
0
4095
2009
742
598
0
378
0
0
0
0
0
0
0
0
0
0
331
0
0
0
0
0
4095
1667
852
228
0
311
0
0
0
0
0
0
0
0
0
0
0
0
0
0
0
0
4095
1629
852
0
274
250
0
0
0
0
0
0
0
0
0
0
0
0
0
0
0
4095
4095
1918
889
0
248
170
0
0
0
0
0
0
0
0
0
0
0
0
0
0
0
1132
4095
1714
713
0
226
103
0
0
0
0
0
0
0
0
0
0
0
0
0
0
0
1359
4095
1706
621
0
280
42
0
0
0
0
0
0
0
0
0
0
0
0
0
0
0
1823
4095
1717
0
0
119
11
0
0
0
0
0
0
0
0
113
0
0
0
0
0
0
1707
4095
2085
0
0
196
0
0
0
0
0
0
0
0
0
165
0
0
0
0
0
566
1139
4095
1754
0
2
31
0
0
0
0
0
0
0
0
0
175
0
0
0
0
0
593
4095
4095
1473
0
97
30
0
0
0
0
0
0
710
0
0
0
0
0
0
0
0
365
4095
4095
424
0
20
83
0
0
0
0
0
0
1635
0
0
0
0
0
0
0
0
96
4095
0
373
0
76
322
0
0
0
0
0
0
1558
0
216
0
0
0
0
0
0
0
4095
0
0
403
190
719
0
0
0
0
0
1387
0
1694
0
0
0
0
0
0
0
0
4049
0
0
397
432
0
0
0
0
0
0
1693
1371
0
171
0
0
0
0
0
0
72
0
0
0
1133
167
0
0
0
0
0
0
2745
1415
0
0
0
0
0
0
0
0
267
0
0
0
1090
142
0
0
0
0
0
0
3319
1464
0
0
0
0
0
0
0
0
707
0
0
903
38
149
0
0
0
0
0
0
3322
1611
270
0
0
0
0
0
0
670
0
0
0
1636
346
0
0
0
0
0
0
0
3172
274
315
0
0
0
0
0
0
1851
0
0
0
1504
45
0
0
0
0
0
0
0
3187
0
195
0
0
0
0
32
0
2877
0
0
0
1430
40
0
0
0
0
0
0
0
3892
59
0
0
0
0
0
2157
0
0
0
0
1570
433
1
0
0
0
0
0
0
1981
0
379
0
0
0
0
0
0
0
2673
0
0
981
159
0
0
0
0
0
0
0
1370
0
352
0
0
0
0
89
0
1113
1536
0
0
800
82
0
0
0
0
0
0
0
0
0
269
0
0
0
0
0
0
1084
1365
0
0
795
116
0
0
0
0
0
0
0
0
0
0
0
0
0
0
0
921
1296
0
0
0
1652
309
0
0
0
0
0
0
0
0
0
0
0
0
0
26
0
1262
1065
0
0
0
1386
306
0
0
0
0
0
0
0
0
0
0
0
0
0
27
0
1164
185
0
0
0
1202
355
0
0
0
103
0
0
0
0
0
0
0
0
0
0
0
1031
0
0
0
0
1375
0
0
0
0
100
0
0
0
0
0
0
0
0
0
0
0
0
0
0
0
0
694
0
0
0
0
119
0
0
0
0
0
0
0
0
0
0
0
0
0
0
0
0
678
0
0
0
0
6
0
0
0
0
0
0
0
0
25
0
0
0
0
369
0
0
0
0
0
0
7
0
0
0
0
0
0
0
0
0
0
0
0
0
0
161
0
0
0
0
0
0
10
0
0
0
0
0
0
0
0
0
0
0
0
0
0
145
0
0
0
0
0
0
7
0
0
0
0
0
0
0
0
39
0
0
0
0
0
0
0
0
0
0
0
0
2
0
0
0
0
0
0
0
0
0
0
0
0
0
0
0
0
0
0
0
0
0
0
0
0
0
0
0
0
0
0
14
0
0
0
0
0
0
0
0
0
0
0
0
0
0
0
0
0
0
0
0
0
10
0
0
0
0
0
0
0
0
0
0
0
4095
0
0
4095
0
0
0
0
0
0
15
0
0
0
0
0
0
0
0
0
0
0
11
0
0
4095
0
0
0
0
0
36
0
0
0
0
0
0
0
0
0
0
0
0
0
0
0
4095
0
0
0
0
0
120
0
0
0
0
0
0
0
0
0
0
0
0
0
0
0
4095
0
0
0
0
0
62
0
0
0
0
0
0
0
0
0
0
0
0
0
0
0
0
0
0
0
0
0
4095
0
0
0
0
0
0
0
0
0
0
0
0
0
0
0
0
0
0
0
0
4095
12
0
0
0
0
0
0
0
0
0
0
0
0
0
0
0
0
0
0
0
0
4095
0
0
0
0
0
0
0
0
0
0
0
0
0
0
0
0
0
0
0
0
0
4095
0
0
0
0
0
0
0
0
0
0
0
0
0
0
0
0
0
0
0
0
4095
0
0
0
0
0
0
0
0
0
0
0
0
4095
0
0
0
0
4095
0
0
0
105
0
0
0
0
0
0
0
0
0
0
0
0
4095
0
0
0
4095
1148
0
0
0
14
0
0
0
0
0
0
0
0
0
0
0
0
4095
0
0
0
4095
1187
0
0
0
72
0
0
0
0
0
0
0
0
0
0
0
74
0
0
0
4095
4095
1305
0
0
194
0
0
0
0
0
0
0
0
0
0
0
0
77
0
0
0
4095
4095
1184
0
0
0
1430
0
0
0
0
0
0
0
0
0
0
8
77
0
0
0
4095
4095
1124
0
0
0
2126
0
0
0
0
0
0
0
0
0
0
171
10
0
0
4095
3132
4095
3649
0
1144
795
1112
0
0
0
0
0
0
0
0
0
0
169
0
0
0
3670
3069
4095
4095
0
1698
2200
0
0
0
0
0
0
0
0
0
0
0
480
0
0
0
3112
3539
4069
4095
0
1583
1569
0
0
0
0
0
0
0
0
0
0
0
539
0
0
1486
1567
3038
4095
4095
0
0
2387
0
0
0
0
0
0
0
0
0
0
6
0
0
0
4095
1909
2978
4095
3236
0
1595
884
0
0
0
0
0
0
0
0
0
0
1047
0
0
0
3756
1612
3257
4095
0
0
1862
0
0
0
0
0
0
0
1913
0
0
3
0
0
0
0
3472
1561
3556
