0
0
0
0
0
0
0
0
0
0
0
4
0
0
0
4095
1836
3245
4095
1325
0
1393
0
0
0
0
0
0
0
4076
0
0
3
0
0
0
0
4095
1686
3314
0
0
0
1958
0
0
0
0
0
0
0
3446
0
0
2
0
0
0
0
4095
1532
4095
0
0
0
1689
0
0
0
0
0
0
0
3763
0
0
0
0
0
0
0
4095
1888
3552
0
0
0
0
0
0
0
0
0
0
0
1856
1721
0
0
0
0
0
4095
446
1643
4095
0
0
0
0
0
0
0
0
0
0
0
3211
1694
0
0
0
0
0
4095
444
1528
3501
0
0
0
0
0
0
0
0
0
0
0
2952
1693
0
0
0
0
0
4095
540
1935
3155
0
0
0
0
0
0
0
0
0
0
0
2893
632
0
0
0
0
0
4095
476
1653
2669
0
0
0
0
0
0
0
0
0
0
0
3055
0
0
0
0
0
0
4095
548
1551
2489
0
0
0
0
0
0
0
0
0
0
1486
1195
0
0
0
4095
0
0
4095
447
1886
0
0
0
0
0
0
0
0
0
0
0
1301
0
0
0
0
4095
0
1955
734
448
2488
0
0
0
2687
0
0
0
0
0
0
0
1262
0
0
0
0
4095
0
1570
759
521
1484
0
0
0
928
0
0
0
0
0
0
0
760
0
0
0
0
4095
0
1785
825
474
777
0
0
0
1249
0
0
0
0
0
0
0
0
0
0
0
0
0
0
4095
630
522
915
0
2296
0
0
0
0
0
0
0
0
0
0
0
0
0
0
0
4095
1656
722
468
0
389
0
0
0
0
0
0
0
0
0
0
379
0
0
0
0
0
4095
1595
835
753
0
877
0
0
0
0
0
0
0
0
0
0
389
0
0
0
0
0
4095
1857
632
464
0
479
0
0
0
0
0
0
0
0
0
0
118
0
0
0
0
0
4095
1675
722
0
270
205
0
0
0
0
0
0
0
0
0
0
0
0
0
0
0
4095
4095
1600
809
0
253
302
0
0
0
0
0
0
0
0
0
0
0
0
0
0
0
1112
4095
1858
636
0
284
162
0
0
0
0
0
0
0
0
0
0
0
0
0
0
0
1096
4095
1749
734
0
284
117
0
0
0
0
0
0
0
0
0
0
0
0
0
0
0
1709
4095
1640
167
0
211
8
0
0
0
0
0
0
0
0
53
0
0
0
0
0
0
1703
4095
1613
0
0
165
7
0
0
0
0
0
0
0
0
117
0
0
0
0
0
0
1831
4095
1910
0
0
154
0
0
0
0
0
0
0
0
0
153
0
0
0
0
0
598
2498
4095
1756
0
32
64
0
0
0
0
0
0
155
0
0
0
0
0
0
0
0
476
4095
4095
526
0
117
295
0
0
0
0
0
0
1592
0
0
0
0
0
0
0
0
106
4095
0
332
0
0
361
0
0
0
0
0
0
1741
0
0
0
0
0
0
0
0
0
4095
0
715
0
73
688
0
0
0
0
0
934
1411
165
0
0
0
0
0
0
0
0
4095
0
0
0
58
0
0
0
0
0
0
1746
1434
159
0
0
0
0
0
0
0
64
1027
0
0
388
43
0
0
0
0
0
0
4095
1404
0
0
0
0
0
0
0
0
133
0
0
0
607
0
0
0
0
0
0
0
0
1573
0
0
0
0
0
0
0
0
1768
0
0
0
444
0
0
0
0
0
0
0
3125
1550
76
0
0
0
0
0
0
426
0
0
0
919
221
0
0
0
0
0
0
0
3172
826
340
0
0
0
0
0
0
2169
0
0
0
970
215
0
0
0
0
0
0
0
3468
0
316
0
0
0
0
696
0
2319
0
0
0
938
211
0
0
0
0
0
0
0
3879
0
0
0
0
0
0
1259
0
3252
0
0
1069
415
182
0
0
0
0
0
0
0
328
335
0
0
0
0
0
1172
0
0
0
0
1056
299
136
0
0
0
0
0
0
2145
0
338
0
0
0
0
48
1248
0
1590
0
0
779
109
225
0
0
0
0
0
0
2016
0
132
0
0
0
0
41
0
1123
1521
0
0
744
12
0
0
0
0
0
0
0
0
0
0
0
0
0
0
0
683
1128
1509
0
0
907
6
0
0
0
0
0
0
0
0
0
0
0
0
0
0
0
1125
1106
0
0
0
774
130
0
0
0
0
0
0
0
0
0
0
0
0
0
77
0
1089
1006
0
0
0
770
1217
0
0
0
0
0
0
0
0
0
0
0
0
0
0
0
1302
0
0
0
0
1182
0
0
0
0
59
0
0
0
0
0
0
0
0
0
0
0
0
0
0
0
0
128
0
0
0
0
107
0
0
0
0
0
0
0
0
0
0
0
0
0
0
1775
0
0
0
0
0
0
105
0
0
0
0
0
0
0
0
21
0
0
0
0
169
0
0
1
0
0
0
0
37
0
0
0
0
0
0
0
0
0
0
0
0
0
243
0
0
0
0
0
0
13
0
0
0
0
0
0
0
0
0
0
0
0
0
0
245
0
0
0
0
0
0
12
0
0
0
0
0
0
0
0
0
0
0
0
0
0
0
0
0
0
0
0
0
11
0
0
0
0
0
0
0
0
0
0
0
0
0
0
0
0
0
0
0
0
0
0
0
0
0
0
0
0
0
0
16
0
0
0
0
0
0
0
0
0
0
0
0
0
0
0
0
0
0
0
0
0
0
0
0
0
0
0
0
0
0
0
0
0
0
0
0
0
0
0
0
0
0
0
103
0
0
0
0
0
0
0
0
0
0
0
0
0
0
4095
0
0
0
0
0
0
125
0
0
0
0
0
0
0
0
0
0
0
0
0
0
4095
0
0
0
0
0
0
0
0
0
0
0
0
0
0
0
0
0
0
0
0
0
4095
0
0
0
0
0
91
0
0
0
0
0
0
0
0
0
0
0
0
0
0
0
4095
0
0
0
0
0
39
0
0
0
0
0
0
0
0
0
0
0
0
0
0
0
0
0
0
0
0
0
27
0
0
0
0
0
0
0
0
0
0
0
0
0
0
0
0
0
0
0
0
15
0
0
0
0
0
0
0
0
0
0
0
0
0
0
0
0
0
0
0
0
0
40
0
0
0
0
0
0
0
0
0
0
0
0
0
0
0
0
0
0
0
0
0
0
0
0
0
0
0
0
0
0
0
0
0
4095
0
0
0
0
0
0
0
0
51
0
0
0
0
0
0
0
0
0
0
0
0
1760
0
0
0
0
4095
0
0
0
55
0
0
0
0
0
0
0
0
0
0
0
0
2319
0
0
0
4095
1176
0
0
0
31
0
0
0
0
0
0
0
0
0
0
0
34
2636
0
0
0
4095
1122
0
0
0
160
0
0
0
0
0
0
0
0
0
0
0
90
0
0
0
4095
4095
1140
12
0
0
485
0
0
0
0
0
0
0
0
0
0
8
70
0
0
0
4095
4095
1125
100
0
0
2095
0
0
0
0
0
0
0
0
0
0
92
41
0
0
4095
3430
4095
1117
0
0
0
2402
0
0
0
0
0
0
0
0
0
0
155
0
0
0
2970
3059
4095
2754
0
751
730
0
0
0
0
0
0
0
0
0
0
0
369
0
0
0
2609
3201
4095
4095
0
1297
1177
0
0
0
0
0
0
0
0
0
0
0
617
0
0
1476
1494
3446
4095
4095
0
2699
1840
0
0
0
0
0
0
0
0
0
0
131
0
0
0
1761
1673
3349
4095
4095
0
0
1135
0
0
0
0
0
0
0
0
0
0
3
0
0
0
4095
1576
3102
4095
4095
0
1416
1109
