-1
-1
-1
23
12
58
-1
-1
-1
97
-1
-1
-1
-1
-1
-1
-1
133
-1
-1
-1
-1
-1
-1
-1
45
11
55
-1
-1
-1
-1
-1
-1
-1
-1
-1
-1
-1
64
-1
-1
-1
-1
-1
-1
-1
47
15
71
-1
-1
-1
-1
-1
-1
-1
-1
-1
-1
-1
30
32
-1
-1
-1
-1
-1
39
6
18
114
-1
-1
-1
-1
-1
-1
-1
-1
-1
-1
-1
58
30
-1
-1
-1
-1
-1
68
5
17
107
-1
-1
-1
-1
-1
-1
-1
-1
-1
-1
-1
54
30
-1
-1
-1
-1
-1
71
6
20
113
-1
-1
-1
-1
-1
-1
-1
-1
-1
-1
-1
53
12
-1
-1
-1
-1
-1
68
5
18
140
-1
-1
-1
-1
-1
-1
-1
-1
-1
-1
-1
57
-1
-1
-1
-1
-1
-1
40
5
17
-1
-1
-1
-1
-1
-1
-1
-1
-1
-1
-1
23
24
-1
-1
-1
72
-1
53
19
6
72
-1
-1
-1
161
-1
-1
-1
-1
-1
-1
-1
22
-1
-1
-1
-1
25
-1
51
15
5
44
-1
-1
-1
72
-1
-1
-1
-1
-1
-1
-1
23
-1
-1
-1
-1
29
-1
50
17
5
37
-1
87
-1
129
-1
-1
-1
-1
-1
-1
-1
19
-1
-1
-1
-1
51
-1
51
14
6
55
-1
57
-1
-1
-1
-1
-1
-1
-1
-1
-1
-1
-1
-1
-1
-1
-1
57
24
10
5
-1
23
71
-1
-1
-1
-1
-1
-1
-1
-1
-1
-1
-1
-1
-1
-1
-1
55
21
9
21
-1
27
-1
-1
-1
-1
-1
-1
-1
-1
-1
-1
19
-1
-1
-1
-1
-1
52
26
9
21
-1
22
22
-1
-1
-1
-1
-1
-1
-1
-1
-1
27
-1
-1
-1
-1
-1
56
22
8
15
-1
21
8
-1
-1
-1
-1
-1
-1
-1
-1
-1
10
-1
-1
-1
-1
-1
54
15
8
-1
15
22
-1
-1
-1
-1
-1
-1
-1
-1
-1
-1
-1
-1
-1
-1
-1
-1
29
19
9
-1
18
26
-1
-1
-1
-1
-1
-1
-1
-1
-1
-1
-1
-1
-1
-1
-1
30
20
18
7
-1
17
21
-1
-1
-1
-1
-1
-1
-1
-1
-1
-1
-1
-1
-1
-1
-1
30
22
18
4
-1
17
17
-1
-1
-1
-1
-1
-1
-1
-1
-1
-1
-1
-1
-1
-1
-1
30
26
18
-1
-1
20
21
-1
-1
-1
-1
-1
-1
-1
-1
-1
-1
-1
-1
-1
-1
-1
24
28
20
-1
-1
16
4
-1
-1
-1
-1
-1
-1
-1
-1
2
-1
-1
-1
-1
-1
-1
30
28
18
-1
2
17
-1
-1
-1
-1
-1
-1
-1
-1
-1
3
-1
-1
-1
-1
-1
5
33
38
18
-1
5
18
25
-1
-1
-1
-1
-1
2
-1
-1
-1
-1
-1
-1
-1
-1
14
31
-1
20
-1
3
16
-1
-1
-1
-1
-1
-1
27
-1
-1
-1
-1
-1
-1
-1
-1
38
30
-1
36
-1
4
71
-1
-1
-1
-1
-1
-1
34
-1
-1
-1
-1
-1
-1
-1
-1
-1
30
-1
-1
-1
6
-1
-1
-1
-1
-1
-1
19
26
3
-1
-1
-1
-1
-1
-1
-1
-1
36
-1
-1
22
27
-1
-1
-1
-1
-1
-1
71
29
2
-1
-1
-1
-1
-1
-1
-1
-1
69
-1
-1
29
35
-1
-1
-1
-1
-1
-1
170
25
-1
-1
-1
-1
-1
-1
-1
-1
31
-1
-1
-1
53
34
-1
-1
-1
-1
-1
-1
-1
25
-1
-1
-1
-1
-1
-1
-1
-1
95
-1
-1
46
9
55
-1
-1
-1
-1
-1
-1
90
25
2
-1
-1
-1
-1
-1
-1
60
-1
-1
-1
78
10
-1
-1
-1
-1
-1
-1
-1
90
20
18
-1
-1
-1
-1
-1
-1
86
-1
-1
-1
78
27
-1
-1
-1
-1
-1
-1
-1
99
-1
17
-1
-1
-1
-1
30
-1
63
-1
-1
62
19
26
-1
-1
-1
-1
-1
-1
-1
124
-1
3
-1
-1
-1
-1
44
-1
64
-1
-1
59
19
24
-1
-1
-1
-1
-1
-1
90
6
16
-1
-1
-1
-1
-1
32
-1
71
-1
-1
60
23
60
-1
-1
-1
-1
-1
-1
65
-1
20
-1
-1
-1
-1
-1
-1
34
66
-1
-1
58
20
-1
-1
-1
-1
-1
-1
-1
-1
-1
12
-1
-1
-1
-1
10
-1
30
63
-1
-1
62
51
-1
-1
-1
-1
-1
-1
-1
-1
-1
-1
-1
-1
-1
-1
-1
18
30
88
-1
-1
57
39
-1
-1
-1
-1
23
-1
-1
-1
-1
-1
-1
-1
-1
-1
-1
31
30
-1
-1
-1
82
41
-1
-1
-1
23
-1
-1
-1
-1
-1
-1
-1
-1
-1
10
-1
31
20
-1
-1
-1
46
61
-1
-1
-1
43
-1
-1
-1
-1
-1
-1
-1
-1
-1
-1
-1
37
-1
-1
-1
-1
36
-1
-1
-1
-1
58
-1
-1
-1
-1
-1
-1
-1
-1
-1
-1
-1
-1
-1
-1
82
-1
32
-1
-1
-1
-1
34
-1
-1
-1
-1
-1
-1
-1
-1
-1
-1
-1
-1
-1
-1
66
-1
35
-1
-1
-1
-1
23
-1
-1
-1
-1
-1
-1
-1
-1
2
-1
-1
-1
-1
10
-1
-1
95
-1
-1
-1
11
-1
-1
-1
-1
-1
-1
-1
-1
-1
3
-1
-1
-1
-1
16
-1
-1
-1
-1
-1
-1
16
-1
-1
-1
-1
-1
-1
-1
-1
-1
-1
-1
-1
-1
-1
65
-1
-1
-1
-1
-1
-1
7
-1
-1
-1
-1
-1
-1
-1
-1
-1
-1
-1
-1
-1
-1
-1
-1
-1
-1
-1
-1
-1
59
-1
-1
-1
-1
-1
-1
-1
-1
-1
-1
-1
-1
-1
-1
-1
-1
-1
-1
-1
-1
-1
-1
-1
-1
-1
-1
-1
-1
-1
-1
1
-1
-1
-1
-1
-1
-1
-1
-1
-1
-1
-1
-1
-1
-1
-1
-1
-1
-1
-1
-1
-1
-1
-1
-1
-1
-1
-1
-1
-1
-1
-1
-1
-1
-1
-1
-1
60
-1
-1
-1
-1
-1
-1
30
-1
-1
-1
-1
-1
-1
-1
-1
-1
-1
-1
-1
-1
-1
48
-1
-1
-1
-1
-1
-1
57
-1
-1
-1
-1
-1
-1
-1
-1
-1
-1
-1
-1
-1
-1
82
-1
-1
-1
-1
-1
-1
-1
-1
-1
-1
-1
-1
-1
-1
-1
-1
-1
-1
-1
-1
-1
298
-1
-1
-1
-1
-1
27
-1
-1
-1
-1
-1
-1
-1
-1
-1
-1
-1
-1
-1
-1
-1
-1
-1
-1
-1
-1
-1
28
-1
-1
-1
-1
-1
-1
-1
-1
-1
-1
-1
-1
-1
-1
-1
-1
-1
-1
-1
-1
-1
10
-1
-1
-1
-1
-1
-1
-1
-1
-1
-1
-1
-1
-1
-1
-1
-1
-1
-1
-1
-1
-1
-1
-1
-1
-1
-1
-1
-1
-1
-1
-1
-1
-1
-1
-1
-1
-1
-1
-1
-1
-1
-1
9
-1
-1
-1
-1
-1
-1
-1
-1
-1
-1
-1
145
-1
-1
-1
-1
-1
-1
-1
-1
-1
-1
-1
-1
-1
-1
-1
-1
-1
-1
-1
-1
-1
16
-1
-1
-1
-1
235
-1
-1
-1
5
-1
-1
-1
-1
-1
-1
-1
-1
-1
-1
-1
-1
8
-1
-1
-1
46
44
-1
-1
-1
7
-1
-1
-1
-1
-1
-1
-1
-1
-1
-1
-1
8
8
-1
-1
-1
50
30
9
-1
-1
15
-1
-1
-1
-1
-1
-1
-1
-1
-1
-1
-1
25
-1
-1
-1
27
30
30
9
-1
-1
30
-1
-1
-1
-1
-1
-1
-1
-1
-1
-1
-1
21
-1
-1
-1
26
31
35
45
-1
-1
30
-1
-1
-1
-1
-1
-1
-1
-1
-1
-1
8
20
-1
-1
-1
25
28
30
-1
-1
-1
60
-1
-1
-1
-1
-1
-1
-1
-1
-1
-1
55
-1
-1
-1
14
20
31
57
-1
70
30
29
-1
-1
-1
-1
-1
-1
-1
-1
-1
-1
66
-1
-1
-1
13
19
30
60
-1
35
33
52
-1
-1
-1
-1
-1
-1
-1
-1
-1
-1
72
-1
-1
-1
14
19
30
53
-1
35
33
-1
-1
-1
-1
-1
-1
-1
-1
-1
-1
-1
74
-1
-1
5
9
21
30
30
-1
38
30
-1
-1
-1
-1
-1
-1
-1
-1
-1
-1
44
-1
-1
-1
20
8
23
32
28
-1
39
30
-1
-1
-1
-1
-1
-1
-1
-1
-1
-1
42
-1
-1
-1
22
8
28
28
33
-1
35
-1
-1
-1
-1
-1
-1
-1
-1
-1
-1
-1
45
-1
-1
-1
26
10
25
28
-1
-1
67
-1
-1
-1
-1
-1
-1
-1
-1
-1
-1
71
-1
-1
