-1
-1
-1
-1
-1
135
-1
-1
30
-1
-1
-1
-1
14
22
30
33
-1
-1
70
-1
-1
-1
-1
-1
-1
-1
62
-1
-1
34
-1
-1
-1
-1
27
23
29
26
-1
30
12
-1
-1
-1
-1
-1
-1
-1
64
-1
-1
14
-1
-1
-1
23
12
19
33
-1
-1
64
-1
-1
-1
-1
-1
-1
-1
10
90
-1
-1
-1
-1
-1
-1
16
10
20
65
-1
-1
52
-1
-1
-1
-1
-1
-1
-1
25
-1
-1
-1
-1
-1
-1
-1
19
11
23
-1
-1
-1
157
-1
-1
-1
-1
-1
-1
-1
25
30
72
-1
-1
-1
-1
-1
44
9
50
-1
-1
-1
-1
-1
-1
-1
-1
-1
-1
-1
25
30
-1
-1
-1
-1
-1
-1
47
9
77
-1
-1
-1
-1
-1
-1
-1
-1
-1
-1
-1
29
35
-1
-1
-1
-1
-1
-1
40
9
115
-1
-1
-1
-1
-1
-1
-1
-1
-1
-1
-1
30
25
-1
-1
-1
-1
-1
34
5
9
111
-1
-1
-1
-1
-1
-1
-1
-1
-1
-1
-1
27
-1
-1
-1
-1
85
-1
14
5
9
76
-1
-1
-1
-1
-1
-1
-1
-1
-1
-1
-1
28
-1
-1
-1
-1
77
-1
13
6
9
77
-1
-1
-1
-1
-1
-1
-1
-1
-1
-1
-1
12
-1
-1
-1
14
-1
-1
36
5
8
72
-1
-1
161
-1
-1
-1
-1
-1
-1
-1
2
4
-1
-1
-1
52
-1
21
17
6
8
-1
-1
-1
78
-1
-1
-1
-1
-1
-1
-1
2
-1
-1
-1
-1
103
-1
21
13
5
27
-1
86
-1
117
-1
-1
-1
-1
-1
-1
-1
2
20
-1
-1
-1
-1
-1
52
15
5
18
-1
58
-1
-1
-1
-1
-1
-1
-1
-1
-1
-1
20
-1
-1
-1
-1
-1
47
18
6
21
-1
52
-1
-1
-1
-1
-1
-1
-1
-1
-1
-1
4
-1
-1
-1
-1
52
21
17
5
-1
18
41
-1
-1
-1
-1
-1
-1
-1
-1
-1
18
-1
-1
-1
-1
-1
55
21
17
5
-1
18
38
-1
-1
-1
-1
-1
-1
-1
-1
-1
17
-1
-1
-1
-1
-1
52
25
18
6
-1
20
24
-1
-1
-1
-1
-1
-1
-1
-1
-1
8
-1
-1
-1
-1
-1
52
21
18
-1
-1
19
21
-1
-1
-1
-1
-1
-1
-1
-1
-1
-1
-1
-1
-1
-1
28
26
21
17
-1
-1
19
10
-1
-1
-1
-1
-1
-1
-1
-1
-1
-1
-1
-1
-1
-1
33
26
20
19
-1
1
19
1
-1
-1
-1
-1
-1
-1
-1
-1
-1
-1
-1
-1
-1
-1
35
29
26
19
-1
7
20
1
-1
-1
-1
-1
-1
-1
-1
-1
-1
-1
-1
-1
-1
-1
31
28
22
17
-1
8
20
-1
-1
-1
-1
-1
-1
-1
-1
-1
-1
-1
-1
-1
-1
-1
31
26
21
15
-1
6
22
-1
-1
-1
-1
-1
-1
-1
-1
-1
-1
-1
-1
-1
-1
-1
30
26
17
33
-1
10
4
-1
-1
-1
-1
-1
-1
55
-1
-1
-1
-1
-1
-1
-1
-1
27
55
20
-1
-1
12
13
-1
-1
-1
-1
-1
-1
-1
-1
-1
-1
-1
-1
-1
-1
-1
26
-1
36
-1
5
14
-1
-1
-1
-1
-1
-1
35
-1
-1
-1
-1
-1
-1
-1
-1
-1
34
-1
61
-1
5
35
-1
-1
-1
-1
-1
-1
69
-1
-1
-1
-1
-1
-1
-1
-1
-1
36
-1
-1
15
2
80
-1
-1
-1
-1
-1
-1
69
27
-1
-1
-1
-1
-1
-1
-1
-1
62
-1
-1
41
5
-1
-1
-1
-1
-1
-1
-1
99
23
-1
-1
-1
-1
-1
-1
-1
-1
174
-1
-1
39
37
-1
-1
-1
-1
-1
-1
-1
107
24
-1
-1
-1
-1
-1
-1
-1
-1
-1
-1
-1
41
38
-1
-1
-1
-1
-1
-1
-1
110
8
-1
-1
-1
-1
-1
-1
-1
-1
-1
-1
-1
69
45
-1
-1
-1
-1
-1
-1
-1
108
-1
-1
-1
-1
-1
-1
-1
195
-1
-1
-1
53
18
44
-1
-1
-1
-1
-1
-1
-1
110
4
-1
-1
-1
-1
-1
60
99
-1
-1
-1
49
17
79
-1
-1
-1
-1
-1
-1
103
12
23
-1
-1
-1
-1
6
-1
171
-1
-1
-1
51
15
-1
-1
-1
-1
-1
-1
-1
88
-1
24
-1
-1
-1
-1
6
30
-1
-1
-1
-1
82
52
-1
-1
-1
-1
-1
-1
-1
49
-1
2
-1
-1
-1
-1
-1
30
71
-1
-1
62
24
47
-1
-1
-1
-1
-1
-1
-1
10
-1
-1
-1
-1
-1
6
-1
35
67
-1
-1
57
23
36
-1
-1
-1
-1
-1
-1
-1
-1
-1
-1
-1
-1
-1
2
-1
31
46
-1
-1
61
25
-1
-1
-1
-1
55
-1
-1
-1
-1
-1
-1
-1
-1
-1
-1
29
30
64
-1
-1
60
25
-1
-1
-1
-1
42
-1
-1
-1
-1
-1
-1
-1
-1
-1
-1
30
12
-1
-1
-1
42
30
-1
-1
-1
-1
40
-1
-1
-1
-1
-1
-1
-1
-1
6
-1
54
-1
-1
-1
-1
32
32
-1
-1
-1
21
17
-1
-1
-1
-1
-1
-1
-1
-1
-1
-1
-1
-1
-1
92
-1
5
41
-1
-1
-1
34
6
-1
-1
-1
-1
-1
-1
-1
-1
-1
-1
-1
-1
-1
33
-1
17
-1
-1
-1
-1
39
-1
-1
-1
-1
-1
-1
-1
-1
-1
-1
-1
-1
-1
-1
57
-1
22
-1
-1
-1
-1
27
-1
-1
-1
-1
-1
-1
-1
-1
-1
-1
-1
-1
-1
-1
-1
-1
84
-1
-1
-1
-1
7
-1
-1
-1
-1
-1
-1
-1
-1
2
-1
-1
-1
-1
-1
-1
-1
-1
-1
-1
-1
-1
-1
-1
-1
-1
-1
-1
-1
-1
-1
-1
-1
-1
-1
-1
-1
-1
-1
-1
-1
-1
-1
8
-1
-1
-1
-1
-1
-1
-1
-1
-1
-1
-1
-1
-1
-1
-1
-1
-1
-1
-1
-1
-1
23
-1
-1
-1
-1
-1
-1
-1
-1
-1
1
-1
-1
-1
-1
-1
-1
-1
-1
-1
-1
-1
65
-1
-1
-1
-1
-1
-1
-1
-1
-1
-1
-1
-1
-1
-1
-1
-1
-1
-1
-1
-1
-1
-1
-1
-1
39
-1
-1
-1
-1
-1
47
-1
-1
-1
-1
-1
-1
-1
-1
-1
-1
-1
-1
-1
-1
-1
31
-1
-1
-1
-1
-1
63
-1
-1
-1
-1
-1
-1
-1
-1
-1
-1
-1
-1
-1
-1
55
-1
-1
-1
-1
-1
-1
49
-1
-1
-1
-1
-1
-1
-1
-1
-1
-1
-1
-1
-1
-1
60
-1
-1
-1
-1
-1
-1
-1
-1
-1
-1
-1
-1
-1
-1
-1
-1
-1
-1
-1
-1
-1
254
-1
-1
-1
-1
-1
-1
-1
-1
-1
-1
-1
-1
-1
-1
-1
-1
-1
-1
-1
-1
-1
-1
-1
-1
-1
-1
-1
34
-1
-1
-1
-1
-1
-1
-1
-1
-1
-1
-1
-1
-1
-1
-1
-1
-1
-1
-1
-1
-1
25
-1
-1
-1
-1
-1
-1
-1
-1
-1
-1
-1
-1
-1
-1
-1
-1
-1
-1
-1
-1
-1
-1
-1
-1
-1
-1
-1
-1
-1
-1
-1
-1
-1
-1
-1
-1
-1
-1
-1
-1
-1
-1
5
-1
-1
-1
-1
-1
-1
-1
-1
-1
-1
-1
-1
-1
-1
-1
-1
-1
-1
-1
-1
-1
5
-1
-1
-1
-1
-1
-1
-1
-1
-1
-1
-1
68
-1
-1
-1
-1
276
-1
-1
-1
-1
-1
-1
-1
-1
-1
-1
-1
-1
-1
-1
-1
-1
5
-1
-1
-1
54
29
14
-1
-1
12
-1
-1
-1
-1
-1
-1
-1
-1
-1
-1
-1
-1
9
-1
-1
-1
52
28
15
-1
-1
22
-1
-1
-1
-1
-1
-1
-1
-1
-1
-1
-1
29
7
-1
-1
-1
56
29
16
-1
-1
32
-1
-1
-1
-1
-1
-1
-1
-1
-1
-1
-1
63
-1
-1
-1
41
29
33
36
-1
-1
30
-1
-1
-1
-1
-1
-1
-1
-1
-1
-1
-1
72
-1
-1
-1
36
29
30
52
-1
-1
42
-1
-1
-1
-1
-1
-1
-1
-1
-1
-1
-1
79
-1
-1
-1
37
29
29
-1
-1
-1
61
-1
-1
-1
-1
-1
-1
-1
-1
-1
-1
-1
51
-1
-1
24
26
32
30
9
90
-1
34
-1
-1
-1
-1
-1
-1
-1
-1
-1
-1
-1
-1
-1
-1
20
22
33
29
9
30
31
32
-1
-1
-1
-1
-1
-1
-1
-1
-1
-1
-1
-1
-1
-1
19
22
30
30
1
33
34
-1
-1
-1
