62
42
23
0
0
0
0
9
12
48
32
23
6
64
149
23
18
0
176
240
19
154
0
47
28
76
0
23
18
17
0
0
56
57
20
28
18
127
29
32
135
49
0
0
49
0
29
28
0
27
0
102
28
30
30
22
433
273
23
19
0
0
56
26
0
632
105
185
0
306
0
51
73
70
0
6
32
268
162
0
108
23
-1
8
11
81
29
65
215
73
30
23
210
0
35
248
1
147
0
0
18
26
27
52
110
70
75
147
340
236
0
-3
164
28
85
289
190
-7
182
107
154
0
69
45
30
30
111
128
215
16
0
95
70
30
140
63
60
35
0
141
98
30
31
166
99
34
665
23
47
63
232
301
597
29
0
15
14
32
0
22
118
59
208
253
5
