2141
0
0
0
0
0
0
0
3591
0
0
2
0
0
0
0
2884
1599
4095
0
1099
0
540
0
0
0
0
0
0
0
3100
0
0
2
0
0
0
0
4002
1375
4095
0
0
941
0
0
0
0
0
0
0
0
2685
0
0
0
0
0
0
0
4095
1203
3462
0
0
1641
0
0
0
0
0
0
0
174
3041
0
0
0
0
0
0
4095
541
1385
3378
0
0
2315
0
0
0
0
0
0
0
1141
1663
1409
0
0
0
0
0
4095
479
1208
1857
0
0
0
0
0
0
0
0
0
0
2381
1647
1630
0
0
0
0
0
4095
533
1197
4095
0
0
0
0
0
0
0
0
0
0
0
1743
901
0
0
0
0
0
4095
465
1386
0
0
0
0
0
0
0
0
0
0
0
1265
1658
0
0
0
0
0
0
4095
377
2820
0
0
0
0
0
0
0
0
0
0
0
1469
1680
0
0
0
4095
0
0
2912
331
2499
0
0
0
0
0
0
0
0
0
0
0
1452
0
0
0
0
4095
0
1749
786
270
2228
0
0
0
1747
0
0
0
0
0
0
0
1460
0
0
0
0
4095
0
1738
933
282
1504
0
0
0
861
0
0
0
0
0
0
0
1212
0
0
0
0
4095
0
2089
893
282
1510
0
0
0
1035
0
0
0
0
0
0
0
555
0
0
0
0
0
0
4095
985
260
1444
0
0
1577
0
0
0
0
0
0
0
0
0
0
0
0
0
0
4095
1873
1271
347
0
1065
0
0
0
0
0
0
0
0
0
0
534
0
0
0
0
0
4095
2062
1110
688
0
1057
0
0
0
0
0
0
0
0
0
0
328
0
0
0
0
0
4095
2194
1078
402
0
665
0
0
0
0
0
0
0
0
0
0
132
0
0
0
0
0
4095
1957
1340
0
434
296
0
0
0
0
0
0
0
0
0
181
0
0
0
0
0
4095
4095
1933
1116
0
439
548
0
0
0
0
0
0
0
0
0
307
0
0
0
0
0
1387
4095
2455
1061
0
376
223
0
0
0
0
0
0
0
0
0
262
0
0
0
0
0
1133
4095
2008
984
0
377
143
0
0
0
0
0
0
0
0
0
0
0
0
0
0
0
1466
4095
2016
0
0
504
35
0
0
0
0
0
0
0
0
168
0
0
0
0
0
0
1587
4095
2274
0
0
184
34
0
0
0
0
0
0
0
0
259
0
0
0
0
0
537
1223
4095
2099
0
11
55
0
0
0
0
0
0
0
0
0
275
0
0
0
0
0
528
1341
4095
1950
0
182
7
0
0
0
0
0
0
298
0
0
0
0
0
0
0
0
526
4095
4095
384
0
174
6
0
0
0
0
0
0
1545
0
0
0
0
0
0
0
0
94
4095
1772
192
0
34
106
0
0
0
0
0
0
3109
0
0
0
0
0
0
0
0
69
4095
1011
443
0
200
495
0
0
0
0
0
521
0
0
0
0
0
0
0
0
0
0
4095
0
0
0
164
432
0
0
0
0
0
1718
1283
0
0
0
0
0
0
0
0
71
0
0
0
245
163
0
0
0
0
0
0
1851
1234
0
0
0
0
0
0
0
0
505
0
0
0
344
108
0
0
0
0
0
0
3359
1230
0
0
0
0
0
0
0
0
708
0
0
649
68
197
0
0
0
0
0
0
3360
1308
0
0
0
0
0
0
0
0
1340
0
0
629
115
0
0
0
0
0
0
0
3094
935
0
0
0
0
0
0
0
1142
0
0
0
606
106
0
0
0
0
0
0
0
3552
0
0
0
0
0
0
0
0
2599
0
0
0
668
31
0
0
0
0
0
0
0
3874
0
0
0
0
0
0
99
1190
2554
0
0
839
207
0
0
0
0
0
0
0
2416
596
310
0
0
0
0
0
0
2347
0
0
0
905
221
0
0
0
0
0
0
0
1810
0
405
0
0
0
0
45
30
0
1113
0
0
697
146
0
0
0
0
0
0
0
1302
0
138
0
0
0
0
45
0
1135
2262
0
0
704
110
0
0
0
0
0
0
0
0
0
0
0
0
0
0
0
154
1162
0
0
0
794
372
0
0
0
0
0
0
0
0
0
0
0
0
0
0
0
1050
1772
0
0
2253
162
500
0
0
0
0
0
0
0
0
0
0
0
0
0
79
0
1096
1009
0
0
0
116
831
0
0
0
0
0
0
0
0
0
0
0
0
0
0
0
1138
1719
0
0
0
542
0
0
0
0
72
0
0
0
0
0
0
0
0
0
0
3222
502
0
0
0
724
12
0
0
0
0
64
0
0
0
0
0
0
0
0
0
0
0
0
0
0
0
576
29
0
0
0
0
63
0
0
0
0
0
0
0
0
56
0
0
0
0
1579
0
0
23
0
0
0
0
28
0
0
0
0
0
0
0
0
0
0
0
0
0
259
0
0
0
0
0
0
81
0
0
0
0
0
0
0
0
0
0
0
0
0
0
707
0
0
0
0
0
0
93
0
0
0
0
0
0
0
0
0
0
0
0
0
0
0
0
0
0
0
0
0
49
0
0
0
0
0
0
0
0
0
0
0
0
0
0
0
0
0
0
0
0
0
0
0
0
0
0
0
0
0
0
17
0
0
0
0
0
0
0
0
0
0
0
0
0
0
0
0
0
0
0
0
0
0
0
0
0
0
0
0
0
0
0
0
0
0
0
0
0
0
0
0
0
0
0
31
0
0
0
0
0
0
0
0
0
0
0
0
0
0
4095
0
0
0
0
0
0
0
0
0
0
0
0
0
0
0
0
0
0
0
0
0
4095
0
0
0
0
0
77
0
0
0
0
0
0
0
0
0
0
0
0
0
0
0
4095
0
0
0
0
0
80
0
0
0
0
0
0
0
0
0
0
0
0
0
0
0
4095
0
0
0
0
0
51
0
0
0
0
0
0
0
0
0
0
0
0
0
0
0
0
0
0
0
0
0
48
0
0
0
0
0
0
0
0
0
0
0
0
0
0
0
0
0
0
0
0
33
0
0
0
0
0
0
0
0
0
0
0
0
0
0
0
0
0
0
0
0
0
34
0
0
0
0
0
0
0
0
0
0
0
0
0
0
0
0
0
0
0
0
0
0
0
0
0
0
0
0
0
0
0
0
0
0
0
0
0
0
0
0
0
0
55
0
0
0
0
0
0
0
0
0
0
0
0
4095
0
0
0
0
0
0
0
0
56
0
0
0
0
0
0
0
0
0
0
0
0
4095
0
0
0
4095
4095
0
0
0
31
0
0
0
0
0
0
0
0
0
0
0
0
0
0
0
0
4095
1278
0
0
125
0
0
0
0
0
0
0
0
0
0
0
0
60
0
0
0
4095
4095
1179
0
0
372
0
0
0
0
0
0
0
0
0
0
0
6
584
0
0
0
4095
3562
1169
0
0
1077
950
0
0
0
0
0
0
0
0
0
0
52
0
0
0
4095
3285
3499
1263
0
0
1034
107
0
0
0
0
0
0
0
0
0
0
184
0
0
0
3024
3611
4095
1263
0
0
1310
0
0
0
0
0
0
0
0
0
0
0
225
0
0
0
3293
3162
3564
4095
0
1358
1178
0
0
0
0
0
0
0
0
0
0
0
662
0
0
1447
1579
3051
3603
4095
0
2556
1134
0
0
0
0
0
0
0
0
0
0
0
417
0
0
2633
1667
3425
4095
4095
221
0
1273
0
0
0
0
0
0
0
0
0
0
0
0
0
0
3195
1461
4035
4095
4095
250
1291
227
0
0
0
0
0
0
0
0
0
0
0
0
0
0
3062
1415
3353
4095
0
0
1262
