19
33
30
-1
159
-1
-1
-1
-1
-1
-1
-1
72
62
-1
-1
86
-1
-1
-1
44
8
45
-1
-1
-1
191
-1
-1
-1
-1
-1
-1
-1
164
-1
-1
-1
-1
-1
-1
-1
100
9
46
-1
-1
-1
185
-1
-1
-1
-1
-1
-1
-1
164
-1
-1
-1
-1
-1
-1
-1
102
8
181
-1
-1
-1
-1
-1
-1
-1
-1
-1
-1
-1
214
-1
-1
-1
-1
-1
-1
-1
103
7
189
-1
-1
-1
-1
-1
-1
-1
-1
-1
-1
-1
129
124
-1
-1
-1
-1
-1
-1
69
9
180
-1
-1
-1
-1
-1
-1
-1
-1
-1
-1
-1
130
95
-1
-1
-1
-1
-1
99
6
8
170
-1
-1
-1
-1
-1
-1
-1
-1
-1
-1
-1
125
102
-1
-1
-1
-1
-1
102
5
7
180
-1
-1
-1
-1
-1
-1
-1
-1
-1
-1
-1
126
97
-1
-1
-1
-1
-1
102
5
9
181
-1
-1
-1
-1
-1
-1
-1
-1
-1
-1
-1
225
-1
-1
-1
-1
-1
-1
95
6
8
-1
-1
-1
163
-1
-1
-1
-1
-1
-1
-1
80
63
-1
-1
-1
97
-1
47
18
5
58
-1
-1
-1
164
-1
-1
-1
-1
-1
-1
-1
78
30
70
-1
-1
63
-1
50
20
5
71
-1
33
-1
165
-1
-1
-1
-1
-1
-1
-1
78
30
66
-1
-1
65
-1
53
17
6
35
-1
160
-1
-1
-1
-1
-1
-1
-1
-1
-1
115
34
99
-1
-1
-1
-1
79
18
5
36
-1
155
-1
-1
-1
-1
-1
-1
-1
-1
-1
118
101
-1
-1
-1
-1
-1
114
21
6
38
23
159
-1
-1
-1
-1
-1
-1
-1
-1
-1
114
95
-1
-1
-1
-1
90
24
17
22
-1
26
159
-1
-1
-1
-1
-1
-1
-1
-1
-1
181
-1
-1
-1
-1
-1
124
24
18
21
-1
23
162
-1
-1
-1
-1
-1
-1
-1
-1
-1
189
-1
-1
-1
-1
-1
127
22
21
24
-1
23
159
-1
-1
-1
-1
-1
-1
-1
-1
97
87
-1
-1
-1
-1
-1
130
22
17
5
18
155
-1
-1
-1
-1
-1
-1
-1
-1
-1
183
-1
-1
-1
-1
-1
128
27
24
18
-1
24
153
-1
-1
-1
-1
-1
-1
-1
-1
-1
181
-1
-1
-1
-1
-1
131
27
24
20
-1
26
149
-1
-1
-1
-1
-1
-1
-1
-1
-1
186
-1
-1
-1
-1
-1
133
28
23
17
-1
23
245
-1
-1
-1
-1
-1
-1
-1
-1
-1
-1
-1
-1
-1
-1
-1
220
31
22
18
-1
24
235
-1
-1
-1
-1
-1
-1
-1
-1
-1
-1
-1
-1
-1
-1
-1
227
30
25
15
5
21
150
-1
-1
-1
-1
-1
-1
-1
-1
173
-1
-1
-1
-1
-1
-1
132
27
23
11
5
18
79
-1
-1
-1
-1
-1
153
-1
-1
65
-1
-1
-1
-1
-1
127
33
27
23
-1
18
18
-1
-1
-1
-1
-1
-1
203
-1
-1
-1
-1
-1
-1
-1
-1
149
30
-1
52
-1
15
99
-1
-1
-1
-1
-1
-1
186
-1
-1
-1
-1
-1
-1
-1
-1
-1
184
-1
53
-1
13
101
-1
-1
-1
-1
-1
-1
127
21
54
-1
-1
-1
-1
-1
-1
-1
197
-1
-1
27
6
107
-1
-1
-1
-1
-1
-1
131
20
60
-1
-1
-1
-1
-1
-1
-1
189
-1
-1
25
106
-1
-1
-1
-1
-1
-1
-1
127
18
52
-1
-1
-1
-1
-1
-1
-1
188
-1
-1
25
101
-1
-1
-1
-1
-1
-1
-1
131
-1
130
-1
-1
-1
-1
-1
-1
-1
-1
-1
-1
151
103
-1
-1
-1
-1
-1
-1
-1
136
101
-1
-1
-1
-1
-1
-1
-1
-1
-1
-1
-1
180
111
-1
-1
-1
-1
-1
-1
-1
130
47
-1
-1
-1
-1
-1
-1
153
-1
-1
-1
71
7
105
-1
-1
-1
-1
-1
-1
133
25
48
-1
-1
-1
-1
-1
-1
157
-1
-1
-1
69
76
-1
-1
-1
-1
-1
-1
-1
129
25
31
-1
-1
-1
-1
67
-1
98
-1
-1
-1
75
80
-1
-1
-1
-1
-1
-1
-1
133
25
31
-1
-1
-1
-1
132
-1
-1
-1
-1
88
19
82
-1
-1
-1
-1
-1
-1
-1
131
56
-1
-1
-1
-1
44
29
30
64
-1
-1
59
18
78
-1
-1
-1
-1
-1
-1
-1
-1
180
-1
-1
-1
-1
39
29
29
59
-1
-1
62
18
81
-1
-1
-1
63
65
-1
-1
-1
111
-1
-1
-1
-1
37
30
29
62
-1
-1
59
34
-1
-1
-1
-1
63
66
-1
-1
103
-1
-1
-1
-1
-1
46
27
23
63
-1
-1
58
32
-1
-1
-1
-1
64
69
-1
-1
106
-1
-1
-1
-1
23
-1
52
58
-1
-1
-1
90
32
-1
-1
-1
36
-1
97
-1
-1
115
-1
-1
-1
-1
23
-1
109
-1
-1
-1
-1
90
33
-1
-1
-1
66
-1
-1
-1
155
-1
-1
-1
-1
-1
91
-1
-1
-1
-1
103
-1
61
35
-1
-1
-1
75
-1
-1
-1
150
-1
-1
-1
-1
-1
92
-1
-1
-1
-1
100
-1
91
-1
-1
-1
-1
175
-1
-1
-1
-1
-1
-1
-1
-1
125
-1
-1
-1
-1
-1
123
-1
85
-1
-1
-1
-1
175
-1
-1
-1
-1
-1
-1
-1
-1
124
-1
-1
-1
-1
126
-1
-1
89
-1
-1
-1
-1
-1
-1
-1
-1
-1
-1
-1
-1
-1
223
-1
-1
-1
-1
-1
-1
-1
-1
-1
-1
-1
290
-1
-1
-1
-1
-1
-1
-1
-1
-1
218
-1
-1
-1
-1
-1
-1
-1
-1
-1
-1
-1
302
-1
-1
-1
-1
-1
-1
-1
-1
-1
235
-1
-1
-1
-1
-1
-1
-1
-1
-1
-1
-1
309
-1
-1
-1
-1
-1
-1
-1
-1
261
-1
-1
-1
-1
-1
-1
-1
-1
-1
-1
-1
-1
286
-1
-1
248
-1
-1
-1
-1
-1
300
-1
-1
-1
-1
-1
-1
-1
-1
-1
-1
-1
-1
-1
-1
-1
249
-1
-1
-1
-1
-1
306
-1
-1
-1
-1
-1
-1
-1
-1
-1
-1
-1
-1
-1
-1
281
-1
-1
-1
-1
-1
-1
273
-1
-1
-1
-1
-1
-1
-1
-1
-1
-1
-1
-1
-1
-1
285
-1
-1
-1
-1
-1
-1
285
-1
-1
-1
-1
-1
-1
-1
-1
-1
-1
-1
-1
-1
-1
268
-1
-1
-1
-1
-1
317
-1
-1
-1
-1
-1
-1
-1
-1
-1
-1
-1
-1
-1
-1
-1
-1
-1
-1
-1
-1
-1
588
-1
-1
-1
-1
-1
-1
-1
-1
-1
-1
-1
-1
-1
-1
-1
-1
-1
-1
-1
-1
-1
582
-1
-1
-1
-1
-1
-1
-1
-1
-1
-1
-1
-1
-1
-1
-1
-1
-1
-1
-1
-1
276
272
-1
-1
-1
-1
-1
-1
-1
-1
-1
-1
-1
-1
-1
-1
-1
-1
-1
-1
-1
-1
553
-1
-1
-1
-1
-1
-1
-1
-1
-1
-1
-1
-1
-1
-1
-1
-1
-1
-1
-1
-1
-1
555
-1
-1
-1
-1
-1
-1
-1
-1
-1
-1
-1
-1
-1
-1
-1
-1
-1
-1
-1
-1
158
109
-1
-1
-1
-1
-1
-1
-1
-1
-1
-1
-1
275
-1
-1
-1
52
72
-1
-1
-1
97
117
-1
-1
-1
-1
-1
-1
-1
-1
-1
-1
-1
220
-1
-1
-1
50
30
64
-1
-1
140
-1
-1
-1
-1
-1
-1
-1
-1
-1
-1
-1
216
29
-1
-1
-1
50
30
64
-1
-1
137
-1
-1
-1
-1
-1
-1
-1
-1
-1
-1
-1
220
24
-1
-1
-1
29
30
64
-1
-1
139
-1
-1
-1
-1
-1
-1
-1
-1
-1
-1
-1
223
-1
-1
-1
36
28
63
-1
-1
-1
160
-1
-1
-1
-1
-1
-1
-1
-1
-1
-1
179
33
-1
-1
-1
31
28
63
-1
-1
-1
157
-1
-1
-1
-1
-1
-1
-1
-1
-1
-1
178
36
-1
-1
13
19
32
34
-1
67
34
95
-1
-1
-1
-1
-1
-1
-1
-1
-1
-1
204
-1
-1
-1
28
19
29
30
36
35
32
162
-1
-1
-1
-1
-1
-1
-1
-1
-1
-1
-1
-1
-1
-1
170
21
28
30
33
33
158
-1
-1
-1
-1
-1
-1
-1
-1
-1
-1
-1
-1
-1
-1
-1
205
18
28
63
-1
-1
148
-1
-1
-1
-1
-1
-1
-1
-1
-1
-1
192
-1
-1
-1
42
9
18
28
30
-1
68
102
-1
-1
-1
-1
-1
-1
-1
115
-1
-1
82
-1
-1
-1
41
8
21
