0
0
0
4095
1936
3039
0
0
0
1092
0
0
0
0
0
0
0
3799
0
0
3
0
0
0
0
4095
1637
4095
0
0
0
0
0
0
0
0
0
0
0
3380
0
0
0
0
0
0
4095
538
1580
4095
0
0
0
0
0
0
0
0
0
0
0
2138
1671
0
0
0
0
0
4095
447
1938
3090
0
0
0
0
0
0
0
0
0
0
1285
1712
1687
0
0
0
0
0
4095
438
1533
3317
0
0
0
0
0
0
0
0
0
0
0
2990
1657
0
0
0
0
0
4095
532
1549
2263
0
0
0
0
0
0
0
0
0
0
0
3226
320
0
0
0
0
0
4095
464
1938
1991
0
0
0
0
0
0
0
0
0
0
1468
1700
0
0
0
0
0
1544
751
536
1945
0
0
0
1582
0
0
0
0
0
0
0
1261
663
0
0
0
4095
0
1628
755
457
1946
0
0
0
1369
0
0
0
0
0
0
0
1240
0
0
0
0
4095
0
1775
716
434
866
0
0
0
1564
0
0
0
0
0
0
0
1225
0
0
0
0
4095
0
1639
603
528
243
0
886
0
1065
0
0
0
0
0
0
0
487
0
0
0
0
4095
0
4095
737
462
281
0
1517
0
0
0
0
0
0
0
0
0
0
0
0
0
0
0
4095
1820
753
442
0
1207
0
0
0
0
0
0
0
0
0
0
70
0
0
0
0
0
4095
1617
743
523
0
1157
0
0
0
0
0
0
0
0
0
0
373
0
0
0
0
0
4095
1617
723
0
0
691
0
0
0
0
0
0
0
0
0
0
395
0
0
0
0
0
4095
1614
834
0
285
196
0
0
0
0
0
0
0
0
0
0
0
0
0
0
0
0
4095
1830
729
0
259
315
0
0
0
0
0
0
0
0
0
0
0
0
0
0
0
4095
4095
1674
842
0
235
183
0
0
0
0
0
0
0
0
0
0
0
0
0
0
0
1110
4095
1620
708
0
277
87
0
0
0
0
0
0
0
0
0
0
0
0
0
0
0
1259
4095
1709
0
0
149
11
0
0
0
0
0
0
0
0
0
0
0
0
0
0
0
1743
4095
1934
0
0
177
6
0
0
0
0
0
0
0
0
113
0
0
0
0
0
0
1956
4095
1664
0
0
123
0
0
0
0
0
0
0
0
0
176
0
0
0
0
0
0
1667
4095
1610
0
54
111
0
0
0
0
0
0
0
0
0
190
0
0
0
0
0
568
4095
4095
383
0
81
304
0
0
0
0
0
0
561
0
0
0
0
0
0
0
0
344
4095
0
324
0
44
361
0
0
0
0
0
0
1663
0
0
0
0
0
0
0
0
97
4095
0
0
361
68
349
0
0
0
0
0
0
1416
0
164
0
0
0
0
0
0
0
4095
0
0
356
263
0
0
0
0
0
0
1320
1371
173
0
0
0
0
0
0
0
0
4095
0
0
485
12
0
0
0
0
0
0
1671
1399
163
0
0
0
0
0
0
0
70
560
0
0
604
0
0
0
0
0
0
0
2474
1711
0
0
0
0
0
0
0
0
792
0
0
0
401
0
0
0
0
0
0
0
0
4095
0
0
0
0
0
0
0
0
1352
0
0
995
242
24
0
0
0
0
0
0
3356
1384
192
0
0
0
0
0
0
1174
0
0
0
919
250
0
0
0
0
0
0
0
3375
556
334
0
0
0
0
0
0
2261
0
0
0
882
198
0
0
0
0
0
0
0
3193
0
247
0
0
0
0
0
0
3132
0
0
1738
455
161
0
0
0
0
0
0
0
3881
60
0
0
0
0
0
2512
0
0
0
0
1021
234
152
0
0
0
0
0
0
1913
0
329
0
0
0
0
0
0
0
2703
0
0
694
58
106
0
0
0
0
0
0
1410
0
320
0
0
0
0
82
0
1098
1513
0
0
741
36
0
0
0
0
0
0
0
0
0
354
0
0
0
0
0
0
1127
1386
0
0
970
39
0
0
0
0
0
0
0
0
0
0
0
0
0
0
0
851
1163
780
0
0
806
161
0
0
0
0
0
0
0
0
0
0
0
0
0
0
0
1152
1674
0
0
0
647
623
0
0
0
0
0
0
0
0
0
0
0
0
0
84
0
1153
814
0
0
0
1651
0
0
0
0
96
0
0
0
0
0
0
0
0
0
0
0
1259
0
0
0
0
733
0
0
0
0
110
0
0
0
0
0
0
0
0
0
0
0
0
0
0
0
0
0
0
0
0
0
96
0
0
0
0
0
0
0
0
0
0
0
0
0
0
681
0
0
0
0
0
0
26
0
0
0
0
0
0
0
0
38
0
0
0
0
432
0
0
0
0
0
0
9
0
0
0
0
0
0
0
0
0
0
0
0
0
0
206
0
0
0
0
0
0
13
0
0
0
0
0
0
0
0
0
0
0
0
0
0
46
0
0
0
0
0
0
9
0
0
0
0
0
0
0
0
0
0
0
0
0
0
0
0
0
0
0
0
0
0
0
0
0
0
0
0
0
0
0
0
0
0
0
0
0
0
0
0
0
0
0
0
0
0
0
0
0
0
0
0
24
0
0
0
0
0
0
0
0
0
0
0
0
0
0
0
0
0
0
0
0
0
4095
0
0
0
0
0
0
0
0
0
0
0
0
0
0
4095
0
0
0
0
0
0
167
0
0
0
0
0
0
0
0
0
0
0
0
0
0
4095
0
0
0
0
0
0
81
0
0
0
0
0
0
0
0
0
0
0
0
0
0
4095
0
0
0
0
0
35
0
0
0
0
0
0
0
0
0
0
0
0
0
0
0
4095
0
0
0
0
0
79
0
0
0
0
0
0
0
0
0
0
0
0
0
0
0
0
0
0
0
0
0
4095
0
0
0
0
0
0
0
0
0
0
0
0
0
0
0
0
0
0
0
0
4095
16
0
0
0
0
0
0
0
0
0
0
0
0
0
0
0
0
0
0
0
0
4095
0
0
0
0
0
0
0
0
0
0
0
0
0
0
0
0
0
0
0
0
0
4095
0
0
0
0
0
0
0
0
0
0
0
4095
0
0
0
0
0
0
0
0
4095
0
0
0
0
0
0
0
0
0
0
0
0
2421
0
0
0
0
4095
0
0
0
110
0
0
0
0
0
0
0
0
0
0
0
0
0
0
0
0
4095
1191
0
0
0
10
0
0
0
0
0
0
0
0
0
0
0
55
0
0
0
4095
4095
1165
0
0
0
58
0
0
0
0
0
0
0
0
0
0
0
73
0
0
0
4095
4095
1171
34
0
0
164
0
0
0
0
0
0
0
0
0
0
0
71
0
0
0
4095
4095
1209
0
0
0
995
0
0
0
0
0
0
0
0
0
0
6
21
0
0
4095
3064
4095
1263
0
0
0
2148
0
0
0
0
0
0
0
0
0
0
138
0
0
0
2739
3598
4095
3695
0
1125
898
1285
0
0
0
0
0
0
0
0
0
0
183
0
0
0
3439
3109
4095
4095
0
1528
2236
0
0
0
0
0
0
0
0
0
0
0
454
0
0
1503
1622
3089
4095
4095
0
1577
1534
0
0
0
0
0
0
0
0
0
0
0
572
0
0
2685
1737
3061
4095
4095
0
0
2606
0
0
0
0
0
0
0
0
0
0
4
0
0
0
4095
1708
3562
4095
4095
0
1594
886
0
0
0
0
0
0
0
0
0
0
1023
0
0
0
4095
1626
3065
4095
0
0
1889
0
0
0
0
0
0
0
1692
0
0
0
5
0
0
0
4095
1649
4095
0
0
0
1782
0
0
0
0
0
0
0
2241
0
0
4
0
0
