65
68
44
0
0
0
0
1153
275
387
480
65
193
56
313
87
41
0
329
152
20
250
0
125
0
296
27
0
0
17
0
0
29
58
0
0
19
158
30
28
159
105
0
0
27
0
31
28
0
28
0
87
28
172
0
26
579
728
18
18
0
32
60
22
0
835
118
550
138
516
0
277
23
185
0
13
47
472
3882
0
251
362
60
931
1335
18
178
0
623
250
27
159
131
0
291
576
13
296
0
0
0
212
82
196
61
70
78
466
1189
608
0
94
594
43
308
383
345
738
249
350
1102
0
154
182
30
63
132
406
375
121
0
120
384
233
220
125
233
150
0
326
97
62
0
233
155
193
547
364
171
355
623
1095
1057
57
0
22
0
0
72
65
362
266
916
1351
205
