97
-1
-1
-1
-1
-1
-1
-1
118
-1
-1
116
-1
-1
-1
-1
27
18
28
30
-1
64
-1
-1
-1
-1
-1
-1
-1
-1
114
-1
-1
90
-1
-1
-1
43
8
19
28
30
-1
161
-1
-1
-1
-1
-1
-1
-1
55
122
-1
-1
-1
-1
-1
-1
64
9
19
60
-1
-1
159
-1
-1
-1
-1
-1
-1
-1
147
-1
-1
-1
-1
-1
-1
-1
99
8
52
-1
-1
-1
205
-1
-1
-1
-1
-1
-1
-1
98
123
-1
-1
-1
-1
-1
-1
71
8
211
-1
-1
-1
-1
-1
-1
-1
-1
-1
-1
-1
92
121
-1
-1
-1
-1
-1
-1
70
9
208
-1
-1
-1
-1
-1
-1
-1
-1
-1
-1
-1
94
86
-1
-1
-1
-1
-1
97
5
8
213
-1
-1
-1
-1
-1
-1
-1
-1
-1
-1
-1
94
83
-1
-1
-1
-1
-1
97
6
9
215
-1
-1
-1
-1
-1
-1
-1
-1
-1
-1
-1
98
99
-1
-1
-1
-1
-1
97
5
8
205
-1
-1
-1
-1
-1
-1
-1
-1
-1
-1
-1
161
-1
-1
-1
-1
91
-1
39
6
8
212
-1
-1
-1
-1
-1
-1
-1
-1
-1
-1
-1
100
-1
-1
-1
120
-1
-1
44
5
9
50
-1
-1
184
-1
-1
-1
-1
-1
-1
-1
50
25
62
-1
-1
61
-1
47
17
5
26
-1
-1
-1
213
-1
-1
-1
-1
-1
-1
-1
48
-1
94
-1
-1
63
-1
46
17
6
8
-1
47
-1
193
-1
-1
-1
-1
-1
-1
-1
73
29
96
-1
-1
-1
-1
86
21
5
9
-1
213
-1
-1
-1
-1
-1
-1
-1
-1
-1
72
32
103
-1
-1
-1
-1
85
17
5
7
-1
212
-1
-1
-1
-1
-1
-1
-1
-1
-1
73
101
-1
-1
-1
-1
90
21
17
6
-1
32
186
-1
-1
-1
-1
-1
-1
-1
-1
-1
141
-1
-1
-1
-1
-1
122
21
21
5
-1
37
189
-1
-1
-1
-1
-1
-1
-1
-1
-1
144
-1
-1
-1
-1
-1
122
23
17
6
-1
33
193
-1
-1
-1
-1
-1
-1
-1
-1
89
87
-1
-1
-1
-1
-1
125
25
17
5
-1
37
159
-1
-1
-1
-1
-1
-1
-1
-1
152
-1
-1
-1
-1
-1
129
31
21
20
5
15
24
165
-1
-1
-1
-1
-1
-1
-1
-1
153
-1
-1
-1
-1
-1
130
26
22
18
-1
23
185
-1
-1
-1
-1
-1
-1
-1
-1
-1
148
-1
-1
-1
-1
-1
134
27
23
17
-1
23
177
-1
-1
-1
-1
-1
-1
-1
-1
-1
153
-1
-1
-1
-1
-1
130
28
25
20
-1
26
185
-1
-1
-1
-1
-1
-1
-1
-1
-1
-1
-1
-1
-1
-1
-1
208
28
22
18
6
18
259
-1
-1
-1
-1
-1
-1
-1
-1
184
-1
-1
-1
-1
-1
-1
131
33
22
19
5
18
152
-1
-1
-1
-1
-1
119
-1
-1
102
-1
-1
-1
-1
-1
-1
132
27
24
-1
26
21
113
-1
-1
-1
-1
-1
157
-1
-1
66
-1
-1
-1
-1
-1
127
32
-1
51
-1
22
102
-1
-1
-1
-1
-1
-1
196
-1
-1
-1
-1
-1
-1
-1
-1
-1
185
-1
50
-1
23
97
-1
-1
-1
-1
-1
-1
130
26
62
-1
-1
-1
-1
-1
-1
-1
192
-1
-1
37
6
107
-1
-1
-1
-1
-1
-1
129
24
59
-1
-1
-1
-1
-1
-1
-1
194
-1
-1
35
112
-1
-1
-1
-1
-1
-1
-1
131
23
56
-1
-1
-1
-1
-1
-1
-1
193
-1
-1
32
108
-1
-1
-1
-1
-1
-1
-1
127
25
120
-1
-1
-1
-1
-1
-1
-1
-1
-1
-1
157
106
-1
-1
-1
-1
-1
-1
-1
130
112
-1
-1
-1
-1
-1
-1
-1
-1
-1
-1
-1
189
102
-1
-1
-1
-1
-1
-1
-1
139
51
-1
-1
-1
-1
-1
-1
149
-1
-1
-1
78
8
104
-1
-1
-1
-1
-1
-1
135
30
50
-1
-1
-1
-1
-1
-1
153
-1
-1
-1
79
7
80
-1
-1
-1
-1
-1
-1
133
30
31
-1
-1
-1
-1
81
-1
105
-1
-1
-1
73
81
-1
-1
-1
-1
-1
-1
-1
131
-1
62
-1
-1
-1
-1
137
-1
-1
-1
-1
86
18
79
-1
-1
-1
-1
-1
-1
-1
126
54
-1
-1
-1
-1
42
29
33
67
-1
-1
60
17
81
-1
-1
-1
-1
-1
-1
-1
-1
181
-1
-1
-1
-1
45
30
30
66
-1
-1
49
21
82
-1
-1
-1
-1
-1
-1
-1
-1
123
-1
-1
-1
-1
44
29
30
65
-1
-1
58
31
-1
-1
-1
-1
132
-1
-1
-1
71
54
-1
-1
-1
-1
41
30
30
64
-1
-1
60
32
-1
-1
-1
-1
65
65
-1
-1
103
-1
-1
-1
-1
27
-1
52
65
-1
-1
-1
88
32
-1
-1
-1
-1
65
65
-1
-1
108
-1
-1
-1
-1
25
-1
106
-1
-1
-1
-1
89
27
-1
-1
-1
45
27
69
-1
-1
-1
-1
-1
-1
-1
77
-1
-1
-1
-1
96
-1
58
27
-1
-1
-1
69
-1
-1
-1
176
-1
-1
-1
-1
-1
76
-1
-1
-1
-1
93
-1
84
-1
-1
-1
-1
73
-1
-1
-1
181
-1
-1
-1
-1
116
-1
-1
-1
-1
-1
124
-1
93
-1
-1
-1
-1
167
-1
-1
-1
-1
-1
-1
-1
-1
147
-1
-1
-1
-1
-1
-1
-1
176
-1
-1
-1
-1
166
-1
-1
-1
-1
-1
-1
-1
-1
208
-1
-1
-1
-1
-1
-1
-1
-1
-1
-1
-1
138
149
-1
-1
-1
-1
-1
-1
-1
-1
211
-1
-1
-1
-1
-1
-1
-1
-1
-1
-1
-1
289
-1
-1
-1
-1
-1
-1
-1
-1
-1
214
-1
-1
-1
-1
-1
-1
-1
-1
-1
-1
-1
301
-1
-1
-1
-1
-1
-1
-1
-1
249
-1
-1
-1
-1
-1
-1
-1
-1
-1
-1
-1
-1
270
-1
-1
-1
-1
-1
-1
-1
-1
231
-1
-1
-1
-1
-1
-1
-1
-1
-1
-1
-1
-1
-1
-1
-1
287
-1
-1
-1
-1
-1
219
-1
-1
-1
-1
-1
-1
-1
-1
-1
-1
-1
-1
-1
-1
-1
302
-1
-1
-1
-1
-1
241
-1
-1
-1
-1
-1
-1
-1
-1
-1
-1
-1
-1
-1
-1
170
124
-1
-1
-1
-1
-1
266
-1
-1
-1
-1
-1
-1
-1
-1
-1
-1
-1
-1
-1
-1
273
-1
-1
-1
-1
-1
237
-1
-1
-1
-1
-1
-1
-1
-1
-1
-1
-1
-1
-1
-1
-1
309
-1
-1
-1
-1
-1
550
-1
-1
-1
-1
-1
-1
-1
-1
-1
-1
-1
-1
-1
-1
-1
-1
-1
-1
-1
-1
-1
572
-1
-1
-1
-1
-1
-1
-1
-1
-1
-1
-1
-1
-1
-1
-1
-1
-1
-1
-1
-1
285
293
-1
-1
-1
-1
-1
-1
-1
-1
-1
-1
-1
-1
-1
-1
-1
-1
-1
-1
-1
-1
570
-1
-1
-1
-1
-1
-1
-1
-1
-1
-1
-1
-1
-1
-1
-1
-1
-1
-1
-1
-1
-1
565
-1
-1
-1
-1
-1
-1
-1
-1
-1
-1
-1
-1
-1
-1
-1
-1
-1
-1
-1
-1
157
126
-1
-1
-1
-1
-1
-1
-1
-1
-1
-1
-1
289
-1
-1
-1
-1
-1
-1
-1
-1
64
132
-1
-1
-1
-1
-1
-1
-1
-1
-1
-1
-1
222
-1
-1
-1
64
99
-1
-1
-1
62
115
-1
-1
-1
-1
-1
-1
-1
-1
-1
-1
189
25
-1
-1
-1
67
33
68
-1
-1
61
112
-1
-1
-1
-1
-1
-1
-1
-1
-1
-1
193
24
-1
-1
-1
65
30
63
-1
-1
155
-1
-1
-1
-1
-1
-1
-1
-1
-1
-1
-1
234
-1
-1
-1
36
32
30
64
-1
-1
151
-1
-1
-1
-1
-1
-1
-1
-1
-1
-1
-1
229
-1
-1
-1
33
32
30
64
-1
-1
139
-1
-1
-1
-1
-1
-1
-1
-1
-1
-1
181
47
-1
-1
-1
34
29
94
-1
-1
-1
111
-1
-1
-1
-1
-1
-1
-1
-1
-1
-1
182
46
-1
-1
14
21
29
30
-1
63
33
162
-1
-1
-1
-1
-1
-1
-1
-1
-1
-1
-1
-1
-1
-1
174
19
29
33
37
34
33
-1
-1
-1
-1
-1
-1
-1
-1
-1
-1
-1
-1
-1
-1
-1
178
19
32
30
35
32
195
-1
-1
-1
-1
-1
-1
-1
-1
-1
-1
212
-1
-1
-1
37
10
22
29
63
-1
-1
140
