0
3117
1589
4095
0
0
0
1922
0
0
0
0
0
0
0
4095
0
0
4
0
0
0
0
4095
1528
3907
0
0
0
0
0
0
0
0
0
0
0
3362
0
0
0
0
0
0
4095
470
1898
4095
0
0
0
0
0
0
0
0
0
0
0
3541
0
0
0
0
0
0
4095
457
1603
3045
0
0
0
0
0
0
0
0
0
0
1440
1685
1940
0
0
0
0
0
4095
586
1524
3047
0
0
0
0
0
0
0
0
0
0
2446
1633
1833
0
0
0
0
0
4095
449
1834
2505
0
0
0
0
0
0
0
0
0
0
0
1628
688
0
0
0
0
0
4095
554
1548
2379
0
0
0
0
0
0
0
0
0
0
1283
1606
0
0
0
0
0
0
2336
454
1517
0
0
0
0
0
0
0
0
0
0
0
1375
1295
0
0
0
4095
0
0
811
457
2485
0
0
0
2798
0
0
0
0
0
0
0
1228
0
0
0
0
4095
0
1595
638
562
1431
0
0
0
912
0
0
0
0
0
0
0
1253
0
0
0
0
4095
0
1872
718
454
1218
0
0
0
1831
0
0
0
0
0
0
0
751
0
0
0
0
4095
0
1622
825
462
1428
0
0
0
0
0
0
0
0
0
0
0
0
0
0
0
0
0
0
4095
628
551
0
1091
0
0
0
0
0
0
0
0
0
0
0
0
0
0
0
0
4095
1672
750
715
0
861
0
0
0
0
0
0
0
0
0
0
328
0
0
0
0
0
4095
1835
839
316
0
625
0
0
0
0
0
0
0
0
0
0
373
0
0
0
0
0
4095
1651
843
0
265
270
0
0
0
0
0
0
0
0
0
0
129
0
0
0
0
0
4095
1595
714
0
234
373
0
0
0
0
0
0
0
0
0
0
0
0
0
0
0
0
4095
1899
850
0
228
191
0
0
0
0
0
0
0
0
0
0
0
0
0
0
0
1224
4095
1772
785
0
267
149
0
0
0
0
0
0
0
0
0
0
0
0
0
0
0
1212
4095
1742
75
0
177
19
0
0
0
0
0
0
0
0
0
0
0
0
0
0
0
1666
4095
1680
0
0
161
31
0
0
0
0
0
0
0
0
53
0
0
0
0
0
0
1752
4095
2017
0
0
66
0
0
0
0
0
0
0
0
0
168
0
0
0
0
0
0
1745
4095
1676
0
33
62
0
0
0
0
0
0
0
0
0
160
0
0
0
0
0
577
1121
4095
1742
0
68
132
0
0
0
0
0
0
164
0
0
0
0
0
0
0
0
576
4095
4095
633
0
23
111
0
0
0
0
0
0
1594
0
0
0
0
0
0
0
0
72
4095
1806
370
0
81
1176
0
0
0
0
0
0
1857
0
0
0
0
0
0
0
0
0
4095
289
788
0
125
0
0
0
0
0
0
692
1374
398
0
0
0
0
0
0
0
0
4095
0
0
546
185
0
0
0
0
0
0
1815
1444
0
0
0
0
0
0
0
0
63
1023
0
0
730
165
0
0
0
0
0
0
2318
1341
0
0
0
0
0
0
0
0
121
0
0
0
952
143
0
0
0
0
0
0
3364
1507
0
0
0
0
0
0
0
0
1249
0
0
0
239
186
0
0
0
0
0
0
3124
1490
148
0
0
0
0
0
0
0
0
0
0
1071
132
0
0
0
0
0
0
0
3145
824
331
0
0
0
0
0
0
2646
0
0
0
948
51
0
0
0
0
0
0
0
3145
0
300
0
0
0
0
706
0
2213
0
0
0
918
1
0
0
0
0
0
0
0
3805
0
0
0
0
0
0
1242
0
3056
0
0
1074
459
0
0
0
0
0
0
0
2173
439
321
0
0
0
0
0
1130
0
0
0
0
1096
270
0
0
0
0
0
0
0
1677
0
324
0
0
0
0
41
1066
0
1492
0
0
892
128
0
0
0
0
0
0
0
677
0
152
0
0
0
0
41
0
1086
1556
0
0
762
30
0
0
0
0
0
0
0
0
0
0
0
0
0
0
0
595
1230
1848
0
0
905
163
0
0
0
0
0
0
0
0
0
0
0
0
0
0
0
1177
1234
0
0
0
833
340
0
0
0
0
0
0
0
0
0
0
0
0
0
77
0
1116
985
0
0
0
659
697
0
0
0
74
0
0
0
0
0
0
0
0
0
0
0
1094
0
0
0
0
1245
0
0
0
0
106
0
0
0
0
0
0
0
0
0
0
0
444
0
0
0
0
611
0
0
0
0
110
0
0
0
0
0
0
0
0
0
0
0
0
0
0
0
0
488
0
0
0
0
28
0
0
0
0
0
0
0
0
26
0
0
0
0
798
0
0
0
0
0
0
11
0
0
0
0
0
0
0
0
0
0
0
0
0
0
218
0
0
2
0
0
0
13
0
0
0
0
0
0
0
0
0
0
0
0
0
0
298
0
0
0
0
0
0
11
0
0
0
0
0
0
0
0
0
0
0
0
0
0
0
0
0
0
0
0
0
0
0
0
0
0
0
0
0
0
0
0
0
0
0
0
0
0
0
0
0
0
0
0
0
0
0
0
0
0
0
0
19
0
0
0
0
0
0
0
0
0
0
0
0
0
0
0
0
0
0
0
0
0
0
0
0
0
0
0
0
0
0
0
0
0
0
0
0
4095
0
0
0
0
0
0
9
0
0
0
0
0
0
0
0
0
0
0
0
0
0
4095
0
0
0
0
0
0
75
0
0
0
0
0
0
0
0
0
0
0
0
0
0
4095
0
0
0
0
0
0
0
0
0
0
0
0
0
0
0
0
0
0
0
0
0
4095
0
0
0
0
0
121
0
0
0
0
0
0
0
0
0
0
0
0
0
0
0
0
0
0
0
0
0
57
0
0
0
0
0
0
0
0
0
0
0
0
0
0
0
0
0
0
0
0
0
42
0
0
0
0
0
0
0
0
0
0
0
0
0
0
0
0
0
0
0
0
36
0
0
0
0
0
0
0
0
0
0
0
0
0
0
0
0
0
0
0
0
0
34
0
0
0
0
0
0
0
0
0
0
0
0
0
0
0
0
0
0
0
0
0
0
0
0
0
0
0
0
0
0
0
0
0
4095
0
0
0
0
0
0
0
0
50
0
0
0
0
0
0
0
0
0
0
0
0
3468
0
0
0
4095
4095
0
0
0
50
0
0
0
0
0
0
0
0
0
0
0
0
0
0
0
0
4095
1325
0
0
0
30
0
0
0
0
0
0
0
0
0
0
0
49
0
0
0
4095
4095
1174
0
0
152
0
0
0
0
0
0
0
0
0
0
0
0
83
0
0
0
4095
4095
1112
0
0
1673
0
0
0
0
0
0
0
0
0
0
0
6
79
0
0
4095
3122
4095
1169
0
0
0
1110
0
0
0
0
0
0
0
0
0
0
121
37
0
0
3533
3084
4095
1349
0
0
1396
2316
0
0
0
0
0
0
0
0
0
0
172
0
0
0
3086
3416
4095
4095
0
1364
1029
0
0
0
0
0
0
0
0
0
0
0
246
0
0
1486
1580
3151
4055
4095
0
2638
1991
0
0
0
0
0
0
0
0
0
0
0
670
0
0
1736
1944
3268
4095
4095
0
0
1231
0
0
0
0
0
0
0
0
0
0
0
0
0
0
4095
1584
3179
4095
4095
0
0
2546
0
0
0
0
0
0
0
0
0
0
168
0
0
0
4095
1501
3515
4095
491
0
1313
0
0
0
0
0
0
0
0
0
0
0
5
0
0
0
3707
1903
2945
0
622
0
1321
0
0
0
0
0
0
0
0
0
0
6
0
0
0
0
