2677
3848
0
0
0
0
655
0
0
0
0
0
0
0
0
0
1427
0
1
0
0
0
3275
0
0
0
53
0
637
0
0
0
0
0
0
0
0
0
1590
0
0
0
0
0
3567
0
0
0
1292
780
168
0
0
0
0
0
0
0
0
0
0
0
0
0
0
0
3785
0
0
0
1364
809
192
0
0
0
0
0
0
0
0
0
0
0
0
0
0
1861
3860
0
0
1679
1342
789
176
0
0
0
0
0
0
0
0
1638
0
0
0
0
0
2341
3862
0
0
1891
1361
828
201
0
0
0
0
0
0
0
110
0
0
0
0
0
434
2694
3886
0
0
1825
1297
797
171
0
0
0
0
0
0
0
315
0
0
0
0
0
1791
3510
0
0
0
1910
1323
795
171
0
0
0
0
0
0
0
254
0
0
0
0
0
1894
0
0
0
0
533
0
618
1265
0
0
0
0
0
0
0
289
0
0
0
0
0
1981
0
0
0
0
509
0
524
1126
10
10
0
0
0
0
0
221
0
0
0
0
0
2163
0
0
0
0
515
0
521
126
126
44
0
0
0
0
0
218
0
0
0
0
4095
0
3283
0
0
0
392
0
524
136
136
35
0
0
0
0
0
246
246
0
0
0
0
2046
0
0
0
0
483
683
187
57
57
0
0
0
0
0
0
175
0
0
0
0
0
2022
0
0
0
0
394
549
46
46
44
0
0
0
0
0
0
0
0
0
0
0
0
2197
0
0
0
0
403
54
54
54
0
0
0
0
0
0
0
0
0
0
0
0
0
1956
0
0
0
0
0
83
83
83
0
0
0
0
0
0
0
0
0
0
0
0
0
0
0
0
0
0
0
0
0
0
0
0
0
0
0
0
0
0
0
0
0
0
0
0
0
0
0
0
0
0
0
0
0
0
0
0
0
0
0
0
0
0
0
0
0
0
0
0
0
0
0
0
0
0
0
0
0
0
0
0
0
0
0
0
0
0
281
0
0
0
0
0
0
0
0
0
0
0
0
0
0
0
0
0
0
0
0
0
567
0
0
0
0
0
0
0
0
0
0
0
0
0
0
0
0
0
0
0
0
0
0
0
0
0
0
0
0
0
0
0
0
0
0
0
0
0
0
0
0
0
0
0
0
0
0
0
0
0
0
0
0
0
0
0
0
0
0
0
0
0
0
0
0
0
0
0
0
0
0
0
0
0
0
0
0
0
0
0
0
0
0
0
0
0
0
0
0
0
0
0
0
0
0
0
0
0
0
0
0
0
0
0
0
0
0
0
0
0
0
0
0
0
0
0
0
0
0
0
0
2
1233
0
0
0
0
0
0
0
0
0
1
3615
92
242
0
0
0
0
0
0
3
3
0
0
0
0
0
0
0
0
0
0
381
381
0
244
0
0
0
0
0
0
5
5
0
0
0
0
0
0
0
0
0
10
402
402
0
0
0
0
0
0
0
0
2
1748
0
0
0
0
0
0
0
0
0
144
335
0
460
0
77
0
0
0
0
0
5
1731
0
0
0
0
0
0
0
0
48
191
483
0
445
0
0
0
0
0
0
0
2
1677
0
0
0
0
0
0
0
0
72
642
456
0
383
0
0
0
0
0
0
8
11
1681
0
0
0
0
0
0
0
0
435
1107
541
0
377
0
0
0
0
0
0
174
178
1882
0
0
0
0
0
0
0
0
0
573
0
513
0
0
0
0
0
0
0
580
583
0
0
0
0
0
0
0
0
0
521
0
578
1048
0
0
0
0
0
0
18
314
318
0
0
0
0
0
0
0
0
0
545
0
518
986
0
0
0
0
0
0
117
119
120
0
0
0
0
0
0
0
0
0
1243
622
0
442
0
0
0
0
0
0
63
64
64
64
0
0
0
0
0
0
0
0
556
0
562
1091
0
0
0
0
0
0
0
0
0
0
0
0
0
0
0
0
0
0
588
0
562
0
0
0
0
0
0
0
0
0
0
0
0
0
0
0
0
0
0
0
563
0
554
1043
0
0
0
0
0
0
0
0
0
0
0
0
0
0
0
0
0
0
532
0
532
984
375
0
0
0
0
0
0
0
0
0
0
0
0
0
0
0
0
0
0
558
1116
0
0
0
0
0
0
0
0
0
0
0
0
0
0
0
1097
1097
0
0
0
567
1163
0
0
0
0
0
35
0
0
0
0
0
0
0
0
0
1151
1151
0
0
0
529
0
0
1
0
0
0
0
0
0
0
0
0
0
0
0
0
0
0
0
0
0
0
0
1
0
0
0
0
0
0
0
0
0
0
0
0
0
0
0
0
0
0
0
0
0
0
0
1
1
1
0
0
0
0
0
0
0
0
0
310
310
310
310
310
310
0
0
1
1
0
0
0
0
0
0
0
0
0
0
0
0
0
0
0
0
0
0
0
0
0
0
0
0
0
0
0
0
0
0
0
0
0
0
0
0
0
0
0
0
0
0
0
0
0
0
1470
1470
1470
0
0
0
0
0
0
0
0
0
0
0
0
0
0
0
0
0
0
0
4095
4095
4095
0
0
0
0
0
0
0
18
18
18
18
18
4
0
0
0
0
0
0
0
0
0
0
0
0
0
0
0
33
33
33
33
33
33
13
0
0
0
0
0
0
0
0
1921
0
0
0
0
0
0
57
57
57
57
57
28
0
0
0
0
0
0
0
0
0
2227
0
0
0
0
0
0
67
67
67
67
67
33
0
0
0
0
0
0
0
0
0
2163
4076
4076
4076
4076
4076
4076
19
19
19
19
19
0
0
0
0
0
0
0
0
0
1231
2722
4095
4095
4095
4095
4095
0
45
45
45
45
45
0
0
0
0
0
0
0
0
0
1203
2717
4095
4095
4095
4095
4095
0
0
0
0
0
0
0
0
0
0
0
0
0
0
0
1230
2704
4095
4095
4095
4095
4095
0
0
0
0
0
0
0
0
0
0
0
0
0
0
44
1324
2746
4095
4095
4095
4095
4095
0
0
0
0
0
0
0
0
0
0
0
0
4095
4095
2927
1579
0
4095
4095
4095
4095
0
0
0
0
0
0
0
0
0
0
0
0
0
4095
4095
0
1581
3489
0
0
0
0
0
0
0
0
0
0
0
0
0
0
0
0
0
0
0
1267
2096
0
0
0
0
22
0
0
0
0
0
0
0
0
0
0
0
0
0
0
0
2504
0
0
0
0
0
0
0
0
0
0
0
0
0
0
0
0
0
0
0
598
0
2506
0
0
0
0
52
0
0
0
0
0
0
0
0
0
0
4
4
0
598
1481
0
2374
0
0
14
0
91
0
0
0
0
0
0
0
0
0
2
9
9
0
1481
0
1741
0
0
0
41
0
75
0
0
0
0
0
0
0
0
0
2
9
9
0
0
0
1505
0
0
0
0
247
0
0
0
0
0
0
0
0
0
0
1
1
1
0
0
0
0
0
0
2731
0
220
0
0
0
0
0
0
0
0
0
0
0
693
693
0
0
872
0
0
0
0
0
0
1168
0
0
0
0
0
0
0
0
0
1
504
504
0
0
2351
0
0
0
0
0
0
0
0
0
0
0
0
0
0
0
1
3
3
3
3
3
3682
0
0
0
0
0
0
0
0
0
0
0
0
0
0
0
1215
1220
1220
1220
1220
1220
2343
0
0
0
0
0
915
0
0
0
0
0
0
0
0
1324
0
3
0
0
0
0
2957
0
0
2272
0
275
0
0
0
0
0
0
0
0
0
1416
0
3
0
0
0
275
