0
0
4095
1297
4095
0
0
0
2054
0
0
0
0
0
0
0
4095
0
0
3
0
0
0
0
4095
1539
3628
0
0
0
0
0
0
0
0
0
0
0
3563
0
0
0
0
0
0
0
4095
1564
3951
0
0
0
0
0
0
0
0
0
0
0
3666
0
0
0
0
0
0
4095
449
1724
3740
0
0
0
0
0
0
0
0
0
0
0
2726
1653
0
0
0
0
0
4095
555
1695
3378
0
0
0
0
0
0
0
0
0
0
0
3022
1674
0
0
0
0
0
4095
438
1624
2971
0
0
0
0
0
0
0
0
0
0
0
3128
1023
0
0
0
0
0
4095
546
1715
1582
0
0
0
0
0
0
0
0
0
0
0
3005
0
0
0
0
0
0
4095
458
1830
2470
0
0
0
0
0
0
0
0
0
0
1297
1612
0
0
0
4095
0
4095
1231
462
1621
0
0
0
2179
0
0
0
0
0
0
0
1303
0
0
0
0
4095
0
4095
1380
540
1597
0
0
0
948
0
0
0
0
0
0
0
1452
0
0
0
0
4095
0
4095
1010
445
717
0
1545
0
716
0
0
0
0
0
0
0
1060
0
0
0
0
4095
0
4095
837
459
908
0
1154
0
0
0
0
0
0
0
0
0
0
0
0
0
0
0
0
3582
750
501
0
459
1159
0
0
0
0
0
0
0
0
0
0
0
0
0
0
0
4095
3393
725
827
0
381
0
0
0
0
0
0
0
0
0
0
312
0
0
0
0
0
4095
1539
727
656
0
584
0
0
0
0
0
0
0
0
0
0
365
0
0
0
0
0
4095
1610
714
264
0
188
24
0
0
0
0
0
0
0
0
0
225
0
0
0
0
0
4095
1830
727
0
301
374
0
0
0
0
0
0
0
0
0
0
0
0
0
0
0
0
4095
1675
647
0
274
157
0
0
0
0
0
0
0
0
0
0
0
0
0
0
0
1145
4095
1630
735
0
264
118
0
0
0
0
0
0
0
0
0
0
0
0
0
0
0
989
4095
1871
434
0
361
41
0
0
0
0
0
0
0
0
0
0
0
0
0
0
0
1131
4095
1636
0
0
123
11
0
0
0
0
0
0
0
0
0
0
0
0
0
0
0
1282
4095
1668
0
0
262
0
0
0
0
0
0
0
0
0
163
0
0
0
0
0
0
1738
4095
1587
0
5
48
0
0
0
0
0
0
0
0
0
119
0
0
0
0
0
548
1156
4095
1033
0
92
229
0
0
0
0
0
0
119
0
0
0
0
0
0
0
0
590
4095
4095
333
0
73
358
0
0
0
0
0
0
1285
0
0
0
0
0
0
0
0
102
4095
0
653
0
85
798
0
0
0
0
0
0
1632
0
0
0
0
0
0
0
0
0
4095
0
0
0
104
0
0
0
0
0
0
706
1555
112
0
0
0
0
0
0
0
0
4095
0
0
374
150
0
0
0
0
0
0
1725
1416
169
0
0
0
0
0
0
0
0
1129
0
0
502
32
0
0
0
0
0
0
4095
1393
0
0
0
0
0
0
0
0
127
0
0
0
939
0
0
0
0
0
0
0
0
1397
0
0
0
0
0
0
0
0
1131
0
0
898
75
0
0
0
0
0
0
0
3083
1607
0
0
0
0
0
0
0
228
0
0
0
1388
186
0
0
0
0
0
0
0
3282
1222
305
0
0
0
0
0
0
1534
0
0
0
1451
166
0
0
0
0
0
0
0
3433
0
335
0
0
0
0
459
0
1633
0
0
0
369
178
0
0
0
0
0
0
0
3618
0
87
0
0
0
0
1293
0
3390
0
0
1085
338
143
0
0
0
0
0
0
0
2725
199
0
0
0
0
0
1264
0
0
0
0
1056
103
229
0
0
0
0
0
0
2352
0
393
0
0
0
0
0
0
1107
1526
0
0
830
26
0
0
0
0
0
0
0
0
0
198
0
0
0
0
85
0
1169
1534
0
0
781
5
0
0
0
0
0
0
0
0
0
0
0
0
0
0
0
431
1138
1733
0
0
879
34
0
0
0
0
0
0
0
0
0
0
0
0
0
0
0
1206
1049
0
0
0
860
403
0
0
0
0
0
0
0
0
0
0
0
0
0
90
0
1155
1229
0
0
0
736
842
0
0
0
42
0
0
0
0
0
0
0
0
0
0
0
1563
0
0
0
0
1351
0
0
0
0
104
0
0
0
0
0
0
0
0
0
0
0
0
0
0
0
0
246
0
0
0
0
102
0
0
0
0
0
0
0
0
0
0
0
0
0
0
1845
0
0
0
0
0
0
82
0
0
0
0
0
0
0
0
0
0
0
0
0
196
0
0
0
0
0
0
18
0
0
0
0
0
0
0
0
0
37
0
0
0
0
277
0
0
0
0
0
0
16
0
0
0
0
0
0
0
0
0
0
0
0
0
0
241
0
0
0
0
0
0
13
0
0
0
0
0
0
0
0
0
0
0
0
0
0
0
0
0
0
0
0
0
0
0
0
0
0
0
0
0
0
0
0
0
0
0
0
0
0
0
0
0
0
0
0
0
0
0
0
0
0
0
0
0
0
0
0
0
0
0
0
0
0
0
0
0
0
0
0
0
0
0
0
0
0
0
0
0
0
0
0
0
0
0
0
0
0
0
0
0
4095
0
0
0
0
0
0
101
0
0
0
0
0
0
0
0
0
0
0
0
0
0
4095
0
0
0
0
0
0
141
0
0
0
0
0
0
0
0
0
0
0
0
0
0
4095
0
0
0
0
0
0
0
0
0
0
0
0
0
0
0
0
0
0
0
0
0
4095
0
0
0
0
0
90
0
0
0
0
0
0
0
0
0
0
0
0
0
0
0
0
0
0
0
0
0
43
0
0
0
0
0
0
0
0
0
0
0
0
0
0
0
0
0
0
0
0
0
28
0
0
0
0
0
0
0
0
0
0
0
0
0
0
0
0
0
0
0
0
0
0
0
0
0
0
0
0
0
0
0
0
0
0
0
0
0
0
0
0
0
0
58
0
0
0
0
0
0
0
0
0
0
0
0
0
0
0
0
0
0
0
0
0
0
0
0
0
0
0
0
0
0
0
0
0
592
0
0
0
0
0
0
0
0
0
0
0
0
0
0
0
0
0
0
0
0
0
2089
0
0
0
4095
4095
0
0
0
97
0
0
0
0
0
0
0
0
0
0
0
0
2653
0
0
0
4095
1304
0
0
0
33
0
0
0
0
0
0
0
0
0
0
0
16
0
0
0
3924
4095
1163
0
0
0
125
0
0
0
0
0
0
0
0
0
0
0
63
0
0
0
3763
4095
1123
168
0
0
316
0
0
0
0
0
0
0
0
0
0
0
103
0
0
0
4095
4095
1235
0
0
0
1952
0
0
0
0
0
0
0
0
0
0
78
70
0
0
3346
1681
4095
1360
0
0
1340
1072
0
0
0
0
0
0
0
0
0
0
191
0
0
0
2199
1892
4095
4095
0
1297
1134
2181
0
0
0
0
0
0
0
0
0
0
274
0
0
0
2323
2825
4095
4095
0
1426
1070
0
0
0
0
0
0
0
0
0
0
0
574
0
0
1781
722
4033
4095
4095
0
2822
1107
0
0
0
0
0
0
0
0
0
0
0
0
0
0
4095
786
3401
4095
4095
0
0
1093
0
0
0
0
0
0
0
0
0
0
238
0
0
0
4095
1189
3491
4095
502
0
1314
213
0
0
0
0
0
0
0
0
0
0
2
0
0
0
4095
1186
3014
4095
556
0
1354
0
0
0
0
0
0
0
0
0
0
5
0
0
0
