4095
0
0
2044
0
0
0
0
0
0
0
1738
0
0
0
2
0
0
0
4095
614
1603
0
0
0
1182
0
0
0
0
0
0
0
2304
0
0
0
0
0
0
0
4095
912
4095
0
0
0
583
0
0
0
0
0
0
0
3708
0
0
0
0
0
0
0
4095
741
2211
0
0
0
0
0
0
0
0
0
0
0
3445
0
0
0
0
0
0
0
4095
696
3803
0
0
0
0
0
0
0
0
0
0
0
1821
1783
0
0
0
0
0
4095
469
810
4095
0
0
0
0
0
0
0
0
0
0
0
2855
1880
0
0
0
0
0
4095
524
819
3419
0
0
0
0
0
0
0
0
0
0
0
2797
1408
0
0
0
0
0
4095
461
883
3550
0
0
0
0
0
0
0
0
0
0
0
3325
0
0
0
0
0
0
4095
464
1102
2149
0
0
0
0
0
0
0
0
0
0
0
3086
0
0
0
0
0
0
4095
522
1392
2034
0
0
1218
0
0
0
0
0
0
0
1264
340
0
0
0
4095
0
4095
1662
463
2496
0
0
0
863
0
0
0
0
0
0
0
1393
0
0
0
0
4095
0
4095
1799
454
2626
0
567
0
986
0
0
0
0
0
0
0
1458
0
0
0
0
4095
0
4095
1525
529
939
0
1464
0
0
0
0
0
0
0
0
0
288
0
0
0
0
0
0
4095
1587
454
702
0
1027
0
0
0
0
0
0
0
0
0
0
0
0
0
0
0
0
4095
1813
569
714
0
529
0
0
0
0
0
0
0
0
0
72
0
0
0
0
0
4095
2999
1472
431
0
756
0
0
0
0
0
0
0
0
0
0
423
0
0
0
0
0
4095
3060
1651
473
0
1078
94
0
0
0
0
0
0
0
0
0
387
0
0
0
0
0
4095
3016
1444
192
0
537
16
0
0
0
0
0
0
0
0
0
0
0
0
0
0
0
4095
3572
1176
0
283
217
0
0
0
0
0
0
0
0
0
0
0
0
0
0
0
3727
4043
2968
1082
0
255
349
0
0
0
0
0
0
0
0
0
0
0
0
0
0
0
1260
4095
3128
886
0
342
161
0
0
0
0
0
0
0
0
0
0
0
0
0
0
0
1171
4095
3310
817
0
335
60
0
0
0
0
0
0
0
0
0
0
0
0
0
0
0
1145
4095
2939
18
0
219
7
0
0
0
0
0
0
0
0
506
0
0
0
0
0
0
1119
4095
1525
0
0
210
5
0
0
0
0
0
0
0
0
279
0
0
0
0
0
0
1154
4095
1622
0
21
164
22
0
0
0
0
0
236
0
0
0
0
0
0
0
0
0
4095
4095
1590
0
30
119
31
0
0
0
0
0
871
0
0
0
0
0
0
0
0
0
4095
0
4095
0
108
371
0
0
0
0
0
0
1719
0
0
0
0
0
0
0
0
0
4095
0
344
0
37
469
0
0
0
0
0
0
1508
175
0
0
0
0
0
0
0
0
4095
0
0
335
107
441
0
0
0
0
0
0
3088
115
0
0
0
0
0
0
0
0
2398
0
0
333
472
0
0
0
0
0
0
0
3067
122
0
0
0
0
0
0
0
0
625
0
0
421
82
0
0
0
0
0
0
0
4095
0
0
0
0
0
0
0
0
0
0
0
0
1263
1
0
0
0
0
0
0
0
4095
0
0
0
0
0
0
0
0
0
0
0
0
1566
0
0
0
0
0
0
0
3031
1448
193
0
0
0
0
0
0
1255
0
0
0
1410
150
0
0
0
0
0
0
0
3039
277
297
0
0
0
0
0
0
2114
0
0
0
1489
146
0
0
0
0
0
0
0
3230
0
224
0
0
0
0
15
0
2736
0
0
0
1341
159
0
0
0
0
0
0
0
3569
62
0
0
0
0
0
1991
0
0
0
0
1629
334
139
0
0
0
0
0
0
0
2030
423
0
0
0
0
0
0
1125
1512
0
0
954
172
99
0
0
0
0
0
0
0
0
1463
0
0
0
0
97
0
1125
1764
0
0
725
48
76
0
0
0
0
0
0
0
0
0
0
0
0
0
0
0
1264
1161
0
0
797
31
0
0
0
0
0
0
0
0
0
0
0
0
0
0
0
1083
1154
806
0
0
944
5
0
0
0
0
0
0
0
0
0
0
0
0
0
0
0
1223
629
0
0
0
1297
131
0
0
0
0
0
0
0
0
0
0
0
0
0
19
0
1408
0
0
0
0
1295
493
0
0
0
0
0
0
0
0
0
0
0
0
0
0
0
969
0
0
0
0
1049
402
0
0
0
86
0
0
0
0
0
0
0
0
0
37
0
0
0
0
627
0
19
0
0
0
0
101
0
0
0
0
0
0
0
0
0
0
0
0
0
0
723
0
0
0
0
0
0
106
0
0
0
0
0
0
0
0
0
0
0
0
0
345
0
0
0
0
0
0
0
8
0
0
0
0
0
0
0
0
0
0
0
0
0
143
0
0
0
0
0
0
15
0
0
0
0
0
0
0
0
0
0
0
0
0
0
0
0
0
0
0
0
0
15
0
0
0
0
0
0
0
0
0
0
0
0
0
0
0
0
0
0
0
0
0
10
0
0
0
0
0
0
0
0
0
0
0
0
0
0
0
0
0
0
0
0
0
0
0
0
0
0
0
0
0
0
888
0
0
0
0
0
0
0
0
0
0
0
0
0
0
0
0
0
0
0
0
0
4095
0
0
0
0
0
0
0
0
0
0
0
0
0
0
4095
0
0
0
0
0
0
186
0
0
0
0
0
0
0
0
0
0
0
0
0
0
4095
0
0
0
0
0
0
41
0
0
0
0
0
0
0
0
0
0
0
0
0
0
4095
0
0
0
0
0
40
0
0
0
0
0
0
0
0
0
0
0
0
0
0
0
0
0
0
0
0
0
4095
0
0
0
0
0
0
0
0
0
0
0
0
0
0
0
0
0
0
0
0
0
4095
0
0
0
0
0
0
0
0
0
0
0
0
0
0
0
0
0
0
0
0
4095
0
0
0
0
0
0
0
0
0
0
0
0
0
0
0
0
0
0
0
0
0
4095
0
0
0
0
0
0
0
0
0
0
0
0
0
0
0
0
0
0
0
0
0
4095
0
0
0
0
0
0
0
0
0
0
0
0
0
0
0
0
0
0
0
0
4095
0
0
0
0
0
0
0
0
0
0
0
0
4095
0
0
0
0
4095
0
0
0
180
0
0
0
0
0
0
0
0
0
0
0
0
0
0
0
0
4095
1328
626
0
0
50
0
0
0
0
0
0
0
0
0
0
0
0
0
0
0
0
4095
1190
657
0
0
71
0
0
0
0
0
0
0
0
0
0
0
63
0
0
0
4095
4095
1181
106
0
0
163
0
0
0
0
0
0
0
0
0
0
0
85
0
0
0
4014
4095
1181
0
0
0
1688
0
0
0
0
0
0
0
0
0
0
4
67
0
0
0
4095
4095
1147
0
0
0
2338
0
0
0
0
0
0
0
0
0
0
179
18
0
0
3559
1902
4095
4095
0
1331
908
1073
0
0
0
0
0
0
0
0
0
0
231
0
0
0
2559
1677
4095
4095
0
1464
1123
1051
0
0
0
0
0
0
0
0
0
0
564
0
0
0
2206
1671
4095
4095
0
1486
1329
0
0
0
0
0
0
0
0
0
0
0
0
0
0
2089
732
1615
4095
4095
0
0
2622
0
0
0
0
0
0
0
0
0
0
7
0
0
0
2321
812
1891
4095
1457
0
1806
480
0
0
0
0
0
0
0
0
0
0
1685
0
0
0
4095
753
1590
4095
