39
97
-1
-1
-1
-1
-1
-1
-1
118
-1
-1
85
-1
-1
-1
45
8
18
28
63
-1
122
-1
-1
-1
-1
-1
-1
-1
71
59
-1
-1
86
-1
-1
-1
42
8
22
28
65
-1
157
-1
-1
-1
-1
-1
-1
-1
156
-1
-1
-1
-1
-1
-1
-1
103
9
80
-1
-1
-1
154
-1
-1
-1
-1
-1
-1
-1
170
-1
-1
-1
-1
-1
-1
-1
104
8
77
-1
-1
-1
-1
-1
-1
-1
-1
-1
-1
-1
189
-1
-1
-1
-1
-1
-1
-1
106
8
214
-1
-1
-1
-1
-1
-1
-1
-1
-1
-1
-1
95
120
-1
-1
-1
-1
-1
-1
75
9
213
-1
-1
-1
-1
-1
-1
-1
-1
-1
-1
-1
94
93
-1
-1
-1
-1
-1
95
5
8
206
-1
-1
-1
-1
-1
-1
-1
-1
-1
-1
-1
101
98
-1
-1
-1
-1
-1
98
6
7
215
-1
-1
-1
-1
-1
-1
-1
-1
-1
-1
-1
102
97
-1
-1
-1
-1
-1
107
5
9
214
-1
-1
-1
-1
-1
-1
-1
-1
-1
-1
-1
210
-1
-1
-1
-1
-1
-1
100
6
7
207
-1
-1
-1
-1
-1
-1
-1
-1
-1
-1
54
63
-1
-1
-1
99
-1
47
17
5
33
-1
-1
-1
210
-1
-1
-1
-1
-1
-1
-1
56
30
65
-1
-1
61
-1
47
21
5
37
-1
-1
-1
216
-1
-1
-1
-1
-1
-1
-1
56
30
68
-1
-1
61
-1
50
17
6
10
-1
52
-1
189
-1
-1
-1
-1
-1
-1
-1
80
30
99
-1
-1
-1
-1
84
17
5
12
-1
218
-1
-1
-1
-1
-1
-1
-1
-1
-1
90
98
-1
-1
-1
-1
-1
116
21
5
15
-1
219
-1
-1
-1
-1
-1
-1
-1
-1
-1
90
101
-1
-1
-1
-1
88
22
17
6
-1
40
191
-1
-1
-1
-1
-1
-1
-1
-1
-1
147
-1
-1
-1
-1
-1
132
24
18
5
-1
40
185
-1
-1
-1
-1
-1
-1
-1
-1
-1
149
-1
-1
-1
-1
-1
126
24
20
6
-1
47
192
-1
-1
-1
-1
-1
-1
-1
-1
99
89
-1
-1
-1
-1
-1
125
22
18
5
18
23
163
-1
-1
-1
-1
-1
-1
-1
-1
153
-1
-1
-1
-1
-1
131
31
22
19
-1
23
183
-1
-1
-1
-1
-1
-1
-1
-1
-1
154
-1
-1
-1
-1
-1
132
27
25
20
-1
28
178
-1
-1
-1
-1
-1
-1
-1
-1
-1
149
-1
-1
-1
-1
-1
127
27
23
17
-1
23
189
-1
-1
-1
-1
-1
-1
-1
-1
-1
-1
-1
-1
-1
-1
-1
208
27
23
17
-1
22
253
-1
-1
-1
-1
-1
-1
-1
-1
183
-1
-1
-1
-1
-1
-1
134
30
23
14
6
21
154
-1
-1
-1
-1
-1
-1
-1
-1
176
-1
-1
-1
-1
-1
-1
130
32
25
-1
15
18
154
-1
-1
-1
-1
-1
123
-1
-1
56
-1
-1
-1
-1
-1
135
30
27
22
-1
16
17
115
-1
-1
-1
-1
-1
183
-1
-1
-1
-1
-1
-1
-1
-1
154
34
-1
50
-1
13
100
-1
-1
-1
-1
-1
-1
190
-1
-1
-1
-1
-1
-1
-1
-1
-1
182
-1
53
-1
12
97
-1
-1
-1
-1
-1
-1
139
20
53
-1
-1
-1
-1
-1
-1
-1
185
-1
-1
27
6
98
-1
-1
-1
-1
-1
-1
130
19
54
-1
-1
-1
-1
-1
-1
-1
192
-1
-1
25
115
-1
-1
-1
-1
-1
-1
-1
128
18
60
-1
-1
-1
-1
-1
-1
-1
196
-1
-1
25
106
-1
-1
-1
-1
-1
-1
-1
129
-1
134
-1
-1
-1
-1
-1
-1
-1
-1
-1
-1
146
102
-1
-1
-1
-1
-1
-1
-1
121
98
-1
-1
-1
-1
-1
-1
-1
-1
-1
-1
-1
186
104
-1
-1
-1
-1
-1
-1
-1
128
48
-1
-1
-1
-1
-1
-1
148
-1
-1
-1
68
7
107
-1
-1
-1
-1
-1
-1
133
28
31
-1
-1
-1
-1
68
-1
94
-1
-1
-1
75
82
-1
-1
-1
-1
-1
-1
-1
136
25
34
-1
-1
-1
-1
66
-1
93
-1
-1
-1
78
78
-1
-1
-1
-1
-1
-1
-1
128
25
29
-1
-1
-1
-1
132
-1
-1
-1
-1
86
20
78
-1
-1
-1
-1
-1
-1
-1
132
52
-1
-1
-1
-1
38
29
31
54
-1
-1
58
18
80
-1
-1
-1
-1
-1
-1
-1
-1
183
-1
-1
-1
-1
40
28
30
66
-1
-1
58
18
79
-1
-1
-1
-1
-1
-1
-1
-1
85
-1
-1
-1
-1
41
29
23
68
-1
-1
60
32
-1
-1
-1
-1
68
103
-1
-1
103
-1
-1
-1
-1
-1
44
29
61
-1
-1
-1
96
34
-1
-1
-1
-1
63
67
-1
-1
104
-1
-1
-1
-1
23
-1
51
59
-1
-1
-1
90
33
-1
-1
-1
-1
66
65
-1
-1
104
-1
-1
-1
-1
26
-1
111
-1
-1
-1
-1
91
27
-1
-1
-1
40
-1
94
-1
127
-1
-1
-1
-1
-1
93
-1
-1
-1
-1
92
-1
58
29
-1
-1
-1
106
-1
-1
-1
125
-1
-1
-1
-1
-1
94
-1
-1
-1
-1
94
-1
88
-1
-1
-1
-1
115
-1
-1
-1
-1
-1
-1
-1
-1
122
-1
-1
-1
-1
-1
134
-1
89
-1
-1
-1
-1
174
-1
-1
-1
-1
-1
-1
-1
-1
130
-1
-1
-1
-1
130
-1
-1
89
-1
-1
-1
-1
171
-1
-1
-1
-1
-1
-1
-1
-1
216
-1
-1
-1
-1
-1
-1
-1
-1
-1
-1
-1
304
-1
-1
-1
-1
-1
-1
-1
-1
-1
238
-1
-1
-1
-1
-1
-1
-1
-1
-1
-1
-1
296
-1
-1
-1
-1
-1
-1
-1
-1
-1
235
-1
-1
-1
-1
-1
-1
-1
-1
-1
-1
-1
310
-1
-1
-1
-1
-1
-1
-1
-1
270
-1
-1
-1
-1
-1
-1
-1
-1
-1
-1
-1
-1
277
-1
-1
-1
-1
-1
-1
-1
-1
237
-1
-1
-1
-1
-1
-1
-1
-1
-1
-1
-1
-1
-1
-1
-1
314
-1
-1
-1
-1
-1
258
-1
-1
-1
-1
-1
-1
-1
-1
-1
-1
-1
-1
-1
-1
-1
318
-1
-1
-1
-1
-1
289
-1
-1
-1
-1
-1
-1
-1
-1
-1
-1
-1
-1
-1
-1
284
-1
-1
-1
-1
-1
-1
281
-1
-1
-1
-1
-1
-1
-1
-1
-1
-1
-1
-1
-1
-1
287
-1
-1
-1
-1
-1
248
-1
-1
-1
-1
-1
-1
-1
-1
-1
-1
-1
-1
-1
-1
-1
319
-1
-1
-1
-1
-1
573
-1
-1
-1
-1
-1
-1
-1
-1
-1
-1
-1
-1
-1
-1
-1
-1
-1
-1
-1
-1
-1
582
-1
-1
-1
-1
-1
-1
-1
-1
-1
-1
-1
-1
-1
-1
-1
-1
-1
-1
-1
-1
278
278
-1
-1
-1
-1
-1
-1
-1
-1
-1
-1
-1
-1
-1
-1
-1
-1
-1
-1
-1
-1
548
-1
-1
-1
-1
-1
-1
-1
-1
-1
-1
-1
-1
-1
-1
-1
-1
-1
-1
-1
-1
-1
550
-1
-1
-1
-1
-1
-1
-1
-1
-1
-1
-1
-1
-1
-1
-1
-1
-1
-1
-1
-1
159
116
-1
-1
-1
-1
-1
-1
-1
-1
-1
-1
-1
265
-1
-1
-1
-1
-1
-1
-1
-1
62
102
-1
-1
-1
-1
-1
-1
-1
-1
-1
-1
-1
205
-1
-1
-1
60
94
-1
-1
-1
147
-1
-1
-1
-1
-1
-1
-1
-1
-1
-1
-1
213
17
-1
-1
-1
60
31
65
-1
-1
138
-1
-1
-1
-1
-1
-1
-1
-1
-1
-1
-1
206
16
-1
-1
28
29
33
71
-1
-1
133
-1
-1
-1
-1
-1
-1
-1
-1
-1
-1
-1
227
-1
-1
-1
31
32
30
65
-1
-1
125
-1
-1
-1
-1
-1
-1
-1
-1
-1
-1
192
32
-1
-1
-1
35
29
93
-1
-1
-1
129
-1
-1
-1
-1
-1
-1
-1
-1
-1
-1
178
34
-1
-1
14
18
28
94
-1
-1
31
95
-1
-1
-1
-1
-1
-1
-1
-1
-1
-1
199
-1
-1
-1
28
19
28
30
-1
64
33
146
-1
-1
-1
-1
-1
-1
-1
-1
-1
-1
-1
-1
-1
-1
168
20
31
31
33
32
114
-1
-1
-1
-1
-1
-1
-1
-1
-1
-1
217
-1
-1
-1
-1
28
20
30
33
-1
69
150
-1
-1
-1
-1
-1
-1
-1
-1
-1
-1
193
-1
-1
-1
44
9
18
28
66
-1
-1
