180
24
0
34
0
54
0
74
112
100
52
0
156
109
103
32
21
85
112
150
19
40
82
29
0
102
50
22
73
44
0
15
36
0
25
0
25
96
26
32
83
24
50
31
0
21
30
29
0
0
33
34
29
0
59
34
178
193
0
58
33
0
104
0
52
382
30
120
30
205
65
112
156
18
0
0
25
190
235
0
70
45
9
-2
79
0
74
0
76
57
35
38
139
0
49
249
4
57
34
0
19
88
23
249
56
262
238
101
279
172
15
33
198
76
179
142
63
60
117
3
59
33
33
0
0
52
72
44
93
74
62
48
97
115
94
47
66
0
0
156
71
36
0
135
0
34
280
8
116
144
192
112
405
7
0
19
40
5
25
18
114
145
77
136
0
