0
0
0
0
0
0
0
2963
0
0
4
0
0
0
0
2889
1537
2931
4095
979
0
1311
0
0
0
0
0
0
0
2334
0
0
2
0
0
0
0
3150
1819
3387
0
0
0
1599
0
0
0
0
0
0
0
3292
0
0
2
0
0
0
0
4095
1503
3585
0
0
3505
0
0
0
0
0
0
0
0
3495
0
0
0
0
0
0
4095
481
1558
3177
0
0
0
0
0
0
0
0
0
0
722
1645
1695
0
0
0
0
0
4095
461
1834
3357
0
0
0
0
0
0
0
0
0
0
2486
1674
1867
0
0
0
0
0
4095
550
1402
2541
0
0
0
0
0
0
0
0
0
0
0
1623
1771
0
0
0
0
0
4095
454
1526
2821
0
0
0
0
0
0
0
0
0
0
0
2766
0
0
0
0
0
0
4095
429
1505
3467
0
0
0
0
0
0
0
0
0
0
1188
1687
0
0
0
0
0
0
4095
544
1391
0
0
0
0
0
0
0
0
0
0
0
1191
469
0
0
0
4095
0
1776
724
453
2261
0
0
0
0
0
0
0
0
0
0
0
1310
0
0
0
0
4095
0
1675
821
515
1630
0
0
0
1902
0
0
0
0
0
0
0
1251
0
0
0
0
4095
0
1653
825
430
1224
0
0
0
1689
0
0
0
0
0
0
0
0
0
0
0
0
0
0
4095
721
458
1348
0
0
0
0
0
0
0
0
0
0
0
0
0
0
0
0
0
4095
1709
827
544
0
1528
0
0
0
0
0
0
0
0
0
0
249
0
0
0
0
0
4095
1743
785
748
0
1229
0
0
0
0
0
0
0
0
0
0
272
0
0
0
0
0
4095
1691
876
414
0
875
0
0
0
0
0
0
0
0
0
0
297
0
0
0
0
0
4095
1934
838
242
0
366
0
0
0
0
0
0
0
0
0
0
0
0
0
0
0
0
4095
1759
776
0
276
394
0
0
0
0
0
0
0
0
0
280
0
0
0
0
0
4095
4095
1726
914
0
392
404
0
0
0
0
0
0
0
0
0
334
0
0
0
0
0
1283
4095
2131
915
0
434
159
0
0
0
0
0
0
0
0
0
128
0
0
0
0
0
1338
4095
1809
635
0
407
101
0
0
0
0
0
0
0
0
0
0
0
0
0
0
0
1634
4095
1919
0
0
429
39
0
0
0
0
0
0
0
0
178
0
0
0
0
0
0
1696
4095
2178
0
0
107
8
0
0
0
0
0
0
0
0
212
0
0
0
0
0
582
1087
4095
2116
0
17
22
1
0
0
0
0
0
0
0
0
236
0
0
0
0
0
598
4095
4095
1432
0
313
6
0
0
0
0
0
0
1005
0
0
0
0
0
0
0
0
343
4095
4095
380
0
89
91
0
0
0
0
0
0
1708
0
0
0
0
0
0
0
0
87
4095
0
908
0
137
411
0
0
0
0
0
1
3094
0
0
0
0
0
0
0
0
0
4095
0
0
0
299
824
0
0
0
0
0
1532
0
0
224
0
0
0
0
0
0
56
4095
0
0
386
208
0
0
0
0
0
0
1975
1758
0
0
0
0
0
0
0
0
71
0
0
0
559
215
0
0
0
0
0
0
2661
1638
0
0
0
0
0
0
0
0
850
0
0
0
400
131
0
0
0
0
0
0
3304
1449
0
0
0
0
0
0
0
0
1344
0
0
915
41
235
0
0
0
0
0
0
3097
1507
34
0
0
0
0
0
0
687
0
0
0
905
68
0
0
0
0
0
0
0
3129
319
0
0
0
0
0
0
0
2499
0
0
0
660
29
0
0
0
0
0
0
0
3215
0
0
0
0
0
0
1190
0
3734
0
0
0
731
21
0
0
0
0
0
0
0
1549
20
0
0
0
0
0
1180
0
0
0
0
1042
97
0
0
0
0
0
0
0
2157
0
381
0
0
0
0
0
1144
0
0
0
0
1564
263
0
0
0
0
0
0
0
1959
0
347
0
0
0
0
86
1109
0
2469
0
0
637
28
0
0
0
0
0
0
0
1732
0
0
0
0
0
0
0
0
1076
2210
0
0
664
141
0
0
0
0
0
0
0
0
0
0
0
0
0
0
0
1084
1198
0
0
0
824
318
0
0
0
0
0
0
0
0
0
0
0
0
0
48
0
1100
1557
0
0
0
611
784
0
0
0
0
0
0
0
0
0
0
0
0
0
0
0
1027
903
0
0
0
582
0
0
0
0
0
0
0
0
0
0
0
0
0
0
0
0
894
0
0
0
0
1185
0
0
0
0
107
0
0
0
0
0
0
0
0
0
0
0
0
0
0
0
0
570
0
0
0
0
103
0
0
0
0
0
0
0
0
8
0
0
0
0
0
0
0
532
0
0
0
0
79
0
0
0
0
0
0
0
0
9
0
0
0
0
1445
0
0
1
0
0
0
11
0
0
0
0
0
0
0
0
0
0
0
0
0
0
350
0
0
0
0
0
0
9
0
0
0
0
0
0
0
0
0
0
0
0
0
0
449
0
0
0
0
0
0
9
0
0
0
0
0
0
0
0
0
0
0
0
0
0
0
0
0
0
0
0
0
3
0
0
0
0
0
0
0
0
8
0
0
0
0
0
0
0
0
0
0
0
0
0
0
0
0
0
0
0
0
0
8
0
0
0
0
0
0
0
0
0
0
0
0
0
0
0
0
0
0
0
0
0
0
0
0
0
0
0
0
0
0
0
0
0
0
0
0
0
0
0
0
0
0
0
50
0
0
0
0
0
0
0
0
0
0
0
0
0
0
4095
0
0
0
0
0
0
0
0
0
0
0
0
0
0
0
0
0
0
0
0
0
4095
0
0
0
0
0
125
0
0
0
0
0
0
0
0
0
0
0
0
0
0
0
4095
0
0
0
0
0
58
0
0
0
0
0
0
0
0
0
0
0
0
0
0
0
4095
0
0
0
0
0
63
0
0
0
0
0
0
0
0
0
0
0
0
0
0
0
0
0
0
0
0
0
10
0
0
0
0
0
0
0
0
0
0
0
0
0
0
0
0
0
0
0
0
82
0
0
0
0
0
0
0
0
0
0
0
0
0
0
0
0
0
0
0
0
0
0
0
0
0
0
0
0
0
0
0
0
0
0
0
0
0
0
0
0
0
0
0
0
0
0
0
0
0
0
0
0
0
0
0
4095
0
0
0
0
0
0
0
0
108
0
0
0
0
0
0
0
0
0
0
0
0
4095
0
0
0
0
4095
0
0
0
16
0
0
0
0
0
0
0
0
0
0
0
0
4095
0
0
0
4095
1267
0
0
0
61
0
0
0
0
0
0
0
0
0
0
0
83
0
0
0
4095
4095
1286
0
0
0
0
0
0
0
0
0
0
0
0
0
0
0
76
0
0
0
4095
4095
1118
0
0
221
443
0
0
0
0
0
0
0
0
0
0
7
974
0
0
0
4095
4095
1175
0
0
1795
1170
0
0
0
0
0
0
0
0
0
0
175
0
0
0
4095
3333
4095
1192
0
0
0
2454
0
0
0
0
0
0
0
0
0
0
145
0
0
0
3385
3041
3816
3798
0
1161
821
0
0
0
0
0
0
0
0
0
0
0
480
0
0
1524
1664
2964
3767
4095
0
1429
1172
0
0
0
0
0
0
0
0
0
0
0
572
0
0
1760
1532
3597
4095
4095
0
2622
1396
0
0
0
0
0
0
0
0
0
0
0
0
0
0
3475
1883
3611
4095
4095
187
0
1308
0
0
0
0
0
0
0
0
0
0
2
0
0
0
3019
1641
2864
4095
2926
0
1285
773
