16
50
-1
-1
61
105
-1
-1
-1
-1
-1
-1
-1
106
-1
-1
119
-1
-1
-1
-1
33
15
52
-1
-1
65
108
-1
-1
-1
-1
-1
-1
-1
107
-1
-1
121
-1
-1
-1
-1
32
16
177
-1
-1
-1
-1
-1
-1
-1
-1
-1
-1
98
121
-1
-1
-1
-1
-1
-1
84
6
15
178
-1
-1
-1
-1
-1
-1
-1
-1
-1
-1
88
28
97
-1
-1
-1
-1
-1
91
5
13
174
-1
-1
-1
-1
-1
-1
-1
-1
-1
-1
86
29
93
-1
-1
-1
-1
-1
89
5
15
184
-1
-1
-1
-1
-1
-1
-1
-1
-1
-1
-1
117
93
-1
-1
-1
-1
-1
84
6
161
-1
-1
-1
-1
-1
-1
-1
-1
-1
-1
-1
120
124
-1
-1
-1
-1
-1
-1
85
5
167
-1
-1
-1
-1
-1
-1
-1
-1
-1
-1
-1
119
61
-1
-1
-1
121
-1
-1
31
6
43
-1
-1
-1
190
-1
-1
-1
-1
-1
-1
-1
65
61
-1
-1
-1
96
-1
50
9
4
45
-1
-1
-1
179
-1
-1
-1
-1
-1
-1
-1
73
-1
97
-1
-1
70
-1
46
9
3
48
-1
-1
-1
181
-1
-1
-1
-1
-1
-1
-1
71
-1
93
-1
-1
64
-1
49
10
4
51
-1
-1
183
-1
-1
-1
-1
-1
-1
-1
-1
67
-1
126
-1
-1
-1
-1
80
10
3
-1
184
-1
-1
-1
-1
-1
-1
-1
-1
-1
-1
174
-1
-1
-1
-1
-1
124
19
9
27
-1
187
-1
-1
-1
-1
-1
-1
-1
-1
-1
-1
175
-1
-1
-1
-1
-1
126
19
12
28
-1
195
-1
-1
-1
-1
-1
-1
-1
-1
-1
-1
170
-1
-1
-1
-1
-1
121
23
12
26
22
159
-1
-1
-1
-1
-1
-1
-1
-1
-1
118
88
-1
-1
-1
-1
-1
129
21
14
6
27
157
-1
-1
-1
-1
-1
-1
-1
-1
-1
140
93
-1
-1
-1
-1
-1
129
22
23
-1
23
152
-1
-1
-1
-1
-1
-1
-1
-1
-1
187
-1
-1
-1
-1
-1
123
34
26
25
-1
22
152
-1
-1
-1
-1
-1
-1
-1
-1
-1
189
-1
-1
-1
-1
-1
122
30
22
30
-1
26
157
-1
-1
-1
-1
-1
-1
-1
-1
-1
186
-1
-1
-1
-1
-1
122
29
22
12
13
22
160
-1
-1
-1
-1
-1
-1
-1
-1
194
-1
-1
-1
-1
-1
-1
123
29
24
9
13
22
166
-1
-1
-1
-1
-1
-1
-1
-1
149
-1
-1
-1
-1
-1
124
33
31
25
-1
22
22
155
-1
-1
-1
-1
-1
-1
-1
-1
143
-1
-1
-1
-1
-1
132
28
31
22
-1
15
118
-1
-1
-1
-1
-1
-1
188
-1
-1
-1
-1
-1
-1
-1
-1
161
28
28
23
-1
15
118
-1
-1
-1
-1
-1
-1
178
-1
-1
-1
-1
-1
-1
-1
-1
148
29
28
24
2
13
114
-1
-1
-1
-1
-1
-1
126
-1
90
-1
-1
-1
-1
-1
-1
123
30
29
16
2
11
-1
-1
-1
-1
-1
-1
153
-1
-1
73
-1
-1
-1
-1
-1
-1
-1
189
-1
-1
16
92
-1
-1
-1
-1
-1
-1
134
28
-1
79
-1
-1
-1
-1
-1
-1
153
-1
-1
-1
43
90
-1
-1
-1
-1
-1
-1
132
75
-1
-1
-1
-1
-1
-1
-1
-1
182
-1
-1
-1
45
91
-1
-1
-1
-1
-1
-1
124
29
44
-1
-1
-1
-1
-1
-1
-1
193
-1
-1
40
4
89
-1
-1
-1
-1
-1
-1
127
22
47
-1
-1
-1
-1
-1
-1
-1
187
-1
-1
33
91
-1
-1
-1
-1
-1
-1
-1
124
23
41
-1
-1
-1
-1
-1
-1
146
-1
-1
-1
58
91
-1
-1
-1
-1
-1
-1
-1
126
22
41
-1
-1
-1
-1
-1
-1
148
-1
-1
-1
62
92
-1
-1
-1
-1
-1
-1
-1
131
20
26
-1
-1
-1
-1
71
31
61
-1
-1
44
13
101
-1
-1
-1
-1
-1
-1
139
29
42
-1
-1
-1
-1
56
31
61
-1
-1
-1
85
17
59
-1
-1
-1
-1
-1
-1
131
28
42
-1
-1
-1
-1
52
31
-1
92
-1
-1
49
13
60
-1
-1
-1
-1
-1
-1
134
-1
71
-1
-1
-1
-1
50
29
33
66
-1
-1
52
74
-1
-1
-1
-1
-1
128
-1
-1
62
38
-1
-1
-1
32
25
29
52
-1
-1
-1
82
50
-1
-1
-1
-1
-1
132
-1
-1
98
-1
-1
-1
-1
32
25
30
67
-1
-1
58
21
50
-1
-1
-1
45
-1
101
-1
-1
99
-1
-1
-1
-1
32
29
28
66
-1
-1
-1
83
30
-1
-1
-1
92
-1
-1
-1
150
-1
-1
-1
-1
-1
48
26
34
63
-1
-1
-1
106
-1
-1
-1
-1
90
-1
-1
-1
151
-1
-1
-1
-1
30
-1
44
93
-1
-1
-1
-1
103
-1
-1
-1
-1
85
-1
-1
-1
156
-1
-1
-1
-1
80
-1
-1
-1
-1
-1
-1
121
43
-1
-1
-1
-1
191
-1
-1
-1
-1
-1
-1
-1
-1
138
-1
-1
-1
-1
130
-1
-1
70
-1
-1
-1
26
163
-1
-1
-1
-1
-1
-1
-1
-1
132
-1
-1
-1
-1
132
-1
-1
82
-1
-1
-1
180
-1
-1
-1
-1
-1
-1
-1
-1
-1
163
-1
-1
-1
-1
183
-1
-1
-1
-1
-1
-1
264
-1
-1
-1
-1
-1
-1
-1
-1
268
-1
-1
-1
-1
-1
-1
-1
-1
-1
-1
-1
-1
268
-1
-1
-1
-1
-1
-1
-1
-1
271
-1
-1
-1
-1
-1
-1
-1
-1
-1
-1
-1
-1
-1
-1
-1
-1
-1
-1
-1
-1
-1
540
-1
-1
-1
-1
-1
-1
-1
-1
-1
-1
-1
-1
-1
-1
-1
-1
-1
-1
-1
-1
-1
242
-1
-1
-1
-1
-1
-1
-1
-1
-1
-1
-1
306
-1
-1
165
-1
-1
-1
-1
-1
-1
217
-1
-1
-1
-1
-1
-1
-1
-1
-1
-1
-1
180
-1
-1
237
-1
-1
-1
-1
-1
315
-1
-1
-1
-1
-1
-1
-1
-1
-1
-1
-1
-1
-1
-1
-1
245
-1
-1
-1
-1
-1
313
-1
-1
-1
-1
-1
-1
-1
-1
-1
-1
-1
-1
-1
-1
-1
249
-1
-1
-1
-1
-1
316
-1
-1
-1
-1
-1
-1
-1
-1
-1
-1
-1
-1
-1
-1
-1
-1
-1
-1
-1
-1
-1
562
-1
-1
-1
-1
-1
-1
-1
-1
-1
-1
-1
-1
-1
-1
-1
-1
-1
-1
-1
-1
280
285
-1
-1
-1
-1
-1
-1
-1
-1
-1
-1
-1
-1
-1
-1
-1
-1
-1
-1
-1
-1
564
-1
-1
-1
-1
-1
-1
-1
-1
-1
-1
-1
-1
-1
-1
-1
-1
-1
-1
-1
-1
-1
550
-1
-1
-1
-1
-1
-1
-1
-1
-1
-1
-1
-1
-1
-1
-1
-1
-1
-1
-1
-1
-1
555
-1
-1
-1
-1
-1
-1
-1
-1
-1
-1
-1
-1
-1
-1
-1
-1
-1
-1
-1
-1
284
-1
-1
-1
-1
-1
-1
-1
-1
-1
-1
-1
-1
282
-1
-1
-1
54
63
-1
-1
-1
212
-1
-1
-1
-1
-1
-1
-1
-1
-1
-1
-1
-1
218
-1
-1
-1
196
62
-1
-1
-1
280
-1
-1
-1
-1
-1
-1
-1
-1
-1
-1
-1
-1
-1
-1
-1
42
26
62
-1
-1
66
113
-1
-1
-1
-1
-1
-1
-1
-1
-1
-1
-1
225
-1
-1
-1
38
27
66
-1
-1
69
111
-1
-1
-1
-1
-1
-1
-1
-1
-1
-1
186
34
-1
-1
-1
24
28
65
-1
-1
-1
174
-1
-1
-1
-1
-1
-1
-1
-1
-1
-1
188
23
-1
-1
22
24
29
66
-1
-1
67
106
-1
-1
-1
-1
-1
-1
-1
-1
-1
-1
193
26
-1
-1
26
22
26
34
-1
64
134
-1
-1
-1
-1
-1
-1
-1
-1
-1
-1
-1
232
-1
-1
-1
30
22
27
31
-1
65
106
-1
-1
-1
-1
-1
-1
-1
-1
-1
-1
-1
222
-1
-1
13
17
23
27
31
31
-1
135
-1
-1
-1
-1
-1
-1
-1
-1
-1
-1
-1
221
-1
-1
13
20
24
28
32
30
35
161
-1
-1
-1
-1
-1
-1
-1
-1
-1
-1
-1
-1
-1
-1
185
17
21
29
32
-1
71
153
-1
-1
-1
-1
-1
-1
-1
-1
-1
-1
-1
-1
-1
-1
184
17
21
-1
59
-1
143
-1
-1
-1
-1
-1
-1
-1
109
-1
-1
129
-1
-1
-1
-1
33
19
