0
4095
1477
4095
0
0
0
1424
0
0
0
0
0
0
0
2642
0
0
4
0
0
0
0
4095
1336
3597
0
0
0
1115
0
0
0
0
0
0
0
3472
0
0
0
0
0
0
0
4095
1663
4095
0
0
0
0
0
0
0
0
0
0
0
3622
0
0
0
0
0
0
4095
450
1611
4095
0
0
0
0
0
0
0
0
0
0
0
2689
1707
0
0
0
0
0
4095
440
1696
3204
0
0
0
0
0
0
0
0
0
0
0
3042
1627
0
0
0
0
0
4095
554
1822
3125
0
0
0
0
0
0
0
0
0
0
0
2999
1356
0
0
0
0
0
4095
452
1633
2142
0
0
0
0
0
0
0
0
0
0
0
3176
0
0
0
0
0
0
4095
523
1731
2101
0
0
0
0
0
0
0
0
0
0
1326
1704
0
0
0
0
0
0
1343
465
2234
0
0
0
1570
0
0
0
0
0
0
0
1287
335
0
0
0
4095
0
4095
1077
454
1787
0
0
0
1357
0
0
0
0
0
0
0
1334
0
0
0
0
4095
0
4095
1234
568
685
0
0
0
1547
0
0
0
0
0
0
0
1446
0
0
0
0
4095
0
4095
944
423
327
0
1735
0
0
0
0
0
0
0
0
0
0
0
0
0
0
0
0
4095
691
455
0
689
1052
0
0
0
0
0
0
0
0
0
0
0
0
0
0
0
0
4095
739
549
0
1263
0
0
0
0
0
0
0
0
0
0
171
0
0
0
0
0
4095
3136
709
436
0
1087
0
0
0
0
0
0
0
0
0
0
450
0
0
0
0
0
4095
1969
654
0
0
471
7
0
0
0
0
0
0
0
0
0
296
0
0
0
0
0
4095
1497
692
0
288
277
0
0
0
0
0
0
0
0
0
0
0
0
0
0
0
0
4095
1545
736
0
306
296
0
0
0
0
0
0
0
0
0
0
0
0
0
0
0
2458
4095
1817
755
0
281
127
0
0
0
0
0
0
0
0
0
0
0
0
0
0
0
1135
4095
1643
741
0
289
50
0
0
0
0
0
0
0
0
0
0
0
0
0
0
0
386
4095
1640
0
0
193
8
0
0
0
0
0
0
0
0
0
0
0
0
0
0
0
1121
4095
1823
0
0
264
2
0
0
0
0
0
0
0
0
165
0
0
0
0
0
0
1413
4095
1603
0
0
106
0
0
0
0
0
0
0
0
0
102
0
0
0
0
0
0
1746
4095
1645
0
81
169
0
0
0
0
0
0
115
0
0
0
0
0
0
0
0
580
4095
4095
1317
0
89
359
0
0
0
0
0
0
980
0
0
0
0
0
0
0
0
124
4095
0
4095
0
41
367
0
0
0
0
0
0
1570
0
0
0
0
0
0
0
0
75
4095
0
319
315
126
390
0
0
0
0
0
0
1578
113
0
0
0
0
0
0
0
0
4095
0
0
358
220
0
0
0
0
0
0
1888
1588
117
0
0
0
0
0
0
0
0
2318
0
0
489
50
0
0
0
0
0
0
1731
1402
121
0
0
0
0
0
0
0
111
538
0
0
490
1
0
0
0
0
0
0
0
4095
0
0
0
0
0
0
0
0
982
0
0
0
1566
0
0
0
0
0
0
0
0
4095
56
0
0
0
0
0
0
0
0
0
0
0
246
0
0
0
0
0
0
0
3136
1570
248
0
0
0
0
0
0
1235
0
0
0
1395
154
0
0
0
0
0
0
0
3151
105
306
0
0
0
0
0
0
1933
0
0
0
1423
156
0
0
0
0
0
0
0
3745
0
156
0
0
0
0
101
0
2746
0
0
0
1470
154
0
0
0
0
0
0
0
3194
135
0
0
0
0
0
2228
0
0
0
0
1678
377
124
0
0
0
0
0
0
1668
0
338
0
0
0
0
0
0
1247
1634
0
0
938
133
166
0
0
0
0
0
0
1095
0
347
0
0
0
0
84
0
1144
1517
0
0
742
40
0
0
0
0
0
0
0
0
0
0
0
0
0
0
0
188
1042
1055
0
0
849
8
0
0
0
0
0
0
0
0
0
0
0
0
0
0
0
1182
1300
0
0
0
1564
40
0
0
0
0
0
0
0
0
0
0
0
0
0
19
0
1128
616
0
0
0
1299
287
0
0
0
24
0
0
0
0
0
0
0
0
0
41
0
1359
0
0
0
0
1322
603
0
0
0
107
0
0
0
0
0
0
0
0
0
0
0
858
0
0
0
0
1439
0
0
0
0
95
0
0
0
0
0
0
0
0
0
0
0
0
0
0
669
0
17
0
0
0
0
100
0
0
0
0
0
0
0
0
0
0
0
0
0
0
642
0
0
0
0
0
14
0
0
0
0
0
0
0
0
0
35
0
0
0
0
344
0
0
0
0
0
0
22
0
0
0
0
0
0
0
0
0
0
0
0
0
0
150
0
0
0
0
0
0
15
0
0
0
0
0
0
0
0
0
0
0
0
0
0
0
0
0
0
0
0
0
8
0
0
0
0
0
0
0
0
0
0
0
0
0
0
0
0
0
0
0
0
0
0
0
0
0
0
0
0
0
0
0
0
0
0
0
0
0
0
0
0
0
0
0
0
0
0
0
0
0
0
0
0
1755
0
0
0
0
0
0
0
0
0
0
0
0
0
0
0
0
0
0
0
0
0
4095
0
0
0
0
0
0
0
0
0
0
0
0
0
0
4095
0
0
0
0
0
0
173
0
0
0
0
0
0
0
0
0
0
0
0
0
0
4095
0
0
0
0
0
0
47
0
0
0
0
0
0
0
0
0
0
0
0
0
0
4095
0
0
0
0
0
72
0
0
0
0
0
0
0
0
0
0
0
0
0
0
0
0
0
0
0
0
0
4095
0
0
0
0
0
0
0
0
0
0
0
0
0
0
0
0
0
0
0
0
0
4095
0
0
0
0
0
0
0
0
0
0
0
0
0
0
0
0
0
0
0
0
4095
0
0
0
0
0
0
0
0
0
0
0
0
0
0
0
0
0
0
0
0
0
4095
0
0
0
0
0
0
0
0
0
0
0
0
0
0
0
0
0
0
0
0
0
4095
0
0
0
0
0
0
0
0
0
0
0
0
0
0
0
0
0
0
0
0
4095
0
0
0
0
0
0
0
0
0
0
0
0
4095
0
0
0
4095
2992
0
0
0
112
0
0
0
0
0
0
0
0
0
0
0
0
2312
0
0
0
4095
1170
0
0
0
25
0
0
0
0
0
0
0
0
0
0
0
0
2026
0
0
4095
4095
1861
0
0
0
125
0
0
0
0
0
0
0
0
0
0
0
76
0
0
0
3921
4095
1145
67
0
0
250
0
0
0
0
0
0
0
0
0
0
0
73
0
0
0
4050
4095
1140
0
0
0
1776
0
0
0
0
0
0
0
0
0
0
42
378
0
0
3398
1813
4095
1245
0
0
0
2069
0
0
0
0
0
0
0
0
0
0
214
2
0
0
2543
1708
4095
4095
0
1461
960
1048
0
0
0
0
0
0
0
0
0
0
235
0
0
0
2161
1954
4095
4095
0
1522
2420
0
0
0
0
0
0
0
0
0
0
0
556
0
0
1867
843
4087
4095
4095
0
1523
1240
0
0
0
0
0
0
0
0
0
0
0
0
0
0
3846
823
4083
4095
4095
0
0
2609
0
0
0
0
0
0
0
0
0
0
3
0
0
0
4095
913
3508
4095
1444
0
1777
459
0
0
0
0
0
0
0
0
0
0
1744
0
0
0
4095
1156
3392
4095
0
0
1842
0
0
0
0
0
0
0
1694
0
0
0
5
0
0
0
