-1
123
-1
-1
-1
-1
-1
-1
-1
118
-1
-1
134
-1
-1
-1
-1
39
17
25
-1
96
-1
157
-1
-1
-1
-1
-1
-1
-1
123
-1
-1
124
-1
-1
-1
-1
39
18
81
-1
-1
62
120
-1
-1
-1
-1
-1
-1
-1
118
-1
-1
127
-1
-1
-1
-1
37
20
47
-1
-1
-1
-1
-1
-1
-1
-1
-1
-1
-1
197
-1
-1
-1
-1
-1
-1
86
6
17
210
-1
-1
-1
-1
-1
-1
-1
-1
-1
-1
102
29
97
-1
-1
-1
-1
-1
86
5
17
187
-1
-1
-1
-1
-1
-1
-1
-1
-1
-1
116
30
99
-1
-1
-1
-1
-1
80
5
21
189
-1
-1
-1
-1
-1
-1
-1
-1
-1
-1
-1
105
104
-1
-1
-1
-1
-1
77
6
17
210
-1
-1
-1
-1
-1
-1
-1
-1
-1
-1
-1
201
-1
-1
-1
-1
-1
-1
79
5
17
201
-1
-1
-1
-1
-1
-1
-1
-1
-1
-1
94
129
-1
-1
-1
-1
-1
-1
81
5
198
-1
-1
-1
161
-1
-1
-1
-1
-1
-1
-1
68
59
-1
-1
-1
93
-1
46
8
6
68
-1
-1
-1
159
-1
-1
-1
-1
-1
-1
-1
69
29
62
-1
-1
67
-1
45
9
5
68
-1
-1
-1
152
-1
-1
-1
-1
-1
-1
-1
69
-1
91
-1
-1
63
-1
49
8
6
66
-1
-1
-1
-1
-1
-1
-1
-1
-1
-1
-1
87
30
89
-1
-1
-1
-1
78
8
5
190
-1
-1
-1
-1
-1
-1
-1
-1
-1
-1
-1
89
84
-1
-1
-1
-1
91
18
9
5
-1
196
-1
-1
-1
-1
-1
-1
-1
-1
-1
-1
151
-1
-1
-1
-1
-1
124
18
8
6
-1
196
-1
-1
-1
-1
-1
-1
-1
-1
-1
-1
148
-1
-1
-1
-1
-1
129
20
8
5
-1
196
-1
-1
-1
-1
-1
-1
-1
-1
-1
67
87
-1
-1
-1
-1
-1
128
20
9
5
-1
193
-1
-1
-1
-1
-1
-1
-1
-1
-1
68
80
-1
-1
-1
-1
-1
120
18
9
-1
21
178
-1
-1
-1
-1
-1
-1
-1
-1
-1
119
-1
-1
-1
-1
-1
123
28
18
9
-1
18
178
-1
-1
-1
-1
-1
-1
-1
-1
-1
129
-1
-1
-1
-1
-1
123
28
22
9
-1
18
186
-1
-1
-1
-1
-1
-1
-1
-1
-1
125
-1
-1
-1
-1
-1
123
31
19
9
-1
18
197
-1
-1
-1
-1
-1
-1
-1
-1
162
-1
-1
-1
-1
-1
-1
128
29
19
9
3
14
157
-1
-1
-1
-1
-1
-1
-1
-1
151
-1
-1
-1
-1
-1
-1
138
28
21
-1
15
20
155
-1
-1
-1
-1
-1
-1
-1
-1
139
-1
-1
-1
-1
-1
124
29
29
21
-1
13
23
159
-1
-1
-1
-1
-1
109
-1
-1
63
-1
-1
-1
-1
-1
128
30
30
20
-1
14
25
123
-1
-1
-1
-1
-1
180
-1
-1
-1
-1
-1
-1
-1
-1
152
30
34
20
-1
14
115
-1
-1
-1
-1
-1
-1
124
-1
84
-1
-1
-1
-1
-1
-1
125
29
29
24
12
5
113
-1
-1
-1
-1
-1
99
25
-1
96
-1
-1
-1
-1
-1
-1
-1
184
-1
-1
35
11
123
-1
-1
-1
-1
-1
126
29
27
81
-1
-1
-1
-1
-1
-1
133
61
-1
-1
34
101
-1
-1
-1
-1
-1
-1
125
26
-1
99
-1
-1
-1
-1
-1
-1
163
-1
-1
-1
70
96
-1
-1
-1
-1
-1
-1
125
25
74
-1
-1
-1
-1
-1
-1
-1
180
-1
-1
-1
68
95
-1
-1
-1
-1
-1
-1
128
25
70
-1
-1
-1
-1
-1
-1
-1
177
-1
-1
51
10
101
-1
-1
-1
-1
-1
-1
127
26
71
-1
-1
-1
-1
-1
-1
151
-1
-1
-1
82
104
-1
-1
-1
-1
-1
-1
-1
134
29
60
-1
-1
-1
-1
-1
-1
151
-1
-1
-1
88
98
-1
-1
-1
-1
-1
-1
-1
131
-1
65
-1
-1
-1
-1
75
-1
94
-1
-1
61
22
101
-1
-1
-1
-1
-1
-1
123
32
60
-1
-1
-1
-1
59
100
-1
-1
-1
-1
93
23
66
-1
-1
-1
-1
-1
-1
124
31
61
-1
-1
-1
-1
55
33
-1
97
-1
-1
57
19
65
-1
-1
-1
-1
-1
-1
124
-1
83
-1
-1
-1
-1
58
30
30
63
-1
-1
58
74
-1
-1
-1
-1
-1
-1
-1
-1
-1
77
-1
-1
-1
-1
53
30
30
63
-1
-1
62
27
-1
-1
-1
-1
-1
176
-1
-1
108
-1
-1
-1
-1
34
25
30
60
-1
-1
-1
90
25
-1
-1
-1
-1
-1
140
-1
-1
-1
-1
-1
-1
-1
44
25
30
60
-1
-1
-1
88
17
-1
-1
-1
58
-1
195
-1
84
-1
-1
-1
-1
-1
43
26
34
61
-1
-1
-1
105
-1
-1
-1
-1
60
-1
98
-1
112
-1
-1
-1
-1
-1
47
29
98
-1
-1
-1
-1
99
-1
-1
-1
-1
120
-1
-1
-1
116
-1
-1
-1
-1
97
-1
-1
-1
-1
-1
-1
-1
166
-1
-1
-1
-1
119
-1
-1
-1
-1
-1
-1
-1
-1
118
-1
-1
-1
-1
121
-1
-1
69
-1
-1
-1
-1
184
-1
-1
-1
-1
-1
-1
-1
-1
122
-1
-1
-1
-1
123
-1
-1
61
-1
-1
-1
35
163
-1
-1
-1
-1
-1
-1
-1
-1
127
-1
-1
-1
-1
172
-1
-1
-1
-1
-1
-1
213
-1
-1
-1
-1
-1
-1
-1
-1
-1
219
-1
-1
-1
-1
-1
-1
-1
-1
-1
-1
-1
284
-1
-1
-1
-1
-1
-1
-1
-1
248
-1
-1
-1
-1
-1
-1
-1
-1
-1
-1
-1
-1
258
-1
-1
-1
-1
-1
-1
-1
-1
507
-1
-1
-1
-1
-1
-1
-1
-1
-1
-1
-1
-1
-1
-1
-1
-1
-1
-1
-1
-1
-1
515
-1
-1
-1
-1
-1
-1
-1
-1
-1
-1
-1
-1
-1
-1
-1
-1
-1
-1
-1
-1
-1
228
-1
-1
-1
-1
-1
-1
-1
-1
-1
-1
-1
294
-1
-1
-1
-1
-1
-1
-1
-1
-1
253
-1
-1
-1
-1
-1
-1
-1
-1
-1
-1
-1
-1
-1
-1
259
-1
-1
-1
-1
-1
209
-1
-1
-1
-1
-1
-1
-1
-1
-1
-1
-1
-1
-1
-1
-1
293
-1
-1
-1
-1
-1
219
-1
-1
-1
-1
-1
-1
-1
-1
-1
-1
-1
-1
-1
-1
-1
289
-1
-1
-1
-1
-1
530
-1
-1
-1
-1
-1
-1
-1
-1
-1
-1
-1
-1
-1
-1
-1
-1
-1
-1
-1
-1
274
266
-1
-1
-1
-1
-1
-1
-1
-1
-1
-1
-1
-1
-1
-1
-1
-1
-1
-1
-1
-1
539
-1
-1
-1
-1
-1
-1
-1
-1
-1
-1
-1
-1
-1
-1
-1
-1
-1
-1
-1
-1
-1
538
-1
-1
-1
-1
-1
-1
-1
-1
-1
-1
-1
-1
-1
-1
-1
-1
-1
-1
-1
-1
-1
538
-1
-1
-1
-1
-1
-1
-1
-1
-1
-1
-1
-1
-1
-1
-1
-1
-1
-1
-1
-1
167
109
-1
-1
-1
-1
-1
-1
-1
-1
-1
-1
-1
266
-1
-1
-1
-1
-1
-1
-1
-1
183
-1
-1
-1
-1
-1
-1
-1
-1
-1
-1
-1
-1
205
-1
-1
-1
71
97
-1
-1
-1
148
-1
-1
-1
-1
-1
-1
-1
-1
-1
-1
-1
214
27
-1
-1
-1
71
101
-1
-1
-1
152
-1
-1
-1
-1
-1
-1
-1
-1
-1
-1
-1
228
-1
-1
-1
46
29
30
75
-1
66
120
-1
-1
-1
-1
-1
-1
-1
-1
-1
-1
189
44
-1
-1
-1
47
28
61
-1
-1
-1
157
-1
-1
-1
-1
-1
-1
-1
-1
-1
-1
190
43
-1
-1
-1
49
27
100
-1
-1
67
121
-1
-1
-1
-1
-1
-1
-1
-1
-1
-1
187
40
-1
-1
23
23
31
65
-1
35
34
123
-1
-1
-1
-1
-1
-1
-1
-1
-1
-1
216
-1
-1
-1
46
22
31
62
-1
35
126
-1
-1
-1
-1
-1
-1
-1
-1
-1
-1
-1
241
-1
-1
22
19
24
28
61
-1
37
122
-1
-1
-1
-1
-1
-1
-1
-1
-1
-1
-1
234
-1
-1
21
17
24
28
65
-1
-1
165
-1
-1
-1
-1
-1
-1
-1
-1
-1
-1
210
-1
-1
-1
44
19
22
27
64
-1
36
126
-1
-1
-1
-1
-1
-1
-1
-1
-1
-1
215
-1
-1
-1
39
20
22
29
64
-1
