109
-1
35
-1
-1
-1
-1
-1
-1
-1
107
-1
-1
36
-1
-1
-1
-1
13
18
21
-1
-1
-1
40
-1
-1
-1
-1
-1
-1
-1
59
-1
-1
42
-1
-1
-1
-1
14
17
26
-1
-1
192
-1
-1
-1
-1
-1
-1
-1
-1
60
-1
-1
-1
-1
-1
-1
-1
32
19
25
-1
-1
-1
-1
-1
-1
-1
-1
-1
-1
-1
65
-1
-1
-1
-1
-1
-1
25
5
19
37
-1
-1
-1
-1
-1
-1
-1
-1
-1
-1
23
33
30
-1
-1
-1
-1
-1
26
6
17
77
-1
-1
-1
-1
-1
-1
-1
-1
-1
-1
44
30
34
-1
-1
-1
-1
-1
52
5
18
75
-1
-1
-1
-1
-1
-1
-1
-1
-1
-1
-1
30
14
-1
-1
-1
-1
-1
54
6
18
111
-1
-1
-1
-1
-1
-1
-1
-1
-1
-1
24
29
-1
-1
-1
-1
-1
-1
54
5
17
134
-1
-1
-1
-1
-1
-1
-1
-1
-1
-1
22
24
-1
-1
-1
75
-1
-1
27
5
17
-1
-1
-1
181
-1
-1
-1
-1
-1
-1
-1
22
-1
-1
-1
-1
59
-1
19
7
6
39
-1
-1
-1
76
-1
-1
-1
-1
-1
-1
-1
21
-1
-1
-1
-1
58
-1
19
8
5
39
-1
-1
-1
249
-1
-1
-1
-1
-1
-1
-1
13
-1
-1
-1
-1
88
-1
18
9
5
37
-1
-1
-1
-1
-1
-1
-1
-1
-1
-1
-1
-1
-1
-1
-1
-1
-1
-1
46
8
6
80
-1
-1
-1
-1
-1
-1
-1
-1
-1
-1
-1
-1
-1
-1
-1
-1
-1
63
21
8
5
-1
70
-1
-1
-1
-1
-1
-1
-1
-1
-1
-1
21
-1
-1
-1
-1
-1
60
19
9
19
-1
62
-1
-1
-1
-1
-1
-1
-1
-1
-1
-1
20
-1
-1
-1
-1
-1
58
18
9
15
-1
64
-1
-1
-1
-1
-1
-1
-1
-1
-1
-1
1
-1
-1
-1
-1
-1
58
19
9
-1
13
46
-1
-1
-1
-1
-1
-1
-1
-1
-1
-1
-1
-1
-1
-1
-1
-1
58
21
9
-1
13
54
-1
-1
-1
-1
-1
-1
-1
-1
-1
-1
-1
-1
-1
-1
-1
30
32
19
9
-1
14
24
-1
-1
-1
-1
-1
-1
-1
-1
-1
-1
-1
-1
-1
-1
-1
32
27
19
10
-1
15
19
-1
-1
-1
-1
-1
-1
-1
-1
-1
-1
-1
-1
-1
-1
-1
46
28
23
-1
-1
19
19
-1
-1
-1
-1
-1
-1
-1
-1
2
-1
-1
-1
-1
-1
-1
44
29
20
-1
-1
23
18
-1
-1
-1
-1
-1
-1
-1
-1
3
-1
-1
-1
-1
-1
-1
45
32
19
-1
-1
25
1
-1
-1
-1
-1
-1
-1
-1
-1
3
-1
-1
-1
-1
-1
15
30
32
22
-1
3
23
3
-1
-1
-1
-1
-1
4
-1
-1
-1
-1
-1
-1
-1
-1
15
29
29
23
-1
5
23
-1
-1
-1
-1
-1
-1
30
-1
-1
-1
-1
-1
-1
-1
-1
22
33
6
22
-1
10
33
-1
-1
-1
-1
-1
-1
37
-1
-1
-1
-1
-1
-1
-1
-1
22
30
16
47
-1
13
44
-1
-1
-1
-1
-1
17
29
-1
-1
-1
-1
-1
-1
-1
-1
-1
24
-1
-1
-1
13
-1
-1
-1
-1
-1
-1
60
29
-1
-1
-1
-1
-1
-1
-1
-1
9
58
-1
-1
34
15
-1
-1
-1
-1
-1
-1
75
25
-1
-1
-1
-1
-1
-1
-1
-1
29
-1
-1
-1
32
34
-1
-1
-1
-1
-1
-1
94
28
-1
-1
-1
-1
-1
-1
-1
-1
117
-1
-1
-1
26
27
-1
-1
-1
-1
-1
-1
98
27
8
-1
-1
-1
-1
-1
-1
-1
-1
-1
-1
54
2
53
-1
-1
-1
-1
-1
-1
92
15
20
-1
-1
-1
-1
-1
-1
173
-1
-1
-1
53
2
-1
-1
-1
-1
-1
-1
-1
91
-1
20
-1
-1
-1
-1
35
-1
96
-1
-1
-1
52
32
-1
-1
-1
-1
-1
-1
-1
113
-1
-1
-1
-1
-1
-1
42
-1
126
-1
-1
58
18
31
-1
-1
-1
-1
-1
-1
90
10
19
-1
-1
-1
-1
-1
30
-1
-1
-1
-1
59
12
30
-1
-1
-1
-1
-1
-1
61
-1
20
-1
-1
-1
-1
5
30
-1
63
-1
-1
64
14
60
-1
-1
-1
-1
-1
-1
21
-1
15
-1
-1
-1
-1
5
-1
30
63
-1
-1
56
14
-1
-1
-1
-1
-1
19
-1
-1
-1
-1
-1
-1
-1
-1
-1
14
30
96
-1
-1
54
24
-1
-1
-1
-1
-1
-1
-1
-1
-1
-1
-1
-1
-1
-1
-1
33
33
-1
-1
-1
50
26
-1
-1
-1
-1
-1
-1
-1
-1
-1
-1
-1
-1
-1
8
-1
29
57
-1
-1
-1
46
45
-1
-1
-1
40
-1
-1
-1
-1
-1
-1
-1
-1
-1
-1
-1
29
-1
-1
-1
-1
79
-1
-1
-1
-1
40
-1
-1
-1
-1
-1
-1
-1
-1
-1
-1
-1
15
-1
-1
-1
-1
62
-1
-1
-1
-1
48
-1
-1
-1
-1
-1
-1
-1
-1
-1
-1
-1
-1
-1
-1
-1
-1
58
-1
-1
-1
-1
35
-1
-1
-1
-1
-1
-1
-1
-1
4
-1
-1
-1
-1
43
-1
-1
22
-1
-1
-1
-1
13
-1
-1
-1
-1
-1
-1
-1
-1
-1
-1
-1
-1
-1
25
-1
-1
139
-1
-1
-1
6
-1
-1
-1
-1
-1
-1
-1
-1
-1
-1
-1
-1
-1
-1
55
-1
-1
-1
-1
-1
-1
6
-1
-1
-1
-1
-1
-1
-1
-1
-1
-1
-1
-1
-1
-1
-1
-1
-1
-1
-1
-1
-1
3
-1
-1
-1
-1
-1
-1
-1
-1
-1
-1
-1
-1
-1
-1
-1
-1
-1
-1
-1
-1
-1
17
-1
-1
-1
-1
-1
-1
-1
-1
2
-1
-1
-1
-1
-1
-1
-1
-1
-1
-1
-1
-1
-1
-1
-1
-1
-1
-1
-1
-1
-1
-1
-1
-1
-1
-1
-1
-1
-1
-1
-1
-1
-1
61
-1
-1
-1
-1
-1
-1
-1
-1
-1
4
-1
-1
-1
-1
-1
-1
-1
-1
-1
-1
-1
157
-1
-1
40
-1
-1
-1
-1
-1
-1
24
-1
-1
-1
-1
-1
-1
-1
-1
-1
-1
-1
-1
-1
-1
25
-1
-1
-1
-1
-1
-1
-1
-1
-1
-1
-1
-1
-1
-1
-1
-1
-1
-1
-1
-1
-1
54
-1
-1
-1
-1
-1
32
-1
-1
-1
-1
-1
-1
-1
-1
-1
-1
-1
-1
-1
-1
-1
270
-1
-1
-1
-1
-1
31
-1
-1
-1
-1
-1
-1
-1
-1
-1
-1
-1
-1
-1
-1
-1
-1
-1
-1
-1
-1
-1
18
-1
-1
-1
-1
-1
-1
-1
-1
-1
-1
-1
-1
-1
-1
-1
-1
-1
-1
-1
-1
4
-1
-1
-1
-1
-1
-1
-1
-1
-1
-1
-1
-1
-1
-1
-1
-1
-1
-1
-1
-1
-1
4
-1
-1
-1
-1
-1
-1
-1
-1
-1
-1
-1
-1
-1
-1
-1
-1
-1
-1
-1
-1
-1
-1
-1
-1
-1
-1
-1
-1
-1
-1
-1
-1
-1
165
-1
-1
-1
-1
-1
-1
-1
-1
6
-1
-1
-1
-1
-1
-1
-1
-1
-1
-1
-1
-1
27
-1
-1
-1
-1
-1
-1
-1
-1
6
-1
-1
-1
-1
-1
-1
-1
-1
-1
-1
-1
-1
17
-1
-1
-1
164
105
-1
-1
-1
15
-1
-1
-1
-1
-1
-1
-1
-1
-1
-1
-1
14
-1
-1
-1
-1
73
31
-1
-1
27
-1
-1
-1
-1
-1
-1
-1
-1
-1
-1
-1
-1
26
-1
-1
-1
42
27
34
-1
-1
136
-1
-1
-1
-1
-1
-1
-1
-1
-1
-1
-1
9
23
-1
-1
-1
41
33
31
-1
-1
-1
30
-1
-1
-1
-1
-1
-1
-1
-1
-1
-1
50
12
-1
-1
28
22
29
39
-1
-1
65
60
-1
-1
-1
-1
-1
-1
-1
-1
-1
-1
67
-1
-1
-1
23
25
28
51
-1
74
30
-1
-1
-1
-1
-1
-1
-1
-1
-1
-1
-1
71
-1
-1
-1
22
23
28
25
-1
99
55
-1
-1
-1
-1
-1
-1
-1
-1
-1
-1
-1
81
-1
-1
6
21
22
27
27
-1
-1
31
-1
-1
-1
-1
-1
-1
-1
-1
-1
-1
-1
-1
-1
-1
5
18
23
31
34
40
-1
35
-1
-1
-1
-1
-1
-1
-1
-1
-1
-1
96
-1
-1
-1
15
17
26
28
23
-1
35
2
-1
-1
-1
-1
-1
-1
-1
-1
-1
-1
5
-1
-1
-1
14
21
23
26
-1
