60
-1
-1
66
111
-1
-1
-1
-1
-1
-1
-1
109
-1
-1
121
-1
-1
-1
-1
36
13
60
-1
-1
182
-1
-1
-1
-1
-1
-1
-1
-1
110
-1
-1
93
-1
-1
-1
59
4
15
58
-1
-1
153
-1
-1
-1
-1
-1
-1
-1
76
131
-1
-1
-1
-1
-1
-1
88
3
14
187
-1
-1
-1
-1
-1
-1
-1
-1
-1
-1
87
30
102
-1
-1
-1
-1
-1
93
4
20
188
-1
-1
-1
-1
-1
-1
-1
-1
-1
-1
109
31
94
-1
-1
-1
-1
-1
88
3
23
-1
-1
-1
-1
-1
-1
-1
-1
-1
-1
-1
-1
148
94
-1
-1
-1
-1
-1
92
3
208
-1
-1
-1
-1
-1
-1
-1
-1
-1
-1
-1
115
125
-1
-1
-1
-1
-1
-1
95
3
206
-1
-1
-1
-1
-1
-1
-1
-1
-1
-1
-1
110
91
-1
-1
-1
-1
-1
116
12
6
214
-1
-1
-1
160
-1
-1
-1
-1
-1
-1
-1
98
61
-1
-1
-1
95
-1
50
14
12
86
-1
-1
-1
155
-1
-1
-1
-1
-1
-1
-1
107
-1
98
-1
-1
68
-1
51
12
13
88
-1
-1
64
116
-1
-1
-1
-1
-1
-1
-1
100
-1
98
-1
-1
63
-1
59
12
13
52
-1
-1
179
-1
-1
-1
-1
-1
-1
-1
-1
99
-1
63
-1
63
-1
58
22
15
66
-1
33
-1
158
-1
-1
-1
-1
-1
-1
-1
97
-1
115
-1
-1
-1
-1
91
22
9
40
-1
189
-1
-1
-1
-1
-1
-1
-1
-1
-1
-1
123
90
-1
-1
-1
-1
91
25
6
34
-1
164
-1
-1
-1
-1
-1
-1
-1
-1
-1
118
87
-1
-1
-1
-1
-1
127
24
2
37
-1
163
-1
-1
-1
-1
-1
-1
-1
-1
-1
115
85
-1
-1
-1
-1
-1
126
21
2
-1
35
152
-1
-1
-1
-1
-1
-1
-1
-1
-1
125
93
-1
-1
-1
-1
97
28
23
3
-1
33
157
-1
-1
-1
-1
-1
-1
-1
-1
-1
183
-1
-1
-1
-1
-1
125
29
19
2
-1
29
153
-1
-1
-1
-1
-1
-1
-1
-1
-1
170
-1
-1
-1
-1
-1
122
29
12
3
-1
30
153
-1
-1
-1
-1
-1
-1
-1
-1
86
73
-1
-1
-1
-1
-1
124
32
14
3
10
23
155
-1
-1
-1
-1
-1
-1
-1
-1
134
-1
-1
-1
-1
-1
123
30
26
13
-1
12
19
167
-1
-1
-1
-1
-1
-1
-1
-1
127
-1
-1
-1
-1
-1
123
29
26
14
-1
13
19
158
-1
-1
-1
-1
-1
-1
-1
-1
124
-1
-1
-1
-1
-1
132
28
22
13
-1
14
21
-1
-1
-1
-1
-1
-1
159
-1
-1
-1
-1
-1
-1
-1
-1
160
27
21
13
-1
14
110
-1
-1
-1
-1
-1
-1
117
-1
68
-1
-1
-1
-1
-1
-1
124
27
23
14
6
8
109
-1
-1
-1
-1
-1
94
22
-1
68
-1
-1
-1
-1
-1
-1
122
26
23
-1
18
9
110
-1
-1
-1
-1
-1
153
-1
-1
99
-1
-1
-1
-1
-1
-1
-1
-1
140
-1
19
92
-1
-1
-1
-1
-1
-1
131
23
-1
74
-1
-1
-1
-1
-1
-1
151
-1
-1
-1
43
87
-1
-1
-1
-1
-1
-1
133
23
46
-1
-1
-1
-1
-1
-1
-1
177
-1
-1
-1
41
85
-1
-1
-1
-1
-1
-1
132
22
48
-1
-1
-1
-1
-1
-1
-1
169
-1
-1
40
5
85
-1
-1
-1
-1
-1
-1
135
22
47
-1
-1
-1
-1
-1
-1
-1
173
-1
-1
39
92
-1
-1
-1
-1
-1
-1
-1
132
23
48
-1
-1
-1
-1
-1
-1
152
-1
-1
-1
63
96
-1
-1
-1
-1
-1
-1
-1
127
26
48
-1
-1
-1
-1
-1
-1
162
-1
-1
-1
68
93
-1
-1
-1
-1
-1
-1
-1
127
47
-1
-1
-1
-1
-1
81
63
-1
-1
-1
85
20
94
-1
-1
-1
-1
-1
-1
133
29
44
-1
-1
-1
-1
-1
57
64
-1
-1
-1
79
17
62
-1
-1
-1
-1
-1
-1
132
30
47
-1
-1
-1
-1
52
96
-1
-1
-1
-1
78
79
-1
-1
-1
-1
-1
-1
-1
133
-1
86
-1
-1
-1
-1
55
33
-1
97
-1
-1
46
81
-1
-1
-1
-1
-1
-1
-1
-1
164
41
-1
-1
-1
31
30
31
66
-1
-1
64
26
86
-1
-1
-1
-1
-1
128
-1
-1
100
-1
-1
-1
-1
34
34
31
71
-1
-1
59
22
59
-1
-1
-1
61
-1
99
-1
-1
104
-1
-1
-1
-1
39
32
30
72
-1
-1
56
46
-1
-1
-1
-1
64
66
-1
-1
122
-1
-1
-1
-1
-1
58
30
30
66
-1
-1
-1
102
-1
-1
-1
-1
63
63
-1
-1
127
-1
-1
-1
-1
33
-1
53
67
-1
-1
-1
88
48
-1
-1
-1
-1
102
-1
-1
-1
154
-1
-1
-1
-1
129
-1
-1
-1
-1
-1
-1
127
46
-1
-1
-1
-1
204
-1
-1
-1
-1
-1
-1
-1
-1
153
-1
-1
-1
-1
131
-1
-1
77
-1
-1
-1
-1
-1
-1
-1
-1
-1
-1
-1
-1
-1
154
-1
-1
-1
-1
128
-1
-1
66
-1
-1
-1
206
-1
-1
-1
-1
-1
-1
-1
-1
-1
150
-1
-1
-1
-1
187
-1
-1
-1
-1
-1
-1
223
-1
-1
-1
-1
-1
-1
-1
-1
288
-1
-1
-1
-1
-1
-1
-1
-1
-1
-1
-1
-1
275
-1
-1
-1
-1
-1
-1
-1
-1
281
-1
-1
-1
-1
-1
-1
-1
-1
-1
-1
-1
-1
276
-1
-1
-1
-1
-1
-1
-1
-1
258
-1
-1
-1
-1
-1
-1
-1
-1
-1
-1
-1
312
-1
-1
-1
-1
-1
-1
-1
-1
-1
246
-1
-1
-1
-1
-1
-1
-1
-1
-1
-1
-1
306
-1
-1
162
-1
-1
-1
-1
-1
-1
213
-1
-1
-1
-1
-1
-1
-1
-1
-1
-1
-1
174
-1
-1
244
-1
-1
-1
-1
-1
310
-1
-1
-1
-1
-1
-1
-1
-1
-1
-1
-1
-1
-1
-1
-1
242
-1
-1
-1
-1
-1
309
-1
-1
-1
-1
-1
-1
-1
-1
-1
-1
-1
-1
-1
-1
-1
241
-1
-1
-1
-1
-1
307
-1
-1
-1
-1
-1
-1
-1
-1
-1
-1
-1
-1
-1
-1
-1
-1
-1
-1
-1
-1
-1
543
-1
-1
-1
-1
-1
-1
-1
-1
-1
-1
-1
-1
-1
-1
-1
-1
-1
-1
-1
-1
261
268
-1
-1
-1
-1
-1
-1
-1
-1
-1
-1
-1
-1
-1
-1
-1
-1
-1
-1
-1
-1
519
-1
-1
-1
-1
-1
-1
-1
-1
-1
-1
-1
-1
-1
-1
-1
-1
-1
-1
-1
-1
-1
528
-1
-1
-1
-1
-1
-1
-1
-1
-1
-1
-1
-1
-1
-1
-1
-1
-1
-1
-1
-1
-1
549
-1
-1
-1
-1
-1
-1
-1
-1
-1
-1
-1
-1
-1
-1
-1
-1
-1
-1
-1
-1
265
-1
-1
-1
-1
-1
-1
-1
-1
-1
-1
-1
-1
252
-1
-1
-1
182
63
-1
-1
-1
258
-1
-1
-1
-1
-1
-1
-1
-1
-1
-1
-1
-1
-1
-1
-1
-1
70
62
-1
-1
-1
160
-1
-1
-1
-1
-1
-1
-1
-1
-1
-1
-1
215
-1
-1
-1
-1
27
64
-1
-1
69
96
-1
-1
-1
-1
-1
-1
-1
-1
-1
-1
-1
207
-1
-1
-1
46
30
65
-1
-1
67
96
-1
-1
-1
-1
-1
-1
-1
-1
-1
-1
187
27
-1
-1
-1
43
27
62
-1
-1
64
93
-1
-1
-1
-1
-1
-1
-1
-1
-1
-1
185
26
-1
-1
24
21
27
65
-1
-1
63
87
-1
-1
-1
-1
-1
-1
-1
-1
-1
-1
177
28
-1
-1
20
23
26
30
-1
70
97
-1
-1
-1
-1
-1
-1
-1
-1
-1
-1
-1
215
-1
-1
-1
28
25
63
-1
-1
63
107
-1
-1
-1
-1
-1
-1
-1
-1
-1
-1
-1
221
-1
-1
14
16
22
28
36
31
-1
128
-1
-1
-1
-1
-1
-1
-1
-1
-1
-1
-1
232
-1
-1
13
14
21
32
35
31
31
150
-1
-1
-1
-1
-1
-1
-1
-1
-1
-1
-1
-1
-1
-1
192
13
22
30
34
31
30
148
-1
-1
-1
-1
-1
-1
-1
-1
-1
-1
-1
-1
-1
-1
182
15
24
31
34
-1
137
-1
-1
-1
-1
-1
-1
-1
103
-1
-1
121
-1
-1
-1
-1
32
13
23
