24
-1
-1
-1
-1
-1
-1
-1
114
-1
-1
30
-1
-1
-1
-1
24
21
35
25
-1
30
-1
-1
-1
-1
-1
-1
-1
-1
60
-1
-1
24
-1
-1
-1
22
12
20
30
67
-1
30
-1
-1
-1
-1
-1
-1
-1
-1
90
-1
-1
-1
-1
-1
-1
19
10
23
34
-1
-1
59
-1
-1
-1
-1
-1
-1
-1
25
-1
-1
-1
-1
-1
-1
-1
16
10
19
-1
-1
-1
157
-1
-1
-1
-1
-1
-1
-1
25
33
84
-1
-1
-1
-1
-1
37
9
50
-1
-1
-1
-1
-1
-1
-1
-1
-1
-1
-1
28
33
-1
-1
-1
-1
-1
-1
41
9
66
-1
-1
-1
-1
-1
-1
-1
-1
-1
-1
-1
28
30
-1
-1
-1
-1
-1
-1
35
10
114
-1
-1
-1
-1
-1
-1
-1
-1
-1
-1
-1
27
30
-1
-1
-1
-1
-1
34
5
9
110
-1
-1
-1
-1
-1
-1
-1
-1
-1
-1
-1
28
6
-1
-1
-1
84
-1
13
6
9
77
-1
-1
-1
-1
-1
-1
-1
-1
-1
-1
-1
27
-1
-1
-1
-1
47
-1
13
5
8
89
-1
-1
-1
-1
-1
-1
-1
-1
-1
-1
-1
22
-1
-1
-1
7
74
-1
15
5
9
63
-1
-1
168
-1
-1
-1
-1
-1
-1
-1
2
-1
-1
-1
-1
18
-1
22
14
6
9
-1
-1
-1
69
-1
-1
-1
-1
-1
-1
-1
2
-1
-1
-1
-1
104
-1
25
14
5
26
-1
86
-1
44
-1
-1
-1
-1
-1
-1
-1
2
16
-1
-1
-1
-1
-1
48
15
6
24
-1
59
-1
91
-1
-1
-1
-1
-1
-1
-1
-1
20
-1
-1
-1
-1
-1
47
17
5
18
-1
61
-1
-1
-1
-1
-1
-1
-1
-1
-1
-1
12
-1
-1
-1
-1
-1
76
17
5
-1
-1
50
-1
-1
-1
-1
-1
-1
-1
-1
-1
10
-1
-1
-1
-1
-1
52
25
16
6
-1
19
38
-1
-1
-1
-1
-1
-1
-1
-1
-1
19
-1
-1
-1
-1
-1
52
21
20
5
-1
20
27
-1
-1
-1
-1
-1
-1
-1
-1
-1
11
-1
-1
-1
-1
-1
51
20
17
2
-1
18
22
-1
-1
-1
-1
-1
-1
-1
-1
-1
-1
-1
-1
-1
-1
-1
57
21
17
-1
-1
18
10
-1
-1
-1
-1
-1
-1
-1
-1
-1
-1
-1
-1
-1
-1
32
31
26
20
-1
-1
21
-1
-1
-1
-1
-1
-1
-1
-1
-1
-1
-1
-1
-1
-1
-1
31
26
22
17
-1
4
18
-1
-1
-1
-1
-1
-1
-1
-1
-1
-1
-1
-1
-1
-1
-1
30
26
21
18
-1
8
22
-1
-1
-1
-1
-1
-1
-1
-1
-1
-1
-1
-1
-1
-1
-1
30
26
22
18
-1
5
27
-1
-1
-1
-1
-1
-1
-1
-1
23
-1
-1
-1
-1
-1
-1
30
26
22
30
-1
9
9
-1
-1
-1
-1
-1
-1
-1
-1
23
-1
-1
-1
-1
-1
-1
33
57
16
-1
-1
11
3
-1
-1
-1
-1
-1
23
-1
-1
-1
-1
-1
-1
-1
-1
-1
27
-1
36
-1
3
15
23
-1
-1
-1
-1
-1
64
-1
-1
-1
-1
-1
-1
-1
-1
-1
33
-1
37
-1
6
17
-1
-1
-1
-1
-1
-1
66
23
-1
-1
-1
-1
-1
-1
-1
-1
38
-1
63
-1
1
38
-1
-1
-1
-1
-1
-1
90
24
-1
-1
-1
-1
-1
-1
-1
-1
54
-1
-1
18
6
78
-1
-1
-1
-1
-1
-1
106
23
-1
-1
-1
-1
-1
-1
-1
-1
163
-1
-1
38
5
-1
-1
-1
-1
-1
-1
-1
105
18
-1
-1
-1
-1
-1
-1
-1
-1
-1
-1
-1
40
31
-1
-1
-1
-1
-1
-1
-1
107
-1
-1
-1
-1
-1
-1
-1
-1
-1
-1
-1
-1
73
48
-1
-1
-1
-1
-1
-1
-1
111
-1
-1
-1
-1
-1
-1
-1
170
-1
-1
-1
49
17
43
-1
-1
-1
-1
-1
-1
97
24
19
-1
-1
-1
-1
-1
60
103
-1
-1
-1
51
18
80
-1
-1
-1
-1
-1
-1
92
-1
28
-1
-1
-1
-1
-1
-1
169
-1
-1
-1
54
14
-1
-1
-1
-1
-1
-1
-1
73
-1
9
-1
-1
-1
-1
45
-1
-1
-1
-1
-1
85
49
-1
-1
-1
-1
-1
-1
-1
15
-1
-1
-1
-1
-1
-1
-1
33
67
-1
-1
59
22
49
-1
-1
-1
-1
-1
-1
-1
-1
-1
-1
-1
-1
-1
-1
-1
30
67
-1
-1
61
24
32
-1
-1
-1
-1
-1
-1
-1
-1
-1
-1
-1
-1
-1
9
-1
30
60
-1
-1
58
24
32
-1
-1
-1
33
-1
-1
-1
-1
-1
-1
-1
-1
-1
-1
18
30
67
-1
-1
62
17
-1
-1
-1
-1
40
-1
-1
-1
-1
-1
-1
-1
-1
-1
-1
32
24
-1
-1
-1
51
30
-1
-1
-1
-1
49
-1
-1
-1
-1
-1
-1
-1
-1
2
-1
61
-1
-1
-1
-1
66
31
-1
-1
-1
-1
32
-1
-1
-1
-1
-1
-1
-1
-1
3
-1
-1
-1
-1
-1
-1
62
30
-1
-1
-1
26
12
-1
-1
-1
-1
-1
-1
-1
-1
-1
-1
-1
-1
-1
68
-1
-1
34
-1
-1
-1
43
-1
-1
-1
-1
-1
-1
-1
-1
-1
-1
-1
-1
-1
-1
33
-1
-1
-1
-1
-1
-1
31
-1
-1
-1
-1
-1
-1
-1
-1
-1
-1
-1
-1
-1
-1
39
-1
87
-1
-1
-1
-1
12
-1
-1
-1
-1
-1
-1
-1
-1
2
-1
-1
-1
-1
-1
-1
-1
-1
-1
-1
-1
-1
-1
-1
-1
-1
-1
-1
-1
-1
-1
-1
-1
-1
-1
-1
-1
-1
-1
-1
-1
-1
-1
7
-1
-1
-1
-1
-1
-1
-1
-1
-1
-1
-1
-1
-1
-1
-1
-1
-1
-1
-1
-1
-1
22
-1
-1
-1
-1
-1
-1
-1
-1
-1
-1
-1
-1
-1
-1
-1
-1
-1
-1
-1
-1
-1
88
-1
-1
-1
-1
-1
-1
-1
-1
-1
-1
-1
-1
-1
-1
-1
-1
-1
-1
-1
-1
-1
-1
-1
-1
42
-1
-1
-1
-1
-1
30
-1
-1
-1
-1
-1
-1
-1
-1
-1
-1
-1
-1
-1
-1
-1
24
-1
-1
-1
-1
-1
59
-1
-1
-1
-1
-1
-1
-1
-1
-1
-1
-1
-1
-1
-1
-1
29
-1
-1
-1
-1
-1
42
-1
-1
-1
-1
-1
-1
-1
-1
-1
-1
-1
-1
-1
-1
50
-1
-1
-1
-1
-1
-1
47
-1
-1
-1
-1
-1
-1
-1
-1
-1
-1
-1
-1
-1
-1
285
-1
-1
-1
-1
-1
5
-1
-1
-1
-1
-1
-1
-1
-1
-1
-1
-1
-1
-1
-1
-1
-1
-1
-1
-1
-1
-1
28
-1
-1
-1
-1
-1
-1
-1
-1
-1
-1
-1
-1
-1
-1
-1
-1
-1
-1
-1
-1
-1
10
-1
-1
-1
-1
-1
-1
-1
-1
-1
-1
-1
-1
-1
-1
-1
-1
-1
-1
-1
-1
-1
-1
-1
-1
-1
-1
-1
-1
-1
-1
-1
-1
-1
-1
-1
-1
-1
-1
-1
-1
-1
-1
10
-1
-1
-1
-1
-1
-1
-1
-1
-1
-1
-1
-1
-1
-1
-1
-1
-1
-1
-1
-1
-1
-1
-1
-1
-1
-1
-1
-1
-1
-1
-1
-1
-1
-1
-1
-1
-1
-1
-1
-1
-1
-1
12
-1
-1
-1
-1
-1
-1
-1
-1
-1
-1
-1
-1
56
-1
-1
-1
201
154
-1
-1
-1
12
-1
-1
-1
-1
-1
-1
-1
-1
-1
-1
-1
-1
9
-1
-1
-1
56
31
15
-1
-1
30
-1
-1
-1
-1
-1
-1
-1
-1
-1
-1
-1
11
10
-1
-1
-1
56
32
15
-1
-1
30
-1
-1
-1
-1
-1
-1
-1
-1
-1
-1
-1
64
-1
-1
-1
35
29
29
23
-1
-1
30
-1
-1
-1
-1
-1
-1
-1
-1
-1
-1
-1
61
-1
-1
-1
35
29
29
55
-1
-1
66
-1
-1
-1
-1
-1
-1
-1
-1
-1
-1
-1
85
-1
-1
-1
40
33
30
-1
-1
-1
65
-1
-1
-1
-1
-1
-1
-1
-1
-1
-1
-1
63
-1
-1
21
24
32
29
8
63
-1
31
-1
-1
-1
-1
-1
-1
-1
-1
-1
-1
-1
-1
-1
-1
25
22
30
32
10
33
32
19
-1
-1
-1
-1
-1
-1
-1
-1
-1
-1
-1
-1
-1
-1
16
22
29
31
3
60
30
-1
-1
-1
-1
-1
-1
-1
-1
-1
-1
96
-1
-1
-1
-1
14
25
29
30
-1
-1
30
