-1
-1
-1
-1
-1
-1
-1
-1
196
-1
-1
-1
44
8
18
29
34
-1
71
110
-1
-1
-1
-1
-1
-1
-1
117
-1
-1
86
-1
-1
-1
42
9
18
28
31
-1
70
105
-1
-1
-1
-1
-1
-1
85
-1
-1
-1
114
-1
-1
-1
45
8
18
58
-1
-1
172
-1
-1
-1
-1
-1
-1
-1
143
-1
-1
-1
-1
-1
-1
-1
106
8
49
-1
-1
-1
203
-1
-1
-1
-1
-1
-1
-1
187
-1
-1
-1
-1
-1
-1
-1
104
9
220
-1
-1
-1
-1
-1
-1
-1
-1
-1
-1
-1
203
-1
-1
-1
-1
-1
-1
-1
104
8
204
-1
-1
-1
-1
-1
-1
-1
-1
-1
-1
-1
99
97
-1
-1
-1
-1
-1
106
5
8
208
-1
-1
-1
-1
-1
-1
-1
-1
-1
-1
-1
95
94
-1
-1
-1
-1
-1
97
5
8
210
-1
-1
-1
-1
-1
-1
-1
-1
-1
-1
-1
99
95
-1
-1
-1
-1
-1
95
6
8
209
-1
-1
-1
-1
-1
-1
-1
-1
-1
-1
-1
210
-1
-1
-1
-1
-1
-1
98
5
8
211
-1
-1
-1
-1
-1
-1
-1
-1
-1
-1
-1
135
-1
-1
-1
128
-1
-1
43
5
8
222
-1
-1
-1
-1
-1
-1
-1
-1
-1
-1
53
63
-1
-1
-1
101
-1
51
17
6
35
-1
-1
-1
216
-1
-1
-1
-1
-1
-1
-1
61
34
69
-1
-1
65
-1
46
19
5
34
-1
-1
-1
209
-1
-1
-1
-1
-1
-1
-1
60
30
65
-1
-1
63
-1
48
19
6
13
-1
52
-1
187
-1
-1
-1
-1
-1
-1
-1
78
30
96
-1
-1
-1
-1
83
17
5
12
-1
215
-1
-1
-1
-1
-1
-1
-1
-1
-1
87
100
-1
-1
-1
-1
-1
112
19
5
-1
42
194
-1
-1
-1
-1
-1
-1
-1
-1
-1
90
98
-1
-1
-1
-1
95
21
20
6
-1
41
191
-1
-1
-1
-1
-1
-1
-1
-1
-1
155
-1
-1
-1
-1
-1
126
22
17
5
-1
41
194
-1
-1
-1
-1
-1
-1
-1
-1
-1
151
-1
-1
-1
-1
-1
126
26
19
5
-1
42
187
-1
-1
-1
-1
-1
-1
-1
-1
101
85
-1
-1
-1
-1
-1
131
22
20
6
18
25
156
-1
-1
-1
-1
-1
-1
-1
-1
152
-1
-1
-1
-1
-1
128
29
23
17
-1
22
184
-1
-1
-1
-1
-1
-1
-1
-1
-1
155
-1
-1
-1
-1
-1
131
33
22
19
-1
26
187
-1
-1
-1
-1
-1
-1
-1
-1
-1
152
-1
-1
-1
-1
-1
131
27
26
15
-1
24
178
-1
-1
-1
-1
-1
-1
-1
-1
-1
-1
-1
-1
-1
-1
-1
208
27
22
15
-1
22
250
-1
-1
-1
-1
-1
-1
-1
-1
180
-1
-1
-1
-1
-1
-1
126
28
23
15
6
20
154
-1
-1
-1
-1
-1
-1
-1
-1
181
-1
-1
-1
-1
-1
-1
131
28
23
-1
15
19
150
-1
-1
-1
-1
-1
-1
-1
-1
57
-1
-1
-1
-1
-1
135
30
33
25
-1
14
17
89
-1
-1
-1
-1
-1
150
-1
-1
-1
-1
-1
-1
-1
-1
158
30
-1
52
-1
14
102
-1
-1
-1
-1
-1
-1
190
-1
-1
-1
-1
-1
-1
-1
-1
-1
162
-1
49
-1
13
98
-1
-1
-1
-1
-1
-1
206
-1
52
-1
-1
-1
-1
-1
-1
-1
188
-1
-1
26
70
-1
-1
-1
-1
-1
-1
-1
161
19
51
-1
-1
-1
-1
-1
-1
-1
183
-1
-1
27
73
-1
-1
-1
-1
-1
-1
-1
165
17
115
-1
-1
-1
-1
-1
-1
-1
-1
-1
-1
147
80
-1
-1
-1
-1
-1
-1
-1
167
18
118
-1
-1
-1
-1
-1
-1
-1
-1
-1
-1
151
71
-1
-1
-1
-1
-1
-1
-1
177
-1
-1
-1
-1
-1
-1
-1
179
-1
-1
-1
-1
52
69
-1
-1
-1
-1
-1
-1
-1
154
49
-1
-1
-1
-1
-1
-1
149
-1
-1
-1
77
7
75
-1
-1
-1
-1
-1
-1
-1
152
47
-1
-1
-1
-1
67
-1
95
-1
-1
-1
76
55
-1
-1
-1
-1
-1
-1
-1
163
27
31
-1
-1
-1
-1
67
-1
96
-1
-1
-1
78
52
-1
-1
-1
-1
-1
-1
-1
157
28
31
-1
-1
-1
36
30
30
63
-1
-1
61
18
53
-1
-1
-1
-1
-1
-1
-1
156
25
32
-1
-1
-1
37
31
28
63
-1
-1
58
20
50
-1
-1
-1
-1
-1
-1
-1
152
50
-1
-1
-1
-1
36
28
24
62
-1
-1
58
18
79
-1
-1
-1
-1
-1
-1
-1
-1
183
-1
-1
-1
-1
40
28
28
63
-1
-1
58
32
-1
-1
-1
-1
65
65
-1
-1
-1
122
-1
-1
-1
-1
35
30
64
-1
-1
-1
95
33
-1
-1
-1
-1
65
69
-1
-1
117
-1
-1
-1
-1
22
-1
52
65
-1
-1
-1
98
35
-1
-1
-1
-1
68
65
-1
-1
103
-1
-1
-1
-1
23
-1
110
-1
-1
-1
-1
91
28
-1
-1
-1
72
-1
-1
-1
94
74
-1
-1
-1
-1
75
-1
-1
-1
-1
93
-1
85
-1
-1
-1
-1
75
-1
-1
-1
170
-1
-1
-1
-1
-1
83
-1
-1
-1
-1
93
-1
90
-1
-1
-1
-1
78
-1
-1
-1
172
-1
-1
-1
-1
129
-1
-1
-1
-1
-1
123
-1
88
-1
-1
-1
-1
180
-1
-1
-1
-1
-1
-1
-1
-1
133
-1
-1
-1
-1
125
-1
-1
88
-1
-1
-1
-1
178
-1
-1
-1
-1
-1
-1
-1
-1
234
-1
-1
-1
-1
-1
-1
-1
-1
-1
-1
-1
310
-1
-1
-1
-1
-1
-1
-1
-1
-1
230
-1
-1
-1
-1
-1
-1
-1
-1
-1
-1
-1
310
-1
-1
-1
-1
-1
-1
-1
-1
-1
237
-1
-1
-1
-1
-1
-1
-1
-1
-1
-1
-1
307
-1
-1
-1
-1
-1
-1
-1
-1
268
-1
-1
-1
-1
-1
-1
-1
-1
-1
-1
-1
-1
281
-1
-1
-1
-1
-1
-1
-1
-1
236
-1
-1
-1
-1
-1
-1
-1
-1
-1
-1
-1
-1
-1
-1
-1
310
-1
-1
-1
-1
-1
248
-1
-1
-1
-1
-1
-1
-1
-1
-1
-1
-1
-1
-1
-1
-1
331
-1
-1
-1
-1
-1
295
-1
-1
-1
-1
-1
-1
-1
-1
-1
-1
-1
-1
-1
-1
295
-1
-1
-1
-1
-1
-1
212
-1
-1
-1
-1
-1
-1
-1
-1
-1
-1
-1
-1
-1
-1
261
-1
-1
-1
-1
-1
114
-1
-1
-1
-1
-1
-1
-1
-1
-1
-1
-1
-1
-1
-1
-1
254
-1
-1
-1
-1
-1
315
-1
-1
-1
-1
-1
-1
-1
-1
-1
-1
-1
-1
-1
-1
-1
-1
-1
-1
-1
-1
-1
556
-1
-1
-1
-1
-1
-1
-1
-1
-1
-1
-1
-1
-1
-1
-1
-1
-1
-1
-1
-1
-1
557
-1
-1
-1
-1
-1
-1
-1
-1
-1
-1
-1
-1
-1
-1
-1
-1
-1
-1
-1
-1
552
-1
-1
-1
-1
-1
-1
-1
-1
-1
-1
-1
-1
-1
-1
-1
-1
-1
-1
-1
-1
-1
552
-1
-1
-1
-1
-1
-1
-1
-1
-1
-1
-1
-1
-1
-1
-1
-1
-1
-1
-1
-1
-1
552
-1
-1
-1
-1
-1
-1
-1
-1
-1
-1
-1
240
-1
-1
-1
-1
-1
-1
-1
-1
155
133
-1
-1
-1
-1
-1
-1
-1
-1
-1
-1
-1
196
-1
-1
-1
57
64
-1
-1
-1
199
-1
-1
-1
-1
-1
-1
-1
-1
-1
-1
-1
183
17
-1
-1
-1
62
30
64
-1
-1
162
-1
-1
-1
-1
-1
-1
-1
-1
-1
-1
-1
179
16
-1
-1
28
28
30
63
-1
-1
161
-1
-1
-1
-1
-1
-1
-1
-1
-1
-1
-1
190
-1
-1
-1
32
30
33
66
-1
-1
157
-1
-1
-1
-1
-1
-1
-1
-1
-1
-1
182
34
-1
-1
-1
35
31
68
-1
-1
-1
162
-1
-1
-1
-1
-1
-1
-1
-1
-1
-1
188
35
-1
-1
14
20
28
30
-1
65
-1
128
-1
-1
-1
-1
-1
-1
-1
-1
-1
-1
-1
-1
-1
-1
174
18
28
30
-1
65
32
152
-1
-1
-1
-1
-1
-1
-1
-1
-1
-1
-1
-1
-1
-1
167
19
28
30
33
33
184
-1
-1
-1
-1
-1
-1
-1
-1
-1
-1
191
-1
-1
-1
41
8
22
31
30
-1
68
114
-1
-1
-1
