34
13
58
-1
-1
69
113
-1
-1
-1
-1
-1
-1
-1
107
-1
-1
122
-1
-1
-1
-1
4
15
60
-1
-1
174
-1
-1
-1
-1
-1
-1
-1
-1
181
-1
-1
-1
-1
-1
-1
89
3
15
184
-1
-1
-1
-1
-1
-1
-1
-1
-1
-1
100
131
-1
-1
-1
-1
-1
-1
90
4
16
190
-1
-1
-1
-1
-1
-1
-1
-1
-1
-1
94
31
94
-1
-1
-1
-1
-1
90
3
175
-1
-1
-1
-1
-1
-1
-1
-1
-1
-1
-1
144
35
93
-1
-1
-1
-1
-1
88
4
211
-1
-1
-1
-1
-1
-1
-1
-1
-1
-1
-1
-1
238
-1
-1
-1
-1
-1
-1
93
3
180
-1
-1
-1
-1
-1
-1
-1
-1
-1
-1
-1
144
125
-1
-1
-1
-1
-1
-1
93
4
186
-1
-1
-1
-1
-1
-1
-1
-1
-1
-1
-1
143
61
-1
-1
-1
94
-1
51
12
9
56
-1
-1
-1
185
-1
-1
-1
-1
-1
-1
-1
97
63
-1
-1
-1
103
-1
50
14
13
53
-1
-1
-1
185
-1
-1
-1
-1
-1
-1
-1
103
-1
96
-1
-1
64
-1
53
12
13
51
-1
-1
179
-1
-1
-1
-1
-1
-1
-1
-1
100
-1
127
-1
-1
-1
-1
87
12
15
-1
53
-1
205
-1
-1
-1
-1
-1
-1
-1
-1
-1
-1
136
-1
63
-1
58
22
14
13
-1
184
-1
-1
-1
-1
-1
-1
-1
-1
-1
136
26
90
-1
-1
-1
-1
91
22
11
12
-1
214
-1
-1
-1
-1
-1
-1
-1
-1
-1
-1
189
-1
-1
-1
-1
-1
124
27
9
15
-1
185
-1
-1
-1
-1
-1
-1
-1
-1
-1
118
85
-1
-1
-1
-1
-1
128
22
2
-1
24
152
-1
-1
-1
-1
-1
-1
-1
-1
-1
119
92
-1
-1
-1
-1
97
29
22
14
-1
20
157
-1
-1
-1
-1
-1
-1
-1
-1
-1
182
-1
-1
-1
-1
-1
124
28
24
17
-1
20
155
-1
-1
-1
-1
-1
-1
-1
-1
-1
180
-1
-1
-1
-1
-1
121
29
20
13
-1
21
153
-1
-1
-1
-1
-1
-1
-1
-1
-1
165
-1
-1
-1
-1
-1
124
31
14
13
10
21
155
-1
-1
-1
-1
-1
-1
-1
-1
166
-1
-1
-1
-1
-1
-1
126
31
13
3
9
19
166
-1
-1
-1
-1
-1
-1
-1
-1
133
-1
-1
-1
-1
-1
124
28
28
17
-1
9
19
159
-1
-1
-1
-1
-1
-1
-1
-1
129
-1
-1
-1
-1
-1
131
29
28
15
-1
10
144
-1
-1
-1
-1
-1
-1
-1
-1
-1
156
-1
-1
-1
-1
-1
135
30
21
16
-1
9
110
-1
-1
-1
-1
-1
-1
162
-1
-1
-1
-1
-1
-1
-1
-1
149
27
20
18
-1
8
110
-1
-1
-1
-1
-1
-1
115
-1
67
-1
-1
-1
-1
-1
-1
123
27
24
15
6
9
80
-1
-1
-1
-1
-1
128
21
-1
67
-1
-1
-1
-1
-1
-1
-1
148
21
-1
18
94
-1
-1
-1
-1
-1
-1
158
-1
-1
72
-1
-1
-1
-1
-1
-1
125
-1
47
-1
19
85
-1
-1
-1
-1
-1
-1
135
68
-1
-1
-1
-1
-1
-1
-1
-1
178
-1
-1
-1
44
84
-1
-1
-1
-1
-1
-1
149
21
46
-1
-1
-1
-1
-1
-1
-1
177
-1
-1
-1
44
88
-1
-1
-1
-1
-1
-1
132
22
47
-1
-1
-1
-1
-1
-1
-1
170
-1
-1
38
6
-1
-1
-1
-1
-1
-1
-1
130
22
100
-1
-1
-1
-1
-1
-1
-1
-1
-1
-1
150
93
-1
-1
-1
-1
-1
-1
-1
126
26
46
-1
-1
-1
-1
-1
-1
158
-1
-1
-1
66
91
-1
-1
-1
-1
-1
-1
-1
129
22
31
-1
-1
-1
-1
78
-1
95
-1
-1
52
16
118
-1
-1
-1
-1
-1
-1
133
29
44
-1
-1
-1
-1
-1
79
62
-1
-1
-1
81
20
63
-1
-1
-1
-1
-1
-1
131
30
43
-1
-1
-1
-1
51
30
64
-1
-1
-1
78
17
61
-1
-1
-1
-1
-1
-1
133
34
52
-1
-1
-1
-1
86
-1
-1
97
-1
-1
46
78
-1
-1
-1
-1
-1
-1
-1
134
-1
79
-1
-1
-1
-1
55
30
65
-1
-1
-1
87
83
-1
-1
-1
-1
-1
131
-1
-1
100
-1
-1
-1
-1
33
32
31
72
-1
-1
60
24
50
-1
-1
-1
-1
-1
126
-1
-1
103
-1
-1
-1
-1
35
34
30
70
-1
-1
57
21
56
-1
-1
-1
64
-1
66
-1
65
75
-1
-1
-1
-1
36
30
30
66
-1
-1
56
47
-1
-1
-1
-1
62
64
-1
-1
126
-1
-1
-1
-1
-1
56
30
98
-1
-1
-1
-1
103
-1
-1
-1
-1
67
62
-1
-1
122
-1
-1
-1
-1
34
-1
122
-1
-1
-1
-1
90
46
-1
-1
-1
-1
100
-1
-1
-1
156
-1
-1
-1
-1
127
-1
-1
-1
-1
-1
-1
130
47
-1
-1
-1
40
162
-1
-1
-1
-1
-1
-1
-1
-1
155
-1
-1
-1
-1
129
-1
-1
71
-1
-1
-1
188
-1
-1
-1
-1
-1
-1
-1
-1
-1
178
-1
-1
-1
-1
185
-1
-1
-1
-1
-1
-1
201
-1
-1
-1
-1
-1
-1
-1
-1
-1
183
-1
-1
-1
-1
182
-1
-1
-1
-1
-1
-1
272
-1
-1
-1
-1
-1
-1
-1
-1
286
-1
-1
-1
-1
-1
-1
-1
-1
-1
-1
-1
-1
278
-1
-1
-1
-1
-1
-1
-1
-1
287
-1
-1
-1
-1
-1
-1
-1
-1
-1
-1
-1
244
-1
-1
-1
-1
-1
-1
-1
-1
-1
317
-1
-1
-1
-1
-1
-1
-1
-1
-1
-1
-1
242
-1
-1
-1
-1
-1
-1
-1
-1
-1
314
-1
-1
-1
-1
-1
-1
-1
-1
-1
-1
-1
141
-1
-1
160
-1
-1
-1
-1
-1
-1
249
-1
-1
-1
-1
-1
-1
-1
-1
-1
-1
-1
-1
-1
-1
246
-1
-1
-1
-1
-1
317
-1
-1
-1
-1
-1
-1
-1
-1
-1
-1
-1
-1
-1
-1
-1
247
-1
-1
-1
-1
-1
307
-1
-1
-1
-1
-1
-1
-1
-1
-1
-1
-1
-1
-1
-1
-1
232
-1
-1
-1
-1
-1
308
-1
-1
-1
-1
-1
-1
-1
-1
-1
-1
-1
-1
-1
-1
-1
-1
-1
-1
-1
-1
-1
537
-1
-1
-1
-1
-1
-1
-1
-1
-1
-1
-1
-1
-1
-1
-1
-1
-1
-1
-1
-1
528
-1
-1
-1
-1
-1
-1
-1
-1
-1
-1
-1
-1
-1
-1
-1
-1
-1
-1
-1
-1
-1
527
-1
-1
-1
-1
-1
-1
-1
-1
-1
-1
-1
-1
-1
-1
-1
-1
-1
-1
-1
-1
-1
536
-1
-1
-1
-1
-1
-1
-1
-1
-1
-1
-1
-1
-1
-1
-1
-1
-1
-1
-1
-1
162
112
-1
-1
-1
-1
-1
-1
-1
-1
-1
-1
-1
255
-1
-1
-1
-1
-1
-1
-1
-1
265
-1
-1
-1
-1
-1
-1
-1
-1
-1
-1
-1
-1
251
-1
-1
-1
190
62
-1
-1
-1
255
-1
-1
-1
-1
-1
-1
-1
-1
-1
-1
-1
-1
-1
-1
-1
42
27
62
-1
-1
67
96
-1
-1
-1
-1
-1
-1
-1
-1
-1
-1
-1
184
-1
-1
-1
38
30
63
-1
-1
69
99
-1
-1
-1
-1
-1
-1
-1
-1
-1
-1
-1
215
-1
-1
-1
39
27
65
-1
-1
72
95
-1
-1
-1
-1
-1
-1
-1
-1
-1
-1
187
32
-1
-1
23
22
26
65
-1
-1
61
91
-1
-1
-1
-1
-1
-1
-1
-1
-1
-1
186
27
-1
-1
20
25
27
62
-1
-1
66
90
-1
-1
-1
-1
-1
-1
-1
-1
-1
-1
184
-1
-1
-1
14
23
59
-1
-1
66
101
-1
-1
-1
-1
-1
-1
-1
-1
-1
-1
-1
223
-1
-1
14
17
22
28
34
-1
63
104
-1
-1
-1
-1
-1
-1
-1
-1
-1
-1
-1
217
-1
-1
14
13
22
28
35
31
-1
174
-1
-1
-1
-1
-1
-1
-1
-1
-1
-1
-1
-1
-1
-1
195
13
24
30
34
30
31
147
-1
-1
-1
-1
-1
-1
-1
-1
-1
-1
-1
-1
-1
-1
183
15
21
31
34
-1
136
-1
-1
-1
-1
-1
-1
-1
106
-1
-1
121
-1
-1
-1
-1
32
13
54
-1
-1
-1
175
-1
-1
-1
-1
-1
-1
-1
102
-1
-1
120
-1
-1
-1
-1
34
