62
22
22
95
0
29
0
1424
129
475
78
0
530
34
252
23
20
34
216
65
0
170
30
101
28
22
29
21
20
19
31
19
157
31
0
127
41
96
27
30
127
19
109
0
25
0
30
28
0
28
68
119
27
30
30
34
755
1036
226
76
0
0
60
25
0
923
135
129
215
457
0
348
119
24
0
21
47
775
2992
0
279
204
586
1199
940
241
191
132
624
178
220
74
121
0
0
367
22
184
0
0
214
97
100
190
422
79
62
230
949
496
319
142
272
37
251
628
585
677
442
67
725
29
130
30
0
131
225
415
318
64
275
321
0
486
222
30
167
66
0
147
90
281
0
352
0
214
670
414
215
660
820
1100
757
157
0
0
77
0
17
223
256
814
139
1715
41
