4095
1448
3388
0
0
1560
0
0
0
0
0
0
0
0
3182
0
0
3
0
0
0
0
442
1380
3430
0
0
1568
0
0
0
0
0
0
0
0
2844
0
0
0
0
0
0
4095
447
1190
3717
0
0
0
0
0
0
0
0
0
0
522
2997
0
0
0
0
0
0
4095
524
1339
2858
0
0
0
0
0
0
0
0
0
0
1107
1626
1379
0
0
0
0
0
4095
447
1328
2748
0
0
0
0
0
0
0
0
0
0
1171
1710
1412
0
0
0
0
0
4095
478
2979
0
0
0
0
0
0
0
0
0
0
0
0
2741
553
0
0
0
0
0
4095
371
3124
0
0
0
0
0
0
0
0
0
0
0
1364
1723
0
0
0
0
0
0
4095
356
3058
0
0
0
0
0
0
0
0
0
0
0
1514
1142
0
0
0
4095
0
4095
800
349
1384
0
0
0
1359
0
0
0
0
0
0
0
1429
0
0
0
0
4095
0
4095
878
258
876
0
0
0
1354
0
0
0
0
0
0
0
1563
0
0
0
0
4095
0
4095
897
285
933
0
0
1074
119
0
0
0
0
0
0
0
635
0
0
0
0
4095
0
4095
843
707
0
0
0
1674
0
0
0
0
0
0
0
0
287
0
0
0
0
0
4095
1749
1193
274
0
1806
0
0
0
0
0
0
0
0
0
0
357
0
0
0
0
0
4095
2081
983
96
0
1473
0
0
0
0
0
0
0
0
0
0
582
0
0
0
0
0
4095
1917
1300
0
0
979
0
0
0
0
0
0
0
0
0
0
370
0
0
0
0
0
4095
2010
1105
0
421
306
0
0
0
0
0
0
0
0
0
0
0
0
0
0
0
0
4095
2359
1081
0
410
497
0
0
0
0
0
0
0
0
0
234
0
0
0
0
0
4095
4095
2031
1402
0
473
233
0
0
0
0
0
0
0
0
0
295
0
0
0
0
0
1096
4095
1941
1111
0
402
130
0
0
0
0
0
0
0
0
0
202
0
0
0
0
0
1164
4095
2135
714
0
398
37
0
0
0
0
0
0
0
0
0
0
0
0
0
0
0
1786
4095
2288
0
0
122
18
0
0
0
0
0
0
0
0
225
0
0
0
0
0
0
1657
4095
2020
0
21
46
0
0
0
0
0
0
0
0
0
332
0
0
0
0
0
492
1056
4095
2075
0
242
6
0
0
0
0
0
0
0
0
0
277
0
0
0
0
0
533
2373
4095
1804
0
89
8
0
0
0
0
0
0
827
0
0
0
0
0
0
0
0
445
4095
4095
309
0
97
320
0
0
0
0
0
0
1555
0
0
0
0
0
0
0
0
56
4095
0
230
0
192
523
0
0
0
0
0
0
1547
0
0
0
0
0
0
0
0
0
4095
106
0
255
364
0
0
0
0
0
0
2715
0
0
0
0
0
0
0
0
0
0
0
0
0
4095
109
0
0
0
0
0
0
1710
1458
0
0
0
0
0
0
0
0
68
0
0
0
747
112
0
0
0
0
0
0
2428
1251
0
0
0
0
0
0
0
0
132
0
0
0
680
102
0
0
0
0
0
0
3254
1221
0
0
0
0
0
0
0
0
647
0
0
608
85
0
0
0
0
0
0
0
3250
1265
0
0
0
0
0
0
0
0
0
0
0
1614
206
0
0
0
0
0
0
0
3404
484
0
0
0
0
0
0
0
1609
0
0
0
1063
76
0
0
0
0
0
0
0
3391
0
0
0
0
0
0
0
0
2372
0
0
0
1166
24
0
0
0
0
0
0
0
4068
59
0
0
0
0
0
83
2169
0
0
0
1439
98
0
0
0
0
0
0
0
2350
165
369
0
0
0
0
0
0
1846
0
0
0
1421
267
0
0
0
0
0
0
0
1693
0
338
0
0
0
0
115
0
0
2180
0
0
657
84
0
0
0
0
0
0
0
681
0
65
0
0
0
0
0
0
1076
1152
0
0
671
190
0
0
0
0
0
0
0
0
0
0
0
0
0
0
0
567
1819
0
0
1092
296
434
0
0
0
0
0
0
0
0
0
0
0
0
0
28
0
1039
1752
0
0
1048
192
439
0
0
0
0
0
0
0
0
0
0
0
0
0
28
0
1105
517
0
0
0
1585
0
0
0
0
93
0
0
0
0
0
0
0
0
0
0
0
1755
0
0
0
0
1198
0
0
0
0
65
0
0
0
0
0
0
0
0
0
0
904
0
0
0
0
1289
15
0
0
0
0
74
0
0
0
0
0
0
0
0
1137
0
0
0
0
0
0
1099
27
0
0
0
19
14
0
0
0
0
0
0
0
0
686
0
0
0
0
696
0
0
28
0
0
0
70
0
0
0
0
0
0
0
0
0
0
0
0
0
0
329
0
0
0
0
0
0
79
0
0
0
0
0
0
0
0
0
0
0
0
0
0
363
0
0
0
0
0
0
32
0
0
0
0
0
0
0
0
164
0
0
0
0
0
0
0
0
0
0
0
0
0
0
0
0
0
0
0
0
0
7
0
0
0
0
0
0
0
0
0
0
0
0
0
0
0
0
0
0
0
0
0
11
0
0
0
0
0
0
0
0
0
0
0
4095
0
0
0
0
0
0
0
0
0
7
0
0
0
0
0
0
0
0
0
0
0
0
0
0
4095
0
0
0
0
0
0
28
0
0
0
0
0
0
0
0
0
0
0
0
0
0
4095
0
0
0
0
0
29
0
0
0
0
0
0
0
0
0
0
0
0
0
0
0
4095
0
0
0
0
0
149
0
0
0
0
0
0
0
0
0
0
0
0
0
0
0
4095
0
0
0
0
0
71
0
0
0
0
0
0
0
0
0
0
0
0
0
0
0
0
0
0
0
0
0
4095
0
0
0
0
0
0
0
0
0
0
0
0
0
0
0
0
0
0
0
0
4095
23
0
0
0
0
0
0
0
0
0
0
0
0
0
0
0
0
0
0
0
0
4095
0
0
0
0
0
0
0
0
0
0
0
0
0
0
0
0
0
0
0
0
0
4095
0
0
0
0
0
0
0
0
0
0
0
0
0
0
0
0
0
0
0
0
4095
0
0
0
0
0
0
0
0
0
0
0
0
4095
0
0
0
0
0
0
0
0
4095
0
0
0
0
0
0
0
0
0
0
0
0
4095
0
0
0
4095
1171
0
0
0
7
0
0
0
0
0
0
0
0
0
0
0
0
0
0
0
4095
4095
1290
0
0
0
36
0
0
0
0
0
0
0
0
0
0
0
50
0
0
0
4095
4095
1234
0
0
194
0
0
0
0
0
0
0
0
0
0
0
0
22
0
0
0
4095
3629
1310
0
0
583
237
0
0
0
0
0
0
0
0
0
0
10
907
0
0
4095
3261
3544
1248
0
0
0
2292
0
0
0
0
0
0
0
0
0
0
105
0
0
0
3037
3227
3601
2570
0
0
1381
169
0
0
0
0
0
0
0
0
0
0
210
0
0
0
3256
3361
3585
4095
0
1509
1277
0
0
0
0
0
0
0
0
0
0
0
345
0
0
0
1533
3490
4095
4095
0
1536
1262
0
0
0
0
0
0
0
0
0
0
0
627
0
0
1746
1535
3054
4095
4095
193
0
2610
0
0
0
0
0
0
0
0
0
0
0
0
0
0
3337
1726
3165
4095
4095
187
1345
1101
0
0
0
0
0
0
0
0
0
0
0
0
0
0
4056
1399
3539
4095
0
0
1841
0
0
0
0
0
0
0
0
0
0
1694
0
0
0
0
2728
1369
4095
0
0
0
2237
0
0
0
0
0
0
0
2013
0
0
1
0
0
0
0
3061
