68
67
23
0
0
0
0
1188
258
361
327
70
188
51
325
50
40
0
336
138
18
258
0
126
28
267
28
0
0
19
0
0
57
30
19
24
18
54
29
60
153
76
0
0
23
0
32
28
0
28
0
87
29
153
0
29
708
640
20
18
0
0
60
26
0
736
117
737
186
538
0
383
21
190
0
14
43
535
3560
0
248
354
58
973
1330
18
166
0
486
248
29
172
154
0
276
554
14
295
0
0
0
214
61
91
62
70
76
463
1150
509
0
94
749
200
299
285
377
744
122
190
1357
0
149
186
30
62
129
413
377
133
0
120
380
120
63
154
246
170
0
348
207
63
0
243
413
199
542
431
121
276
537
980
1193
57
0
19
0
0
75
347
371
243
843
1503
234
