0
0
0
0
575
0
0
0
0
0
0
0
0
0
1413
0
1
0
0
0
3592
0
0
0
0
0
611
0
0
0
0
0
0
0
0
0
0
0
0
0
0
0
3620
0
0
0
0
0
1817
0
0
0
0
0
0
0
0
0
0
0
0
0
0
273
3803
0
0
0
0
0
0
0
0
0
0
0
0
0
0
0
0
1402
0
0
0
2673
4034
0
0
0
0
0
0
0
0
0
0
0
0
0
0
0
0
0
0
0
0
2651
4013
0
0
0
0
0
0
0
0
0
0
0
0
0
108
0
0
0
0
0
-2643
3195
3928
0
0
0
0
0
0
0
0
0
0
0
0
0
115
0
0
0
0
0
-6240
3449
0
0
0
0
0
0
0
0
0
0
0
0
0
0
119
0
0
0
0
0
11372
0
0
0
0
0
0
0
598
183
0
0
0
0
0
0
123
0
0
0
0
102
0
0
0
0
0
0
0
530
1166
364
0
0
0
0
0
0
111
0
0
0
0
0
0
2998
0
0
0
0
0
565
0
0
0
0
0
0
0
0
0
0
0
0
0
0
0
0
0
0
0
0
595
0
0
0
0
0
0
0
0
0
0
0
0
0
0
0
0
0
0
0
0
0
0
0
0
0
0
0
0
0
0
0
0
0
0
0
0
0
2811
0
0
0
0
0
0
0
0
0
0
0
0
0
0
0
0
0
0
0
0
0
2768
0
0
0
0
0
0
0
0
0
0
0
0
0
0
0
0
0
0
0
0
2123
0
0
0
0
0
0
0
0
0
0
0
0
0
0
0
0
0
0
0
0
0
2133
0
0
0
0
0
0
0
0
0
0
0
0
0
0
0
0
0
0
0
0
0
2520
0
0
0
0
0
0
0
0
0
0
0
0
0
0
0
0
0
0
0
0
0
2707
0
0
0
0
0
0
0
0
0
0
0
0
0
0
0
0
0
0
0
0
0
0
0
0
0
0
0
0
0
0
0
0
0
0
0
0
0
0
0
0
0
0
0
0
0
0
0
0
0
0
0
0
0
0
0
0
0
0
0
0
0
0
0
0
0
0
0
0
0
0
0
0
0
0
0
0
0
0
0
0
0
0
0
0
0
0
0
0
0
0
0
0
0
0
0
0
0
0
0
0
0
0
0
0
0
0
0
0
0
0
0
0
0
0
0
0
0
0
0
0
0
0
294
0
0
0
0
0
0
0
0
0
0
0
0
0
0
0
0
0
0
0
0
0
0
0
0
0
0
0
0
0
0
0
0
0
0
0
0
0
0
0
0
0
0
0
0
0
0
0
0
0
0
0
0
0
0
0
0
0
0
0
0
0
0
0
0
0
0
0
0
0
0
0
0
0
5
0
0
0
0
0
0
0
0
0
0
3
3
0
0
0
0
0
0
0
0
0
12
0
0
0
264
0
0
0
0
0
0
6
1661
0
0
0
0
0
0
0
0
0
230
0
0
435
0
0
0
0
0
0
2
3
1640
0
0
0
0
0
0
0
0
58
522
0
0
445
0
0
0
0
0
0
3
7
1644
0
0
0
0
0
0
0
0
0
0
0
0
391
0
0
0
0
0
0
4
7
1975
0
0
0
0
0
0
0
0
67
0
0
610
1022
0
0
0
0
0
0
109
114
1942
0
0
0
0
0
0
0
159
338
175
0
513
0
0
0
0
0
0
0
560
564
0
0
0
0
0
0
0
0
0
0
0
0
493
0
0
0
0
0
0
45
334
337
0
0
0
0
0
0
0
0
0
0
0
0
479
0
0
0
0
0
0
133
134
135
0
0
0
0
0
0
0
0
0
0
0
574
1046
0
0
0
0
0
0
59
60
60
0
0
0
0
0
0
0
0
0
0
0
543
0
0
0
0
0
0
0
0
0
0
0
0
0
0
0
0
0
0
0
0
0
550
0
0
0
0
0
0
0
0
0
0
0
0
0
0
0
0
0
0
0
0
0
527
0
0
0
0
0
0
0
0
0
0
0
0
0
0
0
0
0
0
0
0
0
635
0
0
0
0
0
0
0
0
0
0
0
0
0
0
0
0
0
0
0
0
0
576
0
0
0
0
0
0
0
0
0
0
0
0
0
0
0
0
0
0
0
0
0
521
0
0
0
0
0
0
0
0
0
0
0
0
0
0
0
0
0
0
0
0
585
0
0
0
0
0
0
0
0
0
0
0
0
0
0
0
0
0
0
0
0
0
0
0
0
0
0
0
0
0
0
0
0
0
0
0
0
0
0
0
0
0
0
0
0
0
0
0
0
0
0
0
0
0
0
0
0
0
0
0
0
0
0
0
0
0
0
0
0
0
0
0
0
0
0
0
0
0
0
0
0
0
0
0
0
0
0
0
0
0
0
0
0
0
0
0
0
0
0
0
0
0
0
0
0
0
0
0
0
0
0
0
0
0
0
0
0
0
0
-1189
0
0
0
0
0
0
0
0
0
0
0
0
0
0
0
0
0
0
0
0
0
-3967
0
0
0
0
0
0
0
0
0
0
0
0
0
0
0
0
0
0
0
0
0
8362
0
0
0
0
0
0
0
0
0
0
0
0
0
0
0
0
0
0
0
0
3819
0
0
0
0
0
0
0
0
0
0
0
0
0
0
0
0
0
0
0
0
0
0
0
0
0
0
0
0
0
0
0
0
0
0
0
0
0
0
0
0
0
0
711
0
0
0
0
0
0
0
0
0
0
0
0
0
0
0
0
0
0
0
0
174
2004
0
0
0
0
0
0
0
0
0
0
0
0
0
0
0
0
0
0
0
0
0
0
0
0
0
0
0
0
0
0
0
0
0
0
0
0
0
0
0
0
0
0
0
0
0
0
0
0
0
0
0
0
0
0
0
0
0
0
0
0
0
0
0
0
0
0
0
0
0
0
0
0
0
0
0
0
0
0
0
0
0
0
0
0
0
0
-5245
-7980
-8074
0
0
0
0
0
0
0
0
0
0
0
0
0
0
0
0
0
0
0
-6064
-8695
-8591
-433
0
0
0
0
0
0
0
0
0
0
0
0
0
0
0
0
0
0
13332
20607
18157
459
0
0
0
0
0
0
0
0
0
0
0
0
0
0
0
0
0
0
1966
0
0
0
0
0
0
0
0
0
0
0
0
0
0
0
0
0
0
0
0
71
1995
0
0
0
0
38
0
0
0
0
0
0
0
0
0
0
0
0
0
0
0
299
1466
0
0
0
0
79
0
0
0
0
0
0
0
0
0
2
2
2
0
0
0
598
0
0
0
0
0
277
0
0
0
0
0
0
0
0
0
2
2
2
0
0
0
2651
0
0
0
0
0
1088
0
0
0
0
0
0
0
0
0
4
101
101
0
0
0
2641
0
0
0
0
0
1149
0
0
0
0
0
0
0
0
0
3
654
654
0
0
380
2764
0
0
0
0
157
0
0
0
0
0
0
0
0
0
0
2
449
449
0
0
2061
0
0
0
0
0
0
0
0
0
0
0
0
0
0
0
0
0
0
0
0
0
2316
0
0
0
0
0
0
0
0
0
0
0
0
0
0
0
0
2
0
0
0
0
1199
0
0
0
0
0
0
0
0
0
0
0
0
0
0
0
1388
12
0
0
0
0
594
0
0
0
0
0
0
0
0
0
0
0
0
0
0
0
-251
1
0
0
0
2542
3226
0
