4095
921
1684
4095
0
0
1482
0
0
0
0
0
0
0
0
4095
0
0
0
0
0
0
4095
804
1769
4095
0
0
2963
0
0
0
0
0
0
0
847
0
0
0
0
0
0
0
4095
816
1713
0
0
0
0
0
0
0
0
0
0
0
4095
0
0
0
0
0
0
0
4095
856
2598
0
0
0
0
0
0
0
0
0
0
0
1663
3471
0
0
0
0
0
0
4095
836
3249
0
0
0
0
0
0
0
0
0
0
0
1367
2230
0
0
0
0
0
0
548
848
3328
0
0
0
0
0
0
0
0
0
0
0
1570
1626
0
0
0
0
0
4095
494
717
3819
0
0
0
0
0
0
0
0
0
0
0
1492
1016
0
0
0
0
0
4095
547
828
1601
0
0
0
0
0
0
0
0
0
0
0
1566
0
0
0
0
4095
0
1438
455
834
1364
0
0
0
0
0
0
0
0
0
0
0
1740
0
0
0
0
4095
0
1407
445
739
1190
0
0
2587
0
0
0
0
0
0
0
164
0
0
0
0
4095
0
0
4095
577
665
0
0
0
927
0
0
0
0
0
0
0
114
0
0
0
0
4095
0
3498
1463
422
968
0
1596
0
691
0
0
0
0
0
0
0
154
136
0
0
0
4095
0
3115
1723
449
319
0
1372
0
0
0
0
0
0
0
0
0
0
371
0
0
0
0
0
4095
1505
567
350
0
519
0
0
0
0
0
0
0
0
0
0
274
0
0
0
0
0
4095
1448
446
0
364
411
0
0
0
0
0
0
0
0
0
93
0
0
0
0
0
4095
3398
1786
576
0
327
513
0
0
0
0
0
0
0
0
0
263
0
0
0
0
0
4095
2882
1548
299
0
349
11
0
0
0
0
0
0
0
0
0
287
0
0
0
0
0
4095
2908
1605
0
16
348
18
0
0
0
0
0
0
0
0
0
0
0
0
0
0
0
4095
3749
1858
0
20
400
0
0
0
0
0
0
0
0
0
0
0
0
0
0
0
1455
4095
3267
1583
0
60
177
0
0
0
0
0
0
0
0
0
0
0
0
0
0
0
1188
3572
2894
1630
0
152
71
0
0
0
0
0
0
0
0
0
0
0
0
0
0
0
1121
3527
3016
1935
0
255
3
0
0
0
0
0
0
0
0
0
0
0
0
0
0
0
1139
4095
3461
265
0
80
8
0
0
0
0
0
0
0
0
0
0
0
0
0
0
0
1148
4095
2496
251
0
240
80
0
0
0
0
0
0
0
0
2069
0
0
0
0
0
0
1301
4095
1436
573
7
99
85
0
0
0
0
0
1515
0
0
0
0
0
0
0
0
0
4095
4095
1541
0
342
303
0
0
0
0
0
0
2333
0
0
0
0
0
0
0
0
0
4095
0
431
0
361
502
0
0
0
0
0
0
1797
1252
0
0
0
0
0
0
0
0
4095
0
849
0
88
945
0
0
0
0
0
0
2297
1281
0
0
0
0
0
0
0
0
4095
0
0
292
114
0
0
0
0
0
0
0
3658
1514
0
0
0
0
0
0
0
0
791
0
0
659
107
0
0
0
0
0
0
0
3338
1296
0
0
0
0
0
0
0
0
2483
0
0
721
16
0
0
0
0
0
0
0
3313
0
0
0
0
0
0
0
0
0
0
0
0
714
0
0
0
0
0
0
0
0
3496
0
0
0
0
0
0
0
0
0
0
0
0
1000
1
0
0
0
0
0
0
0
3929
239
0
0
0
0
0
0
3268
0
0
0
883
217
0
0
0
0
0
0
0
2370
0
406
0
0
0
0
362
0
2552
0
0
0
886
122
0
0
0
0
0
0
0
2150
0
325
0
0
0
0
1226
0
4095
0
0
0
684
121
0
0
0
0
0
0
0
869
0
0
0
0
0
0
0
869
0
0
0
1055
335
128
0
0
0
0
0
0
0
0
0
0
0
0
0
0
0
1016
1895
0
0
1097
150
80
0
0
0
0
0
0
0
0
0
0
0
0
0
79
0
1180
1838
0
0
1052
38
113
0
0
0
0
23
0
0
0
0
0
0
0
0
0
229
1068
1428
0
0
970
8
0
0
0
0
55
0
0
0
0
0
0
0
0
0
0
1243
1123
0
0
0
835
4
0
0
0
0
53
0
0
0
0
0
0
0
0
0
0
1143
837
0
0
0
661
28
0
0
0
0
62
0
0
0
0
0
0
0
0
85
0
1546
0
0
0
0
135
507
0
0
0
85
0
0
0
0
0
0
0
0
0
0
0
0
0
0
1375
0
33
388
0
0
0
80
0
0
0
0
0
0
0
0
0
0
0
0
0
0
415
0
15
0
0
0
0
76
0
0
0
0
0
0
0
0
0
0
0
0
0
0
721
0
0
0
0
0
0
0
0
0
0
0
0
0
0
0
0
0
0
0
0
0
0
0
0
0
0
0
0
0
0
0
0
0
0
0
0
0
7
0
0
0
0
0
0
0
0
0
0
0
0
0
0
0
0
0
0
0
0
0
0
0
0
0
0
0
0
0
0
0
0
0
0
0
0
0
0
0
0
0
0
0
0
0
0
0
0
0
0
0
0
0
0
0
0
0
0
0
0
0
0
0
0
0
0
0
0
0
0
0
0
0
0
0
0
0
0
0
0
1693
0
0
0
0
0
41
0
0
0
0
0
0
0
0
0
0
0
0
0
0
0
4095
0
0
0
0
0
193
0
0
0
0
0
0
0
0
0
0
0
0
0
0
4095
0
0
0
0
0
0
138
0
0
0
0
0
0
0
0
0
0
0
0
0
0
4095
0
0
0
0
0
0
74
0
0
0
0
0
0
0
0
0
0
0
0
0
0
4095
0
0
0
0
0
0
0
0
0
0
0
0
0
0
0
0
0
0
0
0
0
0
0
0
0
0
0
110
0
0
0
0
0
0
0
0
0
0
0
0
0
0
0
0
0
0
0
0
0
34
0
0
0
0
0
0
0
0
0
0
0
0
0
0
0
0
0
0
0
0
0
0
0
0
0
0
0
0
0
0
0
0
0
0
0
0
0
0
0
0
0
0
81
0
0
0
0
0
0
0
0
0
0
0
0
0
0
0
0
0
0
0
0
0
0
0
0
0
0
0
0
0
0
0
0
0
0
0
0
0
0
4095
0
0
0
0
0
0
0
0
0
0
0
0
0
0
0
0
19
0
0
0
4095
2460
573
0
0
116
0
0
0
0
0
0
0
0
0
0
0
0
15
0
0
0
4095
1183
558
0
0
68
0
0
0
0
0
0
0
0
0
0
0
0
13
0
0
0
4095
1122
457
0
0
70
0
0
0
0
0
0
0
0
0
0
0
115
0
0
0
4095
4095
1129
175
0
0
475
0
0
0
0
0
0
0
0
0
0
0
110
0
0
0
4095
4095
1123
0
0
0
2016
0
0
0
0
0
0
0
0
0
0
0
379
0
0
4095
1991
4095
1103
0
1635
0
1099
0
0
0
0
0
0
0
0
0
0
1055
19
0
0
2047
1886
4095
4095
60
1243
1177
1127
0
0
0
0
0
0
0
0
0
0
0
0
0
0
1957
2172
4095
4095
46
1100
1150
1187
0
0
0
0
0
0
0
0
0
0
0
0
0
0
1803
1749
4095
4095
0
1905
1120
0
0
0
0
0
0
0
0
0
0
1968
0
0
0
0
1418
1757
4095
4095
0
0
1121
0
0
0
0
0
0
0
1769
0
0
3
0
0
0
0
904
2103
4095
527
0
894
222
0
0
0
0
0
0
0
1676
0
0
3
0
0
0
4095
