0
0
0
0
0
558
0
0
0
0
0
0
0
0
0
1417
0
0
0
0
0
3636
0
0
0
0
0
1891
0
0
0
0
0
0
0
0
0
0
0
0
0
0
0
3831
0
0
0
0
0
0
0
0
0
0
0
0
0
0
0
0
0
0
0
0
926
3822
0
0
0
0
0
0
0
0
0
0
0
0
0
0
0
0
0
0
0
0
2473
3925
0
0
0
0
0
0
0
0
0
0
0
0
0
0
0
0
0
0
0
0
2449
3927
0
0
0
0
0
0
0
0
0
0
0
0
0
185
0
0
0
0
0
1870
3788
0
0
0
0
0
0
0
0
0
0
0
0
0
0
97
0
0
0
0
0
-6299
3481
0
0
0
0
0
0
0
0
0
0
0
0
0
0
106
0
0
0
0
390
7565
0
0
0
0
0
0
0
604
187
0
0
0
0
0
0
102
0
0
0
0
1092
0
0
0
0
0
0
0
545
1270
286
0
0
0
0
0
0
0
0
0
0
0
0
0
3061
0
0
0
0
0
519
0
0
0
0
0
0
0
0
0
0
0
0
0
0
0
0
0
0
0
0
478
0
0
0
0
0
0
0
0
0
0
0
0
0
0
0
0
0
0
0
0
0
0
0
0
0
0
0
0
0
0
0
0
0
0
0
0
0
2920
0
0
0
0
0
0
0
0
0
0
0
0
0
0
0
0
0
0
0
0
0
2878
0
0
0
0
0
0
0
0
0
0
0
0
0
0
0
0
0
0
0
0
1978
0
0
0
0
0
0
0
0
0
0
0
0
0
0
0
0
0
0
0
0
0
2066
0
0
0
0
0
0
0
0
0
0
0
0
0
0
0
0
0
0
0
0
0
2781
0
0
0
0
0
0
0
0
0
0
0
0
0
0
0
0
0
0
0
0
0
2879
0
0
0
0
0
0
0
0
0
0
0
0
0
0
0
0
0
0
0
0
0
0
0
0
0
0
0
0
0
0
0
0
0
0
0
0
0
0
0
0
0
0
0
0
0
0
0
0
0
0
0
0
0
0
0
0
0
0
0
0
0
0
0
0
0
0
0
0
0
0
0
0
0
0
0
0
0
0
0
0
0
0
0
0
0
0
0
0
0
0
0
0
0
0
0
0
0
0
0
0
0
0
0
0
0
0
0
0
0
0
0
0
0
0
0
0
0
0
0
0
0
0
2858
2069
0
0
0
0
0
0
0
0
0
0
0
0
0
0
0
0
0
0
0
0
0
0
0
0
0
0
0
0
0
0
0
0
0
0
0
0
0
0
0
0
0
0
0
0
0
0
0
0
0
0
0
0
0
0
256
0
0
0
0
0
0
3
3
0
0
0
0
0
0
0
0
0
7
0
0
0
294
0
0
0
0
0
0
4
465
0
0
0
0
0
0
0
0
0
41
0
0
0
0
0
0
0
0
0
0
2
1984
0
0
0
0
0
0
0
0
0
220
0
0
408
0
0
0
0
0
0
6
10
1706
0
0
0
0
0
0
0
0
80
497
0
0
470
0
0
0
0
0
0
5
8
1637
0
0
0
0
0
0
0
0
0
0
0
0
412
0
0
0
0
0
0
9
14
1735
0
0
0
0
0
0
0
0
71
0
0
484
909
0
0
0
0
0
0
301
304
2025
0
0
0
0
0
0
0
218
519
180
0
504
0
0
0
0
0
0
0
573
573
0
0
0
0
0
0
0
0
0
0
0
0
590
0
0
0
0
0
0
81
187
189
0
0
0
0
0
0
0
0
0
0
0
0
479
0
0
0
0
0
0
127
130
130
0
0
0
0
0
0
0
0
0
0
0
582
0
0
0
0
0
0
0
0
0
0
0
0
0
0
0
0
0
0
0
0
0
599
0
0
0
0
0
0
0
22
0
0
0
0
0
0
0
0
0
0
0
0
0
543
0
0
0
0
0
0
0
22
0
0
0
0
0
0
0
0
0
0
0
0
0
507
0
0
0
0
0
0
0
0
0
0
0
0
0
0
0
0
0
0
0
0
0
529
0
0
0
0
0
0
0
0
0
0
0
0
0
0
0
0
0
0
0
0
0
518
0
0
0
0
0
0
0
0
0
0
0
0
0
0
0
0
0
0
0
0
0
0
0
0
0
0
0
0
0
0
0
0
0
0
0
0
0
0
0
0
0
0
533
0
0
0
0
0
0
0
0
0
0
0
0
0
0
0
0
0
0
0
0
0
0
0
0
0
0
0
0
0
0
0
0
0
0
0
0
0
0
0
0
0
0
203
0
0
0
0
0
0
0
0
0
0
0
0
0
0
0
0
0
0
0
0
0
0
0
0
0
0
0
0
0
0
0
0
0
0
0
0
0
0
0
0
0
0
0
0
0
0
0
0
0
0
0
0
0
0
0
0
0
0
0
0
0
0
0
0
0
0
0
0
0
0
0
0
0
0
0
0
0
0
0
0
0
0
0
0
0
0
0
0
0
0
0
0
0
0
0
0
0
546
0
0
0
0
0
0
0
0
0
0
0
0
0
0
0
0
0
0
0
0
1146
546
0
0
0
0
0
0
0
0
0
0
0
0
0
0
0
0
0
0
0
0
4095
0
0
0
0
0
0
0
0
0
0
0
0
0
0
0
0
0
0
0
0
0
0
0
0
0
0
0
0
0
0
0
0
0
0
0
0
0
0
0
0
0
0
1749
0
0
0
0
0
0
0
0
0
0
0
0
0
0
0
0
0
0
0
0
360
2182
0
0
0
0
0
0
0
0
0
0
0
0
0
0
0
0
0
0
0
0
0
0
0
0
0
0
0
0
0
0
0
0
0
0
0
0
0
0
0
0
0
0
0
0
0
0
0
0
0
0
0
0
0
0
0
0
0
0
0
0
0
0
0
0
0
0
0
0
0
0
0
0
0
0
0
0
0
0
0
0
0
0
0
0
0
0
-7172
-8062
-8368
0
0
0
0
0
0
0
0
0
0
0
0
0
0
0
0
0
0
0
-5863
-7526
-7333
-474
0
0
0
0
0
0
0
0
0
0
0
0
0
0
0
0
0
0
15355
19651
17151
509
0
0
0
0
0
0
0
0
0
0
0
0
0
0
0
5
0
548
2249
0
0
0
0
0
0
0
0
0
0
0
0
0
0
0
0
0
0
0
0
861
2179
0
0
0
0
68
0
0
0
0
0
0
0
0
0
0
0
0
0
0
0
1236
1778
0
0
0
0
70
0
0
0
0
0
0
0
0
0
1
1
1
0
0
0
2553
0
0
0
0
0
475
0
0
0
0
0
0
0
0
0
3
3
3
0
0
0
2636
0
0
0
0
0
1128
0
0
0
0
0
0
0
0
0
3
283
283
0
0
0
0
0
0
0
0
147
0
0
0
0
0
0
0
0
0
0
3
1055
0
0
0
0
0
0
0
0
0
0
0
0
0
0
0
0
0
0
0
0
0
0
0
0
0
604
0
0
0
0
0
0
0
0
0
0
0
0
0
0
0
0
0
0
0
0
0
874
0
0
0
0
0
0
0
0
0
0
0
0
0
0
0
2422
1970
0
0
0
0
601
0
0
0
0
0
0
0
0
0
0
0
0
0
0
0
0
3
0
0
0
0
583
0
0
0
0
0
0
0
0
0
0
0
0
0
0
0
-646
3
0
0
0
3319
0
