0
0
0
0
524
4095
4095
0
0
0
0
0
0
0
0
0
0
0
1797
0
0
0
0
0
0
0
1853
2466
2914
0
0
0
0
0
0
0
0
0
0
0
1677
0
0
0
0
0
0
902
465
1533
2554
0
0
0
0
0
0
0
0
0
0
0
1711
1702
0
0
0
0
0
717
564
1531
2394
0
0
0
0
0
0
0
0
0
0
1340
2025
1782
0
0
0
0
0
616
457
1928
1325
0
0
0
0
0
0
0
0
0
0
0
1583
1548
0
0
0
0
0
4095
1053
1531
347
0
0
0
0
0
0
0
0
0
0
0
1597
0
0
0
0
0
0
919
3564
1508
0
0
0
0
0
0
0
0
0
0
0
1218
1646
0
0
0
4095
0
2676
747
428
4095
0
0
0
602
0
0
0
0
0
0
0
1416
456
0
0
0
4095
0
4095
1317
555
1616
0
0
0
228
0
0
0
0
0
0
0
1388
505
0
0
0
4095
0
1590
740
858
296
0
0
0
932
0
0
0
0
0
0
0
1225
0
0
0
0
0
0
2334
892
1612
4095
0
465
0
0
0
0
0
0
0
0
0
1
0
0
0
0
0
4095
2270
764
535
0
459
0
0
0
0
0
0
0
0
0
0
1064
0
562
0
0
0
4095
1662
2192
446
0
377
0
0
0
0
0
0
0
0
0
0
4095
0
0
0
0
0
4095
1640
4095
789
0
723
0
0
0
0
0
0
0
0
0
0
368
0
0
0
0
0
4095
1817
745
0
0
183
0
0
0
0
0
0
0
0
0
0
312
0
0
0
0
0
4095
1674
808
0
242
292
0
0
0
0
0
0
0
0
0
0
0
0
0
0
0
4095
4095
1612
734
0
254
796
0
0
0
0
0
0
0
0
0
0
0
0
0
0
0
1720
4095
1692
826
0
267
289
0
0
0
0
0
0
0
0
0
0
0
0
0
0
0
1410
4095
1912
540
0
242
52
0
0
0
0
0
0
0
0
0
587
0
0
0
0
0
1103
4095
1743
349
0
4095
16
0
0
0
0
0
0
0
0
0
0
0
0
0
0
0
1153
4095
1614
0
0
784
0
0
0
0
0
0
0
0
0
0
0
0
0
0
0
0
1095
4095
4095
0
6
32
971
0
0
0
0
0
0
0
0
0
0
0
0
0
0
596
4095
4095
1325
0
90
309
0
0
0
0
0
0
0
0
0
0
0
0
0
0
0
1630
4095
4095
335
0
24
321
0
0
0
0
0
0
867
0
0
0
0
0
0
0
0
1359
4095
754
349
0
902
553
0
0
0
0
0
0
1425
0
0
0
0
0
0
0
0
90
4095
0
0
384
66
1134
0
0
0
0
0
0
1843
106
512
0
0
0
0
0
0
0
1793
0
0
4095
53
0
0
0
0
0
0
1668
3171
172
0
0
0
0
0
0
0
0
0
0
0
178
1
0
0
0
0
0
0
3189
1398
0
0
0
0
0
0
0
0
2334
0
0
0
4095
0
0
0
0
0
0
0
1835
2990
0
0
0
0
0
0
0
0
28
0
0
1038
102
544
0
0
0
0
0
0
4095
1408
0
0
0
0
0
0
0
0
0
0
0
394
260
0
0
0
0
0
0
0
1728
1950
286
0
0
0
0
0
0
1293
0
0
0
967
225
0
0
0
0
0
0
0
1712
101
1175
0
0
0
0
0
0
1851
0
0
0
414
1177
0
0
0
0
0
0
0
2111
1125
351
0
0
0
0
94
0
1389
0
0
4095
396
756
0
0
0
0
0
0
1415
1394
2109
0
0
0
0
0
6
0
0
0
0
889
727
66
0
0
0
0
0
0
1396
1701
921
0
0
0
0
0
0
0
922
0
0
314
63
0
0
0
0
0
0
0
1941
0
343
0
0
0
0
68
597
1148
903
0
0
1666
4
0
0
0
0
0
0
0
0
0
4095
0
0
0
0
0
0
4095
1235
0
0
4095
617
0
0
0
0
0
0
0
0
0
0
0
0
0
0
574
1221
1216
0
0
0
591
253
0
0
0
540
0
0
0
0
0
0
0
0
0
62
1137
1454
585
0
0
0
737
329
0
0
0
212
0
0
0
0
0
0
0
0
0
172
4095
1078
0
0
0
0
30
0
0
0
0
4095
0
0
0
182
0
0
0
0
0
0
0
655
0
0
0
0
9
0
0
0
0
97
0
0
0
0
0
0
0
0
0
0
0
0
0
0
467
0
0
0
0
0
0
700
0
0
0
0
0
0
0
0
1867
0
0
0
0
166
0
0
4095
0
0
0
10
0
0
0
0
0
0
0
0
0
32
0
0
0
0
185
0
0
0
0
0
0
8
0
0
0
0
0
0
0
0
0
0
0
0
0
0
234
0
0
0
0
0
0
230
0
0
0
0
0
0
0
0
0
13
0
0
0
0
0
0
0
0
0
0
0
1602
0
0
0
0
0
0
0
0
0
0
0
0
0
0
0
0
0
0
0
0
0
0
0
0
0
0
0
0
0
0
588
0
0
0
0
0
0
0
0
0
0
0
0
0
0
0
0
0
0
0
0
0
10
0
0
0
0
0
0
0
0
0
0
0
1073
0
0
0
0
0
0
0
0
0
1041
0
0
0
0
0
0
0
0
0
0
0
0
0
0
4095
0
0
0
0
0
0
0
0
0
0
0
0
0
0
0
0
0
0
0
0
0
4095
0
0
0
0
0
0
0
0
0
0
0
0
0
0
0
0
0
0
0
0
0
4095
0
0
0
0
0
77
0
0
0
0
0
0
0
0
0
0
0
0
0
0
0
0
0
0
0
0
0
0
0
0
0
0
0
0
0
0
0
0
0
0
0
0
0
0
0
0
0
0
0
0
0
0
0
0
0
0
0
0
0
0
0
0
0
0
0
0
0
0
0
0
0
0
0
0
0
0
0
0
0
0
0
0
0
0
0
0
0
0
0
0
0
0
82
0
0
0
0
0
0
0
0
0
0
0
0
0
0
0
0
0
0
0
0
0
0
0
0
0
0
0
0
0
0
0
0
0
0
0
0
0
0
0
0
0
0
0
0
0
0
0
0
0
0
0
0
0
0
0
0
0
0
0
4095
3624
0
0
0
102
0
0
0
0
0
0
0
0
0
0
0
0
0
0
0
0
4095
1160
0
0
0
0
0
0
0
0
0
0
0
0
0
0
0
87
0
0
0
3337
4095
1190
0
0
0
0
0
0
0
0
0
0
0
0
0
0
0
87
0
0
0
3087
4095
1284
0
0
233
0
0
0
0
0
0
0
0
0
0
0
0
78
0
0
0
3602
4095
1155
0
0
0
683
0
0
0
0
0
0
0
0
0
0
60
0
0
0
3497
3083
4095
1159
0
0
743
1123
0
0
0
0
0
0
0
0
0
0
69
0
0
0
1680
3134
4095
4095
0
1315
903
1107
0
0
0
0
0
0
0
0
0
0
70
0
0
0
1749
3004
4095
4095
0
1389
1128
0
0
0
0
0
0
0
0
0
0
0
0
0
0
1692
1795
3601
4095
4095
0
1317
1092
0
0
0
0
0
0
0
0
0
0
0
0
0
0
1444
1637
3119
4095
4095
0
0
1182
0
0
0
0
0
0
0
0
0
0
0
0
0
0
933
1618
3388
4095
1466
0
1296
612
0
0
0
0
0
0
0
0
0
0
0
0
0
0
471
1911
3068
4095
0
0
1302
0
0
0
0
0
0
0
0
0
0
0
0
0
0
0
468
1654
3575
0
0
0
784
0
0
0
0
0
0
0
1012
0
0
0
0
