0
0
0
4095
807
4095
0
0
0
1158
0
0
0
0
0
0
0
4031
0
0
0
0
0
0
0
4095
707
2194
0
0
0
1769
0
0
0
0
0
0
0
4095
0
0
0
0
0
0
0
4095
634
2469
0
0
0
0
0
0
0
0
0
0
0
4095
0
0
0
0
0
0
0
4095
785
2758
0
0
0
0
0
0
0
0
0
0
0
1394
1696
0
0
0
0
0
4095
454
741
3284
0
0
0
0
0
0
0
0
0
0
0
1813
1529
0
0
0
0
0
4095
573
658
3504
0
0
0
0
0
0
0
0
0
0
0
1555
1783
0
0
0
4095
0
1871
462
809
1630
0
0
0
0
0
0
0
0
0
0
0
1560
0
0
0
0
0
0
4095
537
694
2294
0
0
0
0
0
0
0
0
0
0
0
384
0
0
0
0
0
4095
1601
446
749
0
0
0
2327
0
0
0
0
0
0
0
222
281
0
0
0
4095
0
4095
1815
434
981
0
0
0
850
0
0
0
0
0
0
0
431
0
0
0
0
4095
0
4095
1511
559
967
0
1672
0
793
0
0
0
0
0
0
0
542
0
0
0
0
4095
0
4095
1688
473
510
0
1091
0
0
0
0
0
0
0
0
0
274
0
0
0
0
0
0
4095
1943
455
610
0
913
0
0
0
0
0
0
0
0
0
0
0
0
0
0
0
4095
3630
1571
543
0
391
503
0
0
0
0
0
0
0
0
0
71
0
0
0
0
0
4095
2948
1648
552
0
429
610
0
0
0
0
0
0
0
0
0
393
0
0
0
0
0
4095
2901
1898
456
0
222
28
0
0
0
0
0
0
0
0
0
423
0
0
0
0
0
4095
3007
1551
0
256
251
13
0
0
0
0
0
0
0
0
0
0
0
0
0
0
0
4086
3542
1579
0
222
317
0
0
0
0
0
0
0
0
0
0
0
0
0
0
0
2402
4002
3063
1925
0
300
183
0
0
0
0
0
0
0
0
0
0
0
0
0
0
0
1159
4095
3014
1629
0
320
76
0
0
0
0
0
0
0
0
0
0
0
0
0
0
0
1148
4095
3014
235
0
282
5
0
0
0
0
0
0
0
0
0
0
0
0
0
0
0
1220
4095
2933
288
0
209
4
0
0
0
0
0
0
0
0
0
0
0
0
0
0
0
1304
4095
1510
463
0
212
54
0
0
0
0
0
0
0
0
2100
0
0
0
0
0
0
1190
4095
1666
0
11
108
64
0
0
0
0
0
1284
0
0
0
0
0
0
0
0
0
4095
0
545
0
108
368
0
0
0
0
0
0
2469
0
0
0
0
0
0
0
0
9
4095
0
947
0
44
512
0
0
0
0
0
0
2978
0
0
0
0
0
0
0
0
0
4095
0
0
62
113
917
0
0
0
0
0
0
2050
1260
0
0
0
0
0
0
0
0
4095
0
0
484
102
0
0
0
0
0
0
0
3434
975
0
0
0
0
0
0
0
0
2131
0
0
435
80
0
0
0
0
0
0
0
3618
814
0
0
0
0
0
0
0
0
2432
0
0
456
18
0
0
0
0
0
0
0
3628
0
0
0
0
0
0
0
0
0
0
0
0
913
0
0
0
0
0
0
0
0
3454
0
0
0
0
0
0
0
0
0
0
0
1276
107
0
0
0
0
0
0
0
0
4095
117
0
0
0
0
0
0
2563
0
0
0
1239
156
0
0
0
0
0
0
0
2242
352
308
0
0
0
0
263
0
1895
0
0
0
1321
139
0
0
0
0
0
0
0
1905
0
236
0
0
0
0
1205
0
3764
0
0
1025
326
95
0
0
0
0
0
0
0
1071
85
0
0
0
0
0
769
0
0
0
0
987
195
94
0
0
0
0
0
0
0
1276
347
0
0
0
0
0
0
979
1811
0
0
667
62
98
0
0
0
0
0
0
0
0
327
0
0
0
0
95
0
1166
1833
0
0
713
11
0
0
0
0
0
43
0
0
0
0
0
0
0
0
0
110
1119
1030
0
0
964
6
0
0
0
0
37
0
0
0
0
0
0
0
0
0
0
1018
1133
1750
0
0
712
26
0
0
0
0
59
0
0
0
0
0
0
0
0
0
0
1099
195
0
0
0
693
548
0
0
0
0
66
0
0
0
0
0
0
0
0
39
0
1776
0
0
0
0
431
426
0
0
0
84
0
0
0
0
0
0
0
0
0
0
0
0
0
0
1414
0
16
0
0
0
0
77
0
0
0
0
0
0
0
0
0
0
0
0
0
0
623
0
0
0
0
0
0
70
0
0
0
0
0
0
0
0
0
0
0
0
0
0
1093
0
0
0
0
0
0
0
0
0
0
0
0
0
0
0
0
0
0
0
0
0
0
0
0
0
0
0
0
0
0
0
0
0
0
0
0
0
0
0
0
0
0
0
0
0
0
0
0
0
0
0
0
0
0
0
0
0
0
0
0
0
0
0
0
0
0
0
0
0
0
0
0
0
0
0
0
0
0
0
0
0
0
0
0
0
0
0
0
0
0
0
0
0
0
0
0
0
0
0
0
0
0
0
0
0
0
0
0
0
0
0
0
0
0
0
0
0
0
1479
0
0
0
0
0
44
0
0
0
0
0
0
0
0
0
0
0
0
0
0
0
4095
0
0
0
0
0
151
0
0
0
0
0
0
0
0
0
0
0
0
0
0
4095
0
0
0
0
0
0
180
0
0
0
0
0
0
0
0
0
0
0
0
0
0
4095
0
0
0
0
0
0
96
0
0
0
0
0
0
0
0
0
0
0
0
0
0
4095
0
0
0
0
0
0
0
0
0
0
0
0
0
0
0
0
0
0
0
0
0
0
0
0
0
0
0
142
0
0
0
0
0
0
0
0
0
0
0
0
0
0
0
0
0
0
0
0
0
42
0
0
0
0
0
0
0
0
0
0
0
0
0
0
0
0
0
0
0
0
0
0
0
0
0
0
0
0
0
0
0
0
0
0
0
0
0
0
0
0
0
0
95
0
0
0
0
0
0
0
0
0
0
0
0
0
0
0
0
0
0
0
0
0
0
0
0
0
0
0
0
0
0
0
0
0
29
0
0
0
0
0
0
0
0
0
0
0
0
0
0
0
0
0
0
0
0
0
2329
0
0
0
4095
4095
0
0
0
114
37
0
0
0
0
0
0
0
0
0
0
0
3808
0
0
0
4095
1120
569
0
0
48
0
0
0
0
0
0
0
0
0
0
0
97
3182
0
0
0
4095
1155
583
0
0
101
0
0
0
0
0
0
0
0
0
0
0
114
0
0
0
4095
4095
1232
320
0
0
322
0
0
0
0
0
0
0
0
0
0
0
108
0
0
0
4095
4095
1189
0
0
0
2062
0
0
0
0
0
0
0
0
0
0
134
25
0
0
2878
1699
4095
1276
0
0
0
2419
0
0
0
0
0
0
0
0
0
0
785
0
0
0
2185
1804
4095
4095
0
1338
1132
1169
0
0
0
0
0
0
0
0
0
0
388
0
0
0
2025
1821
4095
4095
55
1115
1136
1202
0
0
0
0
0
0
0
0
0
0
0
0
0
0
2243
1635
4095
4095
0
2029
1106
0
0
0
0
0
0
0
0
0
0
1638
0
0
0
1803
820
1806
4095
4095
0
0
1176
0
0
0
0
0
0
0
0
0
0
1386
0
0
0
4095
723
1947
4095
1840
0
979
605
0
0
0
0
0
0
0
2985
0
0
5
0
0
0
4095
805
1670
4095
685
0
1050
0
0
0
0
0
0
0
0
3145
0
0
1
0
