0
0
0
0
0
0
0
1353
4
4
0
0
0
0
2074
0
0
0
0
265
0
0
0
0
0
0
0
0
0
0
0
5
0
0
0
0
2382
0
0
0
0
0
567
0
0
0
0
0
0
0
0
0
0
3
0
0
0
2041
3793
0
0
0
0
667
0
0
0
0
0
0
0
0
0
0
0
0
0
0
0
3063
0
0
0
0
0
1145
0
0
0
0
0
0
0
0
0
0
0
0
0
0
0
3604
0
0
0
0
0
0
0
0
0
0
0
0
0
0
0
0
0
0
0
0
1320
3709
0
0
0
0
0
0
0
0
0
0
0
0
0
0
0
0
0
0
0
0
2428
3930
0
0
0
0
0
0
0
0
0
0
0
0
0
0
1210
0
0
0
0
0
2289
3882
0
0
0
0
0
0
0
0
0
0
0
0
0
0
0
0
0
0
0
-7358
2964
3782
0
0
0
0
0
0
176
0
0
0
0
0
0
0
0
0
0
0
0
8736
0
0
0
0
0
0
0
1848
359
0
0
0
0
0
0
0
0
0
0
0
0
0
0
0
0
0
0
0
0
711
0
0
0
0
0
0
0
0
0
0
0
0
0
0
0
0
0
0
0
0
0
1115
0
0
0
0
0
0
0
0
0
0
0
0
0
0
3375
0
0
0
0
0
0
0
0
0
0
0
0
0
0
0
0
0
0
0
0
2134
0
0
0
0
0
0
0
0
0
0
0
0
0
0
0
0
0
0
0
0
0
2116
0
0
0
0
0
0
0
0
0
0
0
0
0
0
0
0
0
0
0
0
0
2013
0
0
0
0
0
0
0
0
0
0
0
0
0
0
0
0
0
0
0
0
0
2015
0
0
0
0
0
0
0
0
0
0
0
0
0
0
0
0
0
0
0
0
0
2194
0
0
0
0
0
0
0
0
0
0
0
0
0
0
0
0
0
0
0
0
0
0
0
0
0
0
0
0
0
0
0
0
0
0
0
0
0
0
0
0
0
0
0
0
0
0
0
0
0
0
0
0
0
0
0
0
0
0
0
0
0
0
0
0
232
0
0
0
0
0
0
0
0
0
0
0
0
0
0
0
0
0
0
0
0
0
554
0
0
0
0
0
0
0
0
0
0
0
0
0
221
221
0
0
0
0
0
0
518
0
0
0
0
0
0
0
0
0
0
0
0
0
229
229
0
0
0
0
0
0
0
0
0
0
0
0
0
0
0
0
0
0
0
0
278
278
0
0
0
0
0
0
0
0
0
0
0
0
0
0
0
0
0
0
0
0
0
0
0
0
0
0
0
0
0
0
0
0
0
0
0
0
0
0
0
0
0
0
0
0
0
0
0
0
0
0
0
0
0
0
0
0
0
0
0
0
0
0
0
0
0
0
0
0
0
0
0
0
0
0
0
0
0
0
0
0
0
0
0
1
0
0
278
0
0
0
0
0
0
0
0
0
0
400
0
0
0
0
0
0
1
2
0
0
0
0
0
0
0
0
0
7
0
0
0
356
0
0
0
0
0
0
6
6
0
0
0
0
0
0
0
0
0
125
0
0
0
359
0
0
0
0
0
0
2
1125
0
0
0
0
0
0
0
0
32
220
0
0
502
0
0
0
0
0
0
0
2
1401
0
0
0
0
0
0
0
0
71
0
0
0
495
0
0
0
0
0
0
0
1
1392
0
0
0
0
0
0
0
0
73
0
0
0
494
0
0
0
0
0
0
0
2
1417
0
0
0
0
0
0
0
0
0
0
0
563
0
0
0
0
0
0
0
0
2
1382
0
0
0
0
0
0
0
0
0
0
0
472
0
0
0
0
0
0
0
713
714
0
0
0
0
0
0
0
0
0
0
0
652
1182
0
0
0
0
0
0
0
563
565
0
0
0
0
0
0
0
0
0
0
931
0
522
0
0
0
0
0
0
0
0
2
0
0
0
0
0
0
0
0
0
0
0
0
424
0
0
0
0
0
0
0
0
0
0
0
0
0
0
0
0
0
0
0
0
0
480
0
0
0
0
0
0
0
0
0
0
0
0
0
0
0
0
0
0
0
0
0
455
0
0
0
0
0
0
0
0
0
0
0
0
0
0
0
0
0
0
0
0
0
489
0
0
0
0
0
0
0
0
0
0
0
0
0
0
0
0
0
0
0
0
579
949
0
0
0
0
0
0
0
0
0
0
0
0
0
0
0
0
0
0
0
0
573
573
0
0
0
0
0
0
0
0
0
0
0
0
0
0
0
0
0
0
0
520
0
0
0
0
0
0
0
0
0
0
0
0
0
0
0
0
0
0
0
0
0
0
0
0
0
0
0
0
0
0
0
0
0
0
0
0
0
0
0
0
0
0
0
0
0
0
0
0
0
0
0
0
0
0
0
0
0
0
0
0
0
0
0
0
10
0
0
0
0
0
0
0
0
0
0
0
0
0
0
0
0
0
0
0
0
0
0
0
0
0
0
0
0
0
0
0
0
0
0
0
0
0
0
0
0
0
0
0
0
0
0
0
0
0
0
0
0
0
0
0
0
0
0
0
0
0
0
0
0
0
0
0
0
0
0
0
0
0
0
0
0
0
0
0
0
0
0
0
0
0
0
0
0
0
0
0
0
0
0
0
0
0
-5282
0
0
0
0
0
0
0
0
0
0
0
0
0
0
0
0
0
0
0
0
0
7358
0
0
0
0
0
0
0
0
0
0
0
0
0
0
0
0
0
0
0
0
1740
0
0
0
0
0
0
0
0
0
0
0
0
0
0
0
0
0
0
0
0
587
2428
0
0
0
0
0
0
0
0
0
0
0
0
0
0
0
0
0
0
0
0
0
0
0
0
0
0
0
0
0
0
0
0
0
0
0
0
0
0
0
0
0
0
0
0
0
0
0
0
0
0
0
0
0
0
0
0
0
0
0
0
0
0
0
0
0
0
0
0
0
0
0
0
0
0
0
0
0
0
0
0
0
0
0
0
0
0
-5609
-8035
-6802
0
0
0
0
0
0
0
0
0
0
0
0
0
0
0
0
0
0
0
-4414
-7147
-6464
0
0
0
0
0
0
0
0
0
0
0
0
0
0
0
0
0
0
0
13538
-6391
-6305
0
0
0
0
0
0
0
0
0
0
0
0
0
0
0
0
0
0
0
420
27103
22244
0
0
0
0
0
0
0
0
0
0
0
0
0
0
0
0
0
0
1250
2229
0
0
0
0
20
0
0
0
0
0
0
0
0
0
0
0
0
0
0
0
2558
0
0
0
0
0
0
0
0
0
0
0
0
0
0
0
2
2
2
0
0
0
2445
0
0
0
0
23
0
0
0
0
0
0
0
0
0
2
6
6
0
0
0
0
2768
0
0
0
0
87
0
0
0
0
0
0
0
0
0
1
10
110
0
0
0
1497
0
0
0
0
0
0
0
0
0
0
0
0
0
0
0
2
10
92
0
0
0
1757
0
0
0
0
0
80
0
0
0
0
0
0
0
0
0
5
549
549
0
0
0
0
0
0
0
0
0
0
0
0
0
0
0
0
0
0
0
3
476
476
0
0
0
0
0
0
0
0
0
0
0
0
0
0
0
0
0
0
0
0
0
0
0
0
2044
0
0
0
0
0
0
0
0
0
0
0
0
0
0
0
0
2
3
0
0
0
2638
0
0
0
0
0
0
0
0
