0
1422
0
0
0
0
0
0
0
1643
0
0
0
3
0
0
0
4095
1409
3358
4095
665
0
1508
0
0
0
0
0
0
0
2364
0
0
3
0
0
0
0
4095
1618
4095
0
0
0
556
0
0
0
0
0
0
0
3389
0
0
0
0
0
0
0
4095
1660
3692
0
0
0
0
0
0
0
0
0
0
0
3350
0
0
0
0
0
0
0
4095
1901
4095
0
0
0
0
0
0
0
0
0
0
0
2132
1766
0
0
0
0
0
4095
451
1751
4095
0
0
0
0
0
0
0
0
0
0
0
3155
1875
0
0
0
0
0
4095
486
1687
3284
0
0
0
0
0
0
0
0
0
0
0
3124
1683
0
0
0
0
0
4095
528
1911
3235
0
0
0
0
0
0
0
0
0
0
0
3081
0
0
0
0
0
0
4095
455
1609
2277
0
0
0
0
0
0
0
0
0
0
1399
1636
0
0
0
0
0
0
4095
537
1575
2072
0
0
1161
0
0
0
0
0
0
0
1299
691
0
0
0
4095
0
4095
1392
447
2780
0
0
0
975
0
0
0
0
0
0
0
1273
0
0
0
0
4095
0
4095
980
452
2657
0
0
0
940
0
0
0
0
0
0
0
1396
0
0
0
0
4095
0
4095
742
539
1334
0
0
0
426
0
0
0
0
0
0
0
389
0
0
0
0
4095
0
4095
735
476
311
0
1406
0
0
0
0
0
0
0
0
0
0
0
0
0
0
0
0
4095
645
432
251
0
1524
0
0
0
0
0
0
0
0
0
62
0
0
0
0
0
4095
1473
653
521
0
1200
0
0
0
0
0
0
0
0
0
0
420
0
0
0
0
0
4095
1772
618
446
0
1266
0
0
0
0
0
0
0
0
0
0
435
0
0
0
0
0
4095
1642
625
87
0
468
92
0
0
0
0
0
0
0
0
0
0
0
0
0
0
0
4095
1533
706
0
277
216
0
0
0
0
0
0
0
0
0
0
0
0
0
0
0
3986
4095
1843
828
0
334
287
0
0
0
0
0
0
0
0
0
0
0
0
0
0
0
1140
4095
1640
630
0
265
181
0
0
0
0
0
0
0
0
0
0
0
0
0
0
0
1207
4095
1636
730
0
324
78
0
0
0
0
0
0
0
0
0
0
0
0
0
0
0
1584
4095
1623
87
0
224
7
0
0
0
0
0
0
0
0
106
0
0
0
0
0
0
1686
4095
1828
0
0
199
4
0
0
0
0
0
0
0
0
155
0
0
0
0
0
0
1664
4095
1598
0
0
109
0
0
0
0
0
0
108
0
0
0
0
0
0
0
0
540
4095
4095
1665
0
63
146
0
0
0
0
0
0
647
0
0
0
0
0
0
0
0
353
4095
4095
340
0
124
327
0
0
0
0
0
0
1542
0
0
0
0
0
0
0
0
83
4095
0
390
0
20
344
0
0
0
0
0
0
1406
179
0
0
0
0
0
0
0
0
4095
0
0
321
137
400
0
0
0
0
0
1293
1404
118
0
0
0
0
0
0
0
0
3921
0
0
313
323
0
0
0
0
0
0
1743
1693
110
0
0
0
0
0
0
0
61
492
0
0
476
74
0
0
0
0
0
0
3094
1385
0
0
0
0
0
0
0
0
253
0
0
0
1081
0
0
0
0
0
0
0
0
4095
0
0
0
0
0
0
0
0
0
0
0
0
1682
0
0
0
0
0
0
0
3122
1375
195
0
0
0
0
0
0
904
0
0
0
1420
191
0
0
0
0
0
0
0
3112
529
269
0
0
0
0
0
0
1749
0
0
0
1400
184
0
0
0
0
0
0
0
3054
0
239
0
0
0
0
48
0
2787
0
0
0
1366
153
0
0
0
0
0
0
0
3728
74
0
0
0
0
0
2079
0
0
0
0
1732
352
156
0
0
0
0
0
0
2130
0
329
0
0
0
0
0
0
0
2678
0
0
994
210
128
0
0
0
0
0
0
1502
0
314
0
0
0
0
91
0
1114
1536
0
0
804
66
163
0
0
0
0
0
0
0
0
61
0
0
0
0
0
0
1239
1428
0
0
777
41
0
0
0
0
0
0
0
0
0
0
0
0
0
0
0
1015
1194
819
0
0
982
10
0
0
0
0
0
0
0
0
0
0
0
0
0
0
0
1273
845
0
0
0
1291
216
0
0
0
0
0
0
0
0
0
0
0
0
0
75
0
1102
192
0
0
0
1279
603
0
0
0
0
0
0
0
0
0
0
0
0
0
0
0
1135
0
0
0
0
1645
0
0
0
0
111
0
0
0
0
0
0
0
0
0
0
0
0
0
0
669
0
30
0
0
0
0
115
0
0
0
0
0
0
0
0
0
0
0
0
0
0
698
0
0
0
0
0
0
95
0
0
0
0
0
0
0
0
34
0
0
0
0
402
0
0
0
0
0
0
0
24
0
0
0
0
0
0
0
0
0
0
0
0
0
213
0
0
0
0
0
0
14
0
0
0
0
0
0
0
0
0
0
0
0
0
0
0
0
0
0
0
0
0
16
0
0
0
0
0
0
0
0
0
0
0
0
0
0
0
0
0
0
0
0
0
13
0
0
0
0
0
0
0
0
0
0
0
0
0
0
0
0
0
0
0
0
0
0
0
0
0
0
0
0
0
0
14
0
0
0
0
0
0
0
0
0
0
0
0
0
0
0
0
0
0
0
0
0
4095
0
0
0
0
0
0
0
0
0
0
0
0
0
0
0
0
0
0
0
0
0
200
0
0
0
0
0
0
0
0
0
0
0
0
0
0
4095
0
0
0
0
0
0
63
0
0
0
0
0
0
0
0
0
0
0
0
0
0
4095
0
0
0
0
0
45
0
0
0
0
0
0
0
0
0
0
0
0
0
0
0
4095
0
0
0
0
0
75
0
0
0
0
0
0
0
0
0
0
0
0
0
0
0
4095
0
0
0
0
0
4095
0
0
0
0
0
0
0
0
0
0
0
0
0
0
0
0
0
0
0
0
4095
10
0
0
0
0
0
0
0
0
0
0
0
0
0
0
0
0
0
0
0
0
4095
0
0
0
0
0
0
0
0
0
0
0
0
0
0
0
0
0
0
0
0
0
4095
0
0
0
0
0
0
0
0
0
0
0
0
0
0
0
0
0
0
0
0
4095
0
0
0
0
0
0
0
0
0
0
0
0
4095
0
0
0
0
0
0
0
0
121
0
0
0
0
0
0
0
0
0
0
0
0
0
0
0
0
4095
4095
0
0
0
13
0
0
0
0
0
0
0
0
0
0
0
0
0
0
0
0
4095
1230
0
0
0
76
0
0
0
0
0
0
0
0
0
0
0
59
0
0
0
4095
4095
1347
0
0
0
194
0
0
0
0
0
0
0
0
0
0
0
74
0
0
0
3948
4095
1123
29
0
0
1310
0
0
0
0
0
0
0
0
0
0
6
60
0
0
0
4095
4095
1222
0
0
0
1930
0
0
0
0
0
0
0
0
0
0
170
31
0
0
4037
1766
4095
1249
0
1217
805
1148
0
0
0
0
0
0
0
0
0
0
159
0
0
0
2497
3131
4095
3835
0
1320
2226
0
0
0
0
0
0
0
0
0
0
0
539
0
0
0
2276
4095
4095
4095
0
1311
1542
0
0
0
0
0
0
0
0
0
0
0
461
0
0
1435
918
3408
4095
4095
0
0
2572
0
0
0
0
0
0
0
0
0
0
3
0
0
0
2713
1043
3064
4095
4095
0
1278
726
0
0
0
0
0
0
0
0
0
0
1340
0
0
0
4095
922
3634
4095
3238
0
