47
16
50
-1
-1
-1
187
-1
-1
-1
-1
-1
-1
-1
119
-1
-1
124
-1
-1
-1
-1
75
17
54
-1
-1
-1
189
-1
-1
-1
-1
-1
-1
-1
224
-1
-1
-1
-1
-1
-1
-1
79
19
185
-1
-1
-1
-1
-1
-1
-1
-1
-1
-1
-1
281
-1
-1
-1
-1
-1
-1
-1
5
17
183
-1
-1
-1
-1
-1
-1
-1
-1
-1
-1
-1
156
97
-1
-1
-1
-1
-1
102
6
21
185
-1
-1
-1
-1
-1
-1
-1
-1
-1
-1
-1
152
96
-1
-1
-1
-1
-1
101
5
18
182
-1
-1
-1
-1
-1
-1
-1
-1
-1
-1
-1
153
101
-1
-1
-1
-1
-1
99
5
17
181
-1
-1
-1
-1
-1
-1
-1
-1
-1
-1
-1
155
103
-1
-1
-1
-1
-1
98
6
21
188
-1
-1
-1
-1
-1
-1
-1
-1
-1
-1
120
129
-1
-1
-1
-1
-1
-1
101
5
41
-1
-1
-1
187
-1
-1
-1
-1
-1
-1
-1
86
68
-1
-1
-1
97
-1
55
13
5
42
-1
-1
-1
184
-1
-1
-1
-1
-1
-1
-1
83
32
66
-1
-1
66
-1
49
12
6
42
-1
-1
-1
189
-1
-1
-1
-1
-1
-1
-1
87
-1
95
-1
-1
64
-1
50
11
5
19
-1
183
-1
-1
-1
-1
-1
-1
-1
-1
-1
119
30
97
-1
-1
-1
-1
81
9
6
17
-1
185
-1
-1
-1
-1
-1
-1
-1
-1
-1
107
30
103
-1
-1
-1
-1
83
8
5
-1
205
-1
-1
-1
-1
-1
-1
-1
-1
-1
-1
105
100
-1
-1
-1
-1
96
21
8
5
-1
198
-1
-1
-1
-1
-1
-1
-1
-1
-1
-1
172
-1
-1
-1
-1
-1
123
17
8
6
-1
38
155
-1
-1
-1
-1
-1
-1
-1
-1
-1
162
-1
-1
-1
-1
-1
127
17
8
5
18
146
-1
-1
-1
-1
-1
-1
-1
-1
-1
135
81
-1
-1
-1
-1
-1
126
19
8
-1
19
157
-1
-1
-1
-1
-1
-1
-1
-1
-1
167
-1
-1
-1
-1
-1
127
23
19
13
-1
17
152
-1
-1
-1
-1
-1
-1
-1
-1
-1
164
-1
-1
-1
-1
-1
125
27
18
14
-1
17
147
-1
-1
-1
-1
-1
-1
-1
-1
-1
160
-1
-1
-1
-1
-1
131
29
18
14
-1
19
219
-1
-1
-1
-1
-1
-1
-1
-1
-1
-1
-1
-1
-1
-1
-1
204
26
20
13
5
16
150
-1
-1
-1
-1
-1
-1
-1
-1
154
-1
-1
-1
-1
-1
-1
127
28
18
8
5
16
146
-1
-1
-1
-1
-1
-1
-1
-1
160
-1
-1
-1
-1
-1
-1
125
27
27
-1
6
17
84
-1
-1
-1
-1
-1
140
-1
-1
47
-1
-1
-1
-1
-1
120
33
30
26
-1
5
98
-1
-1
-1
-1
-1
-1
156
-1
-1
-1
-1
-1
-1
-1
-1
143
29
29
28
-1
5
99
-1
-1
-1
-1
-1
-1
157
-1
-1
-1
-1
-1
-1
-1
-1
138
30
-1
55
-1
6
99
-1
-1
-1
-1
-1
-1
125
19
48
-1
-1
-1
-1
-1
-1
-1
179
-1
-1
26
68
-1
-1
-1
-1
-1
-1
134
29
18
43
-1
-1
-1
-1
-1
-1
-1
182
-1
-1
29
72
-1
-1
-1
-1
-1
-1
129
25
18
43
-1
-1
-1
-1
-1
-1
135
63
-1
-1
29
75
-1
-1
-1
-1
-1
-1
124
66
-1
-1
-1
-1
-1
-1
-1
-1
181
-1
-1
-1
57
75
-1
-1
-1
-1
-1
-1
-1
149
100
-1
-1
-1
-1
-1
-1
-1
-1
-1
-1
-1
177
82
-1
-1
-1
-1
-1
-1
123
28
42
-1
-1
-1
-1
-1
-1
154
-1
-1
-1
80
10
-1
-1
-1
-1
-1
-1
-1
127
27
43
-1
-1
-1
-1
-1
-1
154
-1
-1
-1
79
84
-1
-1
-1
-1
-1
-1
-1
137
25
37
-1
-1
-1
-1
56
-1
93
-1
-1
-1
80
92
-1
-1
-1
-1
-1
-1
-1
128
25
38
-1
-1
-1
-1
140
-1
-1
-1
-1
94
21
96
-1
-1
-1
-1
-1
-1
127
30
58
-1
-1
-1
-1
47
30
-1
104
-1
-1
60
21
71
-1
-1
-1
-1
-1
-1
126
-1
96
-1
-1
-1
-1
53
31
32
62
-1
-1
59
21
71
-1
-1
-1
-1
-1
-1
-1
-1
188
-1
-1
-1
-1
52
34
30
64
-1
-1
64
122
-1
-1
-1
-1
81
63
-1
-1
-1
126
-1
-1
-1
-1
59
31
30
64
-1
-1
59
47
-1
-1
-1
-1
-1
126
-1
-1
116
-1
-1
-1
-1
50
25
31
60
-1
-1
-1
92
74
-1
-1
-1
59
-1
165
-1
-1
-1
-1
-1
-1
-1
104
29
31
60
-1
-1
-1
94
47
-1
-1
-1
97
-1
-1
-1
154
-1
-1
-1
-1
-1
76
26
95
-1
-1
-1
-1
137
-1
-1
-1
-1
96
-1
-1
-1
204
-1
-1
-1
-1
-1
-1
-1
-1
-1
-1
183
-1
95
-1
-1
-1
-1
191
-1
-1
-1
-1
-1
-1
-1
-1
143
-1
-1
-1
-1
-1
126
-1
83
-1
-1
-1
-1
193
-1
-1
-1
-1
-1
-1
-1
-1
154
-1
-1
-1
-1
123
-1
-1
85
-1
-1
-1
186
-1
-1
-1
-1
-1
-1
-1
-1
-1
182
-1
-1
-1
-1
183
-1
-1
-1
-1
-1
-1
251
-1
-1
-1
-1
-1
-1
-1
-1
-1
296
-1
-1
-1
-1
-1
-1
-1
-1
-1
-1
-1
247
-1
-1
-1
-1
-1
-1
-1
-1
-1
313
-1
-1
-1
-1
-1
-1
-1
-1
-1
-1
-1
261
-1
-1
-1
-1
-1
-1
-1
-1
261
-1
-1
-1
-1
-1
-1
-1
-1
-1
-1
-1
-1
-1
-1
-1
-1
-1
-1
-1
-1
-1
526
-1
-1
-1
-1
-1
-1
-1
-1
-1
-1
-1
-1
-1
-1
-1
-1
-1
-1
-1
-1
-1
511
-1
-1
-1
-1
-1
-1
-1
-1
-1
-1
-1
-1
-1
-1
251
-1
-1
-1
-1
-1
-1
248
-1
-1
-1
-1
-1
-1
-1
-1
-1
-1
-1
-1
-1
-1
250
-1
-1
-1
-1
-1
-1
244
-1
-1
-1
-1
-1
-1
-1
-1
-1
-1
-1
-1
-1
-1
234
-1
-1
-1
-1
-1
279
-1
-1
-1
-1
-1
-1
-1
-1
-1
-1
-1
-1
-1
-1
-1
-1
-1
-1
-1
-1
-1
515
-1
-1
-1
-1
-1
-1
-1
-1
-1
-1
-1
-1
-1
-1
-1
-1
-1
-1
-1
-1
-1
499
-1
-1
-1
-1
-1
-1
-1
-1
-1
-1
-1
-1
-1
-1
-1
-1
-1
-1
-1
-1
252
244
-1
-1
-1
-1
-1
-1
-1
-1
-1
-1
-1
-1
-1
-1
-1
-1
-1
-1
-1
-1
499
-1
-1
-1
-1
-1
-1
-1
-1
-1
-1
-1
-1
-1
-1
-1
-1
-1
-1
-1
-1
-1
503
-1
-1
-1
-1
-1
-1
-1
-1
-1
-1
-1
-1
-1
-1
-1
-1
-1
-1
-1
-1
165
101
-1
-1
-1
-1
-1
-1
-1
-1
-1
-1
-1
244
-1
-1
-1
46
64
-1
-1
-1
192
-1
-1
-1
-1
-1
-1
-1
-1
-1
-1
-1
-1
202
-1
-1
-1
49
65
-1
-1
-1
168
-1
-1
-1
-1
-1
-1
-1
-1
-1
-1
-1
190
34
-1
-1
26
30
32
75
-1
-1
133
-1
-1
-1
-1
-1
-1
-1
-1
-1
-1
-1
197
22
-1
-1
26
27
30
71
-1
-1
136
-1
-1
-1
-1
-1
-1
-1
-1
-1
-1
-1
226
-1
-1
-1
27
28
63
-1
-1
-1
168
-1
-1
-1
-1
-1
-1
-1
-1
-1
-1
165
50
-1
-1
13
20
30
64
-1
-1
-1
163
-1
-1
-1
-1
-1
-1
-1
-1
-1
-1
186
40
-1
-1
15
20
28
34
-1
67
31
99
-1
-1
-1
-1
-1
-1
-1
-1
-1
-1
184
38
-1
-1
13
26
28
31
-1
67
126
-1
-1
-1
-1
-1
-1
-1
-1
-1
-1
-1
251
-1
-1
-1
9
29
30
30
-1
69
119
-1
-1
-1
-1
-1
-1
-1
-1
-1
-1
-1
237
-1
-1
24
10
27
33
66
-1
-1
155
-1
-1
-1
-1
-1
-1
-1
-1
-1
-1
216
-1
-1
-1
45
12
24
29
30
-1
70
121
-1
-1
-1
-1
-1
-1
-1
-1
-1
-1
217
-1
-1
-1
46
15
24
28
30
-1
154
-1
-1
-1
-1
-1
-1
-1
123
-1
-1
-1
130
-1
-1
-1
46
