0
0
3636
0
0
0
129
0
580
0
0
0
0
0
0
0
0
0
1444
0
0
0
0
645
3691
0
0
0
0
512
1110
0
0
0
0
0
0
0
0
2793
1324
0
0
0
0
2434
3919
0
0
1356
1356
781
182
0
0
0
0
0
0
0
0
0
1413
0
0
0
0
2357
3924
0
0
1913
1410
802
166
0
0
0
0
0
0
0
0
0
1127
0
0
0
1165
3441
0
0
0
1913
1387
824
201
0
0
0
0
0
0
0
122
0
0
0
0
0
1956
3787
0
0
0
1701
1226
704
134
0
0
0
0
0
0
0
161
0
0
0
0
0
0
3417
0
0
0
1679
1157
616
0
0
0
0
0
0
0
0
111
0
0
0
0
402
0
3131
0
0
0
1833
1262
721
0
0
0
0
0
0
0
0
119
0
0
0
0
2097
0
2725
0
0
0
531
0
541
0
0
0
0
0
0
0
0
100
0
0
0
0
2199
0
0
0
0
304
0
491
1151
20
20
0
0
0
0
0
0
0
0
0
0
0
2129
0
0
0
0
0
356
0
578
35
35
0
0
0
0
0
0
0
68
0
0
0
2083
3405
0
0
0
0
302
913
343
68
56
0
0
0
0
0
0
0
0
0
0
0
1672
3457
0
0
0
0
341
493
63
63
46
0
0
0
0
0
0
0
0
0
0
0
1721
0
0
0
0
14
0
30
30
30
0
0
0
0
0
0
0
0
0
0
0
0
2102
0
0
0
0
0
0
34
34
34
0
0
0
0
0
0
0
0
0
0
0
0
1924
0
0
0
0
18
0
6
6
0
0
0
0
0
0
0
0
0
0
0
0
0
2766
0
0
0
0
0
0
10
10
0
0
0
0
0
0
0
0
0
0
0
0
0
2770
0
0
0
0
0
0
0
0
0
0
0
0
0
0
0
0
0
0
0
0
0
0
0
0
0
0
0
0
0
0
0
0
0
0
0
0
0
0
0
0
0
0
0
0
0
0
0
0
0
0
0
0
0
0
0
0
0
0
0
0
0
0
0
0
0
0
0
0
0
0
0
0
0
0
0
0
0
0
0
0
0
0
0
0
0
0
0
0
0
0
0
0
0
493
493
493
493
493
493
493
0
0
0
0
0
0
0
0
0
0
0
0
0
0
0
0
0
0
0
0
0
0
1247
1247
0
0
0
0
0
0
0
0
0
0
267
0
0
0
0
0
0
0
0
1297
0
0
0
0
0
0
0
0
0
0
0
0
275
0
25
0
0
0
0
0
0
1470
0
0
0
0
0
0
0
0
0
2101
0
0
250
0
0
0
0
0
0
0
0
1318
0
0
0
0
0
0
0
0
4
0
0
442
0
0
0
0
0
0
0
3
3
0
0
0
0
0
0
0
0
0
6
0
0
416
0
453
0
0
0
0
0
2
1671
0
0
0
0
0
0
0
0
0
209
381
0
409
0
93
0
0
0
0
5
11
1697
0
0
0
0
0
0
0
0
64
307
548
1063
1494
0
0
0
0
0
0
5
8
1806
0
0
0
0
0
0
0
0
70
281
495
1442
1811
0
0
0
0
0
0
6
10
2023
0
27
27
27
27
27
27
0
267
452
973
484
0
0
0
0
0
0
0
100
106
1867
0
0
0
0
0
0
0
106
914
592
0
495
0
0
0
0
0
0
0
562
565
0
0
0
0
0
0
0
0
244
1136
579
0
492
0
0
0
0
0
0
38
341
347
0
0
0
0
0
0
0
0
983
1129
527
0
0
0
0
0
0
0
0
137
137
137
0
0
0
0
0
0
0
2160
1409
0
536
1099
0
0
0
0
0
0
0
70
72
72
0
0
0
0
0
0
0
0
0
669
0
539
0
0
0
0
0
0
0
0
0
0
0
0
0
0
0
0
0
0
0
578
0
526
0
79
0
0
0
0
0
0
0
0
0
0
0
0
0
0
0
0
0
575
0
614
0
0
0
0
0
0
0
0
0
0
0
0
0
0
0
0
0
0
0
582
0
388
0
0
0
0
0
0
0
0
0
0
0
0
0
0
0
0
0
0
567
567
0
533
0
0
0
0
0
0
0
0
0
0
0
0
0
0
0
0
0
0
0
0
544
1054
0
0
0
0
0
25
0
0
0
0
0
0
0
0
0
786
786
0
0
0
426
0
0
0
0
0
0
0
0
0
0
0
0
0
0
0
0
0
0
0
0
0
0
0
0
0
0
0
0
0
0
0
0
0
0
0
0
0
0
0
0
0
0
160
0
0
0
0
0
0
0
0
0
0
0
0
0
0
0
0
0
0
0
0
0
201
345
345
0
0
0
0
0
0
0
0
0
0
0
0
0
0
142
142
142
142
142
0
0
0
0
0
0
0
0
0
0
0
0
0
0
0
0
0
0
0
0
0
0
0
0
0
0
0
0
0
0
0
0
0
0
0
0
0
0
0
0
0
0
0
0
0
0
0
0
0
0
0
0
0
0
0
0
0
0
0
0
0
0
0
0
0
0
0
0
0
0
0
0
0
0
0
0
0
0
0
0
0
0
4
4
4
4
4
4
0
0
0
0
0
0
0
0
0
4095
0
0
0
0
0
0
135
135
135
135
135
39
0
0
0
0
0
0
0
0
0
0
0
0
0
0
0
0
198
198
198
198
198
91
0
0
0
0
0
0
0
0
1113
0
0
0
0
0
0
0
50
50
50
50
50
0
0
0
0
0
0
0
0
0
2071
0
0
0
0
0
0
29
29
29
29
29
29
0
0
0
0
0
0
0
0
0
2041
4063
4063
4063
4063
4063
4063
11
11
11
11
11
0
0
0
0
0
0
0
0
0
0
2067
4085
4085
4085
4085
4085
4085
10
10
10
10
10
0
0
0
0
0
0
0
0
0
986
2574
4095
4095
4095
4095
4095
0
0
0
0
0
0
0
0
0
0
0
0
0
0
0
1156
2556
4085
4085
4085
4085
4085
0
0
0
0
0
0
0
0
0
0
0
0
0
0
0
1165
2590
4022
4093
4093
4093
4093
0
0
0
0
0
0
0
0
0
0
0
0
4091
4091
4091
2293
0
3836
4095
4095
4095
0
0
0
0
0
0
0
0
0
0
0
0
0
0
0
419
1945
0
0
0
0
0
0
0
0
0
0
0
0
0
0
0
0
0
0
0
0
734
2216
0
0
0
0
35
0
0
0
0
0
0
0
0
0
0
0
0
0
0
0
985
1540
0
0
0
0
77
0
0
0
0
0
0
0
0
0
2
2
2
0
0
0
2817
0
0
0
44
0
277
0
0
0
0
0
0
0
0
0
4
4
4
0
0
0
2518
0
0
0
145
0
1114
31
0
0
0
0
0
0
0
0
6
124
124
0
0
0
2830
0
0
11
0
170
1311
0
0
0
0
0
0
0
0
0
4
707
0
0
0
600
0
0
0
0
0
0
0
0
0
0
0
0
0
0
0
0
5
438
438
6
6
929
0
0
0
0
0
0
0
0
0
0
0
0
0
0
0
0
6
6
6
1375
1375
2253
0
0
0
0
0
0
209
0
0
0
0
0
0
0
0
1373
1375
1375
1375
0
0
0
0
0
0
0
0
1027
0
0
0
0
0
0
0
0
1388
0
5
0
0
0
2700
0
0
0
0
0
356
0
0
0
0
0
0
0
0
0
1519
0
4
0
0
0
3482
0
0
0
0
0
603
0
0
0
0
0
0
0
0
0
1569
0
1
0
0
