1332
77
0
0
0
0
0
0
0
0
0
0
1940
0
0
0
4095
775
1716
4095
531
0
2101
0
0
0
0
0
0
0
1637
0
0
0
0
0
0
0
4095
840
1598
4095
0
0
667
0
0
0
0
0
0
0
3156
0
0
0
0
0
0
0
4095
657
4095
0
0
0
0
0
0
0
0
0
0
0
3709
0
0
0
0
0
0
0
4095
617
4095
0
0
0
0
0
0
0
0
0
0
0
3361
0
0
0
0
0
0
0
4095
812
4095
0
0
0
0
0
0
0
0
0
0
0
2637
1752
0
0
0
0
0
4095
536
888
3888
0
0
0
0
0
0
0
0
0
0
0
3001
1913
0
0
0
0
0
4095
440
986
3412
0
0
0
0
0
0
0
0
0
0
0
3251
694
0
0
0
0
0
4095
482
1255
3001
0
0
0
0
0
0
0
0
0
0
0
3233
0
0
0
0
0
0
4095
542
1585
2184
0
0
0
0
0
0
0
0
0
0
1306
1346
0
0
0
4095
0
0
4095
446
1612
2096
0
0
0
0
0
0
0
0
0
0
1302
0
0
0
0
4095
0
4095
1810
466
2306
0
0
0
1502
0
0
0
0
0
0
0
1472
0
0
0
0
4095
0
4095
1664
519
1664
0
0
0
1499
0
0
0
0
0
0
0
1081
0
0
0
0
4095
0
4095
1707
449
275
0
1042
0
917
0
0
0
0
0
0
0
0
0
0
0
0
0
0
4095
1864
556
326
0
1680
0
0
0
0
0
0
0
0
0
0
0
0
0
0
0
4095
3228
1581
452
0
713
787
0
0
0
0
0
0
0
0
0
304
0
0
0
0
0
4095
3113
1529
482
0
688
530
0
0
0
0
0
0
0
0
0
379
0
0
0
0
0
4095
3160
1330
446
0
559
415
0
0
0
0
0
0
0
0
0
238
0
0
0
0
0
4095
3427
984
0
0
489
10
0
0
0
0
0
0
0
0
0
0
0
0
0
0
0
4095
3045
913
0
281
406
0
0
0
0
0
0
0
0
0
0
0
0
0
0
0
1275
4095
3053
684
0
329
163
0
0
0
0
0
0
0
0
0
0
0
0
0
0
0
1328
4095
3379
596
0
261
121
0
0
0
0
0
0
0
0
0
0
0
0
0
0
0
1176
4095
2019
490
0
290
33
0
0
0
0
0
0
0
0
0
0
0
0
0
0
0
1111
4095
1681
0
0
147
14
0
0
0
0
0
0
0
0
207
0
0
0
0
0
0
1131
4095
1640
0
0
327
1
0
0
0
0
0
0
0
0
154
0
0
0
0
0
0
1136
4095
1681
0
4
65
31
0
0
0
0
0
103
0
0
0
0
0
0
0
0
0
4095
4095
967
0
62
200
31
0
0
0
0
0
1261
0
0
0
0
0
0
0
0
0
5
0
3839
0
79
449
0
0
0
0
0
0
1683
0
151
0
0
0
0
0
0
0
4095
0
323
0
64
454
0
0
0
0
0
0
2216
101
0
0
0
0
0
0
0
0
4095
0
0
336
566
0
0
0
0
0
0
1672
1437
117
0
0
0
0
0
0
0
0
600
0
0
353
220
0
0
0
0
0
0
2162
1336
54
0
0
0
0
0
0
0
57
0
0
0
970
37
0
0
0
0
0
0
0
4095
0
0
0
0
0
0
0
0
0
0
0
0
1535
0
0
0
0
0
0
0
0
4095
0
0
0
0
0
0
0
410
0
0
0
1339
37
0
0
0
0
0
0
0
2999
1100
275
0
0
0
0
0
0
1625
0
0
0
1504
177
0
0
0
0
0
0
0
3062
0
302
0
0
0
0
0
0
2475
0
0
0
1389
141
0
0
0
0
0
0
0
3543
0
100
0
0
0
0
165
0
2645
0
0
1051
318
156
0
0
0
0
0
0
0
2795
234
0
0
0
0
0
0
0
2619
0
0
1040
315
111
0
0
0
0
0
0
1742
0
376
0
0
0
0
0
0
1122
1521
0
0
817
101
84
0
0
0
0
0
0
0
0
813
0
0
0
0
84
0
1107
1590
0
0
777
124
0
0
0
0
0
0
0
0
0
0
0
0
0
0
0
408
1263
888
0
0
883
4
0
0
0
0
0
0
0
0
0
0
0
0
0
0
0
1097
1411
0
0
0
1445
5
0
0
0
0
0
0
0
0
0
0
0
0
0
67
0
1311
182
0
0
0
1235
360
0
0
0
0
0
0
0
0
0
0
0
0
0
0
0
1378
0
0
0
0
1303
495
0
0
0
49
0
0
0
0
0
0
0
0
0
260
0
0
0
0
768
0
488
0
0
0
0
102
0
0
0
0
0
0
0
0
35
0
0
0
0
0
652
0
0
0
0
0
0
118
0
0
0
0
0
0
0
0
0
0
0
0
0
162
374
0
0
0
0
0
0
76
0
0
0
0
0
0
0
0
51
0
0
0
0
305
0
0
0
0
0
0
23
0
0
0
0
0
0
0
0
0
72
0
0
0
0
0
0
0
0
0
0
0
18
0
0
0
0
0
0
0
0
0
0
0
0
0
0
0
0
0
0
0
0
0
17
0
0
0
0
0
0
0
0
0
0
0
0
0
0
0
0
0
0
0
0
0
3
0
0
0
0
0
0
0
0
0
0
0
0
0
0
0
0
0
0
0
0
0
0
0
0
0
0
0
0
0
0
4095
0
0
0
0
0
0
0
0
0
0
0
0
0
0
0
0
0
0
0
0
0
171
0
0
0
0
0
0
0
0
0
0
0
0
0
0
4095
0
0
0
0
0
0
142
0
0
0
0
0
0
0
0
0
0
0
0
0
0
4095
0
0
0
0
0
43
0
0
0
0
0
0
0
0
0
0
0
0
0
0
0
4095
0
0
0
0
0
95
0
0
0
0
0
0
0
0
0
0
0
0
0
0
0
4095
0
0
0
0
0
4095
0
0
0
0
0
0
0
0
0
0
0
0
0
0
0
0
0
0
0
0
4095
30
0
0
0
0
0
0
0
0
0
0
0
0
0
0
0
0
0
0
0
0
4095
0
0
0
0
0
0
0
0
0
0
0
0
0
0
0
0
0
0
0
0
0
4095
0
0
0
0
0
0
0
0
0
0
0
0
0
0
0
0
0
0
0
0
0
4095
0
0
0
0
0
0
0
0
0
0
0
0
0
0
0
0
0
0
0
0
4095
0
0
0
0
0
0
0
0
0
0
0
0
4095
0
0
0
0
0
0
0
0
23
0
0
0
0
0
0
0
0
0
0
0
0
0
0
0
0
4095
1679
0
0
0
64
0
0
0
0
0
0
0
0
0
0
0
8
0
0
0
0
4095
1235
595
0
0
135
0
0
0
0
0
0
0
0
0
0
0
73
0
0
0
4021
4095
1193
437
0
0
536
0
0
0
0
0
0
0
0
0
0
0
82
0
0
0
4095
4095
1145
221
0
0
1951
0
0
0
0
0
0
0
0
0
0
67
75
0
0
0
4095
4095
1241
0
0
774
1183
0
0
0
0
0
0
0
0
0
0
191
0
0
0
3581
1724
4095
1170
0
833
1011
1048
0
0
0
0
0
0
0
0
0
0
366
0
0
0
2204
1640
4095
4095
0
1558
1984
0
0
0
0
0
0
0
0
0
0
0
604
0
0
0
2500
1658
4095
4095
0
1494
1101
0
0
0
0
0
0
0
0
0
0
112
0
0
0
1454
808
1802
4095
4095
0
1461
1276
0
0
0
0
0
0
0
0
0
0
263
0
0
0
4095
723
1699
4095
4095
0
1464
