1464
3724
0
0
7810
0
0
1652
0
0
0
0
0
0
0
0
1664
0
2
0
0
0
2776
3845
0
0
0
0
0
0
0
0
0
0
0
0
0
0
0
0
0
0
0
0
3351
0
0
0
0
0
0
0
0
0
0
0
0
0
0
354
0
0
0
0
0
0
3689
0
0
0
0
0
0
0
0
0
0
0
0
0
0
0
0
0
0
0
0
647
3871
0
0
0
0
0
0
0
0
0
0
0
0
0
0
0
0
0
0
0
0
2394
3858
0
0
0
0
0
0
0
0
0
0
0
0
0
0
1218
0
0
0
0
0
2215
3866
0
0
0
0
0
0
0
0
0
0
0
0
0
0
0
0
0
0
0
-3896
2450
0
0
0
0
0
0
0
617
0
0
0
0
0
0
0
0
0
0
0
0
5779
3382
0
0
0
0
0
0
1891
1207
0
0
0
0
0
0
0
0
0
0
0
0
0
3437
0
0
0
0
0
0
577
0
0
0
0
0
0
0
0
0
0
0
0
0
0
3325
0
0
0
0
0
0
1151
0
0
0
0
0
0
0
0
0
0
0
0
0
0
3422
0
0
0
0
0
0
0
0
0
0
0
0
0
0
0
0
0
0
0
0
0
3392
0
0
0
0
0
0
0
0
0
0
0
0
0
0
0
0
0
0
0
0
2099
0
0
0
0
0
0
0
0
0
0
0
0
0
0
0
0
0
0
0
0
0
2113
0
0
0
0
0
0
0
0
0
0
0
0
0
0
0
0
0
0
0
0
0
2129
0
0
0
0
0
0
0
0
0
0
0
0
0
0
0
0
0
0
0
0
0
2099
0
0
0
0
0
0
0
0
0
0
0
0
0
0
0
0
0
0
0
0
0
0
0
0
0
0
0
0
0
0
0
0
0
0
0
0
0
0
0
0
0
0
0
0
0
0
0
0
0
0
0
0
0
0
0
0
0
0
0
0
0
0
0
0
111
0
0
0
0
0
0
0
0
0
0
0
0
0
0
0
0
0
0
0
0
0
550
0
0
0
0
0
0
0
0
0
0
0
0
0
102
102
0
0
0
0
0
0
534
0
0
0
0
0
0
0
0
0
0
0
0
0
157
157
0
0
0
0
0
0
538
0
0
0
0
0
0
0
0
0
0
0
0
0
164
164
0
0
0
0
0
0
0
0
0
0
0
0
0
0
0
0
0
0
0
0
0
0
0
0
0
0
0
0
0
0
0
0
0
0
0
0
0
0
0
0
0
0
0
0
0
0
0
0
0
0
0
0
0
0
0
0
0
0
0
0
0
0
0
0
0
0
0
0
0
0
0
0
0
0
0
0
0
0
0
0
0
0
0
0
0
0
0
0
0
0
0
0
0
0
28
0
0
460
0
0
0
0
0
0
3
4
0
0
0
0
0
0
0
0
0
7
0
0
0
390
0
0
0
0
0
0
3
1547
0
0
0
0
0
0
0
0
0
98
0
0
0
891
0
0
0
0
0
0
0
0
0
0
0
0
0
0
0
0
18
186
0
0
509
0
0
0
0
0
0
0
1
1393
0
0
0
0
0
0
0
0
74
0
0
0
553
0
0
0
0
0
0
0
2
1396
0
0
0
0
0
0
0
0
65
0
0
529
1067
0
0
0
0
0
0
0
2
1394
0
0
0
0
0
0
0
0
0
0
0
502
990
0
0
0
0
0
0
595
597
2018
0
0
0
0
0
0
0
0
0
0
0
513
0
0
0
0
0
0
0
719
721
0
0
0
0
0
0
0
0
0
0
0
633
1171
0
0
0
0
0
0
0
0
3
0
0
0
0
0
0
0
0
0
0
946
0
611
0
0
0
0
0
0
0
0
0
0
0
0
0
0
0
0
0
0
0
0
0
515
0
0
0
0
0
0
0
0
0
0
0
0
0
0
0
0
0
0
0
0
0
554
0
0
0
0
0
0
0
0
0
0
0
0
0
0
0
0
0
0
0
0
0
526
0
0
0
0
0
0
0
0
0
0
0
0
0
0
0
0
0
0
0
0
0
500
0
0
0
0
0
0
0
0
0
0
0
0
0
0
0
0
0
0
0
0
581
1157
0
0
0
0
0
0
0
0
0
0
0
0
0
0
0
0
0
0
0
0
521
521
0
0
0
0
0
0
0
0
0
0
0
0
0
0
0
0
0
0
0
171
500
500
0
0
0
0
4
0
0
0
0
0
0
0
0
0
0
0
0
0
0
366
0
0
0
0
0
0
0
0
0
0
0
0
0
0
0
0
0
0
0
0
0
0
0
0
0
0
0
0
0
0
0
0
0
0
0
0
0
0
0
0
0
0
21
0
0
0
0
0
0
0
0
0
0
0
0
0
0
0
0
0
0
0
0
0
0
0
0
0
0
0
0
0
0
0
0
0
0
0
0
0
0
0
0
0
0
0
0
0
0
0
0
0
0
0
0
0
0
0
0
0
0
0
0
0
0
0
0
0
0
0
0
0
0
0
0
0
0
0
-5270
0
0
0
0
0
0
0
0
0
0
0
0
0
0
0
0
0
0
0
0
0
6984
0
0
0
0
0
0
0
0
0
0
0
0
0
0
0
0
0
0
0
0
1068
0
0
0
0
0
0
0
0
0
0
0
0
0
0
0
0
0
0
0
0
0
2102
0
0
0
0
0
0
0
0
0
0
0
0
0
0
0
0
0
0
0
0
724
2445
0
0
0
0
0
0
0
0
0
0
0
0
0
0
0
0
0
0
0
0
0
0
0
0
0
0
0
0
0
0
0
0
0
0
0
0
0
0
0
0
0
0
0
0
0
0
0
0
0
0
0
0
0
0
0
0
0
0
0
0
0
0
0
0
0
0
0
0
0
0
0
0
0
0
0
0
0
0
0
0
0
0
0
0
0
0
-6071
-7849
-6768
0
0
0
0
0
0
0
0
0
0
0
0
0
0
0
0
0
0
0
8153
-8413
-6191
0
0
0
0
0
0
0
0
0
0
0
0
0
0
0
0
0
0
0
545
20820
14608
0
0
0
0
0
0
0
0
0
0
0
0
0
0
0
0
0
0
0
1800
0
0
0
0
9
0
0
0
0
0
0
0
0
0
0
0
0
0
0
0
1223
2018
0
0
0
0
32
0
0
0
0
0
0
0
0
0
0
0
0
0
0
0
2282
0
0
0
0
0
0
0
0
0
0
0
0
0
0
0
0
0
0
0
0
127
2721
0
0
0
0
0
0
0
0
0
0
0
0
0
0
0
5
5
0
0
0
1005
0
0
0
0
0
0
850
0
0
0
0
0
0
0
0
5
13
95
0
0
0
1780
0
0
0
0
0
73
0
0
0
0
0
0
0
0
0
4
9
105
0
0
0
1428
0
0
0
0
0
0
0
0
0
0
0
0
0
0
0
3
313
313
0
0
0
0
0
0
0
0
0
0
0
0
0
0
0
0
0
0
0
3
625
625
0
0
1473
0
0
0
0
0
0
0
0
0
0
0
0
0
0
0
0
0
0
0
0
0
3214
0
0
0
0
0
0
0
0
0
0
0
0
0
0
0
0
11
7
0
0
0
3520
0
0
0
0
0
0
0
0
0
0
0
0
0
0
0
1009
0
0
0
0
0
3535
0
0
0
-4978
0
624
0
0
0
0
0
0
0
0
0
-298
3
0
0
0
0
