-1
-1
28
3
18
59
-1
-1
172
-1
-1
-1
-1
-1
-1
-1
-1
119
-1
-1
125
-1
-1
-1
92
4
26
56
-1
-1
162
-1
-1
-1
-1
-1
-1
-1
88
124
-1
-1
-1
-1
-1
-1
62
3
24
191
-1
-1
-1
-1
-1
-1
-1
-1
-1
-1
108
30
126
-1
-1
-1
-1
-1
62
3
22
189
-1
-1
-1
-1
-1
-1
-1
-1
-1
-1
114
30
137
-1
-1
-1
-1
-1
64
7
212
-1
-1
-1
-1
-1
-1
-1
-1
-1
-1
-1
-1
153
124
-1
-1
-1
-1
-1
102
12
174
-1
-1
-1
-1
-1
-1
-1
-1
-1
-1
-1
152
128
-1
-1
-1
-1
-1
23
14
12
173
-1
-1
-1
-1
-1
-1
-1
-1
-1
-1
-1
157
60
-1
-1
-1
121
-1
22
12
15
60
-1
-1
-1
184
-1
-1
-1
-1
-1
-1
-1
98
61
-1
-1
-1
121
-1
22
12
13
54
-1
-1
-1
193
-1
-1
-1
-1
-1
-1
-1
107
-1
91
-1
-1
94
-1
26
11
15
51
-1
-1
188
-1
-1
-1
-1
-1
-1
-1
-1
100
-1
93
-1
-1
100
30
22
3
36
-1
-1
-1
210
-1
-1
-1
-1
-1
-1
-1
-1
87
-1
67
-1
97
-1
89
23
3
12
-1
57
-1
156
-1
-1
-1
-1
-1
-1
-1
94
25
95
-1
-1
-1
-1
91
26
3
14
-1
212
-1
-1
-1
-1
-1
-1
-1
-1
-1
-1
115
90
-1
-1
-1
-1
95
20
2
12
-1
174
-1
-1
-1
-1
-1
-1
-1
-1
-1
120
118
-1
-1
-1
-1
-1
100
17
3
-1
33
158
-1
-1
-1
-1
-1
-1
-1
-1
-1
109
115
-1
-1
-1
-1
-1
29
15
2
-1
29
165
-1
-1
-1
-1
-1
-1
-1
-1
-1
168
-1
-1
-1
-1
-1
123
29
12
3
-1
28
157
-1
-1
-1
-1
-1
-1
-1
-1
-1
164
-1
-1
-1
-1
-1
129
27
13
3
-1
29
153
-1
-1
-1
-1
-1
-1
-1
-1
-1
164
-1
-1
-1
-1
-1
133
20
13
3
10
20
153
-1
-1
-1
-1
-1
-1
-1
-1
159
-1
-1
-1
-1
-1
-1
123
21
14
-1
14
19
151
-1
-1
-1
-1
-1
-1
-1
-1
118
-1
-1
-1
-1
-1
123
29
23
13
-1
15
19
155
-1
-1
-1
-1
-1
-1
-1
-1
121
-1
-1
-1
-1
-1
124
31
20
13
-1
13
22
168
-1
-1
-1
-1
-1
-1
-1
-1
120
-1
-1
-1
-1
-1
123
25
22
16
-1
14
114
-1
-1
-1
-1
-1
-1
170
-1
-1
-1
-1
-1
-1
-1
-1
158
26
23
13
6
9
110
-1
-1
-1
-1
-1
-1
119
-1
69
-1
-1
-1
-1
-1
-1
117
25
24
-1
19
8
77
-1
-1
-1
-1
-1
130
22
-1
69
-1
-1
-1
-1
-1
-1
119
27
21
-1
21
88
-1
-1
-1
-1
-1
-1
155
-1
-1
73
-1
-1
-1
-1
-1
-1
144
-1
-1
-1
22
89
-1
-1
-1
-1
-1
-1
133
71
-1
-1
-1
-1
-1
-1
-1
-1
197
-1
-1
-1
22
87
-1
-1
-1
-1
-1
-1
128
24
46
-1
-1
-1
-1
-1
-1
-1
204
-1
-1
40
6
89
-1
-1
-1
-1
-1
-1
131
22
48
-1
-1
-1
-1
-1
-1
-1
174
-1
-1
40
61
-1
-1
-1
-1
-1
-1
-1
161
22
49
-1
-1
-1
-1
-1
-1
-1
169
-1
-1
38
58
-1
-1
-1
-1
-1
-1
-1
166
23
46
-1
-1
-1
-1
-1
-1
180
-1
-1
-1
38
56
-1
-1
-1
-1
-1
-1
-1
165
-1
77
-1
-1
-1
-1
-1
-1
180
-1
-1
55
20
66
-1
-1
-1
-1
-1
-1
-1
158
46
-1
-1
-1
-1
-1
86
104
-1
-1
-1
48
17
61
-1
-1
-1
-1
-1
-1
129
30
45
-1
-1
-1
-1
61
31
99
-1
-1
-1
78
58
-1
-1
-1
-1
-1
-1
-1
159
29
50
-1
-1
-1
-1
156
-1
-1
-1
-1
-1
79
63
-1
-1
-1
-1
-1
-1
-1
160
-1
80
-1
-1
-1
-1
60
98
-1
-1
-1
-1
26
85
-1
-1
-1
-1
-1
-1
-1
-1
203
-1
-1
-1
-1
38
30
34
66
-1
-1
59
21
34
-1
-1
-1
-1
-1
164
-1
-1
105
-1
-1
-1
-1
40
31
30
65
-1
-1
65
48
-1
-1
-1
-1
68
-1
101
-1
-1
101
-1
-1
-1
-1
46
35
30
69
-1
-1
58
101
-1
-1
-1
-1
68
62
-1
-1
122
-1
-1
-1
-1
-1
61
30
104
-1
-1
-1
-1
49
-1
-1
-1
-1
69
66
-1
-1
120
-1
-1
-1
-1
41
-1
53
65
-1
-1
-1
91
49
-1
-1
-1
-1
105
-1
-1
-1
158
-1
-1
-1
-1
131
-1
-1
-1
-1
-1
-1
124
70
-1
-1
-1
46
163
-1
-1
-1
-1
-1
-1
-1
-1
150
-1
-1
-1
-1
130
-1
-1
-1
-1
-1
-1
192
-1
-1
-1
-1
-1
-1
-1
-1
-1
188
-1
-1
-1
-1
181
-1
-1
-1
-1
-1
-1
204
-1
-1
-1
-1
-1
-1
-1
-1
-1
180
-1
-1
-1
-1
181
-1
-1
-1
-1
-1
-1
270
-1
-1
-1
-1
-1
-1
-1
-1
281
-1
-1
-1
-1
-1
-1
-1
-1
-1
-1
-1
-1
275
-1
-1
-1
-1
-1
-1
-1
-1
288
-1
-1
-1
-1
-1
-1
-1
-1
-1
-1
-1
245
-1
-1
-1
-1
-1
-1
-1
-1
-1
316
-1
-1
-1
-1
-1
-1
-1
-1
-1
-1
-1
231
-1
-1
-1
-1
-1
-1
-1
-1
-1
316
-1
-1
-1
-1
-1
-1
-1
-1
-1
-1
-1
140
-1
-1
154
-1
-1
-1
-1
-1
-1
241
-1
-1
-1
-1
-1
-1
-1
-1
-1
-1
-1
-1
-1
-1
234
-1
-1
-1
-1
-1
305
-1
-1
-1
-1
-1
-1
-1
-1
-1
-1
-1
-1
-1
-1
-1
234
-1
-1
-1
-1
-1
298
-1
-1
-1
-1
-1
-1
-1
-1
-1
-1
-1
-1
-1
-1
-1
235
-1
-1
-1
-1
-1
298
-1
-1
-1
-1
-1
-1
-1
-1
-1
-1
-1
-1
-1
-1
-1
-1
-1
-1
-1
-1
-1
544
-1
-1
-1
-1
-1
-1
-1
-1
-1
-1
-1
-1
-1
-1
-1
-1
-1
-1
-1
-1
258
260
-1
-1
-1
-1
-1
-1
-1
-1
-1
-1
-1
-1
-1
-1
-1
-1
-1
-1
-1
-1
515
-1
-1
-1
-1
-1
-1
-1
-1
-1
-1
-1
-1
-1
-1
-1
-1
-1
-1
-1
-1
-1
516
-1
-1
-1
-1
-1
-1
-1
-1
-1
-1
-1
220
-1
-1
-1
-1
-1
-1
-1
-1
165
129
-1
-1
-1
-1
-1
-1
-1
-1
-1
-1
-1
249
-1
-1
-1
-1
-1
-1
-1
-1
263
-1
-1
-1
-1
-1
-1
-1
-1
-1
-1
-1
-1
-1
-1
-1
-1
186
66
-1
-1
-1
256
-1
-1
-1
-1
-1
-1
-1
-1
-1
-1
-1
185
-1
-1
-1
-1
65
65
-1
-1
60
123
-1
-1
-1
-1
-1
-1
-1
-1
-1
-1
-1
176
-1
-1
-1
45
26
69
-1
-1
65
122
-1
-1
-1
-1
-1
-1
-1
-1
-1
-1
-1
27
-1
-1
-1
45
26
67
-1
-1
63
97
-1
-1
-1
-1
-1
-1
-1
-1
-1
-1
182
28
-1
-1
20
22
28
70
-1
-1
61
90
-1
-1
-1
-1
-1
-1
-1
-1
-1
-1
184
28
-1
-1
18
21
27
68
-1
-1
62
86
-1
-1
-1
-1
-1
-1
-1
-1
-1
-1
177
-1
-1
-1
20
25
29
35
-1
60
97
-1
-1
-1
-1
-1
-1
-1
-1
-1
-1
-1
226
-1
-1
14
15
21
27
33
-1
67
100
-1
-1
-1
-1
-1
-1
-1
-1
-1
-1
-1
217
-1
-1
14
13
22
31
38
32
-1
137
-1
-1
-1
-1
-1
-1
-1
-1
-1
-1
-1
222
-1
-1
199
13
29
31
36
30
30
150
-1
-1
-1
-1
-1
-1
-1
-1
-1
-1
-1
-1
-1
-1
32
14
29
29
34
-1
148
-1
-1
-1
-1
-1
-1
-1
-1
-1
-1
227
-1
-1
-1
-1
35
14
32
67
-1
-1
135
-1
-1
-1
-1
-1
-1
-1
110
-1
-1
120
-1
-1
-1
-1
34
15
61
-1
-1
64
108
-1
-1
-1
-1
-1
-1
-1
118
-1
-1
122
-1
-1
