-1
67
-1
-1
-1
-1
-1
-1
-1
119
-1
-1
-1
4
-1
-1
-1
26
9
25
56
47
-1
60
-1
-1
-1
-1
-1
-1
-1
39
-1
-1
63
-1
-1
-1
-1
23
11
23
-1
-1
-1
102
-1
-1
-1
-1
-1
-1
-1
63
-1
-1
-1
-1
-1
-1
-1
27
10
27
-1
-1
-1
-1
-1
-1
-1
-1
-1
-1
-1
63
-1
-1
-1
-1
-1
-1
-1
47
15
54
-1
-1
-1
-1
-1
-1
-1
-1
-1
-1
-1
37
30
-1
-1
-1
-1
-1
39
6
19
77
-1
-1
-1
-1
-1
-1
-1
-1
-1
-1
-1
52
30
-1
-1
-1
-1
-1
48
5
18
106
-1
-1
-1
-1
-1
-1
-1
-1
-1
-1
-1
54
30
-1
-1
-1
-1
-1
71
6
21
113
-1
-1
-1
-1
-1
-1
-1
-1
-1
-1
-1
56
6
-1
-1
-1
-1
-1
70
5
19
85
-1
-1
-1
-1
-1
-1
-1
-1
-1
-1
-1
55
-1
-1
-1
-1
-1
-1
71
5
18
135
-1
-1
126
-1
-1
-1
-1
-1
-1
-1
23
16
-1
-1
-1
75
-1
-1
46
6
21
-1
-1
-1
100
-1
-1
-1
-1
-1
-1
-1
24
-1
-1
-1
-1
54
-1
22
17
5
44
-1
-1
-1
73
-1
-1
-1
-1
-1
-1
-1
26
-1
-1
-1
-1
52
-1
23
17
6
39
-1
-1
-1
152
-1
-1
-1
-1
-1
-1
-1
10
-1
-1
-1
-1
80
-1
22
15
5
40
-1
56
-1
-1
-1
-1
-1
-1
-1
-1
-1
-1
-1
-1
-1
-1
-1
-1
57
10
5
53
-1
65
-1
-1
-1
-1
-1
-1
-1
-1
-1
1
-1
-1
-1
-1
-1
52
22
8
6
-1
26
53
-1
-1
-1
-1
-1
-1
-1
-1
-1
26
-1
-1
-1
-1
-1
55
25
8
23
-1
22
-1
-1
-1
-1
-1
-1
-1
-1
-1
-1
22
-1
-1
-1
-1
-1
55
23
7
17
-1
21
16
-1
-1
-1
-1
-1
-1
-1
-1
-1
4
-1
-1
-1
-1
-1
54
16
7
-1
15
22
7
-1
-1
-1
-1
-1
-1
-1
-1
-1
-1
-1
-1
-1
-1
27
30
20
8
-1
18
26
-1
-1
-1
-1
-1
-1
-1
-1
-1
-1
-1
-1
-1
-1
-1
30
23
18
7
-1
15
22
-1
-1
-1
-1
-1
-1
-1
-1
-1
-1
-1
-1
-1
-1
-1
30
22
17
8
-1
17
22
-1
-1
-1
-1
-1
-1
-1
-1
-1
-1
-1
-1
-1
-1
-1
28
27
19
2
-1
20
19
-1
-1
-1
-1
-1
-1
-1
-1
2
-1
-1
-1
-1
-1
-1
22
27
19
-1
-1
16
19
-1
-1
-1
-1
-1
-1
-1
-1
3
-1
-1
-1
-1
-1
-1
32
27
18
-1
-1
17
-1
-1
-1
-1
-1
-1
-1
-1
-1
2
-1
-1
-1
-1
-1
7
29
31
18
-1
3
18
10
-1
-1
-1
-1
-1
7
-1
-1
-1
-1
-1
-1
-1
-1
17
30
27
20
-1
6
16
-1
-1
-1
-1
-1
-1
29
-1
-1
-1
-1
-1
-1
-1
-1
34
30
-1
18
-1
1
39
-1
-1
-1
-1
-1
-1
35
2
-1
-1
-1
-1
-1
-1
-1
-1
30
-1
36
-1
6
68
-1
-1
-1
-1
-1
37
27
2
-1
-1
-1
-1
-1
-1
-1
-1
41
-1
-1
-1
5
-1
-1
-1
-1
-1
-1
67
25
2
-1
-1
-1
-1
-1
-1
-1
13
94
-1
-1
28
24
-1
-1
-1
-1
-1
-1
172
25
-1
-1
-1
-1
-1
-1
-1
-1
33
-1
-1
-1
27
39
-1
-1
-1
-1
-1
-1
-1
25
-1
-1
-1
-1
-1
-1
-1
-1
-1
-1
-1
-1
51
33
-1
-1
-1
-1
-1
-1
98
29
7
-1
-1
-1
-1
-1
-1
132
-1
-1
-1
49
10
50
-1
-1
-1
-1
-1
-1
99
11
18
-1
-1
-1
-1
-1
-1
123
-1
-1
-1
48
9
-1
-1
-1
-1
-1
-1
-1
91
-1
18
-1
-1
-1
-1
32
-1
169
-1
-1
-1
49
28
-1
-1
-1
-1
-1
-1
-1
123
-1
-1
-1
-1
-1
-1
45
-1
-1
-1
-1
60
19
27
-1
-1
-1
-1
-1
-1
82
-1
20
-1
-1
-1
-1
-1
30
-1
63
-1
-1
58
23
27
-1
-1
-1
-1
-1
-1
54
-1
24
-1
-1
-1
-1
10
-1
30
63
-1
-1
59
19
60
-1
-1
-1
-1
-1
-1
-1
-1
4
-1
-1
-1
-1
-1
-1
30
60
-1
-1
63
19
-1
-1
-1
-1
-1
-1
-1
-1
-1
-1
-1
-1
-1
-1
-1
25
30
88
-1
-1
58
31
-1
-1
-1
-1
23
-1
-1
-1
-1
-1
-1
-1
-1
-1
-1
31
24
-1
-1
-1
55
37
-1
-1
-1
-1
23
-1
-1
-1
-1
-1
-1
-1
-1
10
-1
30
59
-1
-1
-1
50
48
-1
-1
-1
26
-1
-1
-1
-1
-1
-1
-1
-1
-1
-1
-1
30
-1
-1
-1
-1
46
55
-1
-1
-1
47
-1
-1
-1
-1
-1
-1
-1
-1
-1
-1
-1
-1
-1
-1
76
-1
21
-1
-1
-1
-1
51
-1
-1
-1
-1
-1
-1
-1
-1
-1
-1
-1
-1
-1
-1
61
-1
35
-1
-1
-1
-1
37
-1
-1
-1
-1
-1
-1
-1
-1
4
-1
-1
-1
-1
10
-1
-1
96
-1
-1
-1
-1
16
-1
-1
-1
-1
-1
-1
-1
-1
-1
-1
-1
-1
-1
52
-1
-1
-1
-1
-1
-1
18
-1
-1
-1
-1
-1
-1
-1
-1
-1
-1
-1
-1
-1
-1
-1
-1
-1
-1
-1
-1
-1
11
-1
-1
-1
-1
-1
-1
-1
-1
-1
-1
-1
-1
-1
-1
-1
-1
-1
-1
-1
-1
-1
27
-1
-1
-1
-1
-1
-1
-1
-1
-1
-1
-1
-1
-1
-1
-1
-1
-1
-1
-1
-1
-1
53
-1
-1
-1
-1
-1
-1
-1
-1
2
-1
-1
-1
-1
-1
-1
-1
-1
-1
-1
-1
-1
-1
-1
-1
-1
-1
-1
-1
-1
-1
18
-1
-1
-1
-1
-1
-1
-1
-1
-1
-1
-1
-1
-1
-1
-1
-1
-1
-1
-1
-1
-1
30
-1
-1
-1
-1
-1
-1
-1
-1
-1
-1
-1
-1
-1
-1
72
-1
-1
-1
-1
-1
-1
70
-1
-1
-1
-1
-1
-1
-1
-1
-1
-1
-1
-1
-1
-1
60
-1
-1
-1
-1
-1
-1
-1
-1
-1
-1
-1
-1
-1
-1
-1
-1
-1
-1
-1
-1
-1
83
-1
-1
-1
-1
-1
29
-1
-1
-1
-1
-1
-1
-1
-1
-1
-1
-1
-1
-1
-1
-1
253
-1
-1
-1
-1
-1
24
-1
-1
-1
-1
-1
-1
-1
-1
-1
-1
-1
-1
-1
-1
-1
-1
-1
-1
-1
-1
-1
5
-1
-1
-1
-1
-1
-1
-1
-1
-1
-1
-1
-1
-1
-1
-1
-1
-1
-1
-1
-1
4
-1
-1
-1
-1
-1
-1
-1
-1
-1
-1
-1
-1
-1
-1
-1
-1
-1
-1
-1
-1
-1
4
-1
-1
-1
-1
-1
-1
-1
-1
-1
-1
-1
-1
-1
-1
-1
-1
-1
-1
-1
-1
-1
-1
-1
-1
-1
-1
-1
-1
-1
-1
-1
-1
-1
102
-1
-1
-1
-1
-1
-1
-1
-1
13
-1
-1
-1
-1
-1
-1
-1
-1
-1
-1
-1
-1
15
-1
-1
-1
193
132
-1
-1
-1
6
-1
-1
-1
-1
-1
-1
-1
-1
-1
-1
-1
-1
7
-1
-1
-1
49
45
-1
-1
-1
18
-1
-1
-1
-1
-1
-1
-1
-1
-1
-1
-1
12
9
-1
-1
-1
50
30
5
-1
-1
30
-1
-1
-1
-1
-1
-1
-1
-1
-1
-1
-1
26
-1
-1
-1
26
28
33
14
-1
-1
36
-1
-1
-1
-1
-1
-1
-1
-1
-1
-1
17
24
-1
-1
-1
25
28
38
47
-1
-1
61
-1
-1
-1
-1
-1
-1
-1
-1
-1
-1
59
10
-1
-1
13
21
29
35
-1
98
34
30
-1
-1
-1
-1
-1
-1
-1
-1
-1
-1
65
-1
-1
-1
13
18
30
28
-1
74
30
47
-1
-1
-1
-1
-1
-1
-1
-1
-1
-1
75
-1
-1
-1
13
19
29
25
-1
91
30
-1
-1
-1
-1
-1
-1
-1
-1
-1
-1
-1
72
-1
-1
5
9
20
31
27
-1
-1
30
-1
-1
-1
-1
-1
-1
-1
-1
-1
-1
45
-1
-1
-1
6
8
20
31
30
-1
35
24
-1
-1
-1
-1
-1
-1
-1
-1
-1
-1
5
-1
-1
-1
23
7
29
28
17
-1
