47
0
0
24
23
52
0
1227
274
365
86
0
703
149
116
0
0
80
308
200
176
45
65
30
0
147
54
0
27
38
0
23
172
0
0
0
0
161
0
55
264
0
82
56
20
21
29
29
0
0
84
29
29
28
91
35
422
1177
22
35
0
0
63
21
52
627
326
839
123
541
0
622
70
210
13
23
44
765
3017
317
319
0
733
485
1826
21
82
0
585
375
132
99
127
0
30
645
25
289
29
0
0
221
25
180
120
51
76
410
1100
561
0
168
276
80
226
567
369
800
214
252
841
0
0
0
0
149
290
128
411
64
381
388
277
204
300
30
30
0
0
370
189
172
158
415
0
212
487
156
60
365
792
631
1049
0
0
0
20
23
0
38
417
219
927
1696
0
