-1
-1
-1
-1
-1
-1
110
-1
-1
109
-1
-1
-1
-1
27
21
32
31
-1
67
106
-1
-1
-1
-1
-1
-1
-1
116
-1
-1
89
-1
-1
-1
43
8
18
28
33
-1
69
104
-1
-1
-1
-1
-1
-1
152
-1
-1
-1
-1
-1
-1
-1
98
9
18
58
-1
-1
170
-1
-1
-1
-1
-1
-1
-1
141
-1
-1
-1
-1
-1
-1
-1
102
8
47
-1
-1
-1
202
-1
-1
-1
-1
-1
-1
-1
182
-1
-1
-1
-1
-1
-1
-1
105
8
213
-1
-1
-1
-1
-1
-1
-1
-1
-1
-1
-1
96
128
-1
-1
-1
-1
-1
-1
68
9
215
-1
-1
-1
-1
-1
-1
-1
-1
-1
-1
-1
103
102
-1
-1
-1
-1
-1
100
6
8
206
-1
-1
-1
-1
-1
-1
-1
-1
-1
-1
-1
97
94
-1
-1
-1
-1
-1
105
5
8
208
-1
-1
-1
-1
-1
-1
-1
-1
-1
-1
-1
71
94
-1
-1
-1
-1
-1
96
5
8
211
-1
-1
-1
-1
-1
-1
-1
-1
-1
-1
-1
165
-1
-1
-1
-1
87
-1
38
6
8
210
-1
-1
-1
-1
-1
-1
-1
-1
-1
-1
-1
140
-1
-1
-1
123
-1
-1
40
5
8
215
-1
-1
-1
-1
-1
-1
-1
-1
-1
-1
49
61
-1
-1
-1
101
-1
55
18
5
31
-1
-1
-1
219
-1
-1
-1
-1
-1
-1
-1
52
34
70
-1
-1
63
-1
50
17
6
34
-1
-1
-1
210
-1
-1
-1
-1
-1
-1
-1
59
32
67
-1
-1
66
-1
46
20
5
10
-1
52
-1
182
-1
-1
-1
-1
-1
-1
-1
-1
115
96
-1
-1
-1
-1
78
18
6
12
-1
213
-1
-1
-1
-1
-1
-1
-1
-1
-1
79
97
-1
-1
-1
-1
88
26
17
5
-1
34
195
-1
-1
-1
-1
-1
-1
-1
-1
-1
89
99
-1
-1
-1
-1
92
22
19
5
-1
40
192
-1
-1
-1
-1
-1
-1
-1
-1
-1
153
-1
-1
-1
-1
-1
130
22
20
6
-1
42
193
-1
-1
-1
-1
-1
-1
-1
-1
-1
154
-1
-1
-1
-1
-1
125
22
17
5
-1
40
191
-1
-1
-1
-1
-1
-1
-1
-1
97
83
-1
-1
-1
-1
-1
130
26
19
5
20
24
155
-1
-1
-1
-1
-1
-1
-1
-1
158
-1
-1
-1
-1
-1
131
28
22
20
-1
23
182
-1
-1
-1
-1
-1
-1
-1
-1
-1
151
-1
-1
-1
-1
-1
127
31
23
17
-1
22
186
-1
-1
-1
-1
-1
-1
-1
-1
-1
155
-1
-1
-1
-1
-1
132
30
22
19
-1
28
183
-1
-1
-1
-1
-1
-1
-1
-1
-1
-1
-1
-1
-1
-1
-1
212
27
26
16
-1
23
248
-1
-1
-1
-1
-1
-1
-1
-1
178
-1
-1
-1
-1
-1
-1
129
27
22
16
5
17
156
-1
-1
-1
-1
-1
-1
-1
-1
182
-1
-1
-1
-1
-1
-1
128
28
23
-1
21
20
152
-1
-1
-1
-1
-1
-1
-1
-1
59
-1
-1
-1
-1
-1
133
30
31
24
-1
16
19
86
-1
-1
-1
-1
-1
153
-1
-1
-1
-1
-1
-1
-1
-1
156
30
-1
54
-1
15
105
-1
-1
-1
-1
-1
-1
187
26
57
-1
-1
-1
-1
-1
-1
-1
163
-1
51
-1
14
101
-1
-1
-1
-1
-1
-1
131
24
56
-1
-1
-1
-1
-1
-1
-1
188
-1
-1
32
71
-1
-1
-1
-1
-1
-1
-1
158
20
52
-1
-1
-1
-1
-1
-1
-1
187
-1
-1
26
71
-1
-1
-1
-1
-1
-1
-1
163
18
111
-1
-1
-1
-1
-1
-1
-1
-1
-1
-1
156
75
-1
-1
-1
-1
-1
-1
-1
168
106
-1
-1
-1
-1
-1
-1
-1
-1
-1
-1
-1
175
79
-1
-1
-1
-1
-1
-1
-1
190
46
-1
-1
-1
-1
-1
-1
163
-1
-1
-1
71
8
70
-1
-1
-1
-1
-1
-1
-1
160
49
-1
-1
-1
-1
-1
-1
152
-1
-1
-1
70
9
71
-1
-1
-1
-1
-1
-1
127
25
30
-1
-1
-1
-1
69
-1
98
-1
-1
-1
74
57
-1
-1
-1
-1
-1
-1
-1
155
25
31
-1
-1
-1
-1
66
-1
93
-1
-1
-1
77
53
-1
-1
-1
-1
-1
-1
-1
188
-1
-1
-1
-1
-1
42
29
30
67
-1
-1
61
18
52
-1
-1
-1
-1
-1
-1
-1
162
54
-1
-1
-1
-1
42
31
30
64
-1
-1
59
19
79
-1
-1
-1
-1
-1
-1
-1
-1
178
-1
-1
-1
-1
37
30
29
61
-1
-1
57
20
78
-1
-1
-1
-1
-1
-1
-1
-1
178
-1
-1
-1
-1
38
27
27
63
-1
-1
58
32
-1
-1
-1
-1
65
66
-1
-1
-1
116
-1
-1
-1
25
24
29
58
-1
-1
-1
92
32
-1
-1
-1
-1
66
66
-1
-1
115
-1
-1
-1
-1
22
-1
49
64
-1
-1
-1
98
29
-1
-1
-1
40
28
67
-1
-1
105
-1
-1
-1
-1
22
-1
117
-1
-1
-1
-1
95
28
-1
-1
-1
72
-1
-1
-1
171
-1
-1
-1
-1
-1
74
-1
-1
-1
-1
93
-1
84
-1
-1
-1
-1
75
-1
-1
-1
169
-1
-1
-1
-1
120
-1
-1
-1
-1
-1
123
-1
85
-1
-1
-1
-1
166
-1
-1
-1
-1
-1
-1
-1
-1
126
-1
-1
-1
-1
-1
125
-1
89
-1
-1
-1
-1
176
-1
-1
-1
-1
-1
-1
-1
-1
129
-1
-1
-1
-1
185
-1
-1
-1
-1
-1
-1
-1
210
-1
-1
-1
-1
-1
-1
-1
-1
226
-1
-1
-1
-1
-1
-1
-1
-1
-1
-1
-1
296
-1
-1
-1
-1
-1
-1
-1
-1
-1
216
-1
-1
-1
-1
-1
-1
-1
-1
-1
-1
-1
310
-1
-1
-1
-1
-1
-1
-1
-1
119
142
-1
-1
-1
-1
-1
-1
-1
-1
-1
-1
-1
276
-1
-1
-1
-1
-1
-1
-1
-1
546
-1
-1
-1
-1
-1
-1
-1
-1
-1
-1
-1
-1
-1
-1
-1
-1
-1
-1
-1
-1
-1
240
-1
-1
-1
-1
-1
-1
-1
-1
-1
-1
-1
-1
-1
-1
-1
303
-1
-1
-1
-1
-1
235
-1
-1
-1
-1
-1
-1
-1
-1
-1
-1
-1
-1
-1
-1
180
134
-1
-1
-1
-1
-1
278
-1
-1
-1
-1
-1
-1
-1
-1
-1
-1
-1
-1
-1
-1
298
-1
-1
-1
-1
-1
88
215
-1
-1
-1
-1
-1
-1
-1
-1
-1
-1
-1
-1
-1
-1
289
-1
-1
-1
-1
-1
254
-1
-1
-1
-1
-1
-1
-1
-1
-1
-1
-1
-1
-1
-1
-1
323
-1
-1
-1
-1
-1
565
-1
-1
-1
-1
-1
-1
-1
-1
-1
-1
-1
-1
-1
-1
-1
-1
-1
-1
-1
-1
-1
278
-1
-1
-1
-1
-1
-1
-1
-1
-1
-1
-1
-1
-1
-1
-1
-1
-1
-1
-1
-1
287
-1
-1
-1
-1
-1
-1
-1
-1
-1
-1
-1
-1
-1
-1
-1
-1
-1
-1
-1
-1
-1
558
-1
-1
-1
-1
-1
-1
-1
-1
-1
-1
-1
-1
-1
-1
-1
-1
-1
-1
-1
-1
-1
559
-1
-1
-1
-1
-1
-1
-1
-1
-1
-1
-1
-1
-1
-1
-1
-1
-1
-1
-1
-1
-1
547
-1
-1
-1
-1
-1
-1
-1
-1
-1
-1
-1
185
-1
-1
-1
62
63
-1
-1
-1
92
152
-1
-1
-1
-1
-1
-1
-1
-1
-1
-1
186
20
-1
-1
-1
62
30
64
-1
-1
179
-1
-1
-1
-1
-1
-1
-1
-1
-1
-1
-1
181
14
-1
-1
-1
59
30
64
-1
-1
170
-1
-1
-1
-1
-1
-1
-1
-1
-1
-1
-1
200
-1
-1
-1
36
29
30
64
-1
-1
159
-1
-1
-1
-1
-1
-1
-1
-1
-1
-1
-1
192
-1
-1
-1
31
28
31
63
-1
-1
167
-1
-1
-1
-1
-1
-1
-1
-1
-1
-1
177
40
-1
-1
-1
32
31
70
-1
-1
-1
168
-1
-1
-1
-1
-1
-1
-1
-1
-1
-1
187
35
-1
-1
14
21
30
30
-1
68
-1
127
-1
-1
-1
-1
-1
-1
-1
-1
-1
-1
-1
-1
-1
-1
177
19
28
30
33
31
30
156
-1
-1
-1
-1
-1
-1
-1
-1
-1
-1
-1
-1
-1
-1
173
18
28
30
33
32
183
-1
-1
-1
-1
-1
-1
-1
-1
-1
-1
188
-1
-1
-1
41
9
19
28
30
-1
65
110
-1
-1
