0
0
0
0
558
0
0
0
0
0
0
0
0
0
1805
0
3
0
0
0
1908
3759
0
0
0
0
557
0
0
0
0
0
0
0
0
0
1680
0
0
0
0
0
2723
0
0
0
1188
867
204
0
0
0
0
0
0
0
0
0
1325
0
0
0
0
0
3440
0
0
0
1317
833
207
0
0
0
0
0
0
0
0
0
0
0
0
0
0
736
3738
0
0
0
1291
776
171
0
0
0
0
0
0
0
0
0
0
0
0
0
0
2362
3857
0
0
1730
1323
806
208
0
0
0
0
0
0
0
0
1142
0
0
0
0
0
2360
3862
0
0
1732
1317
779
179
0
0
0
0
0
0
0
0
0
0
0
0
0
1165
2974
3897
0
0
1935
1381
840
169
0
0
0
0
0
0
0
0
0
0
0
0
0
0
3431
0
0
0
549
0
538
1125
0
0
0
0
0
0
0
0
0
0
0
0
0
0
3397
0
0
0
563
0
543
1153
0
0
0
0
0
0
0
0
0
0
0
0
0
0
3373
0
0
0
572
0
558
1095
47
24
0
0
0
0
0
0
0
0
0
0
0
0
3264
0
0
358
0
535
1049
143
143
44
0
0
0
0
0
266
0
0
0
0
0
2037
0
0
0
0
463
962
422
121
121
16
0
0
0
0
0
291
0
0
0
0
0
1953
0
0
0
0
417
612
109
42
42
0
0
0
0
0
0
200
0
0
0
0
0
2048
0
0
0
0
418
335
18
18
16
0
0
0
0
0
0
0
0
0
0
0
0
2145
0
0
0
0
0
78
78
78
0
0
0
0
0
0
0
0
0
0
0
0
0
2082
0
0
0
0
0
48
48
48
0
0
0
0
0
0
0
0
0
0
0
0
0
0
0
0
0
0
0
0
0
0
0
0
0
0
0
0
0
0
0
0
0
0
0
0
0
0
0
0
0
0
0
0
0
0
0
0
0
0
0
0
0
0
0
0
0
0
0
0
0
0
0
0
0
0
0
0
0
0
0
0
0
0
0
0
0
0
552
0
0
0
0
0
0
0
0
0
0
0
0
0
220
220
0
0
0
0
0
0
522
0
0
0
0
0
0
0
0
0
0
0
0
0
290
290
0
0
0
0
0
0
0
0
0
0
0
0
0
0
0
0
0
0
0
0
334
334
0
0
0
0
0
0
0
0
0
0
0
0
0
0
0
0
0
0
0
290
0
0
0
0
0
0
0
0
0
0
0
0
0
0
0
0
0
0
0
0
0
280
0
0
0
0
0
0
0
0
0
0
0
0
0
0
0
0
0
0
0
0
0
0
0
0
0
0
0
0
0
0
3
0
0
275
0
200
0
0
0
0
0
0
1559
0
0
0
0
0
0
0
0
0
15
248
0
262
0
0
0
0
0
0
3
3
0
0
0
0
0
0
0
0
0
0
0
0
506
777
0
0
0
0
0
0
3
579
0
0
0
0
0
0
0
0
0
80
0
0
446
664
0
0
0
0
0
0
4
1390
0
0
0
0
0
0
0
0
14
190
509
0
345
0
0
0
0
0
0
0
4
1404
0
0
0
0
0
0
0
0
75
429
429
980
1369
0
100
0
0
0
0
0
5
1423
0
0
0
0
0
0
0
0
67
458
0
508
948
0
0
0
0
0
0
0
4
1617
0
0
0
0
0
0
0
0
688
606
0
474
860
0
0
0
0
0
0
554
558
2306
0
0
0
0
0
0
0
0
996
0
553
1024
0
0
0
0
0
0
0
706
711
0
0
0
0
0
0
0
0
0
925
0
499
959
0
0
0
0
0
0
0
0
5
0
0
0
0
0
0
0
0
0
1300
543
0
496
0
0
0
0
0
0
0
0
0
0
0
0
0
0
0
0
0
0
0
618
0
457
0
0
0
0
0
0
0
0
0
0
0
0
0
0
0
0
0
0
566
0
556
1012
0
0
0
0
0
0
0
0
0
0
0
0
0
0
0
0
0
0
558
0
614
0
0
0
0
0
0
0
0
0
0
0
0
0
0
0
0
0
0
0
524
0
566
1022
454
0
0
0
0
0
0
0
0
0
0
0
0
0
0
0
0
554
554
0
564
1066
245
0
0
0
0
0
0
0
0
0
0
0
0
0
0
0
0
0
0
513
1084
0
0
0
0
0
0
0
0
0
0
0
0
0
0
0
959
959
0
0
0
541
1208
1208
0
0
0
0
0
0
0
0
0
0
0
0
0
0
683
683
0
0
0
259
0
0
0
0
0
0
0
0
0
0
0
0
0
0
0
0
0
0
0
0
0
0
0
0
0
0
0
0
0
0
0
0
0
0
0
0
0
0
0
0
0
0
0
0
0
0
0
0
0
0
0
0
0
0
0
0
0
0
0
144
144
144
144
144
144
0
0
0
0
0
0
0
0
0
0
0
0
0
0
0
0
0
0
0
0
0
0
0
0
0
0
0
0
0
0
0
0
0
0
0
0
0
0
0
0
0
0
0
0
0
0
0
0
0
0
4095
4095
4095
0
0
0
0
0
0
0
3
3
3
3
3
0
0
0
0
0
0
0
0
0
0
0
0
0
0
0
0
0
43
43
43
43
43
22
0
0
0
0
0
0
0
0
726
0
0
0
0
0
0
26
26
26
26
26
19
7
0
0
0
0
0
0
0
0
2035
0
0
0
0
0
0
55
55
55
55
55
24
0
0
0
0
0
0
0
0
0
2329
0
0
0
0
0
0
67
67
67
67
67
16
0
0
0
0
0
0
0
0
288
2343
4079
4079
4079
4079
4079
4079
16
16
16
16
16
0
0
0
0
0
0
0
0
0
1222
2787
4095
4095
4095
4095
4095
0
16
16
16
16
16
0
0
0
0
0
0
0
0
0
1287
2775
4076
4076
4076
4076
4076
0
0
0
0
0
0
0
0
0
0
0
0
0
0
0
1190
2658
4095
4095
4095
4095
4095
0
0
0
0
0
0
0
0
0
0
0
0
0
0
3808
2770
1321
0
0
0
0
0
0
0
0
0
0
0
0
0
0
0
0
0
4095
4095
3101
1708
0
4030
4030
4030
4030
0
0
0
0
0
0
0
0
0
0
0
0
0
4095
4095
0
1799
0
0
0
0
7
0
0
0
0
0
0
0
0
0
0
0
0
0
4095
4095
1509
2218
0
0
0
0
37
0
0
0
0
0
0
0
0
0
0
0
0
0
0
0
2650
0
0
0
0
4
0
0
0
0
0
0
0
0
0
0
0
0
0
0
0
0
2504
0
0
0
0
86
0
0
0
0
0
0
0
0
0
0
5
5
0
899
899
0
0
0
0
12
0
75
1042
0
0
0
0
0
0
0
0
4
11
70
0
0
0
1039
0
0
0
119
0
664
0
0
0
0
0
0
0
0
0
2
8
116
0
0
0
1726
0
0
0
0
217
0
195
0
0
0
0
0
0
0
0
4
257
277
0
0
0
1475
0
0
0
0
247
0
0
0
0
0
0
0
0
0
0
5
567
567
0
0
0
0
0
0
0
0
0
1292
0
0
0
0
0
0
0
0
0
4
140
140
140
140
1608
0
0
0
0
0
0
0
0
0
0
0
0
0
0
0
664
668
668
668
668
668
3066
0
0
0
0
0
535
0
0
0
0
0
0
0
0
0
1716
1718
0
0
0
0
2668
0
0
2806
0
0
580
0
0
0
0
0
0
0
0
1662
0
5
0
0
0
0
2057
0
