-1
-1
-1
-1
-1
-1
-1
-1
-1
200
-1
-1
-1
43
8
18
31
36
-1
69
119
-1
-1
-1
-1
-1
-1
-1
-1
-1
-1
207
-1
-1
-1
45
7
18
28
30
-1
182
-1
-1
-1
-1
-1
-1
-1
145
-1
-1
-1
-1
-1
-1
-1
108
9
20
64
-1
-1
166
-1
-1
-1
-1
-1
-1
-1
150
-1
-1
-1
-1
-1
-1
-1
101
8
49
-1
-1
-1
201
-1
-1
-1
-1
-1
-1
-1
205
-1
-1
-1
-1
-1
-1
-1
100
8
209
-1
-1
-1
-1
-1
-1
-1
-1
-1
-1
-1
105
132
-1
-1
-1
-1
-1
-1
75
8
220
-1
-1
-1
-1
-1
-1
-1
-1
-1
-1
-1
106
98
-1
-1
-1
-1
-1
105
6
8
221
-1
-1
-1
-1
-1
-1
-1
-1
-1
-1
-1
116
102
-1
-1
-1
-1
-1
95
5
9
212
-1
-1
-1
-1
-1
-1
-1
-1
-1
-1
-1
114
100
-1
-1
-1
-1
-1
99
5
12
212
-1
-1
-1
-1
-1
-1
-1
-1
-1
-1
-1
207
-1
-1
-1
-1
-1
-1
98
6
14
215
-1
-1
-1
-1
-1
-1
-1
-1
-1
-1
62
63
-1
-1
-1
124
-1
-1
42
5
13
54
-1
-1
188
-1
-1
-1
-1
-1
-1
-1
67
31
68
-1
-1
63
-1
52
21
6
39
-1
-1
-1
214
-1
-1
-1
-1
-1
-1
-1
63
-1
99
-1
-1
65
-1
49
17
5
41
-1
-1
-1
220
-1
-1
-1
-1
-1
-1
-1
65
31
67
-1
-1
61
-1
51
18
5
18
-1
50
-1
185
-1
-1
-1
-1
-1
-1
-1
-1
121
103
-1
-1
-1
-1
81
20
6
20
-1
211
-1
-1
-1
-1
-1
-1
-1
-1
-1
91
96
-1
-1
-1
-1
92
23
18
5
-1
41
193
-1
-1
-1
-1
-1
-1
-1
-1
-1
157
-1
-1
-1
-1
-1
128
22
18
5
-1
41
195
-1
-1
-1
-1
-1
-1
-1
-1
-1
157
-1
-1
-1
-1
-1
127
25
17
6
-1
43
188
-1
-1
-1
-1
-1
-1
-1
-1
92
84
-1
-1
-1
-1
-1
128
23
14
5
18
26
155
-1
-1
-1
-1
-1
-1
-1
-1
150
-1
-1
-1
-1
-1
128
27
23
15
-1
23
184
-1
-1
-1
-1
-1
-1
-1
-1
-1
153
-1
-1
-1
-1
-1
129
28
23
12
-1
26
180
-1
-1
-1
-1
-1
-1
-1
-1
-1
140
-1
-1
-1
-1
-1
135
32
24
10
-1
23
185
-1
-1
-1
-1
-1
-1
-1
-1
-1
143
-1
-1
-1
-1
-1
130
30
21
8
-1
23
187
-1
-1
-1
-1
-1
-1
-1
-1
-1
-1
-1
-1
-1
-1
-1
213
27
26
8
5
21
242
-1
-1
-1
-1
-1
-1
-1
-1
161
-1
-1
-1
-1
-1
-1
133
26
18
8
5
17
144
-1
-1
-1
-1
-1
-1
-1
-1
137
-1
-1
-1
-1
-1
126
31
29
17
-1
14
17
147
-1
-1
-1
-1
-1
-1
-1
-1
53
-1
-1
-1
-1
-1
128
30
25
19
-1
13
108
-1
-1
-1
-1
-1
-1
157
-1
-1
-1
-1
-1
-1
-1
-1
159
30
-1
37
-1
13
101
-1
-1
-1
-1
-1
-1
175
19
51
-1
-1
-1
-1
-1
-1
-1
166
-1
45
8
5
99
-1
-1
-1
-1
-1
-1
121
18
50
-1
-1
-1
-1
-1
-1
-1
178
-1
-1
28
75
-1
-1
-1
-1
-1
-1
-1
153
18
51
-1
-1
-1
-1
-1
-1
-1
184
-1
-1
26
75
-1
-1
-1
-1
-1
-1
-1
158
-1
112
-1
-1
-1
-1
-1
-1
-1
-1
-1
-1
151
71
-1
-1
-1
-1
-1
-1
-1
182
96
-1
-1
-1
-1
-1
-1
-1
-1
-1
-1
-1
184
73
-1
-1
-1
-1
-1
-1
-1
154
44
-1
-1
-1
-1
-1
-1
142
-1
-1
-1
79
8
69
-1
-1
-1
-1
-1
-1
-1
154
43
-1
-1
-1
-1
-1
-1
140
-1
-1
-1
76
53
-1
-1
-1
-1
-1
-1
-1
154
25
29
-1
-1
-1
-1
62
-1
86
-1
-1
-1
76
52
-1
-1
-1
-1
-1
-1
-1
157
26
31
-1
-1
-1
-1
126
-1
-1
-1
-1
93
18
51
-1
-1
-1
-1
-1
-1
-1
191
-1
-1
-1
-1
-1
34
33
33
68
-1
-1
64
22
50
-1
-1
-1
-1
-1
-1
-1
158
53
-1
-1
-1
-1
34
29
32
63
-1
-1
60
19
80
-1
-1
-1
-1
-1
-1
-1
-1
178
-1
-1
-1
-1
34
29
30
63
-1
-1
58
72
-1
-1
-1
-1
-1
-1
-1
-1
-1
212
-1
-1
-1
-1
33
34
30
63
-1
-1
58
35
-1
-1
-1
-1
72
63
-1
-1
-1
118
-1
-1
-1
23
29
30
60
-1
-1
-1
92
32
-1
-1
-1
-1
74
67
-1
-1
112
-1
-1
-1
-1
25
-1
57
60
-1
-1
-1
94
28
-1
-1
-1
45
-1
99
-1
-1
112
-1
-1
-1
-1
20
-1
122
-1
-1
-1
-1
96
29
-1
-1
-1
83
-1
-1
-1
173
-1
-1
-1
-1
-1
88
-1
-1
-1
-1
101
-1
93
-1
-1
-1
-1
94
-1
-1
-1
170
-1
-1
-1
-1
144
-1
-1
-1
-1
-1
125
-1
90
-1
-1
-1
-1
179
-1
-1
-1
-1
-1
-1
-1
-1
143
-1
-1
-1
-1
128
-1
-1
98
-1
-1
-1
-1
183
-1
-1
-1
-1
-1
-1
-1
-1
141
-1
-1
-1
-1
185
-1
-1
-1
-1
-1
-1
65
150
-1
-1
-1
-1
-1
-1
-1
-1
246
-1
-1
-1
-1
-1
-1
-1
-1
-1
-1
-1
323
-1
-1
-1
-1
-1
-1
-1
-1
-1
254
-1
-1
-1
-1
-1
-1
-1
-1
-1
-1
-1
332
-1
-1
-1
-1
-1
-1
-1
-1
292
-1
-1
-1
-1
-1
-1
-1
-1
-1
-1
-1
-1
296
-1
-1
-1
-1
-1
-1
-1
-1
573
-1
-1
-1
-1
-1
-1
-1
-1
-1
-1
-1
-1
-1
-1
-1
-1
-1
-1
-1
-1
-1
557
-1
-1
-1
-1
-1
-1
-1
-1
-1
-1
-1
-1
-1
-1
-1
-1
-1
-1
-1
-1
-1
279
-1
-1
-1
-1
-1
-1
-1
-1
-1
-1
-1
-1
-1
-1
282
-1
-1
-1
-1
-1
-1
273
-1
-1
-1
-1
-1
-1
-1
-1
-1
-1
-1
-1
-1
-1
281
-1
-1
-1
-1
-1
229
-1
-1
-1
-1
-1
-1
-1
-1
-1
-1
-1
-1
-1
-1
-1
321
-1
-1
-1
-1
-1
238
-1
-1
-1
-1
-1
-1
-1
-1
-1
-1
-1
-1
-1
-1
-1
315
-1
-1
-1
-1
-1
551
-1
-1
-1
-1
-1
-1
-1
-1
-1
-1
-1
-1
-1
-1
-1
-1
-1
-1
-1
-1
-1
258
-1
-1
-1
-1
-1
-1
-1
-1
-1
-1
-1
-1
-1
-1
-1
-1
-1
-1
-1
-1
257
-1
-1
-1
-1
-1
-1
-1
-1
-1
-1
-1
-1
-1
-1
-1
-1
-1
-1
-1
-1
-1
521
-1
-1
-1
-1
-1
-1
-1
-1
-1
-1
-1
-1
-1
-1
-1
-1
-1
-1
-1
-1
-1
513
-1
-1
-1
-1
-1
-1
-1
-1
-1
-1
-1
220
-1
-1
-1
-1
-1
-1
-1
-1
-1
287
-1
-1
-1
-1
-1
-1
-1
-1
-1
-1
-1
162
-1
-1
-1
61
69
-1
-1
-1
99
122
-1
-1
-1
-1
-1
-1
-1
-1
-1
-1
182
18
-1
-1
-1
59
64
-1
-1
-1
186
-1
-1
-1
-1
-1
-1
-1
-1
-1
-1
-1
171
20
-1
-1
-1
55
30
64
-1
-1
157
-1
-1
-1
-1
-1
-1
-1
-1
-1
-1
-1
184
-1
-1
-1
34
28
30
65
-1
-1
152
-1
-1
-1
-1
-1
-1
-1
-1
-1
-1
172
35
-1
-1
-1
34
29
30
66
-1
-1
131
-1
-1
-1
-1
-1
-1
-1
-1
-1
-1
175
37
-1
-1
-1
34
32
66
-1
-1
-1
165
-1
-1
-1
-1
-1
-1
-1
-1
-1
-1
180
36
-1
-1
14
18
27
32
-1
76
31
100
-1
-1
-1
-1
-1
-1
-1
-1
-1
-1
198
-1
-1
-1
28
18
28
30
-1
68
34
99
-1
-1
-1
-1
-1
-1
-1
-1
-1
-1
-1
-1
-1
-1
167
21
28
30
-1
69
186
-1
-1
-1
-1
-1
-1
-1
-1
-1
-1
195
-1
-1
-1
45
9
18
30
68
-1
-1
154
-1
-1
