4095
0
0
1890
0
0
0
0
0
0
0
1666
0
0
0
58
0
0
0
4095
734
1684
0
0
0
1347
0
0
0
0
0
0
0
2064
0
0
0
0
0
0
0
4095
645
4095
0
0
0
592
0
0
0
0
0
0
0
2861
0
0
0
0
0
0
0
4095
809
2220
0
0
0
0
0
0
0
0
0
0
0
3152
0
0
0
0
0
0
0
4095
695
2882
0
0
0
0
0
0
0
0
0
0
0
1108
1734
0
0
0
0
0
0
4095
628
3091
0
0
0
0
0
0
0
0
0
0
0
1933
1748
0
0
0
0
0
4095
450
813
3522
0
0
0
0
0
0
0
0
0
0
0
2198
1741
0
0
0
0
0
4095
554
825
3429
0
0
0
0
0
0
0
0
0
0
0
2518
0
0
0
0
0
0
4095
484
746
2593
0
0
0
0
0
0
0
0
0
0
0
2799
0
0
0
0
0
0
4095
457
815
2159
0
0
1123
0
0
0
0
0
0
0
1136
695
0
0
0
4095
0
0
4095
531
1799
0
0
0
871
0
0
0
0
0
0
0
1440
0
0
0
0
4095
0
4095
1636
441
2027
0
499
0
951
0
0
0
0
0
0
0
1287
0
0
0
0
4095
0
4095
1922
560
1323
0
1421
0
0
0
0
0
0
0
0
0
561
0
0
0
0
0
0
4095
1540
436
640
0
1115
0
0
0
0
0
0
0
0
0
0
0
0
0
0
0
0
4095
1674
428
667
0
591
0
0
0
0
0
0
0
0
0
64
0
0
0
0
0
4095
2985
1924
548
0
674
571
0
0
0
0
0
0
0
0
0
384
0
0
0
0
0
4095
3061
1522
432
0
628
100
0
0
0
0
0
0
0
0
0
363
0
0
0
0
0
4095
3330
1577
283
0
464
14
0
0
0
0
0
0
0
0
0
71
0
0
0
0
0
4095
3298
1807
0
306
263
0
0
0
0
0
0
0
0
0
0
0
0
0
0
0
3621
4095
3088
1534
0
295
319
0
0
0
0
0
0
0
0
0
0
0
0
0
0
0
1100
4095
3071
1606
0
266
187
0
0
0
0
0
0
0
0
0
0
0
0
0
0
0
1171
4095
3424
1264
0
377
93
0
0
0
0
0
0
0
0
0
0
0
0
0
0
0
1172
4052
3140
104
0
295
4
0
0
0
0
0
0
0
0
0
0
0
0
0
0
0
1271
4095
2767
101
0
152
563
0
0
0
0
0
0
0
0
1264
0
0
0
0
0
0
1157
4095
1641
52
0
281
25
0
0
0
0
0
952
0
0
0
0
0
0
0
0
0
4095
4095
1488
0
28
110
31
0
0
0
0
0
1220
0
0
0
0
0
0
0
0
0
4095
0
4095
0
121
262
0
0
0
0
0
0
2071
0
0
0
0
0
0
0
0
0
4095
0
339
0
65
555
0
0
0
0
0
0
1652
291
0
0
0
0
0
0
0
0
4095
0
0
326
107
459
0
0
0
0
0
0
3759
182
0
0
0
0
0
0
0
0
3522
0
0
313
554
0
0
0
0
0
0
0
3579
119
0
0
0
0
0
0
0
0
726
0
0
383
83
0
0
0
0
0
0
0
3555
0
0
0
0
0
0
0
0
0
0
0
0
1489
18
0
0
0
0
0
0
0
3307
0
0
0
0
0
0
0
0
0
0
0
0
1775
0
0
0
0
0
0
0
0
3255
114
0
0
0
0
0
0
1474
0
0
0
1320
101
0
0
0
0
0
0
0
3567
559
286
0
0
0
0
0
0
1957
0
0
0
1385
164
0
0
0
0
0
0
0
3518
0
296
0
0
0
0
33
0
2765
0
0
0
1368
156
0
0
0
0
0
0
0
2886
69
0
0
0
0
0
1661
0
0
0
0
1695
334
96
0
0
0
0
0
0
0
1486
354
0
0
0
0
0
0
904
1567
0
0
1055
263
71
0
0
0
0
0
0
0
0
1724
0
0
0
0
81
0
981
1549
0
0
701
46
81
0
0
0
0
0
0
0
0
70
0
0
0
0
0
0
1091
1228
0
0
684
57
0
0
0
0
7
0
0
0
0
0
0
0
0
0
0
984
1128
767
0
0
934
5
0
0
0
0
11
0
0
0
0
0
0
0
0
0
0
1108
908
0
0
0
1407
30
0
0
0
0
0
0
0
0
0
0
0
0
0
33
0
1348
0
0
0
0
1416
527
0
0
0
0
0
0
0
0
0
0
0
0
0
983
0
0
0
0
0
0
1250
518
0
0
0
89
0
0
0
0
0
0
0
0
0
39
0
0
0
0
692
0
33
0
0
0
0
107
0
0
0
0
0
0
0
0
35
0
0
0
0
0
653
0
0
0
0
0
0
105
0
0
0
0
0
0
0
0
38
0
0
0
0
357
0
0
1
0
0
0
0
22
0
0
0
0
0
0
0
0
9
0
0
0
0
171
0
0
0
0
0
0
24
0
0
0
0
0
0
0
0
0
0
0
0
0
0
0
0
0
0
0
0
0
24
0
0
0
0
0
0
0
0
0
0
0
0
0
0
0
0
0
0
0
0
0
17
0
0
0
0
0
0
0
0
0
0
0
0
0
0
0
0
0
0
0
0
0
0
0
0
0
0
0
0
0
0
32
0
0
0
0
0
0
0
0
0
0
0
0
0
0
0
4095
0
0
0
0
0
128
0
0
0
0
0
0
0
0
0
0
0
0
0
0
4095
0
0
0
0
0
0
174
0
0
0
0
0
0
0
0
0
0
0
0
0
0
4095
0
0
0
0
0
0
62
0
0
0
0
0
0
0
0
0
0
0
0
0
0
4095
0
0
0
0
0
46
0
0
0
0
0
0
0
0
0
0
0
0
0
0
0
0
0
0
0
0
0
4095
0
0
0
0
0
0
0
0
0
0
0
0
0
0
0
0
0
0
0
0
0
4095
0
0
0
0
0
0
0
0
0
0
0
0
0
0
0
0
0
0
0
0
4095
0
0
0
0
0
0
0
0
0
0
0
0
0
0
0
0
0
0
0
0
0
4095
0
0
0
0
0
0
0
0
0
0
0
0
0
0
0
0
0
0
0
0
0
4095
0
0
0
0
0
0
0
0
0
0
0
0
0
0
0
0
0
0
0
0
4095
0
0
0
0
0
0
0
0
0
0
0
0
4095
0
0
0
0
4095
0
0
0
118
0
0
0
0
0
0
0
0
0
0
0
0
0
0
0
0
4095
1108
553
0
0
35
0
0
0
0
0
0
0
0
0
0
0
0
0
0
0
0
4095
1165
548
0
0
62
0
0
0
0
0
0
0
0
0
0
0
39
0
0
0
0
4095
1116
152
0
0
68
0
0
0
0
0
0
0
0
0
0
0
80
0
0
0
4095
4095
1219
229
0
0
1753
0
0
0
0
0
0
0
0
0
0
2
71
0
0
0
4095
4095
1192
0
0
0
2571
0
0
0
0
0
0
0
0
0
0
753
31
0
0
3200
1865
4095
4095
0
1155
1117
1133
0
0
0
0
0
0
0
0
0
0
578
0
0
0
2989
1641
4095
4095
54
1262
1184
1095
0
0
0
0
0
0
0
0
0
0
60
0
0
0
2288
1616
4095
4095
7
1210
1497
0
0
0
0
0
0
0
0
0
0
0
0
0
0
0
3710
1845
4095
4095
0
0
2439
0
0
0
0
0
0
0
0
0
0
1380
0
0
0
1809
732
1767
4095
3267
0
1763
698
0
0
0
0
0
0
0
2583
0
0
0
0
0
0
4095
789
1639
4095
