0
3850
0
0
0
0
0
592
0
0
0
0
0
0
0
0
0
1612
0
0
0
0
0
3933
0
0
0
527
0
631
0
0
0
0
0
0
0
0
3060
1352
0
0
0
0
1616
4038
0
0
1324
1324
777
160
0
0
0
0
0
0
0
0
0
0
0
0
0
0
2579
4043
0
0
1576
1352
790
167
0
0
0
0
0
0
0
0
0
0
0
0
0
0
2851
4010
0
0
1809
1289
748
171
0
0
0
0
0
0
0
0
0
275
0
0
0
0
3837
0
0
0
2052
1500
892
216
0
0
0
0
0
0
0
152
0
0
0
0
0
1897
0
0
0
0
1931
1369
826
185
0
0
0
0
0
0
0
143
0
0
0
0
0
1915
0
0
0
0
1831
1313
772
167
0
0
0
0
0
0
0
103
0
0
0
0
0
1837
0
0
0
0
1811
1313
783
176
0
0
0
0
0
0
0
108
0
0
0
0
0
1376
0
0
0
353
0
480
1046
120
80
36
0
0
0
0
0
0
0
0
0
0
4095
0
0
0
0
0
331
0
536
124
124
20
0
0
0
0
0
0
0
0
0
0
4095
0
0
0
0
0
392
0
599
94
94
0
0
0
0
0
0
0
0
0
0
0
232
3070
0
0
0
0
321
654
78
54
54
0
0
0
0
0
0
0
0
0
0
0
1106
3178
0
0
0
0
315
154
42
42
23
0
0
0
0
0
0
0
0
0
0
0
1530
3295
0
0
0
0
0
29
29
29
0
0
0
0
0
0
0
0
0
0
0
0
1985
0
0
0
0
0
0
11
11
11
0
0
0
0
0
0
0
0
0
0
0
0
2460
0
0
0
0
0
0
15
15
0
0
0
0
0
0
0
0
0
0
0
0
0
2750
0
0
0
0
0
0
5
5
0
0
0
0
0
0
0
0
0
0
0
0
0
2376
0
0
0
0
0
0
0
0
0
0
0
0
0
0
0
0
0
0
0
0
0
0
0
0
0
0
0
0
0
0
0
0
0
0
0
0
0
0
0
0
0
0
0
0
0
0
0
0
0
0
0
0
0
0
0
0
0
0
0
0
0
0
0
0
0
0
0
0
0
0
0
0
0
0
0
0
0
0
0
0
0
0
0
0
0
0
0
0
0
0
0
0
0
0
0
0
0
0
0
0
0
0
0
0
0
0
0
0
0
0
0
0
0
0
0
0
0
0
0
0
0
0
0
0
0
0
0
0
0
0
0
0
0
0
298
0
0
0
0
0
0
0
0
1357
0
0
0
0
0
0
0
0
0
2083
0
0
282
0
0
0
0
0
0
0
0
1454
0
0
0
0
0
0
0
0
0
1167
0
0
267
0
0
0
0
0
0
2
2
0
0
0
0
0
0
0
0
0
12
0
0
375
0
0
0
0
0
0
0
3
1005
0
0
0
0
0
0
0
0
0
64
121
0
393
0
350
0
0
0
0
2
7
1656
0
0
0
0
0
0
0
0
19
240
452
0
1165
0
0
0
0
0
0
8
11
1713
0
0
0
0
0
0
0
0
83
324
324
763
1788
0
0
0
0
0
0
7
10
1723
0
0
5
5
5
5
5
0
84
284
798
1305
0
0
0
0
0
0
0
7
10
1790
0
0
0
0
0
0
0
47
730
539
0
528
0
0
0
0
0
0
0
406
409
0
0
0
0
0
0
0
0
0
1091
532
0
564
0
0
0
0
0
0
0
542
544
0
0
0
0
0
0
0
0
0
1215
632
0
472
0
0
0
0
0
0
83
84
88
0
0
0
0
0
0
0
2739
1829
561
0
565
1059
0
0
0
0
0
0
127
127
127
0
0
0
0
0
0
0
0
0
587
0
556
0
0
0
0
0
0
0
0
0
0
0
0
0
0
0
0
0
0
0
615
0
558
0
0
0
0
0
0
0
0
0
0
0
0
0
0
0
0
0
0
0
599
0
545
0
88
0
0
0
0
0
0
0
0
0
0
0
0
0
0
0
0
0
600
0
551
0
0
0
0
0
0
0
0
0
0
0
0
0
0
0
0
0
0
0
0
569
1142
0
0
0
0
0
0
0
0
0
0
0
0
0
0
0
0
0
0
0
0
583
1228
0
0
0
0
0
0
0
0
0
0
0
0
0
0
0
1162
1162
0
0
0
593
1132
0
0
0
0
0
0
0
0
0
0
0
0
0
0
0
244
244
0
0
0
99
0
1
0
0
0
0
0
0
0
0
0
0
0
0
0
0
0
0
0
0
0
0
0
0
0
0
0
0
0
0
0
0
0
0
0
0
0
0
0
0
0
0
0
0
0
0
0
0
0
0
0
0
0
0
0
0
0
0
0
81
81
81
81
81
81
0
0
0
0
0
0
0
0
0
0
0
0
0
0
0
0
0
0
0
0
0
0
0
0
0
0
0
0
0
0
0
0
0
0
0
0
0
0
0
0
0
0
0
0
0
0
0
0
0
0
4095
4095
4095
0
0
0
0
0
0
0
8
8
8
8
8
0
0
0
0
9
9
9
0
0
0
0
0
0
0
0
0
18
18
18
18
18
18
0
9
9
9
0
0
0
0
0
1478
0
0
0
0
0
0
30
30
30
30
30
14
0
0
0
0
0
0
0
0
0
2097
0
0
0
0
0
0
94
94
94
94
94
66
0
0
0
0
0
0
0
0
0
1885
0
0
0
0
0
0
72
72
72
72
72
34
0
0
0
0
0
0
0
0
1385
544
0
0
0
0
0
0
50
50
50
50
50
0
0
0
0
0
0
0
0
0
1775
4015
4090
4090
4090
4090
4090
5
5
5
5
5
4
0
0
0
0
0
0
0
0
0
1749
4079
4079
4079
4079
4079
4079
5
5
5
5
5
0
0
0
0
0
0
0
0
0
201
1917
4091
4091
4091
4091
4091
4091
4
4
4
4
4
0
0
0
0
0
0
0
0
0
787
2269
4095
4095
4095
4095
4095
0
0
0
0
0
0
0
0
0
0
0
0
0
0
0
783
2402
4040
4077
4077
4077
4077
0
0
0
0
0
0
0
0
0
0
0
0
1
1
1
788
2441
101
0
0
0
0
0
0
0
0
0
0
0
0
0
0
0
0
0
0
0
1308
0
223
0
0
0
0
0
0
0
0
0
0
0
0
0
0
0
0
0
0
249
1689
0
0
0
0
11
0
0
0
0
0
0
0
0
0
0
0
0
0
0
0
234
1715
0
0
0
0
86
0
0
0
0
0
0
0
0
0
0
0
0
0
0
0
928
0
0
0
4
0
75
0
0
0
0
0
0
0
0
0
3
3
3
0
0
0
886
0
0
0
114
0
915
0
0
0
0
0
0
0
0
0
4
4
4
0
0
0
1151
0
0
5
0
164
1290
0
0
0
0
0
0
0
0
0
3
456
456
0
0
1401
0
0
0
0
0
0
1107
0
0
0
0
0
0
0
0
0
1
757
757
0
3
2868
0
0
0
0
0
0
0
0
0
0
0
0
0
0
0
0
3
3
3
3
519
3259
0
0
0
0
0
0
0
0
0
0
0
0
0
0
0
517
519
519
519
519
0
3079
0
0
0
0
0
908
0
0
0
0
0
0
0
0
0
1407
1411
0
0
0
478
3136
0
0
0
0
54
0
0
0
0
0
0
0
0
0
1371
0
3
0
0
0
3185
0
0
0
0
0
637
0
0
0
0
0
0
0
0
0
1392
0
2
0
0
0
