18
42
108
-1
37
-1
-1
-1
-1
-1
-1
-1
122
-1
-1
-1
2
-1
-1
-1
23
9
18
-1
-1
-1
47
-1
-1
-1
-1
-1
-1
-1
78
-1
-1
-1
-1
-1
-1
-1
23
8
18
-1
-1
-1
99
-1
-1
-1
-1
-1
-1
-1
60
-1
-1
-1
-1
-1
-1
-1
33
7
57
-1
-1
-1
-1
-1
-1
-1
-1
-1
-1
-1
58
-1
-1
-1
-1
-1
-1
-1
48
9
81
-1
-1
-1
-1
-1
-1
-1
-1
-1
-1
-1
33
31
-1
-1
-1
-1
-1
38
6
9
114
-1
-1
-1
-1
-1
-1
-1
-1
-1
-1
-1
45
32
-1
-1
-1
-1
-1
55
5
8
113
-1
-1
-1
-1
-1
-1
-1
-1
-1
-1
-1
49
24
-1
-1
-1
-1
-1
69
5
9
88
-1
-1
-1
-1
-1
-1
-1
-1
-1
-1
-1
50
-1
-1
-1
-1
-1
-1
70
6
9
137
-1
-1
-1
-1
-1
-1
-1
-1
-1
-1
-1
59
-1
-1
-1
-1
-1
-1
67
5
10
-1
-1
-1
133
-1
-1
-1
-1
-1
-1
-1
23
2
-1
-1
-1
86
-1
22
21
6
15
-1
-1
-1
75
-1
-1
-1
-1
-1
-1
-1
23
-1
-1
-1
-1
52
-1
23
17
5
40
-1
115
-1
128
-1
-1
-1
-1
-1
-1
-1
23
-1
-1
-1
-1
105
-1
25
18
5
14
-1
85
-1
-1
-1
-1
-1
-1
-1
-1
-1
4
-1
-1
-1
-1
-1
-1
52
21
6
27
-1
71
-1
-1
-1
-1
-1
-1
-1
-1
-1
-1
-1
-1
-1
-1
-1
-1
52
17
5
-1
37
39
-1
-1
-1
-1
-1
-1
-1
-1
-1
8
-1
-1
-1
-1
-1
55
24
17
5
-1
43
35
-1
-1
-1
-1
-1
-1
-1
-1
-1
23
-1
-1
-1
-1
-1
52
24
20
6
-1
37
4
-1
-1
-1
-1
-1
-1
-1
-1
-1
23
-1
-1
-1
-1
-1
52
23
17
1
-1
23
6
-1
-1
-1
-1
-1
-1
-1
-1
-1
-1
-1
-1
-1
-1
-1
55
23
18
-1
15
22
-1
-1
-1
-1
-1
-1
-1
-1
-1
-1
-1
-1
-1
-1
-1
29
31
24
15
-1
18
26
-1
-1
-1
-1
-1
-1
-1
-1
-1
-1
-1
-1
-1
-1
-1
32
27
24
10
-1
16
18
-1
-1
-1
-1
-1
-1
-1
-1
-1
-1
-1
-1
-1
-1
-1
34
27
23
12
-1
18
21
-1
-1
-1
-1
-1
-1
-1
-1
-1
-1
-1
-1
-1
-1
-1
30
28
24
4
-1
19
12
-1
-1
-1
-1
-1
-1
-1
-1
15
-1
-1
-1
-1
-1
-1
30
30
19
3
-1
17
2
-1
-1
-1
-1
-1
-1
-1
-1
10
-1
-1
-1
-1
-1
-1
30
32
14
-1
-1
17
18
-1
-1
-1
-1
-1
8
-1
-1
-1
-1
-1
-1
-1
-1
-1
26
44
19
-1
4
21
-1
-1
-1
-1
-1
-1
23
-1
-1
-1
-1
-1
-1
-1
-1
6
27
-1
18
-1
6
17
-1
-1
-1
-1
-1
-1
62
-1
-1
-1
-1
-1
-1
-1
-1
-1
30
-1
37
-1
1
83
-1
-1
-1
-1
-1
-1
77
2
-1
-1
-1
-1
-1
-1
-1
-1
39
-1
-1
-1
5
-1
-1
-1
-1
-1
-1
-1
104
3
-1
-1
-1
-1
-1
-1
-1
-1
58
-1
-1
18
37
-1
-1
-1
-1
-1
-1
-1
105
2
-1
-1
-1
-1
-1
-1
-1
-1
174
-1
-1
25
28
-1
-1
-1
-1
-1
-1
-1
100
-1
-1
-1
-1
-1
-1
-1
-1
-1
-1
-1
-1
27
43
-1
-1
-1
-1
-1
-1
-1
103
-1
-1
-1
-1
-1
-1
-1
-1
-1
-1
-1
-1
53
39
-1
-1
-1
-1
-1
-1
-1
116
12
-1
-1
-1
-1
-1
-1
185
-1
-1
-1
46
8
73
-1
-1
-1
-1
-1
-1
94
2
20
-1
-1
-1
-1
29
-1
94
-1
-1
-1
46
9
-1
-1
-1
-1
-1
-1
-1
102
-1
10
-1
-1
-1
-1
39
-1
157
-1
-1
-1
52
41
-1
-1
-1
-1
-1
-1
-1
102
8
-1
-1
-1
-1
-1
27
-1
-1
-1
-1
57
18
40
-1
-1
-1
-1
-1
-1
-1
79
20
-1
-1
-1
-1
-1
-1
28
62
-1
-1
58
18
40
-1
-1
-1
-1
-1
-1
-1
-1
20
-1
-1
-1
-1
8
-1
30
62
-1
-1
58
18
28
-1
-1
-1
43
17
-1
-1
-1
-1
-1
-1
-1
-1
-1
2
31
102
-1
-1
59
22
-1
-1
-1
-1
26
-1
-1
-1
-1
-1
-1
-1
-1
-1
-1
30
34
-1
-1
-1
64
31
-1
-1
-1
-1
14
-1
-1
-1
-1
-1
-1
-1
-1
2
-1
30
60
-1
-1
-1
50
32
-1
-1
-1
23
-1
-1
-1
-1
-1
-1
-1
-1
-1
2
-1
48
-1
-1
-1
-1
46
51
-1
-1
-1
41
-1
-1
-1
-1
-1
-1
-1
-1
-1
1
-1
-1
-1
-1
94
-1
23
-1
-1
-1
-1
31
-1
-1
-1
-1
-1
-1
-1
-1
-1
2
-1
-1
-1
-1
43
-1
24
-1
-1
-1
-1
29
-1
-1
-1
-1
-1
-1
-1
-1
-1
-1
-1
-1
-1
-1
50
-1
32
-1
-1
-1
-1
3
-1
-1
-1
-1
-1
-1
-1
-1
-1
-1
-1
-1
-1
37
-1
-1
90
-1
-1
-1
-1
-1
-1
-1
-1
-1
-1
-1
-1
-1
-1
-1
-1
-1
-1
-1
-1
-1
-1
-1
-1
-1
19
-1
-1
-1
-1
-1
-1
-1
-1
-1
-1
-1
-1
-1
-1
-1
-1
-1
-1
-1
-1
-1
12
-1
-1
-1
-1
-1
-1
-1
-1
-1
-1
-1
-1
-1
-1
-1
-1
-1
-1
-1
-1
-1
33
-1
-1
-1
-1
-1
-1
-1
-1
-1
-1
-1
-1
-1
-1
-1
-1
-1
-1
-1
-1
-1
84
-1
-1
-1
-1
-1
-1
-1
-1
6
-1
-1
-1
-1
-1
-1
-1
-1
-1
-1
-1
-1
-1
-1
-1
38
-1
-1
-1
-1
-1
30
-1
-1
-1
-1
-1
-1
-1
-1
-1
-1
-1
-1
-1
-1
60
-1
-1
-1
-1
-1
-1
64
-1
-1
-1
-1
-1
-1
-1
-1
-1
-1
-1
-1
-1
-1
69
-1
-1
-1
-1
-1
-1
51
-1
-1
-1
-1
-1
-1
-1
-1
-1
-1
-1
-1
-1
-1
296
-1
-1
-1
-1
-1
5
-1
-1
-1
-1
-1
-1
-1
-1
-1
-1
-1
-1
-1
-1
-1
-1
-1
-1
-1
-1
-1
31
-1
-1
-1
-1
-1
-1
-1
-1
-1
-1
-1
-1
-1
-1
-1
-1
-1
-1
-1
-1
-1
20
-1
-1
-1
-1
-1
-1
-1
-1
-1
-1
-1
-1
-1
-1
-1
-1
-1
-1
-1
-1
-1
-1
-1
-1
-1
-1
-1
-1
-1
-1
-1
-1
-1
-1
-1
-1
-1
-1
-1
-1
-1
-1
11
-1
-1
-1
-1
-1
-1
-1
-1
-1
-1
-1
-1
-1
-1
-1
-1
-1
-1
-1
-1
-1
-1
-1
-1
-1
-1
-1
-1
-1
-1
-1
-1
-1
-1
-1
-1
-1
-1
-1
-1
-1
-1
-1
-1
-1
-1
-1
-1
-1
-1
-1
-1
-1
-1
-1
69
-1
-1
-1
207
166
-1
-1
-1
12
-1
-1
-1
-1
-1
-1
-1
-1
-1
-1
-1
-1
-1
-1
-1
-1
56
30
15
-1
-1
24
-1
-1
-1
-1
-1
-1
-1
-1
-1
-1
-1
-1
-1
-1
-1
-1
31
34
16
-1
-1
35
-1
-1
-1
-1
-1
-1
-1
-1
-1
-1
-1
40
-1
-1
-1
28
30
31
95
-1
-1
33
-1
-1
-1
-1
-1
-1
-1
-1
-1
-1
-1
51
-1
-1
-1
29
28
30
-1
-1
-1
56
-1
-1
-1
-1
-1
-1
-1
-1
-1
-1
41
22
-1
-1
-1
27
28
34
-1
-1
-1
62
-1
-1
-1
-1
-1
-1
-1
-1
-1
-1
68
3
-1
-1
14
18
28
39
-1
67
32
31
-1
-1
-1
-1
-1
-1
-1
-1
-1
-1
53
-1
-1
-1
13
21
32
39
-1
38
30
31
-1
-1
-1
-1
-1
-1
-1
-1
-1
-1
53
-1
-1
-1
14
19
28
35
-1
70
30
-1
-1
-1
-1
-1
-1
-1
-1
-1
-1
46
-1
-1
-1
5
9
18
28
35
-1
-1
31
-1
-1
-1
-1
-1
-1
-1
-1
-1
-1
35
-1
-1
-1
8
8
18
28
-1
-1
35
11
-1
-1
-1
-1
-1
-1
-1
-1
-1
-1
5
-1
-1
-1
24
7
20
