0
0
0
0
0
0
0
0
0
1573
1577
1578
0
0
0
3272
0
0
0
0
582
0
0
0
0
0
0
0
0
0
1880
0
4
4
0
0
0
3690
0
0
0
0
641
0
0
0
0
0
0
0
0
0
1666
4
0
0
0
0
0
3787
0
0
2538
391
0
611
0
0
0
0
0
0
0
0
1791
0
0
0
0
0
1665
3855
0
0
1144
1144
613
0
0
0
0
0
0
0
0
0
1843
0
0
0
0
0
2143
3936
0
0
1348
1194
643
0
0
0
0
0
0
0
0
111
0
0
0
0
0
0
2817
0
0
0
1727
1134
586
0
0
0
0
0
0
0
0
554
0
0
0
0
0
1773
3636
0
0
0
1691
1164
616
0
0
0
0
0
0
0
0
1001
0
0
0
0
0
2033
3661
0
0
0
1706
1192
612
0
0
0
0
0
0
0
0
1261
0
0
0
0
625
2304
3676
0
0
0
1695
1194
589
0
0
0
0
0
0
0
0
1215
0
0
0
0
2065
0
3103
0
0
0
1669
1187
630
0
6
0
0
0
0
0
0
0
0
0
0
0
0
3051
0
0
0
526
0
578
1097
6
31
0
0
0
0
0
0
0
0
0
0
0
0
3018
0
0
0
431
0
533
1086
31
51
0
0
0
0
0
0
0
0
0
0
0
0
2961
0
0
0
0
429
0
549
54
51
0
0
0
0
0
0
0
0
0
0
0
1588
3302
0
0
0
0
418
769
219
69
27
0
0
0
0
0
0
0
0
0
0
0
1624
3425
0
0
0
274
0
345
39
39
0
0
0
0
0
0
0
0
0
0
0
0
1848
0
0
0
0
258
0
24
24
24
0
0
0
0
0
0
0
0
0
0
0
0
2011
0
0
0
0
289
0
22
22
22
0
0
0
0
0
0
0
0
0
0
0
0
2824
0
0
0
0
306
0
11
11
0
0
0
0
0
0
0
0
0
0
0
0
0
2651
0
0
0
0
0
0
12
12
0
0
0
0
0
0
0
0
0
0
0
0
0
0
0
0
0
0
0
1
0
0
0
0
0
0
0
0
0
0
0
0
0
0
0
0
0
0
0
0
0
0
0
0
0
0
0
0
0
0
0
0
0
0
0
0
0
0
0
0
0
0
0
0
0
0
0
0
0
0
0
0
0
0
0
0
0
0
0
0
0
0
0
0
0
0
0
0
0
0
0
0
989
989
0
0
0
0
0
0
0
0
0
0
0
0
0
0
0
0
0
0
0
0
859
859
0
0
0
0
0
0
0
0
0
0
19
0
0
0
0
0
0
0
0
398
0
0
0
0
0
0
0
0
0
0
0
0
0
0
0
0
0
0
0
0
0
215
0
0
0
0
0
0
0
0
0
0
3837
0
19
0
2
0
0
0
0
3
3
174
0
0
0
0
0
0
0
0
8
0
0
0
0
0
0
0
0
0
0
1
683
0
0
0
0
0
0
0
0
0
41
21
0
278
0
435
0
0
0
0
0
6
1504
0
0
0
0
0
0
0
0
0
238
493
0
373
0
305
0
0
0
0
0
11
1928
0
0
0
0
0
0
0
0
66
274
539
0
314
0
0
0
0
0
0
7
120
1753
0
0
0
0
0
0
0
0
64
208
618
1161
1481
0
0
0
0
0
0
7
1296
2833
0
0
0
0
0
0
0
37
620
540
0
539
862
0
0
0
0
0
0
6
1482
2894
0
0
0
0
0
0
0
151
301
0
549
1027
0
0
0
0
0
0
0
175
1761
0
0
0
0
0
0
0
0
423
550
0
521
1027
0
0
0
0
0
0
0
128
1598
0
0
0
0
0
0
0
0
788
641
0
543
1077
0
0
0
0
0
0
198
201
1981
0
0
0
0
0
0
0
2099
965
0
650
1229
0
0
0
0
0
0
0
631
632
1535
0
0
0
0
0
0
0
0
0
608
0
550
0
0
0
0
0
0
0
122
126
847
847
0
0
0
0
0
0
0
0
594
0
542
0
0
0
0
0
0
0
0
1
0
0
0
0
0
0
0
0
0
0
601
0
567
0
0
0
0
0
0
0
0
0
0
0
0
0
0
0
0
0
0
174
0
593
1116
0
0
0
0
0
0
0
0
0
0
0
0
0
0
0
0
0
0
193
0
584
1117
0
0
0
0
0
0
0
0
0
0
0
0
0
0
0
0
0
207
207
0
698
1304
0
0
0
0
0
0
0
0
0
0
0
0
0
0
0
464
384
0
0
176
0
265
308
0
0
0
0
0
0
0
0
0
0
0
0
0
0
0
35
35
35
201
0
0
0
0
0
0
0
0
0
0
0
0
0
0
0
0
34
34
0
0
0
182
0
0
0
0
0
0
0
0
0
0
0
0
0
0
0
0
0
0
0
0
0
109
0
0
0
0
0
0
15
0
0
0
0
0
0
0
0
0
105
105
105
105
105
0
0
0
0
0
0
0
0
0
0
0
0
0
0
0
0
0
0
0
0
0
0
0
0
0
0
0
0
0
0
0
0
0
0
0
0
0
0
0
0
0
0
0
0
0
0
0
0
0
0
0
0
0
0
0
0
0
0
0
0
0
0
0
0
0
0
0
0
0
0
0
0
0
0
0
0
0
0
3281
3281
3281
3281
18
18
18
18
18
2
0
0
0
0
0
0
0
0
0
3281
3281
3281
4024
4024
4024
4024
71
71
71
71
71
26
0
0
0
0
0
0
0
0
0
4024
4024
4024
0
0
0
0
143
143
143
143
143
57
0
0
0
0
0
0
0
0
0
0
0
0
0
0
0
0
34
34
34
34
34
0
0
0
0
0
0
0
0
0
1797
0
0
0
0
0
0
38
38
38
38
38
31
0
0
0
0
0
0
0
0
0
1957
0
0
0
4071
4071
4071
13
13
13
13
13
0
0
0
0
0
0
0
0
0
0
1976
4071
4071
4071
4090
4090
4090
5
5
5
5
5
0
0
0
0
0
0
0
0
0
399
2385
4090
4090
4090
4095
4095
0
0
0
0
0
0
0
0
0
0
0
0
0
0
0
1012
2543
4095
4095
4095
4076
4076
0
0
0
0
0
0
0
0
0
0
0
0
0
0
0
1146
2594
4076
4076
4076
4095
4095
0
0
0
0
0
0
0
0
0
0
0
0
0
0
0
960
2385
3977
4095
4095
4095
0
0
0
0
0
0
0
0
0
0
0
0
0
4095
4095
4095
2523
0
3834
4095
4095
0
0
0
0
0
0
0
0
0
0
0
0
0
0
0
0
619
1999
0
562
0
0
74
0
0
0
0
0
0
0
0
0
0
0
0
0
0
0
742
1796
0
0
0
0
61
0
0
0
0
0
0
0
0
0
2
2
2
0
0
0
2490
0
0
0
0
0
468
0
0
0
0
0
0
0
0
0
3
3
3
0
0
0
2457
0
0
0
72
0
1298
0
0
0
0
0
0
0
0
0
2
128
0
0
0
0
2218
0
0
175
163
0
0
0
0
0
0
0
0
0
0
0
3
393
0
0
0
1765
0
0
0
0
42
947
0
0
0
0
0
0
0
0
0
0
4
63
0
0
0
1480
0
0
0
0
43
0
1112
0
0
0
0
0
0
0
0
478
857
857
0
0
0
1467
0
0
0
0
0
0
0
0
0
0
0
0
0
0
0
1086
1280
0
0
0
0
0
0
0
0
0
41
0
0
0
0
0
0
0
0
0
223
225
226
0
0
0
2035
0
0
0
0
69
0
1296
