62
44
26
0
0
0
0
1304
225
481
350
0
485
65
201
0
40
34
366
60
211
167
0
0
32
25
0
0
21
40
28
0
154
28
18
132
18
145
27
28
156
18
0
0
22
0
0
28
0
31
0
150
0
60
0
29
1080
806
102
0
0
57
153
23
0
958
111
334
229
464
328
531
138
169
179
12
47
793
3583
0
248
128
529
1487
483
23
110
0
284
240
0
89
260
0
0
364
0
126
0
0
212
27
103
230
130
70
68
466
1016
676
25
151
363
86
310
546
356
721
506
34
871
0
161
30
0
130
296
420
535
64
213
349
0
275
215
0
323
215
0
165
121
128
0
197
0
279
627
278
297
405
793
1172
987
0
0
22
17
13
6
0
228
459
532
1418
44
