0
0
0
0
0
0
0
0
0
0
1586
1589
1589
0
0
0
3406
0
0
0
0
592
635
0
0
0
0
0
0
0
0
1522
4
0
0
0
0
0
3720
0
0
0
0
0
596
0
0
0
0
0
0
0
0
1652
7
0
0
0
0
0
3770
0
0
1491
570
0
0
0
0
0
0
0
0
0
0
1902
0
0
0
0
0
1872
3889
0
0
1125
1125
578
0
0
0
0
0
0
0
0
0
0
0
0
0
0
0
2085
3959
0
0
1508
1218
647
0
0
0
0
0
0
0
0
328
0
0
0
0
0
0
2997
0
0
0
1768
1165
616
0
0
0
0
0
0
0
0
550
0
0
0
0
0
2048
3706
0
0
0
1610
1097
576
0
0
0
0
0
0
0
0
940
0
0
0
0
0
2042
3688
0
0
0
1704
1169
565
0
0
0
0
0
0
0
0
1259
0
0
0
0
928
2459
3741
0
0
0
1670
1163
589
0
0
0
0
0
0
0
0
0
0
0
0
0
2096
0
3016
0
0
0
1648
1107
585
14
14
0
0
0
0
0
0
0
0
0
0
0
0
3108
0
0
0
1055
597
0
517
32
32
0
0
0
0
0
0
0
0
0
0
0
0
2943
0
0
0
923
516
0
543
56
48
0
0
0
0
0
0
0
0
0
0
0
0
2932
0
0
0
0
423
533
0
77
64
0
0
0
0
0
0
0
0
0
0
0
1554
3337
0
0
0
0
440
730
147
41
22
0
0
0
0
0
0
0
0
0
0
0
1936
0
0
0
0
270
0
199
41
21
0
0
0
0
0
0
0
0
0
0
0
0
1809
0
0
0
0
251
0
21
21
13
0
0
0
0
0
0
0
0
0
0
0
0
2371
0
0
0
0
281
0
13
13
0
0
0
0
0
0
0
0
0
0
0
0
0
2714
0
0
0
0
305
0
12
12
0
0
0
0
0
0
0
0
0
0
0
0
0
2409
0
0
0
0
0
0
9
9
0
0
0
0
0
0
0
0
0
0
0
0
0
0
0
0
0
0
0
4
0
0
0
0
0
0
0
0
0
0
0
0
0
0
0
0
0
0
0
0
0
0
0
0
0
0
0
0
0
0
0
0
0
0
0
0
0
0
0
0
0
0
0
0
0
0
0
0
0
0
0
0
0
0
0
0
0
0
0
0
0
0
0
0
0
0
0
0
0
0
0
0
1105
1105
0
0
0
0
0
0
0
0
0
0
0
0
0
0
0
0
0
0
0
0
870
870
0
0
0
0
0
0
0
0
0
0
22
0
0
0
0
0
0
0
0
452
0
0
0
0
0
0
0
0
0
0
0
0
0
0
0
0
0
0
0
0
0
223
0
0
0
0
0
0
0
0
0
0
2077
0
19
0
1
0
0
0
0
5
5
0
0
0
0
0
0
0
0
0
10
0
0
0
0
0
0
0
0
0
0
3
1114
0
0
0
0
0
0
0
0
0
64
48
0
308
0
471
0
0
0
0
0
2
1980
0
0
0
0
0
0
0
0
13
231
503
0
348
0
169
0
0
0
0
7
13
1946
0
0
0
0
0
0
0
0
68
299
299
770
1098
0
0
0
0
0
0
4
8
1669
0
0
0
0
0
0
0
3
85
266
774
1300
1608
0
0
0
0
0
0
7
1069
2743
0
0
0
0
0
0
0
38
74
0
541
1038
0
0
0
0
0
0
0
373
1944
0
0
0
0
0
0
0
0
162
494
0
557
1042
0
0
0
0
0
0
0
223
1651
0
0
0
0
0
0
0
0
635
553
0
528
1027
0
0
0
0
0
0
0
249
1650
0
0
0
0
0
0
0
0
833
683
0
541
0
0
0
0
0
0
0
246
566
1961
0
0
0
0
0
0
0
0
0
601
0
621
0
0
0
0
0
0
0
563
3
1414
1414
0
0
0
0
0
0
0
0
614
0
487
0
0
0
0
0
0
0
0
0
552
552
0
0
0
0
0
0
0
0
589
0
539
0
88
0
0
0
0
0
0
0
0
0
0
0
0
0
0
0
0
0
557
0
520
0
0
0
0
0
0
0
0
0
0
0
0
0
0
0
0
0
0
178
0
587
1108
0
0
0
0
0
0
0
0
0
0
0
0
0
0
0
0
0
0
178
0
641
1202
0
0
0
0
0
0
0
0
0
0
0
0
0
0
0
0
36
228
228
0
618
1221
0
0
0
0
0
0
0
0
0
0
0
0
0
0
0
201
171
0
0
182
0
94
195
0
0
0
0
0
0
0
0
0
0
0
0
0
34
34
0
0
0
165
0
0
0
0
0
0
0
0
0
0
0
0
0
0
0
0
40
40
0
0
0
175
0
0
0
0
0
0
0
0
0
0
0
0
0
0
0
0
0
0
0
0
0
77
0
0
0
0
0
0
0
0
0
0
0
0
0
0
0
0
66
66
66
66
66
0
0
0
0
0
0
0
0
0
0
0
0
0
0
0
0
0
0
0
0
0
0
0
0
0
0
0
0
0
0
0
0
0
0
0
0
0
0
0
0
0
0
0
0
0
0
0
0
0
0
0
0
0
0
0
0
0
0
0
0
0
0
0
0
0
0
0
0
0
0
0
0
0
0
0
0
0
0
0
0
0
0
42
42
42
42
42
1
0
0
0
0
0
0
0
0
0
4095
0
0
0
0
0
0
192
192
192
192
192
88
0
0
0
0
0
0
0
0
0
0
0
0
0
0
0
0
122
122
122
122
122
44
0
0
0
0
0
0
0
0
0
0
0
0
0
0
0
42
42
42
42
42
42
0
0
0
0
0
0
0
0
0
1932
0
0
0
0
0
0
37
37
37
37
37
19
0
0
0
0
0
0
0
0
0
2000
0
0
4083
4083
4083
4083
12
12
12
12
12
0
0
0
0
0
0
0
0
0
0
2122
4083
4083
4095
4095
4095
0
23
23
23
23
23
0
0
0
0
0
0
0
0
0
708
2489
4095
4095
4095
4095
4095
0
0
0
0
0
0
0
0
0
0
0
0
0
0
0
961
2555
4095
4095
4079
4079
4079
0
0
0
0
0
0
0
0
0
0
0
0
0
0
0
1123
2596
4062
4079
4095
4095
4095
0
0
0
0
0
0
0
0
0
0
0
0
0
0
0
910
2307
3972
4095
0
0
0
0
0
0
0
0
0
0
0
0
0
0
0
287
287
0
983
2698
111
0
0
11
0
0
0
0
0
0
0
0
0
0
0
0
0
0
0
638
2095
0
534
0
0
68
0
0
0
0
0
0
0
0
0
0
0
0
0
0
0
748
1584
0
0
0
0
63
0
0
0
0
0
0
0
0
0
5
5
5
0
0
0
2465
0
0
0
5
0
700
0
0
0
0
0
0
0
0
0
3
3
3
0
0
0
2440
0
0
0
82
0
1395
0
0
0
0
0
0
0
0
0
4
321
0
0
0
266
2360
0
0
174
167
0
0
0
0
0
0
0
0
0
0
0
3
396
0
0
0
1761
0
0
0
48
0
0
0
0
0
0
0
0
0
0
0
1
6
6
0
0
0
1402
0
0
0
24
0
0
862
0
0
0
0
0
0
0
0
876
1130
1130
1159
1159
1159
2631
0
0
0
0
0
0
0
0
0
0
0
0
0
0
0
1372
1433
0
0
0
0
0
0
0
0
0
0
0
0
0
0
0
0
0
0
0
522
648
648
0
0
0
2292
3486
0
0
0
79
0
