48
23
22
0
0
0
0
1473
394
541
292
0
406
44
249
0
18
19
271
95
183
160
0
30
27
23
0
23
0
54
29
0
28
61
21
84
40
120
29
28
283
0
83
0
25
0
0
28
0
0
0
57
28
28
27
17
571
757
69
70
0
60
98
25
0
703
136
256
287
430
409
389
120
23
0
6
43
537
3815
0
225
346
134
1450
863
206
130
0
610
153
160
90
313
0
0
670
5
158
0
0
0
27
102
203
288
68
96
417
842
568
0
140
334
41
437
357
279
893
436
37
789
0
0
30
129
0
255
458
517
65
220
207
0
333
500
60
374
0
0
29
60
187
95
364
0
289
556
308
335
440
598
1178
1243
145
0
26
146
0
5
0
427
558
400
1521
20
