-1
-1
-1
-1
-1
-1
-1
-1
-1
-1
216
-1
-1
-1
35
17
24
30
34
-1
181
-1
-1
-1
-1
-1
-1
-1
110
-1
-1
133
-1
-1
-1
-1
34
19
53
-1
-1
-1
191
-1
-1
-1
-1
-1
-1
-1
116
-1
-1
123
-1
-1
-1
-1
30
19
48
-1
-1
-1
187
-1
-1
-1
-1
-1
-1
-1
199
-1
-1
-1
-1
-1
-1
-1
92
17
207
-1
-1
-1
-1
-1
-1
-1
-1
-1
-1
-1
196
-1
-1
-1
-1
-1
-1
87
5
18
233
-1
-1
-1
-1
-1
-1
-1
-1
-1
-1
103
29
97
-1
-1
-1
-1
-1
78
5
20
192
-1
-1
-1
-1
-1
-1
-1
-1
-1
-1
98
30
97
-1
-1
-1
-1
-1
80
6
17
186
-1
-1
-1
-1
-1
-1
-1
-1
-1
-1
-1
103
102
-1
-1
-1
-1
-1
84
5
17
204
-1
-1
-1
-1
-1
-1
-1
-1
-1
-1
93
124
-1
-1
-1
-1
-1
-1
84
6
19
178
-1
-1
-1
-1
-1
-1
-1
-1
-1
-1
92
63
-1
-1
-1
92
-1
46
8
5
199
-1
-1
-1
-1
-1
-1
-1
-1
-1
-1
-1
52
59
-1
-1
-1
96
-1
45
9
5
38
-1
-1
-1
202
-1
-1
-1
-1
-1
-1
-1
47
-1
87
-1
-1
66
-1
48
8
6
38
-1
-1
-1
203
-1
-1
-1
-1
-1
-1
-1
45
-1
89
-1
-1
62
-1
49
8
5
37
-1
-1
-1
195
-1
-1
-1
-1
-1
-1
-1
88
26
91
-1
-1
-1
-1
76
9
5
189
-1
-1
-1
-1
-1
-1
-1
-1
-1
-1
-1
93
88
-1
-1
-1
-1
90
18
8
6
-1
199
-1
-1
-1
-1
-1
-1
-1
-1
-1
-1
149
-1
-1
-1
-1
-1
123
20
8
5
-1
197
-1
-1
-1
-1
-1
-1
-1
-1
-1
-1
150
-1
-1
-1
-1
-1
134
20
9
6
-1
194
-1
-1
-1
-1
-1
-1
-1
-1
-1
66
86
-1
-1
-1
-1
-1
125
19
9
5
15
179
-1
-1
-1
-1
-1
-1
-1
-1
-1
74
80
-1
-1
-1
-1
92
28
18
9
-1
17
183
-1
-1
-1
-1
-1
-1
-1
-1
-1
130
-1
-1
-1
-1
-1
123
28
22
10
-1
18
187
-1
-1
-1
-1
-1
-1
-1
-1
-1
129
-1
-1
-1
-1
-1
124
30
19
9
-1
17
185
-1
-1
-1
-1
-1
-1
-1
-1
-1
124
-1
-1
-1
-1
-1
123
31
19
10
3
21
197
-1
-1
-1
-1
-1
-1
-1
-1
171
-1
-1
-1
-1
-1
-1
130
28
21
10
3
25
154
-1
-1
-1
-1
-1
-1
-1
-1
135
-1
-1
-1
-1
-1
134
31
29
21
-1
14
23
161
-1
-1
-1
-1
-1
-1
-1
-1
149
-1
-1
-1
-1
-1
124
29
30
21
-1
18
25
155
-1
-1
-1
-1
-1
181
-1
-1
-1
-1
-1
-1
-1
-1
153
30
34
22
-1
18
116
-1
-1
-1
-1
-1
-1
190
-1
-1
-1
-1
-1
-1
-1
-1
150
29
30
25
12
10
114
-1
-1
-1
-1
-1
-1
124
-1
99
-1
-1
-1
-1
-1
-1
-1
154
29
22
15
15
117
-1
-1
-1
-1
-1
-1
27
27
80
-1
-1
-1
-1
-1
-1
-1
186
-1
-1
34
100
-1
-1
-1
-1
-1
-1
136
28
-1
102
-1
-1
-1
-1
-1
-1
134
61
-1
-1
39
98
-1
-1
-1
-1
-1
-1
126
101
-1
-1
-1
-1
-1
-1
-1
-1
189
-1
-1
-1
64
95
-1
-1
-1
-1
-1
-1
125
26
61
-1
-1
-1
-1
-1
-1
-1
178
-1
-1
50
5
98
-1
-1
-1
-1
-1
-1
126
26
68
-1
-1
-1
-1
-1
-1
149
-1
-1
-1
83
3
98
-1
-1
-1
-1
-1
-1
129
30
59
-1
-1
-1
-1
-1
-1
153
-1
-1
-1
83
68
-1
-1
-1
-1
-1
-1
-1
156
25
39
-1
-1
-1
-1
74
-1
94
-1
-1
-1
88
66
-1
-1
-1
-1
-1
-1
-1
161
27
47
-1
-1
-1
-1
137
-1
-1
-1
-1
94
20
64
-1
-1
-1
-1
-1
-1
-1
166
47
-1
-1
-1
-1
55
100
-1
-1
-1
-1
95
11
62
-1
-1
-1
-1
-1
-1
123
30
50
-1
-1
-1
-1
56
32
-1
99
-1
-1
59
12
61
-1
-1
-1
-1
-1
-1
124
32
41
-1
-1
-1
-1
54
30
30
63
-1
-1
57
48
-1
-1
-1
-1
-1
-1
-1
186
-1
70
-1
-1
-1
32
25
30
30
63
-1
-1
56
25
-1
-1
-1
-1
-1
170
-1
-1
-1
-1
-1
-1
-1
31
25
30
60
-1
-1
-1
82
28
-1
-1
-1
-1
-1
141
-1
-1
97
-1
-1
-1
-1
42
25
31
60
-1
-1
-1
86
18
-1
-1
-1
62
-1
191
-1
-1
-1
-1
-1
-1
-1
32
29
94
-1
-1
-1
-1
102
-1
-1
-1
-1
87
-1
-1
-1
170
-1
-1
-1
-1
26
-1
43
96
-1
-1
-1
-1
98
-1
-1
-1
-1
84
-1
-1
-1
151
-1
-1
-1
-1
100
-1
-1
-1
-1
-1
-1
-1
162
-1
-1
-1
-1
86
-1
-1
-1
149
-1
-1
-1
-1
124
-1
-1
-1
-1
118
-1
-1
67
-1
-1
-1
-1
189
-1
-1
-1
-1
-1
-1
-1
-1
122
-1
-1
-1
-1
119
-1
-1
65
-1
-1
-1
197
-1
-1
-1
-1
-1
-1
-1
-1
-1
130
-1
-1
-1
-1
168
-1
-1
-1
-1
-1
-1
211
-1
-1
-1
-1
-1
-1
-1
-1
110
141
-1
-1
-1
-1
-1
-1
-1
-1
-1
-1
-1
258
-1
-1
-1
-1
-1
-1
-1
-1
244
-1
-1
-1
-1
-1
-1
-1
-1
-1
-1
-1
-1
261
-1
-1
-1
-1
-1
-1
-1
-1
515
-1
-1
-1
-1
-1
-1
-1
-1
-1
-1
-1
-1
-1
-1
-1
-1
-1
-1
-1
-1
-1
227
-1
-1
-1
-1
-1
-1
-1
-1
-1
-1
-1
289
-1
-1
-1
-1
-1
-1
-1
-1
-1
172
-1
-1
-1
-1
-1
-1
-1
-1
-1
-1
-1
175
-1
-1
156
-1
-1
-1
-1
-1
68
190
-1
-1
-1
-1
-1
-1
-1
-1
-1
-1
-1
-1
-1
-1
257
-1
-1
-1
-1
-1
226
-1
-1
-1
-1
-1
-1
-1
-1
-1
-1
-1
-1
-1
-1
-1
291
-1
-1
-1
-1
-1
244
-1
-1
-1
-1
-1
-1
-1
-1
-1
-1
-1
-1
-1
-1
-1
298
-1
-1
-1
-1
-1
545
-1
-1
-1
-1
-1
-1
-1
-1
-1
-1
-1
-1
-1
-1
-1
-1
-1
-1
-1
-1
279
272
-1
-1
-1
-1
-1
-1
-1
-1
-1
-1
-1
-1
-1
-1
-1
-1
-1
-1
-1
-1
547
-1
-1
-1
-1
-1
-1
-1
-1
-1
-1
-1
-1
-1
-1
-1
-1
-1
-1
-1
-1
-1
550
-1
-1
-1
-1
-1
-1
-1
-1
-1
-1
-1
-1
-1
-1
-1
-1
-1
-1
-1
-1
-1
240
-1
-1
-1
-1
-1
-1
-1
-1
-1
-1
-1
301
-1
-1
-1
-1
-1
-1
-1
-1
-1
-1
-1
-1
-1
-1
-1
-1
-1
-1
-1
-1
-1
274
-1
-1
-1
-1
-1
-1
-1
-1
285
-1
-1
-1
-1
-1
-1
-1
-1
-1
-1
-1
-1
207
-1
-1
-1
75
62
-1
-1
-1
219
-1
-1
-1
-1
-1
-1
-1
-1
-1
-1
-1
203
-1
-1
-1
-1
69
65
-1
-1
-1
221
-1
-1
-1
-1
-1
-1
-1
-1
-1
-1
-1
199
-1
-1
-1
50
29
31
34
-1
69
153
-1
-1
-1
-1
-1
-1
-1
-1
-1
-1
190
39
-1
-1
-1
48
27
62
-1
-1
67
123
-1
-1
-1
-1
-1
-1
-1
-1
-1
-1
191
41
-1
-1
22
23
27
66
-1
-1
-1
190
-1
-1
-1
-1
-1
-1
-1
-1
-1
-1
190
39
-1
-1
27
23
33
64
-1
-1
68
120
-1
-1
-1
-1
-1
-1
-1
-1
-1
-1
220
-1
-1
-1
36
23
28
30
-1
66
149
-1
-1
-1
-1
-1
-1
-1
-1
-1
-1
-1
212
-1
-1
17
17
25
28
30
-1
66
144
-1
-1
-1
-1
-1
-1
-1
-1
-1
-1
-1
-1
-1
-1
197
21
22
27
65
-1
-1
215
-1
-1
-1
-1
-1
-1
-1
-1
-1
-1
208
-1
-1
-1
37
18
21
26
65
-1
-1
167
-1
