0
0
404
0
0
0
0
0
0
0
0
0
0
4474
0
0
0
0
0
3509
0
0
0
0
0
632
0
0
0
0
0
0
0
0
0
0
0
0
0
0
0
3734
0
0
0
0
0
1823
0
0
0
0
0
0
0
0
0
0
0
0
0
0
1278
3808
0
0
0
0
0
0
0
0
0
0
0
0
0
0
0
0
0
0
0
0
2042
3956
0
0
0
0
0
0
0
0
0
0
0
0
0
0
0
0
0
0
0
0
2289
3927
0
0
0
0
0
0
0
0
0
0
0
0
0
159
0
0
0
0
0
1431
3580
0
0
0
0
0
0
0
0
0
0
0
0
0
0
162
0
0
0
0
0
1898
3685
0
0
0
0
0
0
0
0
0
0
0
0
0
0
255
0
0
0
0
-1220
2080
3695
0
0
0
0
0
0
594
0
0
0
0
0
0
0
435
0
0
0
0
-5765
2204
3637
0
0
0
0
0
543
1198
0
0
0
0
0
0
0
0
0
0
0
0
8781
0
0
0
0
0
0
0
545
0
0
0
0
0
0
0
0
0
0
0
0
0
0
0
0
0
0
0
497
559
0
0
0
0
0
0
0
0
0
0
0
0
0
0
0
0
0
0
0
0
447
0
0
0
0
0
0
0
0
0
0
0
0
0
0
0
0
2924
0
0
0
0
411
0
0
0
0
0
0
0
0
0
0
0
0
0
0
0
0
2971
0
0
0
0
0
0
0
0
0
0
0
0
0
0
0
0
0
0
0
0
1946
0
0
0
0
0
0
0
0
0
0
0
0
0
0
0
0
0
0
0
0
0
1899
0
0
0
0
219
0
0
0
0
0
0
0
0
0
0
0
0
0
0
0
0
2584
0
0
0
0
258
0
0
0
0
0
0
0
0
0
0
0
0
0
0
0
0
2804
0
0
0
0
0
0
0
0
0
0
0
0
0
0
0
0
0
0
0
0
0
0
0
0
0
0
0
0
0
0
0
0
0
0
0
0
0
0
0
0
0
0
0
0
0
0
0
0
0
0
0
0
0
0
0
0
0
0
0
0
0
0
0
0
0
0
0
0
0
0
0
0
0
0
0
0
0
0
0
0
0
0
0
0
0
0
0
0
0
0
0
0
0
0
0
0
0
0
0
0
794
794
0
0
0
0
0
0
0
0
0
0
0
0
0
0
0
0
0
0
0
0
1256
1256
0
0
0
0
0
0
0
0
0
0
0
0
0
0
0
0
0
0
0
0
0
0
0
0
0
0
0
0
0
0
0
0
0
0
0
0
0
0
0
0
0
0
0
0
0
0
0
0
0
0
0
0
0
0
0
0
0
0
0
0
0
0
0
0
0
0
0
0
0
0
0
0
0
0
0
0
0
0
0
0
0
0
0
3
201
0
0
0
0
0
0
0
0
0
25
0
0
0
0
0
0
0
0
0
1
4
1782
0
0
0
0
0
0
0
0
0
233
0
0
345
0
0
0
0
0
0
4
7
1762
0
0
0
0
0
0
0
0
59
475
0
0
307
0
0
0
0
0
0
5
9
1843
0
0
0
0
0
0
0
0
0
0
0
0
357
0
0
0
0
0
0
6
11
1936
0
0
0
0
0
0
0
0
76
0
0
449
768
0
0
0
0
0
0
167
171
2007
0
0
0
0
0
0
0
167
346
201
0
486
0
0
0
0
0
0
0
523
527
0
0
0
0
0
0
0
0
239
0
0
0
463
0
0
0
0
0
0
56
278
603
0
0
0
0
0
0
0
0
0
0
0
0
494
0
0
0
0
0
0
130
130
1526
0
0
0
0
0
0
0
0
0
0
0
553
0
0
0
0
0
0
0
0
0
2532
0
0
0
0
0
0
0
0
0
0
0
599
0
0
0
0
0
0
0
19
0
0
0
0
0
0
0
0
0
0
0
0
0
539
0
0
0
0
0
0
0
19
1
0
0
0
0
0
0
0
0
0
0
0
0
524
0
0
0
0
0
0
0
0
0
0
0
0
0
0
0
0
0
0
0
0
0
546
0
0
0
0
0
0
0
0
0
0
0
0
0
0
0
0
0
0
0
0
0
546
0
0
0
0
0
0
0
0
0
0
0
0
0
0
0
0
0
0
0
0
0
528
0
0
0
0
0
0
0
0
0
0
0
0
0
0
0
0
0
0
0
204
635
0
0
0
0
0
0
0
0
0
0
0
0
0
0
0
0
0
0
0
0
185
0
0
0
0
0
0
0
0
0
0
0
0
0
0
0
0
0
0
0
0
0
199
0
0
0
0
0
0
0
0
0
0
0
0
0
0
0
0
0
0
0
0
0
0
0
0
0
0
0
0
0
0
0
0
0
0
0
0
0
0
0
0
0
0
0
0
0
0
0
0
0
0
0
0
0
0
0
0
0
0
0
0
0
0
0
0
0
0
0
0
0
0
0
0
0
0
0
0
0
0
0
0
0
0
0
0
0
0
0
0
0
0
0
0
0
0
0
0
0
0
0
0
0
0
0
0
0
0
0
0
0
0
0
0
0
0
0
0
0
0
1429
0
0
0
0
0
0
0
0
0
0
0
0
0
0
0
0
0
0
0
0
0
4095
0
0
0
0
0
0
0
0
0
0
0
0
0
0
0
0
0
0
0
0
0
0
0
0
0
0
0
0
0
0
0
0
0
0
0
0
0
0
0
0
0
0
1580
0
0
0
0
0
0
0
0
0
0
0
0
0
0
0
0
0
0
0
0
0
2213
0
0
0
0
0
0
0
0
0
0
0
0
0
0
0
0
0
0
0
0
367
0
0
0
0
0
0
0
0
0
0
0
0
0
0
0
0
0
0
0
0
0
0
0
0
0
0
0
0
0
0
0
0
0
0
0
0
0
0
0
0
0
0
0
0
0
0
0
0
0
0
0
0
0
0
0
0
0
0
0
0
0
0
0
0
0
0
-9001
-7783
0
0
0
0
0
0
0
0
0
0
0
0
0
0
0
0
0
0
0
-6031
-7646
-6265
-390
0
0
0
0
0
0
0
0
0
0
0
0
0
0
0
0
0
0
-5324
-7026
-5683
-532
0
0
0
0
0
0
0
0
0
0
0
0
0
0
0
10
0
0
-5413
27258
26593
1143
0
0
0
0
0
0
0
0
0
0
0
0
0
0
0
0
0
146
21065
0
0
0
0
52
0
0
0
0
0
0
0
0
0
0
0
0
0
0
0
632
1833
0
0
0
0
67
0
0
0
0
0
0
0
0
0
1
1
1
0
0
0
840
1398
0
0
0
0
270
0
0
0
0
0
0
0
0
0
3
3
3
0
0
0
2425
0
0
0
0
0
1099
0
0
0
0
0
0
0
0
1
4
135
0
0
0
0
2445
0
0
0
0
0
1272
0
0
0
0
0
0
0
0
0
3
704
0
0
0
888
0
0
0
0
0
165
0
0
0
0
0
0
0
0
0
0
7
459
0
0
0
1428
0
0
0
0
0
0
0
0
0
0
0
0
0
0
0
-39
0
0
0
0
0
1465
0
0
0
0
0
0
0
0
0
0
0
0
0
0
0
-943
0
0
0
0
0
1710
0
0
0
0
0
0
0
0
0
0
0
0
0
0
0
-143
11
0
0
0
0
0
0
0
0
0
0
0
0
0
0
0
0
0
0
0
0
430
2
0
0
0
3073
0
0
0
