30
0
0
15
136
50
0
1081
191
359
260
188
499
151
170
0
0
57
282
141
35
138
278
30
0
82
51
0
26
40
0
35
176
0
0
0
51
110
0
55
53
54
22
22
0
80
30
0
0
0
97
0
0
29
66
37
754
470
0
36
57
0
87
0
28
573
272
763
0
333
0
684
53
166
0
43
65
753
3799
274
453
0
309
0
2033
0
117
0
442
307
0
223
125
33
129
504
19
153
25
0
0
226
141
170
197
307
64
636
1152
523
0
32
513
56
483
322
296
876
210
204
734
129
65
0
0
0
69
336
642
212
326
223
396
148
171
0
64
0
33
242
319
0
120
233
426
126
585
393
59
149
762
748
1254
13
0
0
33
43
0
207
214
0
869
2106
14
