0
22
0
0
0
0
0
0
0
0
0
0
3628
0
2
0
0
0
3635
0
0
0
0
0
600
0
0
0
0
0
0
0
0
0
0
0
0
0
0
0
3805
0
0
0
0
0
1765
0
0
0
0
0
0
0
0
0
0
0
0
0
0
0
2988
0
0
0
0
0
0
0
0
0
0
0
0
0
0
0
0
1567
0
0
0
2181
3946
0
0
0
0
0
0
0
0
0
0
0
0
0
0
0
0
0
0
0
0
2683
3998
0
0
0
0
0
0
0
0
0
0
0
0
0
50
0
0
0
0
0
0
2709
3982
0
0
0
0
0
0
0
0
0
0
0
0
0
166
0
0
0
0
0
-6557
3521
0
0
0
0
0
0
0
0
0
0
0
0
0
0
102
0
0
0
0
0
8004
0
0
0
0
0
0
0
0
0
0
0
0
0
0
0
115
0
0
0
0
0
0
0
0
0
0
0
0
0
572
182
0
0
0
0
0
0
123
0
0
0
0
279
0
0
0
0
0
0
0
541
1184
375
0
0
0
0
0
0
0
0
0
0
0
0
0
0
0
0
0
0
514
0
0
0
0
0
0
0
0
0
0
0
0
0
0
0
0
0
0
0
0
393
0
0
0
0
0
0
0
0
0
0
0
0
0
0
0
0
3026
0
0
0
0
314
0
0
0
0
0
0
0
0
0
0
0
0
0
0
0
0
2829
0
0
0
0
321
0
0
0
0
0
0
0
0
0
0
0
0
0
0
0
1692
3357
0
0
0
0
350
0
0
0
0
0
0
0
0
0
0
0
0
0
0
0
2069
0
0
0
0
0
0
0
0
0
0
0
0
0
0
0
0
0
0
0
0
0
2474
0
0
0
0
0
0
0
0
0
0
0
0
0
0
0
0
0
0
0
0
0
2663
0
0
0
0
0
0
0
0
0
0
0
0
0
0
0
0
0
0
0
0
0
2544
0
0
0
0
0
0
0
0
0
0
0
0
0
0
0
0
0
0
0
0
0
0
0
0
0
0
0
0
0
0
0
0
0
0
0
0
0
0
0
0
0
0
0
0
0
0
0
0
0
0
0
0
0
0
0
0
0
0
0
0
0
0
0
0
0
0
0
0
0
0
0
0
0
0
0
0
0
0
0
0
0
0
0
0
0
0
0
0
0
0
0
0
0
0
0
0
0
0
0
0
0
0
0
0
0
0
0
0
0
0
0
0
0
0
0
0
0
0
0
0
0
0
3351
2331
0
0
0
0
0
0
0
0
0
0
0
0
0
0
0
0
0
0
0
0
0
0
0
0
0
0
0
0
0
0
0
0
0
0
0
0
0
0
0
0
0
0
0
0
0
0
0
0
0
0
0
0
0
0
0
0
0
0
0
0
0
6
6
0
0
0
0
0
0
0
0
0
11
0
0
0
0
0
0
0
0
0
0
4
1026
0
0
0
0
0
0
0
0
0
75
0
0
0
0
0
0
0
0
0
2
7
1679
0
0
0
0
0
0
0
0
16
444
0
0
381
0
0
0
0
0
0
4
12
1636
0
0
0
0
0
0
0
0
0
0
0
0
506
0
0
0
0
0
0
4
7
1705
0
0
0
0
0
0
0
0
80
0
0
472
855
0
0
0
0
0
0
7
11
1764
0
0
0
0
0
0
0
38
167
229
0
529
0
0
0
0
0
0
0
441
444
0
0
0
0
0
0
0
0
0
0
0
0
567
0
0
0
0
0
0
0
595
598
0
0
0
0
0
0
0
0
0
0
0
0
484
0
0
0
0
0
0
87
88
91
0
0
0
0
0
0
0
0
0
0
0
625
1104
0
0
0
0
0
0
127
127
127
0
0
0
0
0
0
0
0
0
0
0
546
0
0
0
0
0
0
0
0
0
0
0
0
0
0
0
0
0
0
0
0
0
546
0
0
0
0
0
0
0
0
1
0
0
0
0
0
0
0
0
0
0
0
0
571
0
0
0
0
0
0
0
0
0
0
0
0
0
0
0
0
0
0
0
0
0
541
0
0
0
0
0
0
0
0
0
0
0
0
0
0
0
0
0
0
0
0
0
542
0
0
0
0
0
0
0
0
0
0
0
0
0
0
0
0
0
0
0
0
583
1238
0
0
0
0
0
0
0
0
0
0
0
0
0
0
0
0
0
0
0
0
0
559
0
0
0
0
0
0
0
0
0
0
0
0
0
0
0
0
0
0
0
0
561
0
0
0
0
0
0
0
0
0
0
0
0
0
0
0
0
0
0
0
0
0
0
0
0
0
0
0
0
0
0
0
0
0
0
0
0
0
0
0
0
0
0
0
0
0
0
0
0
0
0
0
0
0
0
0
0
0
0
0
0
0
0
0
0
0
0
0
0
0
0
0
0
0
0
0
0
0
0
0
0
0
0
0
0
0
0
0
0
0
0
0
0
0
0
0
0
0
0
0
0
0
0
0
0
0
0
0
0
0
0
0
0
0
0
0
0
0
0
-3854
0
0
0
0
0
0
0
0
0
0
0
0
0
0
0
0
0
0
0
0
0
5910
0
0
0
0
0
0
0
0
0
0
0
0
0
0
0
0
0
0
0
0
2627
0
0
0
0
0
0
0
0
0
0
0
0
0
0
0
0
0
0
0
0
0
3962
0
0
0
0
0
0
0
0
0
0
0
0
0
0
0
0
0
0
0
0
0
0
0
0
0
0
0
0
0
0
0
0
0
0
0
0
0
0
0
0
0
0
0
0
0
0
0
0
0
0
0
0
0
0
0
0
0
0
0
0
0
0
0
60
1977
0
0
0
0
0
0
0
0
0
0
0
0
0
0
0
0
0
0
0
0
0
0
0
0
0
0
0
0
0
0
0
0
0
0
0
0
0
0
0
0
0
0
0
0
0
0
0
0
0
0
0
0
0
0
0
0
0
0
0
0
0
0
0
0
0
0
-7778
0
0
0
0
0
0
0
0
0
0
0
0
0
0
0
0
0
0
0
-3624
-7582
-6563
-193
0
0
0
0
0
0
0
0
0
0
0
0
0
0
0
0
0
0
-5528
-7556
-6065
-427
0
0
0
0
0
0
0
0
0
0
0
0
0
0
0
0
0
0
-6218
-7253
26336
745
0
0
0
0
0
0
0
0
0
0
0
0
0
0
0
12
0
0
19024
25988
0
0
0
14
0
0
0
0
0
0
0
0
0
0
0
0
0
0
0
0
1950
0
0
0
0
67
0
0
0
0
0
0
0
0
0
0
0
0
0
0
0
0
1488
0
0
0
0
63
0
0
0
0
0
0
0
0
0
1
1
1
0
0
0
0
815
0
0
0
0
864
0
0
0
0
0
0
0
0
0
4
4
4
0
0
0
2724
0
0
0
0
0
1144
0
0
0
0
0
0
0
0
1
4
464
464
0
0
0
2624
0
0
0
0
163
0
0
0
0
0
0
0
0
0
1
4
773
773
0
0
1654
0
0
0
0
0
0
0
0
0
0
0
0
0
0
0
0
0
0
0
0
0
2479
0
0
0
0
0
0
0
0
0
0
0
0
0
0
0
-331
4
0
0
0
0
1507
0
0
0
0
0
0
0
0
0
0
0
0
0
0
0
-16
14
0
0
0
0
902
0
0
0
0
0
0
0
0
0
0
0
0
0
0
0
805
1
0
0
0
860
1450
0
0
0
