0
0
480
0
0
0
0
0
0
0
0
0
1429
0
5
0
0
0
2144
3737
0
0
0
0
685
0
0
0
0
0
0
0
0
0
1358
0
1
0
0
0
2705
0
0
0
308
0
607
0
0
0
0
0
0
0
0
0
1552
0
0
0
0
0
3533
0
0
0
1302
766
175
0
0
0
0
0
0
0
0
0
0
0
0
0
0
973
3621
0
0
0
1341
817
189
0
0
0
0
0
0
0
0
0
0
0
0
0
0
2210
3843
0
0
1341
1290
760
166
0
0
0
0
0
0
0
0
1408
570
0
0
0
0
2223
3950
0
0
1903
1338
801
184
0
0
0
0
0
0
0
163
0
0
0
0
0
1236
3223
4000
0
0
1882
1418
883
230
0
0
0
0
0
0
0
161
0
0
0
0
0
0
3388
0
0
0
1941
1439
855
194
0
0
0
0
0
0
0
164
0
0
0
0
0
0
3343
0
0
0
1945
545
0
576
0
0
0
0
0
0
0
168
0
0
0
0
0
0
3305
0
0
0
1127
0
536
122
48
28
0
0
0
0
0
163
0
0
0
0
4095
0
3674
0
0
0
560
0
524
169
169
63
0
0
0
0
0
0
0
0
0
0
0
2074
0
0
0
934
551
0
515
95
95
12
0
0
0
0
0
0
0
0
0
0
0
2120
0
0
0
364
0
656
96
43
43
0
0
0
0
0
0
119
0
0
0
0
0
2525
0
0
0
367
0
307
26
26
23
0
0
0
0
0
0
0
0
0
0
0
0
2682
0
0
0
329
0
77
77
77
0
0
0
0
0
0
0
0
0
0
0
0
0
0
0
0
0
0
0
57
57
57
0
0
0
0
0
0
0
0
0
0
0
0
0
0
0
0
0
0
0
0
0
0
0
0
0
0
0
0
0
0
0
0
0
0
593
0
0
0
0
0
0
0
0
0
0
0
0
0
0
0
0
0
0
0
0
0
2275
0
0
0
0
0
0
0
0
0
0
0
0
0
0
0
0
0
0
0
0
0
0
0
0
0
0
0
0
0
0
0
0
0
0
0
0
0
0
0
0
0
0
0
0
0
0
0
0
0
0
0
0
0
0
0
0
0
0
0
0
0
0
0
0
0
0
0
0
0
0
0
0
0
0
0
0
0
0
0
0
0
0
0
0
0
0
0
0
0
0
0
0
0
0
0
0
0
0
0
0
0
0
0
0
0
0
0
0
0
0
0
0
0
0
0
0
0
0
0
0
0
0
0
0
0
0
0
0
0
0
0
0
0
0
0
0
0
0
0
0
0
0
0
1334
0
0
0
0
0
0
0
0
0
0
0
0
254
0
0
0
0
0
0
0
0
1239
0
0
0
0
0
0
0
0
0
0
3594
0
318
0
84
0
0
0
0
3
3
0
0
0
0
0
0
0
0
0
5
0
0
0
265
0
0
0
0
0
0
6
607
0
0
0
0
0
0
0
0
0
43
0
0
391
0
0
0
0
0
0
0
6
1714
0
0
0
0
0
0
0
0
0
214
471
0
402
0
0
0
0
0
0
9
14
1673
0
0
0
0
0
0
0
0
66
288
522
0
462
0
28
0
0
0
0
8
13
1643
0
0
0
0
0
0
0
0
88
306
750
1224
1601
0
0
0
0
0
0
3
4
1667
0
0
0
0
0
0
0
25
718
575
0
442
838
0
0
0
0
0
0
321
327
1995
0
0
0
0
0
0
0
0
491
0
528
1020
0
0
0
0
0
0
0
577
579
0
0
0
0
0
0
0
0
0
554
0
537
1022
0
0
0
0
0
0
68
181
185
0
0
0
0
0
0
0
2428
1325
0
592
1154
1709
0
0
0
0
0
0
111
111
113
0
0
0
0
0
0
0
0
1853
526
0
584
1079
0
0
0
0
0
0
17
17
17
17
0
0
0
0
0
0
0
0
548
0
544
0
0
0
0
0
0
0
0
0
0
0
0
0
0
0
0
0
0
0
623
0
552
0
0
0
0
0
0
0
0
0
0
0
0
0
0
0
0
0
0
0
633
0
541
0
454
0
0
0
0
0
0
0
0
0
0
0
0
0
0
0
0
0
0
532
1064
0
0
0
0
0
0
0
0
0
0
0
0
0
0
0
0
0
0
0
0
602
1160
0
0
0
0
0
0
0
0
0
0
0
0
0
0
0
1203
1203
0
0
0
601
1225
0
0
0
0
0
0
0
0
0
0
0
0
0
0
0
444
444
0
0
0
260
0
4
0
0
0
0
0
0
0
0
0
0
0
0
0
0
0
0
0
0
0
1
1
0
0
0
0
0
0
0
0
0
0
0
0
0
0
0
0
0
0
0
0
0
0
0
0
0
0
0
0
0
0
0
0
0
0
0
0
210
210
210
210
210
210
0
0
0
0
0
0
0
0
0
0
0
0
0
0
0
0
0
0
0
0
0
0
0
0
0
0
0
0
0
0
0
0
0
0
0
0
0
0
0
0
0
0
0
0
0
0
0
0
0
0
0
0
4095
0
0
0
0
0
0
0
5
5
5
5
5
0
0
0
0
0
0
0
4095
4095
0
0
0
0
0
0
0
0
15
15
15
15
15
0
13
13
13
13
13
13
0
0
1146
0
0
0
0
0
0
39
39
39
39
39
31
11
0
0
0
0
0
0
0
0
1952
0
0
0
0
0
0
46
46
46
46
46
17
0
0
0
0
0
0
0
0
0
2136
0
0
0
0
0
0
68
68
68
68
68
18
0
0
0
0
0
0
0
0
0
1587
0
0
0
0
0
0
53
53
53
53
53
0
0
0
0
0
0
0
0
0
824
2736
4094
4094
4094
4094
4094
1
1
1
1
1
1
0
0
0
0
0
0
0
0
0
1216
2739
4084
4084
4084
4084
4084
0
0
0
0
0
0
0
0
0
0
0
0
0
0
0
1164
2699
4095
4095
4095
4095
4095
0
0
0
0
0
0
0
0
0
0
0
0
0
0
0
1164
2978
4095
4095
4095
4095
0
0
0
0
0
0
0
0
0
0
0
0
0
0
0
607
1745
3517
4082
4082
4082
4082
0
0
0
0
0
0
0
0
0
0
0
0
0
0
0
758
1977
0
0
0
0
0
0
0
0
0
0
0
0
0
0
0
0
0
0
0
0
1102
2208
0
0
0
0
0
0
0
0
0
0
0
0
0
0
0
0
0
0
0
0
894
1787
0
0
0
0
0
0
0
0
0
0
0
0
0
0
0
0
0
0
0
158
2102
0
0
0
0
63
0
0
0
0
0
0
0
0
0
0
0
0
0
0
0
539
2252
0
0
0
0
68
0
0
0
0
0
0
0
0
0
2
2
2
0
0
0
1161
0
0
0
94
0
566
0
0
0
0
0
0
0
0
0
3
3
3
0
0
0
1176
0
0
11
0
176
1468
0
0
0
0
0
0
0
0
0
0
279
279
0
0
0
863
0
0
49
0
386
1513
0
0
0
0
0
0
0
0
0
2
783
783
0
0
282
1467
0
0
0
0
0
1103
0
0
0
0
0
0
0
0
1
5
223
223
223
223
3247
0
0
0
0
0
0
0
0
0
0
0
0
0
0
0
576
579
579
579
579
579
3798
0
0
0
0
0
0
0
0
0
0
0
0
0
0
0
1416
1421
0
0
0
0
3804
0
0
0
0
0
894
0
0
0
0
0
0
0
0
1386
0
2
0
0
0
0
3520
0
0
0
