0
0
0
2142
0
0
0
0
0
0
0
4095
0
0
2
0
0
0
0
3072
1225
4095
0
0
1622
0
0
0
0
0
0
0
0
2791
0
0
1
0
0
0
0
4095
1561
3357
0
0
2520
0
0
0
0
0
0
0
0
3080
0
0
0
0
0
0
4095
467
1282
3128
0
0
0
0
0
0
0
0
0
0
1003
1848
1509
0
0
0
0
0
4095
551
1155
2215
0
0
0
0
0
0
0
0
0
0
1132
1673
1394
0
0
0
0
0
4095
442
1350
4095
0
0
0
0
0
0
0
0
0
0
1090
1664
1383
0
0
0
0
0
4095
460
1173
0
0
0
0
0
0
0
0
0
0
0
1491
1798
0
0
0
0
0
0
4095
365
2920
0
0
0
0
0
0
0
0
0
0
0
1464
1655
0
0
0
0
0
0
4095
362
3137
0
0
0
0
0
0
0
0
0
0
0
1512
281
0
0
0
4095
0
1774
912
285
2313
0
0
0
2686
0
0
0
0
0
0
0
1700
0
0
0
0
4095
0
2020
872
255
972
0
0
0
1479
0
0
0
0
0
0
0
1722
0
0
0
0
4095
0
1767
911
277
995
0
0
1011
0
0
0
0
0
0
0
0
574
0
0
0
0
0
0
4095
1185
276
1395
0
0
1445
0
0
0
0
0
0
0
0
0
0
0
0
0
0
4095
1815
1013
357
0
545
0
0
0
0
0
0
0
0
0
0
439
0
0
0
0
0
4095
2169
1058
993
0
1067
0
0
0
0
0
0
0
0
0
0
435
0
0
0
0
0
4095
2001
1359
440
0
856
0
0
0
0
0
0
0
0
0
0
250
0
0
0
0
0
4095
1978
1103
459
0
350
0
0
0
0
0
0
0
0
0
51
0
0
0
0
0
0
4095
2280
1121
0
395
432
0
0
0
0
0
0
0
0
0
326
0
0
0
0
0
3862
4095
2015
1257
0
378
323
0
0
0
0
0
0
0
0
0
321
0
0
0
0
0
1114
4095
2039
805
0
482
166
0
0
0
0
0
0
0
0
0
36
0
0
0
0
0
1249
4095
2357
261
0
401
69
0
0
0
0
0
0
0
0
61
0
0
0
0
0
0
1770
4095
2036
0
0
272
53
0
0
0
0
0
0
0
0
276
0
0
0
0
0
0
1599
4095
1934
0
0
102
0
0
0
0
0
0
0
0
0
322
0
0
0
0
0
584
1023
4095
2182
0
100
9
0
0
0
0
0
0
0
0
0
0
0
0
0
0
0
476
4095
4095
1024
0
204
3
0
0
0
0
0
0
1035
0
0
0
0
0
0
0
0
227
4095
4095
212
0
9
7
0
0
0
0
0
0
1475
0
0
0
0
0
0
0
0
97
4095
99
490
0
204
511
0
0
0
0
0
0
2833
0
0
0
0
0
0
0
0
0
4095
1407
0
0
177
507
0
0
0
0
0
1761
0
0
0
0
0
0
0
0
0
50
0
0
0
241
135
0
0
0
0
0
0
1809
1181
0
0
0
0
0
0
0
0
90
0
0
0
344
96
0
0
0
0
0
0
2763
1311
0
0
0
0
0
0
0
0
708
0
0
0
253
101
0
0
0
0
0
0
3242
1221
0
0
0
0
0
0
0
0
1183
0
0
640
134
99
0
0
0
0
0
0
3330
1233
0
0
0
0
0
0
0
751
0
0
0
647
107
0
0
0
0
0
0
0
3475
0
0
0
0
0
0
0
0
2215
0
0
0
684
65
0
0
0
0
0
0
0
3580
0
0
0
0
0
0
1210
0
2653
0
0
888
252
1
0
0
0
0
0
0
2600
1363
210
0
0
0
0
0
43
1155
0
0
0
859
141
0
0
0
0
0
0
0
2295
0
342
0
0
0
0
0
8
3170
0
0
0
748
204
0
0
0
0
0
0
0
1716
0
326
0
0
0
0
90
68
0
1127
0
0
667
76
0
0
0
0
0
0
0
0
0
0
0
0
0
0
0
147
1315
1738
0
0
670
287
0
0
0
0
0
1
0
0
0
0
0
0
0
0
0
1199
1420
0
0
2217
269
457
0
0
0
0
0
0
0
0
0
0
0
0
0
67
0
1172
1249
0
0
0
188
988
0
0
0
0
0
0
0
0
0
0
0
0
0
0
344
1131
1682
0
0
0
515
0
0
0
0
29
0
0
0
0
0
0
0
0
0
0
1095
956
0
0
0
0
963
0
0
0
0
62
0
0
0
0
0
0
0
0
0
0
2474
0
0
0
0
640
3
0
0
0
0
58
0
0
0
0
0
0
0
0
29
0
0
0
0
1659
0
0
36
0
0
0
0
54
0
0
0
0
0
0
0
0
0
0
0
0
0
328
0
0
32
0
0
0
82
0
0
0
0
0
0
0
0
0
0
0
0
0
0
410
0
0
0
0
0
0
84
0
0
0
0
0
0
0
0
0
0
0
0
0
0
378
0
0
0
0
0
0
88
0
0
0
0
0
0
0
0
0
0
0
0
0
0
0
0
0
0
0
0
0
0
0
0
0
0
0
0
0
0
19
0
0
0
0
0
0
0
0
0
0
0
0
0
0
0
0
0
0
0
0
0
0
0
0
0
0
0
0
0
0
0
0
0
0
0
0
0
0
0
0
0
0
0
0
0
0
0
0
0
0
0
0
0
0
0
0
0
0
4095
0
0
0
0
0
0
63
0
0
0
0
0
0
0
0
0
0
0
1
0
0
4095
0
0
0
0
0
0
0
0
0
0
0
0
0
0
0
0
0
0
0
0
0
4095
0
0
0
0
0
116
0
0
0
0
0
0
0
0
0
0
0
0
0
0
0
0
0
0
0
0
0
64
0
0
0
0
0
0
0
0
0
0
0
0
0
0
0
0
0
0
0
0
0
50
0
0
0
0
0
0
0
0
0
0
0
0
0
0
0
0
0
0
0
0
0
0
0
0
0
0
0
0
0
0
0
0
0
0
0
0
0
0
0
0
0
0
71
0
0
0
0
0
0
0
0
0
0
0
0
0
0
0
0
0
0
0
0
0
0
0
0
0
0
0
0
0
0
0
0
0
0
0
0
0
0
0
0
0
0
0
0
0
0
0
0
0
0
0
0
0
0
0
4095
0
0
0
0
4095
0
0
0
116
0
0
0
0
0
0
0
0
0
0
0
0
4095
0
0
0
0
1177
0
0
0
18
0
0
0
0
0
0
0
0
0
0
0
0
0
0
0
0
4095
1207
0
0
82
0
0
0
0
0
0
0
0
0
0
0
0
41
0
0
0
4095
4095
1196
0
0
197
0
0
0
0
0
0
0
0
0
0
0
2
11
0
0
0
4095
4095
1304
0
0
936
341
0
0
0
0
0
0
0
0
0
0
8
1461
0
0
0
4095
3703
1260
0
0
877
71
0
0
0
0
0
0
0
0
0
0
199
0
0
0
3287
3163
3518
4095
0
0
1797
0
0
0
0
0
0
0
0
0
0
0
186
0
0
0
3041
3182
3666
0
0
1485
1234
0
0
0
0
0
0
0
0
0
0
0
612
0
0
1766
1635
3669
3593
4095
272
2719
1162
0
0
0
0
0
0
0
0
0
0
0
540
0
0
1432
1538
3516
4095
4095
213
0
1151
0
0
0
0
0
0
0
0
0
0
0
0
0
0
3989
1499
3079
4095
2923
1285
1213
661
0
0
0
0
0
0
0
0
0
0
0
0
0
0
2562
1627
3164
4095
0
0
1215
0
0
0
0
0
0
0
0
0
0
11
0
0
0
0
2743
1349
3541
4095
