0
3844
0
0
0
0
0
614
0
0
0
0
0
0
0
0
0
1381
0
0
0
0
0
3834
0
0
0
0
0
1904
0
0
0
0
0
0
0
0
0
0
-98
0
0
0
2314
3984
0
0
0
0
0
0
0
0
0
0
0
0
0
0
0
0
1455
0
0
0
2817
4002
0
0
0
0
0
0
0
0
0
0
0
0
0
0
0
0
0
0
0
0
2657
3968
0
0
0
0
0
0
0
0
0
0
0
0
0
50
0
0
0
0
0
0
3373
0
0
0
0
0
0
0
0
0
0
0
0
0
0
95
0
0
0
0
0
-6398
3492
0
0
0
0
0
0
0
0
0
0
0
0
0
0
165
0
0
0
0
0
8486
3431
0
0
0
0
0
0
0
0
0
0
0
0
0
0
118
0
0
0
0
167
0
3055
0
0
0
0
0
0
565
179
0
0
0
0
0
0
126
0
0
0
0
0
0
0
0
0
0
0
0
514
1226
370
0
0
0
0
0
0
0
0
0
0
0
0
0
0
0
0
0
0
495
0
0
0
0
0
0
0
0
0
0
0
0
0
0
0
2743
0
0
0
0
0
0
0
0
0
0
0
0
0
0
0
0
0
0
0
0
0
2832
0
0
0
0
0
0
0
0
0
0
0
0
0
0
0
0
0
0
0
0
0
2903
0
0
0
0
329
0
0
0
0
0
0
0
0
0
0
0
0
0
0
0
1567
3410
0
0
0
0
0
0
0
0
0
0
0
0
0
0
0
0
0
0
0
0
1954
0
0
0
0
0
0
0
0
0
0
0
0
0
0
0
0
0
0
0
0
0
2387
0
0
0
0
0
0
0
0
0
0
0
0
0
0
0
0
0
0
0
0
0
2760
0
0
0
0
0
0
0
0
0
0
0
0
0
0
0
0
0
0
0
0
0
2601
0
0
0
0
0
0
0
0
0
0
0
0
0
0
0
0
0
0
0
0
0
0
0
0
0
0
0
0
0
0
0
0
0
0
0
0
0
0
0
0
0
0
0
0
0
0
0
0
0
0
0
0
0
0
0
0
0
0
0
0
0
0
0
0
0
0
0
0
0
0
0
0
0
0
0
0
0
0
0
0
0
0
0
0
0
0
0
0
0
0
0
0
0
0
0
0
0
0
0
0
1287
1287
0
0
0
0
0
0
0
0
0
0
0
0
0
0
0
0
0
0
0
0
1295
1295
0
0
0
0
0
0
0
0
0
0
0
0
0
0
0
0
0
0
0
0
0
0
0
0
0
0
0
0
0
0
0
0
0
0
0
0
0
0
0
0
0
0
0
0
0
0
0
0
0
0
0
0
1767
0
0
0
0
0
0
0
0
3
3
0
0
0
0
0
0
0
0
0
11
0
0
0
0
0
0
0
0
0
0
2
1048
0
0
0
0
0
0
0
0
0
125
0
0
382
0
0
0
0
0
0
1
6
1864
0
0
0
0
0
0
0
0
28
451
0
0
393
0
0
0
0
0
0
6
9
1906
0
0
0
0
0
0
0
0
0
0
0
0
952
0
0
0
0
0
0
6
13
1695
0
0
0
0
0
0
0
0
78
0
0
511
0
0
0
0
0
0
0
8
11
1700
0
0
0
0
0
0
0
82
153
185
550
1042
0
0
0
0
0
0
0
495
497
0
0
0
0
0
0
0
0
0
0
0
558
1044
0
0
0
0
0
0
0
434
438
0
0
0
0
0
0
0
0
0
0
0
552
1080
0
0
0
0
0
0
137
137
140
0
0
0
0
0
0
0
0
0
0
0
541
1145
0
0
0
0
0
0
99
100
100
0
0
0
0
0
0
0
0
0
0
0
556
0
0
0
0
0
0
0
0
0
0
0
0
0
0
0
0
0
0
0
0
0
596
0
0
0
0
0
0
0
0
0
0
0
0
0
0
0
0
0
0
0
0
0
583
0
0
0
0
0
0
0
0
0
0
0
0
0
0
0
0
0
0
0
0
0
566
0
0
0
0
0
0
0
0
0
0
0
0
0
0
0
0
0
0
0
0
0
523
0
0
0
0
0
0
0
0
0
0
0
0
0
0
0
0
0
0
0
0
644
1184
0
0
0
0
0
0
0
0
0
0
0
0
0
0
0
0
0
0
0
0
0
494
0
0
0
0
0
0
0
0
0
0
0
0
0
0
0
0
0
0
0
0
568
0
0
0
0
0
0
0
0
0
0
0
0
0
0
0
0
0
0
0
0
0
0
0
0
0
0
0
0
0
0
0
0
0
0
0
0
0
0
0
0
0
0
0
0
0
0
0
0
0
0
0
0
0
0
0
0
0
0
0
0
0
0
0
0
0
0
0
0
0
0
0
0
0
0
0
0
0
0
0
0
0
0
0
0
0
0
0
0
0
0
0
0
0
0
0
0
0
0
0
0
0
0
0
0
0
0
0
0
0
0
0
0
0
0
0
0
0
0
-4189
0
0
0
0
0
0
0
0
0
0
0
0
0
0
0
0
0
0
0
0
0
7081
0
0
0
0
0
0
0
0
0
0
0
0
0
0
0
0
0
0
0
0
3893
0
0
0
0
0
0
0
0
0
0
0
0
0
0
0
0
0
0
0
0
0
4095
0
0
0
0
0
0
0
0
0
0
0
0
0
0
0
0
0
0
0
0
0
0
0
0
0
0
0
0
0
0
0
0
0
0
0
0
0
0
0
0
0
140
1961
0
0
0
0
0
0
0
0
0
0
0
0
0
0
0
0
0
0
0
0
0
0
0
0
0
0
0
0
0
0
0
0
0
0
0
0
0
0
0
0
0
0
0
0
0
0
0
0
0
0
0
0
0
0
0
0
0
0
0
0
0
0
0
0
0
0
0
0
0
0
0
0
0
0
0
0
0
0
0
0
0
0
0
0
0
0
-4621
-9109
-8538
0
0
0
0
0
0
0
0
0
0
0
0
0
0
0
0
0
0
0
-5392
-7506
-6661
-198
0
0
0
0
0
0
0
0
0
0
0
0
0
0
0
0
0
0
-6612
-6679
-5357
-418
0
0
0
0
0
0
0
0
0
0
0
0
0
0
0
8
0
0
20730
26989
26965
733
0
0
0
0
0
0
0
0
0
0
0
0
0
0
0
0
0
0
1710
0
0
0
0
26
0
0
0
0
0
0
0
0
0
0
0
0
0
0
0
0
1399
0
0
0
0
66
0
0
0
0
0
0
0
0
0
0
0
0
0
0
0
2566
0
0
0
0
0
69
0
0
0
0
0
0
0
0
0
5
5
5
0
0
0
2695
0
0
0
0
0
936
0
0
0
0
0
0
0
0
0
2
2
2
0
0
0
2782
0
0
0
0
0
1142
0
0
0
0
0
0
0
0
1
3
549
549
0
0
1570
0
0
0
0
0
165
0
0
0
0
0
0
0
0
0
0
2
714
714
0
0
2643
0
0
0
0
0
0
0
0
0
0
0
0
0
0
0
0
0
0
0
0
0
903
0
0
0
0
0
0
0
0
0
0
0
0
0
0
0
0
1
0
0
0
0
590
0
0
0
0
0
0
0
0
0
0
0
0
0
0
0
3433
2546
0
0
0
1764
2642
0
0
0
0
0
0
0
0
0
0
0
0
0
0
0
0
5
0
0
0
3685
0
0
0
0
0
0
0
0
0
0
0
0
0
0
0
0
-449
2
0
0
0
