728
1667
4095
0
0
2063
0
0
0
0
0
0
0
1648
0
0
0
0
0
0
0
4095
747
3144
0
0
0
1152
0
0
0
0
0
0
0
2954
0
0
0
0
0
0
0
4095
821
2955
0
0
0
0
0
0
0
0
0
0
0
1752
0
0
0
0
0
0
0
4095
734
3136
0
0
0
0
0
0
0
0
0
0
0
3434
0
0
0
0
0
0
0
4095
736
3526
0
0
0
0
0
0
0
0
0
0
0
1871
1716
0
0
0
0
0
4095
538
769
3659
0
0
0
0
0
0
0
0
0
0
0
2398
1888
0
0
0
0
0
4095
476
727
3306
0
0
0
0
0
0
0
0
0
0
0
2743
841
0
0
0
0
0
4095
558
802
2250
0
0
0
0
0
0
0
0
0
0
0
2826
0
0
0
0
0
0
4095
475
1088
2065
0
0
0
0
0
0
0
0
0
0
0
2894
0
0
0
4095
0
0
4095
461
1813
0
0
0
1525
0
0
0
0
0
0
0
1280
0
0
0
0
4095
0
4095
1499
528
1778
0
0
0
1454
0
0
0
0
0
0
0
1245
0
0
0
0
4095
0
4095
1545
440
183
0
986
0
963
0
0
0
0
0
0
0
1233
0
0
0
0
4095
0
4095
1848
438
248
0
1732
0
0
0
0
0
0
0
0
0
0
0
0
0
0
0
0
4095
1681
541
0
401
780
0
0
0
0
0
0
0
0
0
0
0
0
0
0
0
4095
3047
1616
714
0
422
560
0
0
0
0
0
0
0
0
0
222
0
0
0
0
0
4095
3500
1725
847
0
271
411
0
0
0
0
0
0
0
0
0
441
0
0
0
0
0
4095
3003
1674
723
0
224
7
0
0
0
0
0
0
0
0
0
253
0
0
0
0
0
4095
3120
1610
286
340
287
5
0
0
0
0
0
0
0
0
0
0
0
0
0
0
0
4095
3079
1549
0
254
237
0
0
0
0
0
0
0
0
0
0
0
0
0
0
0
1188
4095
3591
1166
0
283
154
0
0
0
0
0
0
0
0
0
0
0
0
0
0
0
1318
4037
2960
1153
0
405
41
0
0
0
0
0
0
0
0
0
0
0
0
0
0
0
1132
4088
3072
648
0
134
12
0
0
0
0
0
0
0
0
0
0
0
0
0
0
0
1153
4095
3306
70
0
284
2
0
0
0
0
0
0
0
0
1036
0
0
0
0
0
0
1160
4095
1935
18
0
110
49
0
0
0
0
0
0
0
0
703
0
0
0
0
0
0
1130
4095
1542
0
44
193
19
0
0
0
0
0
448
0
0
0
0
0
0
0
0
0
4095
4095
837
0
61
395
0
0
0
0
0
0
1812
0
0
0
0
0
0
0
0
0
4095
0
4095
0
105
509
0
0
0
0
0
0
3058
0
165
0
0
0
0
0
0
0
4095
0
351
0
42
0
0
0
0
0
0
0
2609
193
0
0
0
0
0
0
0
0
4095
0
0
376
584
0
0
0
0
0
0
0
3282
179
0
0
0
0
0
0
0
0
692
0
0
332
310
0
0
0
0
0
0
0
3098
52
0
0
0
0
0
0
0
0
0
0
0
1236
48
0
0
0
0
0
0
0
3157
0
0
0
0
0
0
0
0
0
0
0
0
1626
0
0
0
0
0
0
0
0
4095
0
0
0
0
0
0
0
705
0
0
0
1326
13
0
0
0
0
0
0
0
3315
1389
240
0
0
0
0
0
0
1703
0
0
0
1417
197
0
0
0
0
0
0
0
3212
0
333
0
0
0
0
0
0
2195
0
0
0
1404
138
0
0
0
0
0
0
0
3370
0
84
0
0
0
0
123
0
2440
0
0
0
1437
128
0
0
0
0
0
0
0
2584
191
0
0
0
0
0
0
914
1545
0
0
1051
323
101
0
0
0
0
0
0
0
1686
328
0
0
0
0
0
0
1035
1501
0
0
819
90
114
0
0
0
0
0
0
0
0
857
0
0
0
0
54
0
1143
1661
0
0
714
31
87
0
0
0
0
0
0
0
0
0
0
0
0
0
0
341
1283
954
0
0
957
4
0
0
0
0
0
0
0
0
0
0
0
0
0
0
0
1167
1340
0
0
0
1423
8
0
0
0
0
0
0
0
0
0
0
0
0
0
35
0
1125
179
0
0
0
1328
253
0
0
0
53
0
0
0
0
0
0
0
0
0
0
0
1455
0
0
0
0
1253
619
0
0
0
100
0
0
0
0
0
0
0
0
0
268
0
0
0
0
790
0
445
0
0
0
0
109
0
0
0
0
0
0
0
0
41
0
0
0
0
0
675
0
7
0
0
0
0
84
0
0
0
0
0
0
0
0
32
0
0
0
0
0
551
0
0
0
0
0
12
0
0
0
0
0
0
0
0
0
10
0
0
0
0
283
0
0
0
0
0
0
29
0
0
0
0
0
0
0
0
0
81
0
0
0
0
0
0
0
0
0
0
0
24
0
0
0
0
0
0
0
0
0
0
0
0
0
0
0
0
0
0
0
0
0
4
0
0
0
0
0
0
0
0
0
0
0
0
0
0
0
0
0
0
0
0
0
0
0
0
0
0
0
0
0
0
0
0
0
0
0
0
0
0
0
0
0
0
0
0
0
0
0
0
0
0
0
0
3889
0
0
0
0
0
0
0
0
0
0
0
0
0
0
4095
0
0
0
0
0
0
175
0
0
0
0
0
0
0
0
0
0
0
0
0
0
4095
0
0
0
0
0
0
136
0
0
0
0
0
0
0
0
0
0
0
0
0
0
4095
0
0
0
0
0
0
45
0
0
0
0
0
0
0
0
0
0
0
0
0
0
4095
0
0
0
0
0
120
0
0
0
0
0
0
0
0
0
0
0
0
0
0
0
0
0
0
0
0
0
4095
0
0
0
0
0
0
0
0
0
0
0
0
0
0
0
0
0
0
0
0
4095
32
0
0
0
0
0
0
0
0
0
0
0
0
0
0
0
0
0
0
0
0
4095
0
0
0
0
0
0
0
0
0
0
0
0
0
0
0
0
0
0
0
0
0
4095
0
0
0
0
0
0
0
0
0
0
0
0
0
0
0
0
0
0
0
0
0
4095
0
0
0
0
0
0
0
0
0
0
0
0
0
0
0
0
0
0
0
0
4095
0
0
0
0
0
0
0
0
0
0
0
0
4095
0
0
0
4095
1650
0
0
0
48
0
0
0
0
0
0
0
0
0
0
0
0
2660
0
0
0
4095
1245
615
0
0
69
0
0
0
0
0
0
0
0
0
0
0
3
2575
0
0
4095
4095
1221
428
0
0
65
0
0
0
0
0
0
0
0
0
0
0
103
0
0
0
4095
4095
1132
188
0
0
748
0
0
0
0
0
0
0
0
0
0
0
75
0
0
0
3982
4095
1156
0
0
0
2387
0
0
0
0
0
0
0
0
0
0
200
369
0
0
0
1753
4095
1172
0
481
902
995
0
0
0
0
0
0
0
0
0
0
329
0
0
0
3722
1922
4095
4095
0
1339
1147
1207
0
0
0
0
0
0
0
0
0
0
154
0
0
0
2160
1616
4095
4095
44
1406
2043
0
0
0
0
0
0
0
0
0
0
0
963
0
0
0
2500
1639
4095
4095
0
1303
1098
0
0
0
0
0
0
0
0
0
0
1468
0
0
0
1448
804
1601
4095
4095
0
1458
1277
0
0
0
0
0
0
0
0
0
0
566
0
0
0
3820
729
1964
4095
0
0
1914
75
0
0
0
0
0
0
0
0
0
0
1419
0
0
0
4095
809
