0
0
0
0
0
0
3143
0
0
2
0
0
0
0
4095
2187
4095
4095
0
0
2387
0
0
0
0
0
0
0
3031
0
0
4
0
0
0
0
4095
1992
4095
1901
0
1047
376
0
0
0
0
0
0
0
3099
0
0
0
0
0
0
4095
1197
1913
4095
0
0
1639
0
0
0
0
0
0
0
570
3526
0
0
0
0
0
0
4095
1085
2268
4095
0
0
2911
0
0
0
0
0
0
0
1421
3162
0
0
0
0
0
0
4095
1186
1821
1091
0
0
0
0
0
0
0
0
0
0
1709
1701
2235
0
0
0
0
0
4095
1016
1846
0
0
0
0
0
0
0
0
0
0
0
1381
1693
0
0
0
0
0
0
4095
942
3721
0
0
0
0
0
0
0
0
0
0
0
1598
1631
0
0
0
0
0
0
4095
896
3429
0
0
0
0
0
0
0
0
0
0
0
1529
1373
0
0
0
0
0
4095
259
766
3747
0
0
0
0
0
0
0
0
0
0
0
1581
0
0
0
0
4095
0
1163
351
738
2015
0
0
0
0
0
0
0
0
0
0
0
1664
0
0
0
0
4095
0
1165
386
886
1415
0
0
0
0
0
0
0
0
0
0
0
383
0
0
0
0
0
0
4095
471
810
1195
0
0
2788
0
0
0
0
0
0
0
176
0
0
0
0
4095
0
3254
1169
569
808
0
0
0
1170
0
0
0
0
0
0
0
120
66
0
0
0
4095
0
3053
1182
430
1133
0
1689
0
662
0
0
0
0
0
0
0
109
362
0
0
0
0
0
4095
1313
470
343
0
886
0
0
0
0
0
0
0
0
0
0
322
0
0
0
0
0
4095
1235
552
336
0
499
0
0
0
0
0
0
0
0
0
0
0
0
0
0
0
4095
4002
1390
452
0
317
238
0
0
0
0
0
0
0
0
0
288
0
0
0
0
0
4095
3431
1370
523
0
381
445
0
0
0
0
0
0
0
0
0
323
0
0
0
0
0
4095
3056
1588
461
0
331
215
0
0
0
0
0
0
0
0
0
74
0
0
0
0
0
4095
3086
1509
0
0
313
137
0
0
0
0
0
0
0
0
0
0
0
0
0
0
2441
3560
3667
1462
0
0
276
40
0
0
0
0
0
0
0
0
0
0
0
0
0
0
1220
3568
3284
1834
0
0
74
10
0
0
0
0
0
0
0
0
0
0
0
0
0
0
1202
3571
2923
1564
0
61
9
0
0
0
0
0
0
0
0
0
0
0
0
0
0
0
1309
3527
3142
884
0
163
4
0
0
0
0
0
0
0
0
0
0
0
0
0
0
0
1276
4095
3469
306
0
8
6
0
0
0
0
0
0
2976
0
0
0
0
0
0
0
0
1144
4095
1396
529
0
172
231
0
0
0
0
0
0
0
0
0
0
0
0
0
0
0
4095
4095
1465
0
0
139
285
0
0
0
0
0
0
0
0
0
0
0
0
0
0
0
4095
0
862
0
60
156
0
0
0
0
0
0
2216
1263
0
0
0
0
0
0
0
0
4095
0
1082
0
118
220
0
0
0
0
0
0
1915
1296
0
0
0
0
0
0
0
0
4095
0
0
269
42
557
0
0
0
0
0
0
2126
1302
0
0
0
0
0
0
0
0
1834
0
0
669
125
0
0
0
0
0
0
0
3372
1468
0
0
0
0
0
0
0
0
2291
0
0
677
185
0
0
0
0
0
0
0
3387
233
0
0
0
0
0
0
0
0
0
0
0
787
55
0
0
0
0
0
0
0
3323
0
0
0
0
0
0
0
0
0
0
0
0
1201
1
0
0
0
0
0
0
0
3619
87
0
0
0
0
0
155
3016
0
0
0
955
143
0
0
0
0
0
0
0
0
3886
422
0
0
0
0
0
1404
2423
0
0
0
925
248
0
0
0
0
0
0
0
2373
327
391
0
0
0
0
90
0
4095
0
0
0
707
119
0
0
0
0
0
0
0
1921
0
0
0
0
0
0
0
726
0
0
0
0
1285
264
0
0
0
0
0
0
0
1106
0
0
0
0
0
0
0
992
2028
0
0
1041
314
399
0
0
0
0
0
0
0
0
0
0
0
0
0
71
0
1089
2057
0
0
1056
185
567
0
0
0
0
0
44
0
0
0
0
0
0
0
0
70
1119
872
0
0
1094
74
0
0
0
0
0
0
0
0
0
0
0
0
0
0
0
1271
1268
1120
0
0
1033
6
0
0
0
0
37
0
0
0
0
0
0
0
0
0
0
1068
246
0
0
0
757
9
0
0
0
0
58
0
0
0
0
0
0
0
0
61
0
1812
0
0
0
0
570
228
0
0
0
0
44
0
0
0
0
0
0
0
0
0
0
0
0
0
1486
0
1
399
0
0
0
61
18
0
0
0
0
0
0
0
0
0
0
0
0
0
264
0
2
0
0
0
0
92
0
0
0
0
0
0
0
0
0
0
0
0
0
0
664
0
0
0
0
0
0
75
0
0
0
0
0
0
0
0
0
0
0
0
0
0
0
0
0
0
0
0
0
17
0
0
0
0
0
0
0
0
13
0
0
0
0
0
0
0
0
0
0
0
0
0
0
0
0
0
0
0
0
0
0
0
0
0
0
0
0
0
0
0
0
0
0
0
0
0
0
0
0
0
0
0
0
0
0
0
0
0
0
0
0
0
0
0
0
0
0
0
0
0
0
0
0
0
26
0
0
0
0
0
0
0
0
0
0
0
0
0
0
0
0
0
0
0
0
0
0
0
0
0
0
0
0
0
0
0
0
0
0
0
0
4095
0
0
0
0
0
92
0
0
0
0
0
0
0
0
0
0
0
0
0
0
0
4095
0
0
0
0
0
99
0
0
0
0
0
0
0
0
0
0
0
0
0
0
4095
4095
0
0
0
0
0
68
0
0
0
0
0
0
0
0
0
0
0
0
0
0
4095
0
0
0
0
0
0
0
0
0
0
0
0
0
0
0
0
0
0
0
0
0
4095
0
0
0
0
0
91
0
0
0
0
0
0
0
0
0
0
0
0
0
0
0
0
0
0
0
0
0
40
0
0
0
0
0
0
0
0
0
0
0
0
0
0
0
0
0
0
0
0
0
0
0
0
0
0
0
0
0
0
0
0
0
0
0
0
0
0
0
0
0
0
0
0
0
0
0
0
0
0
0
0
0
0
0
0
0
0
0
0
0
0
0
0
79
0
0
0
0
0
0
0
0
0
0
0
0
0
0
0
0
0
0
0
0
0
0
0
0
0
0
0
0
0
0
0
0
0
7
0
0
0
0
4095
0
0
0
0
0
0
0
0
0
0
0
0
0
0
0
0
301
0
0
0
4095
3299
541
0
0
97
0
0
0
0
0
0
0
0
0
0
0
0
862
0
0
0
4095
1146
507
0
0
45
0
0
0
0
0
0
0
0
0
0
0
74
893
0
0
0
4095
1108
541
0
0
69
0
0
0
0
0
0
0
0
0
0
0
97
0
0
0
2977
4095
1088
118
0
0
472
0
0
0
0
0
0
0
0
0
0
0
251
0
0
0
3096
4095
1095
202
0
0
1795
0
0
0
0
0
0
0
0
0
0
0
1445
0
0
0
4095
4095
1301
0
0
0
2263
0
0
0
0
0
0
0
0
0
0
0
285
0
0
4095
2035
4095
4095
67
2418
0
1172
0
0
0
0
0
0
0
0
0
0
0
0
0
0
4095
1977
4095
4095
70
1091
1148
1130
0
0
0
0
0
0
0
0
0
6
0
0
0
0
4095
2224
4095
4095
0
979
1140
0
0
