0
0
2819
0
0
0
0
0
640
0
0
0
0
0
0
0
0
0
1339
0
0
0
0
0
3571
0
0
0
344
0
634
0
0
0
0
0
0
0
0
0
1428
0
0
0
0
1238
3660
0
0
0
1392
805
189
0
0
0
0
0
0
0
0
0
0
0
0
0
0
2221
3775
0
0
1442
1329
767
186
0
0
0
0
0
0
0
0
0
0
0
0
0
0
2231
3852
0
0
1829
1322
826
184
0
0
0
0
0
0
0
0
1396
291
0
0
0
1519
3372
3836
0
0
1837
1311
775
188
0
0
0
0
0
0
0
228
0
0
0
0
0
0
3319
0
0
0
1886
1276
777
193
0
0
0
0
0
0
0
210
0
0
0
0
0
0
3326
0
0
0
516
0
563
1248
0
0
0
0
0
0
0
163
0
0
0
0
0
0
3276
0
0
0
516
0
601
1234
0
0
0
0
0
0
0
205
0
0
0
0
0
0
3375
0
0
0
546
0
494
109
75
38
0
0
0
0
0
168
0
0
0
0
4095
0
0
0
0
0
457
0
518
147
147
46
0
0
0
0
0
0
0
0
0
0
4095
2094
0
0
0
0
379
875
317
80
80
0
8
8
8
8
8
0
0
0
0
0
0
2115
0
0
0
0
353
586
61
35
35
0
0
0
0
0
0
101
0
0
0
0
0
2068
0
0
0
0
419
221
20
20
14
0
0
0
0
0
0
0
0
0
0
0
0
0
0
0
0
0
0
89
89
89
0
0
0
0
0
0
0
0
0
0
0
0
0
0
0
0
0
0
0
36
36
36
0
0
0
0
0
0
0
0
0
0
0
0
0
0
0
0
0
0
0
0
0
0
0
0
0
0
0
0
0
0
0
0
0
0
0
0
0
0
0
0
0
0
0
0
0
0
0
0
0
0
0
0
0
0
0
0
77
0
0
0
0
0
0
0
0
0
0
0
0
0
0
0
0
0
0
0
0
0
552
0
0
0
0
0
0
0
0
0
0
0
0
0
0
0
0
0
0
0
0
0
0
0
0
0
0
0
0
0
0
0
0
0
0
0
0
0
0
0
0
0
0
0
0
0
0
0
0
0
0
0
0
0
0
0
0
0
0
0
0
0
0
0
0
0
0
0
0
0
0
0
0
0
0
0
0
0
0
0
0
0
0
0
0
0
0
0
0
0
0
0
0
0
0
0
0
0
0
0
0
0
0
0
0
0
0
0
0
0
0
0
0
249
0
0
0
0
0
0
0
0
0
0
0
0
0
0
0
0
0
0
0
0
0
277
0
0
0
0
0
0
0
0
1329
0
0
0
0
0
0
0
0
0
1461
244
0
282
0
0
0
0
0
0
5
5
0
0
0
0
0
0
0
0
0
7
244
288
0
265
0
0
0
0
0
0
4
828
0
0
0
0
0
0
0
0
0
67
345
0
354
0
0
0
0
0
0
0
4
1811
0
0
0
0
0
0
0
0
14
208
455
741
1127
0
29
0
0
0
0
5
9
1746
0
0
0
0
0
0
0
0
76
286
286
0
417
0
0
0
0
0
0
6
8
1676
0
0
0
0
0
0
0
3
80
1059
505
503
0
0
0
0
0
0
0
7
9
1649
0
0
0
0
0
0
0
0
926
568
0
492
0
0
0
0
0
0
0
439
443
0
0
0
0
0
0
0
0
0
1118
583
0
502
0
0
0
0
0
0
0
602
605
0
0
0
0
0
0
0
0
0
1143
562
0
1032
0
0
0
0
0
0
82
85
88
0
0
0
0
0
0
0
2850
1817
542
0
559
501
0
0
0
0
0
0
102
103
103
0
0
0
0
0
0
0
0
0
1169
591
0
0
0
0
0
0
0
0
0
0
0
0
0
0
0
0
0
0
0
0
558
0
612
0
0
0
0
0
0
0
0
0
0
0
0
0
0
0
0
0
0
0
585
0
551
0
441
0
0
0
0
0
0
0
0
0
0
0
0
0
0
0
0
0
625
0
586
0
0
0
0
0
0
0
0
0
0
0
0
0
0
0
0
0
0
532
532
0
558
0
0
0
0
0
0
0
0
0
0
0
0
0
0
0
0
0
0
0
0
549
1091
0
0
0
0
0
0
0
0
0
0
0
0
0
0
0
1138
1138
0
0
0
587
1151
3
0
0
0
0
0
0
0
0
0
0
0
0
0
0
412
412
0
0
0
196
0
0
0
0
0
0
0
0
0
0
0
0
0
0
0
0
0
0
0
0
0
2
2
0
0
0
0
0
0
0
0
0
0
0
0
0
0
0
0
0
0
0
0
0
0
0
0
0
0
0
0
0
0
0
0
0
0
0
0
127
127
127
127
127
127
0
0
0
0
0
0
0
0
0
0
0
0
0
0
0
0
0
0
0
0
0
0
0
0
0
0
0
0
0
0
0
0
0
0
0
0
0
0
0
0
0
0
0
0
0
0
0
0
0
0
4095
4095
4095
0
0
0
0
0
0
0
5
5
5
5
5
0
0
0
0
0
0
0
0
0
0
0
0
0
0
0
0
0
34
34
34
34
34
16
0
0
0
0
0
0
0
0
1158
0
0
0
0
0
0
38
38
38
38
38
22
7
0
0
0
0
0
0
0
0
2159
0
0
0
0
0
0
63
63
63
63
63
31
0
0
0
0
0
0
0
0
0
1987
0
0
0
0
0
0
59
59
59
59
59
11
0
0
0
0
0
0
0
0
834
2487
4080
4080
4080
4080
4080
4080
15
15
15
15
15
0
0
0
0
0
0
0
0
0
1178
2695
4094
4094
4094
4094
4094
1
1
1
1
1
1
0
0
0
0
0
0
0
0
0
1304
2746
4082
4082
4082
4082
4082
0
0
0
0
0
0
0
0
0
0
0
0
0
0
0
1201
2799
4095
4095
4095
4095
4095
0
0
0
0
0
0
0
0
0
0
0
0
4095
4095
3174
1766
0
4095
4095
4095
4095
0
0
0
0
0
0
0
0
0
0
0
0
0
4095
4095
2870
1601
0
4049
4049
4049
4049
0
0
0
0
0
0
0
0
0
0
0
0
0
0
0
1146
2245
0
0
0
0
0
0
0
0
0
0
0
0
0
0
0
0
0
0
0
0
2168
0
0
0
0
0
0
0
0
0
0
0
0
0
0
0
0
0
0
0
0
141
2492
0
0
0
0
9
0
0
0
0
0
0
0
0
0
0
0
0
0
0
0
671
2643
0
0
0
0
87
0
0
0
0
0
0
0
0
0
0
0
0
0
0
0
1497
0
0
0
4
0
73
0
0
0
0
0
0
0
0
0
1
1
1
0
0
0
1761
0
0
0
110
0
659
0
0
0
0
0
0
0
0
0
2
2
2
0
0
0
0
0
0
10
0
186
0
0
0
0
0
0
0
0
0
0
3
416
416
0
0
294
1734
0
0
0
0
0
1201
0
0
0
0
0
0
0
0
1
5
738
738
101
101
2530
0
0
0
0
0
0
1117
0
0
0
0
0
0
0
0
0
3
101
101
833
833
3499
0
0
0
0
0
0
0
0
0
0
0
0
0
0
0
832
833
833
833
0
0
2931
0
0
0
0
0
934
0
0
0
0
0
0
0
0
1379
0
3
0
0
0
0
2891
0
0
0
0
0
942
0
0
0
0
0
0
0
0
1398
0
2
0
0
0
2564
3952
0
0
0
0
621
0
0
0
0
0
0
0
0
0
1408
0
3
0
0
