0
0
0
0
0
0
0
0
0
0
0
3
0
0
0
4095
1823
3101
4095
1292
0
1421
0
0
0
0
0
0
0
3884
0
0
4
0
0
0
0
4095
1527
3493
0
0
0
1898
0
0
0
0
0
0
0
3357
0
0
2
0
0
0
0
4095
1568
4095
0
0
0
1707
0
0
0
0
0
0
0
3702
0
0
0
0
0
0
0
4095
1911
3496
0
0
0
0
0
0
0
0
0
0
0
1929
1707
0
0
0
0
0
4095
453
1672
4081
0
0
0
0
0
0
0
0
0
0
0
3079
1703
0
0
0
0
0
4095
421
1551
3656
0
0
0
0
0
0
0
0
0
0
0
3011
1672
0
0
0
0
0
4095
566
1906
3217
0
0
0
0
0
0
0
0
0
0
0
2864
658
0
0
0
0
0
4095
460
1744
2536
0
0
0
0
0
0
0
0
0
0
0
3012
0
0
0
0
0
0
4095
543
1549
2539
0
0
0
0
0
0
0
0
0
0
1444
1249
0
0
0
4095
0
0
4095
482
1689
0
0
0
0
0
0
0
0
0
0
0
1347
0
0
0
0
4095
0
2609
700
426
2624
0
0
0
2640
0
0
0
0
0
0
0
1260
0
0
0
0
4095
0
1520
831
547
1502
0
0
0
903
0
0
0
0
0
0
0
807
0
0
0
0
4095
0
1746
762
459
716
0
0
0
1293
0
0
0
0
0
0
0
0
0
0
0
0
0
0
4095
763
472
1049
0
2270
0
0
0
0
0
0
0
0
0
0
0
0
0
0
0
4095
1669
702
552
0
364
0
0
0
0
0
0
0
0
0
0
374
0
0
0
0
0
4095
1578
796
711
0
882
0
0
0
0
0
0
0
0
0
0
354
0
0
0
0
0
4095
1830
623
505
0
501
0
0
0
0
0
0
0
0
0
0
133
0
0
0
0
0
4095
1606
717
0
275
231
0
0
0
0
0
0
0
0
0
0
0
0
0
0
0
4095
4095
1625
826
0
269
314
0
0
0
0
0
0
0
0
0
0
0
0
0
0
0
1129
4095
1663
707
0
306
158
0
0
0
0
0
0
0
0
0
0
0
0
0
0
0
1132
4095
1879
699
0
252
101
0
0
0
0
0
0
0
0
0
0
0
0
0
0
0
1682
4095
1628
188
0
180
20
0
0
0
0
0
0
0
0
60
0
0
0
0
0
0
1722
4095
1669
0
0
143
8
0
0
0
0
0
0
0
0
107
0
0
0
0
0
0
1730
4095
1853
0
0
142
0
0
0
0
0
0
0
0
0
170
0
0
0
0
0
653
2594
4095
1744
0
36
63
0
0
0
0
0
0
175
0
0
0
0
0
0
0
0
471
4095
4095
568
0
104
280
0
0
0
0
0
0
1532
0
0
0
0
0
0
0
0
104
4095
0
316
0
24
363
0
0
0
0
0
0
1776
0
0
0
0
0
0
0
0
0
4095
0
743
0
89
705
0
0
0
0
0
873
1411
180
0
0
0
0
0
0
0
0
4095
0
0
0
76
0
0
0
0
0
0
1812
1405
156
0
0
0
0
0
0
0
67
1038
0
0
365
44
0
0
0
0
0
0
4095
1406
0
0
0
0
0
0
0
0
138
0
0
0
659
1
0
0
0
0
0
0
0
1516
0
0
0
0
0
0
0
0
1689
0
0
0
421
0
0
0
0
0
0
0
3108
1535
65
0
0
0
0
0
0
455
0
0
0
926
229
0
0
0
0
0
0
0
3067
817
364
0
0
0
0
0
0
2208
0
0
0
947
216
0
0
0
0
0
0
0
3423
0
299
0
0
0
0
688
0
2234
0
0
0
940
197
0
0
0
0
0
0
0
3989
0
0
0
0
0
0
1212
0
3173
0
0
1095
379
185
0
0
0
0
0
0
0
343
306
0
0
0
0
0
1148
0
0
0
0
1077
286
130
0
0
0
0
0
0
2142
0
327
0
0
0
0
53
1286
0
1703
0
0
825
104
221
0
0
0
0
0
0
1908
0
134
0
0
0
0
40
0
1123
1490
0
0
708
13
0
0
0
0
0
0
0
0
0
0
0
0
0
0
0
644
1105
1562
0
0
925
10
0
0
0
0
0
0
0
0
0
0
0
0
0
0
0
1123
1100
0
0
0
773
110
0
0
0
0
0
0
0
0
0
0
0
0
0
85
0
1103
1015
0
0
0
739
1153
0
0
0
0
0
0
0
0
0
0
0
0
0
0
0
1418
0
0
0
0
1238
0
0
0
0
59
0
0
0
0
0
0
0
0
0
0
0
0
0
0
0
0
133
0
0
0
0
89
0
0
0
0
0
0
0
0
0
0
0
0
0
0
1859
0
0
0
0
0
0
104
0
0
0
0
0
0
0
0
24
0
0
0
0
190
0
0
1
0
0
0
0
38
0
0
0
0
0
0
0
0
0
0
0
0
0
256
0
0
1
0
0
0
14
0
0
0
0
0
0
0
0
0
0
0
0
0
0
253
0
0
0
0
0
0
13
0
0
0
0
0
0
0
0
0
0
0
0
0
0
0
0
0
0
0
0
0
15
0
0
0
0
0
0
0
0
0
0
0
0
0
0
0
0
0
0
0
0
0
0
0
0
0
0
0
0
0
0
13
0
0
0
0
0
0
0
0
0
0
0
0
0
0
0
0
0
0
0
0
0
0
0
0
0
0
0
0
0
0
0
0
0
0
0
0
0
0
0
0
0
0
0
97
0
0
0
0
0
0
0
0
0
0
0
1
0
0
4095
0
0
0
0
0
0
123
0
0
0
0
0
0
0
0
0
0
0
0
0
0
4095
0
0
0
0
0
0
0
0
0
0
0
0
0
0
0
0
0
0
0
0
0
4095
0
0
0
0
0
86
0
0
0
0
0
0
0
0
0
0
0
0
0
0
0
4095
0
0
0
0
0
33
0
0
0
0
0
0
0
0
0
0
0
0
0
0
0
0
0
0
0
0
0
20
0
0
0
0
0
0
0
0
0
0
0
0
0
0
0
0
0
0
0
0
10
0
0
0
0
0
0
0
0
0
0
0
0
0
0
0
0
0
0
0
0
0
59
0
0
0
0
0
0
0
0
0
0
0
0
0
0
0
0
0
0
0
0
0
0
0
0
0
0
0
0
0
0
0
0
0
4095
0
0
0
0
0
0
0
0
56
0
0
0
0
0
0
0
0
0
0
0
0
1754
0
0
0
0
4095
0
0
0
54
0
0
0
0
0
0
0
0
0
0
0
0
2313
0
0
0
4095
1195
0
0
0
29
0
0
0
0
0
0
0
0
0
0
0
32
2328
0
0
0
4095
1169
0
0
0
173
0
0
0
0
0
0
0
0
0
0
0
91
0
0
0
4095
4095
1150
5
0
0
505
0
0
0
0
0
0
0
0
0
0
5
58
0
0
0
4095
4095
1154
100
0
0
2079
0
0
0
0
0
0
0
0
0
0
105
38
0
0
4095
3434
4095
1134
0
0
0
2364
0
0
0
0
0
0
0
0
0
0
172
0
0
0
2846
3374
4095
2487
0
769
764
0
0
0
0
0
0
0
0
0
0
0
368
0
0
0
2512
3110
4095
4095
0
1279
1123
0
0
0
0
0
0
0
0
0
0
0
576
0
0
1464
1325
3633
4095
4095
0
1323
2002
0
0
0
0
0
0
0
0
0
0
134
0
0
0
1761
1691
3429
4095
4095
0
1316
1104
0
0
0
0
0
0
0
0
0
0
2
0
0
0
4095
1571
3058
4095
4095
0
1444
1159
