0
0
0
4095
425
1284
3524
0
0
1584
0
0
0
0
0
0
0
0
2817
0
0
0
0
0
0
4095
548
1302
4095
0
0
0
0
0
0
0
0
0
0
353
2843
0
0
0
0
0
0
4095
450
1350
2711
0
0
0
0
0
0
0
0
0
0
1200
1485
1353
0
0
0
0
0
4095
447
1178
2753
0
0
0
0
0
0
0
0
0
0
1124
1650
1444
0
0
0
0
0
4095
574
3114
0
0
0
0
0
0
0
0
0
0
0
0
2691
815
0
0
0
0
0
4095
440
3249
0
0
0
0
0
0
0
0
0
0
0
1128
1653
0
0
0
4095
0
4095
891
255
3020
0
0
0
0
0
0
0
0
0
0
0
1317
1457
0
0
0
4095
0
4095
850
385
1419
0
0
0
1296
0
0
0
0
0
0
0
1596
0
0
0
0
4095
0
4095
873
299
704
0
0
0
1326
0
0
0
0
0
0
0
1382
0
0
0
0
4095
0
4095
994
368
1006
0
0
0
1248
0
0
0
0
0
0
0
894
0
0
0
0
0
4095
2035
915
680
0
0
0
1822
0
0
0
0
0
0
0
0
289
0
0
0
0
0
4095
1924
1048
274
0
2015
0
0
0
0
0
0
0
0
0
0
347
0
0
0
0
0
4095
1913
1290
106
0
1599
0
0
0
0
0
0
0
0
0
0
611
0
0
0
0
0
4095
2264
1090
0
0
966
0
0
0
0
0
0
0
0
0
0
310
0
0
0
0
0
4095
2002
1244
0
386
291
0
0
0
0
0
0
0
0
0
0
62
0
0
0
0
4095
4095
1941
1105
0
486
561
0
0
0
0
0
0
0
0
0
181
0
0
0
0
0
1277
4095
2099
1079
0
419
172
0
0
0
0
0
0
0
0
0
376
0
0
0
0
0
1109
4095
2285
980
0
389
157
0
0
0
0
0
0
0
0
0
191
0
0
0
0
0
1590
4095
2028
0
0
403
29
0
0
0
0
0
0
0
0
0
0
0
0
0
0
0
1666
4095
1986
0
0
165
27
0
0
0
0
0
0
0
0
238
0
0
0
0
0
0
1170
4095
2430
0
22
48
0
0
0
0
0
0
0
0
0
274
0
0
0
0
0
531
1998
4095
1726
0
218
7
0
0
0
0
0
0
0
0
0
274
0
0
0
0
0
536
4095
4095
413
0
136
7
0
0
0
0
0
0
556
0
0
0
0
0
0
0
0
546
4095
0
313
0
78
226
0
0
0
0
0
0
1522
0
0
0
0
0
0
0
0
22
4095
0
0
183
205
554
0
0
0
0
0
1
1527
0
0
0
0
0
0
0
0
14
4095
0
0
221
470
0
0
0
0
0
0
2701
0
0
0
0
0
0
0
0
0
0
0
0
0
289
145
0
0
0
0
0
0
1775
1409
0
0
0
0
0
0
0
0
518
0
0
0
353
120
0
0
0
0
0
0
2008
1195
0
0
0
0
0
0
0
0
548
0
0
644
90
76
0
0
0
0
0
0
3396
1212
0
0
0
0
0
0
0
0
680
0
0
588
187
0
0
0
0
0
0
0
3482
1208
0
0
0
0
0
0
0
0
779
0
0
659
90
0
0
0
0
0
0
0
3282
753
0
0
0
0
0
0
0
2105
0
0
0
659
31
0
0
0
0
0
0
0
3455
0
0
0
0
0
0
0
0
2981
0
0
885
143
0
0
0
0
0
0
0
0
3770
0
0
0
0
0
0
109
2589
0
0
0
829
229
0
0
0
0
0
0
0
2489
319
378
0
0
0
0
0
10
2438
0
0
0
686
140
0
0
0
0
0
0
0
1758
0
372
0
0
0
0
67
0
0
2234
0
0
649
129
0
0
0
0
0
0
0
1014
0
87
0
0
0
0
17
0
1082
1110
0
0
799
334
0
0
0
0
0
0
0
0
0
0
0
0
0
0
0
493
2239
0
0
1043
174
538
0
0
0
0
0
0
0
0
0
0
0
0
0
29
0
946
1720
0
0
0
991
0
0
0
0
0
0
0
0
0
0
0
0
0
0
32
0
1098
1471
0
0
0
1417
0
0
0
0
72
0
0
0
0
0
0
0
0
0
0
0
1746
0
0
0
709
15
0
0
0
0
79
0
0
0
0
0
0
0
0
0
0
983
785
0
0
0
1133
32
0
0
0
0
62
0
0
0
0
0
0
0
0
1191
0
0
0
0
0
0
0
29
0
0
0
0
29
0
0
0
0
0
0
0
0
724
0
0
0
0
865
0
0
0
0
0
0
82
0
0
0
0
0
0
0
0
0
0
0
0
0
0
268
0
0
0
0
0
0
85
0
0
0
0
0
0
0
0
0
0
0
0
0
0
350
0
0
0
0
0
0
53
0
0
0
0
0
0
0
0
219
0
0
0
0
0
0
0
0
0
0
0
0
0
0
0
0
0
0
0
0
0
5
0
0
0
0
0
0
0
0
0
0
0
0
0
0
0
0
0
0
0
0
0
8
0
0
0
0
0
0
0
0
0
0
0
4095
0
0
0
0
0
0
0
0
0
3
0
0
0
0
0
0
0
0
0
0
0
0
0
0
4095
0
0
0
0
0
0
24
0
0
0
0
0
0
0
0
0
0
0
0
0
0
4095
0
0
0
0
0
31
0
0
0
0
0
0
0
0
0
0
0
0
0
0
0
4095
0
0
0
0
0
127
0
0
0
0
0
0
0
0
0
0
0
0
0
0
0
4095
0
0
0
0
0
59
0
0
0
0
0
0
0
0
0
0
0
0
0
0
0
0
0
0
0
0
0
4095
0
0
0
0
0
0
0
0
0
0
0
0
0
0
0
0
0
0
0
0
4095
34
0
0
0
0
0
0
0
0
0
0
0
0
0
0
0
0
0
0
0
0
4095
0
0
0
0
0
0
0
0
0
0
0
0
0
0
0
0
0
0
0
0
0
4095
0
0
0
0
0
0
0
0
0
0
0
4095
0
0
0
0
0
0
0
0
0
4095
0
0
0
0
0
0
0
0
0
0
0
4095
0
0
0
0
0
0
0
0
4095
0
0
0
0
0
0
0
0
0
0
0
0
0
0
0
0
4095
1223
0
0
0
35
0
0
0
0
0
0
0
0
0
0
0
48
0
0
0
0
4095
1322
0
0
0
32
0
0
0
0
0
0
0
0
0
0
0
28
0
0
0
4095
4095
1224
0
0
164
0
0
0
0
0
0
0
0
0
0
0
3
25
0
0
0
4095
3456
1140
0
0
575
0
0
0
0
0
0
0
0
0
0
0
91
0
0
0
4095
2900
3530
1163
0
0
0
2157
0
0
0
0
0
0
0
0
0
0
186
0
0
0
3301
3546
3602
1310
0
0
1192
232
0
0
0
0
0
0
0
0
0
0
289
0
0
0
3354
3471
4095
4095
0
1711
1269
0
0
0
0
0
0
0
0
0
0
0
634
0
0
1503
1530
3106
3457
4095
0
1486
1259
0
0
0
0
0
0
0
0
0
0
0
256
0
0
2993
1805
3109
4095
4095
172
0
2432
0
0
0
0
0
0
0
0
0
0
0
0
0
0
3569
1490
3640
4095
4095
218
1382
1148
0
0
0
0
0
0
0
0
0
0
0
0
0
0
2879
1592
3862
4095
0
0
1753
119
0
0
0
0
0
0
0
0
0
1719
0
0
0
0
3157
1527
4095
0
0
0
1972
0
0
0
0
0
0
0
1664
0
0
3
0
0
0
0
4095
1329
3404
0
0
1430
262
0
0
0
0
0
0
0
3218
0
0
2
0
