1978
0
0
0
0
0
0
0
2773
0
0
0
1
0
0
0
4095
1436
3360
4095
723
0
1876
0
0
0
0
0
0
0
1985
0
0
3
0
0
0
0
4095
1610
3012
0
0
0
1701
0
0
0
0
0
0
0
3388
0
0
3
0
0
0
0
4095
1623
3089
0
0
0
0
0
0
0
0
0
0
0
3305
0
0
0
0
0
0
0
4095
1838
4087
0
0
0
0
0
0
0
0
0
0
0
1922
1714
0
0
0
0
0
4095
443
1692
4076
0
0
0
0
0
0
0
0
0
0
0
3090
1913
0
0
0
0
0
4095
544
1774
3294
0
0
0
0
0
0
0
0
0
0
0
3241
1758
0
0
0
0
0
4095
464
1787
3230
0
0
0
0
0
0
0
0
0
0
0
3140
335
0
0
0
0
0
4095
466
1617
1938
0
0
0
0
0
0
0
0
0
0
0
3075
0
0
0
0
0
0
4095
556
1596
2315
0
0
0
0
0
0
0
0
0
0
1305
996
0
0
0
4095
0
0
4066
468
1894
0
0
0
2399
0
0
0
0
0
0
0
1277
0
0
0
0
4095
0
3404
906
444
2500
0
0
0
929
0
0
0
0
0
0
0
1412
0
0
0
0
4095
0
2997
797
540
1099
0
0
0
976
0
0
0
0
0
0
0
672
0
0
0
0
4095
0
3591
610
460
710
0
1553
0
632
0
0
0
0
0
0
0
0
0
0
0
0
0
0
4095
713
544
913
0
1694
0
0
0
0
0
0
0
0
0
0
0
0
0
0
0
4095
1539
603
437
0
409
0
0
0
0
0
0
0
0
0
0
407
0
0
0
0
0
4095
1688
731
770
0
934
0
0
0
0
0
0
0
0
0
0
462
0
0
0
0
0
4095
1620
625
463
0
359
0
0
0
0
0
0
0
0
0
0
57
0
0
0
0
0
4095
1588
721
0
278
205
0
0
0
0
0
0
0
0
0
0
0
0
0
0
0
0
4095
1779
702
0
332
317
0
0
0
0
0
0
0
0
0
0
0
0
0
0
0
1233
4095
1623
745
0
271
177
0
0
0
0
0
0
0
0
0
0
0
0
0
0
0
1282
4095
1602
728
0
315
82
0
0
0
0
0
0
0
0
0
0
0
0
0
0
0
1669
4095
1637
169
0
269
3
0
0
0
0
0
0
0
0
58
0
0
0
0
0
0
1696
4095
1797
0
0
181
5
0
0
0
0
0
0
0
0
171
0
0
0
0
0
0
1712
4095
1670
0
0
149
1
0
0
0
0
0
0
0
0
115
0
0
0
0
0
564
2710
4095
1660
0
28
124
0
0
0
0
0
0
416
0
0
0
0
0
0
0
0
481
4095
4095
581
0
107
285
0
0
0
0
0
0
1454
0
0
0
0
0
0
0
0
98
4095
0
361
0
18
351
0
0
0
0
0
0
1555
0
0
0
0
0
0
0
0
0
4095
0
647
0
129
692
0
0
0
0
0
1011
1404
102
0
0
0
0
0
0
0
0
4095
0
0
0
103
0
0
0
0
0
0
1684
1606
122
0
0
0
0
0
0
0
61
1056
0
0
408
68
0
0
0
0
0
0
4095
1449
0
0
0
0
0
0
0
0
139
0
0
0
540
0
0
0
0
0
0
0
0
1462
0
0
0
0
0
0
0
0
1855
0
0
0
348
0
0
0
0
0
0
0
3121
1433
125
0
0
0
0
0
0
667
0
0
0
848
181
0
0
0
0
0
0
0
3065
844
283
0
0
0
0
0
0
2263
0
0
0
919
196
0
0
0
0
0
0
0
3036
0
283
0
0
0
0
914
0
3815
0
0
0
891
180
0
0
0
0
0
0
0
3701
0
0
0
0
0
0
1268
0
0
0
0
1230
360
163
0
0
0
0
0
0
2188
276
345
0
0
0
0
0
1109
0
1500
0
0
981
309
130
0
0
0
0
0
0
1855
0
334
0
0
0
0
39
0
1130
1530
0
0
733
59
207
0
0
0
0
0
0
0
0
132
0
0
0
0
39
0
1188
1567
0
0
806
13
0
0
0
0
0
0
0
0
0
0
0
0
0
0
0
741
1268
1580
0
0
984
6
0
0
0
0
0
0
0
0
0
0
0
0
0
0
0
1278
886
0
0
0
753
77
0
0
0
0
0
0
0
0
0
0
0
0
0
84
0
1142
952
0
0
0
686
1204
0
0
0
0
0
0
0
0
0
0
0
0
0
0
0
1101
0
0
0
0
581
0
0
0
0
77
0
0
0
0
0
0
0
0
0
0
0
0
0
0
1432
0
39
0
0
0
0
112
0
0
0
0
0
0
0
0
0
0
0
0
0
0
1028
0
0
0
0
0
0
102
0
0
0
0
0
0
0
0
33
0
0
0
0
173
0
0
0
0
0
0
0
44
0
0
0
0
0
0
0
0
0
0
0
0
0
262
0
0
0
0
0
0
15
0
0
0
0
0
0
0
0
0
0
0
0
0
0
184
0
0
0
0
0
0
25
0
0
0
0
0
0
0
0
0
0
0
0
0
0
0
0
0
0
0
0
0
17
0
0
0
0
0
0
0
0
0
0
0
0
0
0
0
0
0
0
0
0
0
0
0
0
0
0
0
0
0
0
18
0
0
0
0
0
0
0
0
0
0
0
0
0
0
0
0
0
0
0
0
0
0
0
0
0
0
0
0
0
0
0
0
0
0
0
0
0
0
0
0
0
0
0
104
0
0
0
0
0
0
0
0
0
0
0
0
0
0
4095
0
0
0
0
0
0
113
0
0
0
0
0
0
0
0
0
0
0
0
0
0
4095
0
0
0
0
0
0
0
0
0
0
0
0
0
0
0
0
0
0
0
0
0
4095
0
0
0
0
0
69
0
0
0
0
0
0
0
0
0
0
0
0
0
0
0
4095
0
0
0
0
0
39
0
0
0
0
0
0
0
0
0
0
0
0
0
0
0
0
0
0
0
0
0
24
0
0
0
0
0
0
0
0
0
0
0
0
0
0
0
0
0
0
0
0
30
0
0
0
0
0
0
0
0
0
0
0
0
0
0
0
0
0
0
0
0
0
30
0
0
0
0
0
0
0
0
0
0
0
0
0
0
0
0
0
0
0
0
0
0
0
0
0
0
0
0
0
0
0
0
0
4095
0
0
0
0
0
0
0
0
101
0
0
0
0
0
0
0
0
0
0
0
0
1771
0
0
0
0
4095
0
0
0
4
0
0
0
0
0
0
0
0
0
0
0
0
1996
0
0
0
4095
1180
0
0
0
30
0
0
0
0
0
0
0
0
0
0
0
43
2623
0
0
0
4095
1317
0
0
0
189
0
0
0
0
0
0
0
0
0
0
0
81
0
0
0
4095
4095
1154
18
0
0
857
0
0
0
0
0
0
0
0
0
0
8
68
0
0
0
4095
4095
1138
99
0
0
2131
0
0
0
0
0
0
0
0
0
0
122
40
0
0
3262
2123
4095
1113
0
0
760
2263
0
0
0
0
0
0
0
0
0
0
200
0
0
0
2519
3998
4095
2564
0
1019
1120
0
0
0
0
0
0
0
0
0
0
0
427
0
0
0
2269
3829
4095
4095
0
1301
1795
0
0
0
0
0
0
0
0
0
0
0
567
0
0
1494
902
3458
4095
4095
0
2622
1263
0
0
0
0
0
0
0
0
0
0
2
0
0
0
1805
1094
3057
4095
4095
0
0
960
0
0
0
0
0
0
0
0
0
0
1
0
0
0
4095
1144
3723
4095
4095
0
1304
