0
0
0
0
0
0
0
0
0
1735
0
4
0
0
0
0
2335
0
0
0
3834
261
579
0
0
0
0
0
0
0
0
1683
0
2
0
0
0
0
2428
0
0
2247
233
0
0
0
0
0
0
0
0
0
0
1688
0
2
0
0
0
2542
3863
0
0
0
0
571
0
0
0
0
0
0
0
0
0
1655
0
0
0
0
0
3008
0
0
0
1187
1016
490
0
0
0
0
0
0
0
0
0
0
0
0
0
0
0
3587
0
0
0
1677
1217
552
0
0
0
0
0
0
0
0
0
0
0
0
0
0
2003
3812
0
0
0
1629
1139
567
0
0
0
0
0
0
0
0
1258
0
0
0
0
0
2266
3922
0
0
0
1608
1121
546
0
0
0
0
0
0
0
0
1392
0
0
0
0
557
2577
3896
0
0
0
1659
1148
568
0
0
0
0
0
0
0
0
0
0
0
0
0
1966
0
1681
0
0
2050
1684
1149
553
0
0
0
0
0
0
0
0
0
0
0
0
0
0
3410
0
0
0
897
511
0
577
0
0
0
0
0
0
0
0
0
0
0
0
0
0
3369
0
0
0
864
473
0
600
8
8
0
0
0
0
0
0
0
0
0
0
0
0
3426
0
0
0
903
496
0
551
144
47
0
0
0
0
0
0
0
0
0
0
0
1924
3732
0
0
0
1543
1141
645
144
117
29
0
0
0
0
0
0
0
0
0
0
0
2132
0
0
0
0
227
972
438
117
49
0
0
0
0
0
0
0
0
0
0
0
0
2153
0
0
0
0
245
768
155
49
37
0
0
0
0
0
0
0
0
0
0
0
0
2156
0
0
0
0
257
547
41
41
0
0
0
0
0
0
0
0
0
0
0
0
0
2106
0
0
0
0
238
47
47
47
0
0
0
0
0
0
0
0
0
0
0
0
0
2113
0
0
0
0
0
76
76
76
0
0
0
0
0
0
0
0
0
0
0
0
0
0
0
0
0
0
0
0
0
0
0
0
0
0
0
0
0
0
0
0
0
0
0
0
0
0
0
0
0
0
0
0
0
0
0
0
0
0
0
0
0
0
0
0
450
0
0
0
0
0
0
0
0
0
0
0
0
0
62
62
0
0
0
0
0
0
559
0
0
0
0
0
0
0
0
0
0
0
0
0
165
165
0
0
0
0
0
0
547
0
0
0
0
0
0
0
0
0
0
0
0
0
171
171
0
0
0
0
0
0
0
0
0
0
0
0
0
0
0
0
0
0
0
225
0
0
0
0
0
0
0
0
0
0
0
0
0
0
0
0
0
0
0
0
0
228
0
0
0
0
0
0
0
0
0
0
0
0
0
0
0
0
0
0
0
0
0
0
206
0
0
0
0
0
0
0
0
0
0
0
0
0
0
0
0
0
0
0
0
0
220
0
0
0
0
0
0
0
4
79
0
457
0
0
0
0
0
0
2
2
0
0
214
0
0
0
0
0
0
0
0
524
0
409
0
0
0
0
0
0
2
2
0
57
0
0
0
0
0
0
0
42
0
0
537
931
0
0
0
0
0
0
3
1418
0
0
0
0
0
0
0
0
0
160
304
0
526
1023
0
0
0
0
0
0
1
1634
0
0
0
0
0
0
0
0
47
196
606
0
548
0
0
0
0
0
0
0
3
1425
0
0
0
0
0
0
0
0
63
268
0
529
1111
0
62
0
0
0
0
0
2
1375
0
0
0
0
0
0
0
0
434
586
0
492
995
0
0
0
0
0
0
0
300
1714
0
0
0
0
0
0
0
0
1192
558
0
515
0
0
0
0
0
0
0
298
708
0
0
0
0
0
0
0
0
2056
908
0
593
1128
0
0
0
0
0
0
0
705
266
0
0
0
0
0
0
0
0
0
1100
583
0
531
0
0
0
0
0
0
0
265
1
0
0
0
0
0
0
0
0
0
0
592
0
542
0
0
0
0
0
0
0
0
0
0
0
0
0
0
0
0
0
0
0
630
0
459
0
0
0
0
0
0
0
0
0
0
0
0
0
0
0
0
0
0
197
0
685
1204
0
0
0
0
0
0
0
0
0
0
0
0
0
0
0
0
0
0
181
0
582
1007
0
0
0
0
0
0
0
0
0
0
0
0
0
0
0
0
0
0
186
0
550
1012
395
0
0
0
0
0
0
0
0
0
0
0
0
0
0
0
0
170
170
0
570
774
0
0
0
0
0
0
0
0
0
0
0
0
0
0
0
0
0
0
0
189
774
774
0
0
0
0
0
0
0
0
0
0
0
0
0
0
0
0
0
0
0
521
0
0
0
0
0
0
0
0
0
0
0
0
0
0
0
0
0
0
0
0
0
0
0
0
0
0
0
0
0
0
0
0
0
0
0
0
0
0
0
0
0
0
0
1
1
1
0
0
0
0
0
0
0
0
0
0
0
0
0
0
289
289
289
289
289
0
0
0
0
0
0
0
0
0
0
0
0
0
0
0
0
0
0
0
0
0
0
0
0
0
0
0
0
0
0
0
0
0
0
0
0
0
0
0
0
0
0
0
0
0
0
0
0
0
0
0
0
0
0
0
0
0
0
0
0
0
0
0
0
0
0
0
0
0
0
0
0
2089
2089
2089
0
0
0
0
0
0
0
9
9
9
9
9
0
7
7
7
8
8
8
0
0
0
0
0
0
0
0
0
0
27
27
27
27
27
13
0
0
0
0
0
0
0
0
0
0
0
0
0
0
0
50
50
50
50
50
19
0
0
0
0
0
0
0
0
0
2088
0
0
0
0
0
0
78
78
78
78
78
38
0
0
0
0
0
0
0
0
0
2307
0
0
4077
4077
4077
4077
18
18
18
18
18
0
0
0
0
0
0
0
0
0
0
2186
4077
4077
4095
4095
4095
0
36
36
36
36
36
0
0
0
0
0
0
0
0
0
1062
2661
4095
4095
4095
4095
4095
0
0
0
0
0
0
0
0
0
0
0
0
0
0
0
1233
2622
4095
4095
4085
4085
4085
0
0
0
0
0
0
0
0
0
0
0
0
0
0
0
1302
2750
4085
4085
4095
4095
4095
0
0
0
0
0
0
0
0
0
0
0
0
0
0
0
1154
2814
4095
4095
4095
4095
0
0
0
0
0
0
0
0
0
0
0
0
0
4095
4095
3250
1822
0
4095
4095
0
0
0
0
0
0
0
0
0
0
0
0
0
0
0
0
0
1032
2442
0
0
0
0
27
0
0
0
0
0
0
0
0
0
0
0
0
0
0
0
1323
2197
0
0
0
0
0
0
0
0
0
0
0
0
0
0
0
0
0
0
0
0
2496
0
0
0
0
57
0
0
0
0
0
0
0
0
0
0
7
7
0
0
0
0
2517
0
0
0
0
0
1088
0
0
0
0
0
0
0
0
1
9
36
0
0
0
544
2915
0
0
86
70
279
0
0
0
0
0
0
0
0
0
2
8
119
0
0
0
1479
0
0
0
43
0
0
1099
0
0
0
0
0
0
0
0
6
110
155
0
0
0
1486
0
0
0
150
0
0
1134
0
0
0
0
0
0
0
0
3
538
538
0
0
0
0
0
0
0
127
0
0
0
0
0
0
0
0
0
0
0
5
365
365
0
0
0
0
0
0
0
95
0
0
0
0
0
0
0
0
0
0
61
63
64
0
0
0
2601
0
0
0
0
0
1293
0
0
0
0
0
0
0
0
0
1964
1968
1968
0
0
0
2633
0
0
0
0
412
0
