52
-1
-1
-1
59
-1
-1
-1
-1
-1
-1
-1
96
-1
-1
36
-1
-1
-1
-1
13
17
24
-1
-1
192
-1
-1
-1
-1
-1
-1
-1
-1
62
-1
-1
27
-1
-1
-1
-1
26
21
22
-1
-1
-1
-1
-1
-1
-1
-1
-1
-1
-1
64
-1
-1
-1
-1
-1
-1
26
6
17
77
-1
-1
-1
-1
-1
-1
-1
-1
-1
-1
13
29
34
-1
-1
-1
-1
-1
25
5
17
75
-1
-1
-1
-1
-1
-1
-1
-1
-1
-1
46
29
31
-1
-1
-1
-1
-1
36
5
20
108
-1
-1
-1
-1
-1
-1
-1
-1
-1
-1
-1
29
30
-1
-1
-1
-1
-1
53
6
17
129
-1
-1
-1
-1
-1
-1
-1
-1
-1
-1
-1
52
-1
-1
-1
-1
-1
-1
55
5
17
-1
-1
-1
-1
-1
-1
-1
-1
-1
-1
-1
22
31
-1
-1
-1
-1
-1
-1
56
6
19
-1
-1
-1
190
-1
-1
-1
-1
-1
-1
-1
22
6
-1
-1
-1
87
-1
20
8
5
39
-1
-1
-1
75
-1
-1
-1
-1
-1
-1
-1
22
-1
-1
-1
-1
58
-1
18
9
5
40
-1
-1
-1
244
-1
-1
-1
-1
-1
-1
-1
24
-1
-1
-1
-1
91
-1
18
8
6
37
-1
-1
-1
-1
-1
-1
-1
-1
-1
-1
-1
-1
-1
-1
-1
-1
-1
-1
50
8
5
77
86
-1
-1
-1
-1
-1
-1
-1
-1
-1
-1
-1
-1
-1
-1
-1
-1
60
20
9
5
-1
86
-1
-1
-1
-1
-1
-1
-1
-1
-1
-1
9
-1
-1
-1
-1
-1
58
18
8
6
-1
92
-1
-1
-1
-1
-1
-1
-1
-1
-1
-1
21
-1
-1
-1
-1
-1
58
18
9
3
-1
61
-1
-1
-1
-1
-1
-1
-1
-1
-1
-1
16
-1
-1
-1
-1
-1
58
21
9
-1
-1
60
-1
-1
-1
-1
-1
-1
-1
-1
-1
-1
-1
-1
-1
-1
-1
-1
61
19
9
-1
13
36
-1
-1
-1
-1
-1
-1
-1
-1
-1
-1
-1
-1
-1
-1
-1
33
27
19
9
-1
14
23
-1
-1
-1
-1
-1
-1
-1
-1
-1
-1
-1
-1
-1
-1
-1
30
28
21
10
-1
15
11
-1
-1
-1
-1
-1
-1
-1
-1
-1
-1
-1
-1
-1
-1
-1
36
29
21
6
-1
18
30
-1
-1
-1
-1
-1
-1
-1
-1
-1
-1
-1
-1
-1
-1
-1
45
30
19
-1
-1
24
5
-1
-1
-1
-1
-1
-1
-1
-1
3
-1
-1
-1
-1
-1
-1
45
32
19
-1
-1
25
2
-1
-1
-1
-1
-1
-1
-1
-1
3
-1
-1
-1
-1
-1
15
29
29
23
-1
2
23
6
-1
-1
-1
-1
-1
-1
-1
-1
4
-1
-1
-1
-1
-1
15
34
29
21
-1
4
22
-1
-1
-1
-1
-1
-1
19
-1
-1
-1
-1
-1
-1
-1
-1
20
29
24
22
-1
4
27
-1
-1
-1
-1
-1
-1
29
-1
-1
-1
-1
-1
-1
-1
-1
29
29
-1
48
-1
13
30
-1
-1
-1
-1
-1
5
54
-1
-1
-1
-1
-1
-1
-1
-1
-1
29
-1
-1
-1
15
30
-1
-1
-1
-1
-1
40
-1
-1
4
-1
-1
-1
-1
-1
-1
7
69
-1
-1
26
13
-1
-1
-1
-1
-1
-1
69
30
-1
-1
-1
-1
-1
-1
-1
-1
14
-1
-1
-1
35
26
-1
-1
-1
-1
-1
-1
90
28
-1
-1
-1
-1
-1
-1
-1
-1
74
-1
-1
-1
32
28
-1
-1
-1
-1
-1
-1
91
26
-1
-1
-1
-1
-1
-1
-1
-1
107
-1
-1
53
1
55
-1
-1
-1
-1
-1
-1
92
26
20
-1
-1
-1
-1
-1
-1
68
-1
-1
-1
51
3
-1
-1
-1
-1
-1
-1
-1
92
5
20
-1
-1
-1
-1
-1
-1
121
-1
-1
-1
53
24
-1
-1
-1
-1
-1
-1
-1
95
-1
8
-1
-1
-1
-1
36
-1
158
-1
-1
-1
46
33
-1
-1
-1
-1
-1
-1
92
27
7
-1
-1
-1
-1
-1
36
-1
-1
-1
-1
65
13
34
-1
-1
-1
-1
-1
-1
87
-1
21
-1
-1
-1
-1
-1
30
-1
64
-1
-1
57
13
57
-1
-1
-1
-1
-1
-1
48
-1
22
-1
-1
-1
-1
10
-1
30
66
-1
-1
55
14
-1
-1
-1
-1
-1
-1
-1
-1
-1
-1
-1
-1
-1
-1
-1
-1
34
107
-1
-1
54
42
-1
-1
-1
-1
-1
-1
-1
-1
-1
-1
-1
-1
-1
-1
-1
30
32
-1
-1
-1
50
26
-1
-1
-1
48
-1
-1
-1
-1
-1
-1
-1
-1
-1
6
-1
29
60
-1
-1
-1
45
19
-1
-1
-1
25
-1
-1
-1
-1
-1
-1
-1
-1
-1
-1
-1
29
53
-1
-1
-1
49
30
-1
-1
-1
58
-1
-1
-1
-1
-1
-1
-1
-1
-1
-1
-1
24
-1
-1
-1
-1
74
-1
-1
-1
-1
35
-1
-1
-1
-1
-1
-1
-1
-1
-1
-1
-1
-1
-1
-1
-1
-1
62
-1
-1
-1
-1
31
-1
-1
-1
-1
-1
-1
-1
-1
1
-1
-1
-1
-1
-1
-1
-1
47
-1
-1
-1
-1
-1
-1
-1
-1
-1
-1
-1
-1
-1
2
-1
-1
-1
-1
47
-1
-1
131
-1
-1
-1
5
-1
-1
-1
-1
-1
-1
-1
-1
-1
-1
-1
-1
-1
-1
27
-1
-1
-1
-1
-1
-1
8
-1
-1
-1
-1
-1
-1
-1
-1
-1
-1
-1
-1
-1
-1
43
-1
-1
-1
-1
-1
-1
5
-1
-1
-1
-1
-1
-1
-1
-1
-1
-1
-1
-1
-1
-1
-1
-1
-1
-1
-1
-1
-1
18
-1
-1
-1
-1
-1
-1
-1
-1
1
-1
-1
-1
-1
-1
-1
-1
-1
-1
-1
-1
-1
17
-1
-1
-1
-1
-1
-1
-1
-1
1
-1
-1
-1
-1
-1
-1
-1
-1
-1
-1
-1
-1
-1
-1
-1
-1
-1
-1
-1
-1
-1
-1
-1
-1
-1
-1
-1
-1
-1
-1
-1
-1
-1
77
-1
-1
50
-1
-1
-1
-1
-1
-1
15
-1
-1
-1
-1
-1
-1
-1
-1
-1
-1
-1
154
-1
-1
43
-1
-1
-1
-1
-1
-1
-1
-1
-1
-1
-1
-1
-1
-1
-1
-1
-1
-1
-1
-1
-1
53
-1
-1
-1
-1
-1
29
-1
-1
-1
-1
-1
-1
-1
-1
-1
-1
-1
-1
-1
-1
-1
278
-1
-1
-1
-1
-1
28
-1
-1
-1
-1
-1
-1
-1
-1
-1
-1
-1
-1
-1
-1
-1
-1
-1
-1
-1
-1
-1
30
-1
-1
-1
-1
-1
-1
-1
-1
-1
-1
-1
-1
-1
-1
-1
-1
-1
-1
-1
-1
-1
6
-1
-1
-1
-1
-1
-1
-1
-1
-1
-1
-1
-1
-1
-1
-1
-1
-1
-1
-1
-1
10
-1
-1
-1
-1
-1
-1
-1
-1
-1
-1
-1
-1
-1
-1
-1
-1
-1
-1
-1
-1
-1
-1
-1
-1
-1
-1
-1
-1
-1
-1
-1
-1
-1
-1
-1
-1
-1
-1
-1
-1
-1
-1
-1
-1
-1
-1
-1
-1
-1
-1
-1
-1
-1
-1
-1
161
-1
-1
-1
-1
188
-1
-1
-1
12
-1
-1
-1
-1
-1
-1
-1
-1
-1
-1
-1
-1
21
-1
-1
-1
71
34
-1
-1
-1
7
-1
-1
-1
-1
-1
-1
-1
-1
-1
-1
-1
-1
-1
-1
-1
-1
32
30
-1
-1
-1
22
-1
-1
-1
-1
-1
-1
-1
-1
-1
-1
-1
24
-1
-1
-1
42
30
30
-1
-1
45
-1
-1
-1
-1
-1
-1
-1
-1
-1
-1
-1
-1
28
-1
-1
-1
42
29
35
-1
-1
96
12
-1
-1
-1
-1
-1
-1
-1
-1
-1
-1
17
29
-1
-1
-1
44
27
41
-1
-1
-1
30
-1
-1
-1
-1
-1
-1
-1
-1
-1
-1
67
-1
-1
-1
23
24
27
60
-1
76
30
66
-1
-1
-1
-1
-1
-1
-1
-1
-1
-1
73
-1
-1
-1
24
22
31
61
-1
35
30
-1
-1
-1
-1
-1
-1
-1
-1
-1
-1
-1
88
-1
-1
5
21
23
29
42
-1
70
41
-1
-1
-1
-1
-1
-1
-1
-1
-1
-1
-1
65
-1
-1
5
18
25
27
25
16
-1
33
-1
-1
-1
-1
-1
-1
-1
-1
-1
-1
-1
-1
-1
-1
15
17
24
26
12
-1
35
18
-1
-1
-1
-1
-1
-1
-1
-1
-1
-1
80
-1
-1
-1
13
21
22
27
34
-1
37
-1
-1
-1
-1
-1
-1
-1
-1
-1
-1
39
-1
-1
-1
-1
12
17
21
