0
4095
1517
3179
0
0
1150
0
0
0
0
0
0
0
0
3658
0
0
4
0
0
0
0
4095
1552
2926
0
0
1111
0
0
0
0
0
0
0
0
3391
0
0
0
0
0
0
4095
466
1868
4095
0
0
0
0
0
0
0
0
0
0
0
3564
0
0
0
0
0
0
4095
547
1582
3301
0
0
0
0
0
0
0
0
0
0
1334
1629
1694
0
0
0
0
0
4095
477
1547
3004
0
0
0
0
0
0
0
0
0
0
1324
1716
1717
0
0
0
0
0
4095
461
1794
2206
0
0
0
0
0
0
0
0
0
0
0
3087
649
0
0
0
0
0
4095
511
3481
0
0
0
0
0
0
0
0
0
0
0
1195
1700
0
0
0
0
0
0
716
458
3536
0
0
0
0
0
0
0
0
0
0
0
1244
1081
0
0
0
4095
0
4095
829
444
1800
0
0
0
1298
0
0
0
0
0
0
0
1357
0
0
0
0
4095
0
4095
713
547
650
0
0
0
1314
0
0
0
0
0
0
0
1151
0
0
0
0
4095
0
4095
731
456
651
0
0
0
1220
0
0
0
0
0
0
0
434
0
0
0
0
4095
0
4095
820
544
1759
0
0
0
0
0
0
0
0
0
0
0
45
0
0
0
0
0
0
4095
808
443
0
1447
0
0
0
0
0
0
0
0
0
0
47
0
0
0
0
0
4095
1587
818
459
0
1235
0
0
0
0
0
0
0
0
0
0
334
0
0
0
0
0
4095
1927
716
0
0
851
0
0
0
0
0
0
0
0
0
0
358
0
0
0
0
0
4095
1733
818
0
271
323
0
0
0
0
0
0
0
0
0
0
0
0
0
0
0
0
4095
1722
917
0
246
505
0
0
0
0
0
0
0
0
0
0
0
0
0
0
0
4095
4095
1830
904
0
241
250
0
0
0
0
0
0
0
0
0
0
0
0
0
0
0
1113
4095
1902
833
0
253
163
0
0
0
0
0
0
0
0
0
0
0
0
0
0
0
1117
4095
1794
0
0
386
20
0
0
0
0
0
0
0
0
0
0
0
0
0
0
0
1707
4095
1721
0
0
208
21
0
0
0
0
0
0
0
0
119
0
0
0
0
0
0
1748
4095
2157
0
0
49
0
0
0
0
0
0
0
0
0
255
0
0
0
0
0
653
1146
4095
1826
0
104
16
0
0
0
0
0
0
0
0
0
176
0
0
0
0
0
551
2375
4095
1859
0
119
82
0
0
0
0
0
0
451
0
0
0
0
0
0
0
0
468
4095
4095
433
0
57
195
0
0
0
0
0
0
1639
0
0
0
0
0
0
0
0
62
4095
0
386
0
309
635
0
0
0
0
0
0
1346
0
230
0
0
0
0
0
0
0
4095
0
397
376
638
0
0
0
0
0
0
1073
1529
0
215
0
0
0
0
0
0
0
4095
0
0
575
173
0
0
0
0
0
0
1703
1505
0
255
0
0
0
0
0
0
76
546
0
0
554
128
0
0
0
0
0
0
2305
1417
0
0
0
0
0
0
0
0
675
0
0
0
0
137
0
0
0
0
0
0
3256
1382
0
0
0
0
0
0
0
0
689
0
0
921
68
143
0
0
0
0
0
0
3412
1511
210
0
0
0
0
0
0
0
0
0
0
1992
37
0
0
0
0
0
0
0
3282
780
353
0
0
0
0
0
0
1646
0
0
0
1486
53
0
0
0
0
0
0
0
3218
0
259
0
0
0
0
0
0
2433
0
0
0
1546
0
0
0
0
0
0
0
0
3677
0
0
0
0
0
0
2167
0
0
0
0
1611
265
0
0
0
0
0
0
0
2046
282
342
0
0
0
0
0
2218
0
0
0
0
1758
163
0
0
0
0
0
0
0
1444
0
361
0
0
0
0
70
0
0
2937
0
0
653
102
0
0
0
0
0
0
0
532
0
138
0
0
0
0
12
0
1148
1501
0
0
694
83
0
0
0
0
0
0
0
0
0
0
0
0
0
0
0
653
1252
0
0
0
1488
276
0
0
0
0
0
0
0
0
0
0
0
0
0
0
0
1127
1285
0
0
0
1319
326
0
0
0
0
0
0
0
0
0
0
0
0
0
55
0
1207
187
0
0
0
1248
346
0
0
0
63
0
0
0
0
0
0
0
0
0
0
0
1483
0
0
0
0
1446
0
0
0
0
83
0
0
0
0
0
0
0
0
0
0
0
191
0
0
0
0
543
0
0
0
0
101
0
0
0
0
0
0
0
0
0
0
0
0
0
0
0
0
679
0
0
0
0
38
0
0
0
0
0
0
0
0
30
0
0
0
0
659
0
0
0
0
0
0
16
0
0
0
0
0
0
0
0
0
0
0
0
0
0
315
0
0
0
0
0
0
9
0
0
0
0
0
0
0
0
0
0
0
0
0
0
344
0
0
0
0
0
0
9
0
0
0
0
0
0
0
0
142
0
0
0
0
0
0
0
0
0
0
0
0
0
0
0
0
0
0
0
0
0
0
0
0
0
0
0
0
0
0
0
0
0
0
0
0
0
0
0
0
0
0
0
17
0
0
0
0
0
0
0
0
0
0
0
4095
0
0
0
0
0
0
0
0
0
7
0
0
0
0
0
0
0
0
0
0
0
0
0
0
4095
0
0
0
0
0
0
25
0
0
0
0
0
0
0
0
0
0
0
0
0
0
4095
0
0
0
0
0
0
29
0
0
0
0
0
0
0
0
0
0
0
0
0
0
4095
0
0
0
0
0
84
0
0
0
0
0
0
0
0
0
0
0
0
0
0
0
4095
0
0
0
0
0
83
0
0
0
0
0
0
0
0
0
0
0
0
0
0
0
0
0
0
0
0
0
4095
0
0
0
0
0
0
0
0
0
0
0
0
0
0
0
0
0
0
0
0
4095
25
0
0
0
0
0
0
0
0
0
0
0
0
0
0
0
0
0
0
0
0
4095
0
0
0
0
0
0
0
0
0
0
0
0
0
0
0
0
0
0
0
0
0
4095
0
0
0
0
0
0
0
0
0
0
0
0
0
0
0
0
0
0
0
0
0
0
0
0
0
0
0
0
0
0
0
0
0
4095
0
0
0
0
0
0
0
0
4095
0
0
0
0
0
0
0
0
0
0
0
0
4095
0
0
0
4095
1169
0
0
0
5
0
0
0
0
0
0
0
0
0
0
0
0
4095
0
0
0
4095
1141
0
0
0
30
0
0
0
0
0
0
0
0
0
0
0
52
0
0
0
4095
4095
1184
0
0
190
0
0
0
0
0
0
0
0
0
0
0
0
98
0
0
0
4095
4076
1159
0
0
605
40
0
0
0
0
0
0
0
0
0
0
5
376
0
0
4095
3128
4095
1326
0
0
0
2321
0
0
0
0
0
0
0
0
0
0
106
28
0
0
3636
3297
4095
2635
0
0
1530
1116
0
0
0
0
0
0
0
0
0
0
165
0
0
0
3116
3126
4095
4095
0
1511
2330
0
0
0
0
0
0
0
0
0
0
0
365
0
0
1748
1562
3363
4095
4095
0
1486
1789
0
0
0
0
0
0
0
0
0
0
0
622
0
0
2766
1982
3009
4095
4095
175
0
2449
0
0
0
0
0
0
0
0
0
0
0
0
0
0
3368
1624
2887
4095
4095
211
0
2614
0
0
0
0
0
0
0
0
0
0
679
0
0
0
2948
1526
3438
4095
0
0
1941
0
0
0
0
0
0
0
0
0
0
0
1644
0
0
0
2749
1901
4095
0
0
0
1836
0
0
0
0
0
0
0
1823
0
0
4
0
0
0
0
