-1
-1
-1
-1
-1
-1
-1
-1
-1
-1
-1
40
-1
-1
-1
23
17
23
62
67
-1
35
-1
-1
-1
-1
-1
-1
-1
78
-1
-1
35
-1
-1
-1
-1
24
21
22
-1
-1
-1
67
-1
-1
-1
-1
-1
-1
-1
66
-1
-1
35
-1
-1
-1
-1
23
18
24
-1
-1
-1
99
-1
-1
-1
-1
-1
-1
-1
60
-1
-1
-1
-1
-1
-1
-1
43
17
54
-1
-1
-1
-1
-1
-1
-1
-1
-1
-1
-1
34
30
-1
-1
-1
-1
-1
37
6
21
69
-1
-1
-1
-1
-1
-1
-1
-1
-1
-1
45
30
30
-1
-1
-1
-1
-1
34
5
18
109
-1
-1
-1
-1
-1
-1
-1
-1
-1
-1
-1
31
30
-1
-1
-1
-1
-1
64
6
17
114
-1
-1
-1
-1
-1
-1
-1
-1
-1
-1
-1
59
12
-1
-1
-1
-1
-1
61
5
21
111
-1
-1
-1
-1
-1
-1
-1
-1
-1
-1
24
29
-1
-1
-1
-1
-1
-1
55
5
18
126
-1
-1
-1
-1
-1
-1
-1
-1
-1
-1
22
18
-1
-1
-1
73
-1
-1
24
6
17
-1
-1
-1
-1
-1
-1
-1
-1
-1
-1
-1
22
-1
-1
-1
-1
51
-1
19
9
5
71
-1
-1
-1
162
-1
-1
-1
-1
-1
-1
-1
25
-1
-1
-1
-1
44
-1
18
7
5
71
-1
-1
-1
75
-1
-1
-1
-1
-1
-1
-1
11
-1
-1
-1
-1
64
-1
18
8
6
36
-1
-1
-1
169
-1
-1
-1
-1
-1
-1
-1
-1
-1
-1
-1
-1
-1
-1
42
9
5
54
-1
120
-1
-1
-1
-1
-1
-1
-1
-1
-1
-1
-1
-1
-1
-1
-1
57
20
7
6
-1
23
-1
-1
-1
-1
-1
-1
-1
-1
-1
-1
22
-1
-1
-1
-1
-1
58
18
8
20
-1
52
-1
-1
-1
-1
-1
-1
-1
-1
-1
-1
24
-1
-1
-1
-1
-1
60
18
9
16
-1
47
-1
-1
-1
-1
-1
-1
-1
-1
-1
-1
4
-1
-1
-1
-1
-1
61
19
7
-1
17
38
-1
-1
-1
-1
-1
-1
-1
-1
-1
-1
-1
-1
-1
-1
-1
30
27
20
8
-1
14
36
-1
-1
-1
-1
-1
-1
-1
-1
-1
-1
-1
-1
-1
-1
-1
30
28
18
9
-1
13
25
-1
-1
-1
-1
-1
-1
-1
-1
-1
-1
-1
-1
-1
-1
-1
30
28
18
8
-1
15
22
-1
-1
-1
-1
-1
-1
-1
-1
-1
-1
-1
-1
-1
-1
-1
46
28
21
1
-1
13
18
-1
-1
-1
-1
-1
-1
-1
-1
2
-1
-1
-1
-1
-1
-1
51
31
19
-1
-1
13
18
-1
-1
-1
-1
-1
-1
-1
-1
3
-1
-1
-1
-1
-1
-1
44
28
19
-1
-1
15
1
-1
-1
-1
-1
-1
-1
-1
-1
2
-1
-1
-1
-1
-1
15
30
28
18
-1
4
13
5
-1
-1
-1
-1
-1
7
-1
-1
-1
-1
-1
-1
-1
-1
16
30
33
22
-1
4
13
-1
-1
-1
-1
-1
-1
28
-1
-1
-1
-1
-1
-1
-1
-1
38
30
-1
19
-1
1
23
-1
-1
-1
-1
-1
-1
33
-1
-1
-1
-1
-1
-1
-1
-1
-1
30
-1
42
-1
3
38
-1
-1
-1
-1
-1
23
25
3
-1
-1
-1
-1
-1
-1
-1
-1
42
-1
-1
-1
3
-1
-1
-1
-1
-1
-1
65
27
3
-1
-1
-1
-1
-1
-1
-1
10
59
-1
-1
28
4
-1
-1
-1
-1
-1
-1
165
28
-1
-1
-1
-1
-1
-1
-1
-1
31
-1
-1
-1
34
28
-1
-1
-1
-1
-1
-1
-1
25
-1
-1
-1
-1
-1
-1
-1
-1
129
-1
-1
-1
28
23
-1
-1
-1
-1
-1
-1
98
25
8
-1
-1
-1
-1
-1
-1
60
-1
-1
-1
53
12
51
-1
-1
-1
-1
-1
-1
100
15
19
-1
-1
-1
-1
-1
-1
118
-1
-1
-1
51
15
-1
-1
-1
-1
-1
-1
-1
92
-1
19
-1
-1
-1
-1
31
-1
170
-1
-1
-1
51
46
-1
-1
-1
-1
-1
-1
-1
119
-1
-1
-1
-1
-1
-1
47
-1
-1
-1
-1
61
27
44
-1
-1
-1
-1
-1
-1
-1
6
20
-1
-1
-1
-1
-1
31
-1
-1
-1
-1
91
22
43
-1
-1
-1
-1
-1
-1
89
-1
20
-1
-1
-1
-1
5
30
-1
93
-1
-1
58
22
77
-1
-1
-1
-1
-1
-1
65
-1
8
-1
-1
-1
-1
5
-1
30
63
-1
-1
58
26
-1
-1
-1
-1
-1
-1
-1
-1
-1
-1
-1
-1
-1
-1
-1
18
30
88
-1
-1
62
59
-1
-1
-1
-1
-1
-1
-1
-1
-1
-1
-1
-1
-1
-1
-1
30
30
-1
-1
-1
56
36
-1
-1
-1
-1
-1
-1
-1
-1
-1
-1
-1
-1
-1
9
-1
33
59
-1
-1
-1
47
52
-1
-1
-1
42
-1
-1
-1
-1
-1
-1
-1
-1
-1
-1
-1
33
-1
-1
-1
-1
76
-1
-1
-1
-1
46
-1
-1
-1
-1
-1
-1
-1
-1
-1
-1
-1
-1
-1
-1
-1
-1
32
-1
-1
-1
-1
49
-1
-1
-1
-1
-1
-1
-1
-1
-1
-1
-1
-1
-1
-1
109
-1
17
-1
-1
-1
-1
33
-1
-1
-1
-1
-1
-1
-1
-1
4
-1
-1
-1
-1
10
-1
-1
18
-1
-1
-1
-1
15
-1
-1
-1
-1
-1
-1
-1
-1
-1
-1
-1
-1
-1
16
-1
-1
127
-1
-1
-1
8
-1
-1
-1
-1
-1
-1
-1
-1
-1
-1
-1
-1
-1
-1
43
-1
-1
-1
-1
-1
-1
7
-1
-1
-1
-1
-1
-1
-1
-1
-1
-1
-1
-1
-1
-1
-1
-1
-1
-1
-1
-1
-1
3
-1
-1
-1
-1
-1
-1
-1
-1
-1
-1
-1
-1
-1
-1
-1
-1
-1
-1
-1
-1
-1
28
-1
-1
-1
-1
-1
-1
-1
-1
2
-1
-1
-1
-1
-1
-1
-1
-1
-1
-1
-1
-1
-1
-1
-1
-1
-1
-1
-1
-1
-1
-1
-1
-1
-1
-1
-1
-1
-1
-1
-1
-1
-1
-1
-1
-1
-1
-1
-1
-1
-1
-1
-1
32
-1
-1
-1
-1
-1
-1
-1
-1
-1
-1
-1
182
-1
-1
53
-1
-1
-1
-1
-1
-1
43
-1
-1
-1
-1
-1
-1
-1
-1
-1
-1
-1
-1
-1
-1
36
-1
-1
-1
-1
-1
-1
-1
-1
-1
-1
-1
-1
-1
-1
-1
-1
-1
-1
-1
-1
-1
58
-1
-1
-1
-1
-1
22
-1
-1
-1
-1
-1
-1
-1
-1
-1
-1
-1
-1
-1
-1
-1
280
-1
-1
-1
-1
-1
24
-1
-1
-1
-1
-1
-1
-1
-1
-1
-1
-1
-1
-1
-1
-1
-1
-1
-1
-1
-1
-1
17
-1
-1
-1
-1
-1
-1
-1
-1
-1
-1
-1
-1
-1
-1
-1
-1
-1
-1
-1
-1
4
-1
-1
-1
-1
-1
-1
-1
-1
-1
-1
-1
-1
-1
-1
-1
-1
-1
-1
-1
-1
-1
4
-1
-1
-1
-1
-1
-1
-1
-1
-1
-1
-1
-1
-1
-1
-1
-1
-1
-1
-1
-1
-1
-1
-1
-1
-1
-1
-1
-1
-1
-1
-1
-1
-1
150
-1
-1
-1
-1
-1
-1
-1
-1
10
-1
-1
-1
-1
-1
-1
-1
-1
-1
-1
-1
-1
17
-1
-1
-1
-1
191
-1
-1
-1
4
-1
-1
-1
-1
-1
-1
-1
-1
-1
-1
-1
-1
8
-1
-1
-1
55
30
-1
-1
-1
15
-1
-1
-1
-1
-1
-1
-1
-1
-1
-1
-1
13
-1
-1
-1
-1
67
30
-1
-1
-1
30
-1
-1
-1
-1
-1
-1
-1
-1
-1
-1
-1
26
-1
-1
-1
36
28
30
42
-1
-1
30
-1
-1
-1
-1
-1
-1
-1
-1
-1
-1
10
22
-1
-1
-1
38
28
34
-1
-1
-1
67
-1
-1
-1
-1
-1
-1
-1
-1
-1
-1
57
12
-1
-1
16
23
28
42
-1
-1
-1
62
-1
-1
-1
-1
-1
-1
-1
-1
-1
-1
67
-1
-1
-1
20
26
31
53
-1
70
33
-1
-1
-1
-1
-1
-1
-1
-1
-1
-1
-1
77
-1
-1
-1
24
24
31
59
-1
35
30
-1
-1
-1
-1
-1
-1
-1
-1
-1
-1
-1
74
-1
-1
5
17
23
29
52
-1
77
48
-1
-1
-1
-1
-1
-1
-1
-1
-1
-1
50
-1
-1
-1
8
20
24
28
30
-1
-1
30
-1
-1
-1
-1
-1
-1
-1
-1
-1
-1
43
-1
-1
-1
23
18
24
27
22
-1
35
30
