0
0
0
0
0
0
0
636
-94
2
2
0
0
0
3750
0
0
0
0
189
0
0
0
0
0
0
0
0
0
680
1663
2
0
0
0
0
3710
0
0
0
0
0
576
0
0
0
0
0
0
0
0
0
0
3
0
0
0
843
3796
0
0
0
0
0
1789
0
0
0
0
0
0
0
0
0
0
0
0
0
0
2301
3936
0
0
0
0
0
0
0
0
0
0
0
0
0
214
0
0
0
0
0
0
2784
0
0
0
0
0
0
0
0
0
0
0
0
0
0
0
0
0
0
0
0
143
3641
0
0
0
0
0
0
0
0
0
0
0
0
0
0
0
0
0
0
0
0
2281
3897
0
0
0
0
0
0
0
0
0
0
0
0
0
0
1412
0
0
0
0
0
2000
3892
0
0
0
0
0
0
0
0
0
0
0
0
0
0
0
0
0
0
0
-3814
2444
3869
0
0
0
0
0
0
0
0
0
0
0
0
0
0
0
0
0
0
0
4681
0
1414
0
0
0
0
0
0
558
0
0
0
0
0
0
0
0
0
0
0
0
0
0
0
0
0
0
0
0
1714
1120
0
0
0
0
0
0
0
0
0
0
0
0
0
0
0
0
0
0
0
0
594
0
0
0
0
0
0
0
0
0
0
0
0
0
0
0
0
0
0
0
0
0
604
0
0
0
0
0
0
0
0
0
0
0
0
0
0
3377
0
0
0
0
0
474
0
0
0
0
0
0
0
0
0
0
0
0
0
0
2136
0
0
0
0
0
0
0
0
0
0
0
0
0
0
0
0
0
0
0
0
0
2108
0
0
0
0
0
0
0
0
0
0
0
0
0
0
0
0
0
0
0
0
0
2237
0
0
0
0
0
0
0
0
0
0
0
0
0
0
0
0
0
0
0
0
0
1986
0
0
0
0
0
0
0
0
0
0
0
0
0
0
0
0
0
0
0
0
0
0
0
0
0
0
0
0
0
0
0
0
0
0
0
0
0
0
0
0
0
0
0
0
0
0
0
0
0
0
0
0
0
0
0
0
0
0
0
0
0
0
0
0
0
0
0
0
0
0
0
0
0
0
0
0
0
0
0
0
0
0
0
0
0
0
577
0
0
0
0
0
0
0
0
0
0
0
0
0
109
109
0
0
0
0
0
0
627
0
0
0
0
0
0
0
0
0
0
0
0
0
187
187
0
0
0
0
0
0
574
0
0
0
0
0
0
0
0
0
0
0
0
0
112
112
0
0
0
0
0
0
0
0
0
0
0
0
0
0
0
0
0
0
0
0
0
0
0
0
0
0
0
0
0
0
0
0
0
0
0
0
0
0
0
0
0
0
0
0
0
0
0
0
0
0
0
0
0
0
0
0
0
0
0
0
0
0
0
0
0
0
0
0
0
0
0
0
0
0
0
0
0
0
0
0
0
0
0
0
0
0
0
0
0
0
0
0
0
0
19
0
0
0
0
0
0
0
0
0
0
1
0
0
0
0
0
0
0
0
0
6
0
0
0
351
0
0
0
0
0
0
2
2
0
0
0
0
0
0
0
0
0
90
0
0
0
359
0
0
0
0
0
0
7
1498
0
0
0
0
0
0
0
0
12
183
0
0
0
391
0
0
0
0
0
0
0
0
0
0
0
0
0
0
0
0
64
0
0
0
539
0
0
0
0
0
0
0
3
1473
0
0
0
0
0
0
0
0
62
0
0
0
527
0
0
0
0
0
0
0
4
1658
0
0
0
0
0
0
0
0
0
0
0
0
534
0
0
0
0
0
0
0
4
1434
0
0
0
0
0
0
0
0
0
0
0
530
0
0
0
0
0
0
0
611
613
2025
0
0
0
0
0
0
0
0
0
0
620
1120
0
0
0
0
0
0
0
709
710
0
0
0
0
0
0
0
0
0
0
918
0
531
0
0
0
0
0
0
0
0
4
0
0
0
0
0
0
0
0
0
0
0
0
565
0
0
0
0
0
0
0
0
0
0
0
0
0
0
0
0
0
0
0
0
0
574
0
0
0
0
0
0
0
0
0
0
0
0
0
0
0
0
0
0
0
0
0
539
0
0
0
0
0
0
0
0
0
0
0
0
0
0
0
0
0
0
0
0
0
521
0
0
0
0
0
0
0
0
0
0
0
0
0
0
0
0
0
0
0
0
585
1130
0
0
0
0
0
0
0
0
0
0
0
0
0
0
0
0
0
0
0
0
0
87
0
0
0
0
0
0
0
0
0
0
0
0
0
0
0
0
0
0
0
572
509
0
0
0
0
0
0
0
0
0
0
0
0
0
0
0
0
0
0
0
0
0
0
0
0
0
0
0
4
0
0
0
0
0
0
0
0
0
0
0
0
0
0
0
0
0
0
0
0
0
0
0
0
0
0
0
0
0
0
0
0
0
0
0
34
0
0
0
0
0
0
0
0
0
0
0
0
0
0
0
0
0
0
0
0
0
0
0
0
0
0
0
0
0
0
0
0
0
0
0
0
0
0
0
0
0
0
0
0
0
0
0
0
0
0
0
0
0
0
0
0
0
0
0
0
0
0
0
0
0
0
0
0
0
0
0
0
0
0
0
0
0
0
0
0
0
0
0
0
0
0
0
0
0
0
0
0
0
0
0
0
0
-4116
0
0
0
0
0
0
0
0
0
0
0
0
0
0
0
0
0
0
0
0
0
5575
0
0
0
0
0
0
0
0
0
0
0
0
0
0
0
0
0
0
0
0
649
0
0
0
0
0
0
0
0
0
0
0
0
0
0
0
0
0
0
0
0
0
1953
0
0
0
0
0
0
0
0
0
0
0
0
0
0
0
0
0
0
0
0
560
2320
0
0
0
0
0
0
0
0
0
0
0
0
0
0
0
0
0
0
0
0
0
0
0
0
0
0
0
0
0
0
0
0
0
0
0
0
0
0
0
0
0
0
0
0
0
0
0
0
0
0
0
0
0
0
0
0
0
0
0
0
0
0
0
0
0
0
0
0
0
0
0
0
0
0
0
0
0
0
0
0
0
0
0
0
0
0
-3497
-8188
-7942
0
0
0
0
0
0
0
0
0
0
0
0
0
0
0
0
0
0
0
5528
-7210
-6439
0
0
0
0
0
0
0
0
0
0
0
0
0
0
0
0
0
0
0
464
19740
16275
0
0
0
0
0
0
0
0
0
0
0
0
0
0
0
0
0
0
0
1798
0
0
0
0
5
0
0
0
0
0
0
0
0
0
0
0
0
0
0
0
585
1715
0
0
0
0
28
0
0
0
0
0
0
0
0
0
0
0
0
0
0
0
1977
0
0
0
0
0
170
0
0
0
0
0
0
0
0
0
6
6
0
0
0
0
2245
0
0
0
0
0
498
0
0
0
0
0
0
0
0
5
12
83
0
0
0
1269
0
0
0
0
0
0
1079
0
0
0
0
0
0
0
0
1
9
109
0
0
0
1470
0
0
0
0
0
74
0
0
0
0
0
0
0
0
0
4
289
316
0
0
0
1786
0
0
0
0
0
0
0
0
0
0
0
0
0
0
0
2
564
564
0
0
0
0
0
0
0
0
0
0
0
0
0
0
0
0
0
0
0
3
118
0
0
0
599
0
0
0
0
0
0
0
0
0
0
0
0
0
0
0
-44
4
5
0
0
0
3305
0
0
0
0
0
0
0
0
