0
0
0
0
0
1225
6
191
0
0
0
0
2377
0
0
0
0
0
0
0
0
0
0
0
0
0
0
0
0
2
0
0
0
0
2586
0
0
0
0
0
921
0
0
0
0
0
0
0
0
0
0
5
0
0
0
2181
3817
0
0
0
0
617
0
0
0
0
0
0
0
0
0
0
0
0
0
0
0
2868
0
0
0
0
0
1331
0
0
0
0
0
0
0
0
0
0
0
0
0
0
0
3634
0
0
0
0
0
0
0
0
0
0
0
0
0
0
0
0
0
0
0
0
1160
3720
0
0
0
0
0
0
0
0
0
0
0
0
0
0
0
0
0
0
0
0
2285
3833
0
0
0
0
0
0
0
0
0
0
0
0
0
0
0
0
0
0
0
0
2125
3866
0
0
0
0
0
0
0
0
0
0
0
0
0
286
0
0
0
0
0
-5901
2971
3809
0
0
0
0
0
0
158
0
0
0
0
0
0
309
0
0
0
0
0
7041
0
0
0
0
0
0
0
0
342
0
0
0
0
0
0
316
0
0
0
0
0
0
0
0
0
0
0
0
0
1914
546
0
0
0
0
0
0
281
0
0
0
0
0
0
0
0
0
0
0
0
0
651
0
0
0
0
0
0
0
261
0
0
0
0
0
0
3354
0
0
0
0
0
582
0
0
0
0
0
0
0
0
224
0
0
0
0
0
1926
0
0
0
0
0
0
0
0
0
0
0
0
0
0
0
226
0
0
0
0
0
1993
0
0
0
0
0
0
0
0
0
0
0
0
0
0
0
174
0
0
0
0
0
2041
0
0
0
0
0
0
0
0
0
0
0
0
0
0
0
0
0
0
0
0
0
2057
0
0
0
0
0
0
0
0
0
0
0
0
0
0
0
0
0
0
0
0
0
2120
0
0
0
0
0
0
0
0
0
0
0
0
0
0
0
0
0
0
0
0
0
0
0
0
0
0
0
0
0
0
0
0
0
0
0
0
0
0
0
0
0
0
0
0
0
0
0
0
0
0
0
0
0
0
0
0
0
0
0
0
0
0
0
0
75
0
0
0
0
0
0
0
0
0
0
0
0
0
0
0
0
0
0
0
0
0
542
0
0
0
0
0
0
0
0
0
0
0
0
0
0
0
0
0
0
0
0
0
541
0
0
0
0
0
0
0
0
0
0
0
0
0
0
0
0
0
0
0
0
0
0
0
0
0
0
0
0
0
0
0
0
0
0
0
0
0
0
0
0
0
0
0
0
0
0
0
0
0
0
0
0
0
0
0
0
0
0
0
0
0
0
0
0
0
0
0
0
0
0
0
0
0
0
0
0
0
0
0
0
0
0
0
0
0
0
0
0
0
0
0
0
0
0
0
0
0
0
0
0
0
0
0
0
0
0
0
0
0
0
0
0
0
0
0
0
0
0
0
0
1
0
0
0
0
0
0
0
0
0
0
0
0
0
0
0
0
0
0
0
0
0
1
0
0
0
0
0
0
0
0
0
5
0
0
0
237
0
0
0
0
0
0
3
3
0
0
0
0
0
0
0
0
0
78
0
0
0
239
0
0
0
0
0
0
4
624
0
0
0
0
0
0
0
0
14
178
0
0
388
0
0
0
0
0
0
0
2
1712
0
0
0
0
0
0
0
0
0
0
0
0
431
0
0
0
0
0
0
0
4
1750
0
0
0
0
0
0
0
0
206
176
0
0
403
0
0
0
0
0
0
0
4
1696
0
0
0
0
0
0
0
0
0
0
0
0
367
0
0
0
0
0
0
1
3
1705
0
0
0
0
0
0
0
0
0
0
0
516
0
0
0
0
0
0
0
576
580
0
0
0
0
0
0
0
0
0
0
0
0
458
0
0
0
0
0
0
0
632
637
0
0
0
0
0
0
0
0
0
0
0
0
468
0
0
0
0
0
0
93
94
97
0
0
0
0
0
0
0
0
0
0
0
0
467
0
0
0
0
0
0
0
0
0
0
0
0
0
0
0
0
0
0
0
0
621
0
0
0
0
0
0
0
221
1
0
0
0
0
0
0
0
0
0
0
0
0
1158
0
0
0
0
0
0
0
0
0
0
0
0
0
0
0
0
0
0
0
0
0
0
0
0
0
0
0
0
0
0
0
0
0
0
0
0
0
0
0
0
0
0
0
544
1038
0
0
0
0
0
0
0
0
0
0
0
0
0
0
0
0
0
0
0
535
1069
0
0
0
0
0
0
0
0
0
0
0
0
0
0
0
0
0
0
0
0
0
534
0
0
0
0
0
0
0
0
0
0
0
0
0
0
0
0
0
0
0
0
549
0
0
0
0
0
0
0
0
0
0
0
0
0
0
0
0
0
0
0
0
0
0
0
0
0
0
0
0
0
0
0
0
0
0
0
0
0
0
0
0
0
0
2
0
0
0
0
0
0
0
0
0
0
0
0
0
0
0
0
0
0
0
0
0
0
0
0
0
0
0
0
0
0
0
0
0
0
0
0
0
0
0
0
0
0
0
0
0
0
0
0
0
0
0
0
0
0
0
0
0
0
0
0
0
0
0
0
0
0
0
0
0
0
0
0
0
0
0
0
0
0
0
0
0
0
0
0
0
0
0
0
0
0
0
0
0
0
0
0
0
-4044
0
0
0
0
0
0
0
0
0
0
0
0
0
0
0
0
0
0
0
0
0
5873
0
0
0
0
0
0
0
0
0
0
0
0
0
0
0
0
0
0
0
0
1343
0
0
0
0
0
0
0
0
0
0
0
0
0
0
0
0
0
0
0
0
0
2072
0
0
0
0
0
0
0
0
0
0
0
0
0
0
0
0
0
0
0
0
816
2520
0
0
0
0
0
0
0
0
0
0
0
0
0
0
0
0
0
0
0
0
0
0
0
0
0
0
0
0
0
0
0
0
0
0
0
0
0
0
0
0
0
0
0
0
0
0
0
0
0
0
0
0
0
0
0
0
0
0
0
0
0
0
0
0
0
0
0
0
0
0
0
0
0
0
0
0
0
0
0
0
0
0
0
0
0
0
-4494
-7034
-5891
0
0
0
0
0
0
0
0
0
0
0
0
0
0
0
0
0
0
0
6090
-6855
-4633
0
0
0
0
0
0
0
0
0
0
0
0
0
0
0
0
0
0
0
-6882
-6425
-2393
0
0
0
0
0
0
0
0
0
0
0
0
0
0
0
0
0
0
426
8973
24336
20799
0
0
14
0
0
0
0
0
0
0
0
0
0
0
0
0
0
0
2492
0
0
0
0
0
0
0
0
0
0
0
0
0
0
0
1
1
1
0
0
0
2659
0
0
0
0
8
0
0
0
0
0
0
0
0
0
0
5
5
0
0
0
0
2268
0
0
0
0
162
0
0
0
0
0
0
0
0
0
3
14
14
0
0
0
1508
0
0
0
0
0
0
0
0
0
0
0
0
0
0
0
3
11
11
0
0
0
1470
0
0
0
0
0
796
0
0
0
0
0
0
0
0
0
2
341
341
0
0
0
0
0
0
0
0
230
0
0
0
0
0
0
0
0
0
0
5
657
657
0
0
0
0
0
0
0
0
0
0
0
0
0
0
0
0
0
0
0
0
0
0
0
0
2353
0
0
0
0
0
0
0
0
0
0
0
0
0
0
0
0
3
94
0
0
0
2628
0
0
0
0
0
0
0
0
0
0
