32
34
-1
30
-1
-1
-1
-1
-1
-1
-1
-1
146
-1
-1
30
-1
-1
-1
28
13
27
33
-1
-1
64
-1
-1
-1
-1
-1
-1
-1
-1
60
-1
-1
-1
-1
-1
-1
30
12
22
36
-1
-1
158
-1
-1
-1
-1
-1
-1
-1
20
60
-1
-1
-1
-1
-1
-1
24
15
21
70
-1
-1
-1
-1
-1
-1
-1
-1
-1
-1
25
30
25
-1
-1
-1
-1
-1
40
12
23
-1
-1
-1
-1
-1
-1
-1
-1
-1
-1
-1
25
32
35
-1
-1
-1
-1
-1
54
13
19
-1
-1
-1
-1
-1
-1
-1
-1
-1
-1
-1
25
34
-1
-1
-1
-1
-1
-1
40
9
115
-1
-1
-1
-1
-1
-1
-1
-1
-1
-1
-1
31
30
-1
-1
-1
-1
-1
40
3
9
112
-1
-1
-1
-1
-1
-1
-1
-1
-1
-1
-1
28
12
-1
-1
-1
81
-1
13
3
10
126
-1
-1
-1
-1
-1
-1
-1
-1
-1
-1
-1
27
-1
-1
-1
-1
55
-1
14
3
9
77
-1
-1
-1
-1
-1
-1
-1
-1
-1
-1
-1
28
-1
-1
-1
-1
80
-1
13
4
9
82
-1
-1
189
-1
-1
-1
-1
-1
-1
-1
-1
2
-1
-1
-1
-1
-1
-1
36
5
9
71
58
-1
74
-1
-1
-1
-1
-1
-1
-1
2
-1
-1
-1
-1
39
-1
21
13
5
9
-1
76
-1
103
-1
-1
-1
-1
-1
-1
-1
2
12
-1
-1
-1
-1
-1
48
15
6
7
-1
77
-1
-1
-1
-1
-1
-1
-1
-1
-1
-1
20
-1
-1
-1
-1
-1
48
13
5
-1
-1
64
-1
-1
-1
-1
-1
-1
-1
-1
-1
-1
16
-1
-1
-1
-1
-1
70
14
5
-1
-1
46
-1
-1
-1
-1
-1
-1
-1
-1
-1
6
-1
-1
-1
-1
-1
53
21
16
6
-1
18
32
-1
-1
-1
-1
-1
-1
-1
-1
-1
17
-1
-1
-1
-1
-1
51
21
16
5
-1
18
23
-1
-1
-1
-1
-1
-1
-1
-1
-1
17
-1
-1
-1
-1
-1
51
25
16
4
-1
19
46
-1
-1
-1
-1
-1
-1
-1
-1
-1
-1
-1
-1
-1
-1
-1
53
21
19
-1
-1
20
-1
-1
-1
-1
-1
-1
-1
-1
-1
-1
-1
-1
-1
-1
-1
36
25
21
17
-1
-1
18
-1
-1
-1
-1
-1
-1
-1
-1
-1
-1
-1
-1
-1
-1
-1
32
28
21
17
-1
1
18
1
-1
-1
-1
-1
-1
-1
-1
-1
-1
-1
-1
-1
-1
-1
32
29
26
20
-1
9
21
-1
-1
-1
-1
-1
-1
-1
-1
-1
-1
-1
-1
-1
-1
-1
31
27
21
15
-1
6
19
-1
-1
-1
-1
-1
-1
15
-1
-1
-1
-1
-1
-1
-1
-1
31
26
19
15
-1
8
20
-1
-1
-1
-1
-1
-1
50
-1
-1
-1
-1
-1
-1
-1
-1
31
54
16
33
-1
9
14
-1
-1
-1
-1
-1
-1
-1
-1
-1
-1
-1
-1
-1
-1
-1
28
-1
20
-1
2
8
22
-1
-1
-1
-1
-1
47
-1
-1
-1
-1
-1
-1
-1
-1
-1
42
-1
37
-1
5
8
-1
-1
-1
-1
-1
-1
65
23
-1
-1
-1
-1
-1
-1
-1
-1
35
-1
61
-1
3
32
-1
-1
-1
-1
-1
-1
77
27
-1
-1
-1
-1
-1
-1
-1
-1
50
-1
-1
15
4
68
-1
-1
-1
-1
-1
-1
106
23
-1
-1
-1
-1
-1
-1
-1
-1
147
-1
-1
41
5
-1
-1
-1
-1
-1
-1
-1
111
24
-1
-1
-1
-1
-1
-1
-1
-1
-1
-1
-1
42
31
-1
-1
-1
-1
-1
-1
-1
105
-1
-1
-1
-1
-1
-1
-1
-1
-1
-1
-1
-1
69
48
-1
-1
-1
-1
-1
-1
-1
110
-1
-1
-1
-1
-1
-1
-1
166
-1
-1
-1
49
16
41
-1
-1
-1
-1
-1
-1
96
30
14
-1
-1
-1
-1
-1
30
94
-1
-1
-1
53
19
85
-1
-1
-1
-1
-1
-1
96
-1
24
-1
-1
-1
-1
-1
60
172
-1
-1
-1
49
18
-1
-1
-1
-1
-1
-1
-1
75
-1
18
-1
-1
-1
-1
12
-1
-1
-1
-1
-1
83
53
-1
-1
-1
-1
-1
-1
-1
21
-1
-1
-1
-1
-1
-1
-1
34
67
-1
-1
62
22
61
-1
-1
-1
-1
-1
-1
-1
-1
-1
-1
-1
-1
-1
-1
-1
32
67
-1
-1
59
26
54
-1
-1
-1
-1
-1
5
-1
-1
-1
-1
-1
-1
-1
10
-1
30
67
-1
-1
61
22
46
-1
-1
-1
56
-1
-1
-1
-1
-1
-1
-1
-1
-1
-1
12
30
64
-1
-1
58
19
-1
-1
-1
-1
51
-1
-1
-1
-1
-1
-1
-1
-1
-1
-1
30
30
-1
-1
-1
58
28
-1
-1
-1
-1
34
-1
-1
-1
-1
-1
-1
-1
-1
-1
-1
70
-1
-1
-1
-1
66
24
-1
-1
-1
-1
15
-1
-1
-1
-1
-1
-1
-1
-1
8
-1
-1
-1
-1
-1
-1
32
24
-1
-1
-1
25
-1
-1
-1
-1
-1
-1
-1
-1
-1
-1
-1
-1
-1
-1
77
-1
-1
31
-1
-1
-1
39
-1
-1
-1
-1
-1
-1
-1
-1
-1
-1
-1
-1
-1
-1
32
-1
2
-1
-1
-1
-1
35
-1
-1
-1
-1
-1
-1
-1
-1
-1
-1
-1
-1
-1
-1
55
-1
82
-1
-1
-1
-1
22
-1
-1
-1
-1
-1
-1
-1
-1
1
-1
-1
-1
-1
-1
-1
-1
-1
-1
-1
-1
-1
-1
-1
-1
-1
-1
-1
-1
-1
-1
1
-1
-1
-1
-1
-1
-1
-1
-1
-1
-1
-1
8
-1
-1
-1
-1
-1
-1
-1
-1
-1
-1
-1
-1
-1
-1
-1
-1
-1
-1
-1
-1
-1
23
-1
-1
-1
-1
-1
-1
-1
-1
-1
-1
-1
-1
-1
-1
-1
-1
-1
-1
-1
-1
-1
22
-1
-1
45
-1
-1
-1
-1
-1
-1
-1
-1
-1
-1
-1
-1
-1
-1
-1
-1
-1
-1
65
-1
-1
38
-1
-1
-1
-1
-1
10
-1
-1
-1
-1
-1
-1
-1
-1
-1
-1
-1
-1
-1
-1
-1
77
-1
-1
-1
-1
-1
33
-1
-1
-1
-1
-1
-1
-1
-1
-1
-1
-1
-1
-1
-1
49
-1
-1
-1
-1
-1
-1
39
-1
-1
-1
-1
-1
-1
-1
-1
-1
-1
-1
-1
-1
-1
255
-1
-1
-1
-1
-1
-1
27
-1
-1
-1
-1
-1
-1
-1
-1
-1
-1
-1
-1
-1
-1
-1
-1
-1
-1
-1
-1
-1
-1
-1
-1
-1
-1
-1
-1
-1
-1
-1
-1
-1
-1
-1
-1
-1
-1
-1
-1
-1
-1
21
-1
-1
-1
-1
-1
-1
-1
-1
-1
-1
-1
-1
-1
-1
-1
-1
-1
-1
-1
-1
-1
10
-1
-1
-1
-1
-1
-1
-1
-1
-1
-1
-1
-1
-1
-1
-1
-1
-1
-1
-1
-1
-1
-1
-1
-1
-1
-1
-1
-1
-1
-1
-1
-1
-1
-1
-1
-1
-1
-1
-1
-1
-1
-1
10
-1
-1
-1
-1
-1
-1
-1
-1
-1
-1
-1
-1
-1
-1
-1
-1
-1
-1
-1
-1
-1
-1
-1
-1
-1
-1
-1
-1
-1
-1
-1
-1
-1
-1
-1
-1
-1
-1
154
-1
-1
-1
3
-1
-1
-1
-1
-1
-1
-1
-1
-1
-1
-1
-1
61
-1
-1
-1
165
29
15
-1
-1
15
-1
-1
-1
-1
-1
-1
-1
-1
-1
-1
-1
-1
6
-1
-1
-1
50
30
14
-1
-1
30
-1
-1
-1
-1
-1
-1
-1
-1
-1
-1
-1
-1
6
-1
-1
-1
56
34
18
-1
-1
30
-1
-1
-1
-1
-1
-1
-1
-1
-1
-1
-1
59
3
-1
-1
-1
56
30
56
-1
-1
30
-1
-1
-1
-1
-1
-1
-1
-1
-1
-1
-1
61
-1
-1
-1
30
29
29
-1
-1
-1
54
-1
-1
-1
-1
-1
-1
-1
-1
-1
-1
-1
89
-1
-1
-1
27
29
34
-1
91
-1
34
-1
-1
-1
-1
-1
-1
-1
-1
-1
-1
-1
69
-1
-1
13
23
29
29
9
69
-1
33
-1
-1
-1
-1
-1
-1
-1
-1
-1
-1
-1
-1
-1
-1
29
24
35
31
7
61
31
25
-1
-1
-1
-1
-1
-1
-1
-1
-1
-1
-1
-1
-1
-1
25
25
29
32
-1
-1
30
-1
-1
-1
-1
-1
-1
-1
-1
-1
-1
102
-1
-1
-1
-1
25
22
29
24
-1
30
30
-1
-1
-1
-1
-1
-1
-1
12
-1
-1
31
-1
-1
-1
-1
28
22
29
