3170
0
1325
441
0
0
0
0
0
0
0
2963
0
0
2
0
0
0
0
4095
2224
4095
0
0
1504
0
0
0
0
0
0
0
0
3067
0
0
2
0
0
0
4095
256
2128
4095
0
0
1067
0
0
0
0
0
0
0
277
3394
0
0
0
0
0
0
4095
285
2451
4095
0
0
0
0
0
0
0
0
0
0
1374
1819
1375
0
0
0
0
0
4095
456
2124
1320
0
0
0
0
0
0
0
0
0
0
1393
1729
1375
0
0
0
0
0
4095
847
2093
1363
0
0
0
0
0
0
0
0
0
0
1483
1731
1123
0
0
0
0
0
4095
1234
4057
0
0
0
0
0
0
0
0
0
0
0
1767
1692
0
0
0
0
0
0
4095
1191
4077
0
0
0
0
0
0
0
0
0
0
0
1581
1675
0
0
0
0
0
4095
1360
1107
3970
0
0
0
0
0
0
0
0
0
0
0
1664
0
0
0
0
4095
0
4095
923
1356
3449
0
0
0
770
0
0
0
0
0
0
0
1605
0
0
0
0
4095
0
4095
510
1188
1574
0
0
1204
155
0
0
0
0
0
0
0
1031
0
0
0
0
4095
0
4095
365
1367
997
0
0
1182
0
0
0
0
0
0
0
0
162
0
0
0
0
0
4095
1918
171
2067
0
0
0
571
0
0
0
0
0
0
0
182
0
0
0
0
0
0
4095
2015
277
1085
0
1556
0
0
0
0
0
0
0
0
0
0
493
0
0
0
0
0
4095
1874
264
551
0
1584
0
0
0
0
0
0
0
0
0
0
345
0
0
0
0
0
4095
961
192
0
0
1024
0
0
0
0
0
0
0
0
0
0
116
0
0
0
0
0
4095
1082
258
0
0
619
0
0
0
0
0
0
0
0
0
210
0
0
0
0
0
4095
4095
1186
183
0
370
504
0
0
0
0
0
0
0
0
0
291
0
0
0
0
0
2018
4095
1254
255
0
355
197
0
0
0
0
0
0
0
0
0
192
0
0
0
0
0
1011
4095
1129
282
0
340
154
0
0
0
0
0
0
0
0
0
0
0
0
0
0
0
2074
3445
1235
0
0
381
39
0
0
0
0
0
0
0
0
0
0
0
0
0
0
409
2402
3099
1181
0
0
96
36
0
0
0
0
0
0
0
0
0
0
0
0
0
0
493
3331
3308
1337
0
13
45
0
0
0
0
0
0
0
0
0
0
0
0
0
0
0
884
3416
3210
1045
0
189
7
0
0
0
0
0
0
0
0
0
0
0
0
0
0
0
1229
4095
3180
259
0
89
10
0
0
0
0
0
0
1414
0
0
0
0
0
0
0
0
1156
4095
1636
259
0
83
199
0
0
0
0
0
0
1224
0
0
0
0
0
0
0
0
4095
4095
1435
0
255
161
461
0
0
0
0
0
1592
0
0
0
0
0
0
0
0
0
0
0
4095
0
285
121
336
0
0
0
0
0
1799
1226
0
0
0
0
0
0
0
0
4095
0
385
0
402
116
0
0
0
0
0
0
1869
1375
0
0
0
0
0
0
0
0
4095
0
0
0
700
87
0
0
0
0
0
0
3394
1435
0
0
0
0
0
0
0
0
2035
0
0
668
109
43
0
0
0
0
0
0
3284
1224
0
0
0
0
0
0
0
0
756
0
0
762
185
0
0
0
0
0
0
0
3350
709
0
0
0
0
0
0
0
0
0
0
0
1574
78
0
0
0
0
0
0
0
3528
0
0
0
0
0
0
0
0
1043
0
0
0
1150
15
0
0
0
0
0
0
0
3893
0
0
0
0
0
0
130
1551
0
0
0
1419
170
0
0
0
0
0
0
0
2332
664
369
0
0
0
0
0
238
1866
0
0
0
1661
271
0
0
0
0
0
0
0
1900
0
372
0
0
0
0
42
974
2010
0
0
0
1266
113
0
0
0
0
0
0
0
1442
0
120
0
0
0
0
70
2826
0
0
0
0
1166
207
0
0
0
0
0
0
0
0
63
0
0
0
0
0
0
900
1890
0
0
1048
316
422
0
0
0
0
0
0
0
0
0
0
0
0
0
0
0
1197
1849
0
0
1041
208
490
0
0
0
0
0
0
0
0
0
0
0
0
0
66
0
1226
1090
0
0
1120
97
569
0
0
0
0
0
0
0
0
0
0
0
0
0
0
1035
1082
569
0
0
1149
175
0
0
0
0
34
0
0
0
0
0
0
0
0
0
0
1222
443
0
0
0
1335
8
0
0
0
0
66
0
0
0
0
0
0
0
0
1136
0
0
0
0
0
0
1125
47
0
0
0
0
62
0
0
0
0
0
0
0
0
958
0
0
0
0
617
0
445
59
0
0
0
46
28
0
0
0
0
0
0
0
0
0
0
0
0
0
253
0
0
5
0
0
0
83
0
0
0
0
0
0
0
0
0
0
0
0
0
0
387
0
0
0
0
0
0
86
0
0
0
0
0
0
0
0
321
0
0
0
0
0
0
0
0
0
0
0
0
51
0
0
0
0
0
0
0
0
17
0
0
0
0
0
0
0
0
0
0
0
0
0
0
0
0
0
0
0
0
0
0
0
0
0
0
0
0
0
0
0
0
0
0
0
0
0
0
0
0
0
0
0
0
0
0
0
0
0
0
0
0
0
0
0
2113
0
0
0
0
0
0
0
0
0
17
0
0
0
0
0
0
0
0
0
0
0
4095
0
0
4095
0
0
0
0
0
32
0
0
0
0
0
0
0
0
0
0
0
0
0
0
0
4095
0
0
0
0
0
91
0
0
0
0
0
0
0
0
0
0
0
0
0
0
0
4095
0
0
0
0
0
60
0
0
0
0
0
0
0
0
0
0
0
0
0
0
0
0
0
0
0
0
0
55
0
0
0
0
0
0
0
0
0
0
0
0
0
0
4095
0
0
0
0
0
4095
43
0
0
0
0
0
0
0
0
0
0
0
0
0
0
0
0
0
0
0
0
4095
0
0
0
0
0
0
0
0
0
0
0
0
0
0
0
0
0
0
0
0
0
4095
0
0
0
0
0
0
0
0
0
0
0
0
0
0
0
0
0
0
0
0
4095
0
0
0
0
0
0
0
0
0
0
0
0
0
0
0
0
0
0
0
0
0
4095
0
0
0
0
0
0
0
0
0
0
0
0
4095
0
0
0
0
0
0
0
0
4095
0
0
0
0
0
0
0
0
0
0
0
0
0
0
0
0
0
1378
0
0
0
0
0
0
0
0
0
0
0
0
0
0
0
11
0
0
0
0
4095
1248
0
0
109
0
0
0
0
0
0
0
0
0
0
0
0
11
0
0
0
4095
4095
782
0
0
57
0
0
0
0
0
0
0
0
0
0
0
0
11
0
0
0
4095
3506
596
0
0
82
0
0
0
0
0
0
0
0
0
0
0
40
0
0
0
0
4095
3409
151
0
0
272
0
0
0
0
0
0
0
0
0
0
0
110
0
0
0
2589
3366
2463
182
0
0
1563
0
0
0
0
0
0
0
0
0
0
0
224
0
0
0
2952
4020
1713
0
0
1325
1126
0
0
0
0
0
0
0
0
0
0
0
793
0
0
1480
1360
4095
1163
85
951
0
2284
0
0
0
0
0
0
0
0
0
0
0
438
0
0
3235
1184
4095
4095
68
1155
1132
1113
0
0
0
0
0
0
0
0
0
0
0
0
0
0
2949
1263
4095
4095
9
1171
1250
445
0
0
0
0
0
0
0
0
0
0
0
0
0
0
4095
1255
4095
4095
0
0
2079
0
0
0
0
0
0
0
1400
0
0
2
0
0
0
0
3191
1825
4095
4095
