34
12
27
62
-1
-1
182
-1
-1
-1
-1
-1
-1
-1
-1
143
-1
-1
129
-1
-1
-1
101
13
23
58
-1
-1
150
-1
-1
-1
-1
-1
-1
-1
97
128
-1
-1
-1
-1
-1
-1
67
15
22
182
-1
-1
-1
-1
-1
-1
-1
-1
-1
-1
127
32
122
-1
-1
-1
-1
-1
62
13
183
-1
-1
-1
-1
-1
-1
-1
-1
-1
-1
-1
156
30
122
-1
-1
-1
-1
-1
62
13
182
-1
-1
-1
-1
-1
-1
-1
-1
-1
-1
-1
166
30
123
-1
-1
-1
-1
-1
95
15
188
-1
-1
-1
-1
-1
-1
-1
-1
-1
-1
-1
148
124
-1
-1
-1
-1
-1
-1
2
12
179
-1
-1
-1
-1
-1
-1
-1
-1
-1
-1
-1
143
95
-1
-1
-1
-1
-1
117
3
12
177
-1
-1
-1
-1
-1
-1
-1
-1
-1
-1
-1
152
68
-1
-1
-1
96
-1
51
2
12
52
-1
-1
-1
182
-1
-1
-1
-1
-1
-1
-1
147
-1
-1
-1
-1
91
-1
51
2
10
50
-1
-1
190
-1
-1
-1
-1
-1
-1
-1
-1
77
-1
60
-1
63
30
-1
44
3
34
-1
-1
-1
184
-1
-1
-1
-1
-1
-1
-1
75
25
-1
60
-1
63
-1
65
14
3
9
-1
48
-1
165
-1
-1
-1
-1
-1
-1
-1
80
-1
85
-1
-1
64
-1
56
13
3
9
-1
184
-1
-1
-1
-1
-1
-1
-1
-1
-1
105
25
92
-1
-1
-1
-1
91
14
4
9
-1
175
-1
-1
-1
-1
-1
-1
-1
-1
-1
100
95
-1
-1
-1
-1
-1
122
13
14
-1
-1
170
-1
-1
-1
-1
-1
-1
-1
-1
-1
101
89
-1
-1
-1
-1
-1
118
13
5
-1
28
153
-1
-1
-1
-1
-1
-1
-1
-1
-1
93
84
-1
-1
-1
-1
85
22
14
6
-1
28
155
-1
-1
-1
-1
-1
-1
-1
-1
-1
147
-1
-1
-1
-1
-1
120
23
13
5
-1
29
168
-1
-1
-1
-1
-1
-1
-1
-1
-1
149
-1
-1
-1
-1
-1
116
21
14
6
8
18
163
-1
-1
-1
-1
-1
-1
-1
-1
77
80
-1
-1
-1
-1
-1
122
21
17
-1
9
18
163
-1
-1
-1
-1
-1
-1
-1
-1
122
-1
-1
-1
-1
-1
123
25
23
18
-1
8
18
161
-1
-1
-1
-1
-1
-1
-1
-1
122
-1
-1
-1
-1
-1
122
26
25
20
-1
8
21
160
-1
-1
-1
-1
-1
-1
-1
-1
127
-1
-1
-1
-1
-1
115
26
21
24
-1
9
232
-1
-1
-1
-1
-1
-1
-1
-1
-1
-1
-1
-1
-1
-1
-1
204
25
21
22
5
8
113
-1
-1
-1
-1
-1
-1
120
-1
75
-1
-1
-1
-1
-1
-1
128
31
21
17
6
7
83
-1
-1
-1
-1
-1
128
22
-1
74
-1
-1
-1
-1
-1
-1
125
27
43
-1
5
9
81
-1
-1
-1
-1
-1
151
-1
-1
105
-1
-1
-1
-1
-1
-1
-1
-1
161
-1
6
86
-1
-1
-1
-1
-1
-1
133
70
-1
-1
-1
-1
-1
-1
-1
-1
154
-1
64
-1
24
86
-1
-1
-1
-1
-1
-1
138
26
50
-1
-1
-1
-1
-1
-1
-1
207
-1
-1
-1
5
89
-1
-1
-1
-1
-1
-1
131
23
49
-1
-1
-1
-1
-1
-1
-1
191
-1
-1
45
67
-1
-1
-1
-1
-1
-1
-1
158
22
50
-1
-1
-1
-1
-1
-1
-1
197
-1
-1
38
70
-1
-1
-1
-1
-1
-1
-1
160
23
119
-1
-1
-1
-1
-1
-1
-1
-1
-1
-1
163
66
-1
-1
-1
-1
-1
-1
-1
164
27
57
-1
-1
-1
-1
-1
-1
156
-1
-1
-1
68
68
-1
-1
-1
-1
-1
-1
-1
166
46
-1
-1
-1
-1
-1
98
66
-1
-1
-1
83
17
78
-1
-1
-1
-1
-1
-1
129
30
50
-1
-1
-1
-1
-1
100
66
-1
-1
-1
83
18
-1
-1
-1
-1
-1
-1
-1
135
30
47
-1
-1
-1
-1
75
-1
96
-1
-1
-1
83
97
-1
-1
-1
-1
-1
-1
-1
129
-1
80
-1
-1
-1
-1
72
100
-1
-1
-1
-1
78
91
-1
-1
-1
-1
-1
-1
-1
-1
201
-1
-1
-1
-1
46
30
30
74
-1
-1
57
26
94
-1
-1
-1
-1
-1
129
-1
-1
108
-1
-1
-1
-1
52
30
30
67
-1
-1
58
22
72
-1
-1
-1
55
-1
97
-1
-1
108
-1
-1
-1
-1
46
30
33
66
-1
-1
62
23
42
-1
-1
-1
71
62
-1
-1
122
-1
-1
-1
-1
-1
68
34
33
67
-1
-1
60
46
-1
-1
-1
-1
72
63
-1
-1
119
-1
-1
-1
-1
43
-1
55
65
-1
-1
-1
94
50
-1
-1
-1
-1
101
-1
-1
-1
157
-1
-1
-1
-1
125
-1
-1
-1
-1
-1
-1
123
44
-1
-1
-1
41
156
-1
-1
-1
-1
-1
-1
-1
-1
152
-1
-1
-1
-1
101
-1
58
45
-1
-1
-1
191
-1
-1
-1
-1
-1
-1
-1
-1
-1
177
-1
-1
-1
-1
188
-1
-1
-1
-1
-1
-1
175
-1
-1
-1
-1
-1
-1
-1
-1
-1
178
-1
-1
-1
-1
100
-1
94
-1
-1
-1
-1
260
-1
-1
-1
-1
-1
-1
-1
-1
278
-1
-1
-1
-1
-1
-1
-1
-1
-1
-1
-1
-1
262
-1
-1
-1
-1
-1
-1
-1
-1
270
-1
-1
-1
-1
-1
-1
-1
-1
-1
-1
-1
223
-1
-1
-1
-1
-1
-1
-1
-1
-1
303
-1
-1
-1
-1
-1
-1
-1
-1
-1
-1
-1
223
-1
-1
-1
-1
-1
-1
-1
-1
-1
301
-1
-1
-1
-1
-1
-1
-1
-1
-1
-1
-1
227
-1
-1
-1
-1
-1
-1
-1
-1
-1
308
-1
-1
-1
-1
-1
-1
-1
-1
-1
-1
-1
-1
-1
-1
217
-1
-1
-1
-1
-1
302
-1
-1
-1
-1
-1
-1
-1
-1
-1
-1
-1
-1
-1
-1
-1
217
-1
-1
-1
-1
-1
285
-1
-1
-1
-1
-1
-1
-1
-1
-1
-1
-1
-1
-1
-1
-1
228
-1
-1
-1
-1
-1
276
-1
-1
-1
-1
-1
-1
-1
-1
-1
-1
-1
-1
-1
-1
258
-1
-1
-1
-1
-1
-1
254
-1
-1
-1
-1
-1
-1
-1
-1
-1
-1
-1
-1
-1
-1
-1
-1
-1
-1
-1
-1
260
253
-1
-1
-1
-1
-1
-1
-1
-1
-1
-1
-1
-1
-1
-1
-1
-1
-1
-1
-1
-1
505
-1
-1
-1
-1
-1
-1
-1
-1
-1
-1
-1
-1
-1
-1
-1
-1
-1
-1
-1
-1
-1
490
-1
-1
-1
-1
-1
-1
-1
-1
-1
-1
-1
-1
-1
-1
-1
-1
-1
-1
-1
-1
253
245
-1
-1
-1
-1
-1
-1
-1
-1
-1
-1
-1
-1
-1
-1
-1
-1
-1
-1
-1
-1
256
-1
-1
-1
-1
-1
-1
-1
-1
-1
-1
-1
-1
246
-1
-1
-1
-1
-1
-1
-1
-1
502
-1
-1
-1
-1
-1
-1
-1
-1
-1
-1
-1
-1
-1
-1
-1
-1
64
64
-1
-1
-1
148
-1
-1
-1
-1
-1
-1
-1
-1
-1
-1
-1
218
-1
-1
-1
39
34
66
-1
-1
61
88
-1
-1
-1
-1
-1
-1
-1
-1
-1
-1
-1
213
-1
-1
-1
36
31
65
-1
-1
60
92
-1
-1
-1
-1
-1
-1
-1
-1
-1
-1
180
32
-1
-1
-1
39
31
68
-1
-1
66
90
-1
-1
-1
-1
-1
-1
-1
-1
-1
-1
182
36
-1
-1
18
29
30
68
-1
-1
66
93
-1
-1
-1
-1
-1
-1
-1
-1
-1
-1
189
28
-1
-1
17
28
30
65
-1
-1
132
-1
-1
-1
-1
-1
-1
-1
-1
-1
-1
-1
248
-1
-1
-1
20
32
67
-1
-1
-1
160
-1
-1
-1
-1
-1
-1
-1
-1
-1
-1
-1
244
-1
-1
13
20
32
31
34
30
-1
141
-1
-1
-1
-1
-1
-1
-1
-1
-1
-1
-1
234
-1
-1
186
24
29
30
34
30
30
174
-1
-1
-1
-1
-1
-1
-1
-1
-1
-1
-1
-1
-1
-1
191
24
29
28
33
31
31
178
-1
-1
-1
-1
-1
-1
-1
-1
-1
-1
-1
-1
-1
-1
40
23
29
28
36
-1
148
-1
-1
-1
-1
-1
-1
-1
123
-1
-1
121
-1
-1
-1
-1
41
22
33
30
-1
68
110
-1
-1
-1
-1
-1
-1
-1
129
-1
-1
129
-1
-1
-1
-1
