-1
-1
-1
-1
-1
-1
-1
86
-1
-1
32
-1
-1
-1
-1
22
27
29
32
-1
-1
60
-1
-1
-1
-1
-1
-1
-1
64
-1
-1
30
-1
-1
-1
-1
38
23
29
28
-1
30
6
-1
-1
-1
-1
-1
-1
-1
61
-1
-1
6
-1
-1
-1
38
13
22
29
-1
-1
63
-1
-1
-1
-1
-1
-1
-1
10
60
-1
-1
-1
-1
-1
-1
34
15
25
41
-1
-1
152
-1
-1
-1
-1
-1
-1
-1
29
31
26
-1
-1
-1
-1
-1
39
13
24
61
-1
-1
-1
-1
-1
-1
-1
-1
-1
-1
51
31
40
-1
-1
-1
-1
-1
66
15
22
-1
-1
-1
-1
-1
-1
-1
-1
-1
-1
-1
-1
32
-1
-1
-1
-1
-1
-1
57
13
115
-1
-1
-1
-1
-1
-1
-1
-1
-1
-1
-1
28
34
-1
-1
-1
-1
-1
-1
52
12
118
-1
-1
-1
-1
-1
-1
-1
-1
-1
-1
-1
29
18
-1
-1
-1
-1
-1
54
3
14
120
-1
-1
-1
-1
-1
-1
-1
-1
-1
-1
-1
32
-1
-1
-1
-1
105
-1
20
2
12
80
-1
-1
-1
-1
-1
-1
-1
-1
-1
-1
-1
27
-1
-1
-1
-1
95
-1
16
3
10
81
-1
-1
-1
136
-1
-1
-1
-1
-1
-1
-1
8
-1
-1
-1
-1
-1
-1
44
2
10
67
-1
-1
70
-1
-1
-1
-1
-1
-1
-1
3
-1
-1
-1
-1
30
-1
28
13
3
9
-1
-1
-1
121
-1
-1
-1
-1
-1
-1
-1
4
7
-1
-1
-1
-1
-1
56
12
3
28
-1
91
-1
109
-1
-1
-1
-1
-1
-1
-1
-1
21
-1
-1
-1
-1
-1
50
13
3
22
-1
59
-1
-1
-1
-1
-1
-1
-1
-1
-1
-1
20
-1
-1
-1
-1
-1
48
14
5
19
-1
46
-1
-1
-1
-1
-1
-1
-1
-1
-1
-1
-1
-1
-1
-1
-1
32
24
13
6
-1
19
53
-1
-1
-1
-1
-1
-1
-1
-1
-1
17
-1
-1
-1
-1
-1
25
21
13
5
-1
22
57
-1
-1
-1
-1
-1
-1
-1
-1
-1
20
-1
-1
-1
-1
-1
33
22
15
5
-1
18
20
-1
-1
-1
-1
-1
-1
-1
-1
-1
4
-1
-1
-1
-1
-1
43
22
14
1
-1
18
16
-1
-1
-1
-1
-1
-1
-1
-1
-1
-1
-1
-1
-1
-1
30
27
25
14
-1
-1
18
23
-1
-1
-1
-1
-1
-1
-1
-1
-1
-1
-1
-1
-1
-1
35
26
22
15
-1
-1
21
10
-1
-1
-1
-1
-1
-1
-1
-1
-1
-1
-1
-1
-1
-1
31
26
21
17
-1
8
18
4
-1
-1
-1
-1
-1
-1
-1
-1
-1
-1
-1
-1
-1
-1
32
30
21
17
-1
8
18
-1
-1
-1
-1
-1
-1
9
-1
-1
-1
-1
-1
-1
-1
-1
31
27
24
15
-1
4
21
-1
-1
-1
-1
-1
-1
44
-1
-1
-1
-1
-1
-1
-1
-1
31
27
16
33
-1
9
29
-1
-1
-1
-1
-1
-1
-1
-1
-1
-1
-1
-1
-1
-1
-1
26
47
15
-1
-1
8
22
-1
-1
-1
-1
-1
45
-1
-1
-1
-1
-1
-1
-1
-1
-1
31
-1
35
-1
5
7
-1
-1
-1
-1
-1
-1
59
23
-1
-1
-1
-1
-1
-1
-1
-1
32
-1
66
-1
5
17
-1
-1
-1
-1
-1
-1
71
22
-1
-1
-1
-1
-1
-1
-1
-1
46
-1
-1
-1
17
23
-1
-1
-1
-1
-1
-1
99
23
-1
-1
-1
-1
-1
-1
-1
-1
57
-1
-1
36
5
53
-1
-1
-1
-1
-1
-1
107
27
-1
-1
-1
-1
-1
-1
-1
-1
136
-1
-1
40
5
-1
-1
-1
-1
-1
-1
-1
112
4
-1
-1
-1
-1
-1
-1
-1
-1
-1
-1
-1
43
32
-1
-1
-1
-1
-1
-1
-1
107
-1
-1
-1
-1
-1
-1
-1
-1
198
-1
-1
-1
38
40
-1
-1
-1
-1
-1
-1
-1
125
5
-1
-1
-1
-1
-1
42
36
-1
-1
-1
48
21
38
-1
-1
-1
-1
-1
-1
-1
6
27
-1
-1
-1
-1
-1
60
103
-1
-1
-1
48
17
76
-1
-1
-1
-1
-1
-1
97
-1
23
-1
-1
-1
-1
12
-1
168
-1
-1
-1
54
18
-1
-1
-1
-1
-1
-1
-1
77
-1
-1
-1
-1
-1
-1
-1
30
-1
-1
-1
-1
80
64
-1
-1
-1
-1
-1
-1
-1
36
-1
-1
-1
-1
-1
-1
-1
34
66
-1
-1
61
23
58
-1
-1
-1
-1
-1
-1
-1
-1
-1
-1
-1
-1
-1
8
-1
32
67
-1
-1
62
22
65
-1
-1
-1
-1
-1
7
-1
-1
-1
-1
-1
-1
-1
-1
6
30
70
-1
-1
60
24
-1
-1
-1
-1
56
-1
-1
-1
-1
-1
-1
-1
-1
-1
-1
30
30
-1
-1
-1
57
25
-1
-1
-1
-1
51
-1
-1
-1
-1
-1
-1
-1
-1
-1
-1
78
40
-1
-1
-1
36
40
-1
-1
-1
-1
38
-1
-1
-1
-1
-1
-1
-1
-1
7
-1
-1
-1
-1
-1
-1
31
22
-1
-1
-1
-1
41
-1
-1
-1
-1
-1
-1
-1
-1
-1
-1
-1
-1
-1
85
-1
-1
41
-1
-1
-1
38
3
-1
-1
-1
-1
-1
-1
-1
-1
-1
-1
-1
-1
-1
32
-1
-1
-1
-1
-1
-1
41
-1
-1
-1
-1
-1
-1
-1
-1
-1
-1
-1
-1
-1
-1
61
-1
80
-1
-1
-1
-1
25
-1
-1
-1
-1
-1
-1
-1
-1
-1
-1
-1
-1
-1
-1
-1
-1
-1
-1
-1
-1
-1
4
-1
-1
-1
-1
-1
-1
-1
-1
2
-1
-1
-1
-1
-1
-1
-1
-1
-1
-1
-1
-1
8
-1
-1
-1
-1
-1
-1
-1
-1
-1
-1
-1
-1
-1
-1
-1
-1
-1
-1
-1
-1
27
-1
-1
-1
-1
-1
-1
-1
-1
-1
-1
-1
-1
-1
-1
-1
-1
-1
-1
-1
-1
-1
20
-1
-1
-1
-1
-1
-1
-1
-1
-1
12
-1
-1
-1
-1
-1
-1
-1
-1
-1
-1
-1
84
-1
-1
-1
-1
-1
-1
-1
-1
-1
-1
-1
-1
-1
-1
-1
-1
-1
-1
-1
-1
-1
-1
-1
-1
70
-1
-1
-1
-1
-1
21
-1
-1
-1
-1
-1
-1
-1
-1
-1
-1
-1
-1
-1
-1
-1
53
-1
-1
-1
-1
-1
26
-1
-1
-1
-1
-1
-1
-1
-1
-1
-1
-1
-1
-1
-1
-1
159
-1
-1
-1
-1
-1
48
-1
-1
-1
-1
-1
-1
-1
-1
-1
-1
-1
-1
-1
-1
224
-1
-1
-1
-1
-1
-1
-1
-1
-1
-1
-1
-1
-1
-1
-1
-1
-1
-1
-1
-1
-1
-1
-1
-1
-1
-1
-1
8
-1
-1
-1
-1
-1
-1
-1
-1
-1
-1
-1
-1
-1
-1
-1
-1
-1
-1
-1
-1
-1
1
-1
-1
-1
-1
-1
-1
-1
-1
-1
-1
-1
-1
-1
-1
-1
-1
-1
-1
-1
-1
-1
-1
-1
-1
-1
-1
-1
-1
-1
-1
-1
-1
-1
-1
-1
-1
-1
-1
-1
-1
-1
-1
10
-1
-1
-1
-1
-1
-1
-1
-1
-1
-1
-1
-1
-1
-1
-1
-1
-1
-1
-1
-1
-1
-1
-1
-1
-1
-1
-1
-1
-1
-1
-1
-1
-1
-1
-1
-1
-1
-1
-1
-1
-1
-1
-1
-1
-1
-1
-1
-1
-1
-1
-1
-1
-1
-1
-1
60
-1
-1
-1
-1
256
51
-1
-1
-1
-1
-1
-1
-1
-1
-1
-1
-1
-1
-1
-1
-1
3
-1
-1
-1
36
31
16
-1
-1
12
-1
-1
-1
-1
-1
-1
-1
-1
-1
-1
-1
-1
9
-1
-1
-1
43
31
14
-1
-1
30
-1
-1
-1
-1
-1
-1
-1
-1
-1
-1
-1
46
4
-1
-1
-1
44
29
15
-1
-1
30
-1
-1
-1
-1
-1
-1
-1
-1
-1
-1
-1
58
-1
-1
-1
17
31
33
87
-1
-1
30
-1
-1
-1
-1
-1
-1
-1
-1
-1
-1
-1
74
-1
-1
-1
19
31
30
-1
-1
-1
48
-1
-1
-1
-1
-1
-1
-1
-1
-1
-1
-1
76
-1
-1
-1
22
30
34
-1
-1
-1
60
-1
-1
-1
-1
-1
-1
-1
-1
-1
-1
-1
44
-1
-1
16
25
28
28
10
96
-1
34
-1
-1
-1
-1
-1
-1
-1
-1
-1
-1
-1
-1
-1
-1
14
24
29
28
9
33
33
32
-1
-1
-1
-1
-1
-1
-1
-1
-1
64
-1
-1
-1
-1
15
23
33
31
-1
30
30
-1
