67
-1
-1
-1
-1
-1
-1
-1
89
-1
-1
39
-1
-1
-1
-1
24
21
22
51
48
-1
61
-1
-1
-1
-1
-1
-1
-1
42
-1
-1
35
-1
-1
-1
-1
21
18
26
-1
-1
-1
97
-1
-1
-1
-1
-1
-1
-1
60
-1
-1
28
-1
-1
-1
-1
31
17
22
-1
-1
-1
-1
-1
-1
-1
-1
-1
-1
-1
60
-1
-1
-1
-1
-1
-1
-1
40
21
52
-1
-1
-1
-1
-1
-1
-1
-1
-1
-1
-1
38
30
-1
-1
-1
-1
-1
34
5
18
84
-1
-1
-1
-1
-1
-1
-1
-1
-1
-1
50
34
32
-1
-1
-1
-1
-1
40
6
17
109
-1
-1
-1
-1
-1
-1
-1
-1
-1
-1
-1
30
34
-1
-1
-1
-1
-1
61
5
21
105
-1
-1
-1
-1
-1
-1
-1
-1
-1
-1
-1
51
-1
-1
-1
-1
-1
-1
55
5
17
78
-1
-1
-1
-1
-1
-1
-1
-1
-1
-1
22
29
-1
-1
-1
-1
-1
-1
52
6
17
136
-1
-1
-1
-1
-1
-1
-1
-1
-1
-1
22
12
-1
-1
-1
77
-1
19
8
5
20
-1
-1
-1
129
-1
-1
-1
-1
-1
-1
-1
27
-1
-1
-1
-1
45
-1
18
7
6
66
-1
-1
-1
71
-1
-1
-1
-1
-1
-1
-1
22
-1
-1
-1
-1
50
-1
18
8
5
62
-1
-1
-1
75
-1
-1
-1
-1
-1
-1
-1
4
-1
-1
-1
-1
67
-1
19
9
5
56
-1
-1
-1
177
-1
-1
-1
-1
-1
-1
-1
-1
-1
-1
-1
-1
-1
28
19
7
6
-1
26
115
-1
-1
-1
-1
-1
-1
-1
-1
-1
8
-1
-1
-1
-1
-1
59
18
8
20
-1
21
-1
-1
-1
-1
-1
-1
-1
-1
-1
-1
21
-1
-1
-1
-1
-1
61
18
9
21
-1
49
-1
-1
-1
-1
-1
-1
-1
-1
-1
-1
22
-1
-1
-1
-1
-1
59
20
8
14
-1
39
-1
-1
-1
-1
-1
-1
-1
-1
-1
-1
-1
-1
-1
-1
-1
-1
58
18
8
-1
14
58
-1
-1
-1
-1
-1
-1
-1
-1
-1
-1
-1
-1
-1
-1
-1
30
28
18
9
-1
15
29
-1
-1
-1
-1
-1
-1
-1
-1
-1
-1
-1
-1
-1
-1
-1
30
27
18
9
-1
15
22
-1
-1
-1
-1
-1
-1
-1
-1
-1
-1
-1
-1
-1
-1
-1
38
31
22
8
-1
13
19
-1
-1
-1
-1
-1
-1
-1
-1
-1
-1
-1
-1
-1
-1
-1
46
29
19
-1
-1
13
25
-1
-1
-1
-1
-1
-1
-1
-1
3
-1
-1
-1
-1
-1
-1
45
28
18
-1
-1
16
9
-1
-1
-1
-1
-1
-1
-1
-1
2
-1
-1
-1
-1
-1
-1
45
28
21
-1
-1
13
2
-1
-1
-1
-1
-1
-1
-1
-1
3
-1
-1
-1
-1
-1
15
30
28
19
-1
4
13
5
-1
-1
-1
-1
-1
13
-1
-1
-1
-1
-1
-1
-1
-1
17
30
27
19
-1
2
14
-1
-1
-1
-1
-1
-1
29
-1
-1
-1
-1
-1
-1
-1
-1
33
33
-1
42
-1
3
28
-1
-1
-1
-1
-1
5
28
-1
-1
-1
-1
-1
-1
-1
-1
-1
30
-1
-1
-1
3
35
-1
-1
-1
-1
-1
35
30
6
-1
-1
-1
-1
-1
-1
-1
-1
41
-1
-1
20
3
-1
-1
-1
-1
-1
-1
65
25
-1
-1
-1
-1
-1
-1
-1
-1
14
70
-1
-1
34
13
-1
-1
-1
-1
-1
-1
84
25
-1
-1
-1
-1
-1
-1
-1
-1
33
-1
-1
-1
35
23
-1
-1
-1
-1
-1
-1
101
25
-1
-1
-1
-1
-1
-1
-1
-1
107
-1
-1
50
10
25
-1
-1
-1
-1
-1
-1
94
27
12
-1
-1
-1
-1
-1
-1
61
-1
-1
-1
51
12
56
-1
-1
-1
-1
-1
-1
91
8
22
-1
-1
-1
-1
-1
-1
133
-1
-1
-1
54
12
-1
-1
-1
-1
-1
-1
-1
91
-1
11
-1
-1
-1
-1
37
-1
156
-1
-1
-1
56
49
-1
-1
-1
-1
-1
-1
-1
124
4
-1
-1
-1
-1
-1
37
-1
-1
-1
-1
58
22
44
-1
-1
-1
-1
-1
-1
82
-1
20
-1
-1
-1
-1
-1
30
-1
63
-1
-1
58
22
39
-1
-1
-1
-1
-1
-1
54
-1
24
-1
-1
-1
-1
10
-1
30
63
-1
-1
60
26
70
-1
-1
-1
-1
-1
-1
-1
-1
-1
-1
-1
-1
-1
-1
-1
30
106
-1
-1
64
22
-1
-1
-1
-1
-1
-1
-1
-1
-1
-1
-1
-1
-1
-1
-1
25
32
-1
-1
-1
58
61
-1
-1
-1
-1
-1
-1
-1
-1
-1
-1
-1
-1
-1
3
-1
35
67
-1
-1
-1
48
37
-1
-1
-1
-1
-1
-1
-1
-1
-1
-1
-1
-1
-1
5
-1
30
54
-1
-1
-1
48
35
-1
-1
-1
38
-1
-1
-1
-1
-1
-1
-1
-1
-1
-1
-1
24
-1
-1
-1
-1
80
-1
-1
-1
-1
56
-1
-1
-1
-1
-1
-1
-1
-1
-1
-1
-1
-1
-1
-1
-1
-1
56
-1
-1
-1
-1
42
-1
-1
-1
-1
-1
-1
-1
-1
-1
-1
-1
-1
-1
-1
-1
-1
50
-1
-1
-1
-1
32
-1
-1
-1
-1
-1
-1
-1
-1
4
-1
-1
-1
-1
51
-1
-1
115
-1
-1
-1
-1
10
-1
-1
-1
-1
-1
-1
-1
-1
-1
-1
-1
-1
-1
11
-1
-1
-1
-1
-1
-1
11
-1
-1
-1
-1
-1
-1
-1
-1
-1
-1
-1
-1
-1
-1
31
-1
-1
-1
-1
-1
-1
7
-1
-1
-1
-1
-1
-1
-1
-1
-1
-1
-1
-1
-1
-1
-1
-1
-1
-1
-1
-1
-1
15
-1
-1
-1
-1
-1
-1
-1
-1
-1
-1
-1
-1
-1
-1
-1
-1
-1
-1
-1
-1
-1
13
-1
-1
-1
-1
-1
-1
-1
-1
2
-1
-1
-1
-1
-1
-1
-1
-1
-1
-1
-1
-1
-1
-1
-1
-1
-1
-1
-1
-1
-1
-1
-1
-1
-1
-1
-1
-1
-1
-1
-1
-1
-1
71
-1
-1
-1
-1
-1
-1
-1
-1
-1
40
-1
-1
-1
-1
-1
-1
-1
-1
-1
-1
-1
147
-1
-1
60
-1
-1
-1
-1
-1
-1
-1
-1
-1
-1
-1
-1
-1
-1
-1
-1
-1
-1
-1
-1
-1
42
-1
-1
-1
-1
-1
13
-1
-1
-1
-1
-1
-1
-1
-1
-1
-1
-1
-1
-1
-1
-1
61
-1
-1
-1
-1
-1
26
-1
-1
-1
-1
-1
-1
-1
-1
-1
-1
-1
-1
-1
-1
-1
286
-1
-1
-1
-1
-1
32
-1
-1
-1
-1
-1
-1
-1
-1
-1
-1
-1
-1
-1
-1
-1
-1
-1
-1
-1
-1
-1
6
-1
-1
-1
-1
-1
-1
-1
-1
-1
-1
-1
-1
-1
-1
-1
-1
-1
-1
-1
-1
9
-1
-1
-1
-1
-1
-1
-1
-1
-1
-1
-1
-1
-1
-1
-1
-1
-1
-1
-1
-1
-1
-1
-1
-1
-1
-1
-1
-1
-1
-1
-1
-1
-1
-1
-1
-1
-1
-1
-1
-1
-1
-1
-1
-1
-1
-1
-1
-1
-1
-1
-1
-1
-1
-1
-1
147
-1
-1
-1
-1
-1
-1
-1
-1
12
-1
-1
-1
-1
-1
-1
-1
-1
-1
-1
-1
-1
13
-1
-1
-1
-1
193
-1
-1
-1
6
-1
-1
-1
-1
-1
-1
-1
-1
-1
-1
-1
-1
9
-1
-1
-1
54
30
-1
-1
-1
18
-1
-1
-1
-1
-1
-1
-1
-1
-1
-1
-1
19
-1
-1
-1
35
28
32
-1
-1
115
-1
-1
-1
-1
-1
-1
-1
-1
-1
-1
-1
-1
30
-1
-1
-1
36
28
34
3
-1
-1
12
-1
-1
-1
-1
-1
-1
-1
-1
-1
-1
17
25
-1
-1
-1
39
29
30
-1
-1
-1
60
-1
-1
-1
-1
-1
-1
-1
-1
-1
-1
65
4
-1
-1
22
23
33
40
-1
-1
30
60
-1
-1
-1
-1
-1
-1
-1
-1
-1
-1
66
-1
-1
-1
23
23
29
61
-1
74
30
-1
-1
-1
-1
-1
-1
-1
-1
-1
-1
-1
82
-1
-1
-1
23
22
28
57
-1
38
42
-1
-1
-1
-1
-1
-1
-1
-1
-1
-1
-1
75
-1
-1
6
20
26
27
44
-1
70
30
-1
-1
-1
-1
-1
-1
-1
-1
-1
-1
40
-1
-1
-1
13
18
23
28
33
-1
-1
24
-1
-1
-1
-1
-1
-1
-1
-1
-1
-1
5
-1
-1
-1
23
18
23
33
12
-1
35
