0
0
0
0
0
0
0
1706
1709
1710
0
0
0
3554
0
0
0
0
0
559
0
0
0
0
0
0
0
0
1706
0
3
0
0
0
0
2657
0
0
0
4095
0
610
0
0
0
0
0
0
0
0
1680
0
2
0
0
0
292
2673
0
0
1208
0
528
1066
0
0
0
0
0
0
0
0
1731
0
0
0
0
0
2887
3908
0
0
953
953
479
0
0
0
0
0
0
0
0
218
1897
0
0
0
0
0
3159
0
0
0
1315
1056
522
0
0
0
0
0
0
0
0
0
0
0
0
0
0
0
3567
0
0
0
1646
1149
569
0
0
0
0
0
0
0
0
0
0
0
0
0
0
2245
3889
0
0
0
1594
1115
569
0
0
0
0
0
0
0
0
1332
0
0
0
0
0
2089
3877
0
0
0
1736
1175
589
0
0
0
0
0
0
0
0
0
0
0
0
0
932
2933
3919
0
0
0
1645
1155
542
0
0
0
0
0
0
0
0
0
0
0
0
0
2010
0
1544
0
0
2052
1685
1215
562
0
0
0
0
0
0
0
0
0
0
0
0
0
0
3369
0
0
0
407
0
462
1058
0
0
0
0
0
0
0
0
0
0
0
0
0
0
3431
0
0
0
450
0
447
1035
0
0
0
0
0
0
0
0
0
0
0
0
0
0
3404
0
0
0
387
0
492
1065
41
24
0
0
0
0
0
0
0
0
0
0
0
1843
3743
0
0
0
1640
1288
776
151
151
41
0
0
0
0
0
0
0
0
0
0
0
2111
0
0
0
0
241
703
237
110
110
19
0
0
0
0
0
0
0
0
0
0
0
2137
0
0
0
0
240
547
69
35
35
0
0
0
0
0
0
0
0
0
0
0
0
2119
0
0
0
0
274
520
32
32
30
0
0
0
0
0
0
0
0
0
0
0
0
2138
0
0
0
0
0
90
90
90
0
0
0
0
0
0
0
0
0
0
0
0
0
0
0
0
0
0
0
46
46
46
0
0
0
0
0
0
0
0
0
0
0
0
0
0
0
0
0
0
0
0
0
0
0
0
0
0
0
0
0
0
0
0
0
0
0
0
0
0
0
0
0
0
0
0
0
0
0
0
0
0
0
0
0
0
0
0
568
0
0
0
0
0
0
0
0
0
0
0
0
0
116
116
0
0
0
0
0
0
569
0
0
0
0
0
0
0
0
0
0
0
0
0
172
172
0
0
0
0
0
0
551
0
0
0
0
0
0
0
0
0
0
0
0
0
162
162
0
0
0
0
0
0
0
0
0
0
0
0
0
0
0
0
0
0
0
211
0
0
0
0
0
0
0
0
0
0
0
0
0
0
0
0
0
0
0
0
0
155
0
0
0
0
0
0
0
0
0
0
0
0
0
0
0
0
0
0
0
0
0
0
177
0
0
0
0
0
0
0
5
0
0
0
0
0
0
0
0
0
0
0
0
0
0
0
0
0
0
0
0
0
11
179
0
402
0
499
0
0
0
0
0
1
0
0
207
0
0
0
0
0
0
0
0
506
0
405
0
0
0
0
0
0
1
1
0
0
0
0
0
0
0
0
0
60
0
0
546
956
0
0
0
0
0
0
3
587
0
0
0
0
0
0
0
0
7
189
565
0
585
1061
0
0
0
0
0
0
3
1390
0
0
0
0
0
0
0
0
74
458
458
933
1434
0
0
0
0
0
0
0
2
1426
0
0
0
0
0
0
0
0
59
445
0
502
999
0
22
0
0
0
0
0
4
1396
0
0
0
0
0
0
0
0
679
615
0
505
1026
0
0
0
0
0
0
0
1
1382
0
0
0
0
0
0
0
0
1110
614
0
587
0
0
0
0
0
0
0
430
434
1841
0
0
0
0
0
0
0
2038
905
0
628
1205
0
0
0
0
0
0
0
776
778
0
0
0
0
0
0
0
0
0
1116
640
0
501
0
0
0
0
0
0
0
68
70
0
0
0
0
0
0
0
0
0
0
620
0
550
0
0
0
0
0
0
0
0
0
0
0
0
0
0
0
0
0
0
0
555
0
562
0
0
0
0
0
0
0
0
0
0
0
0
0
0
0
0
0
0
170
0
587
1094
0
0
0
0
0
0
0
0
0
0
0
0
0
0
0
0
0
0
185
0
584
1131
0
0
0
0
0
0
0
0
0
0
0
0
0
0
0
0
0
187
187
0
588
1107
275
0
0
0
0
0
0
0
0
0
0
0
0
0
0
0
0
172
172
0
567
567
0
0
0
0
0
0
0
0
0
0
0
0
0
0
0
0
0
0
0
165
681
681
0
0
0
0
0
0
0
0
0
0
0
0
0
0
0
0
0
0
0
398
0
0
0
0
0
0
0
0
0
0
0
0
0
0
0
0
0
0
0
0
0
32
0
0
0
0
0
0
0
0
0
0
0
0
0
0
0
0
0
0
0
0
0
0
0
0
0
0
0
0
0
0
0
0
0
0
0
0
0
0
145
145
145
145
145
0
0
0
0
0
0
0
0
0
0
0
0
0
0
0
0
0
0
0
0
0
0
0
0
0
0
1
1
1
0
0
0
0
0
0
0
0
0
0
0
0
0
0
0
0
0
0
0
0
0
0
0
0
0
0
0
0
0
0
0
3
3
3
3
3
0
0
0
0
0
0
0
4095
4095
4095
0
0
0
0
0
0
0
11
11
11
11
11
0
13
13
13
13
13
13
0
0
0
0
0
0
0
0
0
0
23
23
23
23
18
8
0
0
0
0
0
0
0
0
307
0
0
0
0
0
0
64
64
64
64
64
30
0
0
0
0
0
0
0
0
0
2106
0
0
0
0
0
0
65
65
65
65
65
17
0
0
0
0
0
0
0
0
0
2153
0
0
0
0
0
4078
17
17
17
17
17
0
0
0
0
0
0
0
0
0
0
2086
4078
4078
4078
4078
4078
0
35
35
35
35
35
0
0
0
0
0
0
0
0
0
1335
2802
4095
4095
4095
4095
4095
0
0
0
0
0
0
0
0
0
0
0
0
0
0
0
1374
2829
4086
4086
4086
4086
4086
0
0
0
0
0
0
0
0
0
0
0
0
0
0
0
1224
2859
4092
4092
4092
4092
4092
0
0
0
0
0
0
0
0
0
0
0
0
4095
4095
4095
2813
1323
0
0
0
0
0
0
0
0
0
0
0
0
0
0
0
0
0
4095
4095
3206
1735
0
4071
4071
4071
4071
0
0
0
0
0
0
0
0
0
0
0
0
0
0
0
932
2348
0
0
0
0
2
0
0
0
0
0
0
0
0
0
0
0
0
0
0
0
1137
1967
0
0
0
0
39
0
0
0
0
0
0
0
0
0
0
0
0
0
0
0
2611
0
0
0
0
0
0
0
0
0
0
0
0
0
0
0
3
3
0
0
0
0
2587
0
0
0
0
60
0
0
0
0
0
0
0
0
0
8
15
78
0
0
0
969
0
0
0
11
0
95
1061
0
0
0
0
0
0
0
0
5
14
119
0
0
0
1453
0
0
0
131
0
692
0
0
0
0
0
0
0
0
0
4
279
299
0
0
0
1467
0
0
0
0
223
0
1285
0
0
0
0
0
0
0
0
4
588
588
0
0
0
0
0
0
0
0
221
0
662
0
0
0
0
0
0
0
0
5
137
137
137
137
137
0
0
0
0
113
0
1327
0
0
0
0
0
0
0
0
697
701
702
0
0
0
3045
0
0
0
0
144
0
1296
0
0
