0
3701
0
0
2982
0
354
944
0
0
0
0
0
0
0
0
1763
2
0
0
0
0
1168
3892
0
0
0
0
514
1125
0
0
0
0
0
0
0
0
1870
2
0
0
0
0
2373
3930
0
0
1119
1044
566
0
0
0
0
0
0
0
0
0
1743
0
0
0
0
0
2614
0
0
0
1464
1003
524
0
0
0
0
0
0
0
0
439
0
0
0
0
0
0
3479
0
0
0
1655
1147
586
0
0
0
0
0
0
0
0
1323
0
0
0
0
0
1504
3701
0
0
0
1671
1183
568
0
0
0
0
0
0
0
0
1306
0
0
0
0
0
1991
3768
0
0
0
1675
1161
570
0
0
0
0
0
0
0
0
1234
0
0
0
0
325
2103
3738
0
0
0
1657
1080
530
0
0
0
0
0
0
0
0
1427
0
0
0
0
1310
2971
0
0
0
443
0
530
1055
0
0
0
0
0
0
0
0
0
0
0
0
0
2028
0
0
0
0
418
0
534
1051
26
26
0
0
0
0
0
0
0
0
0
0
0
2073
0
0
0
0
0
434
0
575
40
40
0
0
0
0
0
0
0
0
0
0
0
2123
0
0
0
0
0
435
877
296
81
65
0
0
0
0
0
0
0
0
0
0
0
1615
3446
0
0
0
262
0
410
59
59
46
0
0
0
0
0
0
0
0
0
0
0
1537
3444
0
0
0
328
0
23
23
23
0
0
0
0
0
0
0
0
0
0
0
0
1865
0
0
0
0
279
0
27
27
27
0
0
0
0
0
0
0
0
0
0
0
0
2162
0
0
0
0
272
0
8
8
0
0
0
0
0
0
0
0
0
0
0
0
0
2712
0
0
0
0
0
0
18
18
0
0
0
0
0
0
0
0
0
0
0
0
0
2566
0
0
0
0
0
1
0
0
0
0
0
0
0
0
0
0
0
0
0
0
0
0
0
0
0
0
0
0
0
0
0
0
0
0
0
0
0
0
0
0
0
0
0
0
0
0
0
0
0
0
0
0
0
0
0
0
0
0
0
0
0
0
0
0
0
0
0
0
0
0
0
0
0
0
0
0
0
0
0
0
0
0
0
0
0
0
0
0
0
0
0
0
0
0
0
0
0
0
0
0
352
352
0
0
0
0
0
0
0
0
0
0
0
0
0
0
0
0
0
0
0
0
169
169
0
0
0
0
0
0
0
0
0
0
0
0
0
0
0
0
0
0
0
160
0
0
0
0
0
0
0
0
0
0
0
0
0
0
1
0
0
0
0
0
0
177
0
0
0
0
0
0
0
0
0
1615
0
0
0
0
0
0
0
0
0
2
2
112
0
0
0
0
0
0
0
0
2
0
0
371
0
473
0
0
0
0
0
2
229
0
0
0
0
0
0
0
0
0
11
0
0
338
0
304
0
0
0
0
1
8
0
0
0
0
0
0
0
0
0
0
137
494
0
335
0
0
0
0
0
0
6
7
0
0
0
0
0
0
0
0
0
54
153
513
0
1235
0
0
0
0
0
0
6
1290
2857
0
0
0
0
0
0
0
0
60
78
372
894
1518
0
0
0
0
0
0
2
1284
2752
0
25
25
25
25
25
25
0
175
175
688
1178
0
0
0
0
0
0
0
2
1663
0
0
0
0
0
0
0
0
97
761
533
0
500
0
1
1
0
0
0
0
3
1419
0
0
0
0
0
0
0
0
309
1170
561
0
518
0
0
0
0
0
0
331
334
1675
0
0
0
0
0
0
0
0
1241
1243
581
0
543
0
0
0
0
0
0
736
739
2157
0
0
0
0
0
0
0
2111
902
0
600
1190
0
0
0
0
0
0
0
244
245
0
0
0
0
0
0
0
0
0
0
620
0
549
0
0
0
0
0
0
0
0
0
1117
1117
0
0
0
0
0
0
0
0
614
0
530
0
0
0
0
0
0
0
0
0
0
0
0
0
0
0
0
0
0
0
608
0
550
0
0
0
0
0
0
0
0
0
0
0
0
0
0
0
0
0
0
181
0
615
1160
0
0
0
0
0
0
0
0
0
0
0
0
0
0
0
0
0
0
191
0
670
1205
0
0
0
0
0
0
0
0
0
0
0
0
0
0
0
0
0
218
218
0
652
1210
0
0
0
0
0
0
0
0
0
0
0
0
0
0
0
732
691
0
0
201
0
326
318
0
0
0
0
0
0
0
0
0
0
0
0
0
0
0
35
35
35
203
0
0
0
0
0
0
0
0
0
0
0
0
0
0
0
0
29
29
0
0
0
180
0
0
0
0
0
0
8
0
0
0
0
0
0
0
0
0
30
30
0
0
0
150
0
0
1
0
0
0
0
0
0
0
0
0
0
0
0
0
0
0
0
0
0
0
0
0
0
0
0
0
0
0
0
0
0
0
0
0
0
0
0
0
0
0
0
0
0
0
0
0
0
0
0
0
0
0
0
0
0
0
0
0
0
0
0
0
0
0
0
0
0
0
0
0
0
0
0
0
0
0
0
0
0
0
0
0
0
0
0
0
0
0
0
0
0
0
0
0
1780
1780
1780
1780
1780
1780
1780
4
4
4
4
4
4
0
0
0
0
0
0
0
0
0
4024
4024
4024
4024
4024
4024
4024
71
71
71
71
71
21
0
0
0
0
0
0
0
0
0
0
0
0
0
0
0
0
173
173
173
173
173
93
0
0
0
0
0
0
0
0
1429
0
0
0
0
0
0
0
43
43
43
43
43
0
0
0
0
0
0
0
0
0
2074
0
0
0
0
0
0
39
39
39
39
39
34
0
0
0
0
0
0
0
0
0
2073
4076
4076
4076
4076
4076
4076
10
10
10
10
10
0
0
0
0
0
0
0
0
0
250
2088
4089
4089
4089
4089
4089
4089
6
6
6
6
6
0
0
0
0
0
0
0
0
0
1122
2594
4095
4095
4095
4095
4095
0
0
0
0
0
0
0
0
0
0
0
0
0
0
0
1018
2466
4081
4081
4081
4081
4081
0
0
0
0
0
0
0
0
0
0
0
0
0
0
0
951
2405
4013
4095
4095
4095
4095
0
0
0
0
0
0
0
0
0
0
0
0
4095
4095
4095
2376
0
3827
4095
4095
4095
0
0
0
0
0
0
0
0
0
0
0
0
0
0
0
700
1993
0
575
0
0
0
0
0
0
0
0
0
0
0
0
0
0
0
0
0
0
657
1784
0
0
0
0
60
0
0
0
0
0
0
0
0
0
0
0
0
0
0
0
2508
0
0
0
0
0
81
0
0
0
0
0
0
0
0
0
3
3
3
0
0
0
2239
0
0
0
38
0
224
0
0
0
0
0
0
0
0
0
2
2
2
0
0
0
2539
0
0
54
0
179
1236
0
0
0
0
0
0
0
0
0
6
6
0
0
0
1454
0
0
0
18
0
256
1146
0
0
0
0
0
0
0
0
0
6
134
0
0
0
1742
0
0
0
0
130
0
0
0
0
0
0
0
0
0
0
1
91
203
0
0
0
1494
0
0
0
0
213
0
0
0
0
0
0
0
0
0
0
4
511
511
0
0
332
0
0
0
0
0
190
0
70
0
0
0
0
0
0
0
0
1
332
332
332
332
867
0
0
0
0
111
0
1273
0
0
0
0
0
0
0
0
0
2
2
0
0
0
3421
0
0
0
0
0
445
0
0
0
0
0
0
0
0
0
1752
1756
1756
0
0
0
3755
0
0
0
0
0
594
0
0
0
0
0
0
0
0
1685
0
4
4
0
0
0
