0
0
332
0
0
0
0
0
0
0
0
0
0
4227
0
1
0
0
0
3333
0
0
0
0
0
579
0
0
0
0
0
0
0
0
0
0
0
0
0
0
0
3595
0
0
0
0
0
1852
0
0
0
0
0
0
0
0
0
0
0
0
0
0
688
3735
0
0
0
0
0
0
0
0
0
0
0
0
0
0
0
0
0
0
0
0
2409
3928
0
0
0
0
0
0
0
0
0
0
0
0
0
0
0
0
0
0
0
0
2141
3912
0
0
0
0
0
0
0
0
0
0
0
0
0
110
0
0
0
0
0
1115
3553
0
0
0
0
0
0
0
0
0
0
0
0
0
0
182
0
0
0
0
0
-6179
3389
0
0
0
0
0
0
0
0
0
0
0
0
0
0
111
0
0
0
0
0
7594
0
0
0
0
0
0
0
531
0
0
0
0
0
0
0
111
0
0
0
0
1142
0
0
0
0
0
0
0
545
1204
0
0
0
0
0
0
0
0
0
0
0
0
0
0
2730
0
0
0
0
0
535
0
0
0
0
0
0
0
0
0
0
0
0
0
0
0
0
0
0
0
366
484
0
0
0
0
0
0
0
0
0
0
0
0
0
0
0
0
0
0
0
0
343
0
0
0
0
0
0
0
0
0
0
0
0
0
0
0
0
2954
0
0
0
0
372
0
0
0
0
0
0
0
0
0
0
0
0
0
0
0
0
2939
0
0
0
0
0
0
0
0
0
0
0
0
0
0
0
0
0
0
0
0
2063
0
0
0
0
0
0
0
0
0
0
0
0
0
0
0
0
0
0
0
0
0
1982
0
0
0
0
34
0
0
0
0
0
0
0
0
0
0
0
0
0
0
0
0
2701
0
0
0
0
84
0
0
0
0
0
0
0
0
0
0
0
0
0
0
0
0
2782
0
0
0
0
0
0
0
0
0
0
0
0
0
0
0
0
0
0
0
0
0
0
0
0
0
0
0
0
0
0
0
0
0
0
0
0
0
0
0
0
0
0
0
0
0
0
0
0
0
0
0
0
0
0
0
0
0
0
0
0
0
0
0
0
0
0
0
0
0
0
0
0
0
0
0
0
0
0
0
0
0
0
0
0
0
0
0
0
0
0
0
0
0
0
0
0
0
0
0
0
0
0
0
0
0
0
0
0
0
0
0
0
0
0
0
0
0
0
0
0
0
0
2275
1773
0
0
0
0
0
0
0
0
0
0
0
0
0
0
0
0
0
0
0
0
0
0
0
0
0
0
0
0
0
0
0
0
0
0
0
0
0
0
0
0
0
0
0
0
0
0
0
0
0
0
0
0
0
0
0
0
0
0
0
0
0
0
0
0
0
0
0
0
0
0
0
0
0
0
0
0
0
0
0
0
0
0
0
4
4
0
0
0
0
0
0
0
0
0
7
0
0
0
0
0
0
0
0
0
0
4
1709
0
0
0
0
0
0
0
0
0
220
0
0
409
0
0
0
0
0
0
4
6
1742
0
0
0
0
0
0
0
0
46
515
0
0
421
0
0
0
0
0
0
9
13
1811
0
0
0
0
0
0
0
0
0
0
0
0
390
0
0
0
0
0
0
7
11
1871
0
0
0
0
0
0
0
0
74
0
0
550
879
0
0
0
0
0
0
107
109
2059
0
0
0
0
0
0
0
151
349
169
0
464
0
0
0
0
0
0
0
537
540
0
0
0
0
0
0
0
0
238
0
0
0
499
0
0
0
0
0
0
43
360
362
0
0
0
0
0
0
0
0
0
0
0
0
507
0
0
0
0
0
0
150
151
153
0
0
0
0
0
0
0
0
0
0
0
543
0
0
0
0
0
0
0
71
71
71
0
0
0
0
0
0
0
0
0
0
0
542
0
0
0
0
0
0
0
0
0
0
0
0
0
0
0
0
0
0
0
0
0
20
0
0
0
0
0
0
0
0
0
0
0
0
0
0
0
0
0
0
0
0
0
549
0
0
0
0
0
0
0
0
0
0
0
0
0
0
0
0
0
0
0
0
0
558
0
0
0
0
0
0
0
0
0
0
0
0
0
0
0
0
0
0
0
0
0
568
0
0
0
0
0
0
0
0
0
0
0
0
0
0
0
0
0
0
0
0
0
564
0
0
0
0
0
0
0
0
0
0
0
0
0
0
0
0
0
0
0
195
628
0
0
0
0
0
0
0
0
0
0
0
0
0
0
0
0
0
0
0
0
170
0
0
0
0
0
0
0
0
0
0
0
0
0
0
0
0
0
0
0
0
0
524
0
0
0
0
0
0
0
0
0
0
0
0
0
0
0
0
0
0
0
0
0
0
0
0
0
0
0
0
0
0
0
0
0
0
0
0
0
0
0
0
0
0
0
0
0
0
0
0
0
0
0
0
0
0
0
0
0
0
0
0
0
0
0
0
0
0
0
0
0
0
0
0
0
0
0
0
0
0
0
0
0
0
0
0
0
0
0
0
0
0
0
0
0
0
0
0
0
0
0
0
0
0
0
0
0
0
0
0
0
0
0
0
0
0
0
0
0
0
0
0
0
0
0
0
0
0
0
0
0
0
0
0
0
0
0
0
0
0
0
0
4095
0
0
0
0
0
0
0
0
0
0
0
0
0
0
0
0
0
0
0
0
0
0
0
0
0
0
0
0
0
0
0
0
0
0
0
0
0
0
0
0
0
0
1092
0
0
0
0
0
0
0
0
0
0
0
0
0
0
0
0
0
0
0
0
0
2204
0
0
0
0
0
0
0
0
0
0
0
0
0
0
0
0
0
0
0
0
290
0
0
0
0
0
0
0
0
0
0
0
0
0
0
0
0
0
0
0
0
0
0
0
0
0
0
0
0
0
0
0
0
0
0
0
0
0
0
0
0
0
0
0
0
0
0
0
0
0
0
0
0
0
0
0
0
0
0
0
0
0
0
0
0
0
0
-8483
-7464
0
0
0
0
0
0
0
0
0
0
0
0
0
0
0
0
0
0
0
-7412
-7303
-7635
-397
0
0
0
0
0
0
0
0
0
0
0
0
0
0
0
0
0
0
-5883
-6897
-5125
-464
0
0
0
0
0
0
0
0
0
0
0
0
0
0
0
3
0
0
-5114
26027
27034
1035
0
0
0
0
0
0
0
0
0
0
0
0
0
0
0
0
0
94
23184
0
0
0
0
33
0
0
0
0
0
0
0
0
0
0
0
0
0
0
0
718
2079
0
0
0
0
72
0
0
0
0
0
0
0
0
0
0
0
0
0
0
0
1178
1718
0
0
0
0
256
0
0
0
0
0
0
0
0
0
1
1
1
0
0
0
2685
0
0
0
0
0
1180
0
0
0
0
0
0
0
0
0
3
23
23
0
0
0
2449
0
0
0
0
0
1108
0
0
0
0
0
0
0
0
0
5
772
0
0
0
0
2599
0
0
0
0
170
0
0
0
0
0
0
0
0
0
0
8
443
0
0
0
893
0
0
0
0
0
0
0
0
0
0
0
0
0
0
0
0
0
0
0
0
0
887
0
0
0
0
0
0
0
0
0
0
0
0
0
0
0
-871
0
0
0
0
0
905
0
0
0
0
0
0
0
0
0
0
0
0
0
0
0
-300
8
0
0
0
0
0
0
0
0
0
0
0
0
0
0
0
0
0
0
0
0
191
3
0
0
0
2605
0
0
0
