2876
1525
4095
0
0
0
948
0
0
0
0
0
0
0
4095
0
0
5
0
0
0
0
4095
1880
3669
0
0
3411
0
0
0
0
0
0
0
0
3634
0
0
0
0
0
0
0
454
1522
3414
0
0
0
0
0
0
0
0
0
0
0
3594
0
0
0
0
0
0
4095
509
1570
2753
0
0
0
0
0
0
0
0
0
0
1222
1585
1857
0
0
0
0
0
4095
468
1795
2604
0
0
0
0
0
0
0
0
0
0
2604
1604
1608
0
0
0
0
0
4095
549
1546
2642
0
0
0
0
0
0
0
0
0
0
0
1622
969
0
0
0
0
0
4095
456
1575
2306
0
0
0
0
0
0
0
0
0
0
0
2994
0
0
0
0
0
0
4095
457
1766
0
0
0
0
0
0
0
0
0
0
0
1245
1570
0
0
0
4095
0
0
2418
511
2326
0
0
0
2891
0
0
0
0
0
0
0
1251
0
0
0
0
4095
0
1819
639
450
1411
0
0
0
891
0
0
0
0
0
0
0
1207
0
0
0
0
4095
0
1657
728
520
1107
0
0
0
1810
0
0
0
0
0
0
0
865
0
0
0
0
4095
0
1676
798
442
1442
0
0
0
0
0
0
0
0
0
0
0
0
0
0
0
0
0
0
4095
726
474
0
1151
0
0
0
0
0
0
0
0
0
0
0
0
0
0
0
0
4095
1855
723
811
0
1041
0
0
0
0
0
0
0
0
0
0
282
0
0
0
0
0
4095
1646
790
382
0
690
0
0
0
0
0
0
0
0
0
0
384
0
0
0
0
0
4095
1622
828
234
0
262
0
0
0
0
0
0
0
0
0
0
117
0
0
0
0
0
4095
1881
822
0
251
574
0
0
0
0
0
0
0
0
0
0
0
0
0
0
0
0
4095
1717
752
0
278
243
0
0
0
0
0
0
0
0
0
0
0
0
0
0
0
2258
4095
1742
818
0
255
166
0
0
0
0
0
0
0
0
0
0
0
0
0
0
0
1126
4095
1823
859
0
238
46
0
0
0
0
0
0
0
0
0
0
0
0
0
0
0
1592
4095
1954
179
0
159
42
0
0
0
0
0
0
0
0
63
0
0
0
0
0
0
1758
4095
1698
0
0
84
0
0
0
0
0
0
0
0
0
165
0
0
0
0
0
0
1724
4095
1689
0
35
30
0
0
0
0
0
0
0
0
0
167
0
0
0
0
0
561
1118
4095
2103
0
60
64
0
0
0
0
0
0
222
0
0
0
0
0
0
0
0
686
4095
4095
752
0
29
111
0
0
0
0
0
0
1549
0
0
0
0
0
0
0
0
62
4095
3478
406
0
246
610
0
0
0
0
0
0
1587
0
0
0
0
0
0
0
0
56
4095
203
842
0
242
572
0
0
0
0
0
407
1592
0
0
0
0
0
0
0
0
0
4095
0
0
0
257
0
0
0
0
0
0
1967
1672
0
0
0
0
0
0
0
0
62
1037
0
0
465
161
0
0
0
0
0
0
1930
1610
0
0
0
0
0
0
0
0
103
0
0
0
655
155
0
0
0
0
0
0
3155
1533
0
0
0
0
0
0
0
0
1661
0
0
0
552
192
0
0
0
0
0
0
3104
1448
69
0
0
0
0
0
0
0
0
0
0
950
46
0
0
0
0
0
0
0
3223
1118
365
0
0
0
0
0
0
2323
0
0
0
895
34
0
0
0
0
0
0
0
3285
0
323
0
0
0
0
507
0
2303
0
0
0
1024
54
0
0
0
0
0
0
0
3515
0
0
0
0
0
0
1248
0
3132
0
0
1058
379
0
0
0
0
0
0
0
2270
734
242
0
0
0
0
0
1130
0
0
0
0
1192
265
0
0
0
0
0
0
0
1781
0
359
0
0
0
0
0
1140
0
1519
0
0
783
198
0
0
0
0
0
0
0
878
0
244
0
0
0
0
93
0
1185
1650
0
0
766
45
0
0
0
0
0
0
0
0
0
0
0
0
0
0
0
445
1277
1869
0
0
789
167
0
0
0
0
0
0
0
0
0
0
0
0
0
0
0
1116
1090
0
0
0
743
323
0
0
0
0
0
0
0
0
0
0
0
0
0
48
0
1109
1169
0
0
0
639
721
0
0
0
42
0
0
0
0
0
0
0
0
0
0
0
1079
0
0
0
0
1240
0
0
0
0
105
0
0
0
0
0
0
0
0
0
0
0
632
0
0
0
0
753
0
0
0
0
86
0
0
0
0
0
0
0
0
0
0
0
0
0
0
0
0
412
0
0
0
0
53
0
0
0
0
0
0
0
0
26
0
0
0
0
811
0
0
0
0
0
0
10
0
0
0
0
0
0
0
0
0
0
0
0
0
0
165
0
0
1
0
0
0
10
0
0
0
0
0
0
0
0
0
0
0
0
0
0
547
0
0
0
0
0
0
10
0
0
0
0
0
0
0
0
0
0
0
0
0
0
0
0
0
0
0
0
0
0
0
0
0
0
0
0
0
0
0
0
0
0
0
0
0
0
0
0
0
0
0
0
0
0
0
0
0
0
0
0
18
0
0
0
0
0
0
0
0
0
0
0
0
0
0
0
0
0
0
0
0
0
0
0
0
0
0
0
0
0
0
0
0
0
0
0
0
4095
0
0
0
0
0
0
10
0
0
0
0
0
0
0
0
0
0
0
0
0
0
4095
0
0
0
0
0
0
73
0
0
0
0
0
0
0
0
0
0
0
0
0
0
4095
0
0
0
0
0
0
0
0
0
0
0
0
0
0
0
0
0
0
0
0
0
4095
0
0
0
0
0
116
0
0
0
0
0
0
0
0
0
0
0
0
0
0
0
0
0
0
0
0
0
63
0
0
0
0
0
0
0
0
0
0
0
0
0
0
0
0
0
0
0
0
0
45
0
0
0
0
0
0
0
0
0
0
0
0
0
0
0
0
0
0
0
0
0
0
0
0
0
0
0
0
0
0
0
0
0
0
0
0
0
0
0
0
0
0
75
0
0
0
0
0
0
0
0
0
0
0
0
0
0
0
0
0
0
0
0
0
0
0
0
0
0
0
0
0
0
0
0
0
0
0
0
0
0
0
0
0
0
0
0
0
0
0
0
0
0
0
0
0
0
0
3533
0
0
0
4095
4095
0
0
0
105
0
0
0
0
0
0
0
0
0
0
0
0
0
0
0
0
4095
1240
0
0
0
28
0
0
0
0
0
0
0
0
0
0
0
30
0
0
0
4095
4095
1113
0
0
143
0
0
0
0
0
0
0
0
0
0
0
0
83
0
0
0
4095
4095
1123
0
0
1510
0
0
0
0
0
0
0
0
0
0
0
3
73
0
0
0
4095
4095
1176
0
0
0
908
0
0
0
0
0
0
0
0
0
0
62
55
0
0
3162
3369
4095
1256
0
0
1226
2458
0
0
0
0
0
0
0
0
0
0
173
0
0
0
2983
3080
3997
4095
0
1260
983
0
0
0
0
0
0
0
0
0
0
0
242
0
0
0
1904
3254
4095
4095
0
1302
2056
0
0
0
0
0
0
0
0
0
0
0
690
0
0
1762
1609
3147
4095
4095
0
2564
1260
0
0
0
0
0
0
0
0
0
0
0
252
0
0
1482
1581
3393
4095
4095
650
0
1125
0
0
0
0
0
0
0
0
0
0
3
0
0
0
4095
1865
3022
4095
1
0
1318
227
0
0
0
0
0
0
0
0
0
0
3
0
0
0
3101
1649
2913
0
632
0
1430
0
0
0
0
0
0
0
0
0
0
5
0
0
0
0
2820
