50
46
25
0
48
91
0
1719
322
235
729
0
251
52
207
47
18
20
97
58
19
179
92
131
28
209
30
21
22
40
99
17
61
30
19
23
18
107
28
27
27
76
24
0
0
0
30
28
0
29
93
91
0
28
28
28
322
705
0
19
0
0
89
25
30
569
387
782
0
444
0
686
45
72
0
0
11
328
4270
223
330
381
107
57
1666
0
99
111
530
180
0
235
159
124
0
521
58
207
0
0
0
206
97
66
122
64
77
623
1027
576
0
28
802
222
206
0
321
901
308
206
1167
0
63
136
0
63
59
275
553
192
188
93
377
33
0
123
60
0
32
477
283
0
0
349
642
211
699
245
134
327
413
817
951
50
0
0
0
0
49
358
218
200
810
2155
37
