-1
-1
-1
-1
-1
120
-1
-1
30
-1
-1
-1
-1
14
13
22
57
38
-1
33
-1
-1
-1
-1
-1
-1
-1
40
-1
-1
31
-1
-1
-1
-1
15
13
27
-1
-1
-1
59
-1
-1
-1
-1
-1
-1
-1
63
-1
-1
29
-1
-1
-1
-1
29
15
30
-1
-1
66
-1
-1
-1
-1
-1
-1
-1
-1
64
-1
-1
-1
-1
-1
-1
28
3
13
29
-1
-1
124
-1
-1
-1
-1
-1
-1
-1
16
60
-1
-1
-1
-1
-1
-1
34
4
15
46
-1
-1
-1
-1
-1
-1
-1
-1
-1
-1
29
35
25
-1
-1
-1
-1
-1
40
3
18
133
-1
-1
-1
-1
-1
-1
-1
-1
-1
-1
52
32
30
-1
-1
-1
-1
-1
60
3
25
-1
-1
-1
-1
-1
-1
-1
-1
-1
-1
-1
-1
30
-1
-1
-1
-1
-1
-1
60
3
114
-1
-1
-1
-1
-1
-1
-1
-1
-1
-1
-1
31
31
-1
-1
-1
-1
-1
-1
63
3
121
-1
-1
-1
-1
-1
-1
-1
-1
-1
-1
-1
33
11
-1
-1
-1
87
-1
21
14
5
87
-1
-1
-1
-1
-1
-1
-1
-1
-1
-1
-1
31
-1
-1
-1
-1
60
-1
22
12
11
85
-1
-1
-1
112
-1
-1
-1
-1
-1
-1
-1
29
-1
-1
-1
-1
93
-1
25
12
13
81
-1
-1
-1
82
-1
-1
-1
-1
-1
-1
-1
4
-1
-1
-1
-1
-1
-1
51
15
15
78
-1
-1
63
-1
-1
-1
-1
-1
-1
-1
-1
-1
-1
-1
-1
29
-1
29
22
12
13
-1
64
-1
172
-1
-1
-1
-1
-1
-1
-1
8
12
-1
-1
-1
-1
-1
62
26
12
34
-1
59
-1
-1
-1
-1
-1
-1
-1
-1
-1
-1
20
-1
-1
-1
-1
-1
63
23
5
24
-1
64
-1
-1
-1
-1
-1
-1
-1
-1
-1
-1
16
-1
-1
-1
-1
-1
57
22
2
24
-1
47
-1
-1
-1
-1
-1
-1
-1
-1
-1
3
-1
-1
-1
-1
-1
28
28
23
3
-1
20
62
-1
-1
-1
-1
-1
-1
-1
-1
-1
18
-1
-1
-1
-1
-1
30
28
24
2
-1
20
43
-1
-1
-1
-1
-1
-1
-1
-1
-1
17
-1
-1
-1
-1
-1
31
30
17
3
-1
20
20
-1
-1
-1
-1
-1
-1
-1
-1
-1
3
-1
-1
-1
-1
-1
34
32
14
1
-1
23
12
-1
-1
-1
-1
-1
-1
-1
-1
-1
-1
-1
-1
-1
-1
-1
42
28
13
-1
-1
19
29
-1
-1
-1
-1
-1
-1
-1
-1
-1
-1
-1
-1
-1
-1
14
29
27
13
-1
-1
19
4
-1
-1
-1
-1
-1
-1
-1
-1
-1
-1
-1
-1
-1
-1
14
29
22
13
-1
8
22
4
-1
-1
-1
-1
-1
-1
-1
-1
-1
-1
-1
-1
-1
-1
14
30
20
13
-1
9
18
-1
-1
-1
-1
-1
-1
-1
-1
-1
-1
-1
-1
-1
-1
-1
15
29
22
14
-1
5
23
-1
-1
-1
-1
-1
-1
11
-1
-1
-1
-1
-1
-1
-1
-1
36
54
15
26
-1
9
27
-1
-1
-1
-1
-1
-1
23
-1
-1
-1
-1
-1
-1
-1
-1
-1
-1
15
-1
-1
8
21
-1
-1
-1
-1
-1
5
47
-1
-1
-1
-1
-1
-1
-1
-1
23
-1
85
-1
5
8
-1
-1
-1
-1
-1
-1
30
-1
-1
-1
-1
-1
-1
-1
-1
-1
25
-1
-1
-1
18
19
-1
-1
-1
-1
-1
-1
66
21
-1
-1
-1
-1
-1
-1
-1
-1
40
-1
-1
-1
15
24
-1
-1
-1
-1
-1
-1
84
22
-1
-1
-1
-1
-1
-1
-1
-1
99
-1
-1
38
6
41
-1
-1
-1
-1
-1
-1
99
22
-1
-1
-1
-1
-1
-1
-1
-1
-1
-1
-1
36
5
-1
-1
-1
-1
-1
-1
-1
102
25
-1
-1
-1
-1
-1
-1
-1
154
-1
-1
-1
40
28
-1
-1
-1
-1
-1
-1
-1
105
1
-1
-1
-1
-1
-1
44
-1
97
-1
-1
51
19
31
-1
-1
-1
-1
-1
-1
-1
107
-1
-1
-1
-1
-1
-1
29
33
-1
-1
-1
47
17
26
-1
-1
-1
-1
-1
-1
98
30
9
-1
-1
-1
-1
-1
60
133
-1
-1
-1
46
17
53
-1
-1
-1
-1
-1
-1
99
-1
25
-1
-1
-1
-1
11
-1
-1
129
-1
-1
50
20
-1
-1
-1
-1
-1
-1
-1
72
-1
21
-1
-1
-1
-1
-1
30
39
-1
-1
-1
54
48
-1
-1
-1
-1
-1
-1
-1
6
-1
-1
-1
-1
-1
-1
-1
30
69
-1
-1
57
21
31
-1
-1
-1
-1
-1
14
-1
-1
-1
-1
-1
-1
-1
8
-1
30
59
-1
-1
56
21
60
-1
-1
-1
40
-1
-1
-1
-1
-1
-1
-1
-1
-1
-1
12
32
62
-1
-1
113
20
-1
-1
-1
-1
25
-1
-1
-1
-1
-1
-1
-1
-1
-1
-1
30
28
-1
-1
-1
-1
29
-1
-1
-1
-1
47
-1
-1
-1
-1
-1
-1
-1
-1
-1
-1
72
-1
-1
-1
-1
65
33
-1
-1
-1
-1
29
-1
-1
-1
-1
-1
-1
-1
-1
6
-1
-1
-1
-1
-1
-1
35
28
-1
-1
-1
-1
31
-1
-1
-1
-1
-1
-1
-1
-1
-1
-1
-1
-1
-1
73
-1
-1
146
-1
-1
-1
39
-1
-1
-1
-1
-1
-1
-1
-1
-1
-1
-1
-1
-1
-1
33
-1
-1
-1
-1
-1
-1
42
-1
-1
-1
-1
-1
-1
-1
-1
-1
-1
-1
-1
-1
-1
49
-1
-1
-1
-1
-1
-1
24
-1
-1
-1
-1
-1
-1
-1
-1
-1
-1
-1
-1
-1
-1
-1
-1
-1
-1
-1
-1
-1
18
-1
-1
-1
-1
-1
-1
-1
-1
2
-1
-1
-1
-1
-1
-1
-1
-1
-1
-1
-1
-1
-1
-1
-1
-1
-1
-1
-1
-1
-1
-1
-1
-1
-1
-1
-1
-1
-1
-1
-1
-1
-1
60
-1
-1
-1
-1
-1
-1
-1
-1
-1
-1
-1
-1
-1
-1
-1
-1
-1
-1
-1
-1
-1
38
-1
-1
-1
-1
-1
-1
-1
-1
-1
15
-1
-1
-1
-1
-1
-1
-1
-1
-1
-1
-1
123
-1
-1
48
-1
-1
-1
-1
-1
-1
-1
-1
-1
-1
-1
-1
-1
-1
-1
-1
-1
-1
-1
-1
-1
44
-1
-1
-1
-1
-1
25
-1
-1
-1
-1
-1
-1
-1
-1
-1
-1
-1
-1
-1
-1
-1
53
-1
-1
-1
-1
-1
31
-1
-1
-1
-1
-1
-1
-1
-1
-1
-1
-1
-1
-1
-1
-1
272
-1
-1
-1
-1
-1
36
-1
-1
-1
-1
-1
-1
-1
-1
-1
-1
-1
-1
-1
-1
-1
-1
-1
-1
-1
-1
-1
-1
-1
-1
-1
-1
-1
-1
-1
-1
-1
-1
-1
-1
-1
-1
-1
-1
-1
-1
-1
-1
-1
-1
-1
-1
-1
-1
-1
-1
-1
-1
-1
-1
-1
-1
-1
-1
-1
-1
-1
-1
-1
-1
8
-1
-1
-1
-1
-1
-1
-1
-1
-1
-1
-1
-1
-1
-1
-1
-1
-1
-1
-1
-1
-1
-1
-1
-1
-1
-1
-1
-1
-1
-1
-1
-1
-1
149
-1
-1
-1
-1
-1
-1
-1
-1
-1
-1
-1
-1
-1
-1
-1
-1
-1
-1
-1
-1
-1
17
-1
-1
-1
-1
-1
-1
-1
-1
11
-1
-1
-1
-1
-1
-1
-1
-1
-1
-1
-1
-1
-1
-1
-1
-1
171
113
-1
-1
-1
6
-1
-1
-1
-1
-1
-1
-1
-1
-1
-1
-1
3
-1
-1
-1
39
30
32
-1
-1
10
-1
-1
-1
-1
-1
-1
-1
-1
-1
-1
-1
-1
8
-1
-1
-1
38
26
32
-1
-1
16
-1
-1
-1
-1
-1
-1
-1
-1
-1
-1
-1
5
8
-1
-1
-1
40
26
37
-1
-1
30
-1
-1
-1
-1
-1
-1
-1
-1
-1
-1
-1
62
-1
-1
-1
21
24
27
46
-1
-1
36
-1
-1
-1
-1
-1
-1
-1
-1
-1
-1
-1
54
-1
-1
-1
19
24
27
87
-1
-1
32
-1
-1
-1
-1
-1
-1
-1
-1
-1
-1
-1
84
-1
-1
6
17
22
28
-1
-1
64
30
-1
-1
-1
-1
-1
-1
-1
-1
-1
-1
-1
69
-1
-1
5
15
23
28
17
31
62
30
-1
-1
-1
-1
-1
-1
-1
-1
-1
-1
-1
-1
-1
-1
14
13
22
27
11
30
-1
30
-1
-1
-1
-1
-1
-1
-1
-1
-1
-1
-1
-1
-1
-1
15
15
24
29
7
30
30
24
-1
-1
