3666
0
0
0
0
634
0
0
0
0
0
0
0
0
0
1716
0
1
0
0
0
2160
0
0
0
0
0
582
0
0
0
0
0
0
0
0
0
1900
0
0
0
0
0
2854
0
0
0
1363
982
425
0
0
0
0
0
0
0
0
0
0
0
0
0
0
0
3420
0
0
0
1353
840
233
0
0
0
0
0
0
0
0
0
0
0
0
0
0
937
3707
0
0
0
1387
906
185
0
0
0
0
0
0
0
0
0
0
0
0
0
0
2354
3921
0
0
0
1305
825
193
0
0
0
0
0
0
0
0
1203
0
0
0
0
0
2320
3862
0
0
1721
1291
851
223
0
0
0
0
0
0
0
0
0
0
0
0
0
1526
3336
3934
0
0
1722
1321
815
183
0
0
0
0
0
0
0
0
0
0
0
0
0
0
3375
0
0
0
450
0
533
1229
0
0
0
0
0
0
0
0
0
0
0
0
0
0
3338
0
0
0
566
0
496
1095
0
0
0
0
0
0
0
0
0
0
0
0
0
0
3435
0
0
0
528
0
563
1037
62
26
0
0
0
0
0
0
0
0
0
0
0
0
3351
0
0
0
234
0
573
155
155
53
0
0
0
0
0
0
0
0
0
0
0
2094
0
0
0
0
256
829
310
86
86
12
0
0
0
0
0
0
0
0
0
0
0
2076
0
0
0
0
441
609
75
44
44
0
0
0
0
0
0
223
0
0
0
0
0
1984
0
0
0
0
431
235
38
38
21
0
0
0
0
0
0
0
0
0
0
0
0
2132
0
0
0
0
0
82
82
82
0
0
0
0
0
0
0
0
0
0
0
0
0
2192
0
0
0
0
0
29
29
29
0
0
0
0
0
0
0
0
0
0
0
0
0
0
0
0
0
0
0
0
0
0
0
0
0
0
0
0
0
0
0
0
0
0
0
0
0
0
0
0
0
0
0
0
0
0
0
0
0
0
0
0
0
0
0
0
70
0
0
0
0
0
0
0
0
0
0
0
0
0
0
0
0
0
0
0
0
0
536
0
0
0
0
0
0
0
0
0
0
0
0
0
229
229
0
0
0
0
0
0
524
0
0
0
0
0
0
0
0
0
0
0
0
0
273
273
0
0
0
0
0
0
0
0
0
0
0
0
0
0
0
0
0
0
0
0
294
294
0
0
0
0
0
0
0
0
0
0
0
0
0
0
0
0
0
0
0
277
0
0
0
0
0
0
0
0
0
0
0
0
0
0
0
0
0
0
0
0
0
0
279
0
0
0
0
0
0
0
0
0
0
0
0
0
0
0
0
0
0
1
0
0
285
0
0
0
0
0
0
0
6
0
456
0
0
218
0
0
0
0
0
0
1485
0
256
0
0
0
0
0
0
0
0
325
0
360
0
0
0
0
0
0
6
6
0
0
0
0
0
0
0
0
0
3
568
568
0
266
0
0
0
0
0
0
2
864
0
0
0
0
0
0
0
0
0
93
610
531
0
236
0
0
0
0
0
0
3
1365
0
0
0
0
0
0
0
0
22
179
519
0
501
0
89
0
0
0
0
0
2
1405
0
0
0
0
0
0
0
0
58
0
0
532
991
0
0
0
0
0
0
0
1
1377
0
0
0
0
0
0
0
0
61
606
0
521
918
0
0
0
0
0
0
0
3
1396
0
0
0
0
0
0
0
0
900
597
0
544
953
0
1
1
0
0
0
551
554
2191
0
0
0
0
0
0
0
0
894
0
596
1149
0
0
0
0
0
0
0
709
712
0
0
0
0
0
0
0
0
1994
904
0
596
1083
0
0
0
0
0
0
0
0
3
0
0
0
0
0
0
0
0
0
1200
529
0
452
0
0
0
0
0
0
0
0
0
0
0
0
0
0
0
0
0
0
0
488
0
471
0
0
0
0
0
0
0
0
0
0
0
0
0
0
0
0
0
0
301
0
595
1075
0
0
0
0
0
0
0
0
0
0
0
0
0
0
0
0
0
0
451
0
606
1061
0
0
0
0
0
0
0
0
0
0
0
0
0
0
0
0
0
0
557
0
569
1136
419
0
0
0
0
0
0
0
0
0
0
0
0
0
0
0
0
526
526
0
587
1100
155
0
0
0
0
0
0
0
0
0
0
0
0
0
0
0
0
0
0
549
1087
1087
0
0
0
0
0
0
0
0
0
0
0
0
0
0
0
0
0
0
0
539
1092
1092
0
0
0
0
0
0
0
0
0
0
0
0
0
0
0
0
0
0
0
226
0
0
0
0
0
0
0
0
0
0
0
0
0
0
0
0
0
0
0
0
0
1
1
1
0
0
0
0
0
0
0
0
0
0
0
0
0
0
0
0
0
0
0
0
0
0
0
0
0
0
0
0
0
0
0
0
0
0
0
84
84
84
84
84
84
0
0
0
0
0
0
0
0
0
0
0
0
0
0
0
0
0
0
0
0
0
0
0
0
0
0
0
0
0
0
0
0
0
0
0
0
0
0
0
0
0
0
0
0
0
0
0
0
0
0
4095
4095
4095
0
0
0
0
0
0
0
9
9
9
9
9
0
0
0
0
0
0
0
0
0
0
0
0
0
0
0
0
0
27
27
27
27
27
15
0
0
0
0
0
0
0
0
1363
0
0
0
0
0
0
41
41
41
41
41
28
8
0
0
0
0
0
0
0
0
2123
0
0
0
0
0
0
62
62
62
62
62
30
0
0
0
0
0
0
0
0
0
2028
0
0
0
0
0
0
61
61
61
61
61
14
0
0
0
0
0
0
0
0
520
2471
4084
4084
4084
4084
4084
4084
11
11
11
11
11
0
0
0
0
0
0
0
0
0
1208
2798
4095
4095
4095
4095
4095
0
15
15
15
15
15
0
0
0
0
0
0
0
0
0
1192
2728
4081
4081
4081
4081
4081
0
0
0
0
0
0
0
0
0
0
0
0
0
0
0
1346
2791
4095
4095
4095
4095
4095
0
0
0
0
0
0
0
0
0
0
0
0
0
4095
3651
2005
0
4095
4095
4095
4095
0
0
0
0
0
0
0
0
0
0
0
0
0
4095
4095
2987
1723
0
4021
4021
4021
4021
0
0
0
0
0
0
0
0
0
0
0
0
0
4095
4095
0
1539
0
0
0
0
13
0
0
0
0
0
0
0
0
0
0
0
0
0
4095
0
2361
0
0
0
0
0
61
0
0
0
0
0
0
0
0
0
0
0
0
0
0
0
2637
0
0
0
0
11
0
0
0
0
0
0
0
0
0
0
1
1
1
0
0
0
2711
0
0
2
0
83
0
0
0
0
0
0
0
0
0
0
8
8
0
849
849
1517
0
0
0
10
0
89
955
0
0
0
0
0
0
0
0
2
7
94
0
0
0
1478
0
0
0
159
0
933
0
0
0
0
0
0
0
0
0
4
12
113
0
0
0
0
0
0
0
0
205
0
1116
0
0
0
0
0
0
0
0
1
408
408
0
0
0
0
0
0
0
0
186
0
478
0
0
0
0
0
0
0
0
4
585
585
0
0
0
0
0
0
0
0
0
1331
0
0
0
0
0
0
0
0
0
3
4
4
4
4
1845
0
0
0
0
0
0
0
0
0
0
0
0
0
0
0
1002
1005
1006
0
0
0
2368
0
0
0
0
0
623
0
0
0
0
0
0
0
0
1725
0
6
0
0
0
0
2308
0
0
2760
0
37
598
0
0
0
0
0
0
0
0
1630
0
3
0
0
0
0
2526
