0
0
0
0
0
0
2768
0
0
2
0
0
0
0
3295
1361
4095
4095
1180
0
1163
0
0
0
0
0
0
0
2812
0
0
3
0
0
0
0
4095
1754
4095
3836
0
919
677
0
0
0
0
0
0
0
3111
0
0
3
0
0
0
4095
383
2278
4095
0
0
1536
0
0
0
0
0
0
0
0
3143
0
0
0
0
0
0
4095
275
2158
4095
0
0
2401
0
0
0
0
0
0
0
1415
1657
1520
0
0
0
0
0
4095
266
2134
2052
0
0
0
0
0
0
0
0
0
0
1654
1659
1594
0
0
0
0
0
4095
709
2365
2692
0
0
0
0
0
0
0
0
0
0
1417
1810
1131
0
0
0
0
0
4095
1139
2077
0
0
0
0
0
0
0
0
0
0
0
1463
1745
0
0
0
0
0
0
4095
1181
3671
0
0
0
0
0
0
0
0
0
0
0
1664
1720
0
0
0
0
0
0
4095
1361
3922
0
0
0
0
0
0
0
0
0
0
0
1764
0
0
0
0
4095
0
1970
1068
1189
3001
0
0
0
0
0
0
0
0
0
0
0
1756
0
0
0
0
4095
0
2320
952
1076
1526
0
0
0
2071
0
0
0
0
0
0
0
1091
0
0
0
0
4095
0
2062
278
1361
1924
0
0
0
896
0
0
0
0
0
0
0
143
0
0
0
0
0
4095
2047
185
1062
0
0
0
1064
0
0
0
0
0
0
0
185
0
0
0
0
4095
0
4095
2319
266
1568
0
1670
0
821
0
0
0
0
0
0
0
173
331
0
0
0
0
0
4095
1815
194
918
0
1103
0
0
0
0
0
0
0
0
0
0
347
0
0
0
0
0
4095
1444
262
395
0
712
0
0
0
0
0
0
0
0
0
0
128
0
0
0
0
0
4095
1341
260
354
0
264
0
0
0
0
0
0
0
0
0
169
0
0
0
0
0
4095
4095
1172
273
0
327
485
0
0
0
0
0
0
0
0
0
300
0
0
0
0
0
2397
4095
1107
267
0
328
252
0
0
0
0
0
0
0
0
0
235
0
0
0
0
0
1139
4009
1203
272
0
374
158
0
0
0
0
0
0
0
0
0
0
0
0
0
0
0
1604
3238
1283
0
0
340
57
0
0
0
0
0
0
0
0
0
0
0
0
0
0
530
2538
3304
1310
0
0
153
36
0
0
0
0
0
0
0
0
0
0
0
0
0
0
478
2488
3148
1207
0
10
58
0
0
0
0
0
0
0
0
0
0
0
0
0
0
0
659
3817
3345
1292
0
163
5
0
0
0
0
0
0
0
0
0
0
0
0
0
0
0
941
4095
3400
260
0
108
9
0
0
0
0
0
0
1185
0
0
0
0
0
0
0
0
1073
4095
2196
221
0
53
82
0
0
0
0
0
0
2410
0
0
0
0
0
0
0
0
4095
4095
1408
574
0
170
546
0
0
0
0
0
0
0
0
0
0
0
0
0
0
0
0
0
963
0
8
169
334
0
0
0
0
0
270
1397
0
0
0
0
0
0
0
0
4095
0
1059
0
100
122
0
0
0
0
0
0
1638
1229
0
0
0
0
0
0
0
0
4095
0
0
0
333
55
0
0
0
0
0
0
1678
1229
0
0
0
0
0
0
0
0
3332
0
0
751
87
172
0
0
0
0
0
0
3273
1235
0
0
0
0
0
0
0
0
1356
0
0
653
110
0
0
0
0
0
0
0
3565
948
0
0
0
0
0
0
0
0
0
0
0
666
105
0
0
0
0
0
0
0
3654
0
0
0
0
0
0
0
0
2764
0
0
0
829
17
0
0
0
0
0
0
0
3412
0
0
0
0
0
0
121
1304
0
0
0
906
167
0
0
0
0
0
0
0
0
3473
311
0
0
0
0
0
153
2422
0
0
0
838
256
0
0
0
0
0
0
0
2277
1008
453
0
0
0
0
0
892
4095
0
0
0
712
165
0
0
0
0
0
0
0
2069
0
150
0
0
0
0
98
917
0
0
0
0
1209
169
0
0
0
0
0
0
0
1660
0
0
0
0
0
0
0
993
1884
0
0
1117
294
377
0
0
0
0
0
0
0
0
0
0
0
0
0
0
0
1086
1857
0
0
1113
189
604
0
0
0
0
0
57
0
0
0
0
0
0
0
92
0
1141
1331
0
0
974
109
752
0
0
0
0
0
0
0
0
0
0
0
0
0
0
937
1136
1173
0
0
1049
35
0
0
0
0
33
0
0
0
0
0
0
0
0
0
0
3403
673
0
0
0
857
9
0
0
0
0
60
0
0
0
0
0
0
0
0
0
0
0
0
0
0
0
535
84
0
0
0
0
67
0
0
0
0
0
0
0
0
67
0
0
0
0
1699
0
4
54
0
0
0
31
34
0
0
0
0
0
0
0
0
0
0
0
0
0
293
0
0
1
0
0
0
70
0
0
0
0
0
0
0
0
0
0
0
0
0
0
368
0
0
0
0
0
0
91
0
0
0
0
0
0
0
0
0
0
0
0
0
0
429
0
0
0
0
0
0
43
0
0
0
0
0
0
0
0
10
0
0
0
0
0
0
0
0
0
0
0
0
0
0
0
0
0
0
0
0
0
5
0
0
0
0
0
0
0
0
0
0
0
0
0
0
0
0
0
0
0
0
0
0
0
0
0
0
0
0
0
0
0
0
0
0
0
0
0
0
0
0
0
0
0
0
0
0
0
0
0
0
0
0
0
0
0
0
0
0
0
0
0
0
0
0
0
0
0
0
0
0
0
0
0
0
0
0
0
0
0
0
4095
0
0
0
0
0
69
0
0
0
0
0
0
0
0
0
0
0
0
0
0
0
4095
0
0
0
0
0
70
0
0
0
0
0
0
0
0
0
0
0
0
0
0
0
4095
0
0
0
0
0
56
0
0
0
0
0
0
0
0
0
0
0
0
0
0
4095
0
0
0
0
0
0
59
0
0
0
0
0
0
0
0
0
0
0
0
0
0
0
0
0
0
0
0
29
0
0
0
0
0
0
0
0
0
0
0
0
0
0
0
0
0
0
0
0
0
31
0
0
0
0
0
0
0
0
0
0
0
0
0
0
0
0
0
0
0
0
0
0
0
0
0
0
0
0
0
0
0
0
0
0
0
0
0
0
0
0
0
0
0
0
0
0
0
0
0
0
0
0
0
0
0
4095
0
0
0
0
0
0
0
0
0
0
0
0
0
0
0
0
0
0
0
0
0
0
0
0
0
0
0
0
0
0
98
0
0
0
0
0
0
0
0
0
0
0
0
0
0
0
0
4095
4095
0
0
0
0
0
0
0
0
0
0
0
0
0
0
0
21
0
0
0
4095
4095
1246
0
0
108
0
0
0
0
0
0
0
0
0
0
0
0
934
0
0
0
4095
4095
1194
0
0
33
0
0
0
0
0
0
0
0
0
0
0
37
1481
0
0
0
4095
3288
689
0
0
62
0
0
0
0
0
0
0
0
0
0
0
100
0
0
0
2972
3667
2934
196
0
0
66
0
0
0
0
0
0
0
0
0
0
0
115
0
0
0
2901
3128
2020
167
0
0
1365
0
0
0
0
0
0
0
0
0
0
0
705
0
0
1519
1168
3609
1469
0
0
2654
1195
0
0
0
0
0
0
0
0
0
0
0
605
0
0
2935
1190
4095
3972
92
944
0
1289
0
0
0
0
0
0
0
0
0
0
0
0
0
0
3026
1393
4095
4095
74
1138
1116
1133
0
0
0
0
0
0
0
0
0
0
0
0
0
0
3242
1206
4095
4095
15
1066
1112
458
0
