0
0
0
0
0
0
1796
0
0
5
0
0
0
0
2592
1477
3490
4095
0
0
1894
0
0
0
0
0
0
0
2440
0
0
4
0
0
0
0
2711
1366
4095
0
0
0
1779
0
0
0
0
0
0
0
3251
0
0
3
0
0
0
0
4095
1581
3391
0
0
1559
0
0
0
0
0
0
0
0
3026
0
0
0
0
0
0
4095
447
1367
3113
0
0
1490
0
0
0
0
0
0
0
730
1566
1205
0
0
0
0
0
4095
474
1294
3640
0
0
0
0
0
0
0
0
0
0
1175
1635
1359
0
0
0
0
0
4095
549
1317
2975
0
0
0
0
0
0
0
0
0
0
1222
1484
1412
0
0
0
0
0
4095
437
1396
2445
0
0
0
0
0
0
0
0
0
0
0
3086
0
0
0
0
0
0
4095
445
2987
0
0
0
0
0
0
0
0
0
0
0
1206
1675
0
0
0
0
0
0
4095
547
3020
0
0
0
0
0
0
0
0
0
0
0
1351
601
0
0
0
4095
0
4095
801
356
3212
0
0
0
0
0
0
0
0
0
0
0
1448
0
0
0
0
4095
0
4095
911
267
1108
0
0
0
1413
0
0
0
0
0
0
0
1681
0
0
0
0
4095
0
4095
872
338
831
0
0
0
1331
0
0
0
0
0
0
0
0
0
0
0
0
0
0
4095
822
244
832
0
0
1117
0
0
0
0
0
0
0
0
0
0
329
0
0
0
4095
1732
965
380
0
956
0
1194
0
0
0
0
0
0
0
0
411
0
0
0
0
0
4095
2117
994
245
0
1784
0
0
0
0
0
0
0
0
0
0
531
0
0
0
0
0
4095
1951
1082
0
0
1398
0
0
0
0
0
0
0
0
0
0
288
0
0
0
0
0
4095
1887
1272
0
0
884
0
0
0
0
0
0
0
0
0
0
0
0
0
0
0
0
4095
2325
1127
0
402
371
0
0
0
0
0
0
0
0
0
305
0
0
0
0
0
4095
4095
1988
1276
0
401
450
0
0
0
0
0
0
0
0
0
324
0
0
0
0
0
1074
4095
2032
1081
0
457
176
0
0
0
0
0
0
0
0
0
134
0
0
0
0
0
1378
4095
2032
560
0
441
97
0
0
0
0
0
0
0
0
0
0
0
0
0
0
0
1727
4095
2348
0
0
333
45
0
0
0
0
0
0
0
0
285
0
0
0
0
0
0
1612
4095
1945
0
0
107
7
0
0
0
0
0
0
0
0
294
0
0
0
0
0
507
1089
4095
2005
0
33
25
0
0
0
0
0
0
0
0
0
289
0
0
0
0
0
537
4095
4095
1564
0
324
34
0
0
0
0
0
0
1140
0
0
0
0
0
0
0
0
354
4095
4095
383
0
42
4
0
0
0
0
0
0
1504
0
260
0
0
0
0
0
0
85
4095
0
328
0
164
424
0
0
0
0
0
0
1607
0
0
0
0
0
0
0
0
0
4095
0
0
282
219
495
0
0
0
0
0
0
0
0
0
0
0
0
0
0
0
3293
0
0
0
748
277
0
0
0
0
0
0
3029
1545
0
0
0
0
0
0
0
0
72
0
0
0
787
136
0
0
0
0
0
0
1816
1183
0
0
0
0
0
0
0
0
230
0
0
0
608
107
0
0
0
0
0
0
2724
1174
0
0
0
0
0
0
0
0
700
0
0
627
83
105
0
0
0
0
0
0
3101
1168
0
0
0
0
0
0
0
618
0
0
0
1179
187
0
0
0
0
0
0
0
3381
226
0
0
0
0
0
0
0
1805
0
0
0
1107
89
0
0
0
0
0
0
0
3495
0
0
0
0
0
0
46
0
2686
0
0
0
1160
3
0
0
0
0
0
0
0
3170
125
0
0
0
0
0
47
2256
0
0
0
1344
103
0
0
0
0
0
0
0
2513
1635
362
0
0
0
0
0
0
2111
0
0
0
1316
273
0
0
0
0
0
0
0
2302
0
365
0
0
0
0
90
34
0
2287
0
0
651
46
0
0
0
0
0
0
0
1699
0
0
0
0
0
0
0
0
1128
1107
0
0
702
195
0
0
0
0
0
0
0
342
0
0
0
0
0
0
0
899
1637
0
0
1098
314
434
0
0
0
0
0
0
0
0
0
0
0
0
0
51
0
1090
1540
0
0
0
1235
445
0
0
0
0
0
0
0
0
0
0
0
0
0
0
0
1000
547
0
0
0
1621
0
0
0
0
0
0
0
0
0
0
0
0
0
0
0
0
1541
0
0
0
0
1167
0
0
0
0
98
0
0
0
0
0
0
0
0
0
0
0
0
0
0
0
1160
11
0
0
0
0
81
0
0
0
0
0
0
0
0
962
0
0
0
0
0
0
0
1181
0
0
0
0
56
0
0
0
0
0
0
0
0
349
0
0
0
0
470
0
0
20
0
0
0
25
0
0
0
0
0
0
0
0
0
0
0
0
0
0
368
0
0
0
0
0
0
50
0
0
0
0
0
0
0
0
0
0
0
0
0
0
387
0
0
0
0
0
0
96
0
0
0
0
0
0
0
0
81
0
0
0
0
0
0
0
0
0
0
0
0
16
0
0
0
0
0
0
0
0
20
0
0
0
0
0
0
0
0
0
0
0
0
0
0
0
0
0
0
0
0
0
0
0
0
0
0
0
0
0
0
0
0
0
0
0
0
0
0
0
0
0
0
0
14
0
0
0
0
0
0
0
0
0
0
0
4095
0
0
0
0
0
0
0
0
0
14
0
0
0
0
0
0
0
0
0
0
0
13
0
0
4095
0
0
0
0
0
40
0
0
0
0
0
0
0
0
0
0
0
0
0
0
0
4095
0
0
0
0
0
157
0
0
0
0
0
0
0
0
0
0
0
0
0
0
0
4095
0
0
0
0
0
59
0
0
0
0
0
0
0
0
0
0
0
0
0
0
0
4095
0
0
0
0
0
4095
0
0
0
0
0
0
0
0
0
0
0
0
0
0
0
0
0
0
0
0
4095
11
0
0
0
0
0
0
0
0
0
0
0
0
0
0
0
0
0
0
0
0
4095
0
0
0
0
0
0
0
0
0
0
0
0
0
0
0
0
0
0
0
0
0
4095
0
0
0
0
0
0
0
0
0
0
0
0
0
0
0
0
0
0
0
0
0
0
0
0
0
0
0
0
0
0
0
0
0
4095
0
0
0
0
0
0
0
0
4095
0
0
0
0
0
0
0
0
0
0
0
0
4095
0
0
0
0
0
0
0
0
4095
0
0
0
0
0
0
0
0
0
0
0
0
0
0
0
0
4095
1166
0
0
0
12
0
0
0
0
0
0
0
0
0
0
0
71
0
0
0
4095
4095
1177
0
0
60
0
0
0
0
0
0
0
0
0
0
0
0
58
0
0
0
4095
4095
1270
0
0
192
0
0
0
0
0
0
0
0
0
0
0
8
22
0
0
0
4095
3503
1310
0
0
885
472
0
0
0
0
0
0
0
0
0
0
138
0
0
0
3963
3264
3522
1136
0
0
0
2089
0
0
0
0
0
0
0
0
0
0
184
0
0
0
3023
3030
3587
3738
0
0
1757
1124
0
0
0
0
0
0
0
0
0
0
464
0
0
1451
1781
3440
4095
0
0
1530
1453
0
0
0
0
0
0
0
0
0
0
0
599
0
0
1784
1538
3468
4095
4095
0
1584
1321
0
0
0
0
0
0
0
0
0
0
0
0
0
0
3558
1548
3166
4095
4095
195
0
2705
0
0
0
0
0
0
0
0
0
0
0
0
0
0
4095
1804
3118
4095
4095
260
1316
851
0
