48
-1
-1
-1
59
-1
-1
-1
-1
-1
-1
-1
95
-1
-1
35
-1
-1
-1
-1
13
20
53
-1
-1
-1
97
-1
-1
-1
-1
-1
-1
-1
60
-1
-1
28
-1
-1
-1
-1
31
17
58
-1
-1
-1
-1
-1
-1
-1
-1
-1
-1
-1
60
-1
-1
-1
-1
-1
-1
-1
30
17
83
-1
-1
-1
-1
-1
-1
-1
-1
-1
-1
-1
45
30
-1
-1
-1
-1
-1
25
5
21
104
-1
-1
-1
-1
-1
-1
-1
-1
-1
-1
45
32
32
-1
-1
-1
-1
-1
25
6
17
105
-1
-1
-1
-1
-1
-1
-1
-1
-1
-1
-1
29
34
-1
-1
-1
-1
-1
48
5
17
134
-1
-1
-1
-1
-1
-1
-1
-1
-1
-1
-1
51
-1
-1
-1
-1
-1
-1
55
5
20
-1
-1
-1
-1
-1
-1
-1
-1
-1
-1
-1
25
29
-1
-1
-1
-1
-1
-1
53
6
17
-1
-1
-1
187
-1
-1
-1
-1
-1
-1
-1
23
11
-1
-1
-1
86
-1
18
8
5
38
-1
-1
-1
91
-1
-1
-1
-1
-1
-1
-1
22
-1
-1
-1
-1
58
-1
18
9
6
40
-1
-1
-1
93
-1
-1
-1
-1
-1
-1
-1
22
-1
-1
-1
-1
58
-1
20
8
5
38
-1
-1
-1
263
-1
-1
-1
-1
-1
-1
-1
4
-1
-1
-1
-1
88
-1
18
9
5
54
49
-1
-1
-1
-1
-1
-1
-1
-1
-1
-1
-1
-1
-1
-1
-1
-1
27
18
8
6
-1
76
-1
-1
-1
-1
-1
-1
-1
-1
-1
-1
8
-1
-1
-1
-1
-1
64
21
8
5
-1
62
-1
-1
-1
-1
-1
-1
-1
-1
-1
-1
20
-1
-1
-1
-1
-1
58
19
9
4
-1
60
-1
-1
-1
-1
-1
-1
-1
-1
-1
-1
20
-1
-1
-1
-1
-1
58
18
8
-1
-1
56
-1
-1
-1
-1
-1
-1
-1
-1
-1
-1
-1
-1
-1
-1
-1
-1
58
18
9
-1
13
34
-1
-1
-1
-1
-1
-1
-1
-1
-1
-1
-1
-1
-1
-1
-1
30
27
22
9
-1
13
22
-1
-1
-1
-1
-1
-1
-1
-1
-1
-1
-1
-1
-1
-1
-1
30
32
19
9
-1
14
14
-1
-1
-1
-1
-1
-1
-1
-1
-1
-1
-1
-1
-1
-1
-1
40
28
19
7
-1
14
30
-1
-1
-1
-1
-1
-1
-1
-1
-1
-1
-1
-1
-1
-1
-1
44
28
22
-1
-1
15
6
-1
-1
-1
-1
-1
-1
-1
-1
3
-1
-1
-1
-1
-1
-1
45
29
19
-1
-1
18
2
-1
-1
-1
-1
-1
-1
-1
-1
3
-1
-1
-1
-1
-1
15
30
31
19
-1
1
25
5
-1
-1
-1
-1
-1
-1
-1
-1
3
-1
-1
-1
-1
-1
15
30
31
19
-1
3
25
-1
-1
-1
-1
-1
-1
13
-1
-1
-1
-1
-1
-1
-1
-1
17
30
24
23
-1
1
23
-1
-1
-1
-1
-1
-1
31
-1
-1
-1
-1
-1
-1
-1
-1
33
33
-1
43
-1
4
30
-1
-1
-1
-1
-1
5
57
-1
-1
-1
-1
-1
-1
-1
-1
-1
29
-1
-1
-1
11
34
-1
-1
-1
-1
-1
36
-1
6
-1
-1
-1
-1
-1
-1
-1
-1
77
-1
-1
28
13
-1
-1
-1
-1
-1
-1
66
25
-1
-1
-1
-1
-1
-1
-1
-1
14
-1
-1
-1
37
24
-1
-1
-1
-1
-1
-1
85
25
-1
-1
-1
-1
-1
-1
-1
-1
68
-1
-1
-1
30
32
-1
-1
-1
-1
-1
-1
97
28
-1
-1
-1
-1
-1
-1
-1
-1
106
-1
-1
54
9
54
-1
-1
-1
-1
-1
-1
96
27
16
-1
-1
-1
-1
-1
-1
60
-1
-1
-1
56
7
-1
-1
-1
-1
-1
-1
-1
91
5
20
-1
-1
-1
-1
-1
-1
132
-1
-1
-1
52
25
-1
-1
-1
-1
-1
-1
-1
92
-1
12
-1
-1
-1
-1
38
-1
155
-1
-1
-1
51
37
-1
-1
-1
-1
-1
-1
-1
124
4
-1
-1
-1
-1
-1
36
-1
-1
-1
-1
57
24
34
-1
-1
-1
-1
-1
-1
82
-1
24
-1
-1
-1
-1
-1
30
-1
64
-1
-1
60
17
65
-1
-1
-1
-1
-1
-1
54
-1
20
-1
-1
-1
-1
10
-1
30
64
-1
-1
66
13
-1
-1
-1
-1
-1
-1
-1
-1
-1
-1
-1
-1
-1
-1
-1
-1
30
108
-1
-1
56
41
-1
-1
-1
-1
-1
19
-1
-1
-1
-1
-1
-1
-1
-1
-1
27
31
-1
-1
-1
56
25
-1
-1
-1
-1
-1
-1
-1
-1
-1
-1
-1
-1
-1
3
-1
33
68
-1
-1
-1
50
26
-1
-1
-1
47
-1
-1
-1
-1
-1
-1
-1
-1
-1
3
-1
30
54
-1
-1
-1
50
30
-1
-1
-1
51
-1
-1
-1
-1
-1
-1
-1
-1
-1
-1
-1
24
-1
-1
-1
-1
76
-1
-1
-1
-1
40
-1
-1
-1
-1
-1
-1
-1
-1
-1
-1
-1
-1
-1
-1
-1
-1
62
-1
-1
-1
-1
35
-1
-1
-1
-1
-1
-1
-1
-1
-1
-1
-1
-1
-1
-1
-1
-1
50
-1
-1
-1
-1
-1
-1
-1
-1
-1
-1
-1
-1
-1
3
-1
-1
-1
-1
37
-1
-1
124
-1
-1
-1
5
-1
-1
-1
-1
-1
-1
-1
-1
-1
-1
-1
-1
-1
-1
11
-1
-1
-1
-1
-1
-1
9
-1
-1
-1
-1
-1
-1
-1
-1
-1
-1
-1
-1
-1
-1
31
-1
-1
-1
-1
-1
-1
7
-1
-1
-1
-1
-1
-1
-1
-1
-1
-1
-1
-1
-1
-1
-1
-1
-1
-1
-1
-1
-1
19
-1
-1
-1
-1
-1
-1
-1
-1
-1
-1
-1
-1
-1
-1
-1
-1
-1
-1
-1
-1
-1
17
-1
-1
-1
-1
-1
-1
-1
-1
2
-1
-1
-1
-1
-1
-1
-1
-1
-1
-1
-1
-1
-1
-1
-1
-1
-1
-1
-1
-1
-1
-1
-1
-1
-1
-1
-1
-1
-1
-1
-1
-1
-1
79
-1
-1
52
-1
-1
-1
-1
-1
-1
14
-1
-1
-1
-1
-1
-1
-1
-1
-1
-1
-1
154
-1
-1
45
-1
-1
-1
-1
-1
-1
-1
-1
-1
-1
-1
-1
-1
-1
-1
-1
-1
-1
-1
-1
-1
54
-1
-1
-1
-1
-1
27
-1
-1
-1
-1
-1
-1
-1
-1
-1
-1
-1
-1
-1
-1
-1
277
-1
-1
-1
-1
-1
30
-1
-1
-1
-1
-1
-1
-1
-1
-1
-1
-1
-1
-1
-1
-1
-1
-1
-1
-1
-1
-1
30
-1
-1
-1
-1
-1
-1
-1
-1
-1
-1
-1
-1
-1
-1
-1
-1
-1
-1
-1
-1
-1
6
-1
-1
-1
-1
-1
-1
-1
-1
-1
-1
-1
-1
-1
-1
-1
-1
-1
-1
-1
-1
10
-1
-1
-1
-1
-1
-1
-1
-1
-1
-1
-1
-1
-1
-1
-1
-1
-1
-1
-1
-1
-1
-1
-1
-1
-1
-1
-1
-1
-1
-1
-1
-1
-1
-1
-1
-1
-1
-1
-1
-1
-1
-1
-1
-1
-1
-1
-1
-1
-1
-1
-1
-1
-1
-1
-1
157
-1
-1
-1
-1
192
-1
-1
-1
12
-1
-1
-1
-1
-1
-1
-1
-1
-1
-1
-1
-1
19
-1
-1
-1
69
30
-1
-1
-1
6
-1
-1
-1
-1
-1
-1
-1
-1
-1
-1
-1
-1
-1
-1
-1
-1
28
33
-1
-1
-1
18
-1
-1
-1
-1
-1
-1
-1
-1
-1
-1
-1
23
-1
-1
-1
43
28
33
52
-1
66
-1
-1
-1
-1
-1
-1
-1
-1
-1
-1
-1
-1
28
-1
-1
-1
44
33
30
-1
-1
-1
12
-1
-1
-1
-1
-1
-1
-1
-1
-1
-1
17
24
-1
-1
-1
42
29
40
-1
-1
-1
60
-1
-1
-1
-1
-1
-1
-1
-1
-1
-1
67
4
-1
-1
25
22
28
59
-1
72
30
61
-1
-1
-1
-1
-1
-1
-1
-1
-1
-1
66
-1
-1
-1
25
25
27
58
-1
39
30
-1
-1
-1
-1
-1
-1
-1
-1
-1
-1
-1
81
-1
-1
-1
23
23
27
44
-1
71
41
-1
-1
-1
-1
-1
-1
-1
-1
-1
-1
-1
75
-1
-1
6
19
22
32
28
16
-1
31
-1
-1
-1
-1
-1
-1
-1
-1
-1
-1
41
-1
-1
-1
15
20
23
28
12
-1
35
23
-1
-1
-1
-1
-1
-1
-1
-1
-1
-1
40
-1
-1
-1
15
17
25
27
31
-1
35
-1
-1
-1
-1
-1
-1
-1
-1
-1
-1
39
-1
-1
-1
-1
15
18
23
