64
42
26
0
0
0
0
1415
258
474
213
0
656
52
144
22
18
31
185
137
217
170
29
33
31
22
28
22
18
38
30
0
154
29
22
126
21
150
27
55
257
19
0
0
26
0
0
29
0
0
62
147
32
62
0
32
1071
776
0
77
0
0
90
22
0
929
129
129
228
461
285
340
184
161
0
0
43
889
3172
0
189
233
562
1552
972
0
291
0
621
96
0
0
338
0
0
476
21
155
0
0
239
82
120
190
226
75
65
463
1027
491
0
251
222
115
506
417
444
731
472
33
606
0
131
30
0
130
291
266
412
64
271
315
0
315
426
0
354
0
0
146
90
324
0
240
0
443
494
148
203
418
815
1206
753
0
0
181
26
17
26
34
414
1012
63
1170
40
