8
22
60
-1
-1
153
-1
-1
-1
-1
-1
-1
-1
69
60
-1
-1
85
-1
-1
-1
41
8
49
-1
-1
-1
191
-1
-1
-1
-1
-1
-1
-1
162
-1
-1
-1
-1
-1
-1
-1
103
9
179
-1
-1
-1
-1
-1
-1
-1
-1
-1
-1
-1
221
-1
-1
-1
-1
-1
-1
-1
98
8
179
-1
-1
-1
-1
-1
-1
-1
-1
-1
-1
-1
211
-1
-1
-1
-1
-1
-1
-1
103
7
181
-1
-1
-1
-1
-1
-1
-1
-1
-1
-1
-1
125
122
-1
-1
-1
-1
-1
-1
73
9
189
-1
-1
-1
-1
-1
-1
-1
-1
-1
-1
-1
130
88
-1
-1
-1
-1
-1
98
5
8
176
-1
-1
-1
-1
-1
-1
-1
-1
-1
-1
-1
131
99
-1
-1
-1
-1
-1
99
6
7
176
-1
-1
-1
-1
-1
-1
-1
-1
-1
-1
-1
130
68
-1
-1
-1
94
-1
42
5
9
180
-1
-1
-1
-1
-1
-1
-1
-1
-1
-1
-1
217
-1
-1
-1
-1
-1
-1
100
5
26
-1
-1
-1
192
-1
-1
-1
-1
-1
-1
-1
68
61
-1
-1
-1
95
-1
47
17
6
28
-1
-1
-1
191
-1
-1
-1
-1
-1
-1
-1
79
30
68
-1
-1
62
-1
47
19
5
9
-1
56
-1
165
-1
-1
-1
-1
-1
-1
-1
72
30
68
-1
-1
64
-1
51
19
5
9
-1
194
-1
-1
-1
-1
-1
-1
-1
-1
-1
105
31
97
-1
-1
-1
-1
87
17
6
9
-1
181
-1
-1
-1
-1
-1
-1
-1
-1
-1
115
104
-1
-1
-1
-1
-1
109
18
5
-1
24
157
-1
-1
-1
-1
-1
-1
-1
-1
-1
117
97
-1
-1
-1
-1
92
22
21
19
-1
22
160
-1
-1
-1
-1
-1
-1
-1
-1
-1
170
-1
-1
-1
-1
-1
123
25
17
19
-1
26
159
-1
-1
-1
-1
-1
-1
-1
-1
-1
184
-1
-1
-1
-1
-1
124
23
18
20
18
23
161
-1
-1
-1
-1
-1
-1
-1
-1
95
91
-1
-1
-1
-1
-1
129
21
21
6
18
155
-1
-1
-1
-1
-1
-1
-1
-1
-1
186
-1
-1
-1
-1
-1
131
28
22
22
-1
19
152
-1
-1
-1
-1
-1
-1
-1
-1
-1
181
-1
-1
-1
-1
-1
128
27
25
23
-1
19
151
-1
-1
-1
-1
-1
-1
-1
-1
-1
185
-1
-1
-1
-1
-1
133
27
23
26
-1
18
239
-1
-1
-1
-1
-1
-1
-1
-1
-1
-1
-1
-1
-1
-1
-1
227
28
23
22
-1
19
154
-1
-1
-1
-1
-1
-1
-1
-1
186
-1
-1
-1
-1
-1
-1
129
32
22
18
6
20
146
-1
-1
-1
-1
-1
-1
-1
-1
184
-1
-1
-1
-1
-1
-1
132
28
26
-1
21
17
84
-1
-1
-1
-1
-1
149
-1
-1
62
-1
-1
-1
-1
-1
128
34
27
22
-1
18
100
-1
-1
-1
-1
-1
-1
197
-1
-1
-1
-1
-1
-1
-1
-1
153
31
-1
50
-1
21
99
-1
-1
-1
-1
-1
-1
202
-1
-1
-1
-1
-1
-1
-1
-1
-1
181
-1
51
-1
15
105
-1
-1
-1
-1
-1
-1
127
24
55
-1
-1
-1
-1
-1
-1
-1
196
-1
-1
32
5
-1
-1
-1
-1
-1
-1
-1
130
26
55
-1
-1
-1
-1
-1
-1
-1
195
-1
-1
31
110
-1
-1
-1
-1
-1
-1
-1
130
21
59
-1
-1
-1
-1
-1
-1
-1
188
-1
-1
28
105
-1
-1
-1
-1
-1
-1
-1
128
-1
131
-1
-1
-1
-1
-1
-1
-1
-1
-1
-1
154
101
-1
-1
-1
-1
-1
-1
-1
133
98
-1
-1
-1
-1
-1
-1
-1
-1
-1
-1
-1
180
103
-1
-1
-1
-1
-1
-1
-1
134
50
-1
-1
-1
-1
-1
-1
150
-1
-1
-1
73
8
113
-1
-1
-1
-1
-1
-1
134
26
32
-1
-1
-1
-1
73
-1
98
-1
-1
-1
71
79
-1
-1
-1
-1
-1
-1
-1
133
25
34
-1
-1
-1
-1
69
-1
105
-1
-1
-1
68
77
-1
-1
-1
-1
-1
-1
-1
126
25
30
-1
-1
-1
-1
67
66
-1
-1
-1
86
20
82
-1
-1
-1
-1
-1
-1
-1
135
52
-1
-1
-1
-1
41
30
33
63
-1
-1
58
18
83
-1
-1
-1
-1
-1
-1
-1
-1
183
-1
-1
-1
-1
44
28
30
64
-1
-1
59
18
80
-1
-1
-1
68
65
-1
-1
-1
115
-1
-1
-1
-1
41
29
30
58
-1
-1
62
32
-1
-1
-1
-1
64
65
-1
-1
104
-1
-1
-1
-1
-1
44
30
59
-1
-1
-1
92
33
-1
-1
-1
-1
65
66
-1
-1
104
-1
-1
-1
-1
24
-1
48
52
-1
-1
-1
90
32
-1
-1
-1
37
28
68
-1
-1
111
-1
-1
-1
-1
23
-1
111
-1
-1
-1
-1
90
32
-1
-1
-1
64
-1
-1
-1
165
-1
-1
-1
-1
-1
90
-1
-1
-1
-1
98
-1
57
34
-1
-1
-1
168
-1
-1
-1
-1
-1
-1
-1
-1
-1
148
-1
-1
-1
-1
103
-1
93
-1
-1
-1
-1
169
-1
-1
-1
-1
-1
-1
-1
-1
116
-1
-1
-1
-1
-1
125
-1
88
-1
-1
-1
-1
168
-1
-1
-1
-1
-1
-1
-1
-1
151
-1
-1
-1
-1
-1
-1
-1
178
-1
-1
-1
232
-1
-1
-1
-1
-1
-1
-1
-1
-1
283
-1
-1
-1
-1
-1
-1
-1
-1
-1
-1
-1
231
-1
-1
-1
-1
-1
-1
-1
-1
-1
288
-1
-1
-1
-1
-1
-1
-1
-1
-1
-1
-1
235
-1
-1
-1
-1
-1
-1
-1
-1
-1
289
-1
-1
-1
-1
-1
-1
-1
-1
-1
-1
-1
276
-1
-1
-1
-1
-1
-1
-1
-1
265
-1
-1
-1
-1
-1
-1
-1
-1
-1
-1
-1
-1
-1
-1
-1
250
-1
-1
-1
-1
-1
296
-1
-1
-1
-1
-1
-1
-1
-1
-1
-1
-1
-1
-1
-1
-1
245
-1
-1
-1
-1
-1
300
-1
-1
-1
-1
-1
-1
-1
-1
-1
-1
-1
-1
-1
-1
277
-1
-1
-1
-1
-1
-1
273
-1
-1
-1
-1
-1
-1
-1
-1
-1
-1
-1
-1
-1
-1
276
-1
-1
-1
-1
-1
-1
272
-1
-1
-1
-1
-1
-1
-1
-1
-1
-1
-1
-1
-1
-1
258
-1
-1
-1
-1
-1
317
-1
-1
-1
-1
-1
-1
-1
-1
-1
-1
-1
-1
-1
-1
-1
-1
-1
-1
-1
-1
-1
588
-1
-1
-1
-1
-1
-1
-1
-1
-1
-1
-1
-1
-1
-1
-1
-1
-1
-1
-1
-1
-1
588
-1
-1
-1
-1
-1
-1
-1
-1
-1
-1
-1
-1
-1
-1
-1
-1
-1
-1
-1
-1
575
-1
-1
-1
-1
-1
-1
-1
-1
-1
-1
-1
-1
-1
-1
-1
-1
-1
-1
-1
-1
-1
553
-1
-1
-1
-1
-1
-1
-1
-1
-1
-1
-1
-1
-1
-1
-1
-1
-1
-1
-1
-1
-1
556
-1
-1
-1
-1
-1
-1
-1
-1
-1
-1
-1
-1
-1
-1
-1
-1
-1
-1
-1
-1
155
120
-1
-1
-1
-1
-1
-1
-1
-1
-1
-1
-1
276
-1
-1
-1
52
31
70
-1
-1
65
109
-1
-1
-1
-1
-1
-1
-1
-1
-1
-1
-1
224
-1
-1
-1
52
32
68
-1
-1
156
-1
-1
-1
-1
-1
-1
-1
-1
-1
-1
-1
209
37
-1
-1
29
32
30
63
-1
-1
136
-1
-1
-1
-1
-1
-1
-1
-1
-1
-1
-1
220
19
-1
-1
28
30
30
64
-1
-1
139
-1
-1
-1
-1
-1
-1
-1
-1
-1
-1
-1
227
-1
-1
-1
34
29
64
-1
-1
-1
168
-1
-1
-1
-1
-1
-1
-1
-1
-1
-1
179
46
-1
-1
-1
19
28
30
-1
63
-1
138
-1
-1
-1
-1
-1
-1
-1
-1
-1
-1
180
38
-1
-1
12
19
28
32
34
30
33
152
-1
-1
-1
-1
-1
-1
-1
-1
-1
-1
-1
-1
-1
-1
172
19
33
32
37
33
33
150
-1
-1
-1
-1
-1
-1
-1
-1
-1
-1
-1
-1
-1
-1
172
21
29
30
34
34
110
-1
-1
-1
-1
-1
-1
-1
-1
-1
-1
229
-1
-1
-1
-1
27
18
28
63
-1
-1
145
-1
-1
-1
-1
-1
-1
-1
-1
-1
-1
199
-1
-1
-1
41
9
19
28
30
-1
66
102
-1
-1
-1
-1
-1
-1
-1
116
-1
-1
87
-1
-1
-1
42
9
