-1
-1
-1
-1
-1
-1
-1
-1
-1
-1
45
-1
-1
-1
14
17
27
55
36
-1
35
-1
-1
-1
-1
-1
-1
-1
79
-1
-1
35
-1
-1
-1
-1
13
21
23
-1
-1
-1
66
-1
-1
-1
-1
-1
-1
-1
63
-1
-1
35
-1
-1
-1
-1
19
17
21
-1
-1
62
-1
-1
-1
-1
-1
-1
-1
-1
59
-1
-1
-1
-1
-1
-1
-1
29
17
21
-1
-1
189
-1
-1
-1
-1
-1
-1
-1
-1
33
30
-1
-1
-1
-1
-1
28
5
20
41
-1
-1
-1
-1
-1
-1
-1
-1
-1
-1
26
29
30
-1
-1
-1
-1
-1
25
6
17
77
-1
-1
-1
-1
-1
-1
-1
-1
-1
-1
45
32
30
-1
-1
-1
-1
-1
55
5
17
75
-1
-1
-1
-1
-1
-1
-1
-1
-1
-1
-1
30
12
-1
-1
-1
-1
-1
53
5
20
193
-1
-1
-1
-1
-1
-1
-1
-1
-1
-1
22
30
-1
-1
-1
-1
-1
-1
55
6
16
-1
-1
-1
-1
-1
-1
-1
-1
-1
-1
-1
24
19
-1
-1
-1
76
-1
18
8
5
67
-1
-1
-1
-1
-1
-1
-1
-1
-1
-1
-1
22
-1
-1
-1
-1
61
-1
18
9
6
66
-1
-1
-1
154
-1
-1
-1
-1
-1
-1
-1
21
-1
-1
-1
-1
61
-1
21
8
5
62
-1
-1
-1
47
-1
-1
-1
-1
-1
-1
-1
8
-1
-1
-1
-1
87
-1
18
9
5
63
-1
-1
-1
227
-1
-1
-1
-1
-1
-1
-1
-1
-1
-1
-1
-1
-1
-1
46
8
6
80
-1
-1
-1
-1
-1
-1
-1
-1
-1
-1
-1
3
-1
-1
-1
-1
-1
58
18
9
5
-1
65
-1
-1
-1
-1
-1
-1
-1
-1
-1
-1
20
-1
-1
-1
-1
-1
59
22
9
18
-1
58
-1
-1
-1
-1
-1
-1
-1
-1
-1
-1
21
-1
-1
-1
-1
-1
63
19
8
13
-1
54
-1
-1
-1
-1
-1
-1
-1
-1
-1
-1
-1
-1
-1
-1
-1
-1
58
19
9
-1
15
60
-1
-1
-1
-1
-1
-1
-1
-1
-1
-1
-1
-1
-1
-1
-1
30
28
20
10
-1
14
50
-1
-1
-1
-1
-1
-1
-1
-1
-1
-1
-1
-1
-1
-1
-1
30
28
20
9
-1
13
22
-1
-1
-1
-1
-1
-1
-1
-1
-1
-1
-1
-1
-1
-1
-1
30
32
19
9
-1
13
19
-1
-1
-1
-1
-1
-1
-1
-1
-1
-1
-1
-1
-1
-1
-1
44
27
19
-1
-1
25
19
-1
-1
-1
-1
-1
-1
-1
-1
2
-1
-1
-1
-1
-1
-1
50
28
23
-1
-1
23
16
-1
-1
-1
-1
-1
-1
-1
-1
3
-1
-1
-1
-1
-1
16
29
30
20
-1
-1
22
2
-1
-1
-1
-1
-1
-1
-1
-1
3
-1
-1
-1
-1
-1
15
29
32
21
-1
4
27
2
-1
-1
-1
-1
-1
8
-1
-1
-1
-1
-1
-1
-1
-1
16
30
33
26
-1
6
23
-1
-1
-1
-1
-1
-1
29
-1
-1
-1
-1
-1
-1
-1
-1
38
29
-1
21
-1
10
32
-1
-1
-1
-1
-1
-1
29
-1
-1
-1
-1
-1
-1
-1
-1
-1
30
17
45
-1
15
39
-1
-1
-1
-1
-1
5
34
-1
-1
-1
-1
-1
-1
-1
-1
-1
26
-1
-1
-1
13
-1
-1
-1
-1
-1
-1
24
31
-1
-1
-1
-1
-1
-1
-1
-1
11
62
-1
-1
39
20
-1
-1
-1
-1
-1
-1
66
26
-1
-1
-1
-1
-1
-1
-1
-1
32
-1
-1
-1
28
28
-1
-1
-1
-1
-1
-1
76
26
-1
-1
-1
-1
-1
-1
-1
-1
95
-1
-1
52
-1
30
-1
-1
-1
-1
-1
-1
93
29
12
-1
-1
-1
-1
-1
-1
60
-1
-1
-1
54
3
48
-1
-1
-1
-1
-1
-1
95
12
20
-1
-1
-1
-1
-1
-1
120
-1
-1
-1
53
2
-1
-1
-1
-1
-1
-1
-1
92
-1
16
-1
-1
-1
-1
30
-1
162
-1
-1
-1
54
35
-1
-1
-1
-1
-1
-1
-1
98
-1
-1
-1
-1
-1
-1
43
-1
-1
-1
-1
58
17
31
-1
-1
-1
-1
-1
-1
-1
119
21
-1
-1
-1
-1
-1
34
-1
-1
-1
-1
92
12
28
-1
-1
-1
-1
-1
-1
88
5
23
-1
-1
-1
-1
10
31
-1
98
-1
-1
59
13
61
-1
-1
-1
-1
-1
-1
55
-1
8
-1
-1
-1
-1
-1
-1
30
106
-1
-1
51
13
-1
-1
-1
-1
-1
-1
-1
10
-1
-1
-1
-1
-1
-1
-1
18
30
-1
-1
-1
52
45
-1
-1
-1
-1
-1
-1
-1
-1
-1
-1
-1
-1
-1
-1
-1
30
74
-1
-1
-1
52
28
-1
-1
-1
-1
-1
-1
-1
-1
-1
-1
-1
-1
-1
7
-1
33
55
-1
-1
-1
54
41
-1
-1
-1
40
-1
-1
-1
-1
-1
-1
-1
-1
-1
-1
-1
32
-1
-1
-1
-1
75
-1
-1
-1
-1
45
-1
-1
-1
-1
-1
-1
-1
-1
-1
-1
-1
10
-1
-1
-1
-1
59
-1
-1
-1
-1
43
-1
-1
-1
-1
-1
-1
-1
-1
-1
-1
-1
-1
-1
-1
-1
-1
52
-1
-1
-1
-1
31
-1
-1
-1
-1
-1
-1
-1
-1
4
-1
-1
-1
-1
39
-1
-1
123
-1
-1
-1
-1
14
-1
-1
-1
-1
-1
-1
-1
-1
-1
-1
-1
-1
-1
29
-1
-1
-1
-1
-1
-1
10
-1
-1
-1
-1
-1
-1
-1
-1
-1
-1
-1
-1
-1
-1
52
-1
-1
-1
-1
-1
-1
6
-1
-1
-1
-1
-1
-1
-1
-1
-1
-1
-1
-1
-1
-1
-1
-1
-1
-1
-1
-1
-1
19
-1
-1
-1
-1
-1
-1
-1
-1
-1
-1
-1
-1
-1
-1
-1
-1
-1
-1
-1
-1
-1
20
-1
-1
-1
-1
-1
-1
-1
-1
2
-1
-1
-1
-1
-1
-1
-1
-1
-1
-1
-1
-1
-1
-1
-1
-1
-1
-1
-1
-1
-1
-1
-1
-1
-1
-1
-1
-1
-1
-1
-1
-1
-1
75
-1
-1
-1
-1
-1
-1
-1
-1
-1
4
-1
-1
-1
-1
-1
-1
-1
-1
-1
-1
-1
160
-1
-1
40
-1
-1
-1
-1
-1
-1
27
-1
-1
-1
-1
-1
-1
-1
-1
-1
-1
-1
-1
-1
-1
35
-1
-1
-1
-1
-1
3
-1
-1
-1
-1
-1
-1
-1
-1
-1
-1
-1
-1
-1
-1
-1
56
-1
-1
-1
-1
-1
32
-1
-1
-1
-1
-1
-1
-1
-1
-1
-1
-1
-1
-1
-1
-1
271
-1
-1
-1
-1
-1
32
-1
-1
-1
-1
-1
-1
-1
-1
-1
-1
-1
-1
-1
-1
-1
-1
-1
-1
-1
-1
-1
13
-1
-1
-1
-1
-1
-1
-1
-1
-1
-1
-1
-1
-1
-1
-1
-1
-1
-1
-1
-1
7
-1
-1
-1
-1
-1
-1
-1
-1
-1
-1
-1
-1
-1
-1
-1
-1
-1
-1
-1
-1
-1
2
-1
-1
-1
-1
-1
-1
-1
-1
-1
-1
-1
-1
-1
-1
-1
-1
-1
-1
-1
-1
-1
-1
-1
-1
-1
-1
-1
-1
-1
-1
-1
-1
-1
164
-1
-1
-1
-1
-1
-1
-1
-1
-1
-1
-1
-1
-1
-1
-1
-1
-1
-1
-1
-1
-1
24
-1
-1
-1
-1
-1
-1
-1
-1
12
-1
-1
-1
-1
-1
-1
-1
-1
-1
-1
-1
-1
18
-1
-1
-1
165
111
-1
-1
-1
3
-1
-1
-1
-1
-1
-1
-1
-1
-1
-1
-1
15
-1
-1
-1
-1
70
30
-1
-1
-1
15
-1
-1
-1
-1
-1
-1
-1
-1
-1
-1
-1
29
-1
-1
-1
45
28
31
7
-1
30
-1
-1
-1
-1
-1
-1
-1
-1
-1
-1
-1
11
23
-1
-1
-1
40
27
32
-1
-1
131
4
-1
-1
-1
-1
-1
-1
-1
-1
-1
-1
58
8
-1
-1
24
23
31
44
-1
-1
-1
32
-1
-1
-1
-1
-1
-1
-1
-1
-1
-1
70
-1
-1
-1
26
22
31
53
-1
-1
69
60
-1
-1
-1
-1
-1
-1
-1
-1
-1
-1
75
-1
-1
-1
23
26
28
56
-1
35
31
-1
-1
-1
-1
-1
-1
-1
-1
-1
-1
-1
75
-1
-1
6
17
22
28
52
-1
74
48
-1
-1
-1
-1
-1
-1
-1
-1
-1
-1
-1
-1
-1
-1
10
21
21
27
25
5
-1
30
-1
-1
-1
-1
-1
-1
-1
-1
-1
-1
89
-1
-1
-1
13
18
22
28
22
-1
-1
69
-1
