31
91
-1
37
-1
-1
-1
-1
-1
-1
-1
-1
211
-1
-1
10
-1
-1
-1
22
8
20
24
-1
-1
60
-1
-1
-1
-1
-1
-1
-1
8
-1
-1
-1
-1
-1
-1
-1
21
9
18
-1
-1
-1
104
-1
-1
-1
-1
-1
-1
-1
72
-1
-1
-1
-1
-1
-1
-1
23
8
18
-1
-1
-1
-1
-1
-1
-1
-1
-1
-1
-1
52
-1
-1
-1
-1
-1
-1
-1
46
7
53
-1
-1
-1
-1
-1
-1
-1
-1
-1
-1
-1
25
26
-1
-1
-1
-1
-1
-1
44
9
75
-1
-1
-1
-1
-1
-1
-1
-1
-1
-1
-1
27
30
-1
-1
-1
-1
-1
43
5
8
113
-1
-1
-1
-1
-1
-1
-1
-1
-1
-1
-1
16
31
-1
-1
-1
-1
-1
68
6
7
107
-1
-1
-1
-1
-1
-1
-1
-1
-1
-1
-1
31
-1
-1
-1
-1
-1
-1
73
5
9
83
-1
-1
-1
-1
-1
-1
-1
-1
-1
-1
-1
39
-1
-1
-1
-1
-1
-1
64
6
8
82
-1
-1
131
-1
-1
-1
-1
-1
-1
-1
15
12
-1
-1
-1
76
-1
-1
39
5
8
85
-1
-1
70
-1
-1
-1
-1
-1
-1
-1
19
-1
-1
-1
-1
51
-1
23
20
5
9
-1
113
-1
143
-1
-1
-1
-1
-1
-1
-1
20
-1
-1
-1
-1
108
-1
24
17
6
9
-1
87
-1
-1
-1
-1
-1
-1
-1
-1
-1
13
-1
-1
-1
-1
-1
-1
50
18
5
5
-1
82
-1
-1
-1
-1
-1
-1
-1
-1
-1
-1
-1
-1
-1
-1
-1
-1
48
21
6
20
-1
35
-1
-1
-1
-1
-1
-1
-1
-1
-1
-1
-1
-1
-1
-1
-1
52
23
17
5
-1
23
38
-1
-1
-1
-1
-1
-1
-1
-1
-1
23
-1
-1
-1
-1
-1
53
25
18
17
-1
25
14
-1
-1
-1
-1
-1
-1
-1
-1
-1
27
-1
-1
-1
-1
-1
54
22
21
18
-1
24
9
-1
-1
-1
-1
-1
-1
-1
-1
-1
5
-1
-1
-1
-1
-1
56
22
17
-1
14
23
-1
-1
-1
-1
-1
-1
-1
-1
-1
-1
-1
-1
-1
-1
-1
32
27
23
18
-1
15
22
-1
-1
-1
-1
-1
-1
-1
-1
-1
-1
-1
-1
-1
-1
-1
30
27
25
20
-1
17
27
-1
-1
-1
-1
-1
-1
-1
-1
-1
-1
-1
-1
-1
-1
-1
30
27
22
17
-1
18
23
-1
-1
-1
-1
-1
-1
-1
-1
-1
-1
-1
-1
-1
-1
-1
30
30
23
14
-1
18
19
-1
-1
-1
-1
-1
-1
-1
-1
-1
-1
-1
-1
-1
-1
-1
30
32
23
10
-1
21
20
-1
-1
-1
-1
-1
-1
-1
-1
32
-1
-1
-1
-1
-1
-1
31
27
19
12
-1
18
3
-1
-1
-1
-1
-1
23
-1
-1
-1
-1
-1
-1
-1
-1
-1
31
55
18
-1
2
17
12
-1
-1
-1
-1
-1
32
-1
-1
-1
-1
-1
-1
-1
-1
2
26
-1
25
-1
5
21
-1
-1
-1
-1
-1
-1
65
-1
-1
-1
-1
-1
-1
-1
-1
-1
27
-1
41
-1
3
36
-1
-1
-1
-1
-1
-1
65
10
-1
-1
-1
-1
-1
-1
-1
-1
36
-1
-1
1
4
86
-1
-1
-1
-1
-1
-1
97
8
-1
-1
-1
-1
-1
-1
-1
-1
67
-1
-1
19
5
-1
-1
-1
-1
-1
-1
-1
104
5
-1
-1
-1
-1
-1
-1
-1
-1
163
-1
-1
21
27
-1
-1
-1
-1
-1
-1
-1
119
-1
-1
-1
-1
-1
-1
-1
-1
-1
-1
-1
-1
25
40
-1
-1
-1
-1
-1
-1
-1
111
-1
-1
-1
-1
-1
-1
-1
-1
-1
-1
-1
-1
48
45
-1
-1
-1
-1
-1
-1
-1
114
4
-1
-1
-1
-1
-1
-1
177
-1
-1
-1
44
7
75
-1
-1
-1
-1
-1
-1
103
10
18
-1
-1
-1
-1
-1
-1
123
-1
-1
-1
48
8
-1
-1
-1
-1
-1
-1
-1
85
-1
19
-1
-1
-1
-1
34
-1
159
-1
-1
-1
44
44
-1
-1
-1
-1
-1
-1
-1
77
-1
-1
-1
-1
-1
-1
40
-1
-1
-1
-1
58
20
46
-1
-1
-1
-1
-1
-1
-1
76
22
-1
-1
-1
-1
-1
-1
31
61
-1
-1
58
18
40
-1
-1
-1
-1
-1
-1
-1
-1
22
-1
-1
-1
-1
8
-1
29
62
-1
-1
60
18
63
-1
-1
-1
-1
-1
-1
-1
-1
4
-1
-1
-1
-1
-1
-1
28
55
-1
-1
63
21
-1
-1
-1
-1
52
-1
-1
-1
-1
-1
-1
-1
-1
-1
-1
25
27
95
-1
-1
57
24
-1
-1
-1
-1
38
-1
-1
-1
-1
-1
-1
-1
-1
-1
-1
31
17
-1
-1
-1
54
32
-1
-1
-1
-1
-1
-1
-1
-1
-1
-1
-1
-1
-1
4
-1
28
-1
-1
-1
-1
82
32
-1
-1
-1
14
-1
-1
-1
-1
-1
-1
-1
-1
-1
-1
-1
38
-1
-1
-1
-1
46
43
-1
-1
-1
37
-1
-1
-1
-1
-1
-1
-1
-1
-1
-1
-1
-1
-1
-1
84
-1
20
-1
-1
-1
-1
41
-1
-1
-1
-1
-1
-1
-1
-1
-1
-1
-1
-1
-1
-1
76
-1
25
-1
-1
-1
-1
27
-1
-1
-1
-1
-1
-1
-1
-1
1
-1
-1
-1
-1
-1
-1
-1
83
-1
-1
-1
-1
6
-1
-1
-1
-1
-1
-1
-1
-1
1
-1
-1
-1
-1
-1
-1
-1
-1
-1
-1
-1
9
-1
-1
-1
-1
-1
-1
-1
-1
-1
-1
-1
-1
-1
-1
-1
-1
-1
-1
-1
-1
-1
9
-1
-1
-1
-1
-1
-1
-1
-1
-1
-1
-1
-1
-1
-1
-1
-1
-1
-1
-1
-1
-1
29
-1
-1
-1
-1
-1
-1
-1
-1
-1
-1
-1
-1
-1
-1
-1
-1
-1
-1
-1
-1
-1
81
-1
-1
-1
-1
-1
-1
-1
-1
4
-1
-1
-1
-1
-1
-1
-1
-1
-1
-1
-1
-1
-1
-1
-1
29
-1
-1
-1
-1
-1
38
-1
-1
-1
-1
-1
-1
-1
-1
-1
-1
-1
-1
-1
-1
60
-1
-1
-1
-1
-1
-1
60
-1
-1
-1
-1
-1
-1
-1
-1
-1
-1
-1
-1
-1
-1
62
-1
-1
-1
-1
-1
-1
61
-1
-1
-1
-1
-1
-1
-1
-1
-1
-1
-1
-1
-1
-1
285
-1
-1
-1
-1
-1
-1
-1
-1
-1
-1
-1
-1
-1
-1
-1
-1
-1
-1
-1
-1
-1
-1
-1
-1
-1
-1
-1
32
-1
-1
-1
-1
-1
-1
-1
-1
-1
-1
-1
-1
-1
-1
-1
-1
-1
-1
-1
-1
-1
25
-1
-1
-1
-1
-1
-1
-1
-1
-1
-1
-1
-1
-1
-1
-1
-1
-1
-1
-1
-1
-1
5
-1
-1
-1
-1
-1
-1
-1
-1
-1
-1
-1
-1
-1
-1
-1
-1
-1
-1
-1
-1
6
-1
-1
-1
-1
-1
-1
-1
-1
-1
-1
-1
-1
-1
-1
-1
-1
-1
-1
-1
-1
-1
5
-1
-1
-1
-1
-1
-1
-1
-1
-1
-1
-1
-1
-1
-1
-1
-1
-1
-1
-1
-1
-1
-1
-1
-1
-1
-1
-1
-1
-1
-1
-1
-1
-1
76
-1
-1
-1
-1
163
-1
-1
-1
13
-1
-1
-1
-1
-1
-1
-1
-1
-1
-1
-1
-1
8
-1
-1
-1
212
32
15
-1
-1
18
-1
-1
-1
-1
-1
-1
-1
-1
-1
-1
-1
-1
10
-1
-1
-1
49
30
15
-1
-1
32
-1
-1
-1
-1
-1
-1
-1
-1
-1
-1
-1
25
9
-1
-1
-1
51
30
28
-1
-1
31
-1
-1
-1
-1
-1
-1
-1
-1
-1
-1
-1
59
-1
-1
-1
31
29
30
54
-1
-1
39
-1
-1
-1
-1
-1
-1
-1
-1
-1
-1
32
23
-1
-1
-1
30
29
30
-1
-1
-1
61
-1
-1
-1
-1
-1
-1
-1
-1
-1
-1
70
14
-1
-1
10
19
28
40
-1
60
34
33
-1
-1
-1
-1
-1
-1
-1
-1
-1
-1
69
-1
-1
-1
15
19
30
32
8
34
34
39
-1
-1
-1
-1
-1
-1
-1
-1
-1
-1
46
-1
-1
-1
13
21
31
30
2
69
32
-1
-1
-1
-1
-1
-1
-1
-1
-1
-1
-1
-1
-1
-1
-1
14
18
28
30
-1
-1
33
-1
-1
-1
-1
-1
-1
-1
-1
-1
-1
65
-1
-1
-1
6
9
18
28
12
-1
34
19
-1
-1
-1
-1
-1
-1
-1
22
-1
-1
23
-1
-1
-1
16
8
20
28
