35
-1
65
105
-1
-1
-1
-1
-1
-1
-1
115
-1
-1
94
-1
-1
-1
39
9
20
32
-1
-1
157
-1
-1
-1
-1
-1
-1
-1
75
127
-1
-1
-1
-1
-1
-1
64
9
20
59
-1
-1
158
-1
-1
-1
-1
-1
-1
-1
165
-1
-1
-1
-1
-1
-1
-1
99
8
76
-1
-1
-1
-1
-1
-1
-1
-1
-1
-1
-1
186
-1
-1
-1
-1
-1
-1
-1
97
9
203
-1
-1
-1
-1
-1
-1
-1
-1
-1
-1
-1
93
116
-1
-1
-1
-1
-1
-1
69
8
217
-1
-1
-1
-1
-1
-1
-1
-1
-1
-1
-1
93
87
-1
-1
-1
-1
-1
97
6
8
212
-1
-1
-1
-1
-1
-1
-1
-1
-1
-1
-1
100
87
-1
-1
-1
-1
-1
97
5
9
210
-1
-1
-1
-1
-1
-1
-1
-1
-1
-1
-1
95
95
-1
-1
-1
-1
-1
98
6
8
206
-1
-1
-1
-1
-1
-1
-1
-1
-1
-1
-1
152
-1
-1
-1
-1
88
-1
41
5
9
218
-1
-1
-1
-1
-1
-1
-1
-1
-1
-1
-1
124
-1
-1
-1
122
-1
-1
38
5
8
211
-1
-1
166
-1
-1
-1
-1
-1
-1
-1
74
56
-1
-1
-1
98
-1
47
17
6
53
-1
-1
-1
160
-1
-1
-1
-1
-1
-1
-1
72
25
69
-1
-1
64
-1
56
20
5
56
-1
-1
-1
128
-1
-1
-1
-1
-1
-1
-1
69
34
69
-1
-1
65
-1
50
17
5
8
-1
79
-1
-1
-1
-1
-1
-1
-1
-1
-1
-1
105
96
-1
-1
-1
-1
78
17
6
9
-1
211
-1
-1
-1
-1
-1
-1
-1
-1
-1
83
97
-1
-1
-1
-1
-1
109
20
5
-1
38
190
-1
-1
-1
-1
-1
-1
-1
-1
-1
77
101
-1
-1
-1
-1
88
25
18
6
-1
34
193
-1
-1
-1
-1
-1
-1
-1
-1
-1
137
-1
-1
-1
-1
-1
130
22
17
5
-1
36
197
-1
-1
-1
-1
-1
-1
-1
-1
-1
151
-1
-1
-1
-1
-1
126
21
20
5
-1
36
192
-1
-1
-1
-1
-1
-1
-1
-1
96
85
-1
-1
-1
-1
-1
130
22
18
6
15
24
155
-1
-1
-1
-1
-1
-1
-1
-1
144
-1
-1
-1
-1
-1
130
27
25
17
-1
21
180
-1
-1
-1
-1
-1
-1
-1
-1
-1
154
-1
-1
-1
-1
-1
127
28
23
20
-1
23
185
-1
-1
-1
-1
-1
-1
-1
-1
-1
154
-1
-1
-1
-1
-1
130
31
22
18
-1
25
186
-1
-1
-1
-1
-1
-1
-1
-1
-1
-1
-1
-1
-1
-1
-1
210
29
22
17
-1
23
257
-1
-1
-1
-1
-1
-1
-1
-1
184
-1
-1
-1
-1
-1
-1
129
27
25
19
6
21
154
-1
-1
-1
-1
-1
-1
-1
-1
181
-1
-1
-1
-1
-1
-1
128
27
23
-1
22
18
155
-1
-1
-1
-1
-1
123
-1
-1
67
-1
-1
-1
-1
-1
135
30
28
23
-1
23
17
113
-1
-1
-1
-1
-1
196
-1
-1
-1
-1
-1
-1
-1
-1
-1
181
-1
53
-1
22
111
-1
-1
-1
-1
-1
-1
132
24
62
-1
-1
-1
-1
-1
-1
-1
164
-1
56
-1
18
99
-1
-1
-1
-1
-1
-1
126
24
60
-1
-1
-1
-1
-1
-1
-1
191
-1
-1
34
5
101
-1
-1
-1
-1
-1
-1
127
24
60
-1
-1
-1
-1
-1
-1
-1
188
-1
-1
34
106
-1
-1
-1
-1
-1
-1
-1
139
25
118
-1
-1
-1
-1
-1
-1
-1
-1
-1
-1
156
101
-1
-1
-1
-1
-1
-1
-1
133
-1
133
-1
-1
-1
-1
-1
-1
-1
-1
-1
-1
159
106
-1
-1
-1
-1
-1
-1
-1
128
52
-1
-1
-1
-1
-1
-1
161
-1
-1
-1
79
7
114
-1
-1
-1
-1
-1
-1
134
30
52
-1
-1
-1
-1
-1
-1
159
-1
-1
-1
76
8
72
-1
-1
-1
-1
-1
-1
129
30
35
-1
-1
-1
-1
67
-1
101
-1
-1
-1
76
78
-1
-1
-1
-1
-1
-1
-1
127
30
32
-1
-1
-1
-1
132
-1
-1
-1
-1
-1
109
81
-1
-1
-1
-1
-1
-1
-1
132
28
25
-1
-1
-1
47
30
30
67
-1
-1
56
20
84
-1
-1
-1
-1
-1
-1
-1
-1
192
-1
-1
-1
-1
46
29
30
68
-1
-1
50
18
81
-1
-1
-1
-1
-1
-1
-1
-1
188
-1
-1
-1
-1
42
33
30
70
-1
-1
60
18
77
-1
-1
-1
-1
63
-1
-1
-1
114
-1
-1
-1
-1
43
29
31
66
-1
-1
56
33
-1
-1
-1
-1
67
66
-1
-1
106
-1
-1
-1
-1
26
21
30
65
-1
-1
-1
88
31
-1
-1
-1
-1
68
68
-1
-1
110
-1
-1
-1
-1
27
-1
54
54
-1
-1
-1
93
32
-1
-1
-1
-1
63
-1
-1
-1
107
-1
-1
-1
-1
26
-1
111
-1
-1
-1
-1
95
26
-1
-1
-1
45
98
-1
-1
117
-1
-1
-1
-1
-1
91
-1
-1
-1
-1
88
-1
89
-1
-1
-1
-1
105
-1
-1
-1
-1
-1
-1
-1
-1
-1
116
-1
-1
-1
-1
92
-1
85
-1
-1
-1
-1
195
-1
-1
-1
-1
-1
-1
-1
-1
121
-1
-1
-1
-1
-1
119
-1
85
-1
-1
-1
-1
172
-1
-1
-1
-1
-1
-1
-1
-1
243
-1
-1
-1
-1
-1
-1
-1
-1
-1
-1
-1
-1
258
-1
-1
-1
-1
-1
-1
-1
-1
213
-1
-1
-1
-1
-1
-1
-1
-1
-1
-1
-1
296
-1
-1
-1
-1
-1
-1
-1
-1
-1
216
-1
-1
-1
-1
-1
-1
-1
-1
-1
-1
-1
299
-1
-1
-1
-1
-1
-1
-1
-1
-1
219
-1
-1
-1
-1
-1
-1
-1
-1
-1
-1
-1
289
-1
-1
-1
-1
-1
-1
-1
-1
247
-1
-1
-1
-1
-1
-1
-1
-1
-1
-1
-1
-1
269
-1
-1
227
-1
-1
-1
-1
-1
286
-1
-1
-1
-1
-1
-1
-1
-1
-1
-1
-1
-1
-1
-1
-1
248
-1
-1
-1
-1
-1
297
-1
-1
-1
-1
-1
-1
-1
-1
-1
-1
-1
-1
-1
-1
-1
-1
-1
-1
-1
-1
-1
266
-1
-1
-1
-1
-1
-1
-1
-1
-1
-1
-1
-1
-1
-1
274
-1
-1
-1
-1
-1
78
191
-1
-1
-1
-1
-1
-1
-1
-1
-1
-1
-1
-1
-1
-1
278
-1
-1
-1
-1
-1
244
-1
-1
-1
-1
-1
-1
-1
-1
-1
-1
-1
-1
-1
-1
-1
311
-1
-1
-1
-1
-1
556
-1
-1
-1
-1
-1
-1
-1
-1
-1
-1
-1
-1
-1
-1
-1
-1
-1
-1
-1
-1
279
284
-1
-1
-1
-1
-1
-1
-1
-1
-1
-1
-1
-1
-1
-1
-1
-1
-1
-1
-1
-1
569
-1
-1
-1
-1
-1
-1
-1
-1
-1
-1
-1
-1
-1
-1
-1
-1
-1
-1
-1
-1
-1
587
-1
-1
-1
-1
-1
-1
-1
-1
-1
-1
-1
-1
-1
-1
-1
-1
-1
-1
-1
-1
-1
587
-1
-1
-1
-1
-1
-1
-1
-1
-1
-1
-1
-1
-1
-1
-1
-1
-1
-1
-1
-1
61
124
-1
-1
-1
-1
-1
-1
-1
-1
-1
-1
-1
230
-1
-1
-1
66
95
64
-1
-1
61
111
-1
-1
-1
-1
-1
-1
-1
-1
-1
-1
187
25
-1
-1
-1
67
30
64
-1
-1
63
119
-1
-1
-1
-1
-1
-1
-1
-1
-1
-1
180
27
-1
-1
-1
69
30
64
-1
-1
153
-1
-1
-1
-1
-1
-1
-1
-1
-1
-1
-1
212
26
-1
-1
35
30
30
65
-1
-1
146
-1
-1
-1
-1
-1
-1
-1
-1
-1
-1
-1
236
-1
-1
-1
34
30
29
-1
-1
-1
144
-1
-1
-1
-1
-1
-1
-1
-1
-1
-1
179
47
-1
-1
-1
35
29
104
-1
32
-1
136
-1
-1
-1
-1
-1
-1
-1
-1
-1
-1
185
41
-1
-1
11
19
31
65
33
30
30
169
-1
-1
-1
-1
-1
-1
-1
-1
-1
-1
-1
-1
-1
-1
187
19
31
30
34
30
159
-1
-1
-1
-1
-1
-1
-1
-1
-1
-1
-1
-1
-1
-1
-1
207
22
29
30
-1
30
110
-1
-1
-1
-1
-1
-1
-1
-1
-1
-1
222
-1
-1
-1
-1
26
19
28
63
-1
30
94
-1
-1
-1
-1
-1
-1
-1
115
-1
-1
113
-1
-1
-1
-1
29
19
28
62
