1625
4095
0
0
0
1645
0
0
0
0
0
0
0
2674
0
0
4
0
0
0
0
2457
1507
3327
0
0
1174
0
0
0
0
0
0
0
0
3435
0
0
3
0
0
0
0
4095
1901
4095
0
0
0
0
0
0
0
0
0
0
0
3492
0
0
0
0
0
0
4095
444
1523
3616
0
0
0
0
0
0
0
0
0
0
999
1788
1819
0
0
0
0
0
4095
538
1532
3033
0
0
0
0
0
0
0
0
0
0
1229
1606
1922
0
0
0
0
0
4095
479
1856
2851
0
0
0
0
0
0
0
0
0
0
0
2853
1329
0
0
0
0
0
4095
471
1523
2033
0
0
0
0
0
0
0
0
0
0
0
2909
0
0
0
0
0
0
4095
536
3644
0
0
0
0
0
0
0
0
0
0
0
1407
1646
0
0
0
0
0
0
4095
460
2217
0
0
0
1620
0
0
0
0
0
0
0
1225
236
0
0
0
4095
0
4095
850
460
1203
0
0
0
1324
0
0
0
0
0
0
0
1191
0
0
0
0
4095
0
4095
629
534
725
0
0
0
1371
0
0
0
0
0
0
0
1185
0
0
0
0
4095
0
4095
724
452
1820
0
0
0
0
0
0
0
0
0
0
0
51
0
0
0
0
0
0
4095
836
562
0
1562
0
0
0
0
0
0
0
0
0
0
0
0
0
0
0
0
4095
1756
733
695
0
1076
0
0
0
0
0
0
0
0
0
0
225
0
0
0
0
0
4095
1887
724
714
0
776
0
0
0
0
0
0
0
0
0
0
330
0
0
0
0
0
4095
1658
872
533
0
214
0
0
0
0
0
0
0
0
0
0
224
0
0
0
0
0
4095
1633
847
243
242
418
0
0
0
0
0
0
0
0
0
0
0
0
0
0
0
0
4095
1948
835
0
256
239
0
0
0
0
0
0
0
0
0
0
0
0
0
0
0
4095
4095
1740
698
0
263
151
0
0
0
0
0
0
0
0
0
0
0
0
0
0
0
1261
4095
1728
837
0
226
70
0
0
0
0
0
0
0
0
0
0
0
0
0
0
0
1475
4095
1749
451
0
116
50
0
0
0
0
0
0
0
0
0
0
0
0
0
0
0
1715
4095
1897
0
0
131
0
0
0
0
0
0
0
0
0
166
0
0
0
0
0
0
1678
4095
1704
0
0
26
0
0
0
0
0
0
0
0
0
162
0
0
0
0
0
541
1194
4095
1731
0
7
36
0
0
0
0
0
0
183
0
0
0
0
0
0
0
0
532
4095
4095
1203
0
69
90
0
0
0
0
0
0
1047
0
0
0
0
0
0
0
0
239
4095
4095
377
0
0
531
0
0
0
0
0
0
1664
0
172
0
0
0
0
0
0
81
4095
0
362
0
150
648
0
0
0
0
0
0
1414
0
167
0
0
0
0
0
0
0
4095
0
0
433
232
0
0
0
0
0
0
1710
0
1590
0
0
0
0
0
0
0
56
2032
0
0
452
322
0
0
0
0
0
0
1965
1387
0
111
0
0
0
0
0
0
69
0
0
0
1205
198
0
0
0
0
0
0
3006
1523
0
0
0
0
0
0
0
0
443
0
0
0
1034
136
0
0
0
0
0
0
3231
1566
0
0
0
0
0
0
0
0
741
0
0
1041
69
159
0
0
0
0
0
0
3144
1471
320
0
0
0
0
0
0
1159
0
0
0
1480
147
0
0
0
0
0
0
0
3125
0
392
0
0
0
0
0
0
2091
0
0
0
1372
39
0
0
0
0
0
0
0
3401
0
65
0
0
0
0
96
0
2735
0
0
1015
463
16
0
0
0
0
0
0
2091
1265
174
0
0
0
0
0
2038
0
0
0
0
1678
322
0
0
0
0
0
0
0
1887
0
351
0
0
0
0
0
0
0
2643
0
0
963
189
0
0
0
0
0
0
0
1348
0
319
0
0
0
0
90
0
1115
1505
0
0
709
28
0
0
0
0
0
0
0
0
0
0
0
0
0
0
0
107
1211
1226
0
0
774
175
0
0
0
0
0
0
0
0
0
0
0
0
0
0
0
1182
1446
0
0
0
1634
319
0
0
0
0
0
0
0
0
0
0
0
0
0
49
0
1130
668
0
0
0
1281
338
0
0
0
17
0
0
0
0
0
0
0
0
0
0
0
1098
156
0
0
0
1581
0
0
0
0
102
0
0
0
0
0
0
0
0
0
0
0
867
0
0
0
0
1151
0
0
0
0
121
0
0
0
0
0
0
0
0
0
0
0
0
0
0
0
0
682
0
0
0
0
78
0
0
0
0
0
0
0
0
7
0
0
0
0
671
0
0
0
0
0
0
9
0
0
0
0
0
0
0
0
0
7
0
0
0
0
175
0
0
0
0
0
0
10
0
0
0
0
0
0
0
0
0
0
0
0
0
0
189
0
0
0
0
0
0
14
0
0
0
0
0
0
0
0
0
247
0
0
0
0
0
0
0
0
0
0
0
0
0
0
0
0
0
0
0
0
0
0
0
0
0
0
0
0
0
0
0
0
0
0
0
0
0
0
0
0
0
0
5
0
0
0
0
0
0
0
0
0
0
0
0
0
0
0
0
0
0
0
0
0
1755
0
0
0
0
0
0
0
0
0
0
0
0
0
0
0
0
0
0
0
0
0
12
0
0
0
0
0
0
0
0
0
0
0
4095
0
0
4095
0
0
0
0
0
0
25
0
0
0
0
0
0
0
0
0
0
0
0
0
0
4095
0
0
0
0
0
52
0
0
0
0
0
0
0
0
0
0
0
0
0
0
0
4095
0
0
0
0
0
148
0
0
0
0
0
0
0
0
0
0
0
0
0
0
0
0
0
0
0
0
0
4095
0
0
0
0
0
0
0
0
0
0
0
0
0
0
0
0
0
0
0
0
0
4095
0
0
0
0
0
0
0
0
0
0
0
0
0
0
0
0
0
0
0
0
4095
0
0
0
0
0
0
0
0
0
0
0
0
0
0
0
0
0
0
0
0
0
4095
0
0
0
0
0
0
0
0
0
0
0
0
0
0
0
0
0
0
0
0
0
4095
0
0
0
0
0
0
0
0
0
0
0
0
0
0
0
0
0
0
0
0
4095
0
0
0
0
0
0
0
0
0
0
0
0
4095
0
0
0
0
4095
0
0
0
114
0
0
0
0
0
0
0
0
0
0
0
0
4095
0
0
0
4095
1237
0
0
0
19
0
0
0
0
0
0
0
0
0
0
0
0
4095
0
0
4095
4095
1242
0
0
0
90
0
0
0
0
0
0
0
0
0
0
0
71
0
0
0
4095
4095
1133
0
0
313
0
0
0
0
0
0
0
0
0
0
0
0
83
0
0
0
4095
4095
1153
0
0
0
1752
0
0
0
0
0
0
0
0
0
0
34
936
0
0
0
3205
4095
1131
0
0
871
1141
0
0
0
0
0
0
0
0
0
0
182
0
0
0
4095
3370
4095
4095
0
1630
914
1106
0
0
0
0
0
0
0
0
0
0
140
0
0
0
3122
3003
4095
4095
0
1546
2474
0
0
0
0
0
0
0
0
0
0
0
601
0
0
1792
1545
2993
4095
4095
0
1482
1162
0
0
0
0
0
0
0
0
0
0
0
405
0
0
1486
1919
3186
4095
4095
171
0
2616
0
0
0
0
0
0
0
0
0
0
8
0
0
0
4095
1620
3458
4095
1441
0
1637
483
0
0
0
0
0
0
0
0
0
0
1713
0
0
0
3949
1487
3006
4095
0
0
1814
0
0
0
0
0
0
0
1688
0
0
4
0
0
0
0
3104
1959
