4095
0
0
0
1611
0
0
0
0
0
0
0
4095
0
0
3
0
0
0
0
3226
1542
3459
0
0
0
1796
0
0
0
0
0
0
0
3396
0
0
2
0
0
0
0
4095
1893
3480
0
0
0
0
0
0
0
0
0
0
0
3412
0
0
0
0
0
0
0
4095
1522
3938
0
0
0
0
0
0
0
0
0
0
0
2100
1698
0
0
0
0
0
4095
440
1570
3257
0
0
0
0
0
0
0
0
0
0
2781
1779
1645
0
0
0
0
0
4095
449
1878
3015
0
0
0
0
0
0
0
0
0
0
0
1746
1789
0
0
0
0
0
4095
534
1581
2345
0
0
0
0
0
0
0
0
0
0
0
2900
210
0
0
0
0
0
4095
458
1551
0
0
0
0
0
0
0
0
0
0
0
1207
1586
0
0
0
0
0
0
4095
445
1810
0
0
0
3299
0
0
0
0
0
0
0
1353
645
0
0
0
4095
0
1646
728
585
1949
0
0
0
1433
0
0
0
0
0
0
0
1344
0
0
0
0
4095
0
1603
715
463
1705
0
0
0
1431
0
0
0
0
0
0
0
1214
0
0
0
0
4095
0
1646
804
532
708
0
0
0
2303
0
0
0
0
0
0
0
209
0
0
0
0
4095
0
1808
731
474
914
925
0
0
0
0
0
0
0
0
0
0
0
0
0
0
0
0
4095
1628
808
446
0
1158
0
0
0
0
0
0
0
0
0
0
135
0
0
0
0
0
4095
1651
709
534
0
1072
0
0
0
0
0
0
0
0
0
0
339
0
0
0
0
0
4095
1930
722
387
0
548
0
0
0
0
0
0
0
0
0
0
331
0
0
0
0
0
4095
1719
799
0
0
294
0
0
0
0
0
0
0
0
0
0
0
0
0
0
0
0
4095
1648
739
0
281
289
0
0
0
0
0
0
0
0
0
0
0
0
0
0
0
4095
4095
1695
802
0
237
161
0
0
0
0
0
0
0
0
0
0
0
0
0
0
0
1144
4095
2019
811
0
225
88
0
0
0
0
0
0
0
0
0
0
0
0
0
0
0
1271
4095
1752
651
0
220
34
0
0
0
0
0
0
0
0
0
0
0
0
0
0
0
1965
4095
1745
0
0
125
13
0
0
0
0
0
0
0
0
168
0
0
0
0
0
0
1624
4095
1930
0
0
181
1
0
0
0
0
0
0
0
0
166
0
0
0
0
0
584
1154
4095
1746
0
4
20
0
0
0
0
0
0
0
0
0
163
0
0
0
0
0
554
4095
4095
1422
0
54
61
0
0
0
0
0
0
747
0
0
0
0
0
0
0
0
365
4095
4095
342
0
13
112
0
0
0
0
0
0
1554
0
0
0
0
0
0
0
0
102
4095
0
811
0
59
327
0
0
0
0
0
0
3275
0
0
0
0
0
0
0
0
0
4095
0
0
0
84
899
0
0
0
0
0
1394
0
330
0
0
0
0
0
0
0
0
4095
0
0
400
175
0
0
0
0
0
0
1647
1391
0
0
0
0
0
0
0
0
81
0
0
0
633
165
0
0
0
0
0
0
2586
1403
0
0
0
0
0
0
0
0
771
0
0
0
615
161
0
0
0
0
0
0
3376
1428
0
0
0
0
0
0
0
0
1232
0
0
927
66
273
0
0
0
0
0
0
3322
1607
280
0
0
0
0
0
0
624
0
0
0
962
246
0
0
0
0
0
0
0
3275
382
323
0
0
0
0
0
0
2334
0
0
0
986
141
0
0
0
0
0
0
0
3184
0
207
0
0
0
0
1069
0
3981
0
0
0
939
30
0
0
0
0
0
0
0
3906
67
0
0
0
0
0
1350
0
0
0
0
1029
400
0
0
0
0
0
0
0
2000
0
346
0
0
0
0
0
1102
0
1525
0
0
1001
222
0
0
0
0
0
0
0
1670
0
386
0
0
0
0
76
0
1139
1535
0
0
763
85
0
0
0
0
0
0
0
0
0
0
0
0
0
0
0
0
1080
2123
0
0
892
77
0
0
0
0
0
0
0
0
0
0
0
0
0
0
0
934
1109
0
0
0
973
274
0
0
0
0
0
0
0
0
0
0
0
0
0
27
0
1215
1798
0
0
0
715
351
0
0
0
0
0
0
0
0
0
0
0
0
0
37
0
1255
1004
0
0
0
636
587
0
0
0
99
0
0
0
0
0
0
0
0
0
0
0
886
0
0
0
0
1179
0
0
0
0
102
0
0
0
0
0
0
0
0
0
0
0
0
0
0
0
0
487
0
0
0
0
102
0
0
0
0
0
0
0
0
0
0
0
0
0
0
0
0
535
0
0
0
0
12
0
0
0
0
0
0
0
0
37
0
0
0
0
811
0
0
1
0
0
0
7
0
0
0
0
0
0
0
0
0
0
0
0
0
0
203
0
0
0
0
0
0
10
0
0
0
0
0
0
0
0
0
0
0
0
0
0
107
0
0
0
0
0
0
10
0
0
0
0
0
0
0
0
0
0
0
0
0
0
0
0
0
0
0
0
0
5
0
0
0
0
0
0
0
0
0
0
0
0
0
0
0
0
0
0
0
0
0
0
0
0
0
0
0
0
0
0
18
0
0
0
0
0
0
0
0
0
0
0
0
0
0
0
0
0
0
0
0
0
0
0
0
0
0
0
0
0
0
0
0
0
0
0
0
4095
0
0
0
0
0
0
36
0
0
0
0
0
0
0
0
0
0
0
0
0
0
4095
0
0
0
0
0
0
0
0
0
0
0
0
0
0
0
0
0
0
0
0
0
4095
0
0
0
0
0
86
0
0
0
0
0
0
0
0
0
0
0
0
0
0
0
4095
0
0
0
0
0
74
0
0
0
0
0
0
0
0
0
0
0
0
0
0
0
0
0
0
0
0
0
51
0
0
0
0
0
0
0
0
0
0
0
0
0
0
0
0
0
0
0
0
0
10
0
0
0
0
0
0
0
0
0
0
0
0
0
0
0
0
0
0
0
0
84
0
0
0
0
0
0
0
0
0
0
0
0
0
0
0
0
0
0
0
0
0
0
0
0
0
0
0
0
0
0
0
0
0
0
0
0
0
0
0
0
0
0
0
0
0
0
0
0
0
0
0
0
0
0
0
4095
0
0
0
0
4095
0
0
0
103
0
0
0
0
0
0
0
0
0
0
0
0
3237
0
0
0
4095
1174
0
0
0
13
0
0
0
0
0
0
0
0
0
0
0
0
0
0
0
0
4095
1138
0
0
0
43
0
0
0
0
0
0
0
0
0
0
0
69
0
0
0
4095
4095
1273
104
0
959
0
0
0
0
0
0
0
0
0
0
0
0
101
0
0
0
4095
4095
1269
0
0
0
431
0
0
0
0
0
0
0
0
0
0
6
666
0
0
0
4095
4095
1138
0
0
0
2116
0
0
0
0
0
0
0
0
0
0
163
11
0
0
4095
3100
4095
3776
0
997
803
2299
0
0
0
0
0
0
0
0
0
0
182
0
0
0
3419
3009
4095
4095
0
1372
1153
0
0
0
0
0
0
0
0
0
0
0
459
0
0
0
3294
3257
4095
4095
0
2728
1535
0
0
0
0
0
0
0
0
0
0
0
567
0
0
1470
1656
3277
4095
4095
0
0
1102
0
0
0
0
0
0
0
0
0
0
5
0
0
0
4095
1746
3076
4095
4095
0
1343
892
0
0
0
0
0
0
0
0
0
0
2
0
0
0
4095
1844
3265
4095
565
0
1279
0
0
0
0
0
0
0
0
0
0
3
0
0
0
0
3390
1544
3320
