-1
23
18
52
-1
-1
-1
51
-1
-1
-1
-1
-1
-1
-1
120
-1
-1
49
-1
-1
-1
-1
43
20
54
-1
-1
-1
95
-1
-1
-1
-1
-1
-1
-1
60
-1
-1
-1
-1
-1
-1
-1
45
18
61
-1
-1
-1
-1
-1
-1
-1
-1
-1
-1
-1
60
-1
-1
-1
-1
-1
-1
41
5
17
85
-1
-1
-1
-1
-1
-1
-1
-1
-1
-1
-1
48
30
-1
-1
-1
-1
-1
60
6
21
111
-1
-1
-1
-1
-1
-1
-1
-1
-1
-1
-1
55
33
-1
-1
-1
-1
-1
66
5
18
109
-1
-1
-1
-1
-1
-1
-1
-1
-1
-1
-1
57
21
-1
-1
-1
-1
-1
63
6
17
82
-1
-1
-1
-1
-1
-1
-1
-1
-1
-1
-1
56
-1
-1
-1
-1
-1
-1
35
5
21
128
-1
-1
-1
-1
-1
-1
-1
-1
-1
-1
24
30
-1
-1
-1
63
-1
-1
10
5
18
-1
-1
-1
130
-1
-1
-1
-1
-1
-1
-1
22
-1
-1
-1
-1
53
-1
24
8
6
72
-1
-1
-1
75
-1
-1
-1
-1
-1
-1
-1
23
-1
-1
-1
-1
58
-1
19
8
5
43
-1
-1
-1
170
-1
-1
-1
-1
-1
-1
-1
23
-1
-1
-1
-1
78
-1
23
8
5
51
-1
83
-1
-1
-1
-1
-1
-1
-1
-1
-1
-1
-1
-1
-1
-1
-1
-1
45
8
6
-1
21
72
-1
-1
-1
-1
-1
-1
-1
-1
-1
-1
-1
-1
-1
-1
-1
57
17
9
23
-1
24
-1
-1
-1
-1
-1
-1
-1
-1
-1
-1
13
-1
-1
-1
-1
-1
54
20
7
19
-1
60
-1
-1
-1
-1
-1
-1
-1
-1
-1
-1
25
-1
-1
-1
-1
-1
48
18
8
15
-1
26
-1
-1
-1
-1
-1
-1
-1
-1
-1
-1
16
-1
-1
-1
-1
-1
51
18
9
-1
17
26
-1
-1
-1
-1
-1
-1
-1
-1
-1
-1
-1
-1
-1
-1
-1
-1
55
17
7
-1
16
23
-1
-1
-1
-1
-1
-1
-1
-1
-1
-1
-1
-1
-1
-1
-1
30
28
20
8
-1
16
25
-1
-1
-1
-1
-1
-1
-1
-1
-1
-1
-1
-1
-1
-1
-1
30
28
18
6
-1
16
16
-1
-1
-1
-1
-1
-1
-1
-1
-1
-1
-1
-1
-1
-1
-1
45
27
18
-1
-1
16
21
-1
-1
-1
-1
-1
-1
-1
-1
-1
-1
-1
-1
-1
-1
-1
46
31
20
-1
-1
15
7
-1
-1
-1
-1
-1
-1
-1
-1
2
-1
-1
-1
-1
-1
-1
45
27
19
-1
2
13
-1
-1
-1
-1
-1
-1
-1
-1
-1
3
-1
-1
-1
-1
-1
15
30
28
18
-1
5
16
23
-1
-1
-1
-1
-1
2
-1
-1
-1
-1
-1
-1
-1
-1
15
30
45
18
-1
3
13
-1
-1
-1
-1
-1
-1
22
-1
-1
-1
-1
-1
-1
-1
-1
22
30
-1
21
-1
4
31
-1
-1
-1
-1
-1
-1
31
-1
-1
-1
-1
-1
-1
-1
-1
22
33
-1
38
-1
5
38
-1
-1
-1
-1
-1
11
25
3
-1
-1
-1
-1
-1
-1
-1
-1
35
-1
-1
22
4
-1
-1
-1
-1
-1
-1
53
25
3
-1
-1
-1
-1
-1
-1
-1
-1
64
-1
-1
31
17
-1
-1
-1
-1
-1
-1
165
30
-1
-1
-1
-1
-1
-1
-1
-1
22
-1
-1
-1
55
16
-1
-1
-1
-1
-1
-1
-1
25
-1
-1
-1
-1
-1
-1
-1
-1
78
-1
-1
-1
10
49
-1
-1
-1
-1
-1
-1
98
25
-1
-1
-1
-1
-1
-1
-1
-1
-1
-1
-1
48
10
-1
-1
-1
-1
-1
-1
-1
90
25
18
-1
-1
-1
-1
-1
-1
170
-1
-1
-1
51
34
-1
-1
-1
-1
-1
-1
-1
90
-1
18
-1
-1
-1
-1
34
-1
97
-1
-1
-1
50
44
-1
-1
-1
-1
-1
-1
-1
104
-1
6
-1
-1
-1
-1
42
-1
127
-1
-1
60
21
35
-1
-1
-1
-1
-1
-1
90
18
12
-1
-1
-1
-1
-1
30
-1
-1
-1
-1
64
24
82
-1
-1
-1
-1
-1
-1
67
-1
20
-1
-1
-1
-1
-1
30
-1
64
-1
-1
58
23
-1
-1
-1
-1
-1
-1
-1
32
-1
16
-1
-1
-1
-1
10
-1
30
64
-1
-1
59
22
-1
-1
-1
-1
-1
25
-1
-1
-1
-1
-1
-1
-1
-1
-1
6
30
100
-1
-1
62
35
-1
-1
-1
-1
-1
-1
-1
-1
-1
-1
-1
-1
-1
-1
-1
32
34
-1
-1
-1
59
52
-1
-1
-1
59
-1
-1
-1
-1
-1
-1
-1
-1
-1
7
-1
34
63
-1
-1
-1
48
31
-1
-1
-1
44
-1
-1
-1
-1
-1
-1
-1
-1
-1
-1
-1
31
-1
-1
-1
-1
73
40
-1
-1
-1
61
-1
-1
-1
-1
-1
-1
-1
-1
-1
-1
-1
22
-1
-1
-1
-1
46
-1
-1
-1
-1
39
-1
-1
-1
-1
-1
-1
-1
-1
-1
-1
-1
-1
-1
-1
108
-1
19
-1
-1
-1
-1
29
-1
-1
-1
-1
-1
-1
-1
-1
-1
-1
-1
-1
-1
10
-1
-1
25
-1
-1
-1
12
-1
-1
-1
-1
-1
-1
-1
-1
-1
5
-1
-1
-1
-1
21
-1
-1
111
-1
-1
-1
10
-1
-1
-1
-1
-1
-1
-1
-1
-1
-1
-1
-1
-1
-1
55
-1
-1
-1
-1
-1
-1
7
-1
-1
-1
-1
-1
-1
-1
-1
-1
-1
-1
-1
-1
-1
-1
-1
-1
-1
-1
-1
-1
13
-1
-1
-1
-1
-1
-1
-1
-1
-1
-1
-1
-1
-1
-1
-1
-1
-1
-1
-1
-1
-1
39
-1
-1
-1
-1
-1
-1
-1
-1
-1
-1
-1
-1
-1
-1
-1
-1
-1
-1
-1
-1
-1
-1
-1
-1
-1
-1
-1
-1
-1
-1
-1
-1
-1
-1
-1
-1
-1
-1
-1
-1
-1
-1
-1
-1
-1
-1
-1
-1
-1
-1
-1
-1
30
-1
-1
-1
-1
-1
-1
-1
-1
-1
-1
-1
-1
-1
-1
103
-1
-1
-1
-1
-1
-1
64
-1
-1
-1
-1
-1
-1
-1
-1
-1
-1
-1
-1
-1
-1
88
-1
-1
-1
-1
-1
-1
-1
-1
-1
-1
-1
-1
-1
-1
-1
-1
-1
-1
-1
-1
-1
302
-1
-1
-1
-1
-1
27
-1
-1
-1
-1
-1
-1
-1
-1
-1
-1
-1
-1
-1
-1
-1
-1
-1
-1
-1
-1
-1
25
-1
-1
-1
-1
-1
-1
-1
-1
-1
-1
-1
-1
-1
-1
-1
-1
-1
-1
-1
-1
-1
20
-1
-1
-1
-1
-1
-1
-1
-1
-1
-1
-1
-1
-1
-1
-1
-1
-1
-1
-1
-1
-1
-1
-1
-1
-1
-1
-1
-1
-1
-1
-1
-1
-1
-1
-1
-1
-1
-1
-1
-1
-1
-1
9
-1
-1
-1
-1
-1
-1
-1
-1
-1
-1
-1
-1
-1
-1
-1
-1
-1
-1
-1
-1
-1
-1
-1
-1
-1
-1
-1
-1
-1
-1
-1
-1
-1
-1
-1
-1
-1
-1
-1
-1
-1
-1
-1
-1
-1
-1
-1
-1
-1
-1
-1
-1
-1
-1
-1
129
-1
-1
-1
194
119
-1
-1
-1
12
-1
-1
-1
-1
-1
-1
-1
-1
-1
-1
-1
-1
-1
-1
-1
-1
57
30
-1
-1
-1
12
-1
-1
-1
-1
-1
-1
-1
-1
-1
-1
-1
4
-1
-1
-1
26
29
33
-1
-1
-1
24
-1
-1
-1
-1
-1
-1
-1
-1
-1
-1
-1
24
-1
-1
-1
29
28
33
71
-1
-1
33
-1
-1
-1
-1
-1
-1
-1
-1
-1
-1
-1
29
-1
-1
-1
37
28
30
-1
-1
-1
54
-1
-1
-1
-1
-1
-1
-1
-1
-1
-1
35
22
-1
-1
14
26
31
49
-1
-1
67
32
-1
-1
-1
-1
-1
-1
-1
-1
-1
-1
67
-1
-1
-1
15
26
31
60
-1
39
30
60
-1
-1
-1
-1
-1
-1
-1
-1
-1
-1
72
-1
-1
-1
17
24
28
59
-1
36
30
-1
-1
-1
-1
-1
-1
-1
-1
-1
-1
-1
85
-1
-1
6
15
23
28
33
-1
70
30
-1
-1
-1
-1
-1
-1
-1
-1
-1
-1
-1
-1
-1
-1
17
14
24
28
34
-1
-1
31
-1
-1
-1
-1
-1
-1
-1
-1
-1
-1
95
-1
-1
-1
27
16
25
30
23
-1
35
11
-1
-1
-1
-1
-1
-1
-1
-1
-1
-1
40
-1
-1
-1
22
18
24
32
32
-1
35
-1
-1
-1
-1
-1
-1
-1
-1
-1
-1
37
-1
-1
-1
-1
