274
0
0
0
0
0
0
0
0
0
2830
0
1
0
0
0
1374
3363
0
0
0
0
713
0
0
0
0
0
0
0
0
0
0
0
2
0
0
0
2622
0
0
0
0
0
1755
0
0
0
0
0
0
0
0
0
0
0
0
0
0
0
3520
0
0
0
0
0
0
0
0
0
0
0
0
0
0
0
0
0
0
0
0
0
3721
0
0
0
0
0
0
0
0
0
0
0
0
0
0
0
0
0
0
0
0
2273
4030
0
0
0
0
0
0
0
0
0
0
0
0
0
0
0
0
0
0
0
0
2172
4036
0
0
0
0
0
0
0
0
0
0
0
0
0
115
0
0
0
0
0
-2021
2797
4039
0
0
0
0
0
0
178
0
0
0
0
0
0
179
0
0
0
0
0
-7775
3419
0
0
0
0
0
0
0
400
0
0
0
0
0
0
176
0
0
0
0
0
11790
0
0
0
0
0
0
0
2460
577
0
0
0
0
0
0
168
0
0
0
0
0
0
0
0
0
0
0
0
577
0
0
0
0
0
0
0
0
118
0
0
0
0
0
0
0
0
0
0
0
0
545
0
0
0
0
0
0
0
0
0
0
0
0
0
0
0
0
0
0
0
0
0
546
0
0
0
0
0
0
0
0
0
0
0
0
0
0
0
0
0
0
0
0
547
552
0
0
0
0
0
0
0
0
0
0
0
0
0
0
2963
0
0
0
0
0
0
0
0
0
0
0
0
0
0
0
0
0
0
0
0
0
2992
0
0
0
0
0
0
0
0
0
0
0
0
0
0
0
0
0
0
0
0
103
2843
0
0
0
0
313
0
0
0
0
0
0
0
0
0
0
0
0
0
0
0
1112
0
0
0
0
0
0
0
0
0
0
0
0
0
0
0
0
0
0
0
0
0
2538
0
0
0
0
0
0
0
0
0
0
0
0
0
0
0
0
0
0
0
0
0
2685
0
0
0
0
0
0
0
0
0
0
0
0
0
0
0
0
0
0
0
0
0
1906
0
0
0
0
0
0
0
0
0
0
0
0
0
0
0
0
0
0
0
0
0
0
0
0
0
0
0
0
0
0
0
0
0
0
0
0
0
0
0
0
0
0
0
0
0
0
0
0
0
0
0
0
0
0
0
0
0
0
0
0
0
0
0
0
0
0
0
0
0
0
0
0
0
0
0
0
0
0
0
0
0
0
0
0
0
0
0
0
0
0
0
0
0
0
0
0
0
0
0
0
120
0
0
0
0
0
0
0
0
0
0
0
0
0
0
0
0
0
0
0
0
0
0
0
0
0
0
0
0
0
0
0
0
0
0
0
0
0
0
0
0
0
0
0
0
0
0
0
0
0
0
0
0
0
0
0
0
0
0
0
0
0
0
0
0
0
0
0
0
0
0
0
0
0
4
0
0
0
0
0
0
0
0
0
0
2
2
0
0
0
0
0
0
0
0
0
7
0
0
0
358
0
0
0
0
0
0
2
1695
0
0
0
0
0
0
0
0
0
197
0
0
432
0
0
0
0
0
0
4
8
1682
0
0
0
0
0
0
0
0
55
518
0
0
418
0
0
0
0
0
0
6
10
1700
0
0
0
0
0
0
0
0
0
0
0
0
370
0
0
0
0
0
0
6
9
1662
0
0
0
0
0
0
0
0
92
0
0
480
865
0
0
0
0
0
0
114
115
1857
0
0
0
0
0
0
0
22
367
162
0
491
0
0
0
0
0
0
0
568
574
0
0
0
0
0
0
0
0
0
0
0
0
526
0
0
0
0
0
0
0
339
345
0
0
0
0
0
0
0
0
0
0
0
0
537
0
0
0
0
0
0
22
109
112
0
0
0
0
0
0
0
0
0
0
0
610
1106
0
0
0
0
0
0
108
0
0
0
0
0
0
0
0
0
0
0
0
0
564
0
0
0
0
0
0
0
0
1
0
0
0
0
0
0
0
0
0
0
0
0
536
0
0
0
0
0
0
0
123
0
0
0
0
0
0
0
0
0
0
0
0
0
569
0
0
0
0
0
0
0
0
0
0
0
0
0
0
0
0
0
0
0
0
0
538
0
0
0
0
0
0
0
0
0
0
0
0
0
0
0
0
0
0
0
0
0
541
0
0
0
0
0
0
0
0
0
0
0
0
0
0
0
0
0
0
0
0
0
612
0
0
0
0
0
0
0
0
0
0
0
0
0
0
0
0
0
0
0
0
579
0
0
0
0
0
0
0
0
0
0
0
0
0
0
0
0
0
0
0
0
0
0
0
0
0
0
0
0
0
0
0
0
0
0
0
0
0
0
0
0
0
0
0
0
0
0
0
0
0
0
0
0
0
0
0
0
0
0
0
0
0
0
0
0
0
0
0
0
0
0
0
0
0
0
0
0
0
0
0
0
0
0
0
0
0
0
0
0
0
0
0
0
0
0
0
0
0
0
0
0
0
0
0
0
0
0
0
0
0
0
0
0
0
0
0
0
0
0
0
0
0
0
0
0
0
0
0
0
0
0
0
0
0
0
0
0
0
0
0
0
-1117
0
0
0
0
0
0
0
0
0
0
0
0
0
0
0
0
0
0
0
0
0
-5219
0
0
0
0
0
0
0
0
0
0
0
0
0
0
0
0
0
0
0
0
0
8782
0
0
0
0
0
0
0
0
0
0
0
0
0
0
0
0
0
0
0
0
1953
0
0
0
0
0
0
0
0
0
0
0
0
0
0
0
0
0
0
0
0
0
1382
0
0
0
0
0
0
0
0
0
0
0
0
0
0
0
0
0
0
0
0
520
0
0
0
0
0
0
0
0
0
0
0
0
0
0
0
0
0
0
0
0
111
1441
0
0
0
0
0
0
0
0
0
0
0
0
0
0
0
0
0
0
0
0
0
0
0
0
0
0
0
0
0
0
0
0
0
0
0
0
0
0
0
0
0
0
0
0
0
0
0
0
0
0
0
0
0
0
0
0
0
0
0
0
0
0
0
0
0
0
0
0
0
0
0
0
0
0
0
0
0
0
0
0
0
0
0
0
0
0
-4046
-6282
-7394
1124
0
0
0
0
0
0
0
0
0
0
0
0
0
0
0
0
0
0
-3191
-4900
-7583
1417
0
0
0
0
0
0
0
0
0
0
0
0
0
0
0
0
0
0
9098
14818
16880
1878
0
0
0
0
0
0
0
0
0
0
0
0
0
0
0
0
0
0
1688
0
0
0
0
45
0
0
0
0
0
0
0
0
0
0
0
0
0
0
0
0
1364
0
0
0
0
66
0
0
0
0
0
0
0
0
0
0
0
0
0
0
0
0
783
0
0
0
0
172
0
0
0
0
0
0
0
0
0
5
5
5
0
0
0
871
0
0
0
0
0
1181
0
0
0
0
0
0
0
0
0
1
1
1
0
0
0
1168
0
0
0
0
0
1075
0
0
0
0
0
0
0
0
0
5
769
769
0
0
0
840
0
0
0
0
170
0
0
0
0
0
0
0
0
0
0
3
484
484
0
0
2645
0
0
0
0
0
0
0
0
0
0
0
0
0
0
0
0
0
0
0
0
0
3768
0
0
0
0
0
0
0
0
0
0
0
0
0
0
0
-404
5
0
0
0
0
3453
0
0
0
0
0
0
0
0
0
0
0
0
0
0
0
627
14
0
0
0
0
3224
0
0
0
0
0
