0
0
0
0
0
0
0
0
1954
0
2
0
0
0
0
3599
0
0
0
0
0
931
0
0
0
0
0
0
0
0
0
0
1
0
0
0
2036
3852
0
0
0
0
0
0
0
0
0
0
0
0
0
0
0
0
0
0
0
0
3002
0
0
0
0
0
599
0
0
0
0
0
0
0
0
0
0
0
0
0
0
0
3464
0
0
0
0
0
1871
0
0
0
0
0
0
0
0
0
0
0
0
0
0
1249
3684
0
0
0
0
0
0
0
0
0
0
0
0
0
0
0
0
0
0
0
0
2173
3801
0
0
0
0
0
0
0
0
0
0
0
0
0
0
0
0
0
0
0
0
2101
3851
0
0
0
0
0
0
0
0
0
0
0
0
0
179
0
0
0
0
0
-5608
3193
3922
0
0
0
0
0
0
0
0
0
0
0
0
0
165
0
0
0
0
0
6793
0
0
0
0
0
0
0
0
195
0
0
0
0
0
0
167
0
0
0
0
0
0
0
0
0
0
0
0
0
0
376
0
0
0
0
0
0
162
0
0
0
0
0
0
0
0
0
0
0
0
0
1859
540
0
0
0
0
0
0
120
0
0
0
0
0
0
3495
0
0
0
0
0
516
0
0
0
0
0
0
0
0
0
0
0
0
0
0
0
0
0
0
0
0
0
0
0
0
0
0
0
0
0
0
0
0
0
0
0
0
2115
0
0
0
0
0
0
0
0
0
0
0
0
0
0
0
0
0
0
0
0
0
2267
0
0
0
0
0
0
0
0
0
0
0
0
0
0
0
0
0
0
0
0
0
2651
0
0
0
0
0
0
0
0
0
0
0
0
0
0
0
0
0
0
0
0
0
0
0
0
0
0
0
0
0
0
0
0
0
0
0
0
0
0
0
0
0
0
0
0
0
0
0
0
0
0
0
0
0
0
0
0
0
0
0
0
0
0
0
0
0
0
0
0
0
0
0
0
0
0
0
0
0
0
0
0
0
0
0
0
0
0
786
0
0
0
0
0
0
0
0
0
0
0
0
0
0
0
0
0
0
0
0
0
0
0
0
0
0
0
0
0
0
0
0
0
0
0
0
0
0
0
0
0
0
0
0
0
0
0
0
0
0
0
0
0
0
0
0
0
0
0
0
0
0
0
0
0
0
0
0
0
0
0
0
0
0
0
0
0
0
0
0
0
0
0
0
0
0
0
0
0
0
0
0
0
0
0
0
0
0
0
0
0
0
0
0
0
0
0
0
0
0
0
0
0
0
0
0
0
0
0
0
0
0
0
0
0
0
0
0
0
0
0
0
0
0
0
0
0
0
0
0
0
0
0
0
0
0
0
0
0
0
0
0
0
0
0
0
0
0
0
0
0
0
0
0
0
0
0
0
0
0
0
0
0
0
0
0
0
0
0
0
0
0
0
0
0
0
4
0
0
0
0
0
0
0
0
0
6
0
0
0
0
0
0
0
0
0
0
4
692
0
0
0
0
0
0
0
0
0
67
0
0
0
0
0
0
0
0
0
0
2
1677
0
0
0
0
0
0
0
0
19
237
0
0
369
0
0
0
0
0
0
0
2
1720
0
0
0
0
0
0
0
0
68
268
0
0
349
0
0
0
0
0
0
9
12
1891
0
0
0
0
0
0
0
0
71
0
0
0
428
0
0
0
0
0
0
8
13
1777
0
0
0
0
0
0
0
0
696
0
0
0
486
0
0
0
0
0
0
9
12
0
0
0
0
0
0
0
0
42
0
0
0
526
0
0
0
0
0
0
0
438
441
0
0
0
0
0
0
0
0
0
0
0
0
476
0
0
0
0
0
0
0
574
576
0
0
0
0
0
0
0
0
0
0
0
589
1074
0
0
0
0
0
0
75
76
81
0
0
0
0
0
0
0
0
0
0
0
0
511
0
0
0
0
0
0
108
108
108
0
0
0
0
0
0
0
0
0
0
0
559
0
0
0
0
0
0
0
0
0
0
0
0
0
0
0
0
0
0
0
0
0
544
0
0
0
0
0
0
0
35
1
0
0
0
0
0
0
0
0
0
0
0
0
638
0
0
0
0
0
0
0
0
0
0
0
0
0
0
0
0
0
0
0
0
0
545
0
0
0
0
0
0
0
0
0
0
0
0
0
0
0
0
0
0
0
0
564
1100
0
0
0
0
0
0
0
0
0
0
0
0
0
0
0
0
0
0
0
0
0
525
0
0
0
0
0
0
0
0
0
0
0
0
0
0
0
0
0
0
0
0
639
0
0
0
0
0
0
0
0
0
0
0
0
0
0
0
0
0
0
0
0
0
0
0
0
0
0
0
0
0
0
0
0
0
0
0
0
0
0
0
0
0
0
7
0
0
0
0
0
0
0
0
0
0
0
0
0
0
0
0
0
0
0
0
0
0
0
0
0
0
0
0
0
0
0
0
0
0
0
0
0
0
0
0
0
0
0
0
0
0
0
0
0
0
0
0
0
0
0
0
0
0
0
0
0
0
0
0
0
0
0
0
0
0
0
0
0
0
0
0
0
0
0
0
0
0
0
0
0
0
0
0
0
0
0
0
0
0
0
0
0
-4078
0
0
0
0
0
0
0
0
0
0
0
0
0
0
0
0
0
0
0
0
0
5929
0
0
0
0
0
0
0
0
0
0
0
0
0
0
0
0
0
0
0
0
1189
0
0
0
0
0
0
0
0
0
0
0
0
0
0
0
0
0
0
0
0
0
2115
0
0
0
0
0
0
0
0
0
0
0
0
0
0
0
0
0
0
0
0
0
909
0
0
0
0
0
0
0
0
0
0
0
0
0
0
0
0
0
0
0
0
1821
0
0
0
0
0
0
0
0
0
0
0
0
0
0
0
0
0
0
0
0
0
0
0
0
0
0
0
0
0
0
0
0
0
0
0
0
0
0
0
0
0
0
0
0
0
0
0
0
0
0
0
0
0
0
0
0
0
0
0
0
0
0
0
0
0
0
0
-5955
0
0
0
0
0
0
0
0
0
0
0
0
0
0
0
0
0
0
0
0
-6789
-4432
0
0
0
0
0
0
0
0
0
0
0
0
0
0
0
0
0
0
0
-5446
-6768
-1512
0
0
0
0
0
0
0
0
0
0
0
0
0
0
0
0
0
0
375
7600
16117
20153
0
0
0
0
0
0
0
0
0
0
0
0
0
0
0
3
0
0
2158
0
0
0
0
0
0
0
0
0
0
0
0
0
0
0
0
0
0
0
0
0
2401
0
0
0
0
6
0
0
0
0
0
0
0
0
0
0
0
0
0
0
0
0
2082
0
0
0
0
64
0
0
0
0
0
0
0
0
0
3
3
3
0
0
0
1792
0
0
0
0
0
74
0
0
0
0
0
0
0
0
0
2
2
2
0
0
0
1160
0
0
0
0
0
692
0
0
0
0
0
0
0
0
1
1
412
412
0
0
0
902
0
0
0
0
0
1084
0
0
0
0
0
0
0
0
0
3
690
690
0
0
0
1159
0
0
0
0
160
1121
0
0
0
0
0
0
0
0
0
0
0
0
0
0
2667
0
0
0
0
0
0
1165
0
0
0
0
0
0
0
0
0
4
154
0
0
0
3174
0
0
0
0
0
0
0
0
0
0
0
0
0
0
0
574
22
154
0
0
0
3163
0
0
0
0
0
0
0
