-1
-1
-1
85
5
16
52
-1
-1
184
-1
-1
-1
-1
-1
-1
-1
-1
165
-1
-1
-1
-1
-1
-1
87
5
13
183
-1
-1
-1
-1
-1
-1
-1
-1
-1
-1
86
127
-1
-1
-1
-1
-1
-1
58
6
13
178
-1
-1
-1
-1
-1
-1
-1
-1
-1
-1
86
30
136
-1
-1
-1
-1
-1
56
5
15
181
-1
-1
-1
-1
-1
-1
-1
-1
-1
-1
91
30
126
-1
-1
-1
-1
-1
57
4
200
-1
-1
-1
-1
-1
-1
-1
-1
-1
-1
-1
-1
123
123
-1
-1
-1
-1
-1
89
4
170
-1
-1
-1
-1
-1
-1
-1
-1
-1
-1
-1
131
128
-1
-1
-1
64
-1
50
9
3
171
-1
-1
-1
-1
-1
-1
-1
-1
-1
-1
-1
127
91
-1
-1
-1
63
-1
48
10
4
53
-1
-1
-1
191
-1
-1
-1
-1
-1
-1
-1
87
90
-1
-1
-1
69
-1
51
10
3
55
-1
-1
-1
179
-1
-1
-1
-1
-1
-1
-1
81
-1
96
-1
-1
65
-1
50
11
3
55
-1
-1
69
117
-1
-1
-1
-1
-1
-1
-1
83
-1
96
-1
-1
-1
60
21
14
31
-1
-1
-1
211
-1
-1
-1
-1
-1
-1
-1
-1
88
-1
126
-1
-1
-1
98
24
12
7
-1
204
-1
-1
-1
-1
-1
-1
-1
-1
-1
-1
116
92
-1
-1
-1
-1
92
23
12
12
-1
207
-1
-1
-1
-1
-1
-1
-1
-1
-1
-1
216
-1
-1
-1
-1
-1
93
22
14
15
-1
191
-1
-1
-1
-1
-1
-1
-1
-1
-1
134
116
-1
-1
-1
-1
-1
96
22
12
-1
37
163
-1
-1
-1
-1
-1
-1
-1
-1
-1
139
121
-1
-1
-1
-1
101
32
26
14
-1
34
154
-1
-1
-1
-1
-1
-1
-1
-1
-1
132
90
-1
-1
-1
-1
93
30
22
8
-1
37
152
-1
-1
-1
-1
-1
-1
-1
-1
-1
220
-1
-1
-1
-1
-1
91
28
22
3
-1
38
156
-1
-1
-1
-1
-1
-1
-1
-1
-1
209
-1
-1
-1
-1
-1
93
29
27
3
14
22
157
-1
-1
-1
-1
-1
-1
-1
-1
106
109
-1
-1
-1
-1
-1
126
30
21
-1
14
21
155
-1
-1
-1
-1
-1
-1
-1
-1
174
-1
-1
-1
-1
-1
-1
32
33
22
-1
14
23
166
-1
-1
-1
-1
-1
-1
-1
-1
140
-1
-1
-1
-1
-1
124
29
28
18
-1
14
19
159
-1
-1
-1
-1
-1
-1
-1
-1
137
-1
-1
-1
-1
-1
127
30
28
12
-1
12
114
-1
-1
-1
-1
-1
-1
165
-1
-1
-1
-1
-1
-1
-1
-1
163
30
29
12
3
9
112
-1
-1
-1
-1
-1
-1
126
-1
75
-1
-1
-1
-1
-1
-1
126
29
27
-1
16
10
81
-1
-1
-1
-1
-1
127
24
-1
74
-1
-1
-1
-1
-1
-1
123
-1
-1
-1
133
86
-1
-1
-1
-1
-1
-1
146
-1
-1
128
-1
-1
-1
-1
-1
-1
-1
-1
-1
-1
18
89
-1
-1
-1
-1
-1
-1
128
22
-1
67
-1
-1
-1
-1
-1
-1
173
-1
-1
-1
18
94
-1
-1
-1
-1
-1
-1
138
21
41
-1
-1
-1
-1
-1
-1
-1
202
-1
-1
35
5
85
-1
-1
-1
-1
-1
-1
132
25
46
-1
-1
-1
-1
-1
-1
-1
186
-1
-1
37
61
-1
-1
-1
-1
-1
-1
-1
162
23
43
-1
-1
-1
-1
-1
-1
-1
178
-1
-1
37
60
-1
-1
-1
-1
-1
-1
-1
158
22
45
-1
-1
-1
-1
-1
-1
169
-1
-1
-1
36
65
-1
-1
-1
-1
-1
-1
-1
165
22
28
-1
-1
-1
-1
73
-1
113
-1
-1
50
16
62
-1
-1
-1
-1
-1
-1
-1
163
43
-1
-1
-1
-1
-1
83
90
-1
-1
-1
48
16
59
-1
-1
-1
-1
-1
-1
132
30
43
-1
-1
-1
-1
53
31
90
-1
-1
-1
50
49
-1
-1
-1
-1
-1
-1
-1
160
31
46
-1
-1
-1
-1
49
29
-1
93
-1
-1
47
53
-1
-1
-1
-1
-1
-1
-1
168
-1
73
-1
-1
-1
-1
54
26
33
61
-1
61
21
30
-1
-1
-1
-1
-1
153
-1
-1
103
-1
-1
-1
-1
29
25
30
63
-1
-1
61
21
30
-1
-1
-1
-1
-1
141
-1
-1
107
-1
-1
-1
-1
30
25
31
69
-1
-1
-1
79
-1
-1
-1
-1
59
-1
98
-1
-1
102
-1
-1
-1
-1
30
26
31
102
-1
-1
-1
102
-1
-1
-1
-1
55
65
-1
-1
116
-1
-1
-1
-1
-1
50
34
96
-1
-1
-1
57
43
-1
-1
-1
-1
58
66
-1
-1
120
-1
-1
-1
-1
33
-1
48
96
-1
-1
-1
123
48
-1
-1
-1
-1
96
-1
-1
-1
159
-1
-1
-1
-1
119
-1
-1
-1
-1
-1
-1
-1
70
-1
-1
-1
38
162
-1
-1
-1
-1
-1
-1
-1
-1
139
-1
-1
-1
-1
132
-1
-1
-1
-1
-1
-1
196
-1
-1
-1
-1
-1
-1
-1
-1
-1
174
-1
-1
-1
-1
182
-1
-1
-1
-1
-1
-1
188
-1
-1
-1
-1
-1
-1
-1
-1
-1
178
-1
-1
-1
-1
179
-1
-1
-1
-1
-1
-1
267
-1
-1
-1
-1
-1
-1
-1
-1
280
-1
-1
-1
-1
-1
-1
-1
-1
-1
-1
-1
-1
274
-1
-1
-1
-1
-1
-1
-1
-1
274
-1
-1
-1
-1
-1
-1
-1
-1
-1
-1
-1
242
-1
-1
-1
-1
-1
-1
-1
-1
-1
323
-1
-1
-1
-1
-1
-1
-1
-1
-1
-1
-1
241
-1
-1
-1
-1
-1
-1
-1
-1
-1
316
-1
-1
-1
-1
-1
-1
-1
-1
-1
-1
-1
147
-1
-1
162
-1
-1
-1
-1
-1
-1
252
-1
-1
-1
-1
-1
-1
-1
-1
-1
-1
-1
-1
-1
-1
254
-1
-1
-1
-1
-1
308
-1
-1
-1
-1
-1
-1
-1
-1
-1
-1
-1
-1
-1
-1
-1
239
-1
-1
-1
-1
-1
318
-1
-1
-1
-1
-1
-1
-1
-1
-1
-1
-1
-1
-1
-1
-1
245
-1
-1
-1
-1
-1
312
-1
-1
-1
-1
-1
-1
-1
-1
-1
-1
-1
-1
-1
-1
-1
-1
-1
-1
-1
-1
-1
566
-1
-1
-1
-1
-1
-1
-1
-1
-1
-1
-1
-1
-1
-1
-1
-1
-1
-1
-1
-1
271
279
-1
-1
-1
-1
-1
-1
-1
-1
-1
-1
-1
-1
-1
-1
-1
-1
-1
-1
-1
-1
541
-1
-1
-1
-1
-1
-1
-1
-1
-1
-1
-1
-1
-1
-1
-1
-1
-1
-1
-1
-1
-1
549
-1
-1
-1
-1
-1
-1
-1
-1
-1
-1
-1
230
-1
-1
-1
-1
-1
-1
-1
-1
168
139
-1
-1
-1
-1
-1
-1
-1
-1
-1
-1
-1
272
-1
-1
-1
-1
-1
-1
-1
-1
265
-1
-1
-1
-1
-1
-1
-1
-1
-1
-1
-1
-1
-1
-1
-1
-1
196
64
-1
-1
-1
282
-1
-1
-1
-1
-1
-1
-1
-1
-1
-1
-1
190
-1
-1
-1
-1
65
62
-1
-1
-1
200
-1
-1
-1
-1
-1
-1
-1
-1
-1
-1
-1
185
-1
-1
-1
44
27
62
-1
-1
67
129
-1
-1
-1
-1
-1
-1
-1
-1
-1
-1
184
29
-1
-1
-1
49
27
63
-1
-1
67
102
-1
-1
-1
-1
-1
-1
-1
-1
-1
-1
181
25
-1
-1
23
23
31
66
-1
-1
-1
175
-1
-1
-1
-1
-1
-1
-1
-1
-1
-1
184
26
-1
-1
22
21
25
65
-1
-1
70
96
-1
-1
-1
-1
-1
-1
-1
-1
-1
-1
205
-1
-1
-1
34
21
26
36
-1
65
125
-1
-1
-1
-1
-1
-1
-1
-1
-1
-1
-1
204
-1
-1
13
16
23
26
32
-1
68
124
-1
-1
-1
-1
-1
-1
-1
-1
-1
-1
-1
199
-1
-1
13
16
25
26
32
32
-1
162
-1
-1
-1
-1
-1
-1
-1
-1
-1
-1
-1
-1
-1
-1
183
16
22
27
33
34
32
154
-1
-1
-1
-1
-1
-1
-1
-1
-1
-1
-1
-1
-1
-1
33
16
21
28
34
-1
149
-1
-1
-1
-1
-1
-1
-1
-1
-1
-1
217
-1
-1
-1
-1
32
15
49
-1
-1
-1
168
-1
-1
-1
-1
-1
-1
-1
98
-1
-1
121
-1
-1
-1
-1
33
13
51
-1
-1
68
105
-1
-1
-1
-1
-1
-1
-1
101
-1
-1
120
-1
