0
0
0
470
737
4095
0
0
0
3459
0
0
0
0
0
0
0
1276
0
0
0
0
0
0
0
3002
1711
1962
0
0
0
85
0
0
0
0
0
0
0
3462
0
0
0
0
0
0
0
455
952
1760
0
0
0
0
0
0
0
0
0
0
0
1406
0
0
0
0
0
0
3623
2409
727
1841
0
0
0
0
0
0
0
0
0
0
0
1248
2237
0
0
0
0
0
2046
1050
644
1957
0
0
0
0
0
0
0
0
0
0
0
1440
1950
0
0
0
0
0
2449
4095
1721
1702
0
0
0
0
0
0
0
0
0
0
0
2294
1085
0
0
0
0
0
1519
4095
1763
385
0
0
0
0
0
0
0
0
0
0
0
1861
4095
0
0
0
0
0
4095
433
4095
4095
0
0
0
0
0
0
0
0
0
0
0
2913
0
0
0
0
0
2969
1922
426
804
0
0
0
497
0
0
0
0
0
0
0
1246
657
0
0
0
4095
0
3403
1516
561
1345
0
0
0
800
0
0
0
0
0
0
0
4095
0
0
0
0
4095
0
3213
1679
735
1727
0
986
0
909
0
0
0
0
0
0
0
3106
0
0
0
0
4095
0
2917
2213
478
150
0
624
0
0
0
0
0
0
0
0
0
1834
0
685
0
0
0
0
4095
1527
549
226
0
526
0
0
0
0
0
0
0
0
0
0
0
0
0
0
0
4095
3381
1625
4095
0
385
490
0
0
0
0
0
0
0
0
0
2792
0
0
0
0
0
4095
3210
4095
4095
0
868
488
0
0
0
0
0
0
0
0
0
4095
0
0
0
0
0
4095
3308
1602
126
0
237
4095
0
0
0
0
0
0
0
0
0
366
0
0
0
0
0
4095
3052
1663
0
280
292
0
0
0
0
0
0
0
0
0
0
4
0
0
0
0
0
4076
3479
1870
0
321
297
0
0
0
0
0
0
0
0
0
0
0
0
0
0
0
2739
4095
3089
2121
0
275
4095
0
0
0
0
0
0
0
0
0
0
0
0
0
0
0
1227
4061
3016
1287
0
290
358
0
0
0
0
0
0
0
0
0
2961
0
0
0
0
0
1113
4095
3175
165
0
288
10
0
0
0
0
0
0
0
0
0
0
0
0
0
0
0
1136
4095
2583
108
0
353
1199
0
0
0
0
0
0
0
0
3
0
0
0
0
0
0
1781
4095
1593
0
0
154
53
0
0
0
0
0
0
0
0
0
0
0
0
0
0
0
1483
4095
2227
0
30
181
82
0
0
0
0
0
0
0
0
4095
0
0
0
0
0
0
4095
0
401
0
109
1094
0
0
0
0
0
0
1097
0
0
0
0
0
0
0
0
0
4095
0
311
0
41
2120
0
0
0
0
0
0
1909
0
0
0
0
0
0
0
0
0
4095
0
0
465
121
509
0
0
0
0
0
0
1687
229
697
0
0
0
0
0
0
0
4095
0
0
0
109
0
0
0
0
0
0
0
4095
237
0
0
0
0
0
0
0
0
1847
0
0
500
1704
0
0
0
0
0
0
0
1653
2289
619
0
0
0
0
0
0
0
0
0
0
183
1
0
0
0
0
0
0
0
4095
0
193
0
0
0
0
0
0
0
0
0
0
9
313
0
0
0
0
0
0
0
3257
0
0
0
0
0
0
0
0
0
0
0
356
144
0
0
0
0
0
0
0
0
2086
238
0
0
0
0
0
0
1245
0
0
0
318
165
0
0
0
0
0
0
0
1712
0
1677
0
0
0
0
0
0
1618
0
0
0
991
106
0
0
0
0
0
0
0
1685
0
166
0
0
0
0
638
0
4095
0
0
490
903
4095
0
0
0
0
0
0
0
974
129
517
0
0
0
0
0
0
0
0
0
368
137
153
0
0
0
0
0
0
0
0
954
0
0
0
0
1601
1500
874
1043
0
0
161
43
91
0
0
0
0
0
0
0
0
4095
0
0
0
0
84
0
1018
987
0
0
254
7
0
0
0
0
0
0
0
0
0
8
0
0
0
0
19
575
1261
312
0
0
385
757
0
0
0
0
24
0
0
0
0
0
0
0
0
0
0
2245
1662
0
0
0
164
668
0
0
0
0
597
635
0
0
0
0
0
0
0
13
0
4095
220
0
0
0
651
536
0
0
0
0
0
0
0
0
615
0
0
0
0
18
0
1236
0
0
0
0
40
0
0
0
0
97
0
0
0
0
0
0
0
0
0
0
0
0
0
0
883
0
15
0
0
0
0
642
0
0
0
12
0
0
0
0
0
2290
0
0
0
0
507
0
4095
0
0
0
0
912
0
0
0
0
0
0
0
0
23
0
0
0
0
0
421
0
0
0
0
0
0
77
0
0
0
0
0
0
0
0
4
0
0
0
0
1313
0
0
0
0
0
0
394
0
0
0
0
0
0
0
0
0
0
0
0
0
0
0
0
0
0
0
0
0
22
0
0
0
0
0
0
0
0
0
2295
0
0
0
0
0
0
0
0
0
0
0
7
0
0
0
0
0
0
0
0
0
4060
0
0
0
0
0
0
0
0
0
0
0
4095
0
0
0
0
0
0
0
0
0
0
0
0
0
0
0
0
0
0
0
0
0
0
0
0
753
0
0
0
0
0
46
0
0
0
0
0
0
0
0
0
0
0
0
0
0
0
0
0
0
0
0
0
567
0
0
0
0
0
0
0
0
0
0
0
0
0
0
4095
0
0
0
0
0
0
998
0
0
0
0
0
0
0
0
0
0
0
0
0
0
4095
0
0
0
0
0
0
41
0
0
0
0
0
0
0
0
0
0
0
0
0
0
4095
0
0
0
0
0
30
0
0
0
0
0
0
0
0
0
0
0
0
0
0
0
0
0
0
0
0
0
41
0
0
0
0
0
0
0
0
0
0
0
0
0
0
0
0
0
0
0
0
0
0
0
0
0
0
0
0
0
0
0
0
0
0
0
0
0
0
0
0
0
0
0
0
0
0
0
0
0
0
0
0
0
0
0
0
0
0
0
0
0
0
0
0
81
0
0
0
0
0
0
0
0
0
0
0
0
0
0
0
0
0
0
0
0
0
0
0
0
0
0
0
0
0
0
0
0
0
0
0
0
0
0
0
0
0
0
0
0
0
0
0
0
0
0
0
0
0
0
0
0
0
0
0
4095
2447
0
0
0
105
0
0
0
0
0
0
0
0
0
0
0
0
0
0
0
0
4095
1276
655
0
0
0
0
0
0
0
0
0
0
0
0
0
0
96
0
0
0
1776
4095
1173
468
0
0
0
0
0
0
0
0
0
0
0
0
0
0
69
0
0
0
1993
4095
1134
91
0
0
0
0
0
0
0
0
0
0
0
0
0
0
65
0
0
0
1619
4095
1118
0
0
0
877
0
0
0
0
0
0
0
0
0
0
0
8
0
0
2385
1703
4095
1121
0
0
0
1110
0
0
0
0
0
0
0
0
0
0
33
0
0
0
804
1845
4095
4095
0
1224
1213
1115
0
0
0
0
0
0
0
0
0
0
45
0
0
0
815
1818
4095
4095
66
1246
1290
1097
0
0
0
0
0
0
0
0
0
0
52
0
0
1720
828
1672
4095
4095
0
1178
1185
0
0
0
0
0
0
0
0
0
0
0
0
0
0
1514
729
1634
4095
4095
0
0
1313
0
0
0
0
0
0
0
0
0
0
0
0
0
0
1597
720
1938
4095
0
0
1453
232
0
0
0
0
0
0
0
1595
0
0
0
0
0
0
452
840
1605
4095
0
0
1337
0
0
0
0
0
0
0
0
0
0
0
0
0
