-1
-1
-1
-1
-1
-1
99
-1
-1
35
-1
-1
-1
-1
13
21
32
23
-1
33
33
-1
-1
-1
-1
-1
-1
-1
124
-1
-1
21
-1
-1
-1
22
9
18
27
67
-1
36
-1
-1
-1
-1
-1
-1
-1
-1
-1
-1
-1
-1
-1
-1
-1
20
8
18
33
-1
-1
68
-1
-1
-1
-1
-1
-1
-1
77
-1
-1
-1
-1
-1
-1
-1
21
8
21
-1
-1
-1
100
-1
-1
-1
-1
-1
-1
-1
55
-1
-1
-1
-1
-1
-1
-1
41
9
49
-1
-1
-1
-1
-1
-1
-1
-1
-1
-1
-1
26
30
-1
-1
-1
-1
-1
-1
43
8
70
-1
-1
-1
-1
-1
-1
-1
-1
-1
-1
-1
31
32
-1
-1
-1
-1
-1
39
6
7
109
-1
-1
-1
-1
-1
-1
-1
-1
-1
-1
-1
27
31
-1
-1
-1
-1
-1
72
5
9
115
-1
-1
-1
-1
-1
-1
-1
-1
-1
-1
-1
28
13
-1
-1
-1
-1
-1
64
5
8
114
-1
-1
-1
-1
-1
-1
-1
-1
-1
-1
-1
34
-1
-1
-1
-1
-1
-1
64
6
8
78
-1
-1
-1
-1
-1
-1
-1
-1
-1
-1
-1
32
-1
-1
-1
68
-1
-1
43
5
9
136
-1
-1
-1
-1
-1
-1
-1
-1
-1
-1
12
-1
-1
-1
-1
59
-1
25
17
6
8
-1
-1
-1
136
-1
-1
-1
-1
-1
-1
-1
18
-1
-1
-1
-1
50
-1
21
17
5
35
-1
-1
-1
73
-1
-1
-1
-1
-1
-1
-1
20
-1
-1
-1
-1
76
-1
21
21
5
29
-1
88
-1
114
-1
-1
-1
-1
-1
-1
-1
-1
-1
-1
-1
-1
-1
-1
49
17
6
36
-1
62
-1
-1
-1
-1
-1
-1
-1
-1
-1
-1
-1
-1
-1
-1
-1
52
25
18
5
-1
25
33
-1
-1
-1
-1
-1
-1
-1
-1
-1
18
-1
-1
-1
-1
-1
57
21
21
15
-1
24
43
-1
-1
-1
-1
-1
-1
-1
-1
-1
23
-1
-1
-1
-1
-1
56
22
17
19
-1
23
23
-1
-1
-1
-1
-1
-1
-1
-1
-1
15
-1
-1
-1
-1
-1
52
23
18
14
-1
22
6
-1
-1
-1
-1
-1
-1
-1
-1
-1
-1
-1
-1
-1
-1
-1
53
25
19
-1
16
26
5
-1
-1
-1
-1
-1
-1
-1
-1
-1
-1
-1
-1
-1
-1
30
28
22
18
-1
15
23
-1
-1
-1
-1
-1
-1
-1
-1
-1
-1
-1
-1
-1
-1
-1
30
32
22
18
-1
17
23
-1
-1
-1
-1
-1
-1
-1
-1
-1
-1
-1
-1
-1
-1
-1
31
29
24
19
-1
21
18
-1
-1
-1
-1
-1
-1
-1
-1
-1
-1
-1
-1
-1
-1
-1
34
27
24
11
-1
16
25
-1
-1
-1
-1
-1
-1
-1
-1
23
-1
-1
-1
-1
-1
-1
31
27
19
20
-1
17
6
-1
-1
-1
-1
-1
-1
-1
-1
26
-1
-1
-1
-1
-1
-1
29
28
18
-1
-1
21
2
-1
-1
-1
-1
-1
-1
-1
-1
-1
-1
-1
-1
-1
-1
-1
25
40
26
-1
5
18
27
-1
-1
-1
-1
-1
22
-1
-1
-1
-1
-1
-1
-1
-1
12
27
-1
25
-1
5
17
-1
-1
-1
-1
-1
-1
51
18
-1
-1
-1
-1
-1
-1
-1
-1
25
-1
50
-1
2
82
-1
-1
-1
-1
-1
-1
65
13
-1
-1
-1
-1
-1
-1
-1
-1
54
-1
-1
1
5
-1
-1
-1
-1
-1
-1
-1
84
6
-1
-1
-1
-1
-1
-1
-1
-1
153
-1
-1
16
34
-1
-1
-1
-1
-1
-1
-1
107
1
-1
-1
-1
-1
-1
-1
-1
-1
-1
-1
-1
28
39
-1
-1
-1
-1
-1
-1
-1
113
-1
-1
-1
-1
-1
-1
-1
-1
-1
-1
-1
-1
44
40
-1
-1
-1
-1
-1
-1
-1
110
-1
-1
-1
-1
-1
-1
-1
171
-1
-1
-1
40
7
37
-1
-1
-1
-1
-1
-1
-1
100
17
-1
-1
-1
-1
-1
-1
123
-1
-1
-1
43
9
78
-1
-1
-1
-1
-1
-1
91
20
17
-1
-1
-1
-1
32
-1
94
-1
-1
-1
48
7
-1
-1
-1
-1
-1
-1
-1
97
-1
6
-1
-1
-1
-1
43
-1
96
-1
-1
-1
46
44
-1
-1
-1
-1
-1
-1
-1
85
-1
-1
-1
-1
-1
-1
-1
30
68
-1
-1
61
18
42
-1
-1
-1
-1
-1
-1
-1
83
16
-1
-1
-1
-1
-1
-1
30
62
-1
-1
60
19
40
-1
-1
-1
-1
-1
-1
-1
-1
20
-1
-1
-1
-1
8
-1
28
62
-1
-1
58
19
29
-1
-1
-1
-1
-1
-1
-1
-1
22
-1
-1
-1
-1
-1
15
23
88
-1
-1
58
18
-1
-1
-1
-1
49
-1
-1
-1
-1
-1
-1
-1
-1
-1
-1
29
27
-1
-1
-1
57
31
-1
-1
-1
-1
40
-1
-1
-1
-1
-1
-1
-1
-1
4
-1
31
58
-1
-1
-1
55
34
-1
-1
-1
13
15
-1
-1
-1
-1
-1
-1
-1
-1
-1
-1
30
-1
-1
-1
-1
46
48
-1
-1
-1
26
-1
-1
-1
-1
-1
-1
-1
-1
-1
-1
-1
-1
-1
-1
82
-1
28
-1
-1
-1
-1
37
-1
-1
-1
-1
-1
-1
-1
-1
-1
-1
-1
-1
-1
-1
43
-1
19
-1
-1
-1
-1
26
-1
-1
-1
-1
-1
-1
-1
-1
2
-1
-1
-1
-1
-1
38
-1
89
-1
-1
-1
-1
14
-1
-1
-1
-1
-1
-1
-1
-1
1
-1
-1
-1
-1
45
-1
-1
-1
-1
-1
-1
-1
-1
-1
-1
-1
-1
-1
-1
-1
-1
-1
-1
-1
-1
-1
-1
-1
-1
-1
-1
-1
-1
9
-1
-1
-1
-1
-1
-1
-1
-1
-1
-1
-1
-1
-1
-1
-1
-1
-1
-1
-1
-1
-1
31
-1
-1
-1
-1
-1
-1
-1
-1
-1
-1
-1
-1
-1
-1
-1
-1
-1
-1
-1
-1
-1
79
-1
-1
-1
-1
-1
-1
-1
-1
-1
-1
-1
-1
-1
-1
-1
-1
-1
-1
-1
-1
-1
-1
-1
-1
-1
-1
-1
-1
-1
-1
17
-1
-1
-1
-1
-1
-1
-1
-1
-1
-1
-1
-1
-1
-1
-1
17
-1
-1
-1
-1
-1
30
-1
-1
-1
-1
-1
-1
-1
-1
-1
-1
-1
-1
-1
-1
56
-1
-1
-1
-1
-1
-1
48
-1
-1
-1
-1
-1
-1
-1
-1
-1
-1
-1
-1
-1
-1
57
-1
-1
-1
-1
-1
-1
52
-1
-1
-1
-1
-1
-1
-1
-1
-1
-1
-1
-1
-1
-1
84
-1
-1
-1
-1
-1
10
-1
-1
-1
-1
-1
-1
-1
-1
-1
-1
-1
-1
-1
-1
-1
251
-1
-1
-1
-1
-1
27
-1
-1
-1
-1
-1
-1
-1
-1
-1
-1
-1
-1
-1
-1
-1
-1
-1
-1
-1
-1
-1
10
-1
-1
-1
-1
-1
-1
-1
-1
-1
-1
-1
-1
-1
-1
-1
-1
-1
-1
-1
-1
-1
-1
-1
-1
-1
-1
-1
-1
-1
-1
-1
-1
-1
-1
-1
-1
-1
-1
-1
-1
-1
-1
-1
-1
-1
-1
-1
-1
-1
-1
-1
-1
-1
-1
-1
-1
-1
-1
-1
-1
-1
-1
-1
-1
10
-1
-1
-1
-1
-1
-1
-1
-1
-1
-1
-1
-1
-1
-1
-1
-1
-1
-1
-1
-1
-1
-1
-1
-1
-1
-1
-1
-1
-1
-1
-1
-1
-1
66
-1
-1
-1
208
129
-1
-1
-1
6
-1
-1
-1
-1
-1
-1
-1
-1
-1
-1
-1
-1
11
-1
-1
-1
52
30
15
-1
-1
11
-1
-1
-1
-1
-1
-1
-1
-1
-1
-1
-1
5
10
-1
-1
-1
50
30
15
-1
-1
31
-1
-1
-1
-1
-1
-1
-1
-1
-1
-1
-1
60
-1
-1
-1
31
29
30
19
-1
-1
32
-1
-1
-1
-1
-1
-1
-1
-1
-1
-1
-1
56
-1
-1
-1
28
28
32
56
-1
-1
34
-1
-1
-1
-1
-1
-1
-1
-1
-1
-1
55
26
-1
-1
-1
28
32
32
-1
-1
-1
64
-1
-1
-1
-1
-1
-1
-1
-1
-1
-1
117
-1
-1
-1
14
22
29
37
-1
66
30
31
-1
-1
-1
-1
-1
-1
-1
-1
-1
-1
-1
-1
-1
-1
14
18
28
30
8
31
30
55
-1
-1
-1
-1
-1
-1
-1
-1
-1
-1
-1
-1
-1
-1
14
19
28
30
4
32
32
-1
-1
-1
-1
-1
-1
-1
-1
-1
-1
58
-1
-1
-1
10
9
19
29
30
-1
33
37
-1
-1
