46
0
0
0
21
51
0
1225
217
615
84
0
618
55
38
0
22
138
276
97
188
93
140
66
0
140
87
0
25
62
0
0
173
0
37
0
0
297
0
94
152
0
0
50
56
51
29
0
0
0
125
29
0
0
25
28
688
705
0
24
22
0
84
0
54
561
160
695
0
389
0
670
134
165
0
0
47
543
3196
144
398
0
987
254
1960
25
80
132
599
366
155
177
378
0
165
517
20
113
26
0
0
223
22
197
183
75
60
607
887
478
0
85
270
83
214
496
449
777
396
73
992
31
0
0
0
122
127
129
332
218
315
256
336
151
221
33
159
67
0
281
288
0
173
304
0
216
335
271
84
262
971
808
1129
0
13
168
0
5
36
252
361
223
989
1844
0
