0
264
0
0
0
0
0
0
0
0
0
2775
0
4
0
0
0
0
2306
0
0
0
0
576
0
0
0
0
0
0
0
0
0
0
0
1
0
0
0
2621
3873
0
0
0
0
1189
0
0
0
0
0
0
0
0
0
0
0
0
0
0
0
3162
0
0
0
0
0
0
0
0
0
0
0
0
0
0
0
0
0
0
0
0
0
3576
0
0
0
0
0
0
0
0
0
0
0
0
0
0
0
0
0
0
0
0
2009
3831
0
0
0
0
0
0
0
0
0
0
0
0
0
0
0
0
0
0
0
0
2119
3802
0
0
0
0
0
0
0
0
0
0
0
0
0
104
0
0
0
0
0
-1223
2331
3832
0
0
0
0
0
0
171
0
0
0
0
0
0
272
0
0
0
0
0
-7327
3095
3756
0
0
0
0
0
0
365
0
0
0
0
0
0
271
0
0
0
0
0
10207
0
0
0
0
0
0
514
2363
550
0
0
0
0
0
0
227
0
0
0
0
0
0
0
0
0
0
0
0
518
1203
0
0
0
0
0
0
0
227
0
0
0
0
0
0
0
0
0
0
0
0
554
0
0
0
0
0
0
0
0
451
0
0
0
0
0
0
3324
0
0
0
0
0
553
0
0
0
0
0
0
0
0
0
0
0
0
0
0
1996
0
0
0
0
0
0
0
0
0
0
0
0
0
0
0
226
0
0
0
0
0
1992
0
0
0
0
0
0
0
0
0
0
0
0
0
0
0
0
0
0
0
0
0
2069
0
0
0
0
0
0
0
0
0
0
0
0
0
0
0
0
0
0
0
0
0
2016
0
0
0
0
0
0
0
0
0
0
0
0
0
0
0
0
0
0
0
0
0
0
0
0
0
0
0
0
0
0
0
0
0
0
0
0
0
0
0
0
0
0
0
0
0
0
0
0
0
0
0
0
0
0
0
0
0
0
0
0
0
0
0
0
0
0
0
0
0
0
0
0
0
0
0
0
0
0
0
0
0
0
0
0
0
0
261
0
0
0
0
0
0
0
0
0
0
0
0
0
0
0
0
0
0
0
0
0
516
0
0
0
0
0
0
0
0
0
0
0
0
0
0
0
0
0
0
0
0
0
0
0
0
0
0
0
0
0
0
0
0
0
0
0
0
0
0
0
0
0
0
0
0
0
0
0
0
0
0
0
0
0
0
0
0
0
0
0
0
0
0
0
0
0
0
0
0
0
0
0
0
0
0
0
0
0
0
0
0
0
0
0
0
0
0
0
0
0
0
0
0
0
0
0
0
0
0
0
0
0
0
0
0
0
0
0
0
0
0
0
0
0
0
0
0
0
0
0
0
0
0
0
0
0
0
0
0
0
0
0
0
0
0
0
0
0
0
0
0
0
2
4
0
0
0
0
0
0
0
0
0
0
0
0
0
0
0
0
0
0
0
0
2
2
0
0
0
0
0
0
0
0
0
16
0
0
0
214
0
0
0
0
0
0
4
1348
0
0
0
0
0
0
0
0
0
131
0
0
386
0
0
0
0
0
0
0
2
1753
0
0
0
0
0
0
0
0
49
245
0
0
420
0
0
0
0
0
0
0
4
1944
0
0
0
0
0
0
0
0
64
0
0
0
460
0
0
0
0
0
0
2
3
1704
0
0
0
0
0
0
0
0
53
0
0
0
403
0
0
0
0
0
0
88
92
1770
0
0
0
0
0
0
0
0
0
0
0
436
0
0
0
0
0
0
0
575
580
0
0
0
0
0
0
0
0
0
0
0
0
516
0
0
0
0
0
0
0
302
305
0
0
0
0
0
0
0
0
0
0
0
0
529
0
0
0
0
0
0
107
108
110
0
0
0
0
0
0
0
0
0
0
0
0
473
0
0
0
0
0
0
0
0
0
0
0
0
0
0
0
0
0
0
0
0
0
484
0
0
0
0
0
0
175
0
0
0
0
0
0
0
0
0
0
0
0
0
580
0
0
0
0
0
0
0
0
0
0
0
0
0
0
0
0
0
0
0
0
0
1248
0
0
0
0
0
0
0
0
0
0
0
0
0
0
0
0
0
0
0
0
0
0
0
0
0
0
0
0
0
0
0
0
0
0
0
0
0
0
0
0
0
0
0
560
0
0
0
0
0
0
0
0
0
0
0
0
0
0
0
0
0
0
0
0
0
545
0
0
0
0
0
0
0
0
0
0
0
0
0
0
0
0
0
0
0
0
585
0
0
0
0
0
0
11
0
0
0
0
0
0
0
0
0
0
0
0
0
0
0
0
3
0
0
0
0
0
0
0
0
0
0
0
0
0
0
0
0
0
0
0
0
0
0
0
0
0
0
0
0
0
0
0
0
0
0
0
0
0
0
0
0
27
0
0
0
0
0
0
0
0
0
0
0
0
0
0
0
0
0
0
0
0
0
0
0
0
0
0
0
0
0
0
0
0
0
0
0
0
0
0
0
0
0
0
0
0
0
0
0
0
0
0
0
0
0
-1091
0
0
0
0
0
0
0
0
0
0
0
0
0
0
0
0
0
0
0
0
0
-5142
0
0
0
0
0
0
0
0
0
0
0
0
0
0
0
0
0
0
0
0
0
8789
0
0
0
0
0
0
0
0
0
0
0
0
0
0
0
0
0
0
0
0
0
0
0
0
0
0
0
0
0
0
0
0
0
0
0
0
0
0
0
0
0
0
1930
0
0
0
0
0
0
0
0
0
0
0
0
0
0
0
0
0
0
0
0
689
2449
0
0
0
0
0
0
0
0
0
0
0
0
0
0
0
0
0
0
0
0
0
0
0
0
0
0
0
0
0
0
0
0
0
0
0
0
0
0
0
0
0
0
0
0
0
0
0
0
0
0
0
0
0
0
0
0
0
0
0
0
0
0
0
0
0
0
-6898
0
0
0
0
0
0
0
0
0
0
0
0
0
0
0
0
0
0
0
-5395
-7274
-6494
0
0
0
0
0
0
0
0
0
0
0
0
0
0
0
0
0
0
0
-3972
-6639
-5860
0
0
0
0
0
0
0
0
0
0
0
0
0
0
0
0
0
0
0
12621
-6511
22030
0
0
0
0
0
0
0
0
0
0
0
0
0
0
0
0
0
0
0
474
25767
0
0
0
18
0
0
0
0
0
0
0
0
0
0
0
0
0
0
0
1280
2074
0
0
0
0
0
0
0
0
0
0
0
0
0
0
0
0
0
5
0
0
2488
0
0
0
0
44
0
0
0
0
0
0
0
0
0
0
2
2
0
0
0
0
2549
0
0
0
0
76
0
0
0
0
0
0
0
0
0
2
6
6
0
0
0
0
2060
0
0
0
0
73
0
0
0
0
0
0
0
0
0
4
9
9
0
0
0
1433
0
0
0
0
0
1271
0
0
0
0
0
0
0
0
0
5
5
5
0
0
0
1731
0
0
0
0
174
0
0
0
0
0
0
0
0
0
0
3
679
679
0
0
0
0
0
0
0
0
0
0
0
0
0
0
0
0
0
0
0
2
575
575
0
0
877
0
0
0
0
0
0
0
0
0
0
0
0
0
0
0
0
0
0
0
0
0
2368
0
0
0
0
0
0
0
0
0
0
0
0
0
0
0
-289
3
0
0
0
0
2367
0
0
0
0
0
0
0
0
0
0
0
0
0
0
0
432
11
0
0
0
0
2619
0
0
0
0
