-1
-1
-1
-1
-1
-1
-1
-1
-1
-1
220
-1
-1
-1
48
18
23
33
30
-1
67
124
-1
-1
-1
-1
-1
-1
110
-1
-1
129
-1
-1
-1
-1
44
18
23
29
30
-1
180
-1
-1
-1
-1
-1
-1
-1
107
-1
-1
125
-1
-1
-1
-1
48
19
50
-1
-1
-1
205
-1
-1
-1
-1
-1
-1
-1
183
-1
-1
-1
-1
-1
-1
-1
106
19
53
-1
-1
-1
201
-1
-1
-1
-1
-1
-1
-1
220
-1
-1
-1
-1
-1
-1
-1
103
18
217
-1
-1
-1
-1
-1
-1
-1
-1
-1
-1
-1
122
99
-1
-1
-1
-1
-1
103
6
18
217
-1
-1
-1
-1
-1
-1
-1
-1
-1
-1
-1
123
101
-1
-1
-1
-1
-1
101
5
21
208
-1
-1
-1
-1
-1
-1
-1
-1
-1
-1
-1
116
97
-1
-1
-1
-1
-1
96
5
18
211
-1
-1
-1
-1
-1
-1
-1
-1
-1
-1
-1
216
-1
-1
-1
-1
-1
-1
96
6
18
215
-1
-1
-1
-1
-1
-1
-1
-1
-1
-1
123
60
-1
-1
-1
126
-1
-1
34
5
21
181
-1
-1
-1
-1
-1
-1
-1
-1
-1
-1
55
60
-1
-1
-1
105
-1
56
8
5
40
-1
-1
-1
216
-1
-1
-1
-1
-1
-1
-1
56
34
67
-1
-1
64
-1
51
8
6
44
-1
-1
-1
215
-1
-1
-1
-1
-1
-1
-1
58
-1
99
-1
-1
62
-1
50
8
5
43
-1
-1
-1
210
-1
-1
-1
-1
-1
-1
-1
70
29
98
-1
-1
-1
-1
79
8
6
17
-1
206
-1
-1
-1
-1
-1
-1
-1
-1
-1
69
94
-1
-1
-1
-1
91
18
8
5
-1
39
192
-1
-1
-1
-1
-1
-1
-1
-1
-1
160
-1
-1
-1
-1
-1
122
20
8
5
-1
213
-1
-1
-1
-1
-1
-1
-1
-1
-1
-1
162
-1
-1
-1
-1
-1
120
18
7
6
-1
200
-1
-1
-1
-1
-1
-1
-1
-1
-1
74
84
-1
-1
-1
-1
-1
128
18
8
5
-1
197
-1
-1
-1
-1
-1
-1
-1
-1
-1
71
85
-1
-1
-1
-1
-1
120
20
8
-1
24
177
-1
-1
-1
-1
-1
-1
-1
-1
-1
124
-1
-1
-1
-1
-1
125
28
18
8
-1
22
188
-1
-1
-1
-1
-1
-1
-1
-1
-1
128
-1
-1
-1
-1
-1
129
27
18
8
-1
22
178
-1
-1
-1
-1
-1
-1
-1
-1
-1
120
-1
-1
-1
-1
-1
125
30
18
9
-1
24
179
-1
-1
-1
-1
-1
-1
-1
-1
-1
-1
-1
-1
-1
-1
-1
190
29
20
8
5
15
224
-1
-1
-1
-1
-1
-1
-1
-1
144
-1
-1
-1
-1
-1
-1
118
28
18
9
5
14
150
-1
-1
-1
-1
-1
-1
-1
-1
122
-1
-1
-1
-1
-1
117
30
28
18
-1
14
15
151
-1
-1
-1
-1
-1
113
-1
-1
45
-1
-1
-1
-1
-1
127
30
27
19
-1
14
15
122
-1
-1
-1
-1
-1
157
-1
-1
-1
-1
-1
-1
-1
-1
154
33
-1
52
-1
14
100
-1
-1
-1
-1
-1
-1
116
-1
61
-1
-1
-1
-1
-1
-1
124
31
-1
48
9
6
100
-1
-1
-1
-1
-1
-1
25
22
46
-1
-1
-1
-1
-1
-1
-1
181
-1
-1
27
75
-1
-1
-1
-1
-1
-1
124
28
19
47
-1
-1
-1
-1
-1
-1
-1
185
-1
-1
31
80
-1
-1
-1
-1
-1
-1
123
27
-1
71
-1
-1
-1
-1
-1
-1
154
-1
-1
-1
58
78
-1
-1
-1
-1
-1
-1
131
125
47
-1
-1
-1
-1
-1
-1
-1
179
-1
-1
-1
59
113
-1
-1
-1
-1
-1
-1
-1
25
112
-1
-1
-1
-1
-1
-1
-1
-1
-1
-1
181
11
83
-1
-1
-1
-1
-1
-1
125
25
54
-1
-1
-1
-1
-1
-1
156
-1
-1
-1
82
71
-1
-1
-1
-1
-1
-1
-1
158
30
36
-1
-1
-1
-1
81
-1
93
-1
-1
-1
79
68
-1
-1
-1
-1
-1
-1
-1
155
-1
39
-1
-1
-1
-1
84
-1
94
-1
-1
64
21
69
-1
-1
-1
-1
-1
-1
-1
179
61
-1
-1
-1
-1
50
91
-1
-1
-1
-1
93
24
71
-1
-1
-1
-1
-1
-1
122
33
65
-1
-1
-1
-1
60
31
-1
94
-1
-1
58
21
78
-1
-1
-1
-1
-1
-1
131
33
65
-1
-1
-1
-1
68
31
30
64
-1
-1
62
75
-1
-1
-1
-1
-1
-1
-1
195
-1
100
-1
-1
-1
-1
61
31
33
72
-1
-1
60
50
-1
-1
-1
-1
-1
179
-1
-1
-1
-1
-1
-1
-1
75
25
34
65
-1
-1
-1
94
52
-1
-1
-1
-1
-1
231
-1
-1
-1
-1
-1
-1
-1
45
25
32
60
-1
-1
-1
90
30
-1
-1
-1
67
-1
94
-1
-1
111
-1
-1
-1
-1
39
26
90
-1
-1
-1
-1
91
29
-1
-1
-1
70
-1
64
-1
150
-1
-1
-1
-1
-1
35
29
90
-1
-1
-1
-1
121
-1
-1
-1
-1
96
-1
-1
-1
183
-1
-1
-1
-1
83
-1
-1
-1
-1
-1
124
-1
88
-1
-1
-1
-1
94
-1
-1
-1
161
-1
-1
-1
-1
149
-1
-1
-1
-1
127
-1
-1
84
-1
-1
-1
-1
193
-1
-1
-1
-1
-1
-1
-1
-1
135
-1
-1
-1
-1
137
-1
-1
76
-1
-1
-1
32
154
-1
-1
-1
-1
-1
-1
-1
-1
137
-1
-1
-1
-1
184
-1
-1
-1
-1
-1
-1
197
-1
-1
-1
-1
-1
-1
-1
-1
-1
226
-1
-1
-1
-1
-1
-1
-1
-1
-1
-1
-1
297
-1
-1
-1
-1
-1
-1
-1
-1
251
-1
-1
-1
-1
-1
-1
-1
-1
-1
-1
-1
-1
255
-1
-1
-1
-1
-1
-1
-1
-1
245
-1
-1
-1
-1
-1
-1
-1
-1
-1
-1
-1
-1
255
-1
-1
-1
-1
-1
-1
-1
-1
510
-1
-1
-1
-1
-1
-1
-1
-1
-1
-1
-1
-1
-1
-1
-1
-1
-1
-1
-1
-1
-1
259
-1
-1
-1
-1
-1
-1
-1
-1
-1
-1
-1
-1
-1
-1
253
-1
-1
-1
-1
-1
-1
257
-1
-1
-1
-1
-1
-1
-1
-1
-1
-1
-1
-1
-1
-1
251
-1
-1
-1
-1
-1
210
-1
-1
-1
-1
-1
-1
-1
-1
-1
-1
-1
-1
-1
-1
-1
286
-1
-1
-1
-1
-1
214
-1
-1
-1
-1
-1
-1
-1
-1
-1
-1
-1
-1
-1
-1
-1
287
-1
-1
-1
-1
-1
506
-1
-1
-1
-1
-1
-1
-1
-1
-1
-1
-1
-1
-1
-1
-1
-1
-1
-1
-1
-1
261
246
-1
-1
-1
-1
-1
-1
-1
-1
-1
-1
-1
-1
-1
-1
-1
-1
-1
-1
-1
-1
502
-1
-1
-1
-1
-1
-1
-1
-1
-1
-1
-1
-1
-1
-1
-1
-1
-1
-1
-1
-1
-1
503
-1
-1
-1
-1
-1
-1
-1
-1
-1
-1
-1
-1
-1
-1
-1
-1
-1
-1
-1
-1
-1
520
-1
-1
-1
-1
-1
-1
-1
-1
-1
-1
-1
-1
-1
-1
-1
-1
-1
-1
-1
-1
-1
100
-1
-1
-1
-1
-1
-1
-1
-1
-1
-1
-1
256
-1
-1
-1
-1
-1
-1
-1
-1
160
-1
-1
-1
-1
-1
-1
-1
-1
-1
-1
-1
-1
208
-1
-1
-1
54
63
-1
-1
-1
195
-1
-1
-1
-1
-1
-1
-1
-1
-1
-1
-1
176
24
-1
-1
-1
59
65
-1
-1
-1
190
-1
-1
-1
-1
-1
-1
-1
-1
-1
-1
-1
190
-1
-1
-1
32
30
34
67
-1
-1
158
-1
-1
-1
-1
-1
-1
-1
-1
-1
-1
-1
195
-1
-1
-1
34
28
30
67
-1
-1
173
-1
-1
-1
-1
-1
-1
-1
-1
-1
-1
189
44
-1
-1
-1
39
29
66
-1
-1
-1
172
-1
-1
-1
-1
-1
-1
-1
-1
-1
-1
192
40
-1
-1
14
27
33
64
-1
-1
69
105
-1
-1
-1
-1
-1
-1
-1
-1
-1
-1
214
-1
-1
-1
32
24
28
30
-1
68
30
116
-1
-1
-1
-1
-1
-1
-1
-1
-1
-1
209
-1
-1
-1
40
24
28
32
-1
67
146
-1
-1
-1
-1
-1
-1
-1
-1
-1
-1
-1
-1
-1
-1
200
14
22
28
34
-1
67
172
-1
-1
-1
-1
-1
-1
-1
-1
-1
-1
210
-1
-1
-1
46
14
26
28
62
-1
-1
165
-1
