64
64
24
0
0
0
0
1301
274
603
464
0
370
65
181
0
41
0
331
58
199
145
0
0
0
0
0
0
0
20
28
0
118
58
19
107
18
124
0
56
126
18
0
0
23
0
0
0
0
50
0
139
0
58
0
10
641
801
78
26
0
59
147
20
0
786
150
520
155
441
250
518
86
49
0
14
43
444
4221
0
283
220
158
1901
356
19
85
0
475
302
161
120
160
0
0
834
13
116
0
0
183
26
92
237
187
68
85
405
992
466
25
175
339
41
435
450
315
916
211
178
879
0
158
30
211
133
226
417
361
67
0
315
115
258
255
115
175
162
0
301
90
59
0
357
0
186
853
375
241
327
536
1092
1117
0
0
23
170
13
0
0
436
228
909
1311
25
