-1
-1
-1
-1
-1
-1
-1
-1
-1
188
-1
-1
-1
46
8
18
28
30
-1
69
116
-1
-1
-1
-1
-1
-1
-1
-1
-1
-1
191
-1
-1
-1
45
8
21
28
30
-1
74
111
-1
-1
-1
-1
-1
-1
149
-1
-1
-1
-1
-1
-1
-1
103
9
18
64
-1
-1
174
-1
-1
-1
-1
-1
-1
-1
160
-1
-1
-1
-1
-1
-1
-1
105
8
46
-1
-1
-1
201
-1
-1
-1
-1
-1
-1
-1
193
-1
-1
-1
-1
-1
-1
-1
108
8
204
-1
-1
-1
-1
-1
-1
-1
-1
-1
-1
-1
76
125
-1
-1
-1
-1
-1
-1
71
8
211
-1
-1
-1
-1
-1
-1
-1
-1
-1
-1
-1
97
95
-1
-1
-1
-1
-1
95
6
8
210
-1
-1
-1
-1
-1
-1
-1
-1
-1
-1
-1
108
98
-1
-1
-1
-1
-1
99
5
8
213
-1
-1
-1
-1
-1
-1
-1
-1
-1
-1
-1
103
96
-1
-1
-1
-1
-1
108
5
8
219
-1
-1
-1
-1
-1
-1
-1
-1
-1
-1
-1
208
-1
-1
-1
-1
-1
-1
99
6
8
216
-1
-1
-1
-1
-1
-1
-1
-1
-1
-1
60
63
-1
-1
-1
129
-1
-1
40
5
10
52
-1
-1
181
-1
-1
-1
-1
-1
-1
-1
59
60
-1
-1
-1
97
-1
48
19
6
36
-1
-1
-1
216
-1
-1
-1
-1
-1
-1
-1
56
-1
96
-1
-1
61
-1
53
17
5
35
-1
-1
-1
217
-1
-1
-1
-1
-1
-1
-1
65
30
70
-1
-1
61
-1
52
19
5
14
-1
57
-1
186
-1
-1
-1
-1
-1
-1
-1
-1
121
96
-1
-1
-1
-1
84
20
6
17
-1
216
-1
-1
-1
-1
-1
-1
-1
-1
-1
91
98
-1
-1
-1
-1
90
22
17
5
-1
41
193
-1
-1
-1
-1
-1
-1
-1
-1
-1
151
-1
-1
-1
-1
-1
128
26
18
5
-1
42
186
-1
-1
-1
-1
-1
-1
-1
-1
-1
153
-1
-1
-1
-1
-1
132
22
21
6
-1
43
190
-1
-1
-1
-1
-1
-1
-1
-1
97
85
-1
-1
-1
-1
-1
126
23
17
5
-1
40
162
-1
-1
-1
-1
-1
-1
-1
-1
100
90
-1
-1
-1
-1
97
31
22
19
6
20
185
-1
-1
-1
-1
-1
-1
-1
-1
-1
152
-1
-1
-1
-1
-1
131
27
26
16
-1
24
178
-1
-1
-1
-1
-1
-1
-1
-1
-1
147
-1
-1
-1
-1
-1
130
27
22
15
-1
22
182
-1
-1
-1
-1
-1
-1
-1
-1
-1
151
-1
-1
-1
-1
-1
127
28
23
15
-1
26
184
-1
-1
-1
-1
-1
-1
-1
-1
-1
-1
-1
-1
-1
-1
-1
211
30
23
11
5
19
251
-1
-1
-1
-1
-1
-1
-1
-1
175
-1
-1
-1
-1
-1
-1
133
32
24
9
5
17
156
-1
-1
-1
-1
-1
-1
-1
-1
181
-1
-1
-1
-1
-1
-1
130
27
25
-1
15
18
148
-1
-1
-1
-1
-1
-1
-1
-1
57
-1
-1
-1
-1
-1
129
32
27
25
-1
13
20
78
-1
-1
-1
-1
-1
151
-1
-1
-1
-1
-1
-1
-1
-1
148
34
-1
45
-1
15
96
-1
-1
-1
-1
-1
-1
180
18
51
-1
-1
-1
-1
-1
-1
-1
156
-1
48
8
5
99
-1
-1
-1
-1
-1
-1
135
18
56
-1
-1
-1
-1
-1
-1
-1
181
-1
-1
27
82
-1
-1
-1
-1
-1
-1
-1
186
17
53
-1
-1
-1
-1
-1
-1
-1
191
-1
-1
26
70
-1
-1
-1
-1
-1
-1
-1
159
20
114
-1
-1
-1
-1
-1
-1
-1
-1
-1
-1
147
70
-1
-1
-1
-1
-1
-1
-1
152
99
-1
-1
-1
-1
-1
-1
-1
-1
-1
-1
-1
181
76
-1
-1
-1
-1
-1
-1
-1
153
45
-1
-1
-1
-1
-1
-1
144
-1
-1
-1
76
8
72
-1
-1
-1
-1
-1
-1
-1
161
45
-1
-1
-1
-1
-1
-1
149
-1
-1
-1
79
9
72
-1
-1
-1
-1
-1
-1
131
28
32
-1
-1
-1
-1
67
-1
94
-1
-1
-1
78
53
-1
-1
-1
-1
-1
-1
-1
155
25
29
-1
-1
-1
-1
121
-1
-1
-1
-1
90
21
50
-1
-1
-1
-1
-1
-1
-1
179
-1
-1
-1
-1
-1
36
27
26
63
-1
-1
58
18
53
-1
-1
-1
-1
-1
-1
-1
159
52
-1
-1
-1
-1
40
28
26
65
-1
-1
58
18
80
-1
-1
-1
-1
-1
-1
-1
-1
187
-1
-1
-1
-1
36
30
30
71
-1
-1
59
68
-1
-1
-1
-1
-1
-1
-1
-1
-1
212
-1
-1
-1
-1
34
32
34
64
-1
-1
64
35
-1
-1
-1
-1
67
65
-1
-1
-1
113
-1
-1
-1
23
21
29
60
-1
-1
-1
90
33
-1
-1
-1
-1
68
65
-1
-1
104
-1
-1
-1
-1
25
-1
48
60
-1
-1
-1
91
27
-1
-1
-1
41
-1
95
-1
-1
106
-1
-1
-1
-1
23
-1
118
-1
-1
-1
-1
91
32
-1
-1
-1
79
-1
-1
-1
175
-1
-1
-1
-1
-1
80
-1
-1
-1
-1
93
-1
89
-1
-1
-1
-1
78
-1
-1
-1
182
-1
-1
-1
-1
133
-1
-1
-1
-1
-1
127
-1
87
-1
-1
-1
-1
174
-1
-1
-1
-1
-1
-1
-1
-1
128
-1
-1
-1
-1
-1
135
-1
92
-1
-1
-1
-1
181
-1
-1
-1
-1
-1
-1
-1
-1
139
-1
-1
-1
-1
183
-1
-1
-1
-1
-1
-1
58
159
-1
-1
-1
-1
-1
-1
-1
-1
237
-1
-1
-1
-1
-1
-1
-1
-1
-1
-1
-1
305
-1
-1
-1
-1
-1
-1
-1
-1
-1
239
-1
-1
-1
-1
-1
-1
-1
-1
-1
-1
-1
308
-1
-1
-1
-1
-1
-1
-1
-1
267
-1
-1
-1
-1
-1
-1
-1
-1
-1
-1
-1
-1
279
-1
-1
-1
-1
-1
-1
-1
-1
578
-1
-1
-1
-1
-1
-1
-1
-1
-1
-1
-1
-1
-1
-1
-1
-1
-1
-1
-1
-1
-1
268
-1
-1
-1
-1
-1
-1
-1
-1
-1
-1
-1
-1
-1
-1
-1
322
-1
-1
-1
-1
-1
293
-1
-1
-1
-1
-1
-1
-1
-1
-1
-1
-1
-1
-1
-1
290
-1
-1
-1
-1
-1
-1
281
-1
-1
-1
-1
-1
-1
-1
-1
-1
-1
-1
-1
-1
-1
284
-1
-1
-1
-1
-1
244
-1
-1
-1
-1
-1
-1
-1
-1
-1
-1
-1
-1
-1
-1
-1
317
-1
-1
-1
-1
-1
247
-1
-1
-1
-1
-1
-1
-1
-1
-1
-1
-1
-1
-1
-1
-1
313
-1
-1
-1
-1
-1
555
-1
-1
-1
-1
-1
-1
-1
-1
-1
-1
-1
-1
-1
-1
-1
-1
-1
-1
-1
-1
-1
271
-1
-1
-1
-1
-1
-1
-1
-1
-1
-1
-1
-1
-1
-1
-1
-1
-1
-1
-1
-1
280
-1
-1
-1
-1
-1
-1
-1
-1
-1
-1
-1
-1
-1
-1
-1
-1
-1
-1
-1
-1
-1
558
-1
-1
-1
-1
-1
-1
-1
-1
-1
-1
-1
-1
-1
-1
-1
-1
-1
-1
-1
-1
-1
536
-1
-1
-1
-1
-1
-1
-1
-1
-1
-1
-1
221
-1
-1
-1
-1
-1
-1
-1
-1
-1
294
-1
-1
-1
-1
-1
-1
-1
-1
-1
-1
-1
171
-1
-1
-1
63
64
-1
-1
-1
92
129
-1
-1
-1
-1
-1
-1
-1
-1
-1
-1
180
16
-1
-1
-1
56
63
-1
-1
-1
193
-1
-1
-1
-1
-1
-1
-1
-1
-1
-1
-1
177
18
-1
-1
-1
58
34
68
-1
-1
159
-1
-1
-1
-1
-1
-1
-1
-1
-1
-1
-1
192
-1
-1
-1
34
31
30
70
-1
-1
154
-1
-1
-1
-1
-1
-1
-1
-1
-1
-1
-1
195
-1
-1
-1
34
28
30
64
-1
-1
157
-1
-1
-1
-1
-1
-1
-1
-1
-1
-1
178
35
-1
-1
-1
33
28
64
-1
-1
-1
161
-1
-1
-1
-1
-1
-1
-1
-1
-1
-1
172
37
-1
-1
14
19
28
30
-1
65
34
94
-1
-1
-1
-1
-1
-1
-1
-1
-1
-1
196
-1
-1
-1
27
22
31
30
-1
67
34
97
-1
-1
-1
-1
-1
-1
-1
-1
-1
-1
-1
-1
-1
-1
172
18
29
34
34
34
187
-1
-1
-1
-1
-1
-1
-1
-1
-1
-1
195
-1
-1
-1
40
9
18
28
66
-1
-1
149
-1
-1
