0
355
0
0
0
0
0
0
0
0
0
0
0
0
0
0
0
0
3596
0
0
0
0
0
579
0
0
0
0
0
0
0
0
0
0
0
0
0
0
0
3716
0
0
0
0
0
1853
0
0
0
0
0
0
0
0
0
0
0
0
0
0
649
3813
0
0
0
0
0
0
0
0
0
0
0
0
0
0
0
0
0
0
0
0
2168
3936
0
0
0
0
0
0
0
0
0
0
0
0
0
0
0
0
0
0
0
0
2188
3896
0
0
0
0
0
0
0
0
0
0
0
0
0
159
0
0
0
0
0
942
3490
0
0
0
0
0
0
0
0
0
0
0
0
0
0
223
0
0
0
0
0
2019
3687
0
0
0
0
0
0
0
0
0
0
0
0
0
0
484
0
0
0
0
0
2015
3702
0
0
0
0
0
0
565
0
0
0
0
0
0
0
853
0
0
0
0
-5991
2081
3600
0
0
0
0
0
540
1096
0
0
0
0
0
0
0
0
0
0
0
0
7314
0
2734
0
0
0
0
0
546
0
0
0
0
0
0
0
0
0
0
0
0
0
0
0
0
0
0
0
0
564
0
0
0
0
0
0
0
0
0
0
0
0
0
0
0
0
0
0
0
0
436
0
0
0
0
0
0
0
0
0
0
0
0
0
0
0
0
2920
0
0
0
0
427
0
0
0
0
0
0
0
0
0
0
0
0
0
0
0
0
2848
0
0
0
0
383
0
0
0
0
0
0
0
0
0
0
0
0
0
0
0
1945
0
0
0
0
0
0
0
0
0
0
0
0
0
0
0
0
0
0
0
0
0
1803
0
0
0
0
0
0
0
0
0
0
0
0
0
0
0
0
0
0
0
0
0
2566
0
0
0
0
0
0
0
0
0
0
0
0
0
0
0
0
0
0
0
0
0
2705
0
0
0
0
0
0
0
0
0
0
0
0
0
0
0
0
0
0
0
0
0
0
0
0
0
0
0
0
0
0
0
0
0
0
0
0
0
0
0
0
0
0
0
0
0
0
0
0
0
0
0
0
0
0
0
0
0
0
0
0
0
0
0
0
0
0
0
0
0
0
0
0
0
0
0
0
0
0
0
0
0
0
0
0
0
0
0
0
0
0
0
0
0
0
0
0
0
0
0
0
0
0
0
0
0
0
0
0
0
0
0
0
0
0
0
0
0
0
0
0
0
0
2336
1781
0
0
0
0
0
0
0
0
0
0
0
0
0
0
0
0
0
0
0
0
0
0
0
0
0
0
0
0
0
0
0
0
0
0
0
0
0
0
0
0
0
0
0
0
0
0
0
0
0
0
0
0
0
0
0
0
0
0
0
0
0
1
1
0
0
0
0
0
0
0
0
0
0
0
0
0
0
0
0
0
0
0
0
3
3
0
0
0
0
0
0
0
0
0
12
0
0
0
0
0
0
0
0
0
0
2
1821
0
0
0
0
0
0
0
0
0
200
0
0
303
0
0
0
0
0
0
4
7
1785
0
0
0
0
0
0
0
0
46
455
0
0
305
0
0
0
0
0
0
6
10
1996
0
0
0
0
0
0
0
0
0
0
0
0
351
0
0
0
0
0
0
7
11
1999
0
0
0
0
0
0
0
0
83
0
0
491
798
0
0
0
0
0
0
78
79
1924
0
0
0
0
0
0
0
129
169
171
0
546
0
0
0
0
0
0
0
513
857
0
0
0
0
0
0
0
0
175
0
0
0
485
0
0
0
0
0
0
21
349
1787
0
0
0
0
0
0
0
0
0
0
0
0
506
0
0
0
0
0
0
169
172
1553
0
0
0
0
0
0
0
0
0
0
0
526
0
0
0
0
0
0
0
53
58
2817
0
0
0
0
0
0
0
0
0
0
0
600
0
0
0
0
0
0
0
0
0
0
0
0
0
0
0
0
0
0
0
0
0
547
0
0
0
0
0
0
0
0
0
0
0
0
0
0
0
0
0
0
0
0
0
512
0
0
0
0
0
0
0
0
0
0
0
0
0
0
0
0
0
0
0
0
0
569
0
0
0
0
0
0
0
0
0
0
0
0
0
0
0
0
0
0
0
0
0
519
0
0
0
0
0
0
0
0
0
0
0
0
0
0
0
0
0
0
0
0
638
1153
0
0
0
0
0
0
0
0
0
0
0
0
0
0
0
0
0
0
0
0
0
532
0
0
0
0
0
0
0
0
0
0
0
0
0
0
0
0
0
0
0
659
644
0
0
0
0
0
0
0
0
0
0
0
0
0
0
0
0
0
0
0
0
180
0
0
0
0
0
0
0
0
0
0
0
0
0
0
0
0
0
0
0
0
0
0
0
0
0
0
0
0
0
0
0
0
0
0
0
0
0
0
0
0
0
0
0
0
0
0
0
0
0
0
0
0
0
0
0
0
0
0
0
0
0
0
0
0
0
0
0
0
0
0
0
0
0
0
0
0
0
0
0
0
0
0
0
0
0
0
0
0
0
0
0
0
0
0
0
0
0
0
0
0
0
0
0
0
0
0
0
0
0
0
0
0
0
0
0
0
0
0
0
0
0
0
0
0
0
0
0
0
0
0
0
0
0
0
0
0
0
0
0
0
4095
0
0
0
0
0
0
0
0
0
0
0
0
0
0
0
0
0
0
0
0
0
0
0
0
0
0
0
0
0
0
0
0
0
0
0
0
0
0
0
0
0
0
0
0
0
0
0
0
0
0
0
0
0
0
0
0
0
0
0
0
0
0
0
0
1195
0
0
0
0
0
0
0
0
0
0
0
0
0
0
0
0
0
0
0
0
355
2229
0
0
0
0
0
0
0
0
0
0
0
0
0
0
0
0
0
0
0
0
0
0
0
0
0
0
0
0
0
0
0
0
0
0
0
0
0
0
0
0
0
0
0
0
0
0
0
0
0
0
0
0
0
0
0
0
0
0
0
0
0
0
0
0
0
0
-7649
0
0
0
0
0
0
0
0
0
0
0
0
0
0
0
0
0
0
0
-5663
-8386
-6300
-303
0
0
0
0
0
0
0
0
0
0
0
0
0
0
0
0
0
0
-5263
-7466
-6291
-546
0
0
0
0
0
0
0
0
0
0
0
0
0
0
0
6
0
0
-5091
-6770
26821
1026
0
0
0
0
0
0
0
0
0
0
0
0
0
0
0
0
0
0
20235
26298
0
0
0
49
0
0
0
0
0
0
0
0
0
0
0
0
0
0
0
0
1538
0
0
0
0
76
0
0
0
0
0
0
0
0
0
1
1
1
0
0
0
0
783
0
0
0
0
76
0
0
0
0
0
0
0
0
0
4
4
4
0
0
0
2483
0
0
0
0
0
1068
0
0
0
0
0
0
0
0
0
2
2
0
0
0
0
2508
0
0
0
0
0
1247
0
0
0
0
0
0
0
0
0
3
678
0
0
0
869
0
0
0
0
0
170
0
0
0
0
0
0
0
0
0
1
5
586
0
0
0
1417
0
0
0
0
0
0
0
0
0
0
0
0
0
0
0
0
2
2
0
0
0
1814
0
0
0
0
0
0
0
0
0
0
0
0
0
0
0
0
0
0
0
0
0
1490
0
0
0
0
0
0
0
0
0
0
0
0
0
0
0
4267
2847
0
0
0
0
0
0
0
0
0
0
0
0
0
0
0
0
0
0
0
0
0
0
0
0
0
2895
0
0
0
0
