0
1108
0
0
0
0
0
0
0
0
3121
0
0
0
0
0
0
4095
805
1599
4095
617
0
1921
0
0
0
0
0
0
0
0
3189
0
0
0
0
0
0
4095
723
1580
4095
0
0
640
0
0
0
0
0
0
0
4095
0
0
0
0
0
0
0
4095
646
4095
0
0
0
0
0
0
0
0
0
0
0
4095
0
0
0
0
0
0
0
4095
800
2912
0
0
0
0
0
0
0
0
0
0
0
3214
0
0
0
0
0
0
0
4095
713
3062
0
0
0
0
0
0
0
0
0
0
0
1437
1517
0
0
0
0
0
4095
558
646
3597
0
0
0
0
0
0
0
0
0
0
0
1492
1425
0
0
0
0
0
4095
439
799
3285
0
0
0
0
0
0
0
0
0
0
0
1516
962
0
0
0
0
0
4095
440
738
3101
0
0
0
0
0
0
0
0
0
0
0
1635
0
0
0
0
4095
0
4095
540
640
1980
0
0
0
0
0
0
0
0
0
0
0
1879
0
0
0
4095
0
0
4095
416
740
2097
0
0
976
0
0
0
0
0
0
0
491
0
0
0
0
4095
0
4095
1502
572
1694
0
0
0
975
0
0
0
0
0
0
0
869
0
0
0
0
4095
0
4095
1608
435
1750
0
0
0
427
0
0
0
0
0
0
0
1160
0
0
0
0
4095
0
4095
1901
435
218
0
1587
0
0
0
0
0
0
0
0
0
0
0
0
0
0
0
0
4095
1620
544
48
0
1705
0
0
0
0
0
0
0
0
0
0
0
0
0
0
0
0
4095
1599
459
0
571
805
0
0
0
0
0
0
0
0
0
205
0
0
0
0
0
4095
2920
1930
565
0
621
569
0
0
0
0
0
0
0
0
0
394
0
0
0
0
0
4095
3035
1548
471
0
466
416
0
0
0
0
0
0
0
0
0
312
0
0
0
0
0
4095
3584
1655
97
0
447
13
0
0
0
0
0
0
0
0
0
0
0
0
0
0
0
4095
3087
1907
0
278
324
11
0
0
0
0
0
0
0
0
0
0
0
0
0
0
1103
4095
3086
1657
0
247
236
0
0
0
0
0
0
0
0
0
0
0
0
0
0
0
1239
4095
3075
1561
0
264
159
0
0
0
0
0
0
0
0
0
0
0
0
0
0
0
1278
4046
3523
1455
0
373
56
0
0
0
0
0
0
0
0
0
0
0
0
0
0
0
1138
4095
2977
254
0
191
6
0
0
0
0
0
0
0
0
1205
0
0
0
0
0
0
1136
4095
2245
216
0
230
1
0
0
0
0
0
0
0
0
1414
0
0
0
0
0
0
1177
4095
1573
0
170
201
57
0
0
0
0
0
1272
0
0
0
0
0
0
0
0
0
4095
4095
1350
0
124
167
59
0
0
0
0
0
2564
0
0
0
0
0
0
0
0
0
4095
0
3930
0
226
346
0
0
0
0
0
0
2967
0
0
0
0
0
0
0
0
0
4095
0
429
0
77
538
0
0
0
0
0
0
2769
890
0
0
0
0
0
0
0
0
4095
0
0
430
89
455
0
0
0
0
0
0
3469
569
0
0
0
0
0
0
0
0
793
0
0
352
397
0
0
0
0
0
0
0
3598
234
0
0
0
0
0
0
0
0
0
0
0
1359
62
0
0
0
0
0
0
0
3602
0
0
0
0
0
0
0
0
0
0
0
0
1625
0
0
0
0
0
0
0
0
3366
0
0
0
0
0
0
0
965
0
0
0
1290
11
0
0
0
0
0
0
0
0
3592
235
0
0
0
0
0
0
1877
0
0
0
1443
172
0
0
0
0
0
0
0
2720
0
311
0
0
0
0
0
0
2313
0
0
0
1207
136
0
0
0
0
0
0
0
2001
0
160
0
0
0
0
103
0
2754
0
0
0
1371
135
0
0
0
0
0
0
0
1062
208
0
0
0
0
0
0
739
1878
0
0
1067
312
107
0
0
0
0
0
0
0
1344
330
0
0
0
0
0
0
1088
1848
0
0
809
135
48
0
0
0
0
0
0
0
0
858
0
0
0
0
88
0
1215
1524
0
0
718
28
73
0
0
0
0
0
0
0
0
0
0
0
0
0
0
336
1082
868
0
0
773
3
0
0
0
0
0
0
0
0
0
0
0
0
0
0
0
1031
1183
0
0
0
1502
5
0
0
0
0
65
0
0
0
0
0
0
0
0
19
0
1050
175
0
0
0
1284
255
0
0
0
0
44
0
0
0
0
0
0
0
0
12
0
1247
0
0
0
0
1230
501
0
0
0
72
0
0
0
0
0
0
0
0
0
35
0
0
0
0
712
0
553
0
0
0
0
74
0
0
0
0
0
0
0
0
0
0
0
0
0
0
667
0
12
0
0
0
0
82
0
0
0
0
0
0
0
0
0
0
0
0
0
0
570
0
1
0
0
0
0
85
0
0
0
0
0
0
0
0
0
0
0
0
0
289
0
0
0
0
0
0
0
0
0
0
0
0
0
0
0
0
84
0
0
0
0
0
0
0
0
0
0
0
0
0
0
0
0
0
0
0
0
0
0
0
0
0
0
0
0
0
0
0
0
0
0
0
0
0
0
0
0
0
0
0
0
0
0
0
0
0
0
0
0
0
0
0
0
0
0
0
0
0
0
0
0
0
0
0
0
0
0
0
0
0
0
0
0
0
0
0
0
0
0
0
0
0
0
79
0
0
0
0
0
0
0
0
0
0
0
0
0
0
0
3245
0
0
0
0
0
185
0
0
0
0
0
0
0
0
0
0
0
0
0
0
0
4095
0
0
0
0
0
120
0
0
0
0
0
0
0
0
0
0
0
0
0
0
4095
0
0
0
0
0
0
43
0
0
0
0
0
0
0
0
0
0
0
0
0
0
4095
0
0
0
0
0
87
0
0
0
0
0
0
0
0
0
0
0
0
0
0
0
4095
0
0
0
0
0
4095
0
0
0
0
0
0
0
0
0
0
0
0
0
0
0
0
0
0
0
0
0
4095
0
0
0
0
0
0
0
0
0
0
0
0
0
0
0
0
0
0
0
0
4095
0
0
0
0
0
0
0
0
0
0
0
0
0
0
0
0
0
0
0
0
0
4095
0
0
0
0
0
0
0
0
0
0
0
0
0
0
0
0
0
0
0
0
0
4095
0
0
0
0
0
0
0
0
0
0
0
0
0
0
0
0
0
0
0
0
4095
0
0
0
0
0
0
0
0
0
0
0
0
4095
0
0
0
0
0
0
0
0
67
0
0
0
0
0
0
0
0
0
0
0
0
14
0
0
0
4095
1098
572
0
0
147
0
0
0
0
0
0
0
0
0
0
0
11
4
0
0
0
4095
1099
526
0
0
144
0
0
0
0
0
0
0
0
0
0
0
106
0
0
0
4095
4095
1281
487
0
0
770
0
0
0
0
0
0
0
0
0
0
0
97
0
0
0
4095
4095
1190
195
0
0
2101
0
0
0
0
0
0
0
0
0
0
390
96
0
0
0
4095
4095
1312
0
384
0
2406
0
0
0
0
0
0
0
0
0
0
700
0
0
0
3649
1799
4095
1219
0
1145
1136
1162
0
0
0
0
0
0
0
0
0
0
0
0
0
0
2437
1768
4095
4095
45
1139
1193
1312
0
0
0
0
0
0
0
0
0
0
0
0
0
0
3145
1719
4095
4095
45
1028
1388
0
0
0
0
0
0
0
0
0
0
1398
0
0
0
1504
733
1998
4095
4095
0
1134
1232
0
0
0
0
0
0
0
1874
0
0
3
0
0
0
2311
802
1657
4095
4095
0
