0
0
0
0
627
0
0
0
0
0
0
0
0
0
1396
0
1
0
0
0
2124
3823
0
0
0
0
620
0
0
0
0
0
0
0
0
0
1399
0
0
0
0
0
2983
0
0
0
1066
692
134
0
0
0
0
0
0
0
0
0
1417
0
0
0
0
0
3575
0
0
0
1298
800
184
0
0
0
0
0
0
0
0
0
0
0
0
0
0
1283
3744
0
0
0
1401
780
181
0
0
0
0
0
0
0
0
0
0
0
0
0
0
2167
3827
0
0
1898
1340
817
180
0
0
0
0
0
0
0
0
1680
270
0
0
0
0
2275
3825
0
0
1840
1319
787
187
0
0
0
0
0
0
0
285
0
0
0
0
0
1479
3380
3874
0
0
1820
1308
823
232
0
0
0
0
0
0
0
281
0
0
0
0
0
0
3388
0
0
0
546
0
531
1241
0
0
0
0
0
0
0
298
0
0
0
0
0
0
3279
0
0
0
582
0
545
1200
0
0
0
0
0
0
0
265
0
0
0
0
0
0
3320
0
0
0
533
0
559
113
79
36
0
0
0
0
0
242
0
0
0
0
0
1830
3663
0
0
0
413
0
475
153
153
54
0
0
0
0
0
230
0
0
0
0
0
1883
0
0
0
0
393
853
320
72
72
0
8
8
8
8
8
0
0
0
0
0
0
2072
0
0
0
0
498
599
66
37
37
0
0
0
0
0
0
111
0
0
0
0
0
2109
0
0
0
0
397
217
28
28
18
0
0
0
0
0
0
0
0
0
0
0
0
2130
0
0
0
0
0
85
85
85
0
0
0
0
0
0
0
0
0
0
0
0
0
2044
0
0
0
0
0
38
38
38
0
0
0
0
0
0
0
0
0
0
0
0
0
0
0
0
0
0
0
0
0
0
0
0
0
0
0
0
0
0
0
0
0
0
0
0
0
0
0
0
0
0
0
0
0
0
0
0
0
0
0
0
0
0
0
0
86
0
0
0
0
0
0
0
0
0
0
0
0
0
0
0
0
0
0
0
0
0
552
0
0
0
0
0
0
0
0
0
0
0
0
0
0
0
0
0
0
0
0
0
542
0
0
0
0
0
0
0
0
0
0
0
0
0
0
0
0
0
0
0
0
0
0
0
0
0
0
0
0
0
0
0
0
0
0
0
0
0
0
0
0
0
0
0
0
0
0
0
0
0
0
0
0
0
0
0
0
0
0
0
0
0
0
0
0
0
0
0
0
0
0
0
0
0
0
0
0
0
0
0
0
0
0
0
0
0
0
0
0
0
0
0
0
0
0
0
0
0
0
0
0
0
0
0
0
0
0
0
0
0
7
0
0
256
0
113
0
0
0
0
0
0
1229
0
0
0
0
0
0
0
0
0
0
2674
0
215
0
0
0
0
0
0
3
4
0
0
0
0
0
0
0
0
0
2
0
0
375
598
0
0
0
0
0
0
6
670
0
0
0
0
0
0
0
0
0
39
53
0
380
651
0
0
0
0
0
0
2
1942
0
0
0
0
0
0
0
0
19
178
450
0
447
0
0
0
0
0
0
0
4
1674
0
0
0
0
0
0
0
0
70
248
248
714
1161
0
53
0
0
0
0
3
6
1696
0
0
0
0
0
0
0
0
69
575
0
424
799
0
0
0
0
0
0
5
6
1681
0
0
0
0
0
0
0
0
987
564
0
468
846
0
0
0
0
0
0
493
495
0
0
0
0
0
0
0
0
0
519
0
578
1109
0
0
0
0
0
0
0
585
589
0
0
0
0
0
0
0
0
0
506
0
552
1029
0
0
0
0
0
0
80
81
82
0
0
0
0
0
0
0
860
0
1259
543
0
482
0
0
0
0
0
0
104
104
104
0
0
0
0
0
0
0
0
0
0
574
0
482
0
0
0
0
0
0
0
0
0
0
0
0
0
0
0
0
0
0
535
0
620
0
0
0
0
0
0
0
0
0
0
0
0
0
0
0
0
0
0
0
583
0
605
0
0
0
0
0
0
0
0
0
0
0
0
0
0
0
0
0
0
0
614
0
570
1020
465
0
0
0
0
0
0
0
0
0
0
0
0
0
0
0
0
547
547
0
529
991
79
0
0
0
0
0
0
0
0
0
0
0
0
0
0
0
0
0
0
566
1109
0
0
0
0
0
0
0
0
0
0
0
0
0
0
0
1116
1116
0
0
0
574
1125
0
0
0
0
0
0
0
0
0
0
0
0
0
0
0
445
445
0
0
0
209
0
0
0
0
0
0
0
0
0
0
0
0
0
0
0
0
0
0
0
0
0
4
4
1
0
0
0
0
0
0
0
0
0
0
0
0
0
0
0
0
0
0
0
0
0
0
0
0
0
0
0
0
0
0
0
0
0
0
0
122
122
122
122
122
122
0
0
0
0
0
0
0
0
0
0
0
0
0
0
0
0
0
0
0
0
0
0
0
0
0
0
0
0
0
0
0
0
0
0
0
0
0
0
0
0
0
0
0
0
0
0
0
0
0
0
4095
4095
4095
0
0
0
0
0
0
0
6
6
6
6
6
0
0
0
0
0
0
0
0
0
0
0
0
0
0
0
0
0
26
26
26
26
26
12
0
0
0
0
0
0
0
0
1363
0
0
0
0
0
0
43
43
43
43
43
26
7
0
0
0
0
0
0
0
0
2038
0
0
0
0
0
0
64
64
64
64
64
34
0
0
0
0
0
0
0
0
0
2229
0
0
0
0
0
0
58
58
58
58
58
18
0
0
0
0
0
0
0
0
715
2494
4081
4081
4081
4081
4081
4081
14
14
14
14
14
0
0
0
0
0
0
0
0
0
1216
2686
4095
4095
4095
4095
4095
0
14
14
14
14
14
0
0
0
0
0
0
0
0
0
1149
2646
4070
4070
4070
4070
4070
0
0
0
0
0
0
0
0
0
0
0
0
0
0
0
1185
2682
4095
4095
4095
4095
4095
0
0
0
0
0
0
0
0
0
0
0
0
0
0
3384
1825
0
4095
4095
4095
4095
0
0
0
0
0
0
0
0
0
0
0
0
0
4095
4095
2933
1626
0
4026
4026
4026
4026
0
0
0
0
0
0
0
0
0
0
0
0
0
4095
4095
1191
2287
0
0
0
0
9
0
0
0
0
0
0
0
0
0
0
0
0
0
0
0
2479
0
0
0
0
0
0
0
0
0
0
0
0
0
0
0
0
0
0
0
0
0
2574
0
0
0
0
11
0
0
0
0
0
0
0
0
0
0
1
1
1
0
0
0
2425
0
0
0
0
78
0
0
0
0
0
0
0
0
0
0
8
8
0
1485
1485
0
0
0
0
20
0
84
86
0
0
0
0
0
0
0
0
3
8
8
0
0
0
1445
0
0
0
151
0
736
0
0
0
0
0
0
0
0
0
2
2
2
0
0
0
1798
0
0
2775
0
227
0
0
0
0
0
0
0
0
0
0
4
386
386
0
0
0
0
0
0
0
0
620
0
0
0
0
0
0
0
0
0
0
3
668
668
0
0
0
0
0
0
0
0
0
1207
0
0
0
0
0
0
0
0
0
3
121
121
121
121
2453
0
0
0
0
0
0
0
0
0
0
0
0
0
0
0
919
922
922
922
922
922
3183
0
0
0
0
0
893
0
0
0
0
0
0
0
0
1327
0
3
0
0
0
0
2657
0
0
2987
0
0
958
0
0
0
0
0
0
0
0
1415
0
4
0
0
0
0
2605
0
