0
0
0
1705
0
0
0
0
0
0
0
4095
0
0
6
0
0
0
0
2806
1976
4095
0
0
1136
0
0
0
0
0
0
0
0
3564
0
0
4
0
0
0
0
4095
1533
3251
0
0
3346
0
0
0
0
0
0
0
0
3600
0
0
0
0
0
0
0
4095
1546
3155
0
0
0
0
0
0
0
0
0
0
453
1616
1802
0
0
0
0
0
4095
477
1732
3453
0
0
0
0
0
0
0
0
0
0
1375
1609
1685
0
0
0
0
0
4095
563
1584
2512
0
0
0
0
0
0
0
0
0
0
2507
1576
1652
0
0
0
0
0
4095
469
1480
2479
0
0
0
0
0
0
0
0
0
0
0
1711
345
0
0
0
0
0
4095
561
1648
3433
0
0
0
0
0
0
0
0
0
0
1188
1580
0
0
0
0
0
0
4095
412
1324
0
0
0
0
0
0
0
0
0
0
0
1227
666
0
0
0
4095
0
1685
824
447
2217
0
0
0
2392
0
0
0
0
0
0
0
1371
0
0
0
0
4095
0
1590
723
549
1473
0
0
0
1334
0
0
0
0
0
0
0
1128
0
0
0
0
4095
0
1917
674
454
666
0
0
0
1973
0
0
0
0
0
0
0
158
0
0
0
0
4095
0
1717
813
452
888
0
0
0
0
0
0
0
0
0
0
0
0
0
0
0
0
0
4095
1653
828
553
0
1009
0
0
0
0
0
0
0
0
0
0
101
0
0
0
0
0
4095
1688
777
695
0
1147
0
0
0
0
0
0
0
0
0
0
309
0
0
0
0
0
4095
2014
819
506
0
837
0
0
0
0
0
0
0
0
0
0
325
0
0
0
0
0
4095
1720
848
262
0
498
0
0
0
0
0
0
0
0
0
0
0
0
0
0
0
0
4095
1747
793
0
245
288
0
0
0
0
0
0
0
0
0
0
0
0
0
0
0
4095
4095
2028
1023
0
280
484
0
0
0
0
0
0
0
0
0
322
0
0
0
0
0
1091
4095
1811
936
0
366
193
0
0
0
0
0
0
0
0
0
200
0
0
0
0
0
1237
4095
1746
704
0
437
134
0
0
0
0
0
0
0
0
0
0
0
0
0
0
0
1703
4095
1817
0
0
436
38
0
0
0
0
0
0
0
0
164
0
0
0
0
0
0
1666
4095
2194
0
0
131
12
0
0
0
0
0
0
0
0
226
0
0
0
0
0
571
1264
4095
1899
0
19
51
0
0
0
0
0
0
0
0
0
227
0
0
0
0
0
685
3953
4095
1699
0
243
7
0
0
0
0
0
0
819
0
0
0
0
0
0
0
0
339
4095
4095
475
0
153
75
0
0
0
0
0
0
1632
0
0
0
0
0
0
0
0
102
4095
0
764
0
170
282
0
0
0
0
0
1
3135
0
0
0
0
0
0
0
0
0
4095
988
0
0
305
931
0
0
0
0
0
1328
0
0
282
0
0
0
0
0
0
0
4095
0
0
462
200
0
0
0
0
0
0
1716
1824
0
0
0
0
0
0
0
0
75
0
0
0
442
191
0
0
0
0
0
0
2606
1474
0
0
0
0
0
0
0
0
808
0
0
0
442
152
0
0
0
0
0
0
3175
1451
0
0
0
0
0
0
0
0
1206
0
0
892
15
230
0
0
0
0
0
0
3212
1445
283
0
0
0
0
0
0
628
0
0
0
905
37
0
0
0
0
0
0
0
3355
636
0
0
0
0
0
0
0
2282
0
0
0
794
56
0
0
0
0
0
0
0
3154
0
0
0
0
0
0
907
0
3942
0
0
0
854
34
0
0
0
0
0
0
0
3917
33
0
0
0
0
0
1253
0
0
0
0
1034
129
0
0
0
0
0
0
0
2179
0
414
0
0
0
0
0
1113
0
0
0
0
1695
230
0
0
0
0
0
0
0
1384
0
388
0
0
0
0
94
1231
0
2599
0
0
695
74
0
0
0
0
0
0
0
286
0
41
0
0
0
0
0
0
1211
2298
0
0
650
112
0
0
0
0
0
0
0
0
0
0
0
0
0
0
0
873
1142
0
0
0
763
305
0
0
0
0
0
0
0
0
0
0
0
0
0
21
0
1104
1669
0
0
0
666
339
0
0
0
0
0
0
0
0
0
0
0
0
0
23
0
1043
955
0
0
0
557
646
0
0
0
0
0
0
0
0
0
0
0
0
0
0
0
1066
0
0
0
0
1065
0
0
0
0
89
0
0
0
0
0
0
0
0
0
0
0
0
0
0
0
0
586
0
0
0
0
90
0
0
0
0
0
0
0
0
0
0
0
0
0
0
0
0
551
0
0
0
0
88
0
0
0
0
0
0
0
0
27
0
0
0
0
1537
0
0
3
0
0
0
11
17
0
0
0
0
0
0
0
0
0
0
0
0
0
318
0
0
0
0
0
0
6
0
0
0
0
0
0
0
0
0
0
0
0
0
0
518
0
0
0
0
0
0
12
0
0
0
0
0
0
0
0
0
0
0
0
0
0
0
0
0
0
0
0
0
8
0
0
0
0
0
0
0
0
0
0
0
0
0
0
0
0
0
0
0
0
0
0
0
0
0
0
0
0
0
0
17
0
0
0
0
0
0
0
0
0
0
0
0
0
0
0
0
0
0
0
0
0
0
0
0
0
0
0
0
0
0
0
0
0
0
0
0
4095
0
0
0
0
0
0
44
0
0
0
0
0
0
0
0
0
0
0
0
0
0
4095
0
0
0
0
0
0
0
0
0
0
0
0
0
0
0
0
0
0
0
0
0
4095
0
0
0
0
0
135
0
0
0
0
0
0
0
0
0
0
0
0
0
0
0
4095
0
0
0
0
0
56
0
0
0
0
0
0
0
0
0
0
0
0
0
0
0
0
0
0
0
0
0
63
0
0
0
0
0
0
0
0
0
0
0
0
0
0
0
0
0
0
0
0
0
17
0
0
0
0
0
0
0
0
0
0
0
0
0
0
0
0
0
0
0
0
86
0
0
0
0
0
0
0
0
0
0
0
0
0
0
0
0
0
0
0
0
0
0
0
0
0
0
0
0
0
0
0
0
0
0
0
0
0
0
0
0
0
0
0
0
0
0
0
0
0
0
0
0
0
0
0
4095
0
0
0
0
4095
0
0
0
109
0
0
0
0
0
0
0
0
0
0
0
0
4095
0
0
0
0
1173
0
0
0
16
0
0
0
0
0
0
0
0
0
0
0
0
4095
0
0
0
4095
1105
0
0
0
59
0
0
0
0
0
0
0
0
0
0
0
56
0
0
0
4095
4095
1131
0
0
195
0
0
0
0
0
0
0
0
0
0
0
0
95
0
0
0
4095
4095
1224
0
0
1647
211
0
0
0
0
0
0
0
0
0
0
8
681
0
0
0
4095
4095
1150
0
0
0
1298
0
0
0
0
0
0
0
0
0
0
152
15
0
0
4095
3010
4095
3663
0
1028
747
2290
0
0
0
0
0
0
0
0
0
0
174
0
0
0
3261
3270
4095
4095
0
1338
1345
0
0
0
0
0
0
0
0
0
0
0
484
0
0
0
3074
3508
4095
4095
0
2576
1650
0
0
0
0
0
0
0
0
0
0
0
590
0
0
1824
1568
3343
3604
4095
418
0
1142
0
0
0
0
0
0
0
0
0
0
0
0
0
0
3265
1818
2873
4095
4095
0
0
2316
0
0
0
0
0
0
0
0
0
0
9
0
0
0
3041
1582
2912
4095
603
0
1441
0
0
0
0
0
0
0
0
0
0
4
0
0
0
0
2500
1523
3366
4095
