0
0
0
4095
761
4095
0
0
0
870
0
0
0
0
0
0
0
4095
0
0
0
0
0
0
0
4095
631
2351
0
0
0
1764
0
0
0
0
0
0
0
3170
0
0
0
0
0
0
0
4095
794
2479
0
0
0
0
0
0
0
0
0
0
0
3086
0
0
0
0
0
0
4095
555
750
2752
0
0
0
0
0
0
0
0
0
0
0
1391
1813
0
0
0
0
0
4095
451
723
3407
0
0
0
0
0
0
0
0
0
0
0
1945
1798
0
0
0
0
0
4095
448
654
3469
0
0
0
0
0
0
0
0
0
0
0
2152
1054
0
0
0
0
0
4095
555
702
1505
0
0
0
0
0
0
0
0
0
0
0
2637
0
0
0
0
0
0
4095
474
851
2563
0
0
0
0
0
0
0
0
0
0
0
2913
0
0
0
0
0
4095
1695
546
867
0
0
0
2302
0
0
0
0
0
0
0
1229
0
0
0
0
4095
0
4095
1562
469
1514
0
0
0
870
0
0
0
0
0
0
0
1277
0
0
0
0
4095
0
4095
1659
464
830
0
1669
0
806
0
0
0
0
0
0
0
1377
0
0
0
0
4095
0
4095
1862
552
865
0
1061
0
0
0
0
0
0
0
0
0
107
0
0
0
0
0
0
4095
1558
469
0
444
794
0
0
0
0
0
0
0
0
0
0
0
0
0
0
0
4095
3574
1627
702
0
437
561
0
0
0
0
0
0
0
0
0
151
0
0
0
0
0
4095
2993
1941
828
0
295
519
0
0
0
0
0
0
0
0
0
458
0
0
0
0
0
4095
3173
1649
368
0
216
9
0
0
0
0
0
0
0
0
0
336
0
0
0
0
0
4095
3082
1634
0
290
229
13
0
0
0
0
0
0
0
0
0
0
0
0
0
0
0
4087
3614
1675
0
292
263
0
0
0
0
0
0
0
0
0
0
0
0
0
0
0
2589
4095
2990
1585
0
265
166
0
0
0
0
0
0
0
0
0
0
0
0
0
0
0
1135
4095
3051
1149
0
347
43
0
0
0
0
0
0
0
0
0
0
0
0
0
0
0
1129
4095
3282
112
0
246
5
0
0
0
0
0
0
0
0
0
0
0
0
0
0
0
1149
4095
2222
100
0
232
4
0
0
0
0
0
0
0
0
1042
0
0
0
0
0
0
1170
4095
1634
0
0
172
52
0
0
0
0
0
0
0
0
1141
0
0
0
0
0
0
1179
4095
1243
0
29
179
24
0
0
0
0
0
959
0
0
0
0
0
0
0
0
0
4095
0
383
0
144
355
0
0
0
0
0
0
1913
0
0
0
0
0
0
0
0
11
4095
0
662
0
23
1041
0
0
0
0
0
0
2051
0
0
0
0
0
0
0
0
0
4095
0
0
13
101
0
0
0
0
0
0
0
2056
222
0
0
0
0
0
0
0
0
4095
0
0
322
425
0
0
0
0
0
0
0
3664
169
0
0
0
0
0
0
0
0
607
0
0
403
60
0
0
0
0
0
0
0
3012
108
0
0
0
0
0
0
0
0
2247
0
0
525
1
0
0
0
0
0
0
0
3109
0
0
0
0
0
0
0
0
0
0
0
0
807
0
0
0
0
0
0
0
0
3484
0
0
0
0
0
0
0
0
0
0
0
1433
166
0
0
0
0
0
0
0
0
4095
188
0
0
0
0
0
0
2299
0
0
0
1426
155
0
0
0
0
0
0
0
3680
0
319
0
0
0
0
328
0
1767
0
0
0
1352
133
0
0
0
0
0
0
0
3268
0
171
0
0
0
0
1100
0
2866
0
0
1062
301
121
0
0
0
0
0
0
0
2651
142
0
0
0
0
0
690
0
0
0
0
884
126
75
0
0
0
0
0
0
0
2227
390
0
0
0
0
0
0
629
1696
0
0
733
53
90
0
0
0
0
0
0
0
0
283
0
0
0
0
61
0
1249
1612
0
0
858
2
0
0
0
0
0
1
0
0
0
0
0
0
0
0
0
0
1177
1693
0
0
938
5
0
0
0
0
10
0
0
0
0
0
0
0
0
0
0
1057
1138
0
0
0
1266
135
0
0
0
0
3
0
0
0
0
0
0
0
0
13
0
1091
581
0
0
0
660
877
0
0
0
16
0
0
0
0
0
0
0
0
0
19
0
1659
0
0
0
0
387
0
0
0
0
109
0
0
0
0
0
0
0
0
0
72
0
0
0
0
1337
0
6
0
0
0
0
82
0
0
0
0
0
0
0
0
0
160
0
0
0
0
736
0
0
0
0
0
0
108
0
0
0
0
0
0
0
0
0
0
0
0
0
0
716
0
0
0
0
0
0
12
0
0
0
0
0
0
0
0
0
0
0
0
0
348
0
0
0
0
0
0
15
0
0
0
0
0
0
0
0
0
0
0
0
0
0
0
0
0
0
0
0
0
22
0
0
0
0
0
0
0
0
0
0
0
0
0
0
0
0
0
0
0
0
0
8
0
0
0
0
0
0
0
0
0
0
0
0
0
0
0
0
0
0
0
0
0
0
0
0
0
0
0
0
0
0
0
0
0
0
0
0
0
0
0
0
0
0
0
0
0
0
0
0
0
0
0
0
68
0
0
0
0
0
0
0
0
0
0
0
0
0
0
0
4095
0
0
0
0
0
104
0
0
0
0
0
0
0
0
0
0
0
0
0
0
4095
0
0
0
0
0
0
153
0
0
0
0
0
0
0
0
0
0
0
0
0
0
4095
0
0
0
0
0
0
72
0
0
0
0
0
0
0
0
0
0
0
0
0
0
4095
0
0
0
0
0
39
0
0
0
0
0
0
0
0
0
0
0
0
0
0
0
0
0
0
0
0
0
104
0
0
0
0
0
0
0
0
0
0
0
0
0
0
0
0
0
0
0
0
0
40
0
0
0
0
0
0
0
0
0
0
0
0
0
0
0
0
0
0
0
0
0
0
0
0
0
0
0
0
0
0
0
0
0
0
0
0
0
0
0
0
0
0
85
0
0
0
0
0
0
0
0
0
0
0
0
0
0
0
0
0
0
0
0
0
0
0
0
0
0
0
0
0
0
0
0
0
0
0
0
0
0
0
0
0
0
0
0
0
0
0
0
0
0
0
0
0
0
0
2618
0
0
0
4095
4095
0
0
0
92
0
0
0
0
0
0
0
0
0
0
0
0
2549
0
0
0
4095
1203
613
0
0
64
0
0
0
0
0
0
0
0
0
0
0
79
0
0
0
4095
4095
1122
478
0
0
63
0
0
0
0
0
0
0
0
0
0
0
84
0
0
0
4095
4095
1153
315
0
0
498
0
0
0
0
0
0
0
0
0
0
0
69
0
0
0
4095
4095
1118
0
0
0
2264
0
0
0
0
0
0
0
0
0
0
248
6
0
0
3972
1731
4095
1216
0
0
0
2347
0
0
0
0
0
0
0
0
0
0
738
0
0
0
2208
1877
4095
4095
0
1456
1437
1116
0
0
0
0
0
0
0
0
0
0
403
0
0
0
2493
1640
4095
4095
59
1287
1169
1090
0
0
0
0
0
0
0
0
0
0
332
0
0
1491
813
1643
4095
4095
0
3019
1233
0
0
0
0
0
0
0
0
0
0
1537
0
0
0
2078
722
1710
4095
4095
0
0
1156
0
0
0
0
0
0
0
0
0
0
1455
0
0
0
4095
758
1848
4095
606
0
1412
221
0
0
0
0
0
0
0
2409
0
0
0
0
0
0
4095
831
1639
4095
596
0
1323
0
0
0
0
0
0
0
0
0
0
0
0
0
