-1
57
6
-1
-1
-1
-1
-1
-1
-1
144
-1
-1
34
-1
-1
-1
15
9
19
31
-1
-1
64
-1
-1
-1
-1
-1
-1
-1
-1
121
-1
-1
8
-1
-1
-1
17
10
22
29
-1
-1
157
-1
-1
-1
-1
-1
-1
-1
15
-1
-1
-1
-1
-1
-1
-1
17
9
19
64
-1
-1
-1
-1
-1
-1
-1
-1
-1
-1
81
-1
-1
-1
-1
-1
-1
-1
24
9
19
-1
-1
-1
-1
-1
-1
-1
-1
-1
-1
-1
25
55
-1
-1
-1
-1
-1
-1
40
9
55
-1
-1
-1
-1
-1
-1
-1
-1
-1
-1
-1
27
47
-1
-1
-1
-1
-1
-1
39
9
119
-1
-1
-1
-1
-1
-1
-1
-1
-1
-1
-1
30
33
-1
-1
-1
-1
-1
55
6
8
111
-1
-1
-1
-1
-1
-1
-1
-1
-1
-1
-1
28
18
-1
-1
-1
-1
-1
38
5
9
120
-1
-1
-1
-1
-1
-1
-1
-1
-1
-1
-1
27
-1
-1
-1
-1
84
-1
15
5
8
80
-1
-1
-1
-1
-1
-1
-1
-1
-1
-1
-1
27
-1
-1
-1
-1
101
-1
17
6
8
80
-1
-1
153
-1
-1
-1
-1
-1
-1
-1
2
5
-1
-1
-1
25
-1
-1
37
5
9
64
-1
-1
74
-1
-1
-1
-1
-1
-1
-1
3
-1
-1
-1
-1
52
-1
24
16
5
8
-1
-1
-1
165
-1
-1
-1
-1
-1
-1
-1
2
8
-1
-1
-1
106
-1
23
19
6
27
-1
57
-1
-1
-1
-1
-1
-1
-1
-1
-1
1
20
-1
-1
-1
-1
-1
46
17
5
18
-1
57
-1
-1
-1
-1
-1
-1
-1
-1
-1
-1
20
-1
-1
-1
-1
-1
47
17
6
19
-1
44
-1
-1
-1
-1
-1
-1
-1
-1
-1
2
-1
-1
-1
-1
-1
56
23
19
5
-1
18
40
-1
-1
-1
-1
-1
-1
-1
-1
-1
17
-1
-1
-1
-1
-1
52
24
18
5
-1
20
37
-1
-1
-1
-1
-1
-1
-1
-1
-1
19
-1
-1
-1
-1
-1
51
21
17
5
-1
21
4
-1
-1
-1
-1
-1
-1
-1
-1
-1
-1
-1
-1
-1
-1
-1
51
21
20
-1
1
28
7
-1
-1
-1
-1
-1
-1
-1
-1
-1
-1
-1
-1
-1
-1
30
26
24
18
-1
2
25
-1
-1
-1
-1
-1
-1
-1
-1
-1
-1
-1
-1
-1
-1
-1
34
29
23
17
-1
4
25
2
-1
-1
-1
-1
-1
-1
-1
-1
-1
-1
-1
-1
-1
-1
34
27
21
19
-1
12
21
-1
-1
-1
-1
-1
-1
-1
-1
-1
-1
-1
-1
-1
-1
-1
31
26
22
17
-1
15
22
-1
-1
-1
-1
-1
-1
-1
-1
-1
-1
-1
-1
-1
-1
-1
30
27
22
15
-1
17
17
-1
-1
-1
-1
-1
-1
-1
-1
37
-1
-1
-1
-1
-1
-1
30
28
19
32
-1
17
2
-1
-1
-1
-1
-1
23
-1
-1
-1
-1
-1
-1
-1
-1
-1
26
50
17
-1
2
20
16
-1
-1
-1
-1
-1
44
-1
-1
-1
-1
-1
-1
-1
-1
-1
28
-1
37
-1
5
18
-1
-1
-1
-1
-1
-1
53
24
-1
-1
-1
-1
-1
-1
-1
-1
35
-1
63
-1
3
40
-1
-1
-1
-1
-1
-1
75
23
-1
-1
-1
-1
-1
-1
-1
-1
40
-1
-1
15
4
84
-1
-1
-1
-1
-1
-1
104
23
-1
-1
-1
-1
-1
-1
-1
-1
62
-1
-1
37
5
-1
-1
-1
-1
-1
-1
-1
106
27
-1
-1
-1
-1
-1
-1
-1
-1
185
-1
-1
38
29
-1
-1
-1
-1
-1
-1
-1
110
-1
-1
-1
-1
-1
-1
-1
-1
-1
-1
-1
-1
38
45
-1
-1
-1
-1
-1
-1
-1
106
-1
-1
-1
-1
-1
-1
-1
-1
-1
-1
-1
-1
57
44
-1
-1
-1
-1
-1
-1
-1
114
12
-1
-1
-1
-1
-1
-1
207
-1
-1
-1
50
11
82
-1
-1
-1
-1
-1
-1
103
6
25
-1
-1
-1
-1
30
-1
97
-1
-1
-1
52
8
-1
-1
-1
-1
-1
-1
-1
85
-1
21
-1
-1
-1
-1
42
-1
172
-1
-1
-1
50
42
-1
-1
-1
-1
-1
-1
-1
36
-1
-1
-1
-1
-1
-1
-1
30
-1
-1
-1
61
20
49
-1
-1
-1
-1
-1
-1
-1
5
-1
-1
-1
-1
-1
-1
-1
31
71
-1
-1
58
19
44
-1
-1
-1
-1
-1
-1
-1
-1
-1
-1
-1
-1
-1
9
-1
35
67
-1
-1
58
18
33
-1
-1
-1
-1
-1
-1
-1
-1
-1
-1
-1
-1
-1
-1
5
30
38
-1
-1
59
18
-1
-1
-1
-1
49
3
-1
-1
-1
-1
-1
-1
-1
-1
-1
30
30
64
-1
-1
57
26
-1
-1
-1
-1
51
-1
-1
-1
-1
-1
-1
-1
-1
-1
-1
29
6
-1
-1
-1
43
32
-1
-1
-1
-1
35
-1
-1
-1
-1
-1
-1
-1
-1
8
-1
45
-1
-1
-1
-1
50
32
-1
-1
-1
17
18
-1
-1
-1
-1
-1
-1
-1
-1
-1
-1
-1
-1
-1
78
-1
20
35
-1
-1
-1
41
-1
-1
-1
-1
-1
-1
-1
-1
-1
-1
-1
-1
-1
-1
29
-1
12
-1
-1
-1
-1
38
-1
-1
-1
-1
-1
-1
-1
-1
-1
-1
-1
-1
-1
-1
53
-1
27
-1
-1
-1
-1
23
-1
-1
-1
-1
-1
-1
-1
-1
-1
-1
-1
-1
-1
-1
-1
-1
79
-1
-1
-1
-1
-1
-1
-1
-1
-1
-1
-1
-1
-1
1
-1
-1
-1
-1
-1
-1
-1
-1
-1
-1
-1
8
-1
-1
-1
-1
-1
-1
-1
-1
-1
-1
-1
-1
-1
-1
-1
-1
-1
-1
-1
-1
-1
6
-1
-1
-1
-1
-1
-1
-1
-1
-1
-1
-1
-1
-1
-1
-1
-1
-1
-1
-1
-1
-1
21
-1
-1
-1
-1
-1
-1
-1
-1
-1
-1
-1
-1
-1
-1
-1
-1
-1
-1
-1
-1
-1
70
-1
-1
-1
-1
-1
-1
-1
-1
3
-1
-1
-1
-1
-1
-1
-1
-1
-1
-1
-1
-1
-1
-1
-1
5
-1
-1
-1
-1
-1
59
-1
-1
-1
-1
-1
-1
-1
-1
-1
-1
-1
-1
-1
-1
-1
30
-1
-1
-1
-1
-1
56
-1
-1
-1
-1
-1
-1
-1
-1
-1
-1
-1
-1
-1
-1
54
-1
-1
-1
-1
-1
-1
48
-1
-1
-1
-1
-1
-1
-1
-1
-1
-1
-1
-1
-1
-1
75
-1
-1
-1
-1
-1
-1
-1
-1
-1
-1
-1
-1
-1
-1
-1
-1
-1
-1
-1
-1
-1
279
-1
-1
-1
-1
-1
33
-1
-1
-1
-1
-1
-1
-1
-1
-1
-1
-1
-1
-1
-1
-1
-1
-1
-1
-1
-1
-1
20
-1
-1
-1
-1
-1
-1
-1
-1
-1
-1
-1
-1
-1
-1
-1
-1
-1
-1
-1
-1
-1
-1
-1
-1
-1
-1
-1
-1
-1
-1
-1
-1
-1
-1
-1
-1
-1
-1
-1
-1
-1
-1
10
-1
-1
-1
-1
-1
-1
-1
-1
-1
-1
-1
-1
-1
-1
-1
-1
-1
-1
-1
-1
-1
-1
-1
-1
-1
-1
-1
-1
-1
-1
-1
-1
-1
-1
-1
-1
-1
-1
-1
-1
-1
-1
-1
-1
-1
-1
-1
-1
-1
-1
-1
-1
-1
-1
-1
64
-1
-1
-1
-1
279
-1
-1
-1
12
-1
-1
-1
-1
-1
-1
-1
-1
-1
-1
-1
-1
14
-1
-1
-1
53
30
14
-1
-1
28
-1
-1
-1
-1
-1
-1
-1
-1
-1
-1
-1
-1
17
-1
-1
-1
60
29
16
-1
-1
32
1
-1
-1
-1
-1
-1
-1
-1
-1
-1
-1
41
13
-1
-1
-1
52
31
17
-1
-1
30
-1
-1
-1
-1
-1
-1
-1
-1
-1
-1
-1
66
-1
-1
-1
37
29
32
88
-1
-1
50
-1
-1
-1
-1
-1
-1
-1
-1
-1
-1
-1
77
-1
-1
-1
37
29
30
-1
-1
-1
62
-1
-1
-1
-1
-1
-1
-1
-1
-1
-1
112
6
-1
-1
12
22
34
34
-1
60
30
35
-1
-1
-1
-1
-1
-1
-1
-1
-1
-1
-1
-1
-1
-1
16
21
31
30
9
30
32
31
-1
-1
-1
-1
-1
-1
-1
-1
-1
-1
-1
-1
-1
-1
13
20
30
29
9
66
34
-1
-1
-1
-1
-1
-1
-1
-1
-1
-1
60
-1
-1
-1
-1
14
23
29
32
-1
-1
30
-1
-1
-1
-1
-1
-1
-1
2
-1
-1
30
-1
-1
-1
-1
11
19
31
32
-1
