930
670
0
0
0
0
0
0
0
2766
0
0
2
0
0
0
0
4095
1845
4095
3800
0
899
0
0
0
0
0
0
0
0
3066
0
0
3
0
0
0
4095
1005
2125
4095
622
0
1367
0
0
0
0
0
0
0
287
3077
0
0
0
0
0
0
4095
883
1705
4095
0
0
824
0
0
0
0
0
0
0
4095
0
0
0
0
0
0
0
4075
794
2305
0
0
0
0
0
0
0
0
0
0
0
1583
1894
1594
0
0
0
0
0
4095
853
3054
0
0
0
0
0
0
0
0
0
0
0
1470
2786
0
0
0
0
0
0
4095
940
3735
0
0
0
0
0
0
0
0
0
0
0
1502
1683
0
0
0
0
0
0
4095
856
3501
0
0
0
0
0
0
0
0
0
0
0
1549
1672
0
0
0
0
0
4095
546
739
3523
0
0
0
0
0
0
0
0
0
0
0
1474
0
0
0
0
4095
0
4095
458
797
3336
0
0
0
0
0
0
0
0
0
0
0
1696
0
0
0
0
4095
0
4095
437
818
2213
0
0
0
0
0
0
0
0
0
0
0
691
0
0
0
4095
0
0
4095
573
785
848
0
0
1283
0
0
0
0
0
0
0
123
0
0
0
0
4095
0
4095
1267
458
1048
0
0
0
1525
0
0
0
0
0
0
0
109
0
0
0
0
4095
0
4095
1381
530
734
0
852
0
1041
0
0
0
0
0
0
0
114
338
0
0
0
0
0
4095
1557
463
88
0
1613
0
0
0
0
0
0
0
0
0
0
389
0
0
0
0
0
4095
1559
452
0
0
1073
0
0
0
0
0
0
0
0
0
0
62
0
0
0
0
4095
3719
1491
561
0
328
231
0
0
0
0
0
0
0
0
0
278
0
0
0
0
0
4095
2920
1801
453
0
339
443
0
0
0
0
0
0
0
0
0
266
0
0
0
0
0
4095
3143
1545
455
0
329
159
0
0
0
0
0
0
0
0
0
128
0
0
0
0
0
4095
3107
1560
89
0
331
98
0
0
0
0
0
0
0
0
0
0
0
0
0
0
3581
4095
3728
1801
0
0
372
8
0
0
0
0
0
0
0
0
0
0
0
0
0
0
1169
3588
3202
1592
0
0
91
1
0
0
0
0
0
0
0
0
0
0
0
0
0
0
1132
3526
2887
1560
0
52
103
0
0
0
0
0
0
0
0
0
0
0
0
0
0
0
1152
3481
3038
1282
0
184
26
0
0
0
0
0
0
0
0
0
0
0
0
0
0
0
1185
4095
3551
291
0
6
221
0
0
0
0
0
0
1289
0
0
0
0
0
0
0
0
1359
4095
1504
249
0
209
60
0
0
0
0
0
1278
0
0
0
0
0
0
0
0
0
4095
4095
1487
0
328
135
84
0
0
0
0
0
1840
0
0
0
0
0
0
0
0
0
4095
0
4095
0
347
251
0
0
0
0
0
0
2980
0
0
0
0
0
0
0
0
0
4095
0
459
0
378
377
0
0
0
0
0
0
2048
1373
0
0
0
0
0
0
0
0
4095
0
0
0
794
433
0
0
0
0
0
0
3377
1278
0
0
0
0
0
0
0
0
3505
0
0
671
99
461
0
0
0
0
0
0
3377
1476
0
0
0
0
0
0
0
0
773
0
0
692
284
0
0
0
0
0
0
0
3331
487
0
0
0
0
0
0
0
0
0
0
0
1841
68
0
0
0
0
0
0
0
3405
0
19
0
0
0
0
0
0
0
0
0
0
2173
0
0
0
0
0
0
0
0
3747
0
0
0
0
0
0
0
1723
0
0
0
1446
125
0
0
0
0
0
0
0
2354
758
458
0
0
0
0
0
177
1931
0
0
0
1463
259
0
0
0
0
0
0
0
2162
0
379
0
0
0
0
33
0
2896
0
0
0
1302
78
0
0
0
0
0
0
0
1476
0
71
0
0
0
0
2192
0
0
0
0
0
1867
167
0
0
0
0
0
0
0
66
0
0
0
0
0
0
0
885
1894
0
0
1034
306
150
0
0
0
0
0
0
0
0
1
0
0
0
0
32
0
1123
1898
0
0
1065
164
94
0
0
0
0
0
0
0
0
0
0
0
0
0
41
0
1109
1394
0
0
1108
165
0
0
0
0
0
0
0
0
0
0
0
0
0
0
0
1039
1123
633
0
0
1044
5
0
0
0
0
27
0
0
0
0
0
0
0
0
0
0
1081
661
0
0
0
1411
5
0
0
0
0
54
0
0
0
0
0
0
0
0
46
0
1064
0
0
0
0
1233
278
0
0
0
0
47
0
0
0
0
0
0
0
0
912
0
0
0
0
559
0
533
562
0
0
0
54
35
0
0
0
0
0
0
0
0
0
0
0
0
0
282
0
112
0
0
0
0
85
0
0
0
0
0
0
0
0
0
0
0
0
0
0
383
0
0
0
0
0
0
63
0
0
0
0
0
0
0
0
0
0
0
0
0
0
0
0
327
0
0
0
0
24
0
0
0
0
0
0
0
0
19
0
0
0
0
0
0
0
0
0
0
0
0
0
0
0
0
0
0
0
0
0
0
0
0
0
0
0
0
0
0
0
0
0
0
0
0
0
0
0
0
0
0
0
0
0
0
0
0
0
0
0
0
0
0
0
1442
0
0
0
0
0
0
0
0
0
0
0
0
0
0
0
0
0
0
0
0
0
4095
0
0
0
0
0
0
0
0
2
0
0
0
0
0
0
0
0
0
0
0
0
0
0
0
2024
0
0
0
0
0
135
0
0
0
0
0
0
0
0
0
0
0
0
0
0
0
4095
0
0
0
0
0
172
0
0
0
0
0
0
0
0
0
0
0
0
0
0
4095
0
0
0
0
0
0
65
0
0
0
0
0
0
0
0
0
0
0
0
0
0
4095
0
0
0
0
0
0
56
0
0
0
0
0
0
0
0
0
0
0
0
0
0
4095
0
0
0
0
0
4095
0
0
0
0
0
0
0
0
0
0
0
0
0
0
0
0
0
0
0
0
0
4095
0
0
0
0
0
0
0
0
0
0
0
0
0
0
0
0
0
0
0
0
4095
8
0
0
0
0
0
0
0
0
0
0
0
0
0
0
0
0
0
0
0
0
4095
0
0
0
0
0
0
0
0
0
0
0
0
0
0
0
0
0
0
0
0
0
4095
0
0
0
0
0
0
0
0
0
0
0
0
0
0
0
0
0
0
0
0
0
0
0
0
0
0
0
0
0
0
0
0
0
15
0
0
0
0
4095
0
0
0
114
0
0
0
0
0
0
0
0
0
0
0
0
18
0
0
0
4095
4095
559
0
0
44
0
0
0
0
0
0
0
0
0
0
0
0
17
0
0
0
4095
1260
519
0
0
62
0
0
0
0
0
0
0
0
0
0
0
42
3
0
0
0
4095
1103
512
0
0
74
0
0
0
0
0
0
0
0
0
0
0
108
0
0
0
4095
4095
1106
103
0
0
1592
0
0
0
0
0
0
0
0
0
0
0
97
0
0
0
4095
4095
1124
213
0
0
2362
0
0
0
0
0
0
0
0
0
0
0
759
0
0
0
4095
4095
1345
0
0
0
1193
0
0
0
0
0
0
0
0
0
0
0
533
0
0
4095
2037
4095
4095
60
2123
1185
1152
0
0
0
0
0
0
0
0
0
0
0
0
0
0
2426
1988
4095
4095
60
1090
1603
0
0
0
0
0
0
0
0
0
0
0
0
0
0
0
3063
2271
4095
4095
6
1029
2001
0
0
0
0
0
0
0
1395
0
0
3
0
0
0
0
2165
1941
4095
4095
0
0
