0
0
0
0
0
0
0
0
0
0
6
0
0
0
4095
1717
3382
4095
645
0
1308
233
0
0
0
0
0
0
3657
0
0
4
0
0
0
0
4095
1573
3159
4095
1536
0
1464
0
0
0
0
0
0
0
3010
0
0
7
0
0
0
0
4095
1784
3314
0
0
0
897
0
0
0
0
0
0
0
3357
0
0
0
0
0
0
0
4095
1649
3266
0
0
0
1763
0
0
0
0
0
0
0
3299
0
0
0
0
0
0
0
4095
1500
3839
0
0
0
0
0
0
0
0
0
0
0
2886
1884
0
0
0
0
0
4095
545
1890
3217
0
0
0
0
0
0
0
0
0
0
0
3147
1809
0
0
0
0
0
4095
471
1664
3379
0
0
0
0
0
0
0
0
0
0
0
3169
970
0
0
0
0
0
4095
552
1544
2846
0
0
0
0
0
0
0
0
0
0
0
2978
0
0
0
0
0
0
4095
456
1906
2339
0
0
0
0
0
0
0
0
0
0
1257
1652
0
0
0
4095
0
0
4095
444
1653
0
0
0
0
0
0
0
0
0
0
0
1323
0
0
0
0
4095
0
2807
714
527
2547
0
0
0
2844
0
0
0
0
0
0
0
1443
0
0
0
0
4095
0
3568
799
480
2188
0
0
0
873
0
0
0
0
0
0
0
1093
0
0
0
0
4095
0
1755
713
468
636
0
0
0
1354
0
0
0
0
0
0
0
0
0
0
0
0
0
0
4095
739
553
973
0
1462
0
0
0
0
0
0
0
0
0
0
0
0
0
0
0
4095
1742
787
467
0
449
1382
0
0
0
0
0
0
0
0
0
295
0
0
0
0
0
4095
1642
639
814
0
398
0
0
0
0
0
0
0
0
0
0
372
0
0
0
0
0
4095
1643
738
546
0
624
0
0
0
0
0
0
0
0
0
0
236
0
0
0
0
0
4095
1573
831
300
0
210
0
0
0
0
0
0
0
0
0
0
0
0
0
0
0
0
4095
1760
656
0
286
326
0
0
0
0
0
0
0
0
0
0
0
0
0
0
0
2672
4095
1707
752
0
294
208
0
0
0
0
0
0
0
0
0
0
0
0
0
0
0
1304
4095
1623
807
0
273
122
0
0
0
0
0
0
0
0
0
0
0
0
0
0
0
1541
4095
1802
366
0
286
40
0
0
0
0
0
0
0
0
0
0
0
0
0
0
0
1698
4095
1782
0
0
89
11
0
0
0
0
0
0
0
0
155
0
0
0
0
0
0
1667
4095
1635
0
0
197
0
0
0
0
0
0
0
0
0
111
0
0
0
0
0
545
1141
4095
1636
0
8
52
0
0
0
0
0
0
113
0
0
0
0
0
0
0
0
622
4095
4095
1088
0
85
185
0
0
0
0
0
0
1331
0
0
0
0
0
0
0
0
144
4095
0
329
0
63
331
0
0
0
0
0
0
1598
0
0
0
0
0
0
0
0
56
4095
0
712
0
88
772
0
0
0
0
0
0
1488
104
0
0
0
0
0
0
0
0
4095
0
0
0
93
0
0
0
0
0
0
333
1616
170
0
0
0
0
0
0
0
0
1100
0
0
393
121
0
0
0
0
0
0
1655
1423
0
0
0
0
0
0
0
0
109
0
0
0
506
2
0
0
0
0
0
0
4095
1364
0
0
0
0
0
0
0
0
1647
0
0
0
457
0
0
0
0
0
0
0
0
1391
0
0
0
0
0
0
0
0
0
0
0
953
100
0
0
0
0
0
0
0
3060
1356
308
0
0
0
0
0
0
2349
0
0
0
898
246
0
0
0
0
0
0
0
3108
0
312
0
0
0
0
515
0
2214
0
0
0
974
231
0
0
0
0
0
0
0
3062
0
94
0
0
0
0
1253
0
3195
0
0
1125
432
183
0
0
0
0
0
0
0
3393
201
0
0
0
0
0
1124
0
0
0
0
1049
362
136
0
0
0
0
0
0
2146
916
335
0
0
0
0
0
1113
0
1537
0
0
859
145
282
0
0
0
0
0
0
1859
0
262
0
0
0
0
89
0
1121
1664
0
0
805
35
0
0
0
0
0
0
0
844
0
0
0
0
0
0
0
322
1260
1868
0
0
843
9
0
0
0
0
0
0
0
0
0
0
0
0
0
0
0
1246
1142
0
0
0
876
55
0
0
0
0
0
0
0
0
0
0
0
0
0
56
0
1169
1149
0
0
0
683
420
0
0
0
0
0
0
0
0
0
0
0
0
0
0
0
1100
0
0
0
0
1219
879
0
0
0
47
0
0
0
0
0
0
0
0
0
0
0
632
0
0
0
0
357
0
0
0
0
100
0
0
0
0
0
0
0
0
0
0
0
0
0
0
1690
0
6
0
0
0
0
96
0
0
0
0
0
0
0
0
8
0
0
0
0
189
0
0
0
0
0
0
0
79
0
0
0
0
0
0
0
0
26
0
0
0
0
316
0
0
0
0
0
0
10
0
0
0
0
0
0
0
0
0
0
0
0
0
0
238
0
0
0
0
0
0
18
0
0
0
0
0
0
0
0
0
0
0
0
0
0
0
0
0
0
0
0
0
15
0
0
0
0
0
0
0
0
0
0
0
0
0
0
0
0
0
0
0
0
0
0
0
0
0
0
0
0
0
0
8
0
0
0
0
0
0
0
0
0
0
0
0
0
0
0
0
0
0
0
0
0
0
0
0
0
0
0
0
0
0
0
0
0
0
0
0
0
0
0
0
0
0
0
119
0
0
0
0
0
0
0
0
0
0
0
0
0
0
4095
0
0
0
0
0
0
134
0
0
0
0
0
0
0
0
0
0
0
0
0
0
4095
0
0
0
0
0
0
0
0
0
0
0
0
0
0
0
0
0
0
0
0
0
4095
0
0
0
0
0
92
0
0
0
0
0
0
0
0
0
0
0
0
0
0
0
4095
0
0
0
0
0
39
0
0
0
0
0
0
0
0
0
0
0
0
0
0
0
0
0
0
0
0
0
39
0
0
0
0
0
0
0
0
0
0
0
0
0
0
0
0
0
0
0
0
0
0
0
0
0
0
0
0
0
0
0
0
0
0
0
0
0
0
0
0
0
0
84
0
0
0
0
0
0
0
0
0
0
0
0
0
0
0
0
0
0
0
0
0
0
0
0
0
0
0
0
0
0
0
0
0
0
0
0
0
0
0
0
0
0
0
0
0
0
0
0
0
0
0
0
0
0
0
545
0
0
0
0
0
0
0
0
0
0
0
0
0
0
0
0
0
0
0
0
0
2623
0
0
0
4095
4095
0
0
0
95
0
0
0
0
0
0
0
0
0
0
0
15
2320
0
0
0
4095
1277
0
0
0
20
0
0
0
0
0
0
0
0
0
0
0
70
0
0
0
4095
4095
1197
0
0
0
120
0
0
0
0
0
0
0
0
0
0
0
72
0
0
0
4095
4095
1165
146
0
0
329
0
0
0
0
0
0
0
0
0
0
69
938
0
0
0
4095
4095
1154
0
0
0
1933
0
0
0
0
0
0
0
0
0
0
184
0
0
0
3296
4095
4095
1244
0
0
1234
1135
0
0
0
0
0
0
0
0
0
0
268
0
0
0
2460
3450
4095
4095
0
1317
991
2248
0
0
0
0
0
0
0
0
0
0
625
0
0
0
3139
3099
4095
4095
0
1326
1140
0
0
0
0
0
0
0
0
0
0
0
0
0
0
1483
1200
3231
4095
4095
0
2669
1261
0
0
0
0
0
0
0
0
0
0
231
0
0
0
4095
1504
3539
4095
4095
0
0
1249
0
