-1
-1
-1
-1
-1
110
-1
-1
121
-1
-1
-1
-1
37
23
28
28
35
-1
162
-1
-1
-1
-1
-1
-1
-1
112
-1
-1
128
-1
-1
-1
-1
39
22
33
29
-1
68
123
-1
-1
-1
-1
-1
-1
-1
132
-1
-1
100
-1
-1
-1
63
11
27
63
-1
-1
65
127
-1
-1
-1
-1
-1
-1
74
129
-1
-1
-1
-1
-1
-1
99
13
23
58
-1
-1
177
-1
-1
-1
-1
-1
-1
-1
168
-1
-1
-1
-1
-1
-1
-1
131
14
22
58
-1
-1
173
-1
-1
-1
-1
-1
-1
-1
123
30
93
-1
-1
-1
-1
-1
92
13
25
191
-1
-1
-1
-1
-1
-1
-1
-1
-1
-1
132
30
93
-1
-1
-1
-1
-1
92
13
212
-1
-1
-1
-1
-1
-1
-1
-1
-1
-1
-1
119
125
-1
-1
-1
-1
-1
-1
96
15
220
-1
-1
-1
-1
-1
-1
-1
-1
-1
-1
-1
111
130
-1
-1
-1
-1
-1
-1
85
13
208
-1
-1
-1
-1
-1
-1
-1
-1
-1
-1
-1
120
68
-1
-1
-1
96
-1
51
3
12
210
-1
-1
-1
-1
-1
-1
-1
-1
-1
-1
-1
121
-1
-1
-1
-1
92
-1
53
3
13
53
-1
-1
-1
208
-1
-1
-1
-1
-1
-1
-1
63
-1
90
-1
-1
63
-1
45
2
11
50
-1
-1
-1
223
-1
-1
-1
-1
-1
-1
-1
73
-1
60
-1
64
-1
64
13
3
33
-1
-1
-1
211
-1
-1
-1
-1
-1
-1
-1
54
-1
85
-1
-1
64
-1
58
14
2
10
-1
48
-1
191
-1
-1
-1
-1
-1
-1
-1
74
25
91
-1
-1
-1
-1
91
14
3
9
-1
217
-1
-1
-1
-1
-1
-1
-1
-1
-1
-1
166
-1
-1
-1
-1
-1
125
13
4
9
-1
204
-1
-1
-1
-1
-1
-1
-1
-1
-1
69
92
-1
-1
-1
-1
-1
119
13
4
9
-1
206
-1
-1
-1
-1
-1
-1
-1
-1
-1
65
84
-1
-1
-1
-1
86
20
14
5
-1
27
177
-1
-1
-1
-1
-1
-1
-1
-1
-1
119
-1
-1
-1
-1
-1
121
23
13
6
-1
28
185
-1
-1
-1
-1
-1
-1
-1
-1
-1
116
-1
-1
-1
-1
-1
115
21
13
5
-1
30
195
-1
-1
-1
-1
-1
-1
-1
-1
79
79
-1
-1
-1
-1
-1
126
21
17
6
9
18
166
-1
-1
-1
-1
-1
-1
-1
-1
123
-1
-1
-1
-1
-1
122
25
22
13
-1
14
18
159
-1
-1
-1
-1
-1
-1
-1
-1
121
-1
-1
-1
-1
-1
126
27
26
15
-1
13
18
162
-1
-1
-1
-1
-1
-1
-1
-1
125
-1
-1
-1
-1
-1
116
26
22
15
-1
13
21
157
-1
-1
-1
-1
-1
-1
-1
-1
-1
-1
-1
-1
-1
-1
185
25
21
19
-1
14
250
-1
-1
-1
-1
-1
-1
-1
-1
-1
-1
-1
-1
-1
-1
-1
156
31
21
17
5
8
110
-1
-1
-1
-1
-1
-1
167
-1
55
-1
-1
-1
-1
-1
-1
129
27
25
16
6
7
116
-1
-1
-1
-1
-1
-1
136
-1
105
-1
-1
-1
-1
-1
-1
-1
-1
143
-1
25
9
83
-1
-1
-1
-1
-1
152
-1
-1
47
-1
-1
-1
-1
-1
-1
127
-1
47
-1
23
84
-1
-1
-1
-1
-1
-1
154
-1
-1
-1
-1
-1
-1
-1
-1
-1
183
-1
-1
-1
43
86
-1
-1
-1
-1
-1
-1
138
78
47
-1
-1
-1
-1
-1
-1
-1
191
-1
-1
46
5
90
-1
-1
-1
-1
-1
-1
133
23
47
-1
-1
-1
-1
-1
-1
-1
197
-1
-1
39
66
-1
-1
-1
-1
-1
-1
-1
158
22
120
-1
-1
-1
-1
-1
-1
-1
-1
-1
-1
163
70
-1
-1
-1
-1
-1
-1
-1
160
23
56
-1
-1
-1
-1
-1
-1
156
-1
-1
-1
69
68
-1
-1
-1
-1
-1
-1
-1
162
27
-1
-1
-1
-1
-1
86
66
-1
-1
-1
82
17
66
-1
-1
-1
-1
-1
-1
-1
165
56
-1
-1
-1
-1
-1
87
66
-1
-1
-1
84
18
74
-1
-1
-1
-1
-1
-1
129
31
59
-1
-1
-1
-1
75
30
65
-1
-1
-1
83
67
-1
-1
-1
-1
-1
-1
-1
165
30
47
-1
-1
-1
-1
141
-1
-1
-1
-1
-1
109
63
-1
-1
-1
-1
-1
-1
-1
159
-1
79
-1
-1
-1
39
30
30
74
-1
-1
58
26
63
-1
-1
-1
-1
-1
-1
-1
156
30
48
-1
-1
-1
52
30
30
68
-1
-1
58
22
47
-1
-1
-1
-1
-1
153
-1
-1
107
-1
-1
-1
-1
48
30
33
66
-1
-1
60
23
23
-1
-1
-1
74
-1
98
-1
-1
107
-1
-1
-1
-1
48
33
33
67
-1
-1
61
45
-1
-1
-1
-1
72
62
-1
-1
67
76
-1
-1
-1
42
23
33
65
-1
-1
-1
93
51
-1
-1
-1
-1
72
63
-1
-1
118
-1
-1
-1
-1
40
-1
120
-1
-1
-1
-1
89
45
-1
-1
-1
-1
71
66
-1
-1
122
-1
-1
-1
-1
95
-1
-1
-1
-1
100
-1
58
40
-1
-1
-1
46
58
-1
-1
-1
156
-1
-1
-1
-1
153
-1
-1
-1
-1
134
-1
-1
68
-1
-1
-1
209
-1
-1
-1
-1
-1
-1
-1
-1
-1
143
-1
-1
-1
-1
99
-1
96
-1
-1
-1
-1
210
-1
-1
-1
-1
-1
-1
-1
-1
145
-1
-1
-1
-1
-1
214
-1
-1
-1
-1
-1
-1
181
-1
-1
-1
-1
-1
-1
-1
-1
272
-1
-1
-1
-1
-1
-1
-1
-1
-1
-1
-1
-1
266
-1
-1
-1
-1
-1
-1
-1
-1
236
-1
-1
-1
-1
-1
-1
-1
-1
-1
-1
-1
291
-1
-1
-1
-1
-1
-1
-1
-1
-1
231
-1
-1
-1
-1
-1
-1
-1
-1
-1
-1
-1
295
-1
-1
-1
-1
-1
-1
-1
-1
-1
238
-1
-1
-1
-1
-1
-1
-1
-1
-1
-1
-1
300
-1
-1
-1
-1
-1
-1
-1
-1
264
-1
-1
-1
-1
-1
-1
-1
-1
-1
-1
-1
-1
-1
-1
-1
283
-1
-1
-1
-1
-1
228
-1
-1
-1
-1
-1
-1
-1
-1
-1
-1
-1
-1
-1
-1
-1
276
-1
-1
-1
-1
-1
222
-1
-1
-1
-1
-1
-1
-1
-1
-1
-1
-1
-1
-1
-1
-1
281
-1
-1
-1
-1
-1
253
-1
-1
-1
-1
-1
-1
-1
-1
-1
-1
-1
-1
-1
-1
252
-1
-1
-1
-1
-1
-1
175
-1
-1
-1
-1
-1
-1
-1
-1
-1
-1
-1
-1
-1
-1
224
-1
-1
-1
-1
-1
113
-1
-1
-1
-1
-1
-1
-1
-1
-1
-1
-1
-1
-1
-1
-1
-1
-1
-1
-1
-1
-1
512
-1
-1
-1
-1
-1
-1
-1
-1
-1
-1
-1
-1
-1
-1
-1
-1
-1
-1
-1
-1
-1
493
-1
-1
-1
-1
-1
-1
-1
-1
-1
-1
-1
-1
-1
-1
-1
-1
-1
-1
-1
-1
-1
494
-1
-1
-1
-1
-1
-1
-1
-1
-1
-1
-1
248
-1
-1
-1
-1
-1
-1
-1
-1
255
-1
-1
-1
-1
-1
-1
-1
-1
-1
-1
-1
-1
-1
-1
-1
-1
-1
-1
-1
-1
-1
504
-1
-1
-1
-1
-1
-1
-1
-1
-1
-1
-1
-1
-1
-1
-1
-1
191
65
-1
-1
-1
236
-1
-1
-1
-1
-1
-1
-1
-1
-1
-1
-1
177
-1
-1
-1
44
34
64
-1
-1
61
122
-1
-1
-1
-1
-1
-1
-1
-1
-1
-1
180
27
-1
-1
-1
42
31
65
-1
-1
60
89
-1
-1
-1
-1
-1
-1
-1
-1
-1
-1
182
30
-1
-1
-1
39
31
68
-1
-1
66
89
-1
-1
-1
-1
-1
-1
-1
-1
-1
-1
185
28
-1
-1
17
29
30
68
-1
-1
66
92
-1
-1
-1
-1
-1
-1
-1
-1
-1
-1
213
-1
-1
-1
27
30
30
66
-1
-1
157
-1
-1
-1
-1
-1
-1
-1
-1
-1
-1
-1
209
-1
-1
-1
29
32
65
-1
-1
-1
188
-1
-1
-1
-1
-1
-1
-1
-1
-1
-1
-1
205
-1
-1
13
19
32
32
34
30
-1
149
-1
-1
-1
-1
-1
-1
-1
-1
-1
-1
-1
-1
-1
-1
183
22
30
30
34
30
30
177
-1
-1
-1
-1
-1
-1
-1
-1
-1
-1
-1
-1
-1
-1
192
26
29
28
34
31
31
176
-1
-1
