0
0
0
4095
1165
3417
0
0
1613
0
0
0
0
0
0
0
0
2915
0
0
1
0
0
0
4095
436
1500
3138
0
0
1117
0
0
0
0
0
0
0
172
2787
0
0
0
0
0
0
4095
480
1184
2711
0
0
0
0
0
0
0
0
0
0
1136
1675
1367
0
0
0
0
0
4095
549
1145
2585
0
0
0
0
0
0
0
0
0
0
1211
1624
1564
0
0
0
0
0
4095
365
3249
0
0
0
0
0
0
0
0
0
0
0
0
3079
934
0
0
0
0
0
4095
277
3182
0
0
0
0
0
0
0
0
0
0
0
1479
1739
0
0
0
0
0
0
4095
362
3111
0
0
0
0
0
0
0
0
0
0
0
1677
1725
0
0
0
0
0
1761
828
286
1870
0
0
0
1357
0
0
0
0
0
0
0
1347
0
0
0
0
4095
0
1746
1010
356
947
0
0
0
1303
0
0
0
0
0
0
0
1743
0
0
0
0
4095
0
2053
1015
279
980
0
0
0
1230
0
0
0
0
0
0
0
1110
0
0
0
0
4095
0
4095
1082
678
0
0
0
1815
0
0
0
0
0
0
0
0
266
0
0
0
0
0
4095
1946
1296
468
0
2087
0
0
0
0
0
0
0
0
0
0
0
273
0
0
0
0
4095
2277
1032
539
0
1569
0
0
0
0
0
0
0
0
0
0
566
0
0
0
0
0
4095
1963
1257
0
0
1064
0
0
0
0
0
0
0
0
0
0
338
0
0
0
0
0
4095
1992
1075
0
461
325
0
0
0
0
0
0
0
0
0
0
125
0
0
0
0
0
4095
1985
1027
0
419
537
0
0
0
0
0
0
0
0
0
184
0
0
0
0
0
4095
4095
2400
1212
0
382
211
0
0
0
0
0
0
0
0
0
302
0
0
0
0
0
1417
4095
1968
552
0
407
170
0
0
0
0
0
0
0
0
0
273
0
0
0
0
0
1096
4095
2028
0
0
475
44
0
0
0
0
0
0
0
0
0
0
0
0
0
0
0
1438
4095
2352
0
0
164
38
0
0
0
0
0
0
0
0
175
0
0
0
0
0
0
1671
4095
1990
0
7
53
1
0
0
0
0
0
0
0
0
303
0
0
0
0
0
539
1220
4095
1833
0
167
5
0
0
0
0
0
0
0
0
0
276
0
0
0
0
0
525
1245
4095
287
0
140
7
0
0
0
0
0
0
0
0
0
0
0
0
0
0
0
538
4095
1999
226
0
38
111
0
0
0
0
0
0
1598
0
0
0
0
0
0
0
0
96
4095
182
236
0
187
542
0
0
0
0
0
0
1639
0
0
0
0
0
0
0
0
48
4095
0
0
237
168
390
0
0
0
0
0
1703
0
0
0
0
0
0
0
0
0
0
4095
0
0
315
161
0
0
0
0
0
0
1735
1191
0
0
0
0
0
0
0
0
437
0
0
0
328
86
0
0
0
0
0
0
1999
1165
0
0
0
0
0
0
0
0
504
0
0
634
68
80
0
0
0
0
0
0
3572
1163
0
0
0
0
0
0
0
0
742
0
0
619
202
0
0
0
0
0
0
0
3159
1382
0
0
0
0
0
0
0
0
680
0
0
693
109
0
0
0
0
0
0
0
3464
853
0
0
0
0
0
0
0
1597
0
0
0
699
39
0
0
0
0
0
0
0
3337
0
0
0
0
0
0
0
0
2466
0
0
840
178
0
0
0
0
0
0
0
0
3865
0
0
0
0
0
0
99
2275
0
0
0
878
219
0
0
0
0
0
0
0
2424
592
313
0
0
0
0
0
9
2183
0
0
0
708
157
0
0
0
0
0
0
0
1686
0
390
0
0
0
0
55
42
0
2226
0
0
707
101
0
0
0
0
0
0
0
1324
0
133
0
0
0
0
43
0
1231
1077
0
0
808
380
0
0
0
0
0
0
0
0
45
0
0
0
0
0
0
437
2279
0
0
0
158
442
0
0
0
0
0
0
0
0
0
0
0
0
0
0
0
1108
1743
0
0
1108
645
463
0
0
0
1
0
0
0
0
0
0
0
0
0
84
0
1147
1597
0
0
0
891
0
0
0
0
53
0
0
0
0
0
0
0
0
0
0
791
1155
1222
0
0
0
9
0
0
0
0
64
0
0
0
0
0
0
0
0
0
0
1268
471
0
0
0
1335
26
0
0
0
0
79
0
0
0
0
0
0
0
0
1118
0
0
0
0
0
0
1089
62
0
0
0
0
52
0
0
0
0
0
0
0
0
981
0
0
0
0
1005
0
0
0
0
0
0
95
0
0
0
0
0
0
0
0
0
0
0
0
0
0
245
0
0
0
0
0
0
89
0
0
0
0
0
0
0
0
0
0
0
0
0
0
376
0
0
0
0
0
0
50
0
0
0
0
0
0
0
0
306
0
0
0
0
0
0
0
0
0
0
0
0
0
0
0
0
0
0
0
0
0
0
0
0
0
0
0
0
0
0
0
0
0
0
0
0
0
0
0
0
0
0
0
24
0
0
0
0
0
0
0
0
0
0
0
2935
0
0
0
0
0
0
0
0
0
0
0
0
0
0
0
0
0
0
0
0
0
0
0
0
4095
0
0
0
0
0
0
23
0
0
0
0
0
0
0
0
0
0
0
0
0
0
4095
0
0
0
0
0
33
0
0
0
0
0
0
0
0
0
0
0
0
0
0
0
4095
0
0
0
0
0
68
0
0
0
0
0
0
0
0
0
0
0
0
0
0
0
4095
0
0
0
0
0
94
0
0
0
0
0
0
0
0
0
0
0
0
0
0
0
0
0
0
0
0
0
4095
0
0
0
0
0
0
0
0
0
0
0
0
0
0
0
0
0
0
0
0
4095
41
0
0
0
0
0
0
0
0
0
0
0
0
0
0
0
0
0
0
0
0
4095
0
0
0
0
0
0
0
0
0
0
0
0
0
0
0
0
0
0
0
0
0
4095
0
0
0
0
0
0
0
0
0
0
0
0
0
0
0
0
0
0
0
0
0
4095
0
0
0
0
0
0
0
0
0
0
0
4095
0
0
0
0
0
0
0
0
4095
0
0
0
0
0
0
0
0
0
0
0
0
0
0
0
0
4095
2550
0
0
0
51
0
0
0
0
0
0
0
0
0
0
0
0
0
0
0
0
4095
1323
0
0
0
36
0
0
0
0
0
0
0
0
0
0
0
9
0
0
0
4095
4095
1214
0
0
139
0
0
0
0
0
0
0
0
0
0
0
0
6
0
0
0
4095
3640
1208
0
0
388
0
0
0
0
0
0
0
0
0
0
0
4
0
0
0
4095
3368
3655
1209
0
0
1038
181
0
0
0
0
0
0
0
0
0
0
63
0
0
0
3348
3479
4095
1201
0
0
1005
0
0
0
0
0
0
0
0
0
0
0
196
0
0
0
3025
3169
3504
4095
0
1696
958
0
0
0
0
0
0
0
0
0
0
0
162
0
0
1450
1863
3147
3486
4095
0
1502
1137
0
0
0
0
0
0
0
0
0
0
0
597
0
0
2566
1467
3561
4095
4095
221
0
2357
0
0
0
0
0
0
0
0
0
0
0
490
0
0
3482
1461
3925
4095
4095
356
1190
1276
0
0
0
0
0
0
0
0
0
0
0
0
0
0
4095
1524
3435
4095
0
0
2090
218
0
0
0
0
0
0
0
0
0
0
0
0
0
0
2811
1375
3153
0
4095
0
2116
0
0
0
0
0
0
0
1602
0
0
4
0
0
0
0
3980
1267
4095
0
0
1583
530
0
0
0
0
0
0
0
2621
0
0
1
0
0
