13
23
34
-1
-1
64
-1
-1
-1
-1
-1
-1
-1
-1
90
-1
-1
18
-1
-1
-1
31
15
22
36
-1
-1
60
-1
-1
-1
-1
-1
-1
-1
5
90
-1
-1
-1
-1
-1
-1
30
12
21
63
-1
-1
154
-1
-1
-1
-1
-1
-1
-1
25
-1
-1
-1
-1
-1
-1
-1
24
12
24
-1
-1
-1
-1
-1
-1
-1
-1
-1
-1
-1
25
33
78
-1
-1
-1
-1
-1
55
13
71
-1
-1
-1
-1
-1
-1
-1
-1
-1
-1
-1
25
33
-1
-1
-1
-1
-1
-1
51
9
114
-1
-1
-1
-1
-1
-1
-1
-1
-1
-1
-1
31
30
-1
-1
-1
-1
-1
-1
44
10
116
-1
-1
-1
-1
-1
-1
-1
-1
-1
-1
-1
28
30
-1
-1
-1
-1
-1
44
3
10
77
-1
-1
-1
-1
-1
-1
-1
-1
-1
-1
-1
27
-1
-1
-1
-1
94
-1
13
3
9
81
-1
-1
-1
-1
-1
-1
-1
-1
-1
-1
-1
28
-1
-1
-1
-1
58
-1
14
3
9
72
-1
-1
170
-1
-1
-1
-1
-1
-1
-1
-1
17
-1
-1
-1
-1
79
-1
13
4
9
-1
-1
-1
103
-1
-1
-1
-1
-1
-1
-1
2
-1
-1
-1
-1
-1
-1
22
13
5
27
-1
87
-1
151
-1
-1
-1
-1
-1
-1
-1
2
-1
-1
-1
-1
41
-1
21
14
5
22
-1
58
-1
-1
-1
-1
-1
-1
-1
-1
-1
3
20
-1
-1
-1
-1
-1
50
13
6
22
-1
59
-1
-1
-1
-1
-1
-1
-1
-1
-1
-1
20
-1
-1
-1
-1
-1
48
13
5
-1
-1
63
-1
-1
-1
-1
-1
-1
-1
-1
-1
-1
8
-1
-1
-1
-1
-1
73
17
6
-1
18
57
-1
-1
-1
-1
-1
-1
-1
-1
-1
13
-1
-1
-1
-1
-1
50
21
14
5
-1
18
24
-1
-1
-1
-1
-1
-1
-1
-1
-1
17
-1
-1
-1
-1
-1
51
26
15
5
-1
21
22
-1
-1
-1
-1
-1
-1
-1
-1
-1
11
-1
-1
-1
-1
-1
52
22
16
2
-1
18
20
-1
-1
-1
-1
-1
-1
-1
-1
-1
-1
-1
-1
-1
-1
-1
57
21
19
-1
-1
18
18
-1
-1
-1
-1
-1
-1
-1
-1
-1
-1
-1
-1
-1
-1
32
27
21
17
-1
4
19
1
-1
-1
-1
-1
-1
-1
-1
-1
-1
-1
-1
-1
-1
-1
32
29
24
16
-1
9
20
-1
-1
-1
-1
-1
-1
-1
-1
-1
-1
-1
-1
-1
-1
-1
31
27
23
20
-1
4
19
-1
-1
-1
-1
-1
-1
-1
-1
-1
-1
-1
-1
-1
-1
-1
31
26
21
15
-1
8
19
-1
-1
-1
-1
-1
-1
50
-1
-1
-1
-1
-1
-1
-1
-1
32
26
17
33
-1
8
16
-1
-1
-1
-1
-1
-1
-1
-1
-1
-1
-1
-1
-1
-1
-1
32
57
18
-1
-1
8
29
-1
-1
-1
-1
-1
29
-1
-1
-1
-1
-1
-1
-1
-1
-1
26
-1
35
-1
4
8
-1
-1
-1
-1
-1
-1
67
-1
-1
-1
-1
-1
-1
-1
-1
-1
30
-1
58
-1
5
31
-1
-1
-1
-1
-1
-1
65
27
-1
-1
-1
-1
-1
-1
-1
-1
37
-1
-1
-1
19
66
-1
-1
-1
-1
-1
-1
97
23
-1
-1
-1
-1
-1
-1
-1
-1
59
-1
-1
40
6
-1
-1
-1
-1
-1
-1
-1
108
23
-1
-1
-1
-1
-1
-1
-1
-1
169
-1
-1
38
5
-1
-1
-1
-1
-1
-1
-1
106
13
-1
-1
-1
-1
-1
-1
-1
-1
-1
-1
-1
42
31
-1
-1
-1
-1
-1
-1
-1
111
-1
-1
-1
-1
-1
-1
-1
-1
-1
-1
-1
-1
65
45
-1
-1
-1
-1
-1
-1
-1
111
-1
-1
-1
-1
-1
-1
30
155
-1
-1
-1
52
18
41
-1
-1
-1
-1
-1
-1
97
18
24
-1
-1
-1
-1
-1
60
103
-1
-1
-1
51
20
84
-1
-1
-1
-1
-1
-1
88
-1
23
-1
-1
-1
-1
-1
-1
164
-1
-1
-1
51
18
-1
-1
-1
-1
-1
-1
-1
59
-1
8
-1
-1
-1
-1
46
-1
-1
-1
-1
-1
85
57
-1
-1
-1
-1
-1
-1
-1
8
-1
-1
-1
-1
-1
-1
-1
32
67
-1
-1
60
26
60
-1
-1
-1
-1
-1
-1
-1
-1
-1
-1
-1
-1
-1
1
-1
30
67
-1
-1
60
22
37
-1
-1
-1
55
-1
3
-1
-1
-1
-1
-1
-1
-1
8
-1
30
52
-1
-1
57
23
23
-1
-1
-1
45
-1
-1
-1
-1
-1
-1
-1
-1
-1
-1
24
30
69
-1
-1
59
18
-1
-1
-1
-1
48
-1
-1
-1
-1
-1
-1
-1
-1
-1
-1
31
18
-1
-1
-1
47
36
-1
-1
-1
-1
32
-1
-1
-1
-1
-1
-1
-1
-1
3
-1
58
-1
-1
-1
-1
30
17
-1
-1
-1
38
9
-1
-1
-1
-1
-1
-1
-1
-1
3
-1
-1
-1
-1
94
-1
3
27
-1
-1
-1
39
-1
-1
-1
-1
-1
-1
-1
-1
-1
-1
-1
-1
-1
-1
32
-1
-1
-1
-1
-1
-1
29
-1
-1
-1
-1
-1
-1
-1
-1
-1
-1
-1
-1
-1
-1
32
-1
73
-1
-1
-1
-1
13
-1
-1
-1
-1
-1
-1
-1
-1
-1
-1
-1
-1
-1
-1
48
-1
-1
-1
-1
-1
-1
7
-1
-1
-1
-1
-1
-1
-1
-1
2
-1
-1
-1
-1
-1
-1
-1
-1
-1
-1
-1
26
-1
-1
-1
-1
-1
-1
-1
-1
-1
-1
-1
-1
-1
-1
-1
-1
-1
-1
-1
-1
-1
23
-1
-1
-1
-1
-1
-1
-1
-1
-1
-1
-1
-1
-1
-1
-1
-1
-1
-1
-1
-1
-1
85
-1
-1
-1
-1
-1
-1
-1
-1
-1
-1
-1
-1
-1
-1
-1
-1
-1
-1
-1
-1
-1
-1
-1
-1
55
-1
-1
-1
-1
-1
-1
-1
-1
-1
-1
-1
-1
-1
-1
-1
-1
-1
-1
-1
-1
-1
51
-1
-1
-1
-1
-1
17
-1
-1
-1
-1
-1
-1
-1
-1
-1
-1
-1
-1
-1
-1
-1
75
-1
-1
-1
-1
-1
20
-1
-1
-1
-1
-1
-1
-1
-1
-1
-1
-1
-1
-1
-1
51
-1
-1
-1
-1
-1
-1
35
-1
-1
-1
-1
-1
-1
-1
-1
-1
-1
-1
-1
-1
-1
249
-1
-1
-1
-1
-1
-1
25
-1
-1
-1
-1
-1
-1
-1
-1
-1
-1
-1
-1
-1
-1
-1
-1
-1
-1
-1
-1
7
-1
-1
-1
-1
-1
-1
-1
-1
-1
-1
-1
-1
-1
-1
-1
-1
-1
-1
-1
-1
-1
14
-1
-1
-1
-1
-1
-1
-1
-1
-1
-1
-1
-1
-1
-1
-1
-1
-1
-1
-1
-1
-1
-1
-1
-1
-1
-1
-1
-1
-1
-1
-1
-1
-1
-1
-1
-1
-1
-1
-1
-1
-1
-1
-1
-1
-1
-1
-1
-1
-1
-1
-1
-1
-1
-1
-1
-1
-1
-1
-1
-1
-1
-1
-1
-1
10
-1
-1
-1
-1
-1
-1
-1
-1
-1
-1
-1
-1
-1
-1
-1
-1
204
24
-1
-1
-1
-1
-1
-1
-1
-1
-1
-1
-1
-1
-1
-1
-1
69
-1
-1
-1
43
30
14
-1
-1
12
-1
-1
-1
-1
-1
-1
-1
-1
-1
-1
-1
-1
4
-1
-1
-1
53
30
14
-1
-1
18
-1
-1
-1
-1
-1
-1
-1
-1
-1
-1
-1
-1
4
-1
-1
-1
58
34
14
-1
-1
30
-1
-1
-1
-1
-1
-1
-1
-1
-1
-1
-1
23
1
-1
-1
26
29
30
27
-1
-1
30
-1
-1
-1
-1
-1
-1
-1
-1
-1
-1
-1
59
-1
-1
-1
29
29
30
53
-1
-1
36
-1
-1
-1
-1
-1
-1
-1
-1
-1
-1
-1
66
-1
-1
-1
27
29
28
-1
-1
-1
67
-1
-1
-1
-1
-1
-1
-1
-1
-1
-1
-1
87
-1
-1
-1
22
32
29
9
100
-1
31
-1
-1
-1
-1
-1
-1
-1
-1
-1
-1
-1
62
-1
-1
18
27
30
32
10
30
30
31
-1
-1
-1
-1
-1
-1
-1
-1
-1
-1
-1
-1
-1
-1
26
23
29
31
2
60
30
12
-1
-1
-1
-1
-1
-1
-1
-1
-1
-1
-1
-1
-1
-1
25
22
29
29
14
-1
30
-1
-1
-1
-1
-1
-1
-1
66
-1
-1
96
-1
-1
-1
-1
30
25
30
12
-1
30
18
-1
-1
-1
-1
-1
-1
-1
24
-1
-1
30
-1
-1
-1
-1
32
