0
0
404
0
0
0
0
0
0
0
0
0
0
4427
0
0
0
0
0
3555
0
0
0
0
0
620
0
0
0
0
0
0
0
0
0
0
0
0
0
0
0
3718
0
0
0
0
0
1854
0
0
0
0
0
0
0
0
0
0
0
0
0
0
1259
3805
0
0
0
0
0
0
0
0
0
0
0
0
0
0
0
0
0
0
0
0
2059
3946
0
0
0
0
0
0
0
0
0
0
0
0
0
0
0
0
0
0
0
0
2350
3939
0
0
0
0
0
0
0
0
0
0
0
0
0
160
0
0
0
0
0
1384
3555
0
0
0
0
0
0
0
0
0
0
0
0
0
0
188
0
0
0
0
0
1948
3670
0
0
0
0
0
0
0
0
0
0
0
0
0
0
218
0
0
0
0
-1214
2038
3678
0
0
0
0
0
0
607
0
0
0
0
0
0
0
391
0
0
0
0
-5868
2265
3633
0
0
0
0
0
546
1218
0
0
0
0
0
0
0
0
0
0
0
0
8823
0
0
0
0
0
0
0
546
0
0
0
0
0
0
0
0
0
0
0
0
0
0
0
0
0
0
0
467
501
0
0
0
0
0
0
0
0
0
0
0
0
0
0
0
0
0
0
0
0
428
0
0
0
0
0
0
0
0
0
0
0
0
0
0
0
0
2941
0
0
0
0
453
0
0
0
0
0
0
0
0
0
0
0
0
0
0
0
0
2944
0
0
0
0
0
0
0
0
0
0
0
0
0
0
0
0
0
0
0
0
1985
0
0
0
0
0
0
0
0
0
0
0
0
0
0
0
0
0
0
0
0
0
1947
0
0
0
0
199
0
0
0
0
0
0
0
0
0
0
0
0
0
0
0
0
2545
0
0
0
0
247
0
0
0
0
0
0
0
0
0
0
0
0
0
0
0
0
2746
0
0
0
0
0
0
0
0
0
0
0
0
0
0
0
0
0
0
0
0
0
0
0
0
0
0
0
0
0
0
0
0
0
0
0
0
0
0
0
0
0
0
0
0
0
0
0
0
0
0
0
0
0
0
0
0
0
0
0
0
0
0
0
0
0
0
0
0
0
0
0
0
0
0
0
0
0
0
0
0
0
0
0
0
0
0
0
0
0
0
0
0
0
0
0
0
0
0
0
0
0
0
0
0
0
0
0
0
0
0
0
0
0
0
0
0
0
0
0
0
0
0
2922
2121
0
0
0
0
0
0
0
0
0
0
0
0
0
0
0
0
0
0
0
0
0
0
0
0
0
0
0
0
0
0
0
0
0
0
0
0
0
0
0
0
0
0
0
0
0
0
0
0
0
0
0
0
0
0
0
0
0
0
0
0
0
0
0
0
0
0
0
0
0
0
0
0
0
0
0
0
0
0
0
0
0
0
0
3
125
0
0
0
0
0
0
0
0
0
25
0
0
0
0
0
0
0
0
0
0
3
1896
0
0
0
0
0
0
0
0
0
234
0
0
309
0
0
0
0
0
0
2
6
1813
0
0
0
0
0
0
0
0
50
464
0
0
295
0
0
0
0
0
0
5
7
1477
0
0
0
0
0
0
0
0
0
0
0
0
350
0
0
0
0
0
0
4
7
1876
0
0
0
0
0
0
0
0
72
0
0
390
718
0
0
0
0
0
0
177
183
2179
0
0
0
0
0
0
0
151
312
213
0
503
0
0
0
0
0
0
0
542
547
0
0
0
0
0
0
0
0
242
0
0
0
539
0
0
0
0
0
0
62
273
329
0
0
0
0
0
0
0
0
0
0
0
0
488
0
0
0
0
0
0
148
148
1468
0
0
0
0
0
0
0
0
0
0
0
548
0
0
0
0
0
0
0
0
0
2586
0
0
0
0
0
0
0
0
0
0
0
586
0
0
0
0
0
0
0
24
0
0
0
0
0
0
0
0
0
0
0
0
0
541
0
0
0
0
0
0
0
24
0
0
0
0
0
0
0
0
0
0
0
0
0
522
0
0
0
0
0
0
0
0
0
0
0
0
0
0
0
0
0
0
0
0
0
515
0
0
0
0
0
0
0
0
0
0
0
0
0
0
0
0
0
0
0
0
0
533
0
0
0
0
0
0
0
0
0
0
0
0
0
0
0
0
0
0
0
0
0
531
0
0
0
0
0
0
0
0
0
0
0
0
0
0
0
0
0
0
0
211
615
0
0
0
0
0
0
0
0
0
0
0
0
0
0
0
0
0
0
0
0
170
0
0
0
0
0
0
0
0
0
0
0
0
0
0
0
0
0
0
0
0
0
187
0
0
0
0
0
0
0
0
0
0
0
0
0
0
0
0
0
0
0
0
0
0
0
0
0
0
0
0
0
0
0
0
0
0
0
0
0
0
0
0
0
0
0
0
0
0
0
0
0
0
0
0
0
0
0
0
0
0
0
0
0
0
0
0
0
0
0
0
0
0
0
0
0
0
0
0
0
0
0
0
0
0
0
0
0
0
0
0
0
0
0
0
0
0
0
0
0
0
0
0
0
0
0
0
0
0
0
0
0
0
0
0
0
0
0
0
0
0
1497
0
0
0
0
0
0
0
0
0
0
0
0
0
0
0
0
0
0
0
0
0
4095
0
0
0
0
0
0
0
0
0
0
0
0
0
0
0
0
0
0
0
0
0
0
0
0
0
0
0
0
0
0
0
0
0
0
0
0
0
0
0
0
0
0
1404
0
0
0
0
0
0
0
0
0
0
0
0
0
0
0
0
0
0
0
0
0
2199
0
0
0
0
0
0
0
0
0
0
0
0
0
0
0
0
0
0
0
0
389
0
0
0
0
0
0
0
0
0
0
0
0
0
0
0
0
0
0
0
0
0
0
0
0
0
0
0
0
0
0
0
0
0
0
0
0
0
0
0
0
0
0
0
0
0
0
0
0
0
0
0
0
0
0
0
0
0
0
0
0
0
0
0
0
0
0
-9331
-7666
0
0
0
0
0
0
0
0
0
0
0
0
0
0
0
0
0
0
0
-6187
-7725
-6498
-390
0
0
0
0
0
0
0
0
0
0
0
0
0
0
0
0
0
0
-5386
-6997
-5418
-480
0
0
0
0
0
0
0
0
0
0
0
0
0
0
0
8
0
0
-4924
27678
26398
1076
0
0
0
0
0
0
0
0
0
0
0
0
0
0
0
0
0
145
20654
0
0
0
0
58
0
0
0
0
0
0
0
0
0
0
0
0
0
0
0
674
1868
0
0
0
0
67
0
0
0
0
0
0
0
0
0
2
2
2
0
0
0
820
1357
0
0
0
0
242
0
0
0
0
0
0
0
0
0
3
3
3
0
0
0
2439
0
0
0
0
0
1127
0
0
0
0
0
0
0
0
0
1
140
0
0
0
0
2468
0
0
0
0
0
1190
0
0
0
0
0
0
0
0
1
7
731
0
0
0
879
0
0
0
0
0
155
0
0
0
0
0
0
0
0
0
0
5
489
0
0
0
1521
0
0
0
0
0
0
0
0
0
0
0
0
0
0
0
-37
0
0
0
0
0
1471
0
0
0
0
0
0
0
0
0
0
0
0
0
0
0
-946
0
0
0
0
0
1794
0
0
0
0
0
0
0
0
0
0
0
0
0
0
0
-230
9
0
0
0
0
0
0
0
0
0
0
0
0
0
0
0
0
0
0
0
0
376
2
0
0
0
3041
0
0
0
