48
48
40
0
0
0
0
1286
288
445
331
0
481
45
309
0
21
18
274
117
238
167
0
30
30
0
0
0
0
55
28
0
28
88
0
53
19
128
0
27
286
18
80
0
23
0
0
28
0
28
0
143
28
28
0
18
750
755
72
42
0
58
120
23
0
758
118
335
186
391
355
323
279
23
0
12
43
724
4109
0
346
161
329
1385
230
243
132
0
300
172
152
68
321
0
0
584
14
140
0
0
0
25
154
99
254
70
94
465
903
569
25
127
396
66
503
324
276
901
425
0
833
0
160
0
0
0
260
615
551
0
210
269
0
282
497
30
368
0
0
169
100
163
0
376
0
315
581
333
220
474
628
1168
1333
155
0
26
175
0
14
0
224
347
705
1485
43
