4095
0
638
981
41
0
0
0
0
0
0
0
1744
1378
4
0
0
0
2083
1516
496
2341
4095
0
591
920
0
0
0
0
0
0
0
0
1772
1631
0
0
0
0
3041
1054
1173
2081
3757
338
653
182
0
0
0
0
0
0
0
839
1958
1405
0
0
0
0
3432
663
1361
1996
0
555
626
175
0
0
0
0
0
0
0
1381
1627
1393
0
0
0
1283
2534
278
1152
2356
95
530
659
183
0
0
0
0
0
0
0
1545
1722
1408
0
0
0
2128
1876
91
1070
2016
578
501
622
199
0
0
0
0
0
0
0
1543
1690
581
0
0
0
2207
1841
47
1311
1932
550
614
686
185
0
0
0
0
0
0
165
1385
1695
0
0
0
1508
2133
414
40
1094
2060
537
571
609
188
0
0
0
0
0
0
173
1367
993
0
0
0
4095
3323
772
266
1082
1860
588
541
630
195
0
0
0
0
0
0
162
1404
0
0
0
0
4095
3522
573
178
834
629
528
535
600
178
0
0
0
0
0
0
110
1606
0
0
0
0
4095
3624
471
266
848
342
517
539
546
70
21
28
0
0
0
0
110
58
0
0
0
0
4095
3585
510
279
902
401
503
547
512
0
92
41
0
0
0
0
117
0
0
0
0
0
2490
1605
1174
271
820
349
528
625
287
0
88
8
0
0
0
0
175
132
0
0
0
0
2481
1614
1289
367
810
361
327
558
49
0
46
0
0
0
0
0
64
354
0
0
0
0
2924
1171
1195
576
0
361
206
205
0
2
19
0
0
0
0
0
0
306
0
0
0
0
2824
1271
1188
456
0
348
272
0
0
86
0
0
0
0
0
0
43
0
0
0
0
141
3954
3090
1255
556
0
322
394
0
0
47
0
0
0
0
0
0
308
0
0
0
0
1234
2861
3389
1236
465
0
331
178
0
0
0
0
0
0
0
0
0
287
0
0
0
0
2624
1471
3410
1295
457
0
387
101
0
0
0
0
0
0
0
0
0
51
0
0
0
0
2624
1471
3107
1567
0
0
317
46
0
0
0
0
0
0
0
0
0
0
0
0
0
0
1171
3557
3077
1472
0
0
253
10
0
0
0
0
0
0
0
0
0
0
0
0
0
0
1192
3532
3724
1381
0
0
66
0
0
0
0
0
0
0
0
0
0
0
0
0
0
0
1215
3546
3513
1738
0
80
7
0
0
0
0
0
0
0
0
0
0
0
0
0
0
0
1369
4095
3120
580
0
178
5
0
0
0
0
0
0
794
0
0
0
0
0
0
0
0
1206
4095
2894
278
0
8
3
0
0
0
0
0
0
1221
0
0
0
0
0
0
0
0
1140
4095
1696
328
0
155
457
0
0
0
0
0
0
1233
0
0
0
0
0
0
0
0
4095
4095
1419
277
0
151
511
0
0
0
0
0
1032
1279
0
0
0
0
0
0
0
0
4095
3777
318
277
77
127
0
0
0
0
3
0
1786
1499
0
0
0
0
0
0
0
9
4086
0
386
325
88
106
0
0
0
0
2
670
1762
1330
0
0
0
0
0
0
0
44
4029
22
428
297
49
106
0
0
0
0
2
1701
1702
1300
0
0
0
0
0
0
9
206
0
534
384
264
121
136
0
0
0
8
2
1755
1701
1299
0
0
0
0
0
0
79
262
0
464
378
306
90
0
0
0
0
9
3
1675
1663
219
0
0
0
0
0
0
84
183
429
457
397
348
55
0
0
0
0
9
2
1825
1876
0
0
0
0
0
0
30
703
164
550
485
472
261
1
0
0
0
0
303
1
1911
1838
138
0
0
0
0
0
173
1314
469
516
526
387
206
0
0
0
0
0
569
5
1693
0
391
0
0
0
0
0
501
1273
581
611
569
276
255
0
0
0
0
67
78
5
1626
0
391
0
0
0
0
112
997
1273
532
607
479
202
92
0
0
0
0
108
0
0
677
0
0
0
0
0
0
0
738
1410
539
552
488
286
304
0
0
0
0
23
1
0
0
0
0
0
0
0
0
0
1063
1446
632
553
483
255
524
0
0
0
0
0
0
0
0
0
0
0
0
0
81
0
1080
1266
614
546
506
156
443
0
0
0
0
0
0
0
0
0
0
0
0
0
0
269
1232
0
580
516
567
63
413
0
0
0
57
0
0
0
0
0
0
0
0
0
0
1317
1194
0
581
592
457
6
0
0
0
0
56
0
0
0
0
0
0
0
0
0
0
1112
0
0
556
589
0
6
0
0
0
0
57
0
0
0
0
0
0
0
0
64
0
1090
0
0
575
575
0
79
0
0
0
0
15
0
0
0
0
0
0
0
0
0
0
451
0
0
512
227
3
50
0
0
0
71
0
0
0
0
0
0
0
0
0
0
0
0
0
0
321
0
1
0
0
0
0
69
0
0
0
0
0
0
0
0
0
0
0
0
0
0
397
0
0
0
0
0
0
82
0
0
0
0
0
0
0
0
0
0
0
0
0
0
169
0
0
0
0
0
0
0
0
0
0
0
0
0
0
0
24
0
0
0
0
0
0
0
0
0
0
0
0
0
0
0
0
0
0
0
0
0
0
0
0
0
0
0
0
0
0
0
0
0
0
0
0
4095
0
0
0
0
0
0
0
0
0
0
0
4
0
0
0
0
0
0
0
0
0
4095
0
0
0
0
0
0
0
0
0
0
0
21
13
0
0
0
0
0
0
0
1141
2954
0
0
0
0
0
0
0
0
0
0
6
18
4
0
0
0
0
0
0
0
2128
1967
0
0
0
0
0
18
0
0
0
0
32
17
0
0
0
0
0
0
0
0
4095
4095
0
0
0
0
0
0
0
0
0
0
48
10
0
0
0
0
0
0
0
0
1753
1582
0
0
0
0
0
0
0
0
0
0
51
0
0
0
0
0
0
0
0
760
1557
1379
0
0
0
0
0
0
0
0
0
0
2
0
0
0
0
0
0
0
0
1156
1495
1348
0
0
0
0
12
0
0
0
0
0
0
0
0
0
0
0
0
0
0
1240
1717
913
0
0
0
0
0
0
0
0
0
1
0
0
0
0
0
0
0
0
0
1464
1743
229
0
0
0
0
0
0
0
0
0
0
0
0
0
0
0
0
0
0
787
1335
1832
23
0
0
0
18
0
0
0
0
0
0
0
0
0
0
0
0
0
0
897
1323
2069
517
0
0
0
0
0
0
0
0
0
0
0
0
0
0
0
0
0
0
904
1122
2008
476
0
0
0
0
0
0
0
0
0
0
0
0
0
0
0
15
0
0
1039
1048
1784
574
0
0
99
0
0
0
0
0
0
0
0
0
0
0
0
11
0
132
1636
2327
1190
483
0
68
0
0
0
0
0
0
0
0
0
0
0
0
0
11
0
382
1186
2526
1182
370
2
83
0
0
0
0
0
0
0
0
0
1
0
0
84
0
0
1158
1263
4095
1134
81
98
676
0
0
0
0
0
0
0
0
0
4
0
0
96
0
0
860
1437
4095
1165
8
161
1096
891
0
0
0
0
0
0
0
0
1
376
0
106
0
0
877
2049
4095
1286
42
350
1121
1097
0
0
0
0
0
0
0
2
2
717
0
19
0
614
845
2101
4095
4095
71
1121
1150
1118
0
0
0
0
0
0
0
1
2
126
0
0
0
3569
397
2272
4095
4095
40
1131
1122
1087
0
0
0
0
0
0
0
537
3
0
0
0
0
3209
343
2154
4095
4095
0
968
1185
0
0
0
0
0
0
0
0
1448
2
0
0
0
0
3418
625
2155
4095
4095
0
1061
1286
0
0
0
0
0
0
0
339
1382
2
0
0
0
0
3196
899
2078
4095
