4095
0
0
1324
495
0
0
0
0
0
0
0
3000
0
0
3
0
0
0
0
4095
1381
4095
0
0
1562
0
0
0
0
0
0
0
0
3058
0
0
2
0
0
0
4095
435
1159
4095
0
0
1071
0
0
0
0
0
0
0
235
3193
0
0
0
0
0
0
4095
445
1191
1587
0
0
0
0
0
0
0
0
0
0
1497
1652
1378
0
0
0
0
0
4095
370
1241
1348
0
0
0
0
0
0
0
0
0
0
1478
1663
1479
0
0
0
0
0
4095
267
1284
0
0
0
0
0
0
0
0
0
0
0
0
3171
1020
0
0
0
0
0
4095
380
3440
0
0
0
0
0
0
0
0
0
0
0
1740
1715
0
0
0
0
0
0
4095
270
3937
0
0
0
0
0
0
0
0
0
0
0
1822
1704
0
0
0
0
0
4095
1023
257
4095
0
0
0
785
0
0
0
0
0
0
0
1723
0
0
0
0
4095
0
4095
980
265
2850
0
0
0
847
0
0
0
0
0
0
0
1706
0
0
0
0
4095
0
4095
1087
354
1472
0
0
0
826
0
0
0
0
0
0
0
1145
0
0
0
0
4095
0
4095
1293
980
1468
0
0
1272
0
0
0
0
0
0
0
0
249
0
0
0
0
0
4095
1985
1117
2238
0
500
0
1062
0
0
0
0
0
0
0
234
0
0
0
0
0
0
4095
2333
1047
1617
0
1244
0
0
0
0
0
0
0
0
0
0
550
0
0
0
0
0
4095
1947
1413
1198
0
713
0
0
0
0
0
0
0
0
0
0
304
0
0
0
0
0
4095
2016
945
498
0
300
0
0
0
0
0
0
0
0
0
0
132
0
0
0
0
0
4095
2264
633
0
379
514
0
0
0
0
0
0
0
0
0
162
0
0
0
0
0
4095
4095
2159
179
0
377
236
0
0
0
0
0
0
0
0
0
308
0
0
0
0
0
1337
4095
2001
189
0
427
143
0
0
0
0
0
0
0
0
0
265
0
0
0
0
0
1028
4095
2080
274
0
388
47
0
0
0
0
0
0
0
0
0
0
0
0
0
0
0
1485
4095
1848
0
0
354
22
0
0
0
0
0
0
0
0
0
0
0
0
0
0
0
1638
4095
1183
0
0
160
0
0
0
0
0
0
0
0
0
0
0
0
0
0
0
492
1153
4095
1213
0
9
60
0
0
0
0
0
0
0
0
0
0
0
0
0
0
0
496
1090
4095
1166
0
154
4
0
0
0
0
0
0
0
0
0
0
0
0
0
0
0
476
4095
4095
252
0
138
4
0
0
0
0
0
0
1320
0
0
0
0
0
0
0
0
92
4095
1729
266
0
70
171
0
0
0
0
0
0
1316
0
0
0
0
0
0
0
0
83
4095
1354
221
0
188
495
0
0
0
0
0
1578
0
0
0
0
0
0
0
0
0
0
0
4095
0
236
171
305
0
0
0
0
0
1659
1324
0
0
0
0
0
0
0
0
964
0
0
0
710
137
0
0
0
0
0
0
1620
1184
0
0
0
0
0
0
0
0
4095
0
0
0
684
73
0
0
0
0
0
0
3399
1304
0
0
0
0
0
0
0
0
2035
0
0
677
96
70
0
0
0
0
0
0
3512
1353
0
0
0
0
0
0
0
0
700
0
0
639
187
0
0
0
0
0
0
0
3527
714
0
0
0
0
0
0
0
420
0
0
0
1186
91
0
0
0
0
0
0
0
3382
0
0
0
0
0
0
0
0
1134
0
0
0
1187
37
0
0
0
0
0
0
0
3753
0
0
0
0
0
0
89
1603
0
0
0
1426
158
0
0
0
0
0
0
0
2269
612
378
0
0
0
0
0
103
1939
0
0
0
1540
233
0
0
0
0
0
0
0
1834
0
350
0
0
0
0
46
2662
0
0
0
0
1289
146
0
0
0
0
0
0
0
1422
0
144
0
0
0
0
37
763
0
2425
0
0
667
145
0
0
0
0
0
0
0
0
65
0
0
0
0
0
0
975
1830
0
0
1051
306
374
0
0
0
0
0
0
0
0
0
0
0
0
0
0
0
1249
1830
0
0
1072
143
517
0
0
0
0
0
0
0
0
0
0
0
0
0
81
0
1160
1029
0
0
0
1283
518
0
0
0
42
0
0
0
0
0
0
0
0
0
0
1052
1163
559
0
0
0
1370
0
0
0
0
54
0
0
0
0
0
0
0
0
0
0
1266
460
0
0
0
1366
10
0
0
0
0
62
0
0
0
0
0
0
0
0
1118
0
0
0
0
0
0
1099
61
0
0
0
0
73
0
0
0
0
0
0
0
0
947
0
0
0
0
945
0
0
60
0
0
0
0
0
0
0
0
0
0
0
0
0
0
0
0
0
0
261
0
0
2
0
0
0
86
0
0
0
0
0
0
0
0
0
0
0
0
0
0
371
0
0
0
0
0
0
86
0
0
0
0
0
0
0
0
298
0
0
0
0
0
0
0
0
0
0
0
0
43
0
0
0
0
0
0
0
0
6
0
0
0
0
0
0
0
0
0
0
0
0
0
0
0
0
0
0
0
0
0
7
0
0
0
0
0
0
0
0
0
0
0
0
0
0
0
0
0
0
0
0
0
0
0
0
0
0
0
0
0
0
0
0
0
2963
0
0
0
0
0
0
0
0
0
17
0
0
0
0
0
0
0
0
0
0
0
4095
0
0
4095
0
0
0
0
0
35
0
0
0
0
0
0
0
0
0
0
0
0
0
0
0
4095
0
0
0
0
0
79
0
0
0
0
0
0
0
0
0
0
0
0
0
0
0
4095
0
0
0
0
0
60
0
0
0
0
0
0
0
0
0
0
0
0
0
0
0
0
0
0
0
0
0
4095
0
0
0
0
0
0
0
0
0
0
0
0
0
0
0
0
0
0
0
0
4095
47
0
0
0
0
0
0
0
0
0
0
0
0
0
0
0
0
0
0
0
0
4095
0
0
0
0
0
0
0
0
0
0
0
0
0
0
0
0
0
0
0
0
0
4095
0
0
0
0
0
0
0
0
0
0
0
0
0
0
0
0
0
0
0
0
0
4095
0
0
0
0
0
0
0
0
0
0
0
0
0
0
0
0
0
0
0
0
4095
0
0
0
0
0
0
0
0
0
0
0
0
4095
0
0
0
4095
2565
0
0
0
56
0
0
0
0
0
0
0
0
0
0
0
0
0
0
0
0
4095
1399
0
0
0
26
0
0
0
0
0
0
0
0
0
0
0
0
0
0
0
0
4095
1228
0
0
128
0
0
0
0
0
0
0
0
0
0
0
0
6
0
0
0
4095
3593
1215
0
0
193
0
0
0
0
0
0
0
0
0
0
0
6
4
0
0
0
4095
3607
1253
0
0
195
0
0
0
0
0
0
0
0
0
0
0
51
0
0
0
0
4095
4095
1267
0
0
192
0
0
0
0
0
0
0
0
0
0
0
101
0
0
0
2927
3140
3607
4095
0
1508
515
0
0
0
0
0
0
0
0
0
0
0
184
0
0
0
3449
3139
4095
0
0
1426
1106
0
0
0
0
0
0
0
0
0
0
0
731
0
0
1485
1363
3426
4095
4095
1178
0
2431
0
0
0
0
0
0
0
0
0
0
0
459
0
0
2958
1264
4000
4095
3011
1159
1223
1230
0
0
0
0
0
0
0
0
0
0
0
0
0
0
3277
1489
3477
4095
9
1023
1123
317
0
0
0
0
0
0
0
0
0
0
0
0
0
0
4095
1361
3375
4095
0
0
2075
0
0
0
0
0
0
0
1537
0
0
4
0
0
0
0
3040
1179
3399
