0
0
0
0
0
0
0
0
0
1840
1841
1843
0
0
0
3555
0
0
0
0
627
0
0
0
0
0
0
0
0
0
1910
0
3
0
0
0
0
3762
0
0
2953
0
0
600
0
0
0
0
0
0
0
0
1696
6
0
0
0
0
0
3738
0
0
999
480
0
596
0
0
0
0
0
0
0
0
1688
0
0
0
0
0
2252
3940
0
0
1121
1121
614
0
0
0
0
0
0
0
0
0
0
0
0
0
0
0
2371
0
0
0
1332
1041
536
0
0
0
0
0
0
0
0
1378
0
0
0
0
0
0
3218
0
0
0
1690
1192
568
0
0
0
0
0
0
0
0
1398
0
0
0
0
0
2069
3696
0
0
0
1676
1140
582
0
0
0
0
0
0
0
0
1310
0
0
0
0
0
2142
3693
0
0
0
1686
1118
583
0
0
0
0
0
0
0
0
1275
0
0
0
0
952
2464
3787
0
0
0
1639
1109
568
0
0
0
0
0
0
0
0
0
0
0
0
0
2051
0
2773
0
0
2150
1673
1189
638
0
13
0
0
0
0
0
0
0
0
0
0
0
0
2890
0
0
0
408
0
494
1029
13
33
0
0
0
0
0
0
0
0
0
0
0
0
3019
0
0
0
421
0
508
1137
33
49
0
0
0
0
0
0
0
0
0
0
0
0
3062
0
0
0
0
423
0
586
55
55
0
0
0
0
0
0
0
0
0
0
0
1655
3418
0
0
0
0
481
729
145
69
15
0
0
0
0
0
0
0
0
0
0
0
2041
0
0
0
0
296
0
141
33
33
0
0
0
0
0
0
0
0
0
0
0
0
2047
0
0
0
0
248
516
24
24
24
0
0
0
0
0
0
0
0
0
0
0
0
2310
0
0
0
0
268
0
18
18
18
0
0
0
0
0
0
0
0
0
0
0
0
2637
0
0
0
0
0
0
10
10
0
0
0
0
0
0
0
0
0
0
0
0
0
0
0
0
0
0
0
7
7
7
0
0
0
0
0
0
0
0
0
0
0
0
0
0
0
0
0
0
0
0
0
0
0
0
0
0
0
0
0
0
0
0
0
0
0
0
0
0
0
0
0
0
0
0
0
0
0
0
0
0
0
0
0
0
0
0
0
0
0
0
0
0
0
0
0
0
0
0
0
0
54
54
0
0
0
0
0
0
153
0
0
0
0
0
0
0
0
0
0
0
0
0
116
116
0
0
0
0
0
0
531
0
0
0
0
0
0
0
0
0
0
0
0
0
120
120
0
0
0
0
0
0
0
0
0
0
0
0
0
0
0
0
0
0
0
163
0
0
0
0
0
0
0
0
0
0
0
0
0
0
0
0
0
0
0
0
0
107
0
0
0
0
0
0
0
0
0
0
1785
0
0
0
0
0
0
0
0
0
0
0
122
0
0
0
0
0
0
0
5
0
0
0
0
0
0
0
0
0
0
1
0
0
0
0
0
0
0
0
0
0
17
160
0
396
0
330
0
0
0
0
0
2
0
0
0
0
0
0
0
0
0
3
0
454
0
328
0
0
0
0
0
0
2
570
0
0
0
0
0
0
0
0
0
103
0
0
519
849
0
0
0
0
0
0
2
1288
2716
0
0
0
0
0
0
0
12
183
521
0
475
852
0
0
0
0
0
0
4
1563
0
0
0
0
0
0
0
0
70
0
0
571
1093
0
0
0
0
0
0
0
5
1401
0
0
0
0
0
0
0
0
71
554
0
547
1078
0
0
0
0
0
0
0
2
1384
0
0
0
0
0
0
0
0
860
679
0
599
1113
0
0
0
0
0
0
0
2
1996
0
0
0
0
0
0
0
0
1150
576
0
496
0
0
0
0
0
0
0
586
587
0
0
0
0
0
0
0
0
0
1120
605
0
551
0
0
0
0
0
0
0
721
724
0
0
0
0
0
0
0
0
0
0
600
0
534
0
0
0
0
0
0
0
0
5
557
557
0
0
0
0
0
0
0
0
626
0
517
0
81
0
0
0
0
0
0
0
0
0
0
0
0
0
0
0
0
0
591
0
555
0
0
0
0
0
0
0
0
0
0
0
0
0
0
0
0
0
0
196
0
696
1283
0
0
0
0
0
0
0
0
0
0
0
0
0
0
0
0
0
0
207
0
649
1199
0
0
0
0
0
0
0
0
0
0
0
0
0
0
0
0
0
180
180
0
609
1104
0
0
0
0
0
0
0
0
0
0
0
0
0
0
0
0
0
0
0
178
0
92
0
0
0
0
0
0
0
0
0
0
0
0
0
0
0
0
0
0
0
187
0
0
0
0
0
0
0
0
0
0
0
0
0
0
0
0
0
0
0
0
0
331
0
0
1
0
0
0
4
0
0
0
0
0
0
0
0
0
0
0
0
0
0
57
0
0
0
0
0
0
0
0
0
0
0
0
0
0
0
0
0
0
0
0
0
0
0
0
0
0
0
0
0
0
0
0
0
0
0
0
0
0
0
0
0
0
0
0
0
0
0
0
0
0
0
0
0
0
0
0
0
0
0
0
0
0
0
0
0
0
0
0
0
0
0
0
0
0
0
0
0
0
0
0
0
0
0
0
0
0
0
0
0
0
0
0
0
0
0
0
0
0
0
4062
4062
4062
4062
33
33
33
33
33
3
0
0
0
0
0
0
0
0
0
4062
4062
4062
0
0
0
0
172
172
172
172
172
82
0
0
0
0
0
0
0
0
0
0
0
0
0
0
0
0
132
132
132
132
132
51
0
0
0
0
0
0
0
0
585
0
0
0
0
0
0
58
58
58
58
58
58
0
0
0
0
0
0
0
0
0
2007
0
0
0
0
0
0
30
30
30
30
30
10
0
0
0
0
0
0
0
0
0
2003
0
0
0
4081
4081
4081
14
14
14
14
14
0
0
0
0
0
0
0
0
0
0
1970
4081
4081
4081
4095
4095
0
22
22
22
22
22
0
0
0
0
0
0
0
0
0
917
2509
4095
4095
4095
4094
4094
0
0
0
0
0
0
0
0
0
0
0
0
0
0
0
926
2439
4094
4094
4094
4079
4079
0
0
0
0
0
0
0
0
0
0
0
0
0
0
0
956
2429
4041
4079
4079
525
525
0
0
0
0
0
0
0
0
0
0
0
0
4095
4095
4095
3154
1645
0
525
525
0
0
0
0
0
0
0
0
0
0
0
0
0
0
1179
1179
0
1143
2679
64
0
0
5
0
0
0
0
0
0
0
0
0
0
0
0
0
0
0
628
1921
0
42
0
0
27
0
0
0
0
0
0
0
0
0
0
0
0
0
0
0
776
1336
0
0
0
0
170
0
0
0
0
0
0
0
0
0
1
1
1
0
0
0
2095
0
0
0
8
0
559
0
0
0
0
0
0
0
0
0
5
5
0
0
0
0
2422
0
0
0
70
0
1083
0
0
0
0
0
0
0
0
3
9
63
0
0
0
1130
0
0
0
84
63
0
0
0
0
0
0
0
0
0
0
2
7
163
0
0
0
1471
0
0
0
0
146
0
0
0
0
0
0
0
0
0
0
4
264
264
0
0
0
1497
0
0
0
0
254
0
666
0
0
0
0
0
0
0
0
4
544
544
0
0
0
0
0
0
0
0
192
0
0
0
0
0
0
0
0
0
0
2
83
0
0
0
0
0
0
0
0
118
0
1329
0
0
0
0
0
0
0
0
671
674
675
0
0
0
3178
0
0
0
0
0
181
0
