65
2
-1
-1
-1
-1
-1
-1
-1
-1
-1
-1
40
-1
-1
-1
23
8
19
29
29
-1
75
-1
-1
-1
-1
-1
-1
-1
104
-1
-1
-1
-1
-1
-1
-1
26
9
18
38
-1
-1
99
-1
-1
-1
-1
-1
-1
-1
94
-1
-1
-1
-1
-1
-1
-1
22
7
21
-1
-1
-1
-1
-1
-1
-1
-1
-1
-1
-1
68
-1
-1
-1
-1
-1
-1
-1
40
7
57
-1
-1
-1
-1
-1
-1
-1
-1
-1
-1
-1
60
-1
-1
-1
-1
-1
-1
-1
47
9
72
-1
-1
-1
-1
-1
-1
-1
-1
-1
-1
-1
47
31
-1
-1
-1
-1
-1
40
6
10
113
-1
-1
-1
-1
-1
-1
-1
-1
-1
-1
-1
52
34
-1
-1
-1
-1
-1
63
5
11
111
-1
-1
-1
-1
-1
-1
-1
-1
-1
-1
-1
58
13
-1
-1
-1
-1
-1
73
5
14
118
-1
-1
-1
-1
-1
-1
-1
-1
-1
-1
-1
58
-1
-1
-1
-1
-1
-1
66
6
17
83
-1
-1
-1
-1
-1
-1
-1
-1
-1
-1
23
24
-1
-1
-1
67
-1
-1
40
5
18
134
-1
-1
-1
-1
-1
-1
-1
-1
-1
-1
23
-1
-1
-1
-1
53
-1
25
20
5
21
-1
-1
-1
133
-1
-1
-1
-1
-1
-1
-1
27
-1
-1
-1
-1
53
-1
22
18
6
42
-1
-1
-1
77
-1
-1
-1
-1
-1
-1
-1
19
-1
-1
-1
-1
84
-1
22
19
5
38
-1
91
-1
119
-1
-1
-1
-1
-1
-1
-1
-1
-1
-1
-1
-1
-1
-1
51
20
6
55
-1
59
-1
-1
-1
-1
-1
-1
-1
-1
-1
-1
-1
-1
-1
-1
-1
55
25
17
5
-1
26
40
-1
-1
-1
-1
-1
-1
-1
-1
-1
18
-1
-1
-1
-1
-1
52
23
17
20
-1
22
38
-1
-1
-1
-1
-1
-1
-1
-1
-1
23
-1
-1
-1
-1
-1
53
23
15
23
-1
22
27
-1
-1
-1
-1
-1
-1
-1
-1
-1
14
-1
-1
-1
-1
-1
57
24
11
15
-1
23
9
-1
-1
-1
-1
-1
-1
-1
-1
-1
-1
-1
-1
-1
-1
-1
53
23
10
-1
15
27
-1
-1
-1
-1
-1
-1
-1
-1
-1
-1
-1
-1
-1
-1
-1
32
27
23
8
-1
18
22
-1
-1
-1
-1
-1
-1
-1
-1
-1
-1
-1
-1
-1
-1
-1
34
27
24
7
-1
18
21
-1
-1
-1
-1
-1
-1
-1
-1
-1
-1
-1
-1
-1
-1
-1
30
28
18
6
-1
17
17
-1
-1
-1
-1
-1
-1
-1
-1
-1
-1
-1
-1
-1
-1
-1
30
31
18
-1
-1
18
25
-1
-1
-1
-1
-1
-1
-1
-1
4
-1
-1
-1
-1
-1
-1
30
24
18
-1
-1
19
4
-1
-1
-1
-1
-1
-1
-1
-1
3
-1
-1
-1
-1
-1
-1
30
22
18
-1
1
17
1
-1
-1
-1
-1
-1
2
-1
-1
-1
-1
-1
-1
-1
-1
-1
24
38
17
-1
5
18
25
-1
-1
-1
-1
-1
22
-1
-1
-1
-1
-1
-1
-1
-1
9
1
-1
20
-1
4
18
-1
-1
-1
-1
-1
-1
61
-1
-1
-1
-1
-1
-1
-1
-1
-1
33
-1
36
-1
3
75
-1
-1
-1
-1
-1
-1
63
2
-1
-1
-1
-1
-1
-1
-1
-1
39
-1
-1
-1
5
-1
-1
-1
-1
-1
-1
45
25
2
-1
-1
-1
-1
-1
-1
-1
-1
90
-1
-1
20
31
-1
-1
-1
-1
-1
-1
165
25
1
-1
-1
-1
-1
-1
-1
-1
12
-1
-1
-1
27
36
-1
-1
-1
-1
-1
-1
-1
26
-1
-1
-1
-1
-1
-1
-1
-1
-1
-1
-1
-1
52
38
-1
-1
-1
-1
-1
-1
-1
124
-1
-1
-1
-1
-1
-1
-1
112
-1
-1
-1
45
8
37
-1
-1
-1
-1
-1
-1
92
20
17
-1
-1
-1
-1
-1
-1
123
-1
-1
-1
52
8
65
-1
-1
-1
-1
-1
-1
91
-1
18
-1
-1
-1
-1
30
-1
93
-1
-1
-1
47
9
-1
-1
-1
-1
-1
-1
-1
114
-1
6
-1
-1
-1
-1
50
-1
63
-1
-1
58
18
44
-1
-1
-1
-1
-1
-1
-1
104
13
-1
-1
-1
-1
-1
30
-1
63
-1
-1
58
19
34
-1
-1
-1
-1
-1
-1
80
-1
23
-1
-1
-1
-1
-1
-1
30
63
-1
-1
57
21
50
-1
-1
-1
-1
-1
-1
-1
-1
12
-1
-1
-1
-1
9
-1
30
68
-1
-1
62
19
-1
-1
-1
-1
-1
-1
-1
-1
-1
-1
-1
-1
-1
-1
-1
11
34
93
-1
-1
60
22
-1
-1
-1
-1
17
-1
-1
-1
-1
-1
-1
-1
-1
-1
-1
30
32
-1
-1
-1
57
37
-1
-1
-1
-1
17
-1
-1
-1
-1
-1
-1
-1
-1
8
-1
34
53
-1
-1
-1
50
33
-1
-1
-1
21
-1
-1
-1
-1
-1
-1
-1
-1
-1
-1
2
39
-1
-1
-1
-1
44
52
-1
-1
-1
38
-1
-1
-1
-1
-1
-1
-1
-1
-1
-1
-1
-1
-1
-1
90
-1
32
-1
-1
-1
-1
52
-1
-1
-1
-1
-1
-1
-1
-1
-1
-1
-1
-1
-1
-1
43
-1
24
-1
-1
-1
-1
34
-1
-1
-1
-1
-1
-1
-1
-1
-1
-1
-1
-1
-1
10
33
-1
37
-1
-1
-1
-1
23
-1
-1
-1
-1
-1
-1
-1
-1
6
-1
-1
-1
-1
44
-1
-1
94
-1
-1
-1
10
-1
-1
-1
-1
-1
-1
-1
-1
-1
-1
-1
-1
-1
-1
-1
-1
-1
-1
-1
-1
-1
21
-1
-1
-1
-1
-1
-1
-1
-1
-1
-1
-1
-1
-1
-1
-1
-1
-1
-1
-1
-1
-1
15
-1
-1
-1
-1
-1
-1
-1
-1
-1
-1
-1
-1
-1
-1
-1
-1
-1
-1
-1
-1
-1
80
-1
-1
-1
-1
-1
-1
-1
-1
-1
-1
-1
-1
-1
-1
-1
-1
-1
-1
-1
-1
-1
-1
-1
-1
-1
-1
-1
-1
-1
-1
6
-1
-1
-1
-1
-1
-1
-1
-1
-1
-1
-1
-1
-1
-1
-1
-1
-1
-1
-1
-1
-1
33
-1
-1
-1
-1
-1
-1
-1
-1
-1
-1
-1
-1
-1
-1
68
-1
-1
-1
-1
-1
-1
81
-1
-1
-1
-1
-1
-1
-1
-1
-1
-1
-1
-1
-1
-1
53
-1
-1
-1
-1
-1
-1
-1
-1
-1
-1
-1
-1
-1
-1
-1
-1
-1
-1
-1
-1
-1
80
-1
-1
-1
-1
-1
28
-1
-1
-1
-1
-1
-1
-1
-1
-1
-1
-1
-1
-1
-1
-1
287
-1
-1
-1
-1
-1
25
-1
-1
-1
-1
-1
-1
-1
-1
-1
-1
-1
-1
-1
-1
-1
-1
-1
-1
-1
-1
-1
15
-1
-1
-1
-1
-1
-1
-1
-1
-1
-1
-1
-1
-1
-1
-1
-1
-1
-1
-1
-1
-1
-1
-1
-1
-1
-1
-1
-1
-1
-1
-1
-1
-1
-1
-1
-1
-1
-1
-1
-1
-1
-1
14
-1
-1
-1
-1
-1
-1
-1
-1
-1
-1
-1
-1
-1
-1
-1
-1
-1
-1
-1
-1
-1
-1
-1
-1
-1
-1
-1
-1
-1
-1
-1
-1
-1
-1
-1
-1
-1
-1
-1
-1
-1
-1
-1
-1
-1
-1
-1
-1
-1
-1
-1
-1
-1
-1
-1
86
-1
-1
-1
-1
-1
-1
-1
-1
2
-1
-1
-1
-1
-1
-1
-1
-1
-1
-1
-1
-1
9
-1
-1
-1
192
165
-1
-1
-1
30
-1
-1
-1
-1
-1
-1
-1
-1
-1
-1
-1
4
8
-1
-1
-1
53
34
15
-1
-1
30
-1
-1
-1
-1
-1
-1
-1
-1
-1
-1
-1
43
-1
-1
-1
26
28
31
20
-1
-1
34
-1
-1
-1
-1
-1
-1
-1
-1
-1
-1
-1
47
-1
-1
-1
27
28
30
81
-1
-1
56
-1
-1
-1
-1
-1
-1
-1
-1
-1
-1
21
21
-1
-1
-1
29
28
30
-1
-1
30
33
-1
-1
-1
-1
-1
-1
-1
-1
-1
-1
48
-1
-1
-1
15
19
30
52
-1
77
30
53
-1
-1
-1
-1
-1
-1
-1
-1
-1
-1
76
-1
-1
-1
13
18
31
63
-1
35
30
-1
-1
-1
-1
-1
-1
-1
-1
-1
-1
-1
75
-1
-1
-1
14
18
28
82
-1
35
30
-1
-1
-1
-1
-1
-1
-1
-1
-1
-1
42
-1
-1
-1
5
9
20
30
34
-1
35
34
-1
-1
-1
-1
-1
-1
-1
-1
-1
-1
39
-1
-1
-1
16
8
18
30
23
-1
35
