0
3690
0
0
0
0
0
595
0
0
0
0
0
0
0
0
0
0
0
0
0
0
780
3794
0
0
0
0
0
1832
0
0
0
0
0
0
0
0
0
0
0
0
0
0
2108
3917
0
0
0
0
0
0
0
0
0
0
0
0
0
0
0
0
0
0
0
0
2210
3928
0
0
0
0
0
0
0
0
0
0
0
0
0
0
0
0
0
0
0
0
3519
0
0
0
0
0
0
0
0
0
0
0
0
0
0
184
0
0
0
0
0
1212
3666
0
0
0
0
0
0
0
0
0
0
0
0
0
0
111
0
0
0
0
0
1894
3668
0
0
0
0
0
0
0
0
0
0
0
0
0
0
181
0
0
0
0
0
2052
3669
0
0
0
0
0
0
598
0
0
0
0
0
0
0
253
0
0
0
0
-6023
2125
2430
0
0
0
0
0
521
1177
0
0
0
0
0
0
0
0
0
0
0
0
7326
0
0
0
0
0
0
0
539
0
0
0
0
0
0
0
0
0
0
0
0
0
0
2935
0
0
0
0
0
576
0
0
0
0
0
0
0
0
0
0
0
0
0
0
0
2972
0
0
0
0
0
0
0
0
0
0
0
0
0
0
0
0
0
0
0
0
0
2948
0
0
0
0
0
0
0
0
0
0
0
0
0
0
0
0
0
0
0
0
0
2967
0
0
0
0
0
0
0
0
0
0
0
0
0
0
0
0
0
0
0
0
2030
0
0
0
0
0
0
0
0
0
0
0
0
0
0
0
0
0
0
0
0
0
1845
0
0
0
0
0
0
0
0
0
0
0
0
0
0
0
0
0
0
0
0
0
2743
0
0
0
0
0
0
0
0
0
0
0
0
0
0
0
0
0
0
0
0
0
2621
0
0
0
0
0
0
0
0
0
0
0
0
0
0
0
0
0
0
0
0
0
0
0
0
0
0
0
0
0
0
0
0
0
0
0
0
0
0
0
0
0
0
0
0
0
0
0
0
0
0
0
0
0
0
0
0
0
0
0
0
0
0
0
0
0
0
0
0
0
0
0
0
0
0
0
0
0
0
0
0
0
0
0
0
0
0
0
0
0
0
0
0
0
0
0
0
0
0
0
0
0
0
0
0
0
0
0
0
0
0
0
0
0
0
0
0
0
0
0
0
0
0
2260
1755
0
0
0
0
0
0
0
0
0
0
0
0
0
0
0
0
0
0
0
0
0
0
0
0
0
0
0
0
0
0
0
0
0
0
0
0
0
0
0
0
0
0
0
0
0
0
0
0
0
0
0
0
0
0
0
0
0
0
0
0
0
1
1
0
0
0
0
0
0
0
0
0
0
0
0
0
0
0
0
0
0
0
0
4
4
0
0
0
0
0
0
0
0
0
8
0
0
468
0
0
0
0
0
0
0
3
1709
0
0
0
0
0
0
0
0
0
203
0
0
290
0
0
0
0
0
0
3
6
1798
0
0
0
0
0
0
0
0
46
476
0
0
351
0
0
0
0
0
0
6
13
1846
0
0
0
0
0
0
0
0
0
0
0
0
712
0
0
0
0
0
0
7
10
1768
0
0
0
0
0
0
0
0
64
0
0
399
0
0
0
0
0
0
0
96
101
1967
0
0
0
0
0
0
0
120
292
227
528
893
0
0
0
0
0
0
0
519
524
0
0
0
0
0
0
0
0
198
0
0
517
966
0
0
0
0
0
0
21
313
318
0
0
0
0
0
0
0
0
0
0
0
360
818
0
0
0
0
0
0
178
180
244
0
0
0
0
0
0
0
0
0
0
0
625
0
0
0
0
0
0
0
60
61
2687
0
0
0
0
0
0
0
0
0
0
0
560
0
0
0
0
0
0
0
0
0
0
0
0
0
0
0
0
0
0
0
0
0
566
0
0
0
0
0
0
0
0
0
0
0
0
0
0
0
0
0
0
0
0
0
545
0
0
0
0
0
0
0
0
0
0
0
0
0
0
0
0
0
0
0
0
0
531
0
0
0
0
0
0
0
0
0
0
0
0
0
0
0
0
0
0
0
0
0
517
0
0
0
0
0
0
0
0
0
0
0
0
0
0
0
0
0
0
0
0
0
609
0
0
0
0
0
0
0
0
0
0
0
0
0
0
0
0
0
0
0
176
633
0
0
0
0
0
0
0
0
0
0
0
0
0
0
0
0
0
0
0
0
180
0
0
0
0
0
0
0
0
0
0
0
0
0
0
0
0
0
0
0
0
0
550
0
0
0
0
0
0
0
0
0
0
0
0
0
0
0
0
0
0
0
0
0
0
0
0
0
0
0
0
0
0
0
0
0
0
0
0
0
0
0
0
0
0
0
0
0
0
0
0
0
0
0
0
0
0
0
0
0
0
0
0
0
0
0
0
0
0
0
0
0
0
0
0
0
0
0
0
0
0
0
0
0
0
0
0
0
0
0
0
0
0
0
0
0
0
0
0
0
0
0
0
0
0
0
0
0
0
0
0
0
0
0
0
0
0
0
0
0
0
0
0
0
0
0
0
0
0
0
0
0
0
0
0
0
0
0
0
0
0
0
0
4095
0
0
0
0
0
0
0
0
0
0
0
0
0
0
0
0
0
0
0
0
0
0
0
0
0
0
0
0
0
0
0
0
0
0
0
0
0
0
0
0
0
0
1197
0
0
0
0
0
0
0
0
0
0
0
0
0
0
0
0
0
0
0
0
331
2229
0
0
0
0
0
0
0
0
0
0
0
0
0
0
0
0
0
0
0
0
0
0
0
0
0
0
0
0
0
0
0
0
0
0
0
0
0
0
0
0
0
0
0
0
0
0
0
0
0
0
0
0
0
0
0
0
0
0
0
0
0
0
0
0
0
0
0
0
0
0
0
0
0
0
0
0
0
0
0
0
0
0
0
0
0
0
-6116
-8457
-7406
0
0
0
0
0
0
0
0
0
0
0
0
0
0
0
0
0
0
0
-5468
-7650
-6954
-412
0
0
0
0
0
0
0
0
0
0
0
0
0
0
0
4
0
0
-5656
-6981
-6101
-460
0
0
0
0
0
0
0
0
0
0
0
0
0
0
0
0
0
0
21590
26571
27033
1071
0
0
0
0
0
0
0
0
0
0
0
0
0
0
0
0
0
0
1496
0
0
0
0
34
0
0
0
0
0
0
0
0
0
0
0
0
0
0
0
0
734
0
0
0
0
62
0
0
0
0
0
0
0
0
0
2
2
2
0
0
0
2389
0
0
0
0
0
67
0
0
0
0
0
0
0
0
0
3
3
3
0
0
0
2479
0
0
0
0
0
1258
0
0
0
0
0
0
0
0
0
3
3
0
0
0
0
0
0
0
0
0
0
1232
0
0
0
0
0
0
0
0
0
4
712
0
0
0
1502
0
0
0
0
0
179
0
0
0
0
0
0
0
0
0
0
8
548
0
0
0
1496
0
0
0
0
0
0
0
0
0
0
0
0
0
0
0
0
0
0
0
0
0
1748
0
0
0
0
0
0
0
0
0
0
0
0
0
0
0
0
0
0
0
0
0
0
0
0
0
0
0
0
0
0
0
0
0
0
0
0
0
4220
2806
0
0
0
2811
0
0
0
0
0
0
0
0
0
0
0
0
0
0
0
0
0
3
0
0
0
3407
0
0
0
0
0
0
0
0
0
0
0
0
0
0
0
0
0
1
0
0
0
