0
0
0
0
0
0
1693
5
0
0
0
0
2635
460
1904
3496
2050
2
464
1294
215
0
0
0
0
0
0
0
1851
3
0
0
0
0
2091
547
1506
3211
2045
0
564
1336
0
0
0
0
0
0
0
1563
1777
4
0
0
0
0
2366
447
1490
2752
1343
475
572
259
0
0
0
0
0
0
0
1571
1670
1
0
0
0
2689
1187
219
1811
3403
0
551
538
0
0
0
0
0
0
0
114
1632
1663
0
0
0
0
3209
886
526
1546
3525
222
591
609
0
0
0
0
0
0
0
1319
1737
1676
0
0
0
0
3598
497
453
1465
1344
492
595
581
0
0
0
0
0
0
0
1201
1703
1672
0
0
0
2343
1503
249
427
1873
1352
455
632
524
0
0
0
0
0
0
0
1235
1671
996
0
0
0
2272
1649
174
571
1465
822
473
564
563
0
0
0
0
0
0
0
1212
1609
0
0
0
713
2497
1374
224
457
1388
464
473
534
562
0
0
0
0
0
0
0
1351
1479
0
0
0
1814
1568
1672
795
541
1598
399
483
594
341
0
0
0
0
0
0
0
1183
0
0
0
0
2115
1980
1854
738
435
1335
372
502
694
180
0
0
0
0
0
0
0
1172
0
0
0
0
2135
1960
1699
717
438
258
388
508
675
169
0
0
0
0
0
0
0
704
0
0
0
0
1388
1342
1675
798
557
246
470
542
626
100
0
17
0
0
0
0
0
0
0
0
0
0
1365
3408
687
825
467
239
377
459
475
0
131
40
0
0
0
0
0
0
0
0
0
0
2081
2014
1937
801
482
220
407
562
350
0
95
26
0
0
0
0
0
386
0
0
0
0
2136
1959
1705
752
553
220
476
559
86
0
36
0
0
0
0
0
0
315
0
0
0
0
2184
1911
1726
835
0
277
187
466
0
1
27
0
0
0
0
0
0
84
0
0
0
0
2086
2009
1815
929
0
267
226
0
0
62
0
0
0
0
0
0
0
0
0
0
0
0
2068
2027
1797
900
0
259
501
0
0
63
0
0
0
0
0
0
0
0
0
0
0
0
1147
4095
1702
827
0
261
214
0
0
0
0
0
0
0
0
0
350
0
0
0
0
0
1121
4095
1668
1044
0
449
142
0
0
0
0
0
0
0
0
0
0
0
0
0
0
454
1201
4095
2138
0
0
400
45
0
0
0
0
0
0
112
0
0
0
0
0
0
0
694
1178
4095
1912
0
0
268
28
0
0
0
0
0
0
166
0
0
0
0
0
0
0
534
1118
4095
1902
0
0
67
2
0
0
0
0
0
0
167
0
0
0
0
0
0
0
535
1189
4095
2267
0
137
9
0
0
0
0
0
0
0
235
0
0
0
0
0
0
0
564
4095
4095
492
0
269
64
0
0
0
0
0
0
0
219
0
0
0
0
0
0
0
65
4095
1763
366
0
63
197
0
0
0
0
0
0
1359
220
0
0
0
0
0
0
0
62
4095
0
377
0
285
597
0
0
0
0
2
0
1610
280
0
0
0
0
0
0
0
18
4095
252
470
0
257
449
0
0
0
0
1
646
1430
252
0
0
0
0
0
0
0
61
0
541
394
14
183
0
0
0
0
4
0
1749
1458
0
0
0
0
0
0
0
62
52
0
510
392
46
162
0
0
0
0
1
294
1866
1485
0
0
0
0
0
0
0
176
0
443
501
480
0
129
0
0
0
0
2
1346
2016
1481
132
0
0
0
0
0
62
178
0
582
528
369
48
129
0
0
0
0
2
1350
1775
1618
341
0
0
0
0
0
68
1086
340
590
585
354
60
30
0
0
0
0
6
1618
1659
890
0
0
0
0
0
0
485
1131
624
516
513
271
32
0
0
0
0
0
1
1542
1688
0
0
0
0
0
0
94
1211
1054
652
535
508
182
0
0
0
0
0
412
2
1381
1740
0
0
0
0
0
0
0
1274
1017
598
561
523
135
0
0
0
0
0
720
0
1393
596
317
0
0
0
0
46
0
1087
892
601
516
130
134
0
0
0
0
0
117
4
1392
0
321
0
0
0
0
45
0
1176
912
606
510
178
96
0
0
0
0
0
0
0
811
0
162
0
0
0
0
0
411
1148
330
589
556
284
217
0
0
0
0
0
0
0
0
0
0
0
0
0
0
0
1129
1170
187
554
499
160
358
0
0
0
0
0
0
0
0
0
0
0
0
0
72
0
1310
224
196
563
491
135
404
0
0
0
0
0
0
0
0
0
0
0
0
0
0
0
1107
0
175
529
443
39
316
0
0
0
53
0
0
0
0
0
0
0
0
0
0
0
226
0
162
469
162
12
0
0
0
0
97
0
0
0
0
0
0
0
0
0
0
0
0
0
350
596
0
0
0
0
0
0
94
0
0
0
0
0
0
0
0
31
0
0
0
0
488
348
0
0
0
0
0
0
39
0
0
0
0
0
0
0
0
0
0
0
0
0
275
0
0
0
0
0
0
11
0
0
0
0
0
0
0
0
0
0
0
0
0
0
351
0
0
1
0
0
0
9
0
0
0
0
0
0
0
0
0
0
0
0
0
0
232
0
0
0
0
0
0
7
0
0
0
0
0
0
0
0
0
0
0
0
0
0
0
0
0
0
0
0
0
0
0
0
0
0
0
0
0
0
16
0
0
0
0
0
0
0
0
0
0
0
0
0
0
0
0
0
0
0
0
0
0
0
0
0
0
4
0
0
0
0
0
0
0
0
0
1147
0
0
0
0
0
0
0
0
0
0
0
17
8
0
0
0
0
0
0
0
0
2948
0
0
0
0
0
0
0
0
0
0
0
18
9
0
0
0
0
0
0
0
0
4095
0
0
0
0
0
0
0
0
0
0
30
19
0
0
0
0
0
0
0
0
2173
1922
0
0
0
0
0
54
0
0
0
0
47
13
0
0
0
0
0
0
0
0
478
399
0
0
0
0
0
0
0
0
0
0
55
0
0
0
0
0
0
0
0
0
490
380
0
0
0
0
0
0
0
0
0
0
37
0
0
0
0
0
0
0
0
356
440
373
0
0
0
0
0
0
0
0
0
0
0
0
0
0
0
0
0
0
0
345
417
415
0
0
0
0
36
0
0
0
0
0
0
0
0
0
0
0
0
0
0
2020
691
1390
0
0
0
0
39
0
0
0
0
0
0
0
0
0
0
0
0
0
0
2075
717
1228
0
0
0
0
0
0
0
0
0
0
0
0
0
0
0
0
0
0
4095
577
804
1272
0
0
0
50
0
0
0
0
0
0
0
0
0
0
0
0
0
0
4095
582
722
205
0
0
0
53
0
0
0
0
0
0
0
0
0
0
0
43
0
0
1342
754
1999
1158
0
0
28
0
0
0
0
0
0
0
0
0
0
0
0
70
0
0
2513
1582
4095
1154
0
0
146
0
0
0
0
0
0
0
0
0
5
0
0
77
0
0
2552
1543
4095
1329
0
80
324
0
0
0
0
0
0
0
0
3
7
40
35
42
0
1006
3089
3326
4095
1238
15
80
1142
1179
0
0
0
0
0
0
0
4
5
111
61
0
0
1468
1631
3335
4095
1149
92
464
831
1143
0
0
0
0
0
0
0
3
183
49
65
0
0
1724
1577
3277
4082
3969
126
1300
1014
1118
0
0
0
0
0
0
0
1
554
0
42
0
0
1469
1895
2949
3796
3962
133
1359
1096
847
0
0
0
0
0
0
0
2
243
0
0
0
292
1447
1616
2898
4095
4095
232
1495
1140
0
0
0
0
0
0
0
322
4
0
0
0
0
2309
1386
1515
3580
4095
4095
202
1346
1189
0
0
