33
33
-1
30
6
-1
-1
-1
-1
-1
-1
-1
141
-1
-1
31
-1
-1
-1
-1
25
23
29
-1
-1
64
-1
-1
-1
-1
-1
-1
-1
-1
63
-1
-1
6
-1
-1
-1
31
3
23
40
-1
-1
150
-1
-1
-1
-1
-1
-1
-1
10
63
-1
-1
-1
-1
-1
-1
32
3
26
57
-1
-1
-1
-1
-1
-1
-1
-1
-1
-1
26
31
26
-1
-1
-1
-1
-1
41
5
23
-1
-1
-1
-1
-1
-1
-1
-1
-1
-1
-1
54
31
25
-1
-1
-1
-1
-1
64
9
22
-1
-1
-1
-1
-1
-1
-1
-1
-1
-1
-1
-1
31
15
-1
-1
-1
-1
-1
63
14
123
-1
-1
-1
-1
-1
-1
-1
-1
-1
-1
-1
30
31
-1
-1
-1
-1
-1
-1
68
13
119
-1
-1
-1
-1
-1
-1
-1
-1
-1
-1
-1
29
23
-1
-1
-1
77
-1
23
15
15
114
-1
-1
-1
-1
-1
-1
-1
-1
-1
-1
-1
28
-1
-1
-1
-1
58
-1
22
10
13
85
-1
-1
-1
164
-1
-1
-1
-1
-1
-1
-1
29
-1
-1
-1
-1
58
-1
23
6
12
57
-1
-1
64
-1
-1
-1
-1
-1
-1
-1
-1
12
-1
-1
-1
-1
92
-1
26
4
15
73
-1
-1
127
-1
-1
-1
-1
-1
-1
-1
-1
3
-1
-1
-1
-1
-1
33
21
2
12
-1
115
-1
111
-1
-1
-1
-1
-1
-1
-1
6
4
-1
-1
-1
-1
-1
57
23
3
12
-1
81
-1
-1
-1
-1
-1
-1
-1
-1
-1
-1
20
-1
-1
-1
-1
-1
56
20
2
3
-1
67
-1
-1
-1
-1
-1
-1
-1
-1
-1
-1
23
-1
-1
-1
-1
-1
58
12
3
-1
-1
53
-1
-1
-1
-1
-1
-1
-1
-1
-1
-1
1
-1
-1
-1
-1
-1
62
13
3
-1
23
53
-1
-1
-1
-1
-1
-1
-1
-1
-1
17
-1
-1
-1
-1
-1
31
26
13
3
-1
19
22
-1
-1
-1
-1
-1
-1
-1
-1
-1
18
-1
-1
-1
-1
-1
29
26
14
3
-1
19
19
-1
-1
-1
-1
-1
-1
-1
-1
-1
7
-1
-1
-1
-1
-1
28
22
13
2
-1
19
24
-1
-1
-1
-1
-1
-1
-1
-1
-1
-1
-1
-1
-1
-1
-1
38
22
13
-1
-1
21
10
-1
-1
-1
-1
-1
-1
-1
-1
-1
-1
-1
-1
-1
-1
10
26
21
14
-1
-1
18
2
-1
-1
-1
-1
-1
-1
-1
-1
-1
-1
-1
-1
-1
-1
15
27
24
13
-1
6
19
4
-1
-1
-1
-1
-1
-1
-1
-1
-1
-1
-1
-1
-1
-1
25
26
22
14
-1
8
22
-1
-1
-1
-1
-1
-1
4
-1
-1
-1
-1
-1
-1
-1
-1
33
29
21
16
-1
4
18
-1
-1
-1
-1
-1
-1
25
-1
-1
-1
-1
-1
-1
-1
-1
31
25
15
27
-1
9
28
-1
-1
-1
-1
-1
-1
44
-1
-1
-1
-1
-1
-1
-1
-1
26
47
18
-1
-1
8
25
-1
-1
-1
-1
-1
13
-1
-1
-1
-1
-1
-1
-1
-1
-1
27
-1
36
-1
4
7
-1
-1
-1
-1
-1
-1
61
22
-1
-1
-1
-1
-1
-1
-1
-1
35
-1
58
-1
5
16
-1
-1
-1
-1
-1
-1
72
27
-1
-1
-1
-1
-1
-1
-1
-1
43
-1
-1
-1
16
21
-1
-1
-1
-1
-1
-1
99
22
-1
-1
-1
-1
-1
-1
-1
-1
59
-1
-1
40
6
43
-1
-1
-1
-1
-1
-1
103
22
-1
-1
-1
-1
-1
-1
-1
-1
135
-1
-1
40
5
-1
-1
-1
-1
-1
-1
-1
107
8
-1
-1
-1
-1
-1
-1
-1
39
-1
-1
-1
38
27
-1
-1
-1
-1
-1
-1
-1
110
-1
-1
-1
-1
-1
-1
-1
-1
151
-1
-1
-1
39
31
-1
-1
-1
-1
-1
-1
-1
127
4
-1
-1
-1
-1
-1
42
35
-1
-1
-1
52
20
30
-1
-1
-1
-1
-1
-1
101
6
23
-1
-1
-1
-1
-1
60
174
-1
-1
-1
52
17
59
-1
-1
-1
-1
-1
-1
77
-1
23
-1
-1
-1
-1
12
-1
-1
-1
-1
-1
77
18
-1
-1
-1
-1
-1
-1
-1
35
-1
4
-1
-1
-1
-1
-1
98
-1
-1
-1
-1
78
53
-1
-1
-1
-1
-1
-1
-1
-1
-1
-1
-1
-1
-1
-1
-1
30
66
-1
-1
57
25
53
-1
-1
-1
-1
-1
8
-1
-1
-1
-1
-1
-1
-1
4
-1
35
66
-1
-1
58
23
63
-1
-1
-1
53
-1
-1
-1
-1
-1
-1
-1
-1
-1
4
2
31
69
-1
-1
124
21
-1
-1
-1
-1
50
-1
-1
-1
-1
-1
-1
-1
-1
-1
-1
34
30
-1
-1
-1
-1
26
-1
-1
-1
-1
43
-1
-1
-1
-1
-1
-1
-1
-1
-1
-1
78
37
-1
-1
-1
36
37
-1
-1
-1
-1
36
-1
-1
-1
-1
-1
-1
-1
-1
5
-1
-1
-1
-1
-1
-1
32
29
-1
-1
-1
-1
6
-1
-1
-1
-1
-1
-1
-1
-1
-1
-1
-1
-1
-1
86
-1
-1
141
-1
-1
-1
36
-1
-1
-1
-1
-1
-1
-1
-1
-1
-1
-1
-1
-1
-1
32
-1
-1
-1
-1
-1
-1
43
-1
-1
-1
-1
-1
-1
-1
-1
-1
-1
-1
-1
-1
-1
61
-1
-1
-1
-1
-1
-1
29
-1
-1
-1
-1
-1
-1
-1
-1
-1
-1
-1
-1
-1
-1
-1
-1
-1
-1
-1
-1
-1
24
-1
-1
-1
-1
-1
-1
-1
-1
2
-1
-1
-1
-1
-1
-1
-1
-1
-1
-1
-1
-1
15
-1
-1
-1
-1
-1
-1
-1
-1
-1
-1
-1
-1
-1
-1
-1
-1
-1
-1
-1
-1
34
-1
-1
-1
-1
-1
-1
-1
-1
-1
-1
-1
-1
-1
-1
-1
-1
-1
-1
-1
-1
-1
30
-1
-1
40
-1
-1
-1
-1
-1
-1
12
-1
-1
-1
-1
-1
-1
-1
-1
-1
-1
-1
91
-1
-1
30
-1
-1
-1
-1
-1
-1
-1
-1
-1
-1
-1
-1
-1
-1
-1
-1
-1
-1
-1
-1
-1
51
-1
-1
-1
-1
-1
24
-1
-1
-1
-1
-1
-1
-1
-1
-1
-1
-1
-1
-1
-1
-1
132
-1
-1
-1
-1
-1
26
-1
-1
-1
-1
-1
-1
-1
-1
-1
-1
-1
-1
-1
-1
207
-1
-1
-1
-1
-1
-1
30
-1
-1
-1
-1
-1
-1
-1
-1
-1
-1
-1
-1
-1
-1
-1
-1
-1
-1
-1
-1
-1
18
-1
-1
-1
-1
-1
-1
-1
-1
-1
-1
-1
-1
-1
-1
-1
-1
-1
-1
-1
-1
8
-1
-1
-1
-1
-1
-1
-1
-1
-1
-1
-1
-1
-1
-1
-1
-1
-1
-1
-1
-1
-1
-1
-1
-1
-1
-1
-1
-1
-1
-1
-1
-1
-1
-1
-1
-1
-1
-1
-1
-1
-1
-1
-1
-1
-1
-1
-1
-1
-1
-1
-1
-1
-1
-1
-1
-1
-1
-1
-1
-1
-1
-1
-1
-1
10
-1
-1
-1
-1
-1
-1
-1
-1
-1
-1
-1
-1
103
-1
-1
-1
170
108
-1
-1
-1
-1
-1
-1
-1
-1
-1
-1
-1
-1
-1
-1
-1
-1
-1
-1
-1
-1
64
37
-1
-1
-1
-1
-1
-1
-1
-1
-1
-1
-1
-1
-1
-1
-1
2
-1
-1
-1
-1
27
28
-1
-1
12
-1
-1
-1
-1
-1
-1
-1
-1
-1
-1
-1
-1
3
-1
-1
-1
39
27
20
-1
-1
31
-1
-1
-1
-1
-1
-1
-1
-1
-1
-1
-1
-1
8
-1
-1
-1
37
30
16
-1
-1
31
-1
-1
-1
-1
-1
-1
-1
-1
-1
-1
-1
39
-1
-1
-1
20
22
32
43
-1
-1
31
-1
-1
-1
-1
-1
-1
-1
-1
-1
-1
-1
62
-1
-1
-1
18
22
29
51
-1
-1
48
-1
-1
-1
-1
-1
-1
-1
-1
-1
-1
-1
74
-1
-1
-1
20
23
31
-1
-1
-1
60
-1
-1
-1
-1
-1
-1
-1
-1
-1
-1
-1
80
-1
-1
-1
19
24
30
10
91
-1
30
-1
-1
-1
-1
-1
-1
-1
-1
-1
-1
-1
44
-1
-1
14
13
28
30
10
34
34
36
-1
-1
-1
-1
-1
-1
-1
-1
-1
-1
-1
-1
-1
-1
13
14
30
30
-1
61
32
-1
-1
-1
-1
-1
-1
-1
-1
-1
-1
61
-1
-1
-1
-1
12
14
29
29
-1
-1
30
-1
-1
-1
-1
-1
-1
-1
-1
-1
-1
34
-1
-1
-1
-1
15
20
30
