0
0
0
0
0
0
0
0
0
0
0
0
3280
0
2
0
0
0
2056
3936
0
0
0
0
614
0
0
0
0
0
0
0
0
0
0
0
2
0
0
0
2693
0
0
0
0
0
1913
0
0
0
0
0
0
0
0
0
0
0
0
0
0
0
3529
0
0
0
0
0
0
0
0
0
0
0
0
0
0
0
0
0
0
0
0
679
3509
0
0
0
0
0
0
0
0
0
0
0
0
0
0
0
0
0
0
0
0
2195
3822
0
0
0
0
0
0
0
0
0
0
0
0
0
0
0
0
0
0
0
0
2144
3844
0
0
0
0
0
0
0
0
0
0
0
0
0
231
0
0
0
0
0
-4026
2665
3695
0
0
0
0
0
0
183
0
0
0
0
0
0
170
0
0
0
0
0
4934
0
0
0
0
0
0
0
0
362
0
0
0
0
0
0
177
0
0
0
0
0
0
0
0
0
0
0
0
520
2347
541
0
0
0
0
0
0
165
0
0
0
0
0
0
0
0
0
0
0
0
558
0
0
0
0
0
0
0
0
165
0
0
0
0
0
0
0
0
0
0
0
0
559
0
0
0
0
0
0
0
0
0
0
0
0
0
0
0
0
0
0
0
0
543
0
0
0
0
0
0
0
0
0
0
0
0
0
0
0
2046
0
0
0
0
335
0
0
0
0
0
0
0
0
0
0
0
0
0
0
0
0
2095
0
0
0
0
341
0
0
0
0
0
0
0
0
0
0
0
0
0
0
0
0
1973
0
0
0
0
421
0
0
0
0
0
0
0
0
0
0
0
0
0
0
0
0
0
0
0
0
0
0
0
0
0
0
0
0
0
0
0
0
0
0
0
0
0
0
0
0
0
0
0
0
0
0
0
0
0
0
0
0
0
0
0
0
0
0
0
0
0
0
0
0
0
0
0
0
0
0
0
0
0
0
0
0
0
0
0
0
0
0
0
0
0
0
0
0
0
0
0
0
0
0
0
0
0
0
0
0
0
0
0
437
0
0
0
0
0
0
0
0
0
0
0
0
0
0
0
0
0
0
0
0
0
0
0
0
0
0
0
0
0
0
0
0
0
0
0
0
0
0
0
0
0
0
0
0
0
0
0
0
0
0
0
0
0
0
0
0
0
0
0
0
0
0
0
0
0
0
0
0
0
0
0
0
0
0
0
0
0
0
0
0
0
0
0
0
0
0
0
0
0
0
0
0
0
0
0
0
0
0
0
0
0
0
0
0
0
0
0
0
0
0
0
0
0
0
0
0
0
0
0
0
0
0
0
0
0
0
0
0
0
0
0
0
0
0
0
0
0
0
0
0
0
0
0
0
0
0
0
0
0
0
0
0
0
0
0
0
0
0
0
0
0
0
0
1
1
0
0
0
0
0
0
0
0
0
8
0
0
0
0
0
0
0
0
0
0
3
318
0
0
0
0
0
0
0
0
0
40
0
0
0
274
0
0
0
0
0
0
5
1636
0
0
0
0
0
0
0
0
0
204
0
0
400
0
0
0
0
0
0
6
8
1863
0
0
0
0
0
0
0
0
74
288
0
0
369
0
0
0
0
0
0
10
14
1866
0
0
0
0
0
0
0
0
70
0
0
0
361
0
0
0
0
0
0
6
10
1668
0
0
0
0
0
0
0
0
449
0
0
0
447
0
0
0
0
0
0
334
339
2058
0
0
0
0
0
0
0
35
0
0
0
522
0
0
0
0
0
0
0
610
611
0
0
0
0
0
0
0
0
0
0
0
0
449
0
0
0
0
0
0
36
145
149
0
0
0
0
0
0
0
0
0
0
0
529
1018
0
0
0
0
0
0
133
133
133
0
0
0
0
0
0
0
0
0
0
0
549
1055
0
0
0
0
0
0
0
0
0
0
0
0
0
0
0
0
0
0
0
0
542
0
0
0
0
0
0
0
36
0
0
0
0
0
0
0
0
0
0
0
0
0
584
0
0
0
0
0
0
0
0
0
0
0
0
0
0
0
0
0
0
0
0
0
1187
0
0
0
0
0
0
0
0
0
0
0
0
0
0
0
0
0
0
0
0
0
0
0
0
0
0
0
0
0
0
0
0
0
0
0
0
0
0
0
0
0
0
0
539
0
0
0
0
0
0
0
0
0
0
0
0
0
0
0
0
0
0
0
0
0
530
0
0
0
0
0
0
0
0
0
0
0
0
0
0
0
0
0
0
0
0
601
0
0
0
0
0
0
0
0
0
0
0
0
0
0
0
0
0
0
0
0
0
0
0
0
0
0
0
0
0
0
0
0
0
0
0
0
0
0
0
0
0
0
4
0
0
0
0
0
0
0
0
0
0
0
0
0
0
0
0
0
0
0
0
0
0
0
0
0
0
0
0
0
0
0
0
0
0
0
0
0
0
0
0
0
0
0
0
0
0
0
0
0
0
0
0
0
0
0
0
0
0
0
0
0
0
0
0
0
0
0
0
0
0
0
0
0
0
0
-2882
0
0
0
0
0
0
0
0
0
0
0
0
0
0
0
0
0
0
0
0
0
4412
0
0
0
0
0
0
0
0
0
0
0
0
0
0
0
0
0
0
0
0
672
0
0
0
0
0
0
0
0
0
0
0
0
0
0
0
0
0
0
0
0
0
2140
0
0
0
0
0
0
0
0
0
0
0
0
0
0
0
0
0
0
0
0
0
941
0
0
0
0
0
0
0
0
0
0
0
0
0
0
0
0
0
0
0
0
0
0
0
0
0
0
0
0
0
0
0
0
0
0
0
0
0
0
0
0
0
0
1724
0
0
0
0
0
0
0
0
0
0
0
0
0
0
0
0
0
0
0
0
0
0
0
0
0
0
0
0
0
0
0
0
0
0
0
0
0
0
0
0
0
0
0
0
0
-6044
0
0
0
0
0
0
0
0
0
0
0
0
0
0
0
0
0
0
0
0
-7802
-4843
0
0
0
0
0
0
0
0
0
0
0
0
0
0
0
0
0
0
-1493
-5658
-6846
-3499
0
0
0
0
0
0
0
0
0
0
0
0
0
0
0
0
0
0
2966
-5083
16908
22123
0
0
0
0
0
0
0
0
0
0
0
0
0
0
0
0
0
0
396
14271
0
0
0
0
0
0
0
0
0
0
0
0
0
0
0
0
0
0
0
0
1060
1989
0
0
0
0
0
0
0
0
0
0
0
0
0
0
0
0
0
0
0
0
2291
0
0
0
0
74
0
0
0
0
0
0
0
0
0
0
0
0
0
0
0
0
2321
0
0
0
0
65
0
0
0
0
0
0
0
0
0
2
2
2
0
0
0
1478
0
0
0
0
0
450
0
0
0
0
0
0
0
0
0
4
4
4
0
0
0
1810
0
0
0
0
0
1104
0
0
0
0
0
0
0
0
0
4
257
257
0
0
0
1462
0
0
0
0
0
1143
0
0
0
0
0
0
0
0
0
2
719
719
0
0
0
1453
0
0
0
0
206
0
0
0
0
0
0
0
0
0
0
4
270
270
0
0
2696
0
0
0
0
0
0
0
0
0
0
0
0
0
0
0
-103
0
0
0
0
0
2620
0
0
0
0
0
0
0
0
0
0
0
0
0
0
0
-419
13
0
0
0
0
3159
0
0
0
0
0
0
0
0
0
0
0
0
0
0
0
610
4
0
0
0
0
2899
0
0
0
