0
3798
0
0
1896
0
311
901
0
0
0
0
0
0
0
0
1675
2
0
0
0
0
1653
3891
0
0
0
0
594
1155
0
0
0
0
0
0
0
0
1671
2
0
0
0
0
2424
3953
0
0
1211
1116
555
0
0
0
0
0
0
0
0
0
1733
0
0
0
0
0
2800
0
0
0
1556
1067
566
0
0
0
0
0
0
0
0
813
0
0
0
0
0
0
3553
0
0
0
1736
1168
625
0
0
0
0
0
0
0
0
1427
0
0
0
0
0
1795
3666
0
0
0
1736
1193
630
0
0
0
0
0
0
0
0
1263
0
0
0
0
0
2021
3755
0
0
0
1588
1129
580
0
0
0
0
0
0
0
0
1267
0
0
0
0
604
2188
2699
0
0
0
1668
1173
596
0
0
0
0
0
0
0
0
0
0
0
0
0
2154
0
0
0
0
425
0
505
1130
3
3
0
0
0
0
0
0
0
0
0
0
0
2229
0
0
0
0
407
0
583
1147
31
31
0
0
0
0
0
0
0
0
0
0
0
2350
0
0
0
0
0
426
0
545
39
39
0
0
0
0
0
0
0
0
0
0
0
2126
0
0
0
0
0
458
836
289
71
53
0
0
0
0
0
0
0
0
0
0
0
1829
3480
0
0
0
284
0
372
48
48
33
0
0
0
0
0
0
0
0
0
0
0
1917
0
0
0
0
302
0
27
27
27
0
0
0
0
0
0
0
0
0
0
0
0
1942
0
0
0
0
258
466
20
20
20
0
0
0
0
0
0
0
0
0
0
0
0
1902
0
0
0
0
285
0
8
8
0
0
0
0
0
0
0
0
0
0
0
0
0
2629
0
0
0
0
0
8
8
8
0
0
0
0
0
0
0
0
0
0
0
0
0
2644
0
0
0
0
0
0
0
0
0
0
0
0
0
0
0
0
0
0
0
0
0
0
0
0
0
0
0
0
0
0
0
0
0
0
0
0
0
0
0
0
0
0
0
0
0
0
0
0
0
0
0
0
0
0
0
0
0
0
0
0
0
0
0
0
0
0
0
0
0
0
0
0
0
0
0
0
0
0
0
0
0
0
0
0
0
0
0
0
0
0
0
0
0
0
0
0
0
0
0
0
108
108
0
0
0
0
0
0
0
0
0
0
0
0
0
0
0
0
0
0
0
0
119
119
0
0
0
0
0
0
0
0
0
0
0
0
0
0
0
0
0
0
0
163
0
0
0
0
0
0
0
0
0
0
0
0
0
0
0
0
0
0
0
0
0
117
0
0
0
0
0
0
0
0
0
1541
0
0
0
0
0
0
0
0
0
0
0
0
106
0
0
0
0
0
0
0
23
0
0
334
0
388
0
0
0
0
0
0
412
0
0
0
0
0
0
0
0
0
0
42
0
320
0
143
0
0
0
0
3
3
0
0
0
0
0
0
0
0
0
0
52
542
0
319
0
0
0
0
0
0
3
289
0
0
0
0
0
0
0
0
0
50
514
514
0
364
0
0
0
0
0
0
2
1172
2787
0
0
0
0
0
0
0
0
181
806
468
0
1726
0
0
0
0
0
0
1
1267
2805
0
59
59
59
59
59
59
0
201
201
808
1363
0
0
0
0
0
0
0
2
1448
0
0
0
0
0
0
0
0
72
899
531
0
506
0
0
0
0
0
0
0
4
1342
0
0
0
0
0
0
0
0
475
1130
532
0
533
0
0
0
0
0
0
281
284
1692
0
0
0
0
0
0
0
0
1093
1146
545
0
490
0
0
0
0
0
0
692
695
2250
0
0
0
0
0
0
0
2024
950
0
594
1101
0
0
0
0
0
0
0
236
239
0
0
0
0
0
0
0
0
0
0
615
0
574
0
0
0
0
0
0
0
0
0
831
831
0
0
0
0
0
0
0
0
665
0
604
0
0
0
0
0
0
0
0
0
0
0
0
0
0
0
0
0
0
0
593
0
515
0
0
0
0
0
0
0
0
0
0
0
0
0
0
0
0
0
0
195
0
560
1110
0
0
0
0
0
0
0
0
0
0
0
0
0
0
0
0
0
0
179
0
579
1125
0
0
0
0
0
0
0
0
0
0
0
0
0
0
0
0
0
173
173
0
622
1151
0
0
0
0
0
0
0
0
0
0
0
0
0
0
0
0
422
0
0
190
0
297
229
0
0
0
0
0
0
0
0
0
0
0
0
0
0
0
0
0
0
165
0
0
0
0
0
0
0
0
0
0
0
0
0
0
0
0
0
0
0
0
0
216
0
0
0
0
0
0
0
0
0
0
0
0
0
0
0
0
0
0
0
0
0
118
0
0
0
0
0
0
0
0
0
0
0
0
0
0
0
0
0
0
0
0
0
0
0
0
0
0
0
0
0
0
0
0
0
0
0
0
0
0
0
0
0
0
0
0
0
0
0
0
0
0
0
0
0
0
0
0
0
0
0
0
0
0
0
0
0
0
0
0
0
0
0
0
0
0
0
0
0
0
0
0
0
0
0
0
0
0
0
0
0
0
0
0
0
0
0
0
3152
3152
3152
3152
3152
3152
3152
10
10
10
10
10
3
0
0
0
0
0
0
0
0
0
4002
4002
4002
4002
4002
4002
4002
93
93
93
93
93
34
0
0
0
0
0
0
0
0
0
0
0
0
0
0
0
0
140
140
140
140
140
71
0
0
0
0
7
7
7
7
1841
0
0
0
0
0
0
0
0
0
0
0
0
7
7
7
7
7
0
0
0
0
2026
0
0
0
0
0
0
30
30
30
30
30
26
0
0
0
0
0
0
0
0
0
1877
4083
4083
4083
4083
4083
4083
12
12
12
12
12
0
0
0
0
0
0
0
0
0
445
2263
4090
4090
4090
4090
4090
4090
5
5
5
5
5
0
0
0
0
0
0
0
0
0
1025
2514
4095
4095
4095
4095
4095
0
0
0
0
0
0
0
0
0
0
0
0
0
0
0
943
2474
4081
4081
4081
4081
4081
0
0
0
0
0
0
0
0
0
0
0
0
0
0
0
944
2412
3984
4095
4095
4095
4095
0
0
0
0
0
0
0
0
0
0
0
0
4095
4095
4028
2399
0
3850
4095
4095
4095
0
0
0
0
0
0
0
0
0
0
0
0
0
0
0
583
1915
0
550
0
0
0
0
0
0
0
0
0
0
0
0
0
0
0
0
0
0
758
1695
0
0
0
0
23
0
0
0
0
0
0
0
0
0
0
0
0
0
0
0
2407
0
0
0
0
0
114
0
0
0
0
0
0
0
0
0
0
0
0
0
0
0
2230
0
0
0
69
0
317
0
0
0
0
0
0
0
0
0
4
4
4
0
293
0
2542
0
0
17
0
92
1125
0
0
0
0
0
0
0
0
1
7
46
0
293
0
1762
0
0
0
101
0
451
0
0
0
0
0
0
0
0
0
3
8
167
0
0
0
1482
0
0
0
0
232
0
0
0
0
0
0
0
0
0
0
2
184
260
0
0
0
1503
0
0
0
0
230
0
1069
0
0
0
0
0
0
0
0
2
544
544
0
0
205
0
0
0
0
0
177
0
0
0
0
0
0
0
0
0
0
2
205
205
205
205
2655
0
0
0
0
88
0
1293
0
0
0
0
0
0
0
0
262
265
265
0
0
0
3439
0
0
0
0
0
541
0
0
0
0
0
0
0
0
0
1728
1732
1734
0
0
0
3690
0
0
0
0
0
622
0
0
0
0
0
0
0
0
1726
4
0
0
0
0
0
