0
0
611
0
0
0
0
0
0
0
0
0
0
0
0
0
0
0
0
3665
0
0
0
0
0
594
0
0
0
0
0
0
0
0
0
0
0
0
0
0
0
3802
0
0
0
0
0
1915
0
0
0
0
0
0
0
0
0
0
0
0
0
0
1228
3853
0
0
0
0
0
0
0
0
0
0
0
0
0
0
0
0
0
0
0
0
2146
3899
0
0
0
0
0
0
0
0
0
0
0
0
0
0
0
0
0
0
0
0
2605
0
0
0
0
0
0
0
0
0
0
0
0
0
0
227
0
0
0
0
0
1592
3601
0
0
0
0
0
0
0
0
0
0
0
0
0
0
444
0
0
0
0
0
2017
3655
0
0
0
0
0
0
0
0
0
0
0
0
0
0
814
0
0
0
0
-1239
2005
3605
0
0
0
0
0
0
570
0
0
0
0
0
0
0
1071
0
0
0
0
-6253
2122
3631
0
0
0
0
0
563
1167
0
0
0
0
0
0
0
0
0
0
0
0
9131
0
0
0
0
0
0
0
534
0
0
0
0
0
0
0
0
0
0
0
0
0
0
0
0
0
0
0
454
517
0
0
0
0
0
0
0
0
0
0
0
0
0
0
0
0
0
0
0
0
403
0
0
0
0
0
0
0
0
0
0
0
0
0
0
0
0
2808
0
0
0
0
472
0
0
0
0
0
0
0
0
0
0
0
0
0
0
0
0
2984
0
0
0
0
0
0
0
0
0
0
0
0
0
0
0
0
0
0
0
0
1836
0
0
0
0
0
0
0
0
0
0
0
0
0
0
0
0
0
0
0
0
0
2223
0
0
0
0
279
0
0
0
0
0
0
0
0
0
0
0
0
0
0
0
0
2647
0
0
0
0
298
0
0
0
0
0
0
0
0
0
0
0
0
0
0
0
0
2641
0
0
0
0
0
0
0
0
0
0
0
0
0
0
0
0
0
0
0
0
0
0
0
0
0
0
0
0
0
0
0
0
0
0
0
0
0
0
0
0
0
0
0
0
0
0
0
0
0
0
0
0
0
0
0
0
0
0
0
0
0
0
0
0
0
0
0
0
0
0
0
0
0
0
0
0
0
0
0
0
0
0
0
0
0
0
0
0
0
0
0
0
0
0
0
0
0
0
0
0
948
948
0
0
0
0
0
0
0
0
0
0
0
0
0
0
0
0
0
0
0
0
1233
1233
0
0
0
0
0
0
0
0
0
0
0
0
0
0
0
0
0
0
0
0
0
0
0
0
0
0
0
0
0
0
0
0
0
0
0
0
0
0
0
0
0
0
0
0
0
0
0
0
0
0
0
0
0
0
0
0
0
0
0
0
0
1
1
0
0
0
0
0
0
0
0
0
0
0
0
0
0
0
0
0
0
0
0
3
320
0
0
0
0
0
0
0
0
0
25
0
0
0
0
0
0
0
0
0
0
4
1838
0
0
0
0
0
0
0
0
0
223
0
0
349
0
0
0
0
0
0
2
4
1981
0
0
0
0
0
0
0
0
55
471
0
0
355
0
0
0
0
0
0
11
14
1964
0
0
0
0
0
0
0
0
0
0
0
0
329
0
0
0
0
0
0
6
9
1675
0
0
0
0
0
0
0
0
77
0
0
487
780
0
0
0
0
0
0
173
402
2039
0
0
0
0
0
0
0
186
538
207
0
507
0
0
0
0
0
0
0
546
1929
0
0
0
0
0
0
0
0
0
0
0
0
503
0
0
0
0
0
0
107
183
1589
0
0
0
0
0
0
0
0
0
0
0
0
488
0
0
0
0
0
0
246
250
1617
0
0
0
0
0
0
0
0
0
0
0
575
0
0
0
0
0
0
0
0
5
2492
0
0
0
0
0
0
0
0
0
0
0
525
0
0
0
0
0
0
0
0
0
0
0
0
0
0
0
0
0
0
0
0
0
539
0
0
0
0
0
0
0
0
1
0
0
0
0
0
0
0
0
0
0
0
0
548
0
0
0
0
0
0
0
0
0
0
0
0
0
0
0
0
0
0
0
0
0
555
0
0
0
0
0
0
0
0
0
0
0
0
0
0
0
0
0
0
0
0
0
590
0
0
0
0
0
0
0
0
0
0
0
0
0
0
0
0
0
0
0
0
0
535
0
0
0
0
0
0
0
0
0
0
0
0
0
0
0
0
0
0
0
185
596
0
0
0
0
0
0
0
0
0
0
0
0
0
0
0
0
0
0
0
0
183
0
0
0
0
0
0
0
0
0
0
0
0
0
0
0
0
0
0
0
0
0
179
0
0
0
0
0
0
0
0
0
0
0
0
0
0
0
0
0
0
0
0
0
0
0
0
0
0
0
0
13
0
0
0
0
0
0
0
0
0
0
0
0
0
0
0
0
0
0
0
0
0
0
0
0
0
0
0
0
0
0
0
0
0
0
0
0
0
0
0
0
0
0
0
0
0
0
0
0
0
0
0
0
0
0
0
0
0
0
0
0
0
0
0
0
0
0
0
0
0
0
0
0
0
0
0
0
0
0
0
0
0
0
0
0
0
0
0
0
0
-823
0
0
0
0
0
0
0
0
0
0
0
0
0
0
0
0
0
0
0
0
0
5512
0
0
0
0
0
0
0
0
0
0
0
0
0
0
0
0
0
0
0
0
0
0
0
0
0
0
0
0
0
0
0
0
0
0
0
0
0
0
0
0
0
0
1420
0
0
0
0
0
0
0
0
0
0
0
0
0
0
0
0
0
0
0
0
0
2272
0
0
0
0
0
0
0
0
0
0
0
0
0
0
0
0
0
0
0
0
405
0
0
0
0
0
0
0
0
0
0
0
0
0
0
0
0
0
0
0
0
0
0
0
0
0
0
0
0
0
0
0
0
0
0
0
0
0
0
0
0
0
0
0
0
0
0
0
0
0
0
0
0
0
0
0
0
0
0
0
0
0
0
0
0
0
0
-8250
-7719
0
0
0
0
0
0
0
0
0
0
0
0
0
0
0
0
0
0
0
-6087
-7307
-7263
-510
0
0
0
0
0
0
0
0
0
0
0
0
0
0
0
0
0
0
-5090
-7704
-5367
-440
0
0
0
0
0
0
0
0
0
0
0
0
0
0
0
0
0
0
-4453
26792
27449
1177
0
0
0
0
0
0
0
0
0
0
0
0
0
0
0
0
0
152
19740
0
0
0
0
50
0
0
0
0
0
0
0
0
0
0
0
0
0
0
0
728
2009
0
0
0
0
61
0
0
0
0
0
0
0
0
0
2
2
2
0
0
0
2462
0
0
0
0
0
352
0
0
0
0
0
0
0
0
0
3
3
3
0
0
0
2505
0
0
0
0
0
1272
0
0
0
0
0
0
0
0
1
3
111
0
0
0
0
2411
0
0
0
0
0
1112
0
0
0
0
0
0
0
0
0
1
739
0
0
0
1126
0
0
0
0
0
202
0
0
0
0
0
0
0
0
0
1
4
364
0
0
0
1671
0
0
0
0
0
0
0
0
0
0
0
0
0
0
0
276
283
283
0
0
0
1482
0
0
0
0
0
0
0
0
0
0
0
0
0
0
0
0
0
0
0
0
0
0
0
0
0
0
0
0
0
0
0
0
0
0
0
0
0
4247
3062
0
0
0
622
0
0
0
0
0
0
0
0
0
0
0
0
0
0
0
0
0
0
0
0
0
3118
0
0
0
