0
2605
3899
0
0
3274
0
1222
0
0
0
0
0
0
0
0
0
1867
0
1
0
0
0
3061
0
0
0
0
0
0
0
0
0
0
0
0
0
0
0
0
0
0
0
0
0
3644
0
0
0
0
0
0
0
0
0
0
0
0
0
0
0
0
0
0
0
0
2108
3843
0
0
0
0
0
0
0
0
0
0
0
0
0
0
0
0
0
0
0
0
2319
3898
0
0
0
0
0
0
0
0
0
0
0
0
0
0
0
0
0
0
0
0
2311
3871
0
0
0
0
0
0
0
0
0
0
0
0
0
0
0
0
0
0
0
-1375
3184
3808
0
0
0
0
0
0
186
0
0
0
0
0
0
0
0
0
0
0
0
-6938
3416
0
0
0
0
0
0
1951
377
0
0
0
0
0
0
0
0
0
0
0
0
10810
3372
0
0
0
0
0
0
631
0
0
0
0
0
0
0
0
0
0
0
0
0
0
3287
0
0
0
0
0
0
609
0
0
0
0
0
0
0
0
0
0
0
0
0
0
3408
0
0
0
0
0
543
0
0
0
0
0
0
0
0
0
0
0
0
0
0
0
0
0
0
0
0
0
0
0
0
0
0
0
0
0
0
273
0
0
0
0
0
2017
0
0
0
0
0
0
0
0
0
0
0
0
0
0
0
309
0
0
0
0
0
2186
0
0
0
0
0
0
0
0
0
0
0
0
0
0
0
55
0
0
0
0
0
2129
0
0
0
0
0
0
0
0
0
0
0
0
0
0
0
0
0
0
0
0
0
2039
0
0
0
0
0
0
0
0
0
0
0
0
0
0
0
0
0
0
0
0
0
1937
0
0
0
0
0
0
0
0
0
0
0
0
0
0
0
0
0
0
0
0
0
0
0
0
0
0
0
0
0
0
0
0
0
0
0
0
0
0
0
0
0
0
0
0
0
0
0
0
0
0
0
0
0
0
0
0
0
0
0
0
0
0
0
0
346
0
0
0
0
0
0
0
0
0
0
0
0
0
112
112
0
0
0
0
0
0
557
0
0
0
0
0
0
0
0
0
0
0
0
0
288
288
0
0
0
0
0
0
609
0
0
0
0
0
0
0
0
0
0
0
0
0
227
227
0
0
0
0
0
0
0
0
0
0
0
0
0
0
0
0
0
0
0
0
0
0
0
0
0
0
0
0
0
0
0
0
0
0
0
0
0
0
0
0
0
0
0
0
0
0
0
0
0
0
0
0
0
0
0
0
0
0
0
0
0
0
0
0
0
0
0
0
0
0
0
0
0
0
0
0
0
0
0
0
0
0
0
1
0
0
0
0
0
0
0
0
0
0
0
0
0
217
0
0
0
0
0
0
1
1
0
0
0
0
0
0
0
0
0
0
0
0
489
688
0
0
0
0
0
0
4
4
0
0
0
0
0
0
0
0
0
42
0
0
467
703
0
0
0
0
0
0
3
1395
0
0
0
0
0
0
0
0
0
151
0
0
432
0
0
0
0
0
0
0
2
1413
0
0
0
0
0
0
0
0
48
221
0
0
416
0
0
0
0
0
0
0
3
1396
0
0
0
0
0
0
0
0
57
0
0
0
905
0
0
0
0
0
0
0
2
1656
0
0
0
0
0
0
0
0
255
0
0
515
0
0
0
0
0
0
0
287
290
1688
0
0
0
0
0
0
0
0
0
0
0
469
0
0
0
0
0
0
0
695
697
0
0
0
0
0
0
0
0
0
0
0
0
456
0
0
0
0
0
0
0
267
272
0
0
0
0
0
0
0
0
0
0
0
0
508
0
0
0
0
0
0
0
0
1
0
0
0
0
0
0
0
0
0
0
0
0
478
0
0
0
0
0
0
0
0
0
0
0
0
0
0
0
0
0
0
0
0
0
465
0
0
0
0
0
0
0
0
0
0
0
0
0
0
0
0
0
0
0
0
1132
0
0
0
0
0
1
0
0
0
0
0
0
0
0
0
0
0
0
0
0
0
0
0
0
0
0
0
0
0
0
0
0
0
0
0
0
0
0
0
0
0
0
0
553
1001
0
0
0
0
0
0
0
0
0
0
0
0
0
0
0
0
0
0
0
0
589
840
0
0
0
0
0
0
0
0
0
0
0
0
0
0
0
0
0
0
0
0
637
0
0
0
0
0
0
0
0
0
0
0
0
0
0
0
0
0
0
0
0
529
0
0
0
0
0
0
0
0
0
0
0
0
0
0
0
0
0
0
0
0
0
0
0
0
0
0
0
0
0
0
0
0
0
0
0
0
0
0
0
0
0
0
0
0
0
0
0
0
0
0
0
0
0
0
0
0
0
0
0
0
0
0
0
0
0
0
0
0
0
0
0
0
0
0
0
0
0
0
0
0
0
0
0
0
0
0
0
0
0
0
0
0
0
0
0
0
0
0
0
0
0
0
0
0
0
0
0
0
0
0
0
0
0
0
0
0
0
0
-1135
0
0
0
0
0
0
0
0
0
0
0
0
0
0
0
1
1
1
0
0
0
-5270
0
0
0
0
0
0
0
0
0
0
0
0
0
0
0
0
0
0
0
0
0
8787
0
0
0
0
0
0
0
0
0
0
0
0
0
0
0
0
0
0
0
0
1880
0
0
0
0
0
0
0
0
0
0
0
0
0
0
0
0
0
0
0
0
677
2498
0
0
0
0
0
0
0
0
0
0
0
0
0
0
0
0
0
0
0
0
0
0
0
0
0
0
0
0
0
0
0
0
0
0
0
0
0
0
0
0
0
0
0
0
0
0
0
0
0
0
0
0
0
0
0
0
0
0
0
0
0
0
0
0
0
0
0
0
0
0
0
0
0
0
0
0
0
0
0
0
0
0
0
0
0
0
-6380
-7404
-6928
0
0
0
0
0
0
0
0
0
0
0
0
0
0
0
0
0
0
0
-5828
-8342
-5346
0
0
0
0
0
0
0
0
0
0
0
0
0
0
0
0
0
0
0
-5146
-6865
-3678
0
0
0
0
0
0
0
0
0
0
0
0
0
0
0
0
0
0
0
21903
25996
23472
0
0
0
0
0
0
0
0
0
0
0
0
0
0
0
0
0
0
1432
2179
0
0
0
0
30
0
0
0
0
0
0
0
0
0
0
0
0
36
0
0
2679
0
0
0
0
0
0
0
0
0
0
0
0
0
0
0
0
0
0
0
0
0
2489
0
0
0
0
54
0
0
0
0
0
0
0
0
0
0
3
3
0
0
0
0
2347
0
0
0
0
75
0
0
0
0
0
0
0
0
0
1
9
31
0
0
0
1438
0
0
0
0
0
273
0
0
0
0
0
0
0
0
0
2
7
118
0
0
0
1793
0
0
0
0
0
0
0
0
0
0
0
0
0
0
0
3
89
156
0
0
0
0
0
0
0
0
203
0
0
0
0
0
0
0
0
0
0
3
560
560
0
0
309
0
0
0
0
0
0
0
0
0
0
0
0
0
0
0
0
4
393
393
0
0
2411
0
0
0
0
0
0
0
0
0
0
0
0
0
0
0
0
0
0
0
0
0
2616
0
0
0
0
0
0
0
0
0
0
0
0
0
0
0
0
0
1
0
0
0
2071
0
0
0
0
0
0
0
0
0
0
0
0
0
0
0
1685
10
1
0
0
0
2332
0
0
0
-1274
0
0
0
0
0
0
0
0
0
0
0
-402
3
0
0
0
