-1
-1
-1
-1
-1
-1
-1
147
-1
-1
30
-1
-1
-1
-1
12
13
28
38
51
-1
30
-1
-1
-1
-1
-1
-1
-1
58
-1
-1
30
-1
-1
-1
-1
23
14
34
-1
-1
30
12
-1
-1
-1
-1
-1
-1
-1
64
-1
-1
12
-1
-1
-1
28
3
16
30
-1
-1
64
-1
-1
-1
-1
-1
-1
-1
5
61
-1
-1
-1
-1
-1
-1
29
3
24
40
-1
-1
122
-1
-1
-1
-1
-1
-1
-1
25
31
27
-1
-1
-1
-1
-1
33
3
23
28
-1
-1
-1
-1
-1
-1
-1
-1
-1
-1
55
30
27
-1
-1
-1
-1
-1
62
3
23
156
-1
-1
-1
-1
-1
-1
-1
-1
-1
-1
-1
30
18
-1
-1
-1
-1
-1
65
5
25
-1
-1
-1
-1
-1
-1
-1
-1
-1
-1
-1
28
34
-1
-1
-1
-1
-1
-1
67
9
116
-1
-1
-1
-1
-1
-1
-1
-1
-1
-1
-1
29
25
-1
-1
-1
-1
-1
56
12
12
114
-1
-1
-1
-1
-1
-1
-1
-1
-1
-1
-1
29
-1
-1
-1
-1
99
-1
22
15
15
84
-1
-1
-1
-1
-1
-1
-1
-1
-1
-1
-1
31
-1
-1
-1
-1
60
-1
22
12
13
88
-1
-1
-1
111
-1
-1
-1
-1
-1
-1
-1
16
-1
-1
-1
-1
90
-1
27
13
12
74
-1
-1
69
73
-1
-1
-1
-1
-1
-1
-1
4
-1
-1
-1
-1
-1
33
22
6
15
-1
-1
-1
64
-1
-1
-1
-1
-1
-1
-1
6
-1
-1
-1
-1
-1
-1
56
22
3
37
-1
88
-1
129
-1
-1
-1
-1
-1
-1
-1
-1
20
-1
-1
-1
-1
-1
56
25
3
28
-1
65
-1
-1
-1
-1
-1
-1
-1
-1
-1
-1
24
-1
-1
-1
-1
-1
59
23
2
21
-1
54
-1
-1
-1
-1
-1
-1
-1
-1
-1
-1
4
-1
-1
-1
-1
-1
65
19
3
-1
21
48
-1
-1
-1
-1
-1
-1
-1
-1
-1
14
-1
-1
-1
-1
-1
31
30
16
3
-1
21
59
-1
-1
-1
-1
-1
-1
-1
-1
-1
18
-1
-1
-1
-1
-1
30
29
14
2
-1
19
24
-1
-1
-1
-1
-1
-1
-1
-1
-1
11
-1
-1
-1
-1
-1
30
28
12
3
-1
19
22
-1
-1
-1
-1
-1
-1
-1
-1
-1
-1
-1
-1
-1
-1
-1
40
23
13
-1
-1
22
18
-1
-1
-1
-1
-1
-1
-1
-1
-1
-1
-1
-1
-1
-1
14
29
21
13
-1
-1
19
16
-1
-1
-1
-1
-1
-1
-1
-1
-1
-1
-1
-1
-1
-1
14
29
22
14
-1
3
19
1
-1
-1
-1
-1
-1
-1
-1
-1
-1
-1
-1
-1
-1
-1
13
32
21
13
-1
9
20
2
-1
-1
-1
-1
-1
1
-1
-1
-1
-1
-1
-1
-1
-1
14
26
21
13
-1
5
20
-1
-1
-1
-1
-1
-1
25
-1
-1
-1
-1
-1
-1
-1
-1
20
26
16
28
-1
8
28
-1
-1
-1
-1
-1
-1
43
-1
-1
-1
-1
-1
-1
-1
-1
52
53
18
-1
-1
9
32
-1
-1
-1
-1
-1
9
-1
-1
-1
-1
-1
-1
-1
-1
-1
-1
-1
32
-1
2
8
-1
-1
-1
-1
-1
-1
51
22
-1
-1
-1
-1
-1
-1
-1
-1
32
-1
58
-1
6
13
-1
-1
-1
-1
-1
-1
64
25
-1
-1
-1
-1
-1
-1
-1
-1
38
-1
-1
-1
16
21
-1
-1
-1
-1
-1
-1
98
22
-1
-1
-1
-1
-1
-1
-1
-1
59
-1
-1
40
5
45
-1
-1
-1
-1
-1
-1
107
22
-1
-1
-1
-1
-1
-1
-1
-1
123
-1
-1
40
5
-1
-1
-1
-1
-1
-1
-1
111
13
-1
-1
-1
-1
-1
-1
-1
43
-1
-1
-1
37
24
-1
-1
-1
-1
-1
-1
-1
114
-1
-1
-1
-1
-1
-1
-1
-1
148
-1
-1
-1
38
32
-1
-1
-1
-1
-1
-1
-1
117
-1
-1
-1
-1
-1
-1
35
39
-1
-1
-1
55
20
29
-1
-1
-1
-1
-1
-1
-1
12
22
-1
-1
-1
-1
-1
30
102
-1
-1
-1
50
17
57
-1
-1
-1
-1
-1
-1
98
-1
23
-1
-1
-1
-1
6
30
162
-1
-1
-1
47
17
-1
-1
-1
-1
-1
-1
-1
81
-1
8
-1
-1
-1
-1
6
31
-1
-1
-1
-1
78
52
-1
-1
-1
-1
-1
-1
-1
49
-1
-1
-1
-1
-1
-1
-1
34
66
-1
-1
57
25
50
-1
-1
-1
-1
-1
-1
-1
-1
-1
-1
-1
-1
-1
-1
-1
31
65
-1
-1
64
22
32
-1
-1
-1
-1
-1
9
-1
-1
-1
-1
-1
-1
-1
9
-1
30
44
-1
-1
117
21
49
-1
-1
-1
37
-1
-1
-1
-1
-1
-1
-1
-1
-1
-1
30
30
68
-1
-1
-1
18
-1
-1
-1
-1
42
-1
-1
-1
-1
-1
-1
-1
-1
-1
-1
84
12
-1
-1
-1
42
35
-1
-1
-1
-1
44
-1
-1
-1
-1
-1
-1
-1
-1
-1
-1
-1
-1
-1
-1
-1
30
29
-1
-1
-1
-1
33
-1
-1
-1
-1
-1
-1
-1
-1
5
-1
-1
-1
-1
86
-1
-1
25
-1
-1
-1
30
9
-1
-1
-1
-1
-1
-1
-1
-1
-1
-1
-1
-1
-1
32
-1
-1
134
-1
-1
-1
40
-1
-1
-1
-1
-1
-1
-1
-1
-1
-1
-1
-1
-1
-1
65
-1
-1
-1
-1
-1
-1
33
-1
-1
-1
-1
-1
-1
-1
-1
-1
-1
-1
-1
-1
-1
-1
-1
-1
-1
-1
-1
-1
14
-1
-1
-1
-1
-1
-1
-1
-1
1
-1
-1
-1
-1
-1
-1
-1
-1
-1
-1
-1
-1
18
-1
-1
-1
-1
-1
-1
-1
-1
1
-1
-1
-1
-1
-1
-1
-1
-1
-1
-1
-1
38
-1
-1
-1
-1
-1
-1
-1
-1
-1
-1
-1
-1
-1
-1
-1
-1
-1
-1
-1
-1
-1
37
-1
-1
-1
-1
-1
-1
-1
-1
-1
10
-1
-1
-1
-1
-1
-1
-1
-1
-1
-1
-1
108
-1
-1
-1
-1
-1
-1
-1
-1
-1
-1
-1
-1
-1
-1
-1
-1
-1
-1
-1
-1
-1
-1
-1
-1
60
-1
-1
-1
-1
-1
23
-1
-1
-1
-1
-1
-1
-1
-1
-1
-1
-1
-1
-1
-1
-1
51
-1
-1
-1
-1
-1
24
-1
-1
-1
-1
-1
-1
-1
-1
-1
-1
-1
-1
-1
-1
-1
261
-1
-1
-1
-1
-1
30
-1
-1
-1
-1
-1
-1
-1
-1
-1
-1
-1
-1
-1
-1
-1
-1
-1
-1
-1
-1
-1
24
-1
-1
-1
-1
-1
-1
-1
-1
-1
-1
-1
-1
-1
-1
-1
-1
-1
-1
-1
-1
6
-1
-1
-1
-1
-1
-1
-1
-1
-1
-1
-1
-1
-1
-1
-1
-1
-1
-1
-1
-1
-1
1
-1
-1
-1
-1
-1
-1
-1
-1
-1
-1
-1
-1
-1
-1
-1
-1
-1
-1
-1
-1
-1
-1
-1
-1
-1
-1
-1
-1
-1
-1
-1
-1
-1
-1
-1
-1
-1
-1
-1
-1
-1
-1
5
-1
-1
-1
-1
-1
-1
-1
-1
-1
-1
-1
-1
210
-1
-1
-1
-1
-1
-1
-1
-1
5
-1
-1
-1
-1
-1
-1
-1
-1
-1
-1
-1
-1
-1
-1
-1
-1
-1
240
-1
-1
-1
-1
-1
-1
-1
-1
-1
-1
-1
-1
-1
-1
-1
2
-1
-1
-1
-1
66
33
-1
-1
-1
-1
-1
-1
-1
-1
-1
-1
-1
-1
-1
-1
-1
3
-1
-1
-1
42
26
32
-1
-1
13
-1
-1
-1
-1
-1
-1
-1
-1
-1
-1
-1
-1
6
-1
-1
-1
37
25
32
-1
-1
25
-1
-1
-1
-1
-1
-1
-1
-1
-1
-1
-1
30
6
-1
-1
-1
39
29
34
-1
-1
32
-1
-1
-1
-1
-1
-1
-1
-1
-1
-1
-1
60
-1
-1
-1
20
22
26
47
-1
-1
32
-1
-1
-1
-1
-1
-1
-1
-1
-1
-1
-1
67
-1
-1
-1
19
24
29
52
-1
-1
43
-1
-1
-1
-1
-1
-1
-1
-1
-1
-1
-1
80
-1
-1
5
15
22
25
-1
-1
99
30
-1
-1
-1
-1
-1
-1
-1
-1
-1
-1
-1
50
-1
-1
11
13
22
29
10
33
-1
33
-1
-1
-1
-1
-1
-1
-1
-1
-1
-1
-1
-1
-1
-1
15
13
25
30
12
30
30
33
-1
-1
-1
-1
-1
-1
-1
-1
-1
-1
-1
-1
-1
-1
13
15
30
30
-1
30
30
6
