0
0
0
4095
1156
2393
4095
0
0
1413
0
0
0
0
0
0
0
0
3108
0
0
0
0
0
0
4095
1106
1946
2287
0
0
846
0
0
0
0
0
0
0
4095
0
0
0
0
0
0
0
4095
1393
1968
1344
0
0
0
0
0
0
0
0
0
0
1398
1711
1562
0
0
0
0
0
4095
1170
3705
0
0
0
0
0
0
0
0
0
0
0
1406
1960
1514
0
0
0
0
0
4095
1120
3991
0
0
0
0
0
0
0
0
0
0
0
1438
1707
0
0
0
0
0
4095
198
1177
3795
0
0
0
0
0
0
0
0
0
0
0
1725
1666
0
0
0
4095
0
4095
287
1006
3703
0
0
0
0
0
0
0
0
0
0
0
1545
330
0
0
0
4095
0
4095
282
1000
891
0
0
0
1465
0
0
0
0
0
0
0
1528
0
0
0
0
4095
0
4095
183
807
2347
0
0
0
0
0
0
0
0
0
0
0
1305
0
0
0
0
0
4095
1202
248
1133
0
0
0
1695
0
0
0
0
0
0
0
0
109
0
0
0
4095
0
4095
1151
347
896
0
898
0
1189
0
0
0
0
0
0
0
107
0
0
0
0
4095
0
4095
1211
361
525
0
1596
0
0
0
0
0
0
0
0
0
125
278
0
0
0
0
0
4095
1294
530
0
0
1145
0
0
0
0
0
0
0
0
0
0
350
0
0
0
0
0
4095
1197
439
0
0
688
0
0
0
0
0
0
0
0
0
0
215
0
0
0
0
4095
3135
1237
432
0
372
501
0
0
0
0
0
0
0
0
0
144
0
0
0
0
0
4095
3439
1346
527
0
319
262
0
0
0
0
0
0
0
0
0
293
0
0
0
0
0
4095
3698
1220
259
0
311
168
0
0
0
0
0
0
0
0
0
263
0
0
0
0
0
4095
3424
1325
0
0
401
66
0
0
0
0
0
0
0
0
0
0
0
0
0
0
0
3514
3153
1521
0
0
164
41
0
0
0
0
0
0
0
0
0
0
0
0
0
0
1172
4095
3103
1476
0
6
45
0
0
0
0
0
0
0
0
0
0
0
0
0
0
0
1202
3556
3606
1465
0
130
5
0
0
0
0
0
0
0
0
0
0
0
0
0
0
0
1195
4095
3265
362
0
107
8
0
0
0
0
0
0
0
0
0
0
0
0
0
0
0
1189
4095
1983
270
0
54
80
0
0
0
0
0
0
1012
0
0
0
0
0
0
0
0
1166
4095
1347
276
0
164
476
0
0
0
0
0
0
1572
0
0
0
0
0
0
0
0
3539
0
1252
0
314
152
396
0
0
0
0
0
1299
0
0
0
0
0
0
0
0
0
4095
0
393
0
380
123
0
0
0
0
0
0
2938
0
0
0
0
0
0
0
0
0
4095
0
0
0
344
69
0
0
0
0
0
0
1644
1305
0
0
0
0
0
0
0
0
4095
0
0
713
82
142
0
0
0
0
0
0
2758
1447
0
0
0
0
0
0
0
0
4095
0
0
707
248
0
0
0
0
0
0
0
3801
1296
0
0
0
0
0
0
0
0
715
0
0
1520
83
0
0
0
0
0
0
0
3419
1039
0
0
0
0
0
0
0
0
0
0
0
725
9
0
0
0
0
0
0
0
3371
0
0
0
0
0
0
0
0
1326
0
0
855
179
0
0
0
0
0
0
0
0
3352
0
0
0
0
0
0
0
1960
0
0
0
948
248
0
0
0
0
0
0
0
2196
1385
300
0
0
0
0
0
172
2556
0
0
0
780
164
0
0
0
0
0
0
0
2190
0
375
0
0
0
0
0
715
2386
0
0
0
1294
164
0
0
0
0
0
0
0
2002
0
216
0
0
0
0
2864
0
0
0
0
1151
283
382
0
0
0
0
0
0
0
152
0
0
0
0
0
0
0
897
1874
0
0
1065
230
491
0
0
0
0
0
0
0
0
0
0
0
0
0
0
0
1126
1809
0
0
1017
121
389
0
0
0
0
0
0
0
0
0
0
0
0
0
87
0
1152
1634
0
0
1041
281
0
0
0
0
12
0
0
0
0
0
0
0
0
0
0
654
1184
581
0
0
972
7
0
0
0
0
71
0
0
0
0
0
0
0
0
0
0
1151
1506
0
0
0
1108
51
0
0
0
0
61
0
0
0
0
0
0
0
0
0
0
1175
0
0
0
0
0
48
0
0
0
29
51
0
0
0
0
0
0
0
0
1312
0
0
0
0
1109
0
0
30
0
0
0
79
0
0
0
0
0
0
0
0
0
0
0
0
0
0
418
0
0
0
0
0
0
76
0
0
0
0
0
0
0
0
0
0
0
0
0
0
393
0
0
0
0
0
0
65
0
0
0
0
0
0
0
0
0
0
0
0
0
0
386
0
0
0
0
0
0
0
0
0
0
0
0
0
0
0
77
0
0
0
0
0
0
0
0
0
0
0
0
0
0
0
0
0
0
0
0
0
9
0
0
0
0
0
0
0
0
0
0
0
0
0
0
0
0
0
0
0
0
0
0
0
0
0
0
0
0
0
0
0
0
0
4095
0
0
0
0
0
0
0
0
0
12
0
0
0
0
0
0
0
0
0
0
0
14
0
0
4095
0
0
0
0
0
21
0
0
0
0
0
0
0
0
0
0
0
0
0
0
0
4095
0
0
0
0
0
58
0
0
0
0
0
0
0
0
0
0
0
0
0
0
0
4095
0
0
0
0
0
62
0
0
0
0
0
0
0
0
0
0
0
0
0
0
4095
0
0
0
0
0
0
59
0
0
0
0
0
0
0
0
0
0
0
0
0
0
4095
0
0
0
0
0
0
62
0
0
0
0
0
0
0
0
0
0
0
0
0
0
0
0
0
0
0
0
4095
0
0
0
0
0
0
0
0
0
0
0
0
0
0
0
0
0
0
0
0
0
4095
0
0
0
0
0
0
0
0
0
0
0
0
0
0
0
0
0
0
0
0
0
4095
0
0
0
0
0
0
0
0
0
0
0
4095
0
0
0
0
0
0
0
0
871
0
0
0
0
0
0
0
0
0
0
0
0
0
0
0
0
0
0
0
0
0
4095
0
0
0
0
0
0
0
0
0
0
0
0
0
0
0
0
4095
616
0
0
0
0
0
0
0
0
0
0
0
0
0
0
0
12
0
0
0
4095
4095
482
0
0
101
0
0
0
0
0
0
0
0
0
0
0
0
16
0
0
0
4095
1071
530
0
0
24
0
0
0
0
0
0
0
0
0
0
0
19
7
0
0
0
4095
1214
519
0
0
53
0
0
0
0
0
0
0
0
0
0
0
98
0
0
0
2406
4095
1161
219
0
0
72
0
0
0
0
0
0
0
0
0
0
0
105
0
0
0
2278
4095
1177
191
0
0
895
0
0
0
0
0
0
0
0
0
0
0
657
0
0
0
3089
4095
1072
0
0
0
2571
0
0
0
0
0
0
0
0
0
0
0
682
0
0
2634
2191
4095
2299
58
755
0
2540
0
0
0
0
0
0
0
0
0
0
0
0
0
0
3826
2096
4095
4095
59
1133
1133
1082
0
0
0
0
0
0
0
0
0
0
0
0
0
0
4095
2274
4095
4095
28
1071
1127
720
0
0
0
0
0
0
0
0
0
0
0
0
0
0
4095
2183
4095
4095
0
0
2036
0
0
0
0
0
0
0
1386
0
0
2
0
0
0
0
4095
2089
4095
4095
0
1058
925
0
0
0
0
0
0
0
2432
0
0
1
0
0
0
4095
1383
1963
4095
0
0
1568
0
0
0
0
0
0
0
0
3113
0
0
3
0
