0
1890
0
0
0
0
0
0
0
2754
0
0
0
0
0
0
0
4095
804
3871
4095
886
0
1633
0
0
0
0
0
0
0
2088
0
0
7
0
0
0
0
4095
845
3434
0
0
0
1853
0
0
0
0
0
0
0
3549
0
0
0
0
0
0
0
4095
1010
3258
0
0
0
0
0
0
0
0
0
0
0
3496
0
0
0
0
0
0
0
4095
1317
3879
0
0
0
0
0
0
0
0
0
0
0
2109
1678
0
0
0
0
0
4095
553
1553
4071
0
0
0
0
0
0
0
0
0
0
0
2893
1626
0
0
0
0
0
4095
469
1652
3148
0
0
0
0
0
0
0
0
0
0
0
2973
1680
0
0
0
0
0
4095
570
1976
3545
0
0
0
0
0
0
0
0
0
0
0
3174
333
0
0
0
0
0
4095
483
1624
1803
0
0
0
0
0
0
0
0
0
0
0
3028
0
0
0
0
0
0
4095
447
1615
2458
0
0
2223
0
0
0
0
0
0
0
1251
950
0
0
0
4095
0
0
4095
558
1928
0
0
0
1419
0
0
0
0
0
0
0
1329
0
0
0
0
4095
0
3193
1561
435
2152
0
0
0
951
0
0
0
0
0
0
0
1523
0
0
0
0
4095
0
3109
1627
468
1030
0
0
0
1196
0
0
0
0
0
0
0
542
0
0
0
0
4095
0
3094
1352
552
745
0
1004
0
0
0
0
0
0
0
0
0
0
0
0
0
0
0
0
4095
918
416
992
0
1176
0
0
0
0
0
0
0
0
0
0
0
0
0
0
0
4095
3056
893
558
0
461
947
0
0
0
0
0
0
0
0
0
430
0
0
0
0
0
4095
3326
724
770
0
371
0
0
0
0
0
0
0
0
0
0
372
0
0
0
0
0
4095
3426
649
458
0
162
198
0
0
0
0
0
0
0
0
0
74
0
0
0
0
0
4095
2057
693
0
278
198
19
0
0
0
0
0
0
0
0
0
0
0
0
0
0
4095
4095
1668
608
0
307
320
0
0
0
0
0
0
0
0
0
0
0
0
0
0
0
1133
4095
1617
669
0
272
173
0
0
0
0
0
0
0
0
0
0
0
0
0
0
0
1150
4095
1643
762
0
316
99
0
0
0
0
0
0
0
0
0
0
0
0
0
0
0
1206
4095
1597
178
0
296
3
0
0
0
0
0
0
0
0
111
0
0
0
0
0
0
405
4095
1764
0
0
209
7
0
0
0
0
0
0
0
0
163
0
0
0
0
0
0
1248
4095
1638
0
0
187
0
0
0
0
0
0
0
0
0
110
0
0
0
0
0
236
3924
4095
1597
0
10
100
0
0
0
0
0
0
404
0
0
0
0
0
0
0
0
351
4095
4095
580
0
133
280
0
0
0
0
0
0
1549
0
0
0
0
0
0
0
0
76
4095
0
322
0
23
432
0
0
0
0
0
0
1491
162
0
0
0
0
0
0
0
0
4095
0
657
0
117
741
0
0
0
0
0
1332
1545
112
0
0
0
0
0
0
0
0
4095
0
0
0
116
0
0
0
0
0
0
1706
1422
114
0
0
0
0
0
0
0
67
1730
0
0
374
86
0
0
0
0
0
0
4095
1411
0
0
0
0
0
0
0
0
157
0
0
0
505
0
0
0
0
0
0
0
0
1404
0
0
0
0
0
0
0
0
0
0
0
0
856
0
0
0
0
0
0
0
3161
1559
120
0
0
0
0
0
0
1367
0
0
0
819
143
0
0
0
0
0
0
0
3506
672
274
0
0
0
0
0
0
2376
0
0
0
873
197
0
0
0
0
0
0
0
3176
0
291
0
0
0
0
994
0
4060
0
0
0
902
160
0
0
0
0
0
0
0
3839
0
0
0
0
0
0
1356
0
0
0
0
1073
327
144
0
0
0
0
0
0
1973
0
313
0
0
0
0
0
1141
0
1492
0
0
1038
302
143
0
0
0
0
0
0
1685
0
438
0
0
0
0
80
0
1067
1523
0
0
690
52
201
0
0
0
0
0
0
0
0
61
0
0
0
0
0
0
1079
1369
0
0
833
8
0
0
0
0
0
0
0
0
0
0
0
0
0
0
0
940
1139
1586
0
0
912
8
0
0
0
0
0
0
0
0
0
0
0
0
0
0
0
1129
909
0
0
0
791
58
0
0
0
0
0
0
0
0
0
0
0
0
0
85
0
1112
1036
0
0
0
732
558
0
0
0
0
0
0
0
0
0
0
0
0
0
0
0
1083
0
0
0
0
541
604
0
0
0
90
0
0
0
0
0
0
0
0
0
0
0
0
0
0
1276
0
31
0
0
0
0
81
0
0
0
0
0
0
0
0
0
0
0
0
0
0
908
0
2
0
0
0
0
103
0
0
0
0
0
0
0
0
29
0
0
0
0
187
0
0
0
0
0
0
0
55
0
0
0
0
0
0
0
0
0
0
0
0
0
339
0
0
0
0
0
0
17
0
0
0
0
0
0
0
0
0
0
0
0
0
0
0
0
0
0
0
0
0
19
0
0
0
0
0
0
0
0
0
0
0
0
0
0
0
0
0
0
0
0
0
10
0
0
0
0
0
0
0
0
0
0
0
0
0
0
0
0
0
0
0
0
0
0
0
0
0
0
0
0
0
0
11
0
0
0
0
0
0
0
0
0
0
0
0
0
0
0
0
0
0
0
0
0
60
0
0
0
0
0
0
0
0
0
0
0
0
0
0
0
0
0
0
0
0
0
88
0
0
0
0
0
0
0
0
0
0
0
0
0
0
4095
0
0
0
0
0
0
140
0
0
0
0
0
0
0
0
0
0
0
0
0
0
4095
0
0
0
0
0
0
0
0
0
0
0
0
0
0
0
0
0
0
0
0
0
4095
0
0
0
0
0
78
0
0
0
0
0
0
0
0
0
0
0
0
0
0
0
4095
0
0
0
0
0
51
0
0
0
0
0
0
0
0
0
0
0
0
0
0
0
0
0
0
0
0
0
7
0
0
0
0
0
0
0
0
0
0
0
0
0
0
0
0
0
0
0
0
36
0
0
0
0
0
0
0
0
0
0
0
0
0
0
0
0
0
0
0
0
0
35
0
0
0
0
0
0
0
0
0
0
0
0
0
0
0
0
0
0
0
0
0
0
0
0
0
0
0
0
0
0
0
0
0
0
0
0
0
0
0
0
0
0
114
0
0
0
0
0
0
0
0
0
0
0
0
1752
0
0
0
4095
4095
0
0
0
9
0
0
0
0
0
0
0
0
0
0
0
0
2335
0
0
0
4095
1693
0
0
0
59
0
0
0
0
0
0
0
0
0
0
0
39
2706
0
0
0
4095
1112
217
0
0
171
0
0
0
0
0
0
0
0
0
0
0
71
0
0
0
4028
4095
1198
37
0
0
924
0
0
0
0
0
0
0
0
0
0
10
77
0
0
0
3982
4095
1803
96
0
0
2016
0
0
0
0
0
0
0
0
0
0
161
31
0
0
3800
1862
4095
1310
0
1163
885
1116
0
0
0
0
0
0
0
0
0
0
183
0
0
0
2238
1671
4095
3629
0
1599
1140
1712
0
0
0
0
0
0
0
0
0
0
446
0
0
0
2419
1748
4095
4095
0
3027
1167
0
0
0
0
0
0
0
0
0
0
0
542
0
0
1538
828
1721
4095
4095
0
0
1113
0
0
0
0
0
0
0
0
0
0
6
0
0
0
1476
716
1892
4095
4095
0
1314
872
0
0
0
0
0
0
0
0
0
0
0
0
0
0
4095
628
4034
4095
4095
0
