64
67
42
0
0
0
0
1319
108
592
482
64
227
32
327
0
40
0
167
137
18
169
0
0
28
179
0
0
0
19
158
0
28
56
0
76
95
55
28
33
149
30
0
0
24
0
0
56
0
0
0
86
29
58
0
30
576
741
76
18
0
29
120
53
0
784
151
648
126
588
0
454
103
102
0
0
32
546
3853
0
185
388
123
892
951
203
189
0
513
256
27
201
136
0
244
557
41
197
0
0
0
229
84
116
61
74
88
403
971
712
0
150
478
327
274
252
346
837
316
338
1332
0
154
125
30
66
188
494
550
120
0
90
389
142
438
119
60
0
0
369
66
62
0
469
60
190
707
334
174
397
335
969
1145
72
0
20
0
0
74
133
217
277
887
1605
70
