66
-1
32
-1
-1
-1
-1
-1
-1
-1
-1
146
-1
-1
30
-1
-1
-1
18
9
21
32
-1
-1
68
-1
-1
-1
-1
-1
-1
-1
-1
128
-1
-1
-1
-1
-1
-1
19
9
19
32
-1
-1
120
-1
-1
-1
-1
-1
-1
-1
25
-1
-1
-1
-1
-1
-1
-1
21
9
18
-1
-1
-1
-1
-1
-1
-1
-1
-1
-1
-1
79
-1
-1
-1
-1
-1
-1
-1
35
8
49
-1
-1
-1
-1
-1
-1
-1
-1
-1
-1
-1
25
54
-1
-1
-1
-1
-1
-1
42
8
65
-1
-1
-1
-1
-1
-1
-1
-1
-1
-1
-1
27
34
-1
-1
-1
-1
-1
37
6
9
118
-1
-1
-1
-1
-1
-1
-1
-1
-1
-1
-1
31
29
-1
-1
-1
-1
-1
63
5
8
118
-1
-1
-1
-1
-1
-1
-1
-1
-1
-1
-1
27
13
-1
-1
-1
-1
-1
41
6
7
112
-1
-1
-1
-1
-1
-1
-1
-1
-1
-1
-1
27
-1
-1
-1
-1
115
-1
20
5
9
95
-1
-1
-1
-1
-1
-1
-1
-1
-1
-1
-1
22
-1
-1
-1
27
-1
-1
38
5
8
119
-1
-1
135
-1
-1
-1
-1
-1
-1
-1
3
-1
-1
-1
-1
55
-1
21
17
6
7
-1
-1
-1
73
-1
-1
-1
-1
-1
-1
-1
3
-1
-1
-1
-1
55
-1
26
20
5
29
-1
-1
-1
146
-1
-1
-1
-1
-1
-1
-1
6
-1
-1
-1
-1
102
-1
22
17
6
20
-1
61
-1
-1
-1
-1
-1
-1
-1
-1
-1
-1
-1
-1
-1
-1
-1
-1
47
17
5
25
-1
63
-1
-1
-1
-1
-1
-1
-1
-1
-1
-1
-1
-1
-1
-1
-1
-1
48
21
5
-1
31
35
-1
-1
-1
-1
-1
-1
-1
-1
-1
12
-1
-1
-1
-1
-1
51
26
17
7
-1
25
39
-1
-1
-1
-1
-1
-1
-1
-1
-1
23
-1
-1
-1
-1
-1
60
21
18
9
-1
26
27
-1
-1
-1
-1
-1
-1
-1
-1
-1
19
-1
-1
-1
-1
-1
51
21
21
8
-1
24
6
-1
-1
-1
-1
-1
-1
-1
-1
-1
-1
-1
-1
-1
-1
-1
52
22
17
-1
9
23
6
-1
-1
-1
-1
-1
-1
-1
-1
-1
-1
-1
-1
-1
-1
30
28
26
18
-1
12
23
-1
-1
-1
-1
-1
-1
-1
-1
-1
-1
-1
-1
-1
-1
-1
30
28
22
21
-1
16
26
-1
-1
-1
-1
-1
-1
-1
-1
-1
-1
-1
-1
-1
-1
-1
30
31
22
17
-1
18
19
-1
-1
-1
-1
-1
-1
-1
-1
-1
-1
-1
-1
-1
-1
-1
34
28
22
15
-1
15
23
-1
-1
-1
-1
-1
-1
-1
-1
23
-1
-1
-1
-1
-1
-1
32
27
22
30
-1
20
9
-1
-1
-1
-1
-1
-1
-1
-1
24
-1
-1
-1
-1
-1
-1
29
27
17
-1
-1
18
2
-1
-1
-1
-1
-1
23
-1
-1
-1
-1
-1
-1
-1
-1
-1
25
41
34
-1
4
17
24
-1
-1
-1
-1
-1
57
-1
-1
-1
-1
-1
-1
-1
-1
-1
27
-1
33
-1
6
21
-1
-1
-1
-1
-1
-1
65
23
-1
-1
-1
-1
-1
-1
-1
-1
37
-1
56
-1
1
42
-1
-1
-1
-1
-1
-1
83
23
-1
-1
-1
-1
-1
-1
-1
-1
54
-1
-1
7
6
74
-1
-1
-1
-1
-1
-1
102
23
-1
-1
-1
-1
-1
-1
-1
-1
151
-1
-1
28
5
-1
-1
-1
-1
-1
-1
-1
117
13
-1
-1
-1
-1
-1
-1
-1
-1
-1
-1
-1
32
32
-1
-1
-1
-1
-1
-1
-1
108
-1
-1
-1
-1
-1
-1
-1
-1
-1
-1
-1
-1
60
43
-1
-1
-1
-1
-1
-1
-1
109
-1
-1
-1
-1
-1
-1
-1
171
-1
-1
-1
47
7
46
-1
-1
-1
-1
-1
-1
96
24
17
-1
-1
-1
-1
-1
-1
130
-1
-1
-1
45
8
75
-1
-1
-1
-1
-1
-1
98
-1
19
-1
-1
-1
-1
33
-1
166
-1
-1
-1
43
8
-1
-1
-1
-1
-1
-1
-1
78
-1
6
-1
-1
-1
-1
42
-1
-1
-1
-1
-1
78
49
-1
-1
-1
-1
-1
-1
-1
22
15
-1
-1
-1
-1
-1
-1
30
67
-1
-1
54
18
43
-1
-1
-1
-1
-1
-1
-1
-1
21
-1
-1
-1
-1
-1
-1
30
67
-1
-1
40
18
40
-1
-1
-1
-1
-1
-1
-1
-1
12
-1
-1
-1
-1
9
-1
30
67
-1
-1
59
17
33
-1
-1
-1
-1
-1
-1
-1
-1
-1
-1
-1
-1
-1
-1
17
32
54
-1
-1
58
20
-1
-1
-1
-1
50
-1
-1
-1
-1
-1
-1
-1
-1
-1
-1
29
28
-1
-1
-1
57
29
-1
-1
-1
-1
43
-1
-1
-1
-1
-1
-1
-1
-1
2
-1
29
57
-1
-1
-1
51
32
-1
-1
-1
-1
32
-1
-1
-1
-1
-1
-1
-1
-1
3
-1
29
-1
-1
-1
-1
48
48
-1
-1
-1
25
14
-1
-1
-1
-1
-1
-1
-1
-1
-1
-1
-1
-1
-1
82
-1
29
-1
-1
-1
-1
37
-1
-1
-1
-1
-1
-1
-1
-1
-1
-1
-1
-1
-1
-1
43
-1
17
-1
-1
-1
-1
29
-1
-1
-1
-1
-1
-1
-1
-1
-1
-1
-1
-1
-1
-1
49
-1
88
-1
-1
-1
-1
13
-1
-1
-1
-1
-1
-1
-1
-1
1
-1
-1
-1
-1
-1
-1
-1
-1
-1
-1
-1
-1
-1
-1
-1
-1
-1
-1
-1
-1
-1
-1
-1
-1
-1
-1
-1
-1
-1
-1
-1
-1
-1
9
-1
-1
-1
-1
-1
-1
-1
-1
-1
-1
-1
-1
-1
-1
-1
-1
-1
-1
-1
-1
-1
23
-1
-1
-1
-1
-1
-1
-1
-1
-1
-1
-1
-1
-1
-1
-1
-1
-1
-1
-1
-1
-1
23
-1
-1
-1
-1
-1
-1
-1
-1
-1
-1
-1
-1
-1
-1
-1
-1
-1
-1
-1
-1
-1
75
-1
-1
17
-1
-1
-1
-1
-1
18
-1
-1
-1
-1
-1
-1
-1
-1
-1
-1
-1
-1
-1
-1
-1
29
-1
-1
-1
-1
-1
60
-1
-1
-1
-1
-1
-1
-1
-1
-1
-1
-1
-1
-1
-1
-1
-1
-1
-1
-1
-1
-1
48
-1
-1
-1
-1
-1
-1
-1
-1
-1
-1
-1
-1
-1
-1
56
-1
-1
-1
-1
-1
-1
50
-1
-1
-1
-1
-1
-1
-1
-1
-1
-1
-1
-1
-1
-1
80
-1
-1
-1
-1
-1
5
-1
-1
-1
-1
-1
-1
-1
-1
-1
-1
-1
-1
-1
-1
-1
236
-1
-1
-1
-1
-1
32
-1
-1
-1
-1
-1
-1
-1
-1
-1
-1
-1
-1
-1
-1
-1
-1
-1
-1
-1
-1
-1
10
-1
-1
-1
-1
-1
-1
-1
-1
-1
-1
-1
-1
-1
-1
-1
-1
-1
-1
-1
-1
-1
-1
-1
-1
-1
-1
-1
-1
-1
-1
-1
-1
-1
-1
-1
-1
-1
-1
-1
-1
-1
-1
10
-1
-1
-1
-1
-1
-1
-1
-1
-1
-1
-1
-1
-1
-1
-1
-1
-1
-1
-1
-1
-1
-1
-1
-1
-1
-1
-1
-1
-1
-1
-1
-1
-1
-1
-1
-1
-1
-1
-1
-1
-1
-1
6
-1
-1
-1
-1
-1
-1
-1
-1
-1
-1
-1
-1
66
-1
-1
-1
216
128
15
-1
-1
12
-1
-1
-1
-1
-1
-1
-1
-1
-1
-1
-1
-1
17
-1
-1
-1
56
30
15
-1
-1
30
2
-1
-1
-1
-1
-1
-1
-1
-1
-1
-1
5
16
-1
-1
-1
56
30
19
-1
-1
30
-1
-1
-1
-1
-1
-1
-1
-1
-1
-1
-1
59
-1
-1
-1
33
30
30
57
-1
-1
36
-1
-1
-1
-1
-1
-1
-1
-1
-1
-1
-1
63
-1
-1
-1
34
30
30
-1
-1
-1
64
-1
-1
-1
-1
-1
-1
-1
-1
-1
-1
55
24
-1
-1
-1
30
29
33
-1
102
-1
30
-1
-1
-1
-1
-1
-1
-1
-1
-1
-1
108
-1
-1
-1
12
19
32
30
8
30
30
58
-1
-1
-1
-1
-1
-1
-1
-1
-1
-1
-1
-1
-1
-1
12
19
30
30
5
60
30
-1
-1
-1
-1
-1
-1
-1
-1
-1
-1
-1
-1
-1
-1
-1
13
21
29
30
-1
-1
30
-1
-1
-1
-1
-1
-1
-1
-1
-1
-1
60
-1
-1
-1
-1
13
19
28
30
-1
30
30
-1
-1
-1
-1
-1
-1
-1
12
-1
-1
29
-1
-1
-1
-1
18
19
29
23
