-1
16
11
20
30
-1
-1
64
-1
-1
-1
-1
-1
-1
-1
-1
151
-1
-1
-1
-1
-1
-1
18
10
23
66
-1
-1
157
-1
-1
-1
-1
-1
-1
-1
20
-1
-1
-1
-1
-1
-1
-1
27
10
19
-1
-1
-1
-1
-1
-1
-1
-1
-1
-1
-1
25
55
-1
-1
-1
-1
-1
-1
44
9
60
-1
-1
-1
-1
-1
-1
-1
-1
-1
-1
-1
25
31
35
-1
-1
-1
-1
-1
45
9
114
-1
-1
-1
-1
-1
-1
-1
-1
-1
-1
-1
26
34
-1
-1
-1
-1
-1
61
4
9
113
-1
-1
-1
-1
-1
-1
-1
-1
-1
-1
-1
31
30
-1
-1
-1
-1
-1
35
5
9
120
-1
-1
-1
-1
-1
-1
-1
-1
-1
-1
-1
27
12
-1
-1
-1
-1
-1
37
6
9
77
-1
-1
-1
-1
-1
-1
-1
-1
-1
-1
-1
28
-1
-1
-1
-1
51
-1
34
5
8
131
-1
-1
-1
-1
-1
-1
-1
-1
-1
-1
-1
27
-1
-1
-1
-1
58
-1
17
6
9
-1
-1
-1
163
-1
-1
-1
-1
-1
-1
-1
2
-1
-1
-1
-1
21
-1
21
13
5
27
-1
-1
-1
79
-1
-1
-1
-1
-1
-1
-1
2
-1
-1
-1
-1
50
-1
22
15
5
24
-1
86
-1
93
-1
-1
-1
-1
-1
-1
-1
2
12
-1
-1
-1
106
-1
26
16
6
21
-1
58
-1
-1
-1
-1
-1
-1
-1
-1
-1
-1
20
-1
-1
-1
-1
-1
48
19
5
18
-1
44
-1
-1
-1
-1
-1
-1
-1
-1
-1
-1
16
-1
-1
-1
-1
-1
46
17
5
-1
18
38
-1
-1
-1
-1
-1
-1
-1
-1
-1
6
-1
-1
-1
-1
-1
56
21
16
6
-1
19
33
-1
-1
-1
-1
-1
-1
-1
-1
-1
17
-1
-1
-1
-1
-1
52
25
20
3
-1
20
23
-1
-1
-1
-1
-1
-1
-1
-1
-1
18
-1
-1
-1
-1
-1
52
22
17
-1
-1
19
12
-1
-1
-1
-1
-1
-1
-1
-1
-1
-1
-1
-1
-1
-1
-1
51
21
17
-1
1
20
-1
-1
-1
-1
-1
-1
-1
-1
-1
-1
-1
-1
-1
-1
-1
34
26
20
20
-1
1
21
-1
-1
-1
-1
-1
-1
-1
-1
-1
-1
-1
-1
-1
-1
-1
34
29
26
17
-1
8
25
1
-1
-1
-1
-1
-1
-1
-1
-1
-1
-1
-1
-1
-1
-1
31
28
22
15
-1
7
27
-1
-1
-1
-1
-1
-1
-1
-1
-1
-1
-1
-1
-1
-1
-1
31
26
21
18
-1
10
15
-1
-1
-1
-1
-1
-1
-1
-1
-1
-1
-1
-1
-1
-1
-1
30
26
20
30
-1
11
2
-1
-1
-1
-1
-1
-1
-1
-1
42
-1
-1
-1
-1
-1
-1
30
27
20
-1
2
10
20
-1
-1
-1
-1
-1
23
-1
-1
-1
-1
-1
-1
-1
-1
-1
25
43
18
-1
24
15
-1
-1
-1
-1
-1
-1
47
-1
-1
-1
-1
-1
-1
-1
-1
-1
31
-1
21
-1
17
39
-1
-1
-1
-1
-1
-1
65
27
-1
-1
-1
-1
-1
-1
-1
-1
35
-1
48
15
4
81
-1
-1
-1
-1
-1
-1
77
23
-1
-1
-1
-1
-1
-1
-1
-1
48
-1
-1
39
6
-1
-1
-1
-1
-1
-1
-1
104
24
-1
-1
-1
-1
-1
-1
-1
-1
69
-1
-1
41
28
-1
-1
-1
-1
-1
-1
-1
110
23
-1
-1
-1
-1
-1
-1
-1
-1
184
-1
-1
40
47
-1
-1
-1
-1
-1
-1
-1
108
-1
-1
-1
-1
-1
-1
-1
-1
-1
-1
-1
-1
16
44
-1
-1
-1
-1
-1
-1
-1
105
-1
-1
-1
-1
-1
-1
-1
93
-1
-1
-1
53
17
82
-1
-1
-1
-1
-1
-1
96
30
15
-1
-1
-1
-1
-1
60
93
-1
-1
-1
49
16
-1
-1
-1
-1
-1
-1
-1
101
-1
23
-1
-1
-1
-1
-1
-1
173
-1
-1
-1
51
54
-1
-1
-1
-1
-1
-1
-1
75
-1
17
-1
-1
-1
-1
42
-1
-1
-1
-1
-1
82
50
-1
-1
-1
-1
-1
-1
-1
29
-1
-1
-1
-1
-1
-1
-1
31
69
-1
-1
62
24
48
-1
-1
-1
-1
-1
-1
-1
-1
-1
-1
-1
-1
-1
-1
-1
34
67
-1
-1
57
21
36
-1
-1
-1
-1
-1
-1
-1
-1
-1
-1
-1
-1
-1
10
-1
31
67
-1
-1
61
25
-1
-1
-1
-1
50
-1
-1
-1
-1
-1
-1
-1
-1
-1
-1
11
30
64
-1
-1
60
14
-1
-1
-1
-1
49
-1
-1
-1
-1
-1
-1
-1
-1
-1
-1
30
30
-1
-1
-1
57
24
-1
-1
-1
-1
38
-1
-1
-1
-1
-1
-1
-1
-1
-1
-1
31
32
-1
-1
-1
30
33
-1
-1
-1
27
15
-1
-1
-1
-1
-1
-1
-1
-1
7
-1
40
-1
-1
-1
-1
57
25
-1
-1
-1
41
-1
-1
-1
-1
-1
-1
-1
-1
-1
-1
-1
-1
-1
-1
80
-1
-1
32
-1
-1
-1
38
-1
-1
-1
-1
-1
-1
-1
-1
-1
-1
-1
-1
-1
-1
31
-1
6
-1
-1
-1
-1
20
-1
-1
-1
-1
-1
-1
-1
-1
-1
-1
-1
-1
-1
-1
50
-1
81
-1
-1
-1
-1
-1
-1
-1
-1
-1
-1
-1
-1
-1
1
-1
-1
-1
-1
-1
-1
-1
-1
-1
-1
-1
9
-1
-1
-1
-1
-1
-1
-1
-1
-1
1
-1
-1
-1
-1
-1
-1
-1
-1
-1
-1
-1
25
-1
-1
-1
-1
-1
-1
-1
-1
-1
-1
-1
-1
-1
-1
-1
-1
-1
-1
-1
-1
-1
21
-1
-1
-1
-1
-1
-1
-1
-1
-1
-1
-1
-1
-1
-1
-1
-1
-1
-1
-1
-1
-1
69
-1
-1
-1
-1
-1
-1
-1
-1
-1
-1
-1
-1
-1
-1
-1
-1
-1
-1
-1
-1
-1
-1
-1
-1
47
-1
-1
-1
-1
-1
14
-1
-1
-1
-1
-1
-1
-1
-1
-1
-1
-1
-1
-1
-1
-1
28
-1
-1
-1
-1
-1
62
-1
-1
-1
-1
-1
-1
-1
-1
-1
-1
-1
-1
-1
-1
55
-1
-1
-1
-1
-1
-1
48
-1
-1
-1
-1
-1
-1
-1
-1
-1
-1
-1
-1
-1
-1
263
-1
-1
-1
-1
-1
-1
47
-1
-1
-1
-1
-1
-1
-1
-1
-1
-1
-1
-1
-1
-1
-1
-1
-1
-1
-1
-1
-1
-1
-1
-1
-1
-1
-1
-1
-1
-1
-1
-1
-1
-1
-1
-1
-1
-1
-1
-1
-1
-1
31
-1
-1
-1
-1
-1
-1
-1
-1
-1
-1
-1
-1
-1
-1
-1
-1
-1
-1
-1
-1
-1
15
-1
-1
-1
-1
-1
-1
-1
-1
-1
-1
-1
-1
-1
-1
-1
-1
-1
-1
-1
-1
-1
-1
-1
-1
-1
-1
-1
-1
-1
-1
-1
-1
-1
-1
-1
-1
-1
-1
-1
-1
-1
-1
10
-1
-1
-1
-1
-1
-1
-1
-1
-1
-1
-1
-1
-1
-1
-1
-1
-1
-1
-1
-1
-1
-1
-1
-1
-1
-1
-1
-1
-1
-1
-1
-1
-1
-1
-1
-1
-1
-1
358
-1
-1
-1
2
-1
-1
-1
-1
-1
-1
-1
-1
-1
-1
-1
-1
59
-1
-1
-1
55
28
15
-1
-1
14
-1
-1
-1
-1
-1
-1
-1
-1
-1
-1
-1
-1
5
-1
-1
-1
61
29
16
-1
-1
32
-1
-1
-1
-1
-1
-1
-1
-1
-1
-1
-1
-1
3
-1
-1
-1
68
33
19
-1
-1
30
-1
-1
-1
-1
-1
-1
-1
-1
-1
-1
-1
57
-1
-1
-1
36
29
30
57
-1
-1
30
-1
-1
-1
-1
-1
-1
-1
-1
-1
-1
-1
64
-1
-1
-1
37
29
29
-1
-1
-1
55
-1
-1
-1
-1
-1
-1
-1
-1
-1
-1
-1
85
-1
-1
18
25
31
36
-1
90
-1
34
-1
-1
-1
-1
-1
-1
-1
-1
-1
-1
-1
68
-1
-1
22
23
33
29
9
62
-1
32
-1
-1
-1
-1
-1
-1
-1
-1
-1
-1
-1
-1
-1
-1
21
22
30
30
7
34
34
25
-1
-1
-1
-1
-1
-1
-1
-1
-1
-1
-1
-1
-1
-1
15
21
30
33
-1
32
30
-1
-1
-1
-1
-1
-1
-1
-1
-1
-1
148
-1
-1
-1
-1
15
24
29
24
-1
30
30
-1
-1
-1
-1
-1
-1
-1
44
-1
-1
35
-1
-1
-1
27
13
19
33
34
-1
30
-1
-1
-1
-1
-1
-1
-1
-1
32
-1
-1
31
-1
-1
-1
