7811
0
394
0
0
0
0
0
0
0
0
0
3301
0
3
0
0
0
0
2401
0
0
0
0
543
0
0
0
0
0
0
0
0
0
0
0
1
0
0
0
2599
3831
0
0
0
0
1319
0
0
0
0
0
0
0
0
0
0
0
0
0
0
0
3059
0
0
0
0
0
0
0
0
0
0
0
0
0
0
0
0
0
0
0
0
0
3658
0
0
0
0
0
0
0
0
0
0
0
0
0
0
0
0
0
0
0
0
2035
3818
0
0
0
0
0
0
0
0
0
0
0
0
0
0
0
0
0
0
0
0
2358
3847
0
0
0
0
0
0
0
0
0
0
0
0
0
0
0
0
0
0
0
-1500
2280
3833
0
0
0
0
0
0
207
0
0
0
0
0
0
0
0
0
0
0
0
-7227
3138
3793
0
0
0
0
530
2514
395
0
0
0
0
0
0
0
0
0
0
0
0
10515
0
0
0
0
0
0
534
1169
0
0
0
0
0
0
0
0
0
0
0
0
0
0
0
0
0
0
0
0
624
1250
0
0
0
0
0
0
0
294
0
0
0
0
0
0
0
0
0
0
0
0
541
0
0
0
0
0
0
0
0
564
0
0
0
0
0
0
3371
0
0
0
0
0
0
0
0
0
0
0
0
0
0
0
0
0
0
0
0
1939
0
0
0
0
0
0
0
0
0
0
0
0
0
0
0
238
0
0
0
0
0
2000
0
0
0
0
429
0
0
0
0
0
0
0
0
0
0
65
0
0
0
0
0
2094
0
0
0
0
391
0
0
0
0
0
0
0
0
0
0
0
0
0
0
0
0
2160
0
0
0
0
484
0
0
0
0
0
0
0
0
0
0
0
0
0
0
0
0
1983
0
0
0
0
0
0
0
0
0
0
0
0
0
0
0
0
0
0
0
0
0
0
0
0
0
0
0
0
0
0
0
0
0
0
0
0
0
0
0
0
0
0
0
0
0
0
0
0
0
0
0
0
0
0
0
0
0
0
0
0
0
0
0
0
311
0
0
0
0
0
0
0
0
0
0
0
0
0
129
129
0
0
0
0
0
0
536
0
0
0
0
0
0
0
0
0
0
0
0
0
296
296
0
0
0
0
0
0
0
0
0
0
0
0
0
0
0
0
0
0
0
0
338
338
0
0
0
0
0
0
0
0
0
0
0
0
0
0
0
0
0
0
0
0
0
0
0
0
0
0
0
0
0
0
0
0
0
0
0
0
0
0
0
0
0
0
0
0
0
0
0
0
0
0
0
0
0
0
0
0
0
0
0
0
0
0
0
0
0
0
0
0
0
0
0
0
0
0
0
0
0
0
0
0
0
0
0
0
0
0
0
0
0
0
0
0
0
0
0
0
0
0
0
0
0
0
0
0
1
1
0
0
0
0
0
0
0
0
0
0
0
0
0
276
0
0
0
0
0
0
5
6
0
0
0
0
0
0
0
0
0
12
0
0
0
209
0
0
0
0
0
0
4
1445
0
0
0
0
0
0
0
0
0
146
0
0
351
0
0
0
0
0
0
0
3
1401
0
0
0
0
0
0
0
0
40
231
0
0
362
0
0
0
0
0
0
0
3
1526
0
0
0
0
0
0
0
0
80
0
0
0
434
0
0
0
0
0
0
0
4
1645
0
0
0
0
0
0
0
0
316
0
0
0
402
0
0
0
0
0
0
176
178
2140
0
0
0
0
0
0
0
0
0
0
0
492
0
0
0
0
0
0
0
772
777
0
0
0
0
0
0
0
0
0
0
0
0
440
0
0
0
0
0
0
0
253
257
0
0
0
0
0
0
0
0
0
0
0
508
971
0
0
0
0
0
0
0
0
1
0
0
0
0
0
0
0
0
0
0
673
0
483
0
0
0
0
0
0
0
0
0
0
0
0
0
0
0
0
0
0
0
0
0
453
0
0
0
0
0
0
0
0
0
0
0
0
0
0
0
0
0
0
0
0
1213
0
0
0
0
0
0
0
0
0
0
0
0
0
0
0
0
0
0
0
0
0
0
0
0
0
0
0
0
0
0
0
0
0
0
0
0
0
0
0
0
0
0
0
0
510
0
0
0
0
0
0
0
0
0
0
0
0
0
0
0
0
0
0
0
0
554
815
0
0
0
0
0
0
0
0
0
0
0
0
0
0
0
0
0
0
0
0
549
0
0
0
0
0
0
0
0
0
0
0
0
0
0
0
0
0
0
0
0
513
0
0
0
0
0
0
0
0
0
0
0
0
0
0
0
0
0
0
0
0
0
0
0
0
0
0
0
0
0
0
0
0
0
0
0
0
0
0
0
0
0
0
0
0
0
0
0
0
0
0
0
0
0
0
0
0
0
0
0
0
0
0
0
0
0
0
0
0
0
0
0
0
0
0
0
0
0
0
0
0
0
0
0
0
0
0
0
0
0
0
0
0
0
0
0
0
0
0
0
0
0
0
0
0
0
0
0
0
0
0
0
0
0
0
0
0
0
0
-1114
0
0
0
0
0
0
0
0
0
0
0
0
0
0
0
0
0
0
0
0
0
-5174
0
0
0
0
0
0
0
0
0
0
0
0
0
0
0
0
1
1
0
0
0
8855
0
0
0
0
0
0
0
0
0
0
0
0
0
0
0
0
0
0
0
0
1800
0
0
0
0
0
0
0
0
0
0
0
0
0
0
0
0
0
0
0
0
0
2486
0
0
0
0
0
0
0
0
0
0
0
0
0
0
0
0
0
0
0
0
671
0
0
0
0
0
0
0
0
0
0
0
0
0
0
0
0
0
0
0
0
0
0
0
0
0
0
0
0
0
0
0
0
0
0
0
0
0
0
0
0
0
0
0
0
0
0
0
0
0
0
0
0
0
0
0
0
0
0
0
0
0
0
0
0
0
0
-7441
-6979
0
0
0
0
0
0
0
0
0
0
0
0
0
0
0
0
0
0
0
-5457
-7127
-7052
0
0
0
0
0
0
0
0
0
0
0
0
0
0
0
0
0
0
0
-4039
-7549
-6775
0
0
0
0
0
0
0
0
0
0
0
0
0
0
0
0
0
0
0
12668
27616
23639
0
0
0
0
0
0
0
0
0
0
0
0
0
0
0
0
0
0
0
474
0
0
0
0
25
0
0
0
0
0
0
0
0
0
0
0
0
0
0
0
1530
2245
0
0
0
0
0
0
0
0
0
0
0
0
0
0
0
0
0
40
0
0
2605
0
0
0
0
43
0
0
0
0
0
0
0
0
0
0
2
2
0
0
0
0
2497
0
0
0
0
74
0
0
0
0
0
0
0
0
0
1
6
30
0
0
0
0
2377
0
0
0
0
222
0
0
0
0
0
0
0
0
0
4
13
118
0
0
0
1723
0
0
0
0
0
0
0
0
0
0
0
0
0
0
0
3
73
128
0
0
0
1459
0
0
0
0
214
0
0
0
0
0
0
0
0
0
0
5
544
544
0
0
0
0
0
0
0
0
0
0
0
0
0
0
0
0
0
0
0
2
422
422
0
0
289
0
0
0
0
0
0
0
0
0
0
0
0
0
0
0
0
0
0
0
0
0
2383
0
0
0
0
0
0
0
0
0
0
0
0
0
0
0
-561
4
0
0
0
0
2596
0
0
0
-5676
0
0
0
0
0
0
0
0
0
0
0
535
17
0
0
0
0
2042
0
0
0
