430
0
0
0
0
0
0
0
4095
0
0
0
0
0
0
4095
636
1901
4095
2252
0
1447
0
0
0
0
0
0
0
0
0
0
0
0
0
0
0
4095
836
1612
4095
1448
0
1356
0
0
0
0
0
0
0
2387
0
0
0
0
0
0
0
4095
732
1643
0
0
0
1155
0
0
0
0
0
0
0
3300
0
0
0
0
0
0
0
4095
673
1836
0
0
0
1796
0
0
0
0
0
0
0
3086
0
0
0
0
0
0
0
4095
829
2287
0
0
0
0
0
0
0
0
0
0
0
1300
1766
0
0
0
0
0
0
4095
697
2814
0
0
0
0
0
0
0
0
0
0
0
1882
1794
0
0
0
0
0
4095
456
737
3542
0
0
0
0
0
0
0
0
0
0
0
2072
1349
0
0
0
0
0
4095
474
660
3627
0
0
0
0
0
0
0
0
0
0
0
2615
0
0
0
0
0
0
4095
555
713
1553
0
0
0
0
0
0
0
0
0
0
0
2880
0
0
0
0
0
0
4095
450
802
2474
0
0
0
0
0
0
0
0
0
0
1183
298
0
0
0
4095
0
2955
1931
462
879
0
0
0
2343
0
0
0
0
0
0
0
1271
0
0
0
0
4095
0
3613
1556
585
1383
0
0
0
796
0
0
0
0
0
0
0
1317
0
0
0
0
4095
0
2981
1699
471
1006
0
1586
0
853
0
0
0
0
0
0
0
425
0
0
0
0
0
0
4095
1902
568
618
0
1096
0
0
0
0
0
0
0
0
0
0
0
0
0
0
0
0
4095
1543
457
931
0
926
0
0
0
0
0
0
0
0
0
63
0
0
0
0
0
4095
3633
1612
441
0
404
514
0
0
0
0
0
0
0
0
0
421
0
0
0
0
0
4095
3049
1875
800
0
361
512
0
0
0
0
0
0
0
0
0
429
0
0
0
0
0
4095
3181
1650
417
0
225
105
0
0
0
0
0
0
0
0
0
0
0
0
0
0
0
4095
2993
1603
0
267
225
17
0
0
0
0
0
0
0
0
0
0
0
0
0
0
3730
4069
3581
1631
0
298
336
0
0
0
0
0
0
0
0
0
0
0
0
0
0
0
1156
4095
2970
1531
0
269
178
0
0
0
0
0
0
0
0
0
0
0
0
0
0
0
1150
4095
3112
1482
0
333
70
0
0
0
0
0
0
0
0
0
0
0
0
0
0
0
1156
4095
3003
124
0
306
8
0
0
0
0
0
0
0
0
822
0
0
0
0
0
0
1144
4095
2787
156
0
186
5
0
0
0
0
0
0
0
0
1231
0
0
0
0
0
0
1166
4095
1416
0
0
180
62
0
0
0
0
0
1024
0
0
0
0
0
0
0
0
0
4095
4095
1720
0
8
135
53
0
0
0
0
0
1576
0
0
0
0
0
0
0
0
8
4095
0
398
0
143
312
0
0
0
0
0
0
2138
0
0
0
0
0
0
0
0
0
4095
0
650
0
21
468
0
0
0
0
0
0
1731
206
0
0
0
0
0
0
0
0
4095
0
0
21
121
951
0
0
0
0
0
0
3602
167
0
0
0
0
0
0
0
0
2072
0
0
332
120
0
0
0
0
0
0
0
3133
163
0
0
0
0
0
0
0
0
2126
0
0
329
93
0
0
0
0
0
0
0
3112
0
0
0
0
0
0
0
0
0
0
0
0
548
1
0
0
0
0
0
0
0
3377
0
0
0
0
0
0
0
0
0
0
0
0
841
0
0
0
0
0
0
0
0
3542
131
0
0
0
0
0
0
2557
0
0
0
824
147
1
0
0
0
0
0
0
3608
273
320
0
0
0
0
0
0
2587
0
0
0
850
173
0
0
0
0
0
0
0
3429
0
222
0
0
0
0
1031
0
3629
0
0
0
831
139
0
0
0
0
0
0
0
3097
71
0
0
0
0
0
700
0
0
0
0
1046
345
127
0
0
0
0
0
0
0
2487
390
0
0
0
0
0
0
629
1702
0
0
1024
172
81
0
0
0
0
0
0
0
0
348
0
0
0
0
62
0
1140
1592
0
0
699
47
120
0
0
0
0
0
0
0
0
0
0
0
0
0
0
0
1164
1089
0
0
765
10
0
0
0
0
0
0
0
0
0
0
0
0
0
0
0
1094
1118
1733
0
0
961
5
0
0
0
0
19
0
0
0
0
0
0
0
0
0
0
1159
465
0
0
0
706
28
0
0
0
0
11
0
0
0
0
0
0
0
0
33
0
1862
0
0
0
0
674
551
0
0
0
0
0
0
0
0
0
0
0
0
0
28
0
0
0
0
1797
0
23
415
0
0
0
101
0
0
0
0
0
0
0
0
0
150
0
0
0
0
724
0
20
0
0
0
0
89
0
0
0
0
0
0
0
0
0
0
0
0
0
0
816
0
0
0
0
0
0
105
0
0
0
0
0
0
0
0
32
0
0
0
0
390
0
0
0
0
0
0
0
21
0
0
0
0
0
0
0
0
0
0
0
0
0
0
0
0
0
0
0
0
12
0
0
0
0
0
0
0
0
0
0
0
0
0
0
0
0
0
0
0
0
0
17
0
0
0
0
0
0
0
0
0
0
0
0
0
0
0
0
0
0
0
0
0
10
0
0
0
0
0
0
0
0
0
0
0
0
0
0
0
0
0
0
0
0
0
0
0
0
0
0
0
0
0
0
52
0
0
0
0
0
0
0
0
0
0
0
0
0
0
0
0
0
0
0
0
0
92
0
0
0
0
0
0
0
0
0
0
0
0
0
0
0
4095
0
0
0
0
0
178
0
0
0
0
0
0
0
0
0
0
0
0
0
0
4095
0
0
0
0
0
0
85
0
0
0
0
0
0
0
0
0
0
0
0
0
0
4095
0
0
0
0
0
0
0
0
0
0
0
0
0
0
0
0
0
0
0
0
0
4095
0
0
0
0
0
127
0
0
0
0
0
0
0
0
0
0
0
0
0
0
0
0
0
0
0
0
0
43
0
0
0
0
0
0
0
0
0
0
0
0
0
0
0
0
0
0
0
0
0
0
0
0
0
0
0
0
0
0
0
0
0
0
0
0
0
0
0
0
0
0
107
0
0
0
0
0
0
0
0
0
0
0
0
0
0
0
0
0
0
0
0
0
0
0
0
0
0
0
0
0
0
0
0
0
0
0
0
0
0
0
0
0
0
0
0
0
0
0
0
0
0
0
0
0
0
0
0
0
0
0
0
0
0
0
0
131
0
0
0
0
0
0
0
0
0
0
0
0
2061
0
0
0
4095
4095
0
0
0
53
0
0
0
0
0
0
0
0
0
0
0
0
2668
0
0
0
4095
1278
626
0
0
64
0
0
0
0
0
0
0
0
0
0
0
54
2664
0
0
0
4095
1144
566
0
0
267
0
0
0
0
0
0
0
0
0
0
0
80
0
0
0
4095
4095
1120
313
0
0
1776
0
0
0
0
0
0
0
0
0
0
100
66
0
0
0
4095
4095
1143
0
0
0
2341
0
0
0
0
0
0
0
0
0
0
728
29
0
0
3846
1727
4095
1144
0
0
0
1128
0
0
0
0
0
0
0
0
0
0
583
0
0
0
2189
1979
4095
4095
0
1189
1430
1248
0
0
0
0
0
0
0
0
0
0
55
0
0
0
2432
1643
4095
4095
60
1259
1218
0
0
0
0
0
0
0
0
0
0
0
0
0
0
0
2319
1610
4095
4095
0
2636
1231
0
0
0
0
0
0
0
0
0
0
103
0
0
0
1469
742
1611
4095
4095
0
0
1174
