98
-1
39
-1
-1
-1
-1
-1
-1
-1
130
-1
-1
-1
3
-1
-1
-1
26
15
24
46
-1
-1
49
-1
-1
-1
-1
-1
-1
-1
48
-1
-1
56
-1
-1
-1
-1
23
18
23
-1
-1
-1
96
-1
-1
-1
-1
-1
-1
-1
60
-1
-1
-1
-1
-1
-1
-1
36
18
22
-1
-1
-1
-1
-1
-1
-1
-1
-1
-1
-1
60
-1
-1
-1
-1
-1
-1
-1
49
21
60
-1
-1
-1
-1
-1
-1
-1
-1
-1
-1
-1
43
33
-1
-1
-1
-1
-1
41
5
18
83
-1
-1
-1
-1
-1
-1
-1
-1
-1
-1
-1
56
33
-1
-1
-1
-1
-1
55
5
18
111
-1
-1
-1
-1
-1
-1
-1
-1
-1
-1
-1
56
24
-1
-1
-1
-1
-1
73
6
21
110
-1
-1
-1
-1
-1
-1
-1
-1
-1
-1
-1
54
-1
-1
-1
-1
-1
-1
66
5
18
84
-1
-1
-1
-1
-1
-1
-1
-1
-1
-1
26
30
-1
-1
-1
-1
-1
-1
67
6
17
132
-1
-1
132
-1
-1
-1
-1
-1
-1
-1
23
6
-1
-1
-1
85
-1
22
14
5
21
-1
-1
-1
104
-1
-1
-1
-1
-1
-1
-1
23
-1
-1
-1
-1
57
-1
25
10
5
42
-1
-1
-1
174
-1
-1
-1
-1
-1
-1
-1
24
-1
-1
-1
-1
107
-1
22
9
6
40
-1
-1
-1
-1
-1
-1
-1
-1
-1
-1
-1
3
-1
-1
-1
-1
-1
-1
51
8
5
55
-1
84
-1
-1
-1
-1
-1
-1
-1
-1
-1
-1
-1
-1
-1
-1
-1
-1
50
7
5
-1
21
79
-1
-1
-1
-1
-1
-1
-1
-1
-1
8
-1
-1
-1
-1
-1
54
17
8
21
-1
23
-1
-1
-1
-1
-1
-1
-1
-1
-1
-1
24
-1
-1
-1
-1
-1
55
20
8
23
-1
64
-1
-1
-1
-1
-1
-1
-1
-1
-1
-1
22
-1
-1
-1
-1
-1
50
18
7
15
-1
22
9
-1
-1
-1
-1
-1
-1
-1
-1
-1
-1
-1
-1
-1
-1
-1
47
17
8
-1
15
22
-1
-1
-1
-1
-1
-1
-1
-1
-1
-1
-1
-1
-1
-1
-1
30
27
19
9
-1
18
22
-1
-1
-1
-1
-1
-1
-1
-1
-1
-1
-1
-1
-1
-1
-1
5
27
19
7
-1
16
25
-1
-1
-1
-1
-1
-1
-1
-1
-1
-1
-1
-1
-1
-1
-1
32
28
18
8
-1
17
16
-1
-1
-1
-1
-1
-1
-1
-1
-1
-1
-1
-1
-1
-1
-1
35
30
18
-1
-1
17
21
-1
-1
-1
-1
-1
-1
-1
-1
2
-1
-1
-1
-1
-1
-1
45
27
20
-1
-1
16
11
-1
-1
-1
-1
-1
-1
-1
-1
3
-1
-1
-1
-1
-1
-1
45
28
18
-1
-1
15
-1
-1
-1
-1
-1
-1
2
-1
-1
-1
-1
-1
-1
-1
-1
15
30
28
18
-1
6
16
17
-1
-1
-1
-1
-1
17
-1
-1
-1
-1
-1
-1
-1
-1
23
33
22
19
-1
4
15
-1
-1
-1
-1
-1
-1
29
-1
-1
-1
-1
-1
-1
-1
-1
23
31
-1
39
-1
2
34
-1
-1
-1
-1
-1
-1
31
3
-1
-1
-1
-1
-1
-1
-1
-1
30
-1
-1
-1
6
58
-1
-1
-1
-1
-1
49
25
2
-1
-1
-1
-1
-1
-1
-1
-1
42
-1
-1
18
5
-1
-1
-1
-1
-1
-1
72
30
2
-1
-1
-1
-1
-1
-1
-1
15
102
-1
-1
31
28
-1
-1
-1
-1
-1
-1
185
25
-1
-1
-1
-1
-1
-1
-1
-1
34
-1
-1
-1
26
25
-1
-1
-1
-1
-1
-1
-1
25
-1
-1
-1
-1
-1
-1
-1
-1
-1
-1
-1
-1
56
21
-1
-1
-1
-1
-1
-1
90
25
15
-1
-1
-1
-1
-1
-1
162
-1
-1
-1
47
10
35
-1
-1
-1
-1
-1
-1
90
5
17
-1
-1
-1
-1
-1
-1
122
-1
-1
-1
52
10
-1
-1
-1
-1
-1
-1
-1
97
-1
10
-1
-1
-1
-1
41
-1
157
-1
-1
-1
48
32
-1
-1
-1
-1
-1
-1
-1
117
8
-1
-1
-1
-1
-1
30
-1
-1
-1
-1
63
19
37
-1
-1
-1
-1
-1
-1
82
-1
20
-1
-1
-1
-1
-1
30
-1
63
-1
-1
58
24
31
-1
-1
-1
-1
-1
-1
34
-1
20
-1
-1
-1
-1
10
-1
30
67
-1
-1
62
21
69
-1
-1
-1
-1
-1
-1
-1
-1
-1
-1
-1
-1
-1
-1
-1
34
101
-1
-1
59
22
-1
-1
-1
-1
-1
-1
-1
-1
-1
-1
-1
-1
-1
-1
-1
33
32
-1
-1
-1
62
46
-1
-1
-1
-1
23
-1
-1
-1
-1
-1
-1
-1
-1
3
-1
32
65
-1
-1
-1
51
52
-1
-1
-1
-1
-1
-1
-1
-1
-1
-1
-1
-1
-1
5
-1
30
-1
-1
-1
-1
78
72
-1
-1
-1
48
-1
-1
-1
-1
-1
-1
-1
-1
-1
-1
-1
28
-1
-1
-1
-1
46
-1
-1
-1
-1
63
-1
-1
-1
-1
-1
-1
-1
-1
-1
-1
-1
-1
-1
-1
77
-1
29
-1
-1
-1
-1
44
-1
-1
-1
-1
-1
-1
-1
-1
-1
-1
-1
-1
-1
-1
57
-1
26
-1
-1
-1
-1
34
-1
-1
-1
-1
-1
-1
-1
-1
5
-1
-1
-1
-1
12
-1
-1
97
-1
-1
-1
8
-1
-1
-1
-1
-1
-1
-1
-1
-1
-1
-1
-1
-1
-1
56
-1
-1
-1
-1
-1
-1
12
-1
-1
-1
-1
-1
-1
-1
-1
-1
-1
-1
-1
-1
-1
-1
-1
-1
-1
-1
-1
-1
9
-1
-1
-1
-1
-1
-1
-1
-1
-1
-1
-1
-1
-1
-1
-1
-1
-1
-1
-1
-1
-1
17
-1
-1
-1
-1
-1
-1
-1
-1
-1
-1
-1
-1
-1
-1
-1
-1
-1
-1
-1
-1
-1
39
-1
-1
-1
-1
-1
-1
-1
-1
1
-1
-1
-1
-1
-1
-1
-1
-1
-1
-1
-1
-1
-1
-1
-1
-1
-1
-1
-1
-1
-1
27
-1
-1
-1
-1
-1
-1
-1
-1
-1
-1
-1
-1
-1
-1
-1
-1
-1
-1
-1
-1
-1
33
-1
-1
-1
-1
-1
-1
-1
-1
-1
-1
-1
-1
-1
-1
93
-1
-1
-1
-1
-1
-1
49
-1
-1
-1
-1
-1
-1
-1
-1
-1
-1
-1
-1
-1
-1
79
-1
-1
-1
-1
-1
3
-1
-1
-1
-1
-1
-1
-1
-1
-1
-1
-1
-1
-1
-1
-1
298
-1
-1
-1
-1
-1
28
-1
-1
-1
-1
-1
-1
-1
-1
-1
-1
-1
-1
-1
-1
-1
-1
-1
-1
-1
-1
-1
24
-1
-1
-1
-1
-1
-1
-1
-1
-1
-1
-1
-1
-1
-1
-1
-1
-1
-1
-1
-1
-1
-1
-1
-1
-1
-1
-1
-1
-1
-1
-1
-1
-1
-1
-1
-1
-1
-1
-1
-1
-1
-1
9
-1
-1
-1
-1
-1
-1
-1
-1
-1
-1
-1
-1
-1
-1
-1
-1
-1
-1
-1
-1
-1
-1
-1
-1
-1
-1
-1
-1
-1
-1
-1
-1
-1
-1
-1
-1
-1
-1
-1
-1
-1
-1
-1
-1
-1
-1
-1
-1
-1
-1
-1
-1
-1
-1
-1
129
-1
-1
-1
-1
-1
-1
-1
-1
13
-1
-1
-1
-1
-1
-1
-1
-1
-1
-1
-1
-1
11
-1
-1
-1
191
141
-1
-1
-1
9
-1
-1
-1
-1
-1
-1
-1
-1
-1
-1
-1
-1
7
-1
-1
-1
47
52
-1
-1
-1
24
-1
-1
-1
-1
-1
-1
-1
-1
-1
-1
-1
23
-1
-1
-1
29
29
34
68
-1
-1
33
-1
-1
-1
-1
-1
-1
-1
-1
-1
-1
-1
28
-1
-1
-1
26
29
30
-1
-1
-1
48
-1
-1
-1
-1
-1
-1
-1
-1
-1
-1
25
22
-1
-1
-1
26
29
30
-1
-1
-1
61
-1
-1
-1
-1
-1
-1
-1
-1
-1
-1
70
4
-1
-1
14
21
32
44
-1
106
30
60
-1
-1
-1
-1
-1
-1
-1
-1
-1
-1
73
-1
-1
-1
14
20
30
27
-1
68
30
-1
-1
-1
-1
-1
-1
-1
-1
-1
-1
-1
82
-1
-1
-1
12
28
28
27
-1
80
37
-1
-1
-1
-1
-1
-1
-1
-1
-1
-1
-1
56
-1
-1
5
9
25
28
30
-1
-1
34
-1
-1
-1
-1
-1
-1
-1
-1
-1
-1
40
-1
-1
-1
13
12
23
28
30
-1
35
13
-1
-1
-1
-1
-1
-1
-1
-1
-1
-1
5
-1
-1
-1
23
11
27
32
7
