0
0
0
0
0
1373
7
3
0
0
0
0
2568
0
0
0
0
0
914
444
0
0
0
0
0
0
0
0
0
2
0
0
0
2189
3265
0
0
0
0
0
0
0
0
0
0
0
0
0
0
0
0
2
0
0
0
3763
0
0
0
0
0
650
0
0
0
0
0
0
0
0
0
0
0
0
0
0
0
3928
0
0
0
0
0
609
0
0
0
0
0
0
0
0
0
0
0
0
0
0
0
3946
0
0
0
0
0
1807
0
0
0
0
0
0
0
0
0
0
1531
0
0
0
2667
4041
0
0
0
0
0
0
0
0
0
0
0
0
0
0
0
0
0
0
0
0
2903
4001
0
0
0
0
0
0
0
0
0
0
0
0
0
110
0
0
0
0
0
-2458
3103
4030
0
0
0
0
0
0
0
0
0
0
0
0
0
153
0
0
0
0
0
-6743
3533
0
0
0
0
0
0
0
0
0
0
0
0
0
0
105
0
0
0
0
0
11263
0
0
0
0
0
0
0
0
0
0
0
0
0
0
0
111
0
0
0
0
0
0
0
0
0
0
0
0
0
641
176
0
0
0
0
0
0
124
0
0
0
0
0
0
0
0
0
0
0
0
540
1244
354
0
0
0
0
0
0
0
0
0
0
0
0
0
0
0
0
0
0
0
537
0
0
0
0
0
0
0
0
0
0
0
0
0
0
0
0
0
0
0
0
517
0
0
0
0
0
0
0
0
0
0
0
0
0
0
0
2935
0
0
0
0
0
0
0
0
0
0
0
0
0
0
0
0
0
0
0
0
0
2893
0
0
0
0
0
0
0
0
0
0
0
0
0
0
0
0
0
0
0
0
2037
0
0
0
0
0
0
0
0
0
0
0
0
0
0
0
0
0
0
0
0
0
2081
0
0
0
0
0
0
0
0
0
0
0
0
0
0
0
0
0
0
0
0
0
2782
0
0
0
0
0
0
0
0
0
0
0
0
0
0
0
0
0
0
0
0
0
2759
0
0
0
0
0
0
0
0
0
0
0
0
0
0
0
0
0
0
0
0
0
1893
0
0
0
0
0
0
0
0
0
0
0
0
0
0
0
0
0
0
0
0
0
0
0
0
0
0
0
0
0
0
0
0
0
0
0
0
0
0
0
0
0
0
0
0
0
0
0
0
0
0
0
0
0
0
0
0
0
0
0
0
0
0
0
0
0
0
0
0
0
0
0
0
0
0
0
0
0
0
0
0
0
0
0
0
0
0
0
0
0
0
0
0
0
0
0
0
0
0
0
0
0
0
0
0
0
0
0
0
0
0
0
0
0
0
0
0
0
0
0
0
0
0
225
0
0
0
0
0
0
0
0
0
0
0
0
0
0
0
0
0
0
0
0
0
0
0
0
0
0
0
0
0
0
0
0
0
0
0
0
0
0
0
0
0
0
0
0
0
0
0
0
0
0
0
3
0
0
0
0
0
0
0
0
0
0
1
1
0
0
0
0
0
0
0
0
0
8
0
0
0
283
0
0
0
0
0
0
3
3
0
0
0
0
0
0
0
0
0
207
0
0
360
0
0
0
0
0
0
0
6
1713
0
0
0
0
0
0
0
0
43
508
0
0
400
0
0
0
0
0
0
2
6
1696
0
0
0
0
0
0
0
0
0
0
0
0
445
0
0
0
0
0
0
11
15
1704
0
0
0
0
0
0
0
0
94
0
0
494
939
0
0
0
0
0
0
8
11
1665
0
0
0
0
0
0
0
20
349
187
0
510
0
0
0
0
0
0
0
104
110
1886
0
0
0
0
0
0
0
0
0
0
0
617
0
0
0
0
0
0
0
576
580
0
0
0
0
0
0
0
0
0
0
0
0
487
0
0
0
0
0
0
22
338
344
0
0
0
0
0
0
0
0
0
0
0
611
1118
0
0
0
0
0
0
117
117
118
0
0
0
0
0
0
0
0
0
0
0
536
0
0
0
0
0
0
0
47
48
48
0
0
0
0
0
0
0
0
0
0
0
531
0
0
0
0
0
0
0
0
0
0
0
0
0
0
0
0
0
0
0
0
0
551
0
0
0
0
0
0
0
0
0
0
0
0
0
0
0
0
0
0
0
0
0
541
0
0
0
0
0
0
0
0
0
0
0
0
0
0
0
0
0
0
0
0
0
558
0
0
0
0
0
0
0
0
0
0
0
0
0
0
0
0
0
0
0
0
0
617
0
0
0
0
0
0
0
0
0
0
0
0
0
0
0
0
0
0
0
0
593
0
0
0
0
0
0
0
0
0
0
0
0
0
0
0
0
0
0
0
0
0
0
0
0
0
0
0
0
0
0
0
0
0
0
0
0
0
0
0
0
0
0
0
0
0
0
0
0
0
0
0
0
0
0
0
0
0
0
0
0
0
0
0
0
0
0
0
0
0
0
0
0
0
0
0
0
0
0
0
0
0
0
0
0
0
0
0
0
0
0
0
0
0
0
0
0
0
0
0
0
0
0
0
0
0
0
0
0
0
0
0
0
0
0
0
0
0
0
0
0
0
0
0
0
0
0
0
0
0
0
0
0
0
0
0
0
0
0
0
0
-1116
0
0
0
0
0
0
0
0
0
0
0
0
0
0
0
0
0
0
0
0
0
-5170
0
0
0
0
0
0
0
0
0
0
0
0
0
0
0
0
0
0
0
0
0
8790
0
0
0
0
0
0
0
0
0
0
0
0
0
0
0
0
0
0
0
0
2184
0
0
0
0
0
0
0
0
0
0
0
0
0
0
0
0
0
0
0
0
0
2237
0
0
0
0
0
0
0
0
0
0
0
0
0
0
0
0
0
0
0
0
509
0
0
0
0
0
0
0
0
0
0
0
0
0
0
0
0
0
0
0
0
181
1824
0
0
0
0
0
0
0
0
0
0
0
0
0
0
0
0
0
0
0
0
0
0
0
0
0
0
0
0
0
0
0
0
0
0
0
0
0
0
0
0
0
0
0
0
0
0
0
0
0
0
0
0
0
0
0
0
0
0
0
0
0
0
0
0
0
0
0
0
0
0
0
0
0
0
0
0
0
0
0
0
0
0
0
0
0
0
-3637
-8360
-8589
0
0
0
0
0
0
0
0
0
0
0
0
0
0
0
0
0
0
0
-3892
-7491
-7699
-415
0
0
0
0
0
0
0
0
0
0
0
0
0
0
0
0
0
0
9059
19855
17970
440
0
0
0
0
0
0
0
0
0
0
0
0
0
0
0
0
0
0
1597
0
0
0
0
0
0
0
0
0
0
0
0
0
0
0
0
0
0
0
0
0
1774
0
0
0
0
36
0
0
0
0
0
0
0
0
0
0
0
0
0
0
0
0
1218
0
0
0
0
63
0
0
0
0
0
0
0
0
0
2
2
2
0
0
0
874
0
0
0
0
0
182
0
0
0
0
0
0
0
0
0
4
4
4
0
0
0
1774
0
0
0
0
0
1201
0
0
0
0
0
0
0
0
0
2
758
758
0
0
0
2448
0
0
0
0
0
1050
0
0
0
0
0
0
0
0
0
1
468
468
0
0
2142
0
0
0
0
0
171
0
0
0
0
0
0
0
0
0
1
0
0
0
0
0
3282
0
0
0
0
0
0
0
0
0
0
0
0
0
0
0
1
3
0
0
0
0
2930
0
0
0
0
0
0
0
0
0
0
