1892
4095
1598
0
935
0
0
0
0
0
0
0
0
4095
0
0
2
0
0
0
4095
944
1722
4095
0
0
1229
0
0
0
0
0
0
0
275
4095
0
0
0
0
0
0
4095
851
1738
0
0
0
2865
0
0
0
0
0
0
0
1458
0
0
0
0
0
0
0
4018
705
2534
0
0
0
0
0
0
0
0
0
0
0
1493
3398
0
0
0
0
0
0
4095
828
2548
0
0
0
0
0
0
0
0
0
0
0
1557
3148
0
0
0
0
0
0
4095
846
3265
0
0
0
0
0
0
0
0
0
0
0
1528
1599
0
0
0
0
0
4095
554
800
3341
0
0
0
0
0
0
0
0
0
0
0
1520
1605
0
0
0
0
0
4095
460
715
2334
0
0
0
0
0
0
0
0
0
0
0
1481
0
0
0
0
4095
0
1390
461
736
1438
0
0
0
0
0
0
0
0
0
0
0
1702
0
0
0
0
4095
0
1455
537
869
1171
0
0
2623
0
0
0
0
0
0
0
0
835
0
0
0
4095
0
0
4095
458
724
0
0
0
921
0
0
0
0
0
0
0
103
0
0
0
0
4095
0
3313
1454
549
641
0
1939
0
882
0
0
0
0
0
0
0
103
0
0
0
0
4095
0
3108
1859
472
832
0
1428
0
0
0
0
0
0
0
0
0
122
329
0
0
0
0
0
4095
1543
463
0
0
1009
0
0
0
0
0
0
0
0
0
0
406
0
0
0
0
0
4095
1503
554
0
378
434
0
0
0
0
0
0
0
0
0
0
0
0
0
0
0
4095
3460
1791
435
0
327
567
0
0
0
0
0
0
0
0
0
258
0
0
0
0
0
4095
2909
1549
475
0
379
153
0
0
0
0
0
0
0
0
0
267
0
0
0
0
0
4095
2899
1510
490
0
369
16
0
0
0
0
0
0
0
0
0
230
0
0
0
0
0
4095
3045
1917
0
0
377
8
0
0
0
0
0
0
0
0
0
0
0
0
0
0
4095
3666
3507
1527
0
16
196
0
0
0
0
0
0
0
0
0
0
0
0
0
0
0
1193
4095
2859
1623
0
49
121
0
0
0
0
0
0
0
0
0
0
0
0
0
0
0
1212
3527
2909
1897
0
123
22
0
0
0
0
0
0
0
0
0
0
0
0
0
0
0
1101
3780
2980
885
0
270
10
0
0
0
0
0
0
0
0
0
0
0
0
0
0
0
1143
4095
3511
275
0
59
51
0
0
0
0
0
0
0
0
1508
0
0
0
0
0
0
1138
4095
1543
584
0
278
108
0
0
0
0
0
1361
0
0
0
0
0
0
0
0
0
4095
4095
1524
0
0
113
0
0
0
0
0
0
1810
0
0
0
0
0
0
0
0
0
4095
0
1048
0
61
195
0
0
0
0
0
0
2957
0
0
0
0
0
0
0
0
0
4095
0
1164
0
98
477
0
0
0
0
0
0
1931
1289
0
0
0
0
0
0
0
0
4095
0
0
271
47
914
0
0
0
0
0
0
3165
1433
0
0
0
0
0
0
0
0
3387
0
0
679
95
0
0
0
0
0
0
0
3555
1378
0
0
0
0
0
0
0
0
2307
0
0
613
294
0
0
0
0
0
0
0
3399
476
0
0
0
0
0
0
0
0
0
0
0
704
47
0
0
0
0
0
0
0
3378
0
0
0
0
0
0
0
0
0
0
0
0
1168
0
0
0
0
0
0
0
0
3665
26
0
0
0
0
0
0
2403
0
0
0
913
70
0
0
0
0
0
0
0
2198
726
405
0
0
0
0
0
0
2723
0
0
0
942
197
0
0
0
0
0
0
0
2081
0
372
0
0
0
0
914
0
4095
0
0
0
752
137
0
0
0
0
0
0
0
1801
0
0
0
0
0
0
935
0
0
0
0
1026
310
146
0
0
0
0
0
0
0
54
0
0
0
0
0
0
0
1026
1894
0
0
1073
285
85
0
0
0
0
0
0
0
0
0
0
0
0
0
33
0
1142
1848
0
0
1089
85
164
0
0
0
0
0
0
0
0
90
0
0
0
0
36
0
1126
1387
0
0
943
10
0
0
0
0
36
0
0
0
0
0
0
0
0
0
0
948
1137
1170
0
0
820
5
0
0
0
0
52
0
0
0
0
0
0
0
0
0
0
1231
678
0
0
0
744
6
0
0
0
0
58
0
0
0
0
0
0
0
0
30
0
2119
0
0
0
0
620
288
0
0
0
63
35
0
0
0
0
0
0
0
0
0
0
0
0
0
1652
0
47
649
0
0
0
79
0
0
0
0
0
0
0
0
0
0
0
0
0
0
436
0
35
0
0
0
0
67
0
0
0
0
0
0
0
0
0
0
0
0
0
0
992
0
0
0
0
0
0
27
0
0
0
0
0
0
0
0
0
0
0
0
0
0
0
0
0
0
0
0
0
0
0
0
0
0
0
0
0
0
21
0
0
0
0
0
0
0
0
0
0
0
0
0
0
0
0
0
0
0
0
0
0
0
0
0
0
0
0
0
0
0
0
0
0
0
0
0
0
0
0
0
0
0
0
0
0
0
0
0
0
0
0
0
0
0
0
0
0
0
0
0
0
0
0
0
2
0
0
0
0
0
0
0
0
0
0
0
0
0
0
0
0
0
0
0
0
0
0
0
0
0
0
0
0
0
0
0
0
0
0
0
0
4095
0
0
0
0
0
151
0
0
0
0
0
0
0
0
0
0
0
0
0
0
4095
0
0
0
0
0
0
174
0
0
0
0
0
0
0
0
0
0
0
0
0
0
4095
0
0
0
0
0
0
62
0
0
0
0
0
0
0
0
0
0
0
0
0
0
4095
0
0
0
0
0
0
77
0
0
0
0
0
0
0
0
0
0
0
0
0
0
0
0
0
0
0
0
89
0
0
0
0
0
0
0
0
0
0
0
0
0
0
0
0
0
0
0
0
0
46
0
0
0
0
0
0
0
0
0
0
0
0
0
0
0
0
0
0
0
0
0
12
0
0
0
0
0
0
0
0
0
0
0
0
0
0
0
0
0
0
0
0
44
0
0
0
0
0
0
0
0
0
0
0
0
0
0
0
0
0
0
0
0
0
46
0
0
0
0
0
0
0
0
0
0
0
0
0
0
0
0
0
0
0
0
0
0
0
0
0
0
0
0
0
0
0
0
0
16
0
0
0
4095
4095
0
0
0
117
0
0
0
0
0
0
0
0
0
0
0
0
21
0
0
0
4095
1193
564
0
0
42
0
0
0
0
0
0
0
0
0
0
0
0
14
0
0
0
4095
1183
561
0
0
72
77
0
0
0
0
0
0
0
0
0
0
56
1
0
0
0
4095
1098
143
0
0
67
0
0
0
0
0
0
0
0
0
0
0
103
0
0
0
4095
4095
1168
234
0
0
1397
0
0
0
0
0
0
0
0
0
0
0
97
0
0
0
4095
4095
1178
0
0
0
2375
0
0
0
0
0
0
0
0
0
0
1327
67
0
0
0
4095
4095
4095
58
2255
0
1139
0
0
0
0
0
0
0
0
0
0
0
0
0
0
2817
1934
4095
4095
60
1209
1194
1518
0
0
0
0
0
0
0
0
0
0
0
0
0
0
1965
2059
4095
4095
10
2048
1119
0
0
0
0
0
0
0
0
0
0
0
0
0
0
0
1946
1675
4095
4095
0
0
1108
0
0
0
0
0
0
0
0
0
0
10
0
0
0
0
1374
1773
4095
3486
0
890
652
0
0
0
0
0
0
0
1298
0
0
3
0
0
0
0
3242
1795
