0
696
0
0
0
0
0
0
0
0
0
1684
2545
2546
0
0
0
3446
0
0
0
0
0
596
0
0
0
0
0
0
0
0
1707
5
0
0
0
0
0
3728
0
0
0
56
0
630
0
0
0
0
0
0
0
0
1416
2
0
0
0
0
0
3708
0
0
711
711
586
0
0
0
0
0
0
0
0
0
1463
0
0
0
0
0
2081
3944
0
0
1169
1169
638
0
0
0
0
0
0
0
0
0
0
0
0
0
0
0
2119
3878
0
0
1566
1176
576
0
0
0
0
0
0
0
0
214
0
0
0
0
0
363
3128
0
0
0
1672
1155
582
0
0
0
0
0
0
0
0
212
0
0
0
0
0
1943
3672
0
0
0
1673
1134
612
0
0
0
0
0
0
0
0
552
0
0
0
0
0
2021
3680
0
0
0
1727
1191
571
0
0
0
0
0
0
0
0
865
0
0
0
0
1125
2562
3773
0
0
0
1683
1188
523
0
0
0
0
0
0
0
0
0
0
0
0
0
2091
0
2669
0
0
0
520
0
545
23
23
0
0
0
0
0
0
0
0
0
0
0
0
2929
0
0
0
979
552
0
554
31
31
0
0
0
0
0
0
0
0
0
0
0
0
3053
0
0
0
1011
555
0
0
71
60
0
0
0
0
0
0
0
0
0
0
0
0
2933
0
0
0
0
442
534
72
72
55
0
0
0
0
0
0
0
0
0
0
0
1642
3360
0
0
0
0
407
607
27
27
12
0
0
0
0
0
0
0
0
0
0
0
1975
0
0
0
0
229
0
118
25
25
0
0
0
0
0
0
0
0
0
0
0
0
1878
0
0
0
0
257
0
25
16
13
0
0
0
0
0
0
0
0
0
0
0
0
2237
0
0
0
0
265
0
16
15
0
0
0
0
0
0
0
0
0
0
0
0
0
2752
0
0
0
0
295
0
15
9
0
0
0
0
0
0
0
0
0
0
0
0
0
0
0
0
0
0
0
12
9
0
0
0
0
0
0
0
0
0
0
0
0
0
0
0
0
0
0
0
0
1
0
0
0
0
0
0
0
0
0
0
0
0
0
0
0
0
0
0
0
0
0
0
0
0
0
0
0
0
0
0
0
0
0
0
0
0
0
0
0
0
0
0
0
0
0
225
225
225
225
225
0
0
0
0
0
0
0
0
0
0
0
0
0
0
0
225
225
0
0
0
0
0
1254
1254
0
0
0
0
0
0
0
0
0
0
0
0
0
0
0
0
0
0
0
0
1172
1172
0
0
0
0
0
0
0
0
0
0
58
0
0
0
0
0
0
0
0
824
0
0
0
0
0
0
0
0
0
0
0
0
20
0
0
0
0
0
0
0
0
483
0
0
0
0
0
0
0
0
0
0
1450
0
0
0
0
0
0
0
0
4
4
0
0
0
0
0
0
0
0
0
18
0
0
0
0
0
0
0
0
0
0
2
1391
0
0
0
0
0
0
0
0
0
166
141
0
321
0
438
0
0
0
0
2
6
1797
0
0
0
0
0
0
0
0
23
245
463
0
312
0
76
0
0
0
0
6
9
1930
0
0
0
0
0
0
0
0
83
288
413
866
1239
0
0
0
0
0
0
5
10
2058
0
0
0
0
0
0
0
12
81
266
638
1103
1410
0
0
0
0
0
0
6
10
1761
0
0
0
0
0
0
0
61
197
0
532
1077
0
0
0
0
0
0
0
487
1056
0
0
0
0
0
0
0
0
174
530
0
547
1006
0
0
0
0
0
0
0
386
1770
0
0
0
0
0
0
0
0
783
512
0
491
1006
0
0
0
0
0
0
145
148
1553
0
0
0
0
0
0
0
1306
434
0
594
1134
0
0
0
0
0
0
0
143
145
1568
0
0
0
0
0
0
0
0
0
631
0
558
0
0
0
0
0
0
0
0
2
1379
1379
0
0
0
0
0
0
0
0
612
0
576
0
0
0
0
0
0
0
0
0
290
290
0
0
0
0
0
0
0
0
618
0
533
0
78
0
0
0
0
0
0
0
0
0
0
0
0
0
0
0
0
0
597
0
538
0
0
0
0
0
0
0
0
0
0
0
0
0
0
0
0
0
0
176
0
602
1145
0
0
0
0
0
0
0
0
0
0
0
0
0
0
0
0
0
0
168
0
605
1135
0
0
0
0
0
4
0
0
0
0
0
0
0
0
0
0
0
209
209
0
641
1261
0
0
0
0
0
0
0
0
0
0
0
0
0
0
0
33
0
0
0
160
0
32
77
0
0
0
0
0
0
0
0
0
0
0
0
0
37
37
0
0
0
185
0
0
0
0
0
0
0
0
0
0
0
0
0
0
0
0
34
34
0
0
0
166
400
400
0
0
0
0
0
0
0
0
0
0
0
0
0
0
0
0
0
0
0
38
0
0
0
0
0
0
0
0
0
0
0
0
0
0
0
0
42
42
42
42
42
0
0
0
0
0
0
0
0
0
0
0
0
0
0
0
0
0
0
0
0
0
0
0
0
0
0
0
0
0
0
0
0
0
0
0
0
0
0
0
0
0
0
0
0
0
0
0
0
0
0
0
0
0
0
0
0
0
0
0
0
0
0
0
0
0
0
0
0
0
0
0
0
0
0
0
0
0
0
0
0
0
0
70
70
70
70
70
17
0
0
0
0
0
0
0
0
0
4095
0
0
0
0
0
0
181
181
181
181
181
83
0
0
0
0
0
0
0
0
0
0
0
0
0
0
0
0
91
91
91
91
91
32
0
0
0
0
0
0
0
0
698
0
0
0
0
0
0
47
47
47
47
47
47
0
0
0
0
0
0
0
0
0
2022
0
0
0
0
0
0
32
32
32
32
32
8
0
0
0
0
0
0
0
0
0
1893
0
4079
4079
4079
4079
4079
16
16
16
16
16
0
0
0
0
0
0
0
0
0
0
2059
4079
4095
4095
4095
4095
0
16
16
16
16
16
0
0
0
0
0
0
0
0
0
909
2563
4095
4092
4092
4092
4092
0
0
0
0
0
0
0
0
0
0
0
0
0
0
0
1040
2583
4092
4076
4076
4076
4076
0
0
0
0
0
0
0
0
0
0
0
0
0
0
0
1017
2536
4027
664
664
664
664
0
0
0
0
0
0
0
0
0
0
0
0
4095
4095
4095
2933
1527
0
0
0
0
0
0
0
0
0
0
0
0
0
0
0
0
0
0
0
216
1751
0
366
0
0
17
0
0
0
0
0
0
0
0
0
0
0
0
0
0
0
638
1904
0
0
0
0
67
0
0
0
0
0
0
0
0
0
0
0
0
0
0
0
880
1660
0
0
12
0
74
0
0
0
0
0
0
0
0
0
2
2
2
0
0
0
2526
0
0
0
103
0
909
0
0
0
0
0
0
0
0
1
4
4
4
0
0
0
2485
0
0
0
173
0
1210
0
0
0
0
0
0
0
0
1
3
586
0
0
0
490
2636
0
0
175
0
0
0
0
0
0
0
0
0
0
0
0
1
683
0
0
0
1515
0
0
0
52
0
0
0
0
0
0
0
0
0
0
0
0
3
3
0
0
0
1750
0
0
0
0
0
0
594
0
0
0
0
0
0
0
0
1051
1070
1070
1091
1091
1091
2528
0
0
0
0
0
1827
0
0
0
0
0
0
0
0
0
1531
1532
0
0
0
0
0
0
0
0
0
0
0
0
0
0
0
0
0
0
0
1437
0
0
0
0
0
2623
0
0
0
0
119
