0
0
0
0
0
0
0
0
0
2541
0
3
0
0
0
0
3263
0
0
0
0
134
0
0
0
0
0
0
0
0
0
0
0
1
0
0
0
2805
0
0
0
0
0
597
0
0
0
0
0
0
0
0
0
0
0
0
0
0
0
2980
0
0
0
0
0
566
0
0
0
0
0
0
0
0
0
0
0
0
0
0
0
3495
0
0
0
0
0
1938
0
0
0
0
0
0
0
0
0
0
1382
0
0
0
1543
3778
0
0
0
0
0
0
0
0
0
0
0
0
0
0
0
0
0
0
0
0
2241
3841
0
0
0
0
0
0
0
0
0
0
0
0
0
63
0
0
0
0
0
0
2408
3964
0
0
0
0
0
0
0
0
0
0
0
0
0
160
0
0
0
0
0
-6942
3170
3990
0
0
0
0
0
0
178
0
0
0
0
0
0
169
0
0
0
0
0
8261
0
0
0
0
0
0
0
0
368
0
0
0
0
0
0
120
0
0
0
0
0
0
0
0
0
0
0
0
507
2346
0
0
0
0
0
0
0
165
0
0
0
0
0
0
0
0
0
0
0
0
568
1238
0
0
0
0
0
0
0
169
0
0
0
0
0
0
3526
0
0
0
0
0
570
0
0
0
0
0
0
0
0
0
0
0
0
0
0
0
0
0
0
0
0
0
0
0
0
0
0
0
0
0
0
0
0
0
0
0
0
2240
0
0
0
0
0
0
0
0
0
0
0
0
0
0
0
0
0
0
0
0
0
2602
0
0
0
0
0
0
0
0
0
0
0
0
0
0
0
0
0
0
0
0
0
2819
0
0
0
0
0
0
0
0
0
0
0
0
0
0
0
0
0
0
0
0
0
0
0
0
0
0
0
0
0
0
0
0
0
0
0
0
0
0
0
0
0
0
0
0
0
0
0
0
0
0
0
0
0
0
0
0
0
0
0
0
0
0
0
0
844
0
0
0
0
0
0
0
0
0
0
0
0
0
0
0
0
0
0
0
0
0
2236
0
0
0
0
0
0
0
0
0
0
0
0
0
0
0
0
0
0
0
0
0
0
0
0
0
0
0
0
0
0
0
0
0
0
0
0
0
0
0
0
0
0
0
0
0
0
0
0
0
0
0
0
0
0
0
0
0
0
0
0
0
0
0
0
0
0
0
0
0
0
0
0
0
0
0
0
0
0
0
0
0
0
0
0
0
0
0
0
0
0
0
0
0
0
0
0
0
0
0
0
0
0
0
0
0
0
0
0
0
0
0
0
0
0
0
0
0
0
0
0
0
0
0
0
0
0
0
0
0
0
0
0
0
0
0
0
0
0
0
0
0
0
0
0
0
0
0
0
0
0
0
0
0
0
0
0
0
0
0
0
0
0
0
1
1
0
0
0
0
0
0
0
0
0
0
0
0
0
0
0
0
0
0
0
0
5
5
0
0
0
0
0
0
0
0
0
11
0
0
0
289
0
0
0
0
0
0
4
977
0
0
0
0
0
0
0
0
0
129
0
0
397
0
0
0
0
0
0
0
6
1863
0
0
0
0
0
0
0
0
29
252
0
0
362
0
0
0
0
0
0
1
8
1830
0
0
0
0
0
0
0
0
0
0
0
0
408
0
0
0
0
0
0
6
8
1714
0
0
0
0
0
0
0
0
228
217
0
0
422
0
0
0
0
0
0
6
8
1645
0
0
0
0
0
0
0
13
0
0
0
496
0
0
0
0
0
0
0
5
550
0
0
0
0
0
0
0
0
0
0
0
0
455
0
0
0
0
0
0
0
545
437
0
0
0
0
0
0
0
0
0
0
0
0
475
0
0
0
0
0
0
0
434
114
0
0
0
0
0
0
0
0
0
0
0
554
1038
0
0
0
0
0
0
109
109
0
0
0
0
0
0
0
0
0
0
0
0
531
0
0
0
0
0
0
0
0
0
0
0
0
0
0
0
0
0
0
0
0
0
603
0
0
0
0
0
0
0
179
0
0
0
0
0
0
0
0
0
0
0
0
0
599
0
0
0
0
0
0
0
0
0
0
0
0
0
0
0
0
0
0
0
0
0
549
0
0
0
0
0
0
0
0
0
0
0
0
0
0
0
0
0
0
0
0
0
534
0
0
0
0
0
0
0
0
0
0
0
0
0
0
0
0
0
0
0
0
0
534
0
0
0
0
0
0
0
0
0
0
0
0
0
0
0
0
0
0
0
0
579
0
0
0
0
0
0
0
0
0
0
0
0
0
0
0
0
0
0
0
0
0
0
0
0
0
0
0
0
0
0
0
0
0
0
0
0
0
0
0
0
0
0
0
0
0
0
0
0
0
0
0
0
0
0
0
0
0
0
0
0
0
0
0
0
33
0
0
0
0
0
0
0
0
0
0
0
0
0
0
0
0
0
0
0
0
0
0
0
0
0
0
0
0
0
0
0
0
0
0
0
0
0
0
0
0
0
0
0
0
0
0
0
0
0
0
0
0
0
0
0
0
0
0
0
0
0
0
0
0
0
0
0
0
0
0
0
0
0
0
0
0
0
0
0
0
0
0
0
0
0
0
0
0
0
0
0
0
0
0
0
0
0
-5270
0
0
0
0
0
0
0
0
0
0
0
0
0
0
0
0
0
0
0
0
0
7367
0
0
0
0
0
0
0
0
0
0
0
0
0
0
0
0
0
0
0
0
1591
0
0
0
0
0
0
0
0
0
0
0
0
0
0
0
0
0
0
0
0
0
1484
0
0
0
0
0
0
0
0
0
0
0
0
0
0
0
0
0
0
0
0
0
0
0
0
0
0
0
0
0
0
0
0
0
0
0
0
0
0
0
0
0
0
1312
0
0
0
0
0
0
0
0
0
0
0
0
0
0
0
0
0
0
0
0
0
0
0
0
0
0
0
0
0
0
0
0
0
0
0
0
0
0
0
0
0
0
0
0
0
0
0
0
0
0
0
0
0
0
0
0
0
0
0
0
0
0
0
0
-431
0
0
-5373
0
0
0
0
0
0
0
0
0
0
0
0
0
0
0
0
0
0
595
0
-6864
-2694
0
0
0
0
0
0
0
0
0
0
0
0
0
0
0
0
0
0
0
-6243
-6601
3242
0
0
0
0
0
0
0
0
0
0
0
0
0
0
0
0
0
0
454
8480
15899
14508
0
0
0
0
0
0
0
0
0
0
0
0
0
0
0
7
0
0
2255
0
0
0
0
25
0
0
0
0
0
0
0
0
0
0
0
0
0
0
0
0
2091
0
0
0
0
74
0
0
0
0
0
0
0
0
0
1
1
1
0
0
0
0
1514
0
0
0
0
58
0
0
0
0
0
0
0
0
0
5
5
5
0
0
0
1151
0
0
0
0
0
914
0
0
0
0
0
0
0
0
0
4
4
4
0
0
0
1176
0
0
0
0
0
1140
0
0
0
0
0
0
0
0
0
0
556
556
0
0
0
1170
0
0
0
0
0
1225
0
0
0
0
0
0
0
0
0
2
730
730
0
0
1191
0
0
0
0
0
150
0
0
0
0
0
0
0
0
0
0
0
0
0
0
0
3294
0
0
0
0
0
0
0
0
0
0
0
0
0
0
0
-128
3
0
0
0
0
3251
0
0
0
0
0
0
0
0
0
0
0
0
0
0
0
608
16
0
0
0
0
3838
0
0
0
0
0
0
