0
615
0
0
0
0
0
0
0
0
0
1424
0
1
0
0
0
3288
0
0
0
0
0
737
0
0
0
0
0
0
0
0
2989
1365
0
0
0
0
0
3685
0
0
0
8
0
646
0
0
0
0
0
0
0
0
1843
211
0
0
0
0
0
3740
0
0
611
611
633
0
0
0
0
0
0
0
0
0
1671
0
0
0
0
0
2170
3892
0
0
1197
1197
549
0
0
0
0
0
0
0
0
0
0
0
0
0
0
0
2041
3955
0
0
1485
1146
615
0
0
0
0
0
0
0
0
124
0
0
0
0
0
0
3044
0
0
0
1709
1192
599
0
0
0
0
0
0
0
0
164
0
0
0
0
0
2078
3688
0
0
0
1619
1136
581
0
0
0
0
0
0
0
0
165
0
0
0
0
0
1953
3685
0
0
0
1657
1113
612
0
0
0
0
0
0
0
0
323
0
0
0
0
1086
2571
3811
0
0
0
1652
1127
642
0
0
0
0
0
0
0
0
677
0
0
0
0
2075
0
2693
0
0
0
528
0
587
21
21
0
0
0
0
0
0
0
0
0
0
0
0
2972
0
0
0
1053
493
0
554
32
32
0
0
0
0
0
0
0
0
0
0
0
0
2808
0
0
0
958
521
0
0
52
44
0
0
0
0
0
0
0
0
0
0
0
0
3079
0
0
0
0
466
542
98
76
57
0
0
0
0
0
0
0
0
0
0
0
1737
3451
0
0
0
0
431
656
24
24
11
0
0
0
0
0
0
0
0
0
0
0
2034
0
0
0
0
172
0
113
23
23
0
0
0
0
0
0
0
0
0
0
0
0
1913
0
0
0
0
227
0
23
14
12
0
0
0
0
0
0
0
0
0
0
0
0
2357
0
0
0
0
244
0
14
17
0
0
0
0
0
0
0
0
0
0
0
0
0
2589
0
0
0
0
247
0
17
3
0
0
0
0
0
0
0
0
0
0
0
0
0
0
0
0
0
0
0
0
3
0
0
0
0
0
0
0
0
0
0
0
0
0
0
0
0
0
0
0
0
2
0
0
0
0
0
0
0
0
0
0
0
0
0
0
0
0
0
0
0
0
0
0
0
0
0
0
0
0
0
0
0
0
0
0
0
0
0
0
0
0
0
0
0
0
0
237
237
237
237
237
0
0
0
0
0
0
0
0
0
0
0
0
0
0
0
237
237
0
0
0
0
0
1301
1301
0
0
0
0
0
0
0
0
0
0
0
0
0
0
0
0
0
0
0
0
1305
1305
0
0
0
0
0
0
0
0
0
0
82
0
0
0
0
0
0
0
0
1260
0
0
0
0
0
0
0
0
0
0
0
0
69
0
0
0
0
0
0
0
0
1070
0
0
0
0
0
0
0
0
0
0
1738
0
39
0
1
0
0
0
0
4
4
0
0
0
0
0
0
0
0
0
9
0
0
0
0
0
0
0
0
0
0
2
1125
0
0
0
0
0
0
0
0
0
127
237
0
308
0
541
0
0
0
0
2
4
1977
0
0
0
0
0
0
0
0
30
268
442
0
315
0
96
0
0
0
0
6
7
1767
0
0
0
0
0
0
0
0
68
284
317
754
1042
0
0
0
0
0
0
7
9
1824
0
0
0
0
0
0
0
14
89
280
876
1331
1661
0
0
0
0
0
0
5
9
2019
0
0
0
0
0
0
0
63
184
0
549
1003
0
0
0
0
0
0
0
496
499
0
0
0
0
0
0
0
0
159
557
0
429
956
0
0
1
0
0
0
0
383
441
0
0
0
0
0
0
0
0
663
565
0
502
1038
0
0
0
0
0
0
127
127
1256
0
0
0
0
0
0
0
2167
1285
0
498
1063
0
0
0
0
0
0
0
127
128
1558
0
0
0
0
0
0
0
0
0
505
0
533
0
0
1
1
0
0
0
0
1
1359
1359
0
0
0
0
0
0
0
0
645
0
518
0
0
0
0
0
0
0
0
0
273
273
0
0
0
0
0
0
0
0
593
0
601
0
70
0
0
0
0
0
0
0
0
0
0
0
0
0
0
0
0
0
629
0
558
0
0
0
0
0
0
0
0
0
0
0
0
0
0
0
0
0
0
183
0
595
1128
0
0
0
0
0
0
0
0
0
0
0
0
0
0
0
0
0
0
187
0
578
1110
0
0
0
0
0
27
0
0
0
0
0
0
0
0
0
0
0
202
202
0
596
1159
0
0
0
0
0
13
0
0
0
0
0
0
0
0
0
0
0
0
0
182
0
108
78
0
0
0
0
0
0
0
0
0
0
0
0
0
0
0
0
0
0
221
0
0
0
0
0
0
0
0
0
0
0
0
0
0
0
0
84
84
0
0
0
179
0
0
0
0
0
0
0
0
0
0
0
0
0
0
0
0
0
0
0
0
0
37
0
0
0
0
0
0
0
0
0
0
0
0
0
0
0
0
39
39
39
39
39
0
0
0
0
0
0
0
0
0
0
0
0
0
0
0
0
0
0
0
0
0
0
0
0
0
0
0
0
0
0
0
0
0
0
0
0
0
0
0
0
0
0
0
0
0
0
0
0
0
0
0
0
0
0
0
0
0
0
0
0
0
0
0
0
0
0
0
0
0
0
0
0
0
0
0
0
0
0
0
0
0
0
87
87
87
87
87
22
0
0
0
0
0
0
0
0
0
4095
0
0
0
0
0
0
190
190
190
190
190
85
0
0
0
0
0
0
0
0
0
0
0
0
0
0
0
0
90
90
90
90
90
33
0
0
0
0
0
0
0
0
0
0
0
0
0
0
0
48
48
48
48
48
48
0
0
0
0
0
0
0
0
0
2143
0
0
0
0
0
0
37
37
37
37
37
13
0
0
0
0
0
0
0
0
0
2138
0
4082
4082
4082
4082
4082
13
13
13
13
13
0
0
0
0
0
0
0
0
0
0
1928
4082
4095
4095
4095
4095
0
16
16
16
16
16
0
0
0
0
0
0
0
0
0
769
2404
4095
4095
4095
4095
4095
0
0
0
0
0
0
0
0
0
0
0
0
0
0
0
1220
2639
4095
4081
4081
4081
4081
0
0
0
0
0
0
0
0
0
0
0
0
0
0
0
989
2646
4041
585
585
585
585
0
0
0
0
0
0
0
0
0
0
0
0
4092
4092
4092
3059
1538
0
0
0
0
0
0
0
0
0
0
0
0
0
0
0
0
0
0
0
225
1879
0
320
0
0
25
0
0
0
0
0
0
0
0
0
0
0
0
0
0
0
731
2116
0
0
0
0
59
88
0
0
0
0
0
0
0
0
0
0
0
0
0
0
746
1446
0
0
8
0
59
35
0
0
0
0
0
0
0
0
3
3
3
0
0
0
2495
0
0
0
121
0
900
0
0
0
0
0
0
0
0
0
2
2
2
0
0
0
2495
0
0
0
144
0
1135
0
0
0
0
0
0
0
0
0
2
540
0
0
0
0
2514
0
0
147
0
0
0
0
0
0
0
0
0
0
0
0
2
723
0
0
0
1796
0
0
0
48
0
0
0
0
0
0
0
0
0
0
0
0
6
6
40
40
40
1515
0
0
0
0
0
0
618
0
0
0
0
0
0
0
0
860
863
863
876
876
876
2278
0
0
0
0
0
1111
0
0
0
0
0
0
0
0
0
1524
1529
0
0
0
0
0
0
0
0
0
0
0
0
0
0
0
0
0
0
0
1557
0
3
0
0
0
1971
3411
0
0
0
86
