101
-1
-1
-1
-1
-1
-1
-1
125
-1
-1
87
-1
-1
-1
43
8
18
28
30
-1
73
-1
-1
-1
-1
-1
-1
-1
57
61
-1
-1
86
-1
-1
-1
42
9
18
28
30
-1
175
-1
-1
-1
-1
-1
-1
-1
143
-1
-1
-1
-1
-1
-1
-1
104
8
49
-1
-1
-1
201
-1
-1
-1
-1
-1
-1
-1
137
-1
-1
-1
-1
-1
-1
-1
104
8
49
-1
-1
-1
202
-1
-1
-1
-1
-1
-1
-1
195
-1
-1
-1
-1
-1
-1
-1
102
9
206
-1
-1
-1
-1
-1
-1
-1
-1
-1
-1
-1
100
128
-1
-1
-1
-1
-1
-1
74
8
214
-1
-1
-1
-1
-1
-1
-1
-1
-1
-1
-1
94
92
-1
-1
-1
-1
-1
103
5
9
212
-1
-1
-1
-1
-1
-1
-1
-1
-1
-1
-1
97
94
-1
-1
-1
-1
-1
95
5
8
209
-1
-1
-1
-1
-1
-1
-1
-1
-1
-1
-1
98
99
-1
-1
-1
-1
-1
95
6
8
214
-1
-1
-1
-1
-1
-1
-1
-1
-1
-1
-1
199
-1
-1
-1
-1
-1
-1
105
5
9
215
-1
-1
-1
-1
-1
-1
-1
-1
-1
-1
50
62
-1
-1
-1
131
-1
-1
42
5
7
53
-1
-1
182
-1
-1
-1
-1
-1
-1
-1
51
35
68
-1
-1
65
-1
46
17
6
34
-1
-1
-1
208
-1
-1
-1
-1
-1
-1
-1
56
-1
95
-1
-1
62
-1
47
20
5
9
-1
56
-1
185
-1
-1
-1
-1
-1
-1
-1
82
30
97
-1
-1
-1
-1
79
18
6
9
-1
217
-1
-1
-1
-1
-1
-1
-1
-1
-1
79
99
-1
-1
-1
-1
-1
113
17
5
11
-1
217
-1
-1
-1
-1
-1
-1
-1
-1
-1
91
97
-1
-1
-1
-1
97
21
20
5
-1
38
194
-1
-1
-1
-1
-1
-1
-1
-1
-1
154
-1
-1
-1
-1
-1
125
22
18
6
-1
41
193
-1
-1
-1
-1
-1
-1
-1
-1
-1
148
-1
-1
-1
-1
-1
129
23
17
5
-1
41
186
-1
-1
-1
-1
-1
-1
-1
-1
99
83
-1
-1
-1
-1
-1
130
25
20
5
21
25
158
-1
-1
-1
-1
-1
-1
-1
-1
157
-1
-1
-1
-1
-1
126
28
22
18
-1
24
184
-1
-1
-1
-1
-1
-1
-1
-1
-1
150
-1
-1
-1
-1
-1
131
32
22
18
-1
23
187
-1
-1
-1
-1
-1
-1
-1
-1
-1
155
-1
-1
-1
-1
-1
132
28
23
20
-1
28
178
-1
-1
-1
-1
-1
-1
-1
-1
-1
150
-1
-1
-1
-1
-1
130
27
25
17
-1
23
185
-1
-1
-1
-1
-1
-1
-1
-1
-1
-1
-1
-1
-1
-1
-1
206
27
23
18
5
17
255
-1
-1
-1
-1
-1
-1
-1
-1
183
-1
-1
-1
-1
-1
-1
132
28
23
15
6
21
149
-1
-1
-1
-1
-1
121
-1
-1
59
-1
-1
-1
-1
-1
133
30
32
24
-1
16
18
122
-1
-1
-1
-1
-1
154
-1
-1
56
-1
-1
-1
-1
-1
134
30
-1
51
-1
16
102
-1
-1
-1
-1
-1
-1
184
-1
-1
-1
-1
-1
-1
-1
-1
-1
189
-1
49
-1
13
99
-1
-1
-1
-1
-1
-1
128
23
58
-1
-1
-1
-1
-1
-1
-1
187
-1
-1
32
5
97
-1
-1
-1
-1
-1
-1
139
21
53
-1
-1
-1
-1
-1
-1
-1
185
-1
-1
27
103
-1
-1
-1
-1
-1
-1
-1
133
19
53
-1
-1
-1
-1
-1
-1
-1
189
-1
-1
25
110
-1
-1
-1
-1
-1
-1
-1
126
18
122
-1
-1
-1
-1
-1
-1
-1
-1
-1
-1
154
110
-1
-1
-1
-1
-1
-1
-1
130
101
-1
-1
-1
-1
-1
-1
-1
-1
-1
-1
-1
180
105
-1
-1
-1
-1
-1
-1
-1
120
48
-1
-1
-1
-1
-1
-1
152
-1
-1
-1
74
9
103
-1
-1
-1
-1
-1
-1
127
25
47
-1
-1
-1
-1
-1
-1
146
-1
-1
-1
66
83
-1
-1
-1
-1
-1
-1
-1
129
30
31
-1
-1
-1
-1
67
-1
94
-1
-1
-1
78
81
-1
-1
-1
-1
-1
-1
-1
139
25
33
-1
-1
-1
-1
129
-1
-1
-1
-1
93
18
80
-1
-1
-1
-1
-1
-1
-1
127
50
-1
-1
-1
-1
42
31
30
66
-1
-1
58
19
78
-1
-1
-1
-1
-1
-1
-1
-1
183
-1
-1
-1
-1
38
28
29
51
-1
-1
58
19
79
-1
-1
-1
-1
-1
-1
-1
-1
119
-1
-1
-1
-1
39
28
30
65
-1
-1
58
32
-1
-1
-1
-1
129
-1
-1
-1
64
56
-1
-1
-1
-1
41
29
19
70
-1
-1
57
32
-1
-1
-1
-1
66
68
-1
-1
103
-1
-1
-1
-1
24
-1
49
63
-1
-1
-1
98
34
-1
-1
-1
-1
65
67
-1
-1
104
-1
-1
-1
-1
23
-1
112
-1
-1
-1
-1
91
28
-1
-1
-1
42
-1
94
-1
-1
-1
-1
-1
-1
-1
74
-1
-1
-1
-1
93
-1
58
27
-1
-1
-1
73
-1
-1
-1
170
-1
-1
-1
-1
-1
75
-1
-1
-1
-1
93
-1
86
-1
-1
-1
-1
71
-1
-1
-1
173
-1
-1
-1
-1
126
-1
-1
-1
-1
-1
124
-1
87
-1
-1
-1
-1
179
-1
-1
-1
-1
-1
-1
-1
-1
158
-1
-1
-1
-1
-1
-1
-1
188
-1
-1
-1
-1
176
-1
-1
-1
-1
-1
-1
-1
-1
226
-1
-1
-1
-1
-1
-1
-1
-1
-1
-1
-1
296
-1
-1
-1
-1
-1
-1
-1
-1
-1
217
-1
-1
-1
-1
-1
-1
-1
-1
-1
-1
-1
305
-1
-1
-1
-1
-1
-1
-1
-1
-1
237
-1
-1
-1
-1
-1
-1
-1
-1
-1
-1
-1
301
-1
-1
-1
-1
-1
-1
-1
-1
262
-1
-1
-1
-1
-1
-1
-1
-1
-1
-1
-1
-1
278
-1
-1
-1
-1
-1
-1
-1
-1
546
-1
-1
-1
-1
-1
-1
-1
-1
-1
-1
-1
-1
-1
-1
-1
-1
-1
-1
-1
-1
-1
235
-1
-1
-1
-1
-1
-1
-1
-1
-1
-1
-1
-1
-1
-1
-1
318
-1
-1
-1
-1
-1
283
-1
-1
-1
-1
-1
-1
-1
-1
-1
-1
-1
-1
-1
-1
288
-1
-1
-1
-1
-1
-1
296
-1
-1
-1
-1
-1
-1
-1
-1
-1
-1
-1
-1
-1
-1
285
-1
-1
-1
-1
-1
251
-1
-1
-1
-1
-1
-1
-1
-1
-1
-1
-1
-1
-1
-1
-1
322
-1
-1
-1
-1
-1
564
-1
-1
-1
-1
-1
-1
-1
-1
-1
-1
-1
-1
-1
-1
-1
-1
-1
-1
-1
-1
-1
573
-1
-1
-1
-1
-1
-1
-1
-1
-1
-1
-1
-1
-1
-1
-1
-1
-1
-1
-1
-1
289
287
-1
-1
-1
-1
-1
-1
-1
-1
-1
-1
-1
-1
-1
-1
-1
-1
-1
-1
-1
-1
561
-1
-1
-1
-1
-1
-1
-1
-1
-1
-1
-1
-1
-1
-1
-1
-1
-1
-1
-1
-1
-1
550
-1
-1
-1
-1
-1
-1
-1
-1
-1
-1
-1
-1
-1
-1
-1
-1
-1
-1
-1
-1
155
119
-1
-1
-1
-1
-1
-1
-1
-1
-1
-1
-1
279
-1
-1
-1
-1
-1
-1
-1
-1
63
114
-1
-1
-1
-1
-1
-1
-1
-1
-1
-1
-1
203
-1
-1
-1
63
94
-1
-1
-1
140
-1
-1
-1
-1
-1
-1
-1
-1
-1
-1
-1
211
17
-1
-1
-1
59
30
64
-1
-1
141
-1
-1
-1
-1
-1
-1
-1
-1
-1
-1
-1
215
16
-1
-1
-1
63
29
63
-1
-1
143
-1
-1
-1
-1
-1
-1
-1
-1
-1
-1
-1
218
-1
-1
-1
31
28
33
69
-1
-1
133
-1
-1
-1
-1
-1
-1
-1
-1
-1
-1
184
40
-1
-1
-1
31
33
31
69
-1
-1
127
-1
-1
-1
-1
-1
-1
-1
-1
-1
-1
195
35
-1
-1
13
22
29
93
-1
-1
-1
99
-1
-1
-1
-1
-1
-1
-1
-1
-1
-1
180
34
-1
-1
14
18
28
30
-1
64
30
148
-1
-1
-1
-1
-1
-1
-1
-1
-1
-1
-1
-1
-1
-1
169
19
28
30
33
31
31
-1
-1
-1
-1
-1
-1
-1
-1
-1
-1
-1
-1
-1
-1
-1
169
19
29
30
33
32
178
-1
-1
-1
-1
-1
-1
-1
-1
-1
-1
191
-1
-1
-1
40
8
21
32
69
-1
-1
150
