724
1586
4095
0
0
2038
0
0
0
0
0
0
0
1691
0
0
0
0
0
0
0
4095
603
2227
0
0
0
1010
0
0
0
0
0
0
0
2905
0
0
0
0
0
0
0
4095
817
2917
0
0
0
0
0
0
0
0
0
0
0
3309
0
0
0
0
0
0
0
4095
705
3121
0
0
0
0
0
0
0
0
0
0
0
3485
0
0
0
0
0
0
0
4095
722
3428
0
0
0
0
0
0
0
0
0
0
0
2078
1767
0
0
0
0
0
4095
469
858
3623
0
0
0
0
0
0
0
0
0
0
0
2682
1961
0
0
0
0
0
4095
488
815
3140
0
0
0
0
0
0
0
0
0
0
0
2820
716
0
0
0
0
0
4095
564
824
2126
0
0
0
0
0
0
0
0
0
0
0
3258
0
0
0
0
0
0
4095
485
1195
2085
0
0
0
0
0
0
0
0
0
0
1241
1473
0
0
0
4095
0
0
4095
483
1775
0
0
0
1526
0
0
0
0
0
0
0
1283
0
0
0
0
4095
0
4095
1576
536
1680
0
0
0
1424
0
0
0
0
0
0
0
1288
0
0
0
0
4095
0
4095
1605
422
249
0
968
0
968
0
0
0
0
0
0
0
1283
0
0
0
0
4095
0
4095
1872
542
246
0
1701
0
0
0
0
0
0
0
0
0
0
0
0
0
0
0
0
4095
1574
454
0
414
760
0
0
0
0
0
0
0
0
0
0
0
0
0
0
0
4095
3358
1651
735
0
457
510
0
0
0
0
0
0
0
0
0
255
0
0
0
0
0
4095
3259
1840
819
0
220
404
0
0
0
0
0
0
0
0
0
454
0
0
0
0
0
4095
3001
1532
707
0
235
8
0
0
0
0
0
0
0
0
0
251
0
0
0
0
0
4095
3113
1653
282
307
274
6
0
0
0
0
0
0
0
0
0
0
0
0
0
0
0
4095
3403
1417
0
271
241
0
0
0
0
0
0
0
0
0
0
0
0
0
0
0
1268
4089
3187
1068
0
295
115
0
0
0
0
0
0
0
0
0
0
0
0
0
0
0
1265
4027
3170
1358
0
363
40
0
0
0
0
0
0
0
0
0
0
0
0
0
0
0
1176
4095
3076
648
0
130
11
0
0
0
0
0
0
0
0
0
0
0
0
0
0
0
1140
4095
3610
43
0
294
2
0
0
0
0
0
0
0
0
731
0
0
0
0
0
0
1096
4095
1947
12
0
139
59
0
0
0
0
0
0
0
0
542
0
0
0
0
0
0
1146
4095
1638
0
19
168
30
0
0
0
0
0
328
0
0
0
0
0
0
0
0
0
4095
4095
949
0
97
408
0
0
0
0
0
0
1459
0
0
0
0
0
0
0
0
0
4095
0
4095
0
86
560
0
0
0
0
0
0
1890
0
173
0
0
0
0
0
0
0
4095
0
373
0
46
0
0
0
0
0
0
0
2483
156
0
0
0
0
0
0
0
0
4095
0
0
319
597
0
0
0
0
0
0
0
3452
106
0
0
0
0
0
0
0
0
782
0
0
324
258
0
0
0
0
0
0
0
3059
62
0
0
0
0
0
0
0
0
0
0
0
1209
44
0
0
0
0
0
0
0
3930
0
0
0
0
0
0
0
0
0
0
0
0
1562
1
0
0
0
0
0
0
0
4095
0
0
0
0
0
0
0
661
0
0
0
1325
11
0
0
0
0
0
0
0
3352
1184
282
0
0
0
0
0
0
946
0
0
0
1457
204
0
0
0
0
0
0
0
3138
0
286
0
0
0
0
0
0
2229
0
0
0
1418
130
0
0
0
0
0
0
0
3497
0
111
0
0
0
0
131
0
2254
0
0
0
1320
161
0
0
0
0
0
0
0
2767
189
0
0
0
0
0
0
1075
1501
0
0
1045
326
81
0
0
0
0
0
0
0
1730
396
0
0
0
0
0
0
1113
1630
0
0
819
90
107
0
0
0
0
0
0
0
0
718
0
0
0
0
61
0
1191
1742
0
0
739
28
74
0
0
0
0
0
0
0
0
0
0
0
0
0
0
424
1209
816
0
0
890
5
0
0
0
0
0
0
0
0
0
0
0
0
0
0
0
1122
1311
0
0
0
1464
10
0
0
0
0
0
0
0
0
0
0
0
0
0
37
0
1242
177
0
0
0
1262
330
0
0
0
48
0
0
0
0
0
0
0
0
0
0
0
1385
0
0
0
0
1246
509
0
0
0
98
0
0
0
0
0
0
0
0
0
233
0
0
0
0
734
0
454
0
0
0
0
97
0
0
0
0
0
0
0
0
33
0
0
0
0
0
666
0
0
0
0
0
0
77
0
0
0
0
0
0
0
0
0
0
0
0
0
0
586
0
1
0
0
0
15
0
0
0
0
0
0
0
0
0
10
0
0
0
0
265
0
0
0
0
0
0
19
0
0
0
0
0
0
0
0
0
71
0
0
0
0
0
0
0
0
0
0
0
17
0
0
0
0
0
0
0
0
0
0
0
0
0
0
0
0
0
0
0
0
0
3
0
0
0
0
0
0
0
0
0
0
0
0
0
0
0
0
0
0
0
0
0
0
0
0
0
0
0
0
0
0
0
0
0
0
0
0
0
0
0
0
0
0
0
0
0
0
0
0
0
0
0
0
4095
0
0
0
0
0
0
0
0
0
0
0
0
0
0
4095
0
0
0
0
0
0
181
0
0
0
0
0
0
0
0
0
0
0
0
0
0
4095
0
0
0
0
0
0
129
0
0
0
0
0
0
0
0
0
0
0
0
0
0
4095
0
0
0
0
0
0
44
0
0
0
0
0
0
0
0
0
0
0
0
0
0
4095
0
0
0
0
0
131
0
0
0
0
0
0
0
0
0
0
0
0
0
0
0
0
0
0
0
0
0
4095
0
0
0
0
0
0
0
0
0
0
0
0
0
0
0
0
0
0
0
0
4095
30
0
0
0
0
0
0
0
0
0
0
0
0
0
0
0
0
0
0
0
0
4095
0
0
0
0
0
0
0
0
0
0
0
0
0
0
0
0
0
0
0
0
0
4095
0
0
0
0
0
0
0
0
0
0
0
0
0
0
0
0
0
0
0
0
0
4095
0
0
0
0
0
0
0
0
0
0
0
0
0
0
0
0
0
0
0
0
4095
0
0
0
0
0
0
0
0
0
0
0
0
4095
0
0
0
4095
1723
0
0
0
37
0
0
0
0
0
0
0
0
0
0
0
0
2625
0
0
0
4095
1262
668
0
0
72
0
0
0
0
0
0
0
0
0
0
0
8
2608
0
0
4095
4095
1171
367
0
0
67
0
0
0
0
0
0
0
0
0
0
0
85
0
0
0
4095
4095
1151
194
0
0
661
0
0
0
0
0
0
0
0
0
0
0
84
0
0
0
4095
4095
1137
0
0
0
2489
0
0
0
0
0
0
0
0
0
0
68
372
0
0
0
1746
4095
1089
0
455
791
1044
0
0
0
0
0
0
0
0
0
0
244
0
0
0
3365
1825
4095
4095
0
2148
1058
1166
0
0
0
0
0
0
0
0
0
0
126
0
0
0
2482
1610
4095
4095
0
1344
1988
0
0
0
0
0
0
0
0
0
0
0
1053
0
0
0
2270
1627
4095
4095
0
1443
1152
0
0
0
0
0
0
0
0
0
0
641
0
0
0
1476
727
1881
4095
4095
0
1461
1262
0
0
0
0
0
0
0
0
0
0
381
0
0
0
4095
617
1628
4095
0
0
2029
0
0
0
0
0
0
0
0
0
0
0
1396
0
0
0
4095
814
