16
53
-1
-1
68
7
-1
-1
-1
-1
-1
-1
-1
114
-1
-1
32
-1
-1
-1
-1
18
13
22
-1
-1
137
-1
-1
-1
-1
-1
-1
-1
-1
61
-1
-1
6
-1
-1
-1
30
5
13
35
-1
-1
-1
-1
-1
-1
-1
-1
-1
-1
5
62
-1
-1
-1
-1
-1
-1
27
6
15
79
-1
-1
-1
-1
-1
-1
-1
-1
-1
-1
21
29
26
-1
-1
-1
-1
-1
27
5
13
171
-1
-1
-1
-1
-1
-1
-1
-1
-1
-1
41
32
25
-1
-1
-1
-1
-1
59
5
13
-1
-1
-1
-1
-1
-1
-1
-1
-1
-1
-1
-1
30
15
-1
-1
-1
-1
-1
56
5
112
-1
-1
-1
-1
-1
-1
-1
-1
-1
-1
-1
27
30
-1
-1
-1
-1
-1
-1
58
4
77
-1
-1
-1
-1
-1
-1
-1
-1
-1
-1
-1
26
24
-1
-1
-1
74
-1
19
10
3
85
-1
-1
-1
108
-1
-1
-1
-1
-1
-1
-1
24
-1
-1
-1
-1
58
-1
23
10
3
82
-1
-1
-1
44
-1
-1
-1
-1
-1
-1
-1
35
-1
-1
-1
-1
59
-1
19
10
3
108
-1
-1
-1
186
-1
-1
-1
-1
-1
-1
-1
16
-1
-1
-1
-1
92
-1
19
12
4
-1
-1
-1
94
-1
-1
-1
-1
-1
-1
-1
-1
4
-1
-1
-1
-1
-1
29
24
11
3
-1
112
-1
-1
-1
-1
-1
-1
-1
-1
-1
-1
5
-1
-1
-1
-1
-1
60
21
12
4
-1
88
-1
-1
-1
-1
-1
-1
-1
-1
-1
-1
29
-1
-1
-1
-1
-1
61
22
15
5
-1
88
-1
-1
-1
-1
-1
-1
-1
-1
-1
-1
20
-1
-1
-1
-1
-1
60
23
12
-1
22
53
-1
-1
-1
-1
-1
-1
-1
-1
-1
-1
4
-1
-1
-1
-1
-1
61
25
14
-1
23
54
-1
-1
-1
-1
-1
-1
-1
-1
-1
11
-1
-1
-1
-1
-1
29
29
22
12
-1
26
26
-1
-1
-1
-1
-1
-1
-1
-1
-1
21
-1
-1
-1
-1
-1
29
29
22
11
-1
22
20
-1
-1
-1
-1
-1
-1
-1
-1
-1
12
-1
-1
-1
-1
-1
33
29
27
7
-1
21
18
-1
-1
-1
-1
-1
-1
-1
-1
-1
-1
-1
-1
-1
-1
-1
41
33
22
-1
-1
25
17
-1
-1
-1
-1
-1
-1
-1
-1
4
-1
-1
-1
-1
-1
-1
43
28
22
-1
-1
20
1
-1
-1
-1
-1
-1
-1
-1
-1
5
-1
-1
-1
-1
-1
13
28
28
24
-1
5
20
2
-1
-1
-1
-1
-1
-1
-1
-1
5
-1
-1
-1
-1
-1
13
29
29
16
-1
10
22
-1
-1
-1
-1
-1
-1
4
-1
-1
-1
-1
-1
-1
-1
-1
13
31
32
13
-1
6
30
-1
-1
-1
-1
-1
-1
27
-1
-1
-1
-1
-1
-1
-1
-1
21
31
2
28
-1
10
33
-1
-1
-1
-1
-1
4
56
-1
-1
-1
-1
-1
-1
-1
-1
24
29
37
-1
-1
9
-1
-1
-1
-1
-1
-1
18
-1
-1
-1
-1
-1
-1
-1
-1
-1
-1
24
-1
-1
12
9
-1
-1
-1
-1
-1
-1
62
21
-1
-1
-1
-1
-1
-1
-1
-1
10
-1
-1
-1
17
15
-1
-1
-1
-1
-1
-1
70
24
-1
-1
-1
-1
-1
-1
-1
-1
50
-1
-1
-1
17
22
-1
-1
-1
-1
-1
-1
93
23
-1
-1
-1
-1
-1
-1
-1
-1
58
-1
-1
38
4
45
-1
-1
-1
-1
-1
-1
95
21
-1
-1
-1
-1
-1
-1
-1
-1
122
-1
-1
34
5
-1
-1
-1
-1
-1
-1
-1
102
12
-1
-1
-1
-1
-1
-1
-1
61
-1
-1
-1
35
25
-1
-1
-1
-1
-1
-1
-1
97
-1
-1
-1
-1
-1
-1
-1
-1
168
-1
-1
-1
38
33
-1
-1
-1
-1
-1
-1
-1
123
-1
-1
-1
-1
-1
-1
12
32
-1
-1
-1
52
15
27
-1
-1
-1
-1
-1
-1
101
10
22
-1
-1
-1
-1
-1
1
115
-1
-1
-1
48
15
56
-1
-1
-1
-1
-1
-1
70
-1
22
-1
-1
-1
-1
5
2
-1
63
-1
-1
46
17
-1
-1
-1
-1
-1
-1
-1
25
-1
8
-1
-1
-1
-1
5
4
36
127
-1
-1
49
43
-1
-1
-1
-1
-1
30
-1
-1
-1
-1
-1
-1
-1
-1
-1
20
33
-1
-1
-1
52
29
-1
-1
-1
-1
-1
1
-1
-1
-1
-1
-1
-1
-1
1
-1
31
62
-1
-1
115
23
56
-1
-1
-1
45
-1
-1
-1
-1
-1
-1
-1
-1
-1
6
-1
32
66
-1
-1
-1
21
-1
-1
-1
-1
37
-1
-1
-1
-1
-1
-1
-1
-1
-1
-1
25
33
-1
-1
-1
-1
91
-1
-1
-1
-1
37
-1
-1
-1
-1
-1
-1
-1
-1
-1
-1
84
37
-1
-1
-1
45
35
-1
-1
-1
-1
22
-1
-1
-1
-1
-1
-1
-1
-1
-1
-1
-1
-1
-1
-1
-1
31
26
-1
-1
-1
-1
21
-1
-1
-1
-1
-1
-1
-1
-1
5
-1
-1
-1
-1
85
-1
-1
23
-1
-1
-1
32
-1
-1
-1
-1
-1
-1
-1
-1
-1
-1
-1
-1
-1
-1
31
-1
-1
152
-1
-1
-1
32
-1
-1
-1
-1
-1
-1
-1
-1
-1
-1
-1
-1
-1
-1
59
-1
-1
-1
-1
-1
-1
14
-1
-1
-1
-1
-1
-1
-1
-1
-1
-1
-1
-1
-1
-1
-1
-1
-1
-1
-1
-1
-1
21
-1
-1
-1
-1
-1
-1
-1
-1
1
-1
-1
-1
-1
-1
-1
-1
-1
-1
-1
-1
-1
-1
-1
-1
-1
-1
-1
-1
-1
-1
1
-1
-1
-1
-1
-1
-1
-1
-1
-1
-1
-1
-1
-1
-1
-1
-1
-1
-1
-1
-1
-1
-1
-1
-1
-1
-1
-1
-1
-1
-1
-1
-1
-1
60
-1
-1
39
-1
-1
-1
-1
-1
-1
10
-1
-1
-1
-1
-1
-1
-1
-1
-1
-1
-1
161
-1
-1
28
-1
-1
-1
-1
-1
-1
-1
-1
-1
-1
-1
-1
-1
-1
-1
-1
-1
-1
-1
-1
-1
57
-1
-1
-1
-1
-1
26
-1
-1
-1
-1
-1
-1
-1
-1
-1
-1
-1
-1
-1
-1
-1
263
-1
-1
-1
-1
-1
26
-1
-1
-1
-1
-1
-1
-1
-1
-1
-1
-1
-1
-1
-1
-1
-1
-1
-1
-1
-1
-1
30
-1
-1
-1
-1
-1
-1
-1
-1
-1
-1
-1
-1
-1
-1
-1
-1
-1
-1
-1
-1
-1
18
-1
-1
-1
-1
-1
-1
-1
-1
-1
-1
-1
-1
-1
-1
-1
-1
-1
-1
-1
-1
9
-1
-1
-1
-1
-1
-1
-1
-1
-1
-1
-1
-1
-1
-1
-1
-1
-1
-1
-1
-1
-1
-1
-1
-1
-1
-1
-1
-1
-1
-1
-1
-1
-1
-1
-1
-1
-1
-1
-1
-1
-1
-1
-1
-1
-1
-1
-1
-1
-1
-1
-1
-1
-1
-1
-1
158
-1
-1
-1
-1
-1
-1
-1
-1
6
-1
-1
-1
-1
-1
-1
-1
-1
-1
-1
-1
-1
26
-1
-1
-1
172
109
-1
-1
-1
6
-1
-1
-1
-1
-1
-1
-1
-1
-1
-1
-1
-1
-1
-1
-1
-1
66
32
-1
-1
-1
15
-1
-1
-1
-1
-1
-1
-1
-1
-1
-1
-1
6
-1
-1
-1
46
31
33
-1
-1
27
-1
-1
-1
-1
-1
-1
-1
-1
-1
-1
-1
-1
6
-1
-1
-1
42
26
37
-1
-1
129
-1
-1
-1
-1
-1
-1
-1
-1
-1
-1
-1
10
3
-1
-1
-1
22
26
40
-1
-1
-1
5
-1
-1
-1
-1
-1
-1
-1
-1
-1
-1
48
-1
-1
-1
22
23
27
50
-1
-1
57
-1
-1
-1
-1
-1
-1
-1
-1
-1
-1
-1
77
-1
-1
-1
25
25
27
55
-1
35
28
-1
-1
-1
-1
-1
-1
-1
-1
-1
-1
-1
76
-1
-1
-1
22
21
30
58
-1
79
29
-1
-1
-1
-1
-1
-1
-1
-1
-1
-1
-1
81
-1
-1
5
17
21
27
25
5
-1
30
-1
-1
-1
-1
-1
-1
-1
-1
-1
-1
-1
56
-1
-1
10
19
22
27
26
41
32
30
-1
-1
-1
-1
-1
-1
-1
-1
-1
-1
-1
-1
-1
-1
13
16
26
27
-1
-1
36
5
-1
-1
-1
-1
-1
-1
-1
-1
-1
58
-1
-1
-1
-1
13
15
22
-1
33
-1
33
-1
-1
-1
-1
-1
-1
-1
-1
-1
-1
34
-1
-1
-1
-1
15
14
