0
0
0
0
0
0
2809
0
0
7
0
0
0
0
3339
1317
4095
4095
1145
0
1144
0
0
0
0
0
0
0
2660
0
0
2
0
0
0
0
4095
1410
4095
3765
0
909
677
0
0
0
0
0
0
0
3308
0
0
0
0
0
0
4095
287
1648
4095
0
0
1532
0
0
0
0
0
0
0
0
3178
0
0
0
0
0
0
4095
366
2374
4095
0
0
2553
0
0
0
0
0
0
0
1493
1755
1394
0
0
0
0
0
4095
251
2108
1981
0
0
0
0
0
0
0
0
0
0
1437
1708
1511
0
0
0
0
0
4095
358
1998
2750
0
0
0
0
0
0
0
0
0
0
1630
1667
1285
0
0
0
0
0
4095
716
2502
0
0
0
0
0
0
0
0
0
0
0
1507
1901
0
0
0
0
0
0
4095
1118
3660
0
0
0
0
0
0
0
0
0
0
0
1646
1728
0
0
0
0
0
0
4095
1208
3612
0
0
0
0
0
0
0
0
0
0
0
1624
0
0
0
0
4095
0
1948
1090
1366
3163
0
0
0
0
0
0
0
0
0
0
0
1761
0
0
0
0
4095
0
2022
993
1162
1516
0
0
0
1993
0
0
0
0
0
0
0
1132
0
0
0
0
4095
0
2383
932
1349
1827
0
0
0
922
0
0
0
0
0
0
0
179
0
0
0
0
0
0
4095
269
1206
0
0
0
1014
0
0
0
0
0
0
0
174
0
0
0
0
4095
0
4095
2112
184
1584
0
1628
0
803
0
0
0
0
0
0
0
164
294
0
0
0
0
0
4095
2354
280
1190
0
1131
0
0
0
0
0
0
0
0
0
0
405
0
0
0
0
0
4095
1822
190
351
0
737
0
0
0
0
0
0
0
0
0
0
114
0
0
0
0
0
4095
1562
263
411
0
245
0
0
0
0
0
0
0
0
0
166
0
0
0
0
0
4095
4095
1254
191
0
343
481
0
0
0
0
0
0
0
0
0
304
0
0
0
0
0
2437
4095
1262
274
0
335
271
0
0
0
0
0
0
0
0
0
224
0
0
0
0
0
1149
4095
1190
270
0
346
173
0
0
0
0
0
0
0
0
0
0
0
0
0
0
0
1424
3544
1143
0
0
389
47
0
0
0
0
0
0
0
0
0
0
0
0
0
0
520
1598
3235
1215
0
0
149
41
0
0
0
0
0
0
0
0
0
0
0
0
0
0
520
2749
3593
1176
0
5
54
0
0
0
0
0
0
0
0
0
0
0
0
0
0
0
535
2758
3104
1147
0
146
9
0
0
0
0
0
0
0
0
0
0
0
0
0
0
0
655
4095
3466
258
0
127
8
0
0
0
0
0
0
1195
0
0
0
0
0
0
0
0
848
4095
2224
261
0
60
80
0
0
0
0
0
0
2403
0
0
0
0
0
0
0
0
4095
4095
1618
477
0
181
509
0
0
0
0
0
0
0
0
0
0
0
0
0
0
0
0
0
950
0
7
131
389
0
0
0
0
0
231
0
0
0
0
0
0
0
0
0
4095
0
1031
0
102
139
0
0
0
0
0
0
2917
1399
0
0
0
0
0
0
0
0
4095
0
0
0
340
85
0
0
0
0
0
0
1659
1227
0
0
0
0
0
0
0
0
3392
0
0
752
92
128
0
0
0
0
0
0
3005
1218
0
0
0
0
0
0
0
0
1327
0
0
708
104
0
0
0
0
0
0
0
3676
1009
0
0
0
0
0
0
0
0
0
0
0
605
85
0
0
0
0
0
0
0
3608
0
0
0
0
0
0
0
0
2528
0
0
0
699
34
0
0
0
0
0
0
0
3494
0
0
0
0
0
0
101
1308
0
0
0
1018
222
0
0
0
0
0
0
0
0
3569
305
0
0
0
0
0
158
2517
0
0
0
832
261
0
0
0
0
0
0
0
2231
996
368
0
0
0
0
0
881
4095
0
0
0
675
152
0
0
0
0
0
0
0
2019
0
227
0
0
0
0
116
780
0
0
0
0
1218
188
0
0
0
0
0
0
0
1788
0
0
0
0
0
0
0
995
1903
0
0
1052
339
379
0
0
0
0
0
0
0
0
0
0
0
0
0
0
0
1159
1878
0
0
1159
162
500
0
0
0
0
0
71
0
0
0
0
0
0
0
87
0
1114
1347
0
0
1087
109
846
0
0
0
0
0
0
0
0
0
0
0
0
0
0
882
1112
1241
0
0
1042
30
0
0
0
0
32
0
0
0
0
0
0
0
0
0
0
3366
627
0
0
0
863
10
0
0
0
0
58
0
0
0
0
0
0
0
0
0
0
0
0
0
0
0
563
58
0
0
0
0
63
0
0
0
0
0
0
0
0
79
0
0
0
0
1633
0
2
75
0
0
0
0
70
0
0
0
0
0
0
0
0
0
0
0
0
0
302
0
0
1
0
0
0
82
0
0
0
0
0
0
0
0
0
0
0
0
0
0
378
0
0
0
0
0
0
87
0
0
0
0
0
0
0
0
0
0
0
0
0
0
400
0
0
0
0
0
0
47
0
0
0
0
0
0
0
0
10
0
0
0
0
0
0
0
0
0
0
0
0
0
0
0
0
0
0
0
0
0
8
0
0
0
0
0
0
0
0
0
0
0
0
0
0
0
0
0
0
0
0
0
0
0
0
0
0
0
0
0
0
0
0
0
0
0
0
0
0
0
0
0
0
0
0
0
0
0
0
0
0
0
0
0
0
0
0
0
0
0
0
0
0
0
0
0
0
0
0
0
0
0
0
0
0
0
0
0
0
0
0
4095
0
0
0
0
0
57
0
0
0
0
0
0
0
0
0
0
0
0
0
0
0
4095
0
0
0
0
0
63
0
0
0
0
0
0
0
0
0
0
0
0
0
0
0
4095
0
0
0
0
0
67
0
0
0
0
0
0
0
0
0
0
0
0
0
0
0
0
0
0
0
0
0
52
0
0
0
0
0
0
0
0
0
0
0
0
0
0
0
0
0
0
0
0
24
0
0
0
0
0
0
0
0
0
0
0
0
0
0
0
0
0
0
0
0
0
22
0
0
0
0
0
0
0
0
0
0
0
0
0
0
0
0
0
0
0
0
0
0
0
0
0
0
0
0
0
0
0
0
0
0
0
0
0
0
0
0
0
0
0
0
0
0
0
0
0
0
0
0
0
0
0
4095
0
0
0
0
0
0
0
0
0
0
0
0
0
0
0
0
0
0
0
0
0
0
0
0
0
0
0
0
0
0
89
0
0
0
0
0
0
0
0
0
0
0
0
0
0
0
0
4095
4095
0
0
0
0
0
0
0
0
0
0
0
0
0
0
0
20
0
0
0
4095
4095
1217
0
0
109
0
0
0
0
0
0
0
0
0
0
0
0
864
0
0
0
4095
3536
1259
0
0
38
0
0
0
0
0
0
0
0
0
0
0
27
1401
0
0
0
4095
4095
1135
0
0
69
0
0
0
0
0
0
0
0
0
0
0
103
0
0
0
2676
3109
3007
296
0
0
63
0
0
0
0
0
0
0
0
0
0
0
90
0
0
0
3046
3693
2582
472
0
0
1385
0
0
0
0
0
0
0
0
0
0
0
782
0
0
1495
1364
3170
1815
0
0
2630
1096
0
0
0
0
0
0
0
0
0
0
0
570
0
0
2967
1189
4095
4046
74
974
0
1231
0
0
0
0
0
0
0
0
0
0
0
0
0
0
3335
1191
4095
4095
86
1067
1154
1221
0
0
0
0
0
0
0
0
0
0
0
0
0
0
3031
1248
4095
4095
16
1065
1089
455
0
