1971
4095
0
0
1655
0
0
0
0
0
0
0
0
3136
0
0
1
0
0
0
0
4095
2353
4095
0
0
1412
0
0
0
0
0
0
0
0
3188
0
0
0
0
0
0
4095
1245
2133
3728
0
0
781
0
0
0
0
0
0
0
1120
3424
0
0
0
0
0
0
4095
1188
1968
1307
0
0
0
0
0
0
0
0
0
0
1362
1875
1359
0
0
0
0
0
4095
1165
3693
0
0
0
0
0
0
0
0
0
0
0
1376
1750
1440
0
0
0
0
0
4095
1329
4095
0
0
0
0
0
0
0
0
0
0
0
1461
1955
0
0
0
0
0
0
4095
1195
3935
0
0
0
0
0
0
0
0
0
0
0
1761
1664
0
0
0
0
0
0
4095
1420
3842
0
0
0
0
0
0
0
0
0
0
0
1613
635
0
0
0
4095
0
4095
179
1196
1254
0
0
0
1356
0
0
0
0
0
0
0
1509
0
0
0
0
4095
0
4095
263
1091
920
0
0
0
1377
0
0
0
0
0
0
0
1587
0
0
0
0
4095
0
4095
287
1178
932
0
0
1147
0
0
0
0
0
0
0
0
169
0
0
0
4095
0
0
4095
184
801
0
527
0
1211
0
0
0
0
0
0
0
108
0
0
0
0
0
0
4095
1118
288
1297
0
516
0
846
0
0
0
0
0
0
0
110
194
0
0
0
0
0
4095
1266
189
1157
0
920
0
0
0
0
0
0
0
0
0
0
389
0
0
0
0
0
4095
1280
268
344
0
383
0
0
0
0
0
0
0
0
0
0
251
0
0
0
0
0
4095
1186
359
324
369
460
0
0
0
0
0
0
0
0
0
70
0
0
0
0
0
4095
3413
1214
451
0
318
347
0
0
0
0
0
0
0
0
0
324
0
0
0
0
0
4095
3112
1342
448
0
358
152
0
0
0
0
0
0
0
0
0
308
0
0
0
0
0
3727
3415
1162
456
0
398
95
0
0
0
0
0
0
0
0
0
0
0
0
0
0
0
4095
3116
1139
0
0
216
58
0
0
0
0
0
0
0
0
0
0
0
0
0
0
1283
3790
3184
1466
0
0
61
0
0
0
0
0
0
0
0
0
0
0
0
0
0
0
1270
3806
3147
1356
0
1
8
0
0
0
0
0
0
0
0
0
0
0
0
0
0
0
1192
3536
3897
1385
0
106
8
0
0
0
0
0
0
0
0
0
0
0
0
0
0
0
1172
4095
3480
504
0
127
3
0
0
0
0
0
0
776
0
0
0
0
0
0
0
0
1348
4095
2611
305
0
31
494
0
0
0
0
0
0
1449
0
0
0
0
0
0
0
0
2401
4095
1355
272
0
185
477
0
0
0
0
0
1287
0
0
0
0
0
0
0
0
0
4095
0
4095
0
267
127
0
0
0
0
0
0
2604
0
0
0
0
0
0
0
0
0
4095
0
3306
0
396
161
0
0
0
0
0
0
1612
1228
0
0
0
0
0
0
0
0
4095
0
0
0
697
88
0
0
0
0
0
0
2801
1493
0
0
0
0
0
0
0
0
4095
0
0
646
62
61
0
0
0
0
0
0
3490
1382
0
0
0
0
0
0
0
0
704
0
0
751
196
0
0
0
0
0
0
0
3379
1278
0
0
0
0
0
0
0
0
0
0
0
1539
119
0
0
0
0
0
0
0
3402
0
0
0
0
0
0
0
0
887
0
0
0
1154
33
0
0
0
0
0
0
0
3338
0
0
0
0
0
0
0
1179
0
0
0
1416
259
0
0
0
0
0
0
0
2237
1723
247
0
0
0
0
0
161
1850
0
0
0
1505
208
0
0
0
0
0
0
0
2427
0
374
0
0
0
0
0
686
1825
0
0
0
1317
220
0
0
0
0
0
0
0
1777
0
307
0
0
0
0
2420
0
0
0
0
0
1913
141
0
0
0
0
0
0
0
431
0
0
0
0
0
0
0
727
1850
0
0
1053
247
323
0
0
0
0
0
0
0
0
0
0
0
0
0
0
0
1133
1947
0
0
1003
284
495
0
0
0
0
0
0
0
0
0
0
0
0
0
92
0
1125
1820
0
0
1017
146
503
0
0
0
1
0
0
0
0
0
0
0
0
0
0
452
1108
590
0
0
1062
437
0
0
0
0
65
0
0
0
0
0
0
0
0
0
0
1123
1134
0
0
0
1681
13
0
0
0
0
73
0
0
0
0
0
0
0
0
0
0
1282
0
0
0
0
1131
26
0
0
0
15
51
0
0
0
0
0
0
0
0
1172
0
0
0
0
0
0
1207
55
0
0
0
66
0
0
0
0
0
0
0
0
0
214
0
0
0
0
521
0
0
51
0
0
0
62
0
0
0
0
0
0
0
0
0
0
0
0
0
0
326
0
1
0
0
0
0
92
0
0
0
0
0
0
0
0
0
0
0
0
0
0
402
0
0
0
0
0
0
0
0
0
0
0
0
0
0
0
95
0
0
0
0
0
0
0
0
0
0
0
0
0
0
0
0
0
0
0
0
0
20
0
0
0
0
0
0
0
0
0
0
0
0
0
0
0
0
0
0
0
0
0
0
0
0
0
0
0
0
0
0
0
0
0
0
0
0
0
0
0
0
0
0
0
9
0
0
0
0
0
0
0
0
0
0
0
4095
0
0
4095
0
0
0
0
0
18
0
0
0
0
0
0
0
0
0
0
0
0
12
0
0
4095
0
0
0
0
0
31
0
0
0
0
0
0
0
0
0
0
0
0
0
0
0
4095
0
0
0
0
0
73
0
0
0
0
0
0
0
0
0
0
0
0
0
0
4095
0
0
0
0
0
0
58
0
0
0
0
0
0
0
0
0
0
0
0
0
0
4095
0
0
0
0
0
0
53
0
0
0
0
0
0
0
0
0
0
0
0
0
0
0
0
0
0
0
0
4095
0
0
0
0
0
0
0
0
0
0
0
0
0
0
0
0
0
0
0
0
0
4095
0
0
0
0
0
0
0
0
0
0
0
0
0
0
0
0
0
0
0
0
0
4095
0
0
0
0
0
0
0
0
0
0
0
0
0
0
0
0
0
0
0
0
4095
0
0
0
0
0
0
0
0
0
0
0
0
4095
0
0
0
0
0
0
0
0
4095
0
0
0
0
0
0
0
0
0
0
0
0
0
0
0
0
4095
544
0
0
0
0
0
0
0
0
0
0
0
0
0
0
0
0
0
0
0
4095
4095
498
0
0
57
0
0
0
0
0
0
0
0
0
0
0
0
8
0
0
0
4095
1964
573
0
0
67
0
0
0
0
0
0
0
0
0
0
0
0
597
0
0
0
4095
1153
544
0
0
75
0
0
0
0
0
0
0
0
0
0
0
0
1507
0
0
0
4095
1167
276
0
0
76
0
0
0
0
0
0
0
0
0
0
0
101
0
0
0
2354
4095
1121
211
0
0
831
0
0
0
0
0
0
0
0
0
0
0
96
0
0
0
2357
4095
1166
0
0
0
2523
0
0
0
0
0
0
0
0
0
0
0
578
0
0
867
1271
4095
1124
56
550
0
2194
0
0
0
0
0
0
0
0
0
0
0
789
0
0
2029
1627
4095
4095
71
1079
0
2223
0
0
0
0
0
0
0
0
0
0
0
0
0
0
3252
2009
4095
4095
39
1101
1150
933
0
0
0
0
0
0
0
0
0
0
0
0
0
0
4095
2047
4095
4095
0
0
2017
0
0
0
0
0
0
0
0
0
0
1414
0
0
0
0
4095
2396
4095
4095
0
916
1110
0
0
0
0
0
0
0
2132
0
0
1
0
0
0
0
3988
2031
