4095
614
0
922
0
0
0
0
0
0
0
0
4095
0
0
5
0
0
0
0
4095
2117
4095
0
0
1584
0
0
0
0
0
0
0
0
3287
0
0
0
0
0
0
4095
1338
2010
4095
0
0
2591
0
0
0
0
0
0
0
825
3232
0
0
0
0
0
0
4095
1183
2320
1200
0
0
0
0
0
0
0
0
0
0
1515
1678
1397
0
0
0
0
0
4095
1075
2139
0
0
0
0
0
0
0
0
0
0
0
1602
1707
1965
0
0
0
0
0
4095
1303
1991
0
0
0
0
0
0
0
0
0
0
0
1413
1686
0
0
0
0
0
0
4095
1105
3613
0
0
0
0
0
0
0
0
0
0
0
1548
1771
0
0
0
0
0
0
4095
967
3824
0
0
0
0
0
0
0
0
0
0
0
1493
944
0
0
0
4095
0
1712
186
1021
3394
0
0
0
0
0
0
0
0
0
0
0
1697
0
0
0
0
4095
0
878
273
803
1692
0
0
0
2586
0
0
0
0
0
0
0
1625
0
0
0
0
4095
0
1252
250
1034
938
0
0
1005
0
0
0
0
0
0
0
0
109
0
0
0
0
0
0
4095
268
851
1190
0
0
1255
0
0
0
0
0
0
0
178
0
0
0
0
4095
0
4095
1305
373
813
0
1922
0
473
0
0
0
0
0
0
0
155
122
0
0
0
0
0
4095
1188
451
754
0
1205
0
0
0
0
0
0
0
0
0
0
413
0
0
0
0
0
4095
1141
444
0
0
723
0
0
0
0
0
0
0
0
0
0
306
0
0
0
0
0
4095
1265
411
0
0
351
0
0
0
0
0
0
0
0
0
60
0
0
0
0
0
4095
3439
1184
528
0
345
450
0
0
0
0
0
0
0
0
0
271
0
0
0
0
0
4095
3440
1286
463
0
404
180
0
0
0
0
0
0
0
0
0
330
0
0
0
0
0
4095
3076
1548
478
0
299
140
0
0
0
0
0
0
0
0
0
0
0
0
0
0
0
4095
3182
1262
0
0
314
0
0
0
0
0
0
0
0
0
0
0
0
0
0
0
1254
3523
3684
1377
0
0
249
10
0
0
0
0
0
0
0
0
0
0
0
0
0
0
1229
3585
3471
1662
0
0
72
0
0
0
0
0
0
0
0
0
0
0
0
0
0
0
1365
3557
3143
1625
0
97
8
0
0
0
0
0
0
0
0
0
0
0
0
0
0
0
1286
4095
3104
591
0
150
6
0
0
0
0
0
0
786
0
0
0
0
0
0
0
0
1152
4095
3028
296
0
13
3
0
0
0
0
0
0
2443
0
0
0
0
0
0
0
0
1147
4095
1571
558
0
196
503
0
0
0
0
0
0
0
0
0
0
0
0
0
0
0
4095
4095
1411
0
3
144
442
0
0
0
0
0
2675
0
0
0
0
0
0
0
0
0
4095
0
672
0
67
145
0
0
0
0
0
0
1887
1282
0
0
0
0
0
0
0
0
4095
0
1166
0
88
146
0
0
0
0
0
0
2368
1267
0
0
0
0
0
0
0
0
4095
0
0
275
61
250
0
0
0
0
0
0
3316
1309
0
0
0
0
0
0
0
0
681
0
0
691
120
0
0
0
0
0
0
0
3376
1569
0
0
0
0
0
0
0
0
2440
0
0
729
104
0
0
0
0
0
0
0
3599
0
0
0
0
0
0
0
0
0
0
0
0
739
36
0
0
0
0
0
0
0
3746
0
0
0
0
0
0
0
0
0
0
0
0
1188
0
0
0
0
0
0
0
2056
1656
169
0
0
0
0
0
198
3279
0
0
0
926
226
0
0
0
0
0
0
0
2330
0
435
0
0
0
0
0
1427
4095
0
0
0
832
194
0
0
0
0
0
0
0
1794
0
321
0
0
0
0
98
0
0
0
0
0
1259
123
0
0
0
0
0
0
0
766
0
0
0
0
0
0
0
727
2014
0
0
1058
269
368
0
0
0
0
0
0
0
0
0
0
0
0
0
0
0
1078
1934
0
0
1009
257
441
0
0
0
0
0
18
0
0
0
0
0
0
0
84
0
1199
1930
0
0
1122
153
811
0
0
0
0
0
0
0
0
0
0
0
0
0
0
429
1229
1202
0
0
1055
74
0
0
0
0
56
0
0
0
0
0
0
0
0
0
0
1156
1126
0
0
0
1078
7
0
0
0
0
69
0
0
0
0
0
0
0
0
0
0
2655
0
0
0
0
1153
27
0
0
0
0
56
0
0
0
0
0
0
0
0
76
0
0
0
0
0
0
564
52
0
0
0
0
7
0
0
0
0
0
0
0
0
0
0
0
0
0
1293
0
0
77
0
0
0
82
0
0
0
0
0
0
0
0
0
0
0
0
0
0
312
0
1
0
0
0
0
102
0
0
0
0
0
0
0
0
0
0
0
0
0
0
599
0
0
0
0
0
0
70
0
0
0
0
0
0
0
0
0
0
0
0
0
0
0
0
0
0
0
0
0
0
0
0
0
0
0
0
0
0
13
0
0
0
0
0
0
0
0
0
0
0
0
0
0
0
0
0
0
0
0
0
0
0
0
0
0
0
0
0
0
0
0
0
0
0
0
0
0
0
0
0
0
0
0
0
0
0
0
0
0
0
0
0
0
0
0
0
0
4095
0
0
0
0
0
0
0
0
0
0
0
0
0
0
0
0
0
0
0
0
0
4095
0
0
0
0
0
26
0
0
0
0
0
0
0
0
0
0
0
0
0
0
0
4095
0
0
0
0
0
68
0
0
0
0
0
0
0
0
0
0
0
0
0
0
4095
0
0
0
0
0
0
62
0
0
0
0
0
0
0
0
0
0
0
0
0
0
4095
0
0
0
0
0
0
64
0
0
0
0
0
0
0
0
0
0
0
0
0
0
0
0
0
0
0
0
0
0
0
0
0
0
0
0
0
0
0
0
0
0
0
0
0
0
0
0
0
0
68
0
0
0
0
0
0
0
0
0
0
0
0
0
0
0
0
0
0
0
0
0
10
0
0
0
0
0
0
0
0
0
0
0
0
0
0
0
0
0
0
0
0
0
0
0
0
0
0
0
0
0
0
0
0
0
0
0
0
0
0
0
0
0
0
77
0
0
0
0
0
0
0
0
0
0
0
0
0
0
0
0
0
0
0
0
0
0
0
0
0
0
0
0
0
0
0
0
0
0
0
0
0
0
4095
1432
0
0
0
0
0
0
0
0
0
0
0
0
0
0
0
13
0
0
0
4095
1218
485
0
0
100
0
0
0
0
0
0
0
0
0
0
0
0
602
0
0
0
4095
1127
493
0
0
94
0
0
0
0
0
0
0
0
0
0
0
0
1188
0
0
0
4095
1128
390
0
0
68
0
0
0
0
0
0
0
0
0
0
0
98
0
0
0
2054
4095
1109
183
0
0
687
0
0
0
0
0
0
0
0
0
0
0
91
0
0
0
3112
4095
1291
0
0
0
2097
0
0
0
0
0
0
0
0
0
0
0
520
0
0
0
3167
4095
1237
0
1641
0
1119
0
0
0
0
0
0
0
0
0
0
0
716
0
0
1764
2075
4095
4095
81
2242
0
1123
0
0
0
0
0
0
0
0
0
0
0
0
0
0
3593
2256
4095
4095
45
2179
1124
1114
0
0
0
0
0
0
0
0
0
0
0
0
0
0
4095
2097
4095
4095
0
0
1269
0
0
0
0
0
0
0
0
0
0
162
0
0
0
0
4095
1998
4095
4095
0
0
2204
0
0
0
0
0
0
0
340
0
0
5
0
0
0
0
4095
2427
4095
