64
24
22
0
0
0
0
1194
252
402
424
65
120
66
300
83
18
0
340
157
19
249
0
123
29
243
0
23
18
37
0
0
62
59
20
24
18
205
32
27
265
68
0
0
47
0
30
28
0
28
0
88
0
28
28
19
353
718
80
21
0
0
124
24
30
778
199
685
0
541
0
504
102
108
0
13
28
472
3841
0
294
471
56
122
1636
218
134
191
468
151
0
124
250
0
128
507
14
256
0
0
18
216
100
182
66
70
76
221
1153
672
0
120
743
193
240
269
338
663
314
363
1191
0
161
185
31
97
159
547
448
123
0
131
387
30
65
132
61
118
0
446
254
34
32
192
375
169
522
171
131
385
540
1051
1040
64
0
18
0
12
65
218
249
452
948
1894
26
