-1
44
18
-1
-1
-1
-1
-1
-1
-1
123
-1
-1
30
-1
-1
-1
-1
22
27
29
13
-1
63
-1
-1
-1
-1
-1
-1
-1
-1
62
-1
-1
18
-1
-1
-1
36
6
23
29
-1
-1
123
-1
-1
-1
-1
-1
-1
-1
-1
61
-1
-1
-1
-1
-1
-1
35
11
23
34
-1
-1
-1
-1
-1
-1
-1
-1
-1
-1
25
59
-1
-1
-1
-1
-1
-1
37
15
24
34
-1
-1
-1
-1
-1
-1
-1
-1
-1
-1
30
31
25
-1
-1
-1
-1
-1
57
13
25
151
-1
-1
-1
-1
-1
-1
-1
-1
-1
-1
25
32
25
-1
-1
-1
-1
-1
72
12
22
-1
-1
-1
-1
-1
-1
-1
-1
-1
-1
-1
27
34
-1
-1
-1
-1
-1
-1
61
15
114
-1
-1
-1
-1
-1
-1
-1
-1
-1
-1
-1
28
31
-1
-1
-1
-1
-1
-1
55
13
122
-1
-1
-1
-1
-1
-1
-1
-1
-1
-1
-1
31
-1
-1
-1
-1
92
-1
27
3
14
85
-1
-1
-1
137
-1
-1
-1
-1
-1
-1
-1
30
-1
-1
-1
-1
62
-1
21
2
12
51
-1
-1
69
64
-1
-1
-1
-1
-1
-1
-1
18
-1
-1
-1
-1
94
-1
20
3
12
72
-1
-1
67
-1
-1
-1
-1
-1
-1
-1
-1
3
-1
-1
-1
-1
-1
29
21
3
12
-1
-1
-1
176
-1
-1
-1
-1
-1
-1
-1
3
-1
-1
-1
-1
30
-1
28
10
2
28
-1
62
-1
-1
-1
-1
-1
-1
-1
-1
-1
2
20
-1
-1
-1
-1
-1
59
12
3
25
-1
59
-1
-1
-1
-1
-1
-1
-1
-1
-1
-1
20
-1
-1
-1
-1
-1
56
13
3
22
-1
59
-1
-1
-1
-1
-1
-1
-1
-1
-1
-1
8
-1
-1
-1
-1
-1
53
14
3
19
-1
40
-1
-1
-1
-1
-1
-1
-1
-1
-1
10
-1
-1
-1
-1
-1
28
23
12
5
-1
19
60
-1
-1
-1
-1
-1
-1
-1
-1
-1
17
-1
-1
-1
-1
-1
29
23
13
5
-1
22
32
-1
-1
-1
-1
-1
-1
-1
-1
-1
14
-1
-1
-1
-1
-1
28
21
14
3
-1
18
20
-1
-1
-1
-1
-1
-1
-1
-1
-1
-1
-1
-1
-1
-1
-1
34
22
15
-1
-1
18
16
-1
-1
-1
-1
-1
-1
-1
-1
-1
-1
-1
-1
-1
-1
27
26
24
13
-1
-1
19
22
-1
-1
-1
-1
-1
-1
-1
-1
-1
-1
-1
-1
-1
-1
31
25
21
15
-1
2
21
-1
-1
-1
-1
-1
-1
-1
-1
-1
-1
-1
-1
-1
-1
-1
32
29
21
16
-1
9
18
2
-1
-1
-1
-1
-1
-1
-1
-1
-1
-1
-1
-1
-1
-1
31
26
22
14
-1
5
18
-1
-1
-1
-1
-1
-1
22
-1
-1
-1
-1
-1
-1
-1
-1
31
26
20
33
-1
8
27
-1
-1
-1
-1
-1
-1
45
-1
-1
-1
-1
-1
-1
-1
-1
59
51
15
-1
-1
9
24
-1
-1
-1
-1
-1
5
-1
-1
-1
-1
-1
-1
-1
-1
-1
-1
-1
32
-1
2
8
15
-1
-1
-1
-1
-1
70
-1
-1
-1
-1
-1
-1
-1
-1
-1
34
-1
62
-1
6
6
-1
-1
-1
-1
-1
-1
66
22
-1
-1
-1
-1
-1
-1
-1
-1
37
-1
-1
-1
20
24
-1
-1
-1
-1
-1
-1
90
22
-1
-1
-1
-1
-1
-1
-1
-1
59
-1
-1
36
4
45
-1
-1
-1
-1
-1
-1
104
24
-1
-1
-1
-1
-1
-1
-1
-1
109
-1
-1
36
6
-1
-1
-1
-1
-1
-1
-1
110
17
-1
-1
-1
-1
-1
-1
-1
-1
-1
-1
-1
43
29
-1
-1
-1
-1
-1
-1
-1
109
-1
-1
-1
-1
-1
-1
-1
-1
197
-1
-1
-1
42
37
-1
-1
-1
-1
-1
-1
-1
115
-1
-1
-1
-1
-1
-1
30
37
-1
-1
-1
51
16
35
-1
-1
-1
-1
-1
-1
98
18
19
-1
-1
-1
-1
-1
30
104
-1
-1
-1
46
21
71
-1
-1
-1
-1
-1
-1
85
-1
27
-1
-1
-1
-1
-1
30
166
-1
-1
-1
49
17
-1
-1
-1
-1
-1
-1
-1
62
-1
9
-1
-1
-1
-1
12
30
-1
-1
-1
-1
83
52
-1
-1
-1
-1
-1
-1
-1
-1
-1
-1
-1
-1
-1
-1
-1
34
66
-1
-1
59
22
62
-1
-1
-1
-1
-1
11
-1
-1
-1
-1
-1
-1
-1
-1
-1
32
67
-1
-1
62
22
40
-1
-1
-1
-1
-1
-1
-1
-1
-1
-1
-1
-1
-1
10
-1
30
53
-1
-1
61
22
56
-1
-1
-1
36
-1
-1
-1
-1
-1
-1
-1
-1
-1
-1
24
30
65
-1
-1
57
22
-1
-1
-1
-1
46
-1
-1
-1
-1
-1
-1
-1
-1
-1
-1
90
18
-1
-1
-1
47
34
-1
-1
-1
-1
47
-1
-1
-1
-1
-1
-1
-1
-1
-1
-1
-1
-1
-1
-1
-1
30
30
-1
-1
-1
-1
36
-1
-1
-1
-1
-1
-1
-1
-1
7
-1
-1
-1
-1
96
-1
2
24
-1
-1
-1
30
11
-1
-1
-1
-1
-1
-1
-1
-1
-1
-1
-1
-1
-1
32
-1
-1
112
-1
-1
-1
42
-1
-1
-1
-1
-1
-1
-1
-1
-1
-1
-1
-1
-1
-1
32
-1
2
-1
-1
-1
-1
35
-1
-1
-1
-1
-1
-1
-1
-1
-1
-1
-1
-1
-1
-1
49
-1
-1
-1
-1
-1
-1
14
-1
-1
-1
-1
-1
-1
-1
-1
1
-1
-1
-1
-1
-1
-1
-1
-1
-1
-1
-1
-1
10
-1
-1
-1
-1
-1
-1
-1
-1
1
-1
-1
-1
-1
-1
-1
-1
-1
-1
-1
-1
26
-1
-1
-1
-1
-1
-1
-1
-1
-1
-1
-1
-1
-1
-1
-1
-1
-1
-1
-1
-1
-1
26
-1
-1
-1
-1
-1
-1
-1
-1
-1
-1
-1
-1
-1
-1
-1
-1
-1
-1
-1
-1
-1
84
-1
-1
-1
-1
-1
-1
-1
-1
-1
-1
-1
-1
-1
-1
-1
-1
-1
-1
-1
-1
-1
-1
-1
-1
55
-1
-1
-1
-1
-1
18
-1
-1
-1
-1
-1
-1
-1
-1
-1
-1
-1
-1
-1
-1
-1
47
-1
-1
-1
-1
-1
20
-1
-1
-1
-1
-1
-1
-1
-1
-1
-1
-1
-1
-1
-1
-1
161
-1
-1
-1
-1
-1
32
-1
-1
-1
-1
-1
-1
-1
-1
-1
-1
-1
-1
-1
-1
193
-1
-1
-1
-1
-1
-1
32
-1
-1
-1
-1
-1
-1
-1
-1
-1
-1
-1
-1
-1
-1
-1
-1
-1
-1
-1
-1
3
-1
-1
-1
-1
-1
-1
-1
-1
-1
-1
-1
-1
-1
-1
-1
-1
-1
-1
-1
-1
-1
3
-1
-1
-1
-1
-1
-1
-1
-1
-1
-1
-1
-1
-1
-1
-1
-1
-1
-1
-1
-1
-1
-1
-1
-1
-1
-1
-1
-1
-1
-1
-1
-1
-1
-1
-1
-1
-1
-1
-1
-1
-1
-1
-1
-1
-1
-1
-1
-1
-1
-1
-1
-1
-1
-1
-1
160
-1
-1
-1
-1
-1
-1
-1
-1
10
-1
-1
-1
-1
-1
-1
-1
-1
-1
-1
-1
-1
-1
-1
-1
-1
-1
-1
-1
-1
-1
-1
-1
-1
-1
-1
-1
-1
-1
-1
-1
-1
-1
-1
-1
-1
-1
-1
168
95
-1
-1
12
-1
-1
-1
-1
-1
-1
-1
-1
-1
-1
-1
-1
6
-1
-1
-1
38
29
15
-1
-1
18
-1
-1
-1
-1
-1
-1
-1
-1
-1
-1
-1
-1
6
-1
-1
-1
35
29
14
-1
-1
30
-1
-1
-1
-1
-1
-1
-1
-1
-1
-1
-1
21
7
-1
-1
-1
37
30
15
-1
-1
30
-1
-1
-1
-1
-1
-1
-1
-1
-1
-1
-1
58
-1
-1
-1
20
26
31
27
-1
-1
36
-1
-1
-1
-1
-1
-1
-1
-1
-1
-1
-1
60
-1
-1
-1
17
30
32
53
-1
-1
60
-1
-1
-1
-1
-1
-1
-1
-1
-1
-1
-1
91
-1
-1
4
14
30
31
-1
96
-1
33
-1
-1
-1
-1
-1
-1
-1
-1
-1
-1
-1
58
-1
-1
9
15
28
30
10
33
33
33
-1
-1
-1
-1
-1
-1
-1
-1
-1
-1
-1
-1
-1
-1
13
21
30
29
10
60
30
12
-1
-1
-1
-1
-1
-1
-1
-1
-1
-1
-1
-1
-1
-1
13
25
31
29
3
-1
30
-1
-1
-1
-1
-1
-1
-1
-1
-1
-1
96
-1
-1
-1
-1
14
23
32
35
-1
