0
1101
38
0
0
0
0
0
0
0
3142
0
0
6
0
0
0
4095
809
1632
4095
598
0
1762
0
0
0
0
0
0
0
0
3121
0
0
1
0
0
0
4095
788
1625
4095
0
0
805
0
0
0
0
0
0
0
4095
0
0
0
0
0
0
0
4095
752
4095
0
0
0
0
0
0
0
0
0
0
0
4095
0
0
0
0
0
0
0
4095
657
3062
0
0
0
0
0
0
0
0
0
0
0
4095
0
0
0
0
0
0
0
4095
786
3104
0
0
0
0
0
0
0
0
0
0
0
1721
1640
0
0
0
0
0
0
4095
726
3408
0
0
0
0
0
0
0
0
0
0
0
1468
1546
0
0
0
0
0
4095
555
642
3412
0
0
0
0
0
0
0
0
0
0
0
1527
866
0
0
0
0
0
4095
465
825
3207
0
0
0
0
0
0
0
0
0
0
0
1465
0
0
0
0
4095
0
4095
455
737
1951
0
0
0
0
0
0
0
0
0
0
0
1589
0
0
0
0
0
0
4095
532
614
1944
0
0
953
0
0
0
0
0
0
0
215
0
0
0
0
4095
0
4095
1829
479
1775
0
0
0
925
0
0
0
0
0
0
0
432
0
0
0
0
4095
0
4095
1581
540
1649
0
0
0
395
0
0
0
0
0
0
0
830
0
0
0
0
4095
0
4095
1607
468
302
0
1598
0
0
0
0
0
0
0
0
0
0
0
0
0
0
0
0
4095
1910
464
39
0
1798
0
0
0
0
0
0
0
0
0
0
0
0
0
0
0
0
4095
1534
573
0
0
1254
0
0
0
0
0
0
0
0
0
151
0
0
0
0
0
4095
2946
1631
425
0
589
621
0
0
0
0
0
0
0
0
0
420
0
0
0
0
0
4095
2869
1894
473
0
439
427
0
0
0
0
0
0
0
0
0
321
0
0
0
0
0
4095
3055
1523
182
0
432
12
0
0
0
0
0
0
0
0
0
0
0
0
0
0
0
4095
3619
1583
0
229
260
12
0
0
0
0
0
0
0
0
0
0
0
0
0
0
1163
4094
2924
1942
0
257
296
0
0
0
0
0
0
0
0
0
0
0
0
0
0
0
1138
4095
3088
1592
0
240
150
0
0
0
0
0
0
0
0
0
0
0
0
0
0
0
1214
4095
2995
1308
0
339
53
0
0
0
0
0
0
0
0
0
0
0
0
0
0
0
1221
4095
3595
281
0
236
5
0
0
0
0
0
0
0
0
1103
0
0
0
0
0
0
1104
4095
2191
257
0
235
4
0
0
0
0
0
0
0
0
1326
0
0
0
0
0
0
1183
4095
1632
0
236
151
49
0
0
0
0
0
1451
0
0
0
0
0
0
0
0
0
4095
4095
1298
0
190
178
60
0
0
0
0
0
2675
0
0
0
0
0
0
0
0
0
4095
0
4095
0
219
387
0
0
0
0
0
0
1693
1222
0
0
0
0
0
0
0
0
4095
0
385
0
124
430
0
0
0
0
0
0
2379
1217
0
0
0
0
0
0
0
0
4095
0
0
500
113
567
0
0
0
0
0
0
3727
943
0
0
0
0
0
0
0
0
735
0
0
401
446
0
0
0
0
0
0
0
3478
539
0
0
0
0
0
0
0
0
845
0
0
428
95
0
0
0
0
0
0
0
3565
0
0
0
0
0
0
0
0
0
0
0
0
1759
0
0
0
0
0
0
0
0
3764
0
0
0
0
0
0
0
939
0
0
0
1317
6
0
0
0
0
0
0
0
0
3749
245
0
0
0
0
0
0
1898
0
0
0
1339
159
0
0
0
0
0
0
0
2442
0
273
0
0
0
0
0
0
2343
0
0
0
1422
172
0
0
0
0
0
0
0
2272
0
167
0
0
0
0
112
0
2833
0
0
0
1225
99
0
0
0
0
0
0
0
625
191
0
0
0
0
0
0
755
1808
0
0
1045
350
112
0
0
0
0
0
0
0
256
337
0
0
0
0
0
0
1049
1941
0
0
880
123
82
0
0
0
0
0
0
0
0
819
0
0
0
0
86
0
1186
1750
0
0
703
32
51
0
0
0
0
0
0
0
0
0
0
0
0
0
0
350
1238
553
0
0
808
3
0
0
0
0
0
0
0
0
0
0
0
0
0
0
0
1091
1284
0
0
0
1513
7
0
0
0
0
56
0
0
0
0
0
0
0
0
17
0
1042
184
0
0
0
1379
178
0
0
0
0
55
0
0
0
0
0
0
0
0
17
0
1230
0
0
0
0
1236
542
0
0
0
23
43
0
0
0
0
0
0
0
0
199
0
0
0
0
766
0
249
269
0
0
0
74
0
0
0
0
0
0
0
0
0
0
0
0
0
0
647
0
7
0
0
0
0
68
0
0
0
0
0
0
0
0
0
0
0
0
0
0
550
0
0
0
0
0
0
68
0
0
0
0
0
0
0
0
268
0
0
0
0
0
0
0
0
0
0
0
0
0
0
0
0
0
0
0
0
0
104
0
0
0
0
0
0
0
0
0
0
0
0
0
0
0
0
0
0
0
0
0
0
0
0
0
0
0
0
0
0
0
0
0
0
0
0
0
0
0
0
0
0
0
0
0
0
0
0
0
0
0
0
0
0
0
0
0
0
0
0
0
0
0
0
0
0
0
0
0
0
0
0
0
0
0
0
0
0
0
0
0
0
0
0
0
0
75
0
0
0
0
0
0
0
0
0
0
0
0
0
0
0
3252
0
0
0
0
0
182
0
0
0
0
0
0
0
0
0
0
0
0
0
0
0
4095
0
0
0
0
0
162
0
0
0
0
0
0
0
0
0
0
0
0
0
0
4095
0
0
0
0
0
0
50
0
0
0
0
0
0
0
0
0
0
0
0
0
0
4095
0
0
0
0
0
55
0
0
0
0
0
0
0
0
0
0
0
0
0
0
0
4095
0
0
0
0
0
4095
0
0
0
0
0
0
0
0
0
0
0
0
0
0
0
0
0
0
0
0
0
4095
0
0
0
0
0
0
0
0
0
0
0
0
0
0
0
0
0
0
0
0
4095
0
0
0
0
0
0
0
0
0
0
0
0
0
0
0
0
0
0
0
0
0
4095
0
0
0
0
0
0
0
0
0
0
0
0
0
0
0
0
0
0
0
0
0
4095
0
0
0
0
0
0
0
0
0
0
0
0
0
0
0
0
0
0
0
0
4095
0
0
0
0
0
0
0
0
0
0
0
0
4095
0
0
0
0
0
0
0
0
96
0
0
0
0
0
0
0
0
0
0
0
0
23
0
0
0
4095
1160
584
0
0
100
0
0
0
0
0
0
0
0
0
0
0
0
8
0
0
0
4095
1147
577
0
0
150
0
0
0
0
0
0
0
0
0
0
0
114
0
0
0
4095
4095
1071
464
0
0
814
0
0
0
0
0
0
0
0
0
0
0
104
0
0
0
4095
4095
1268
178
0
0
2150
0
0
0
0
0
0
0
0
0
0
345
101
0
0
0
4095
4095
1337
0
369
0
2249
0
0
0
0
0
0
0
0
0
0
751
0
0
0
3241
1730
4095
1142
0
1086
1144
1231
0
0
0
0
0
0
0
0
0
0
0
0
0
0
1920
1864
4095
4095
59
1105
1147
1217
0
0
0
0
0
0
0
0
0
0
0
0
0
0
2878
1696
4095
4095
40
975
1144
0
0
0
0
0
0
0
0
0
0
1399
0
0
0
0
2524
1750
4095
4095
0
940
1370
0
0
0
0
0
0
0
1737
0
0
3
0
0
0
2114
698
1976
4095
4095
0
