0
0
0
0
0
0
0
0
0
0
1336
0
6
0
0
0
3060
0
0
0
0
598
623
0
0
0
0
0
0
0
0
0
1485
0
1
0
0
0
3623
0
0
0
0
0
614
0
0
0
0
0
0
0
0
3019
1529
0
0
0
0
0
3701
0
0
2754
370
0
0
0
0
0
0
0
0
0
0
2776
1300
0
0
0
0
1718
3835
0
0
1163
1163
635
0
0
0
0
0
0
0
0
0
2745
1155
0
0
0
0
2173
3923
0
0
1460
1263
734
0
0
0
0
0
0
0
0
65
0
0
0
0
0
0
2477
3910
0
0
1776
1285
652
0
0
0
0
0
0
0
0
105
0
0
0
0
0
1715
3711
0
0
0
1694
1194
593
0
0
0
0
0
0
0
0
115
0
0
0
0
0
2039
3653
0
0
0
1626
1125
582
0
0
0
0
0
0
0
0
114
0
0
0
0
1243
0
3242
0
0
0
1622
1125
601
0
0
0
0
0
0
0
0
210
0
0
0
0
1534
2999
3817
0
0
0
1616
1167
619
7
7
0
0
0
0
0
0
0
0
0
0
0
0
2852
0
0
0
932
559
0
549
33
33
0
0
0
0
0
0
0
0
0
0
0
0
2924
0
0
0
834
502
0
540
40
35
0
0
0
0
0
0
0
0
0
0
0
0
2969
0
0
0
0
463
606
0
73
52
0
0
0
0
0
0
0
0
0
0
0
1659
3399
0
0
0
0
511
787
219
40
23
0
0
0
0
0
0
0
0
0
0
0
1648
3291
0
0
39
0
434
258
40
30
0
0
0
0
0
0
0
0
0
0
0
0
1955
0
0
0
0
102
0
30
30
16
0
0
0
0
0
0
0
0
0
0
0
0
2273
0
0
0
0
165
0
16
16
0
0
0
0
0
0
0
0
0
0
0
0
0
2679
0
0
0
0
199
0
12
12
0
0
0
0
0
0
0
0
0
0
0
0
0
2643
0
0
0
0
0
0
12
12
0
0
0
0
0
0
0
0
0
0
0
0
0
0
0
0
0
0
0
4
0
0
0
0
0
0
0
0
0
0
0
0
0
0
0
0
0
0
0
0
0
0
0
0
0
0
0
0
0
0
0
0
0
0
0
0
0
0
0
0
0
0
0
0
0
0
0
0
0
0
0
0
0
0
0
0
0
0
0
0
0
0
0
0
0
0
0
0
0
0
0
0
1103
1103
0
0
0
0
0
0
0
0
0
0
0
0
0
0
0
0
0
0
0
0
1326
1326
0
0
0
0
0
0
0
0
0
0
236
0
0
0
0
0
0
0
0
1451
0
0
0
0
0
0
0
0
0
0
0
0
157
0
0
0
0
0
0
0
0
1289
0
0
0
0
0
0
0
0
0
0
3674
0
120
0
0
0
0
0
0
3
3
0
0
0
0
0
0
0
0
0
8
0
0
0
83
0
0
0
0
0
0
3
654
0
0
0
0
0
0
0
0
0
55
50
0
444
0
0
0
0
0
0
0
5
1828
0
0
0
0
0
0
0
0
0
232
503
0
383
0
337
0
0
0
0
6
12
1758
0
0
0
0
0
0
0
0
85
298
547
0
346
0
0
0
0
0
0
6
11
1874
0
0
0
0
0
0
0
0
86
302
743
1245
1572
0
0
0
0
0
0
3
6
2013
0
0
0
0
0
0
0
30
186
0
556
993
0
0
0
0
0
0
0
313
316
2071
0
0
0
0
0
0
0
184
443
0
577
1017
0
0
0
0
0
0
0
555
558
0
0
0
0
0
0
0
0
521
546
0
590
1069
0
0
0
0
0
0
0
201
206
0
0
0
0
0
0
0
0
941
578
0
460
894
0
0
0
0
0
0
112
160
160
0
0
0
0
0
0
0
0
0
564
0
535
0
0
0
0
0
0
0
160
23
256
0
0
0
0
0
0
0
0
0
531
0
564
0
0
0
0
0
0
0
23
0
555
555
0
0
0
0
0
0
0
0
493
0
526
0
0
0
0
0
0
0
0
0
0
0
0
0
0
0
0
0
0
0
553
0
531
0
0
0
0
0
0
0
0
0
0
0
0
0
0
0
0
0
0
182
0
608
1154
0
0
0
0
0
0
0
0
0
0
0
0
0
0
0
0
0
0
184
0
611
1212
0
0
0
0
0
0
0
0
0
0
0
0
0
0
0
0
0
179
179
0
613
1131
0
0
0
0
0
0
0
0
0
0
0
0
0
0
0
199
199
0
0
177
0
211
0
0
0
0
0
0
0
0
0
0
0
0
0
0
0
0
0
0
0
175
0
0
0
0
0
0
0
0
0
0
0
0
0
0
0
0
0
0
0
0
0
188
0
0
0
0
0
0
0
0
0
0
0
0
0
0
0
0
268
268
268
268
268
103
0
0
0
0
0
0
0
0
0
0
0
0
0
0
0
0
104
104
104
104
104
0
0
0
0
0
0
0
0
0
0
0
0
0
0
0
0
0
0
0
0
0
0
0
0
0
0
0
0
0
0
0
0
0
0
0
0
0
0
0
0
0
0
0
0
0
0
0
0
0
0
0
0
0
0
0
0
0
0
0
0
0
0
0
0
0
0
0
0
0
0
0
0
0
0
0
0
0
0
0
0
0
0
21
21
21
21
21
1
0
0
0
0
0
0
0
0
0
3252
0
0
0
0
0
0
182
182
182
182
182
71
0
0
0
0
0
0
0
0
0
4095
0
0
0
0
0
0
162
162
162
162
162
64
0
0
0
0
0
0
0
0
0
0
0
0
0
0
0
0
50
50
50
50
50
0
0
0
0
0
0
0
0
0
1769
0
0
0
0
0
0
29
29
29
29
29
15
0
0
0
0
0
0
0
0
0
2027
0
0
4073
4073
4073
4073
15
15
15
15
15
0
0
0
0
0
0
0
0
0
0
2012
4073
4073
4091
4091
4091
4091
4
4
4
4
4
0
0
0
0
0
0
0
0
0
456
2421
4091
4091
4095
4095
4095
0
0
0
0
0
0
0
0
0
0
0
0
0
0
0
1161
2685
4095
4095
4081
4081
4081
0
0
0
0
0
0
0
0
0
0
0
0
0
0
0
1043
2465
4059
4081
4095
4095
4095
0
0
0
0
0
0
0
0
0
0
0
0
1
1
1
1072
2500
4007
4095
4095
4095
0
0
0
0
0
0
0
0
0
0
0
0
0
4088
4088
4088
2249
0
3837
4095
0
0
0
0
0
0
0
0
0
0
0
0
0
0
0
0
0
731
2001
0
0
0
0
63
36
0
0
0
0
0
0
0
0
0
0
0
0
0
0
871
1895
0
0
0
0
76
74
0
0
0
0
0
0
0
0
1
1
1
0
0
0
2404
0
0
0
0
0
737
77
0
0
0
0
0
0
0
0
2
2
2
0
0
0
2575
0
0
0
81
0
1127
81
0
0
0
0
0
0
0
1
4
345
0
0
0
0
2482
0
0
156
145
0
1108
0
0
0
0
0
0
0
0
1
3
751
0
0
0
600
0
0
0
34
0
0
0
0
0
0
0
0
0
0
0
0
3
154
158
158
158
1012
0
0
0
0
0
0
0
0
0
0
0
0
0
0
0
561
565
565
571
571
571
2075
0
0
0
0
0
0
0
0
0
0
0
0
0
0
0
1397
1399
0
0
0
0
1773
0
0
0
0
0
0
0
0
0
0
0
0
0
0
1410
0
3
0
0
0
607
0
0
0
0
0
0
