0
0
0
0
0
0
1707
1712
1712
0
0
0
2343
0
0
0
0
0
521
0
0
0
0
0
0
0
0
1629
0
3
0
0
0
0
2335
0
0
0
4095
0
536
0
0
0
0
0
0
0
0
1653
0
2
0
0
0
0
2042
0
0
1444
0
457
997
0
0
0
0
0
0
0
0
1831
0
0
0
0
0
2703
3874
0
0
0
0
542
0
0
0
0
0
0
0
0
0
1841
0
0
0
0
0
2936
0
0
0
1267
1087
543
0
0
0
0
0
0
0
0
0
0
0
0
0
0
0
3577
0
0
0
1595
1084
522
0
0
0
0
0
0
0
0
0
0
0
0
0
0
2041
3877
0
0
0
1704
1161
585
0
0
0
0
0
0
0
0
1405
0
0
0
0
0
2357
3893
0
0
0
1653
1160
591
0
0
0
0
0
0
0
0
0
0
0
0
0
812
2755
3916
0
0
0
1714
1271
588
0
0
0
0
0
0
0
0
0
0
0
0
0
1939
0
1828
0
0
1997
1577
1128
523
0
0
0
0
0
0
0
0
0
0
0
0
0
0
3413
0
0
0
466
0
467
1068
0
0
0
0
0
0
0
0
0
0
0
0
0
0
3417
0
0
0
396
0
445
1028
0
0
0
0
0
0
0
0
0
0
0
0
0
0
3462
0
0
0
354
0
555
1229
8
8
0
0
0
0
0
0
0
0
0
0
0
1827
3670
0
0
0
1678
1273
791
139
139
45
0
0
0
0
0
0
0
0
0
0
0
2100
0
0
0
0
233
920
414
131
131
30
0
0
0
0
0
0
0
0
0
0
0
2094
0
0
0
0
272
633
140
44
44
0
0
0
0
0
0
0
0
0
0
0
0
2077
0
0
0
0
242
523
29
29
27
0
0
0
0
0
0
0
0
0
0
0
0
2063
0
0
0
0
0
62
62
62
0
0
0
0
0
0
0
0
0
0
0
0
0
2200
0
0
0
0
0
67
67
67
0
0
0
0
0
0
0
0
0
0
0
0
0
0
0
0
0
0
0
0
0
0
0
0
0
0
0
0
0
0
0
0
0
0
0
0
0
0
0
0
0
0
0
0
0
0
0
0
0
0
0
0
0
0
0
0
477
0
0
0
0
0
0
0
0
0
0
0
0
0
63
63
0
0
0
0
0
0
585
0
0
0
0
0
0
0
0
0
0
0
0
0
168
168
0
0
0
0
0
0
546
0
0
0
0
0
0
0
0
0
0
0
0
0
212
212
0
0
0
0
0
0
0
0
0
0
0
0
0
0
0
0
0
0
0
0
0
0
0
0
0
0
0
0
0
0
0
0
0
0
0
0
0
0
0
0
0
187
0
0
0
0
0
0
0
0
0
0
0
0
0
0
0
0
0
0
0
0
0
173
0
0
0
0
0
0
0
0
0
0
0
0
0
0
0
0
0
0
0
1
1
218
0
0
0
0
0
0
0
0
3
99
0
388
0
612
0
0
0
0
0
0
0
225
0
0
0
0
0
0
0
0
0
506
0
392
0
0
0
0
0
0
3
4
0
236
0
0
0
0
0
0
0
47
0
0
533
1012
0
0
0
0
0
0
4
283
0
53
0
0
0
0
0
0
0
178
406
0
598
973
0
0
0
0
0
0
2
1378
0
0
0
0
0
0
0
0
63
254
254
800
1303
0
0
0
0
0
0
0
1
1430
0
0
0
0
0
0
0
0
63
344
0
553
1070
0
53
0
0
0
0
0
3
1367
0
0
0
0
0
0
0
0
492
595
0
540
1063
0
0
0
0
0
0
0
1
1368
0
0
0
0
0
0
0
0
1125
608
0
624
0
0
0
0
0
0
0
309
312
1791
0
0
0
0
0
0
0
2084
957
0
581
1117
0
0
0
0
0
0
0
792
796
0
0
0
0
0
0
0
0
0
1180
623
0
541
0
0
0
0
0
0
0
155
157
0
0
0
0
0
0
0
0
0
0
601
0
550
0
0
0
0
0
0
0
0
2
0
0
0
0
0
0
0
0
0
0
583
0
510
0
0
0
0
0
0
0
0
0
0
0
0
0
0
0
0
0
0
178
0
614
1149
0
0
0
0
0
0
0
0
0
0
0
0
0
0
0
0
0
0
195
0
586
1126
0
0
0
0
0
0
0
0
0
0
0
0
0
0
0
0
0
190
190
0
595
1156
354
0
0
0
0
0
0
0
0
0
0
0
0
0
0
0
0
183
183
0
555
647
0
0
0
0
0
0
0
0
0
0
0
0
0
0
0
0
0
0
0
192
605
605
0
0
0
0
0
0
0
0
0
0
0
0
0
0
0
0
0
0
0
450
0
0
0
0
0
0
0
0
0
0
0
0
0
0
0
0
0
0
0
0
0
0
0
0
0
0
0
0
0
0
0
0
0
0
0
0
0
0
0
0
0
0
0
0
0
0
0
0
0
0
0
0
0
0
0
0
0
0
0
0
194
194
194
194
194
0
0
0
0
0
0
0
0
0
0
0
0
0
0
0
0
0
0
0
0
0
0
0
0
0
0
0
0
0
0
0
0
0
0
0
0
0
0
0
0
0
0
0
0
0
0
0
0
0
0
0
0
0
0
0
0
0
0
0
0
0
0
0
0
0
0
0
0
0
0
0
0
2965
2965
2965
0
0
0
0
0
0
0
9
9
9
9
9
0
8
8
8
8
8
8
0
0
0
0
0
0
0
0
0
0
26
26
26
26
26
13
0
0
0
0
0
0
0
0
0
0
0
0
0
0
0
58
58
58
58
58
19
0
0
0
0
0
0
0
0
0
2198
0
0
0
0
0
0
60
60
60
60
60
24
0
0
0
0
0
0
0
0
0
2005
0
0
0
0
0
0
14
14
14
14
14
0
0
0
0
0
0
0
0
0
0
2145
4081
4081
4081
4081
4081
4081
40
40
40
40
40
0
0
0
0
0
0
0
0
0
1065
2694
4095
4095
4095
4095
4095
0
0
0
0
0
0
0
0
0
0
0
0
0
0
0
1281
2869
4095
4095
4095
4095
4095
0
0
0
0
0
0
0
0
0
0
0
0
0
0
0
1281
2806
4081
4081
4081
4081
4081
0
0
0
0
0
0
0
0
0
0
0
0
0
0
0
1233
2722
4095
4095
4095
4095
4095
0
0
0
0
0
0
0
0
0
0
0
0
4095
4095
3254
1848
0
4088
4088
4088
4088
0
0
0
0
0
0
0
0
0
0
0
0
0
0
0
1043
2537
0
0
0
0
0
0
0
0
0
0
0
0
0
0
0
0
0
0
0
0
1231
1931
0
0
0
0
27
0
0
0
0
0
0
0
0
0
1
1
1
0
0
0
2595
0
0
0
0
0
0
0
0
0
0
0
0
0
0
0
2
2
0
0
0
0
2688
0
0
0
0
72
0
0
0
0
0
0
0
0
0
3
10
53
0
0
0
581
2677
0
0
12
0
86
1135
0
0
0
0
0
0
0
0
3
11
117
0
0
0
1442
0
0
0
92
0
439
0
0
0
0
0
0
0
0
0
5
165
208
0
0
0
1749
0
0
0
0
235
0
1137
0
0
0
0
0
0
0
0
3
582
582
0
0
0
0
0
0
0
0
213
0
916
0
0
0
0
0
0
0
0
2
249
249
0
0
0
0
0
0
0
0
187
0
0
0
0
0
0
0
0
0
342
345
346
0
0
0
2771
0
0
0
0
0
0
1345
0
0
0
