25
38
116
-1
36
-1
-1
-1
-1
-1
-1
-1
108
-1
-1
72
-1
-1
-1
-1
23
11
25
-1
-1
-1
105
-1
-1
-1
-1
-1
-1
-1
57
-1
-1
-1
-1
-1
-1
-1
23
12
24
-1
-1
-1
-1
-1
-1
-1
-1
-1
-1
-1
69
-1
-1
-1
-1
-1
-1
-1
45
15
67
-1
-1
-1
-1
-1
-1
-1
-1
-1
-1
-1
60
-1
-1
-1
-1
-1
-1
-1
45
17
116
-1
-1
-1
-1
-1
-1
-1
-1
-1
-1
-1
49
30
-1
-1
-1
-1
-1
43
5
17
111
-1
-1
-1
-1
-1
-1
-1
-1
-1
-1
-1
57
33
-1
-1
-1
-1
-1
66
6
20
113
-1
-1
-1
-1
-1
-1
-1
-1
-1
-1
-1
56
15
-1
-1
-1
-1
-1
70
5
19
81
-1
-1
-1
-1
-1
-1
-1
-1
-1
-1
-1
55
-1
-1
-1
-1
-1
-1
68
5
19
133
-1
-1
-1
-1
-1
-1
-1
-1
-1
-1
23
24
-1
-1
-1
67
-1
-1
44
6
20
-1
-1
-1
133
-1
-1
-1
-1
-1
-1
-1
27
-1
-1
-1
-1
52
-1
23
17
5
18
-1
-1
-1
77
-1
-1
-1
-1
-1
-1
-1
23
-1
-1
-1
-1
55
-1
23
16
6
42
-1
116
-1
132
-1
-1
-1
-1
-1
-1
-1
18
-1
-1
-1
-1
82
-1
24
13
5
17
-1
84
-1
-1
-1
-1
-1
-1
-1
-1
-1
-1
-1
-1
-1
-1
-1
-1
51
11
5
31
22
65
-1
-1
-1
-1
-1
-1
-1
-1
-1
-1
-1
-1
-1
-1
-1
56
23
11
6
-1
38
-1
-1
-1
-1
-1
-1
-1
-1
-1
-1
18
-1
-1
-1
-1
-1
54
24
8
5
-1
37
27
-1
-1
-1
-1
-1
-1
-1
-1
-1
22
-1
-1
-1
-1
-1
54
22
7
4
-1
42
8
-1
-1
-1
-1
-1
-1
-1
-1
-1
14
-1
-1
-1
-1
-1
56
19
7
-1
-1
23
-1
-1
-1
-1
-1
-1
-1
-1
-1
-1
-1
-1
-1
-1
-1
-1
53
18
8
-1
18
22
-1
-1
-1
-1
-1
-1
-1
-1
-1
-1
-1
-1
-1
-1
-1
30
26
18
7
-1
15
22
-1
-1
-1
-1
-1
-1
-1
-1
-1
-1
-1
-1
-1
-1
-1
35
25
17
8
-1
17
22
-1
-1
-1
-1
-1
-1
-1
-1
-1
-1
-1
-1
-1
-1
-1
31
27
20
5
-1
20
20
-1
-1
-1
-1
-1
-1
-1
-1
-1
-1
-1
-1
-1
-1
-1
25
27
18
-1
-1
17
4
-1
-1
-1
-1
-1
-1
-1
-1
2
-1
-1
-1
-1
-1
-1
29
30
18
-1
-1
17
-1
-1
-1
-1
-1
-1
-1
-1
-1
2
-1
-1
-1
-1
-1
4
30
26
19
-1
2
19
26
-1
-1
-1
-1
-1
3
-1
-1
-1
-1
-1
-1
-1
-1
12
30
40
19
-1
5
16
-1
-1
-1
-1
-1
-1
26
-1
-1
-1
-1
-1
-1
-1
-1
38
30
-1
18
-1
3
16
-1
-1
-1
-1
-1
-1
34
-1
-1
-1
-1
-1
-1
-1
-1
-1
33
-1
39
-1
4
72
-1
-1
-1
-1
-1
19
25
2
-1
-1
-1
-1
-1
-1
-1
-1
38
-1
-1
-1
5
-1
-1
-1
-1
-1
-1
62
25
4
-1
-1
-1
-1
-1
-1
-1
-1
63
-1
-1
21
28
-1
-1
-1
-1
-1
-1
173
25
-1
-1
-1
-1
-1
-1
-1
-1
28
-1
-1
-1
26
37
-1
-1
-1
-1
-1
-1
-1
29
-1
-1
-1
-1
-1
-1
-1
-1
112
-1
-1
-1
24
33
-1
-1
-1
-1
-1
-1
95
26
-1
-1
-1
-1
-1
-1
-1
63
-1
-1
-1
50
9
58
-1
-1
-1
-1
-1
-1
90
20
18
-1
-1
-1
-1
-1
-1
125
-1
-1
-1
49
9
-1
-1
-1
-1
-1
-1
-1
90
-1
21
-1
-1
-1
-1
32
-1
94
-1
-1
-1
47
26
-1
-1
-1
-1
-1
-1
-1
111
-1
3
-1
-1
-1
-1
45
-1
126
-1
-1
58
21
28
-1
-1
-1
-1
-1
-1
-1
102
16
-1
-1
-1
-1
-1
30
-1
-1
-1
-1
59
19
21
-1
-1
-1
-1
-1
-1
82
-1
20
-1
-1
-1
-1
-1
-1
30
64
-1
-1
62
19
60
-1
-1
-1
-1
-1
-1
-1
-1
12
-1
-1
-1
-1
10
-1
30
63
-1
-1
57
19
-1
-1
-1
-1
-1
23
-1
-1
-1
-1
-1
-1
-1
-1
-1
12
31
97
-1
-1
62
26
-1
-1
-1
-1
23
-1
-1
-1
-1
-1
-1
-1
-1
-1
-1
30
34
-1
-1
-1
57
38
-1
-1
-1
34
-1
-1
-1
-1
-1
-1
-1
-1
-1
10
-1
33
54
-1
-1
-1
49
34
-1
-1
-1
43
-1
-1
-1
-1
-1
-1
-1
-1
-1
-1
-1
38
-1
-1
-1
-1
46
57
-1
-1
-1
58
-1
-1
-1
-1
-1
-1
-1
-1
-1
-1
-1
-1
-1
-1
87
-1
29
-1
-1
-1
-1
43
-1
-1
-1
-1
-1
-1
-1
-1
-1
-1
-1
-1
-1
-1
44
-1
24
-1
-1
-1
-1
23
-1
-1
-1
-1
-1
-1
-1
-1
-1
-1
-1
-1
-1
10
33
-1
40
-1
-1
-1
-1
-1
-1
-1
-1
-1
-1
-1
-1
-1
6
-1
-1
-1
-1
10
-1
-1
94
-1
-1
-1
11
-1
-1
-1
-1
-1
-1
-1
-1
-1
-1
-1
-1
-1
-1
61
-1
-1
-1
-1
-1
-1
13
-1
-1
-1
-1
-1
-1
-1
-1
-1
-1
-1
-1
-1
-1
-1
-1
-1
-1
-1
-1
-1
9
-1
-1
-1
-1
-1
-1
-1
-1
-1
-1
-1
-1
-1
-1
-1
-1
-1
-1
-1
-1
-1
63
-1
-1
-1
-1
-1
-1
-1
-1
-1
-1
-1
-1
-1
-1
-1
-1
-1
-1
-1
-1
-1
-1
-1
-1
-1
-1
-1
-1
-1
-1
-1
-1
-1
-1
-1
-1
-1
-1
-1
-1
-1
-1
-1
-1
-1
60
-1
-1
-1
-1
-1
-1
30
-1
-1
-1
-1
-1
-1
-1
-1
-1
-1
-1
-1
-1
-1
45
-1
-1
-1
-1
-1
-1
63
-1
-1
-1
-1
-1
-1
-1
-1
-1
-1
-1
-1
-1
-1
80
-1
-1
-1
-1
-1
-1
-1
-1
-1
-1
-1
-1
-1
-1
-1
-1
-1
-1
-1
-1
-1
299
-1
-1
-1
-1
-1
26
-1
-1
-1
-1
-1
-1
-1
-1
-1
-1
-1
-1
-1
-1
-1
-1
-1
-1
-1
-1
-1
25
-1
-1
-1
-1
-1
-1
-1
-1
-1
-1
-1
-1
-1
-1
-1
-1
-1
-1
-1
-1
-1
15
-1
-1
-1
-1
-1
-1
-1
-1
-1
-1
-1
-1
-1
-1
-1
-1
-1
-1
-1
-1
-1
-1
-1
-1
-1
-1
-1
-1
-1
-1
-1
-1
-1
-1
-1
-1
-1
-1
-1
-1
-1
-1
12
-1
-1
-1
-1
-1
-1
-1
-1
-1
-1
-1
-1
-1
-1
-1
-1
-1
-1
-1
-1
-1
-1
-1
-1
-1
-1
-1
-1
-1
-1
-1
-1
-1
-1
-1
-1
-1
-1
-1
-1
-1
-1
1
-1
-1
-1
-1
-1
-1
-1
-1
-1
-1
-1
-1
122
-1
-1
-1
200
165
-1
-1
-1
7
-1
-1
-1
-1
-1
-1
-1
-1
-1
-1
-1
-1
-1
-1
-1
-1
55
32
11
-1
-1
15
-1
-1
-1
-1
-1
-1
-1
-1
-1
-1
-1
4
-1
-1
-1
-1
28
32
2
-1
-1
27
-1
-1
-1
-1
-1
-1
-1
-1
-1
-1
-1
25
-1
-1
-1
26
29
35
46
-1
-1
34
-1
-1
-1
-1
-1
-1
-1
-1
-1
-1
-1
32
-1
-1
-1
27
27
30
-1
-1
-1
58
-1
-1
-1
-1
-1
-1
-1
-1
-1
-1
45
18
-1
-1
-1
27
28
55
-1
75
30
34
-1
-1
-1
-1
-1
-1
-1
-1
-1
-1
65
-1
-1
-1
14
18
27
57
-1
37
30
55
-1
-1
-1
-1
-1
-1
-1
-1
-1
-1
75
-1
-1
-1
13
18
31
54
-1
35
30
-1
-1
-1
-1
-1
-1
-1
-1
-1
-1
-1
83
-1
-1
-1
13
20
29
32
-1
35
30
-1
-1
-1
-1
-1
-1
-1
-1
-1
-1
45
-1
-1
-1
6
9
19
28
30
-1
35
32
-1
-1
-1
-1
-1
-1
-1
-1
-1
-1
40
-1
-1
-1
18
8
28
28
-1
-1
35
4
-1
-1
-1
-1
-1
-1
-1
-1
-1
-1
5
-1
-1
-1
24
9
26
