0
0
0
0
0
0
0
0
1402
3
3
0
0
0
0
2642
0
0
0
0
384
551
0
0
0
0
0
0
0
0
0
0
4
0
0
0
0
2604
0
0
0
0
0
576
0
0
0
0
0
0
0
0
0
0
1
0
0
0
2726
3893
0
0
0
0
0
1603
0
0
0
0
0
0
0
0
0
0
0
0
0
0
2714
3868
0
0
0
0
0
0
0
0
0
0
0
0
0
0
0
0
0
0
0
0
3472
0
0
0
0
0
0
0
0
0
0
0
0
0
0
0
0
0
0
0
0
883
3664
0
0
0
0
0
0
0
0
0
0
0
0
0
0
0
0
0
0
0
0
2007
3884
0
0
0
0
0
0
0
0
0
0
0
0
0
0
1318
0
0
0
0
0
2265
3889
0
0
0
0
0
0
0
0
0
0
0
0
0
0
0
0
0
0
0
-657
2777
3768
0
0
0
0
0
0
562
0
0
0
0
0
0
0
0
0
0
0
0
861
0
0
0
0
0
0
0
1749
1081
0
0
0
0
0
0
0
0
0
0
0
0
0
0
0
0
0
0
0
0
575
0
0
0
0
0
0
0
0
0
0
0
0
0
0
0
0
0
0
0
0
0
1168
0
0
0
0
0
0
0
0
0
0
0
0
0
0
3394
0
0
0
0
0
0
0
0
0
0
0
0
0
0
0
0
0
0
0
0
2164
0
0
0
0
0
0
0
0
0
0
0
0
0
0
0
0
0
0
0
0
0
2112
0
0
0
0
0
0
0
0
0
0
0
0
0
0
0
0
0
0
0
0
0
2092
0
0
0
0
0
0
0
0
0
0
0
0
0
0
0
0
0
0
0
0
0
2150
0
0
0
0
0
0
0
0
0
0
0
0
0
0
0
0
0
0
0
0
0
2162
0
0
0
0
0
0
0
0
0
0
0
0
0
0
0
0
0
0
0
0
0
0
0
0
0
0
0
0
0
0
0
0
0
0
0
0
0
0
0
0
0
0
0
0
0
0
0
0
0
0
0
0
0
0
0
0
0
0
0
0
0
0
0
0
239
0
0
0
0
0
0
0
0
0
0
0
0
0
0
0
0
0
0
0
0
0
561
0
0
0
0
0
0
0
0
0
0
0
0
0
173
173
0
0
0
0
0
0
605
0
0
0
0
0
0
0
0
0
0
0
0
0
163
163
0
0
0
0
0
0
0
0
0
0
0
0
0
0
0
0
0
0
0
0
0
0
0
0
0
0
0
0
0
0
0
0
0
0
0
0
0
0
0
0
0
0
0
0
0
0
0
0
0
0
0
0
0
0
0
0
0
0
0
0
0
0
0
0
0
0
0
0
0
0
0
0
0
0
0
0
0
0
0
0
0
0
0
0
0
0
0
0
0
0
0
0
0
0
0
0
0
0
0
0
0
0
0
0
0
2
0
0
0
0
0
0
0
0
0
0
45
0
0
401
0
0
0
0
0
0
1
4
0
0
0
0
0
0
0
0
0
15
0
0
0
422
0
0
0
0
0
0
3
1119
0
0
0
0
0
0
0
0
0
146
0
0
0
439
0
0
0
0
0
0
4
1465
0
0
0
0
0
0
0
0
35
190
0
0
544
0
0
0
0
0
0
0
3
1360
0
0
0
0
0
0
0
0
60
0
0
0
513
0
0
0
0
0
0
0
3
1467
0
0
0
0
0
0
0
0
66
0
0
0
516
0
0
0
0
0
0
0
3
1641
0
0
0
0
0
0
0
0
0
0
0
0
563
0
0
0
0
0
0
59
63
0
0
0
0
0
0
0
0
0
0
0
0
524
0
0
0
0
0
0
0
743
750
0
0
0
0
0
0
0
0
0
0
0
0
536
0
0
0
0
0
0
0
419
422
0
0
0
0
0
0
0
0
0
0
0
0
515
0
0
0
0
0
0
0
0
2
0
0
0
0
0
0
0
0
0
0
0
0
509
0
0
0
0
0
0
0
0
0
0
0
0
0
0
0
0
0
0
0
0
0
556
0
0
0
0
0
0
0
0
0
0
0
0
0
0
0
0
0
0
0
0
0
521
0
0
0
0
0
0
0
0
0
0
0
0
0
0
0
0
0
0
0
0
0
472
0
0
0
0
0
0
0
0
0
0
0
0
0
0
0
0
0
0
0
0
663
1192
0
0
0
0
0
0
0
0
0
0
0
0
0
0
0
0
0
0
0
0
483
483
0
0
0
0
0
0
0
0
0
0
0
0
0
0
0
0
0
0
0
193
477
477
0
0
0
0
0
0
0
0
0
0
0
0
0
0
0
0
0
0
0
367
0
0
0
0
0
0
0
0
0
0
0
0
0
0
0
0
0
0
0
0
0
0
0
0
0
0
0
0
0
0
0
0
0
0
0
0
0
0
0
0
0
0
0
0
0
0
0
0
0
0
0
0
0
0
0
0
0
0
0
0
0
0
0
0
0
0
0
0
0
0
0
0
0
0
0
0
0
0
0
0
0
0
0
0
0
0
0
0
0
0
0
0
0
0
0
0
0
0
0
0
0
0
0
0
0
0
0
0
0
0
0
0
0
0
0
0
0
0
0
0
0
0
0
0
0
0
0
0
0
0
0
0
0
0
0
0
0
0
0
0
-12387
0
0
0
0
0
0
0
0
0
0
0
0
0
0
0
0
0
0
0
0
0
15179
0
0
0
0
0
0
0
0
0
0
0
0
0
0
0
0
0
0
0
0
2079
0
0
0
0
0
0
0
0
0
0
0
0
0
0
0
0
0
0
0
0
445
2395
0
0
0
0
0
0
0
0
0
0
0
0
0
0
0
0
0
0
0
0
0
0
0
0
0
0
0
0
0
0
0
0
0
0
0
0
0
0
0
0
0
0
0
0
0
0
0
0
0
0
0
0
0
0
0
0
0
0
0
0
0
0
0
0
0
0
0
0
0
0
0
0
0
0
0
0
0
0
0
0
0
0
0
0
0
0
-6385
-8185
-6846
0
0
0
0
0
0
0
0
0
0
0
0
0
0
0
0
0
0
0
-4503
-7089
-6399
0
0
0
0
0
0
0
0
0
0
0
0
0
0
0
0
0
0
0
15155
-6615
-7435
0
0
0
0
0
0
0
0
0
0
0
0
0
0
0
0
0
0
0
430
27462
23437
0
0
25
0
0
0
0
0
0
0
0
0
0
0
0
0
0
0
0
1454
0
0
0
0
86
0
0
0
0
0
0
0
0
0
0
0
0
0
0
0
2496
0
0
0
0
0
0
0
0
0
0
0
0
0
0
0
1
1
1
0
0
0
2517
0
0
0
0
124
0
0
0
0
0
0
0
0
0
1
10
10
0
0
0
0
2593
0
0
0
0
0
828
0
0
0
0
0
0
0
0
7
13
127
0
0
0
1234
0
0
0
0
0
0
0
0
0
0
0
0
0
0
0
2
11
97
0
0
0
1451
0
0
0
0
0
85
0
0
0
0
0
0
0
0
0
4
530
530
0
0
0
1757
0
0
0
0
0
0
0
0
0
0
0
0
0
0
0
6
453
453
0
0
0
0
0
0
0
0
0
0
0
0
0
0
0
0
0
0
0
5
6
0
0
0
3101
0
0
0
0
0
0
0
0
0
0
0
0
0
0
0
0
0
0
0
0
0
3293
0
0
0
0
0
0
0
