-1
-1
-1
-1
-1
-1
128
-1
-1
32
-1
-1
-1
-1
15
13
24
49
45
-1
32
-1
-1
-1
-1
-1
-1
-1
52
-1
-1
34
-1
-1
-1
-1
14
15
30
-1
-1
30
18
-1
-1
-1
-1
-1
-1
-1
63
-1
-1
18
-1
-1
-1
-1
32
13
29
-1
-1
64
-1
-1
-1
-1
-1
-1
-1
-1
62
-1
-1
-1
-1
-1
-1
32
4
15
39
-1
-1
122
-1
-1
-1
-1
-1
-1
-1
25
36
28
-1
-1
-1
-1
-1
29
3
16
35
-1
-1
-1
-1
-1
-1
-1
-1
-1
-1
25
31
25
-1
-1
-1
-1
-1
48
3
23
138
-1
-1
-1
-1
-1
-1
-1
-1
-1
-1
25
30
25
-1
-1
-1
-1
-1
59
3
24
-1
-1
-1
-1
-1
-1
-1
-1
-1
-1
-1
28
30
-1
-1
-1
-1
-1
-1
63
3
120
-1
-1
-1
-1
-1
-1
-1
-1
-1
-1
-1
34
30
-1
-1
-1
-1
-1
-1
64
4
122
-1
-1
-1
-1
-1
-1
-1
-1
-1
-1
-1
30
5
-1
-1
-1
94
-1
22
12
9
85
-1
-1
-1
-1
-1
-1
-1
-1
-1
-1
-1
29
-1
-1
-1
-1
64
-1
25
12
12
81
-1
-1
-1
107
-1
-1
-1
-1
-1
-1
-1
24
-1
-1
-1
-1
87
-1
22
15
15
82
-1
-1
-1
95
-1
-1
-1
-1
-1
-1
-1
3
-1
-1
-1
-1
-1
-1
51
12
13
83
-1
-1
62
-1
-1
-1
-1
-1
-1
-1
7
-1
-1
-1
-1
-1
-1
62
26
11
13
-1
60
-1
156
-1
-1
-1
-1
-1
-1
-1
-1
16
-1
-1
-1
-1
-1
63
23
9
34
-1
62
-1
-1
-1
-1
-1
-1
-1
-1
-1
-1
20
-1
-1
-1
-1
-1
57
22
3
24
-1
58
-1
-1
-1
-1
-1
-1
-1
-1
-1
-1
12
-1
-1
-1
-1
-1
56
23
3
23
-1
45
-1
-1
-1
-1
-1
-1
-1
-1
-1
6
-1
-1
-1
-1
-1
30
29
24
2
-1
21
62
-1
-1
-1
-1
-1
-1
-1
-1
-1
17
-1
-1
-1
-1
-1
31
31
19
2
-1
20
32
-1
-1
-1
-1
-1
-1
-1
-1
-1
17
-1
-1
-1
-1
-1
33
31
16
3
-1
23
20
-1
-1
-1
-1
-1
-1
-1
-1
-1
-1
-1
-1
-1
-1
-1
34
29
13
-1
-1
19
15
-1
-1
-1
-1
-1
-1
-1
-1
-1
-1
-1
-1
-1
-1
-1
45
28
13
-1
-1
19
27
-1
-1
-1
-1
-1
-1
-1
-1
-1
-1
-1
-1
-1
-1
13
30
25
13
-1
1
22
-1
-1
-1
-1
-1
-1
-1
-1
-1
-1
-1
-1
-1
-1
-1
14
29
20
13
-1
9
18
2
-1
-1
-1
-1
-1
-1
-1
-1
-1
-1
-1
-1
-1
-1
14
29
22
14
-1
8
19
-1
-1
-1
-1
-1
-1
17
-1
-1
-1
-1
-1
-1
-1
-1
17
31
19
13
-1
8
27
-1
-1
-1
-1
-1
-1
50
-1
-1
-1
-1
-1
-1
-1
-1
38
53
15
28
-1
8
25
-1
-1
-1
-1
-1
-1
-1
-1
-1
-1
-1
-1
-1
-1
-1
-1
-1
16
-1
1
8
15
-1
-1
-1
-1
-1
2
-1
-1
-1
-1
-1
-1
-1
-1
-1
26
-1
61
-1
5
9
-1
-1
-1
-1
-1
-1
65
22
-1
-1
-1
-1
-1
-1
-1
-1
30
-1
-1
-1
18
24
-1
-1
-1
-1
-1
-1
82
22
-1
-1
-1
-1
-1
-1
-1
-1
49
-1
-1
37
3
43
-1
-1
-1
-1
-1
-1
89
25
-1
-1
-1
-1
-1
-1
-1
-1
125
-1
-1
35
5
-1
-1
-1
-1
-1
-1
-1
99
19
-1
-1
-1
-1
-1
-1
-1
-1
-1
-1
-1
39
23
-1
-1
-1
-1
-1
-1
-1
105
-1
-1
-1
-1
-1
-1
-1
-1
144
-1
-1
-1
42
32
-1
-1
-1
-1
-1
-1
-1
109
-1
-1
-1
-1
-1
-1
15
33
105
-1
-1
46
15
29
-1
-1
-1
-1
-1
-1
-1
108
18
-1
-1
-1
-1
-1
30
33
-1
-1
-1
47
17
26
-1
-1
-1
-1
-1
-1
105
24
24
-1
-1
-1
-1
-1
29
140
-1
-1
-1
51
20
54
-1
-1
-1
-1
-1
-1
90
-1
14
-1
-1
-1
-1
12
30
-1
128
-1
-1
53
18
-1
-1
-1
-1
-1
-1
-1
61
-1
-1
-1
-1
-1
-1
-1
30
35
-1
-1
-1
47
50
-1
-1
-1
-1
-1
-1
-1
-1
-1
-1
-1
-1
-1
-1
-1
30
66
-1
-1
56
21
32
-1
-1
-1
-1
-1
12
-1
-1
-1
-1
-1
-1
-1
12
-1
33
52
-1
-1
118
23
53
-1
-1
-1
39
-1
-1
-1
-1
-1
-1
-1
-1
-1
-1
18
33
61
-1
-1
-1
21
-1
-1
-1
-1
33
-1
-1
-1
-1
-1
-1
-1
-1
-1
-1
32
18
-1
-1
-1
54
26
-1
-1
-1
-1
42
-1
-1
-1
-1
-1
-1
-1
-1
-1
-1
64
-1
-1
-1
-1
31
36
-1
-1
-1
-1
30
-1
-1
-1
-1
-1
-1
-1
-1
10
-1
-1
-1
-1
98
-1
2
24
-1
-1
-1
-1
34
-1
-1
-1
-1
-1
-1
-1
-1
-1
-1
-1
-1
-1
32
-1
-1
151
-1
-1
-1
42
-1
-1
-1
-1
-1
-1
-1
-1
-1
-1
-1
-1
-1
-1
31
-1
-1
-1
-1
-1
-1
39
-1
-1
-1
-1
-1
-1
-1
-1
-1
-1
-1
-1
-1
-1
51
-1
-1
-1
-1
-1
-1
19
-1
-1
-1
-1
-1
-1
-1
-1
-1
-1
-1
-1
-1
-1
-1
-1
-1
-1
-1
-1
-1
17
-1
-1
-1
-1
-1
-1
-1
-1
2
-1
-1
-1
-1
-1
-1
-1
-1
-1
-1
-1
-1
-1
-1
-1
-1
-1
-1
-1
-1
-1
-1
-1
-1
-1
-1
-1
-1
-1
-1
-1
-1
-1
59
-1
-1
-1
-1
-1
-1
-1
-1
-1
-1
-1
-1
-1
-1
-1
-1
-1
-1
-1
-1
-1
131
-1
-1
-1
-1
-1
-1
-1
-1
-1
-1
-1
-1
-1
-1
-1
-1
-1
-1
-1
-1
-1
-1
-1
-1
55
-1
-1
-1
-1
-1
15
-1
-1
-1
-1
-1
-1
-1
-1
-1
-1
-1
-1
-1
-1
-1
48
-1
-1
-1
-1
-1
20
-1
-1
-1
-1
-1
-1
-1
-1
-1
-1
-1
-1
-1
-1
-1
284
-1
-1
-1
-1
-1
32
-1
-1
-1
-1
-1
-1
-1
-1
-1
-1
-1
-1
-1
-1
-1
-1
-1
-1
-1
-1
-1
30
-1
-1
-1
-1
-1
-1
-1
-1
-1
-1
-1
-1
-1
-1
-1
-1
-1
-1
-1
-1
-1
-1
-1
-1
-1
-1
-1
-1
-1
-1
-1
-1
-1
-1
-1
-1
-1
-1
-1
-1
-1
-1
4
-1
-1
-1
-1
-1
-1
-1
-1
-1
-1
-1
-1
-1
-1
-1
-1
-1
-1
-1
-1
-1
-1
-1
-1
-1
-1
-1
-1
-1
-1
-1
-1
-1
-1
-1
-1
-1
-1
-1
-1
-1
-1
-1
-1
-1
-1
-1
-1
-1
-1
-1
-1
-1
-1
-1
190
-1
-1
-1
-1
-1
-1
-1
-1
-1
-1
-1
-1
-1
-1
-1
-1
-1
-1
-1
-1
-1
20
-1
-1
-1
-1
-1
-1
-1
-1
10
-1
-1
-1
-1
-1
-1
-1
-1
-1
-1
-1
-1
-1
-1
-1
-1
201
112
-1
-1
-1
8
-1
-1
-1
-1
-1
-1
-1
-1
-1
-1
-1
6
-1
-1
-1
38
25
33
-1
-1
17
-1
-1
-1
-1
-1
-1
-1
-1
-1
-1
-1
3
4
-1
-1
-1
40
26
35
-1
-1
9
-1
-1
-1
-1
-1
-1
-1
-1
-1
-1
-1
17
6
-1
-1
-1
40
26
35
-1
-1
34
-1
-1
-1
-1
-1
-1
-1
-1
-1
-1
-1
40
-1
-1
-1
20
24
26
46
-1
-1
32
-1
-1
-1
-1
-1
-1
-1
-1
-1
-1
-1
57
-1
-1
-1
23
22
28
76
-1
-1
38
-1
-1
-1
-1
-1
-1
-1
-1
-1
-1
-1
91
-1
-1
5
15
22
27
-1
-1
94
30
-1
-1
-1
-1
-1
-1
-1
-1
-1
-1
-1
57
-1
-1
8
13
22
27
13
30
-1
30
-1
-1
-1
-1
-1
-1
-1
-1
-1
-1
-1
-1
-1
-1
14
15
24
27
11
31
30
30
-1
-1
-1
-1
-1
-1
-1
-1
-1
-1
-1
-1
-1
-1
14
13
21
28
4
34
34
18
-1
