0
254
0
0
0
0
0
0
0
0
0
2245
0
6
0
0
0
0
2619
0
0
0
0
624
0
0
0
0
0
0
0
0
0
0
0
0
0
0
0
2668
3833
0
0
0
0
1183
0
0
0
0
0
0
0
0
0
0
0
0
0
0
0
3020
0
0
0
0
0
0
0
0
0
0
0
0
0
0
0
0
0
0
0
0
0
3567
0
0
0
0
0
0
0
0
0
0
0
0
0
0
0
0
0
0
0
0
1670
3821
0
0
0
0
0
0
0
0
0
0
0
0
0
0
0
0
0
0
0
0
2424
3882
0
0
0
0
0
0
0
0
0
0
0
0
0
0
0
0
0
0
0
-750
2251
3815
0
0
0
0
0
0
188
0
0
0
0
0
0
281
0
0
0
0
0
-7518
3028
3773
0
0
0
0
0
0
385
0
0
0
0
0
0
291
0
0
0
0
0
9929
0
0
0
0
0
0
552
2337
571
0
0
0
0
0
0
285
0
0
0
0
0
0
0
0
0
0
0
0
521
1074
0
0
0
0
0
0
0
241
0
0
0
0
0
0
0
0
0
0
0
0
503
0
0
0
0
0
0
0
0
500
0
0
0
0
0
0
3335
0
0
0
0
0
534
0
0
0
0
0
0
0
0
0
0
0
0
0
0
2186
0
0
0
0
0
0
0
0
0
0
0
0
0
0
0
215
0
0
0
0
0
2062
0
0
0
0
0
0
0
0
0
0
0
0
0
0
0
61
0
0
0
0
0
1934
0
0
0
0
0
0
0
0
0
0
0
0
0
0
0
0
0
0
0
0
0
2025
0
0
0
0
0
0
0
0
0
0
0
0
0
0
0
0
0
0
0
0
0
0
0
0
0
0
0
0
0
0
0
0
0
0
0
0
0
0
0
0
0
0
0
0
0
0
0
0
0
0
0
0
0
0
0
0
0
0
0
0
0
0
0
0
0
0
0
0
0
0
0
0
0
0
0
0
0
0
0
0
0
0
0
0
0
0
194
0
0
0
0
0
0
0
0
0
0
0
0
0
100
100
0
0
0
0
0
0
561
0
0
0
0
0
0
0
0
0
0
0
0
0
0
0
0
0
0
0
0
0
480
0
0
0
0
0
0
0
0
0
0
0
0
0
0
0
0
0
0
0
0
0
0
0
0
0
0
0
0
0
0
0
0
0
0
0
0
0
0
0
0
0
0
0
0
0
0
0
0
0
0
0
0
0
0
0
0
0
0
0
0
0
0
0
0
0
0
0
0
0
0
0
0
0
0
0
0
0
0
0
0
0
0
0
0
0
0
0
0
0
0
0
0
0
0
0
0
0
0
0
0
0
0
0
0
0
0
0
0
0
0
0
0
0
0
0
0
0
0
0
1
2
0
0
0
0
0
0
0
0
0
0
0
0
0
257
0
0
0
0
0
0
4
4
0
0
0
0
0
0
0
0
0
16
0
0
0
227
0
0
0
0
0
0
2
1484
0
0
0
0
0
0
0
0
0
136
0
0
371
0
0
0
0
0
0
0
3
1786
0
0
0
0
0
0
0
0
45
208
0
0
391
0
0
0
0
0
0
0
5
1728
0
0
0
0
0
0
0
0
84
0
0
0
355
0
0
0
0
0
0
0
2
1917
0
0
0
0
0
0
0
0
61
0
0
0
434
0
0
0
0
0
0
2
5
1773
0
0
0
0
0
0
0
0
0
0
0
477
0
0
0
0
0
0
0
583
585
0
0
0
0
0
0
0
0
0
0
0
0
420
0
0
0
0
0
0
0
313
316
0
0
0
0
0
0
0
0
0
0
0
0
451
0
0
0
0
0
0
106
107
108
0
0
0
0
0
0
0
0
0
0
0
0
580
0
0
0
0
0
0
0
0
0
0
0
0
0
0
0
0
0
0
0
0
0
481
0
0
0
0
0
0
143
1
0
0
0
0
0
0
0
0
0
0
0
0
572
0
0
0
0
0
0
0
0
0
0
0
0
0
0
0
0
0
0
0
0
0
1193
0
0
0
0
0
0
0
0
0
0
0
0
0
0
0
0
0
0
0
0
0
0
0
0
0
0
0
0
0
0
0
0
0
0
0
0
0
0
0
0
0
0
0
589
0
0
0
0
0
0
0
0
0
0
0
0
0
0
0
0
0
0
0
0
0
554
0
0
0
0
0
0
0
0
0
0
0
0
0
0
0
0
0
0
0
0
594
0
0
0
0
0
0
21
0
0
0
0
0
0
0
0
0
0
0
0
0
0
0
0
2
0
0
0
0
0
0
0
0
0
0
0
0
0
0
0
0
0
0
0
0
0
0
0
0
0
0
0
0
0
0
0
0
0
0
0
0
0
0
0
0
11
0
0
0
0
0
0
0
0
0
0
0
0
0
0
0
0
0
0
0
0
0
0
0
0
0
0
0
0
0
0
0
0
0
0
0
0
0
0
0
0
0
0
0
0
0
0
0
0
0
0
0
0
0
-227
0
0
0
0
0
0
0
0
0
0
0
0
0
0
0
0
0
0
0
0
0
-6336
0
0
0
0
0
0
0
0
0
0
0
0
0
0
0
0
0
0
0
0
0
8886
0
0
0
0
0
0
0
0
0
0
0
0
0
0
0
0
0
0
0
0
0
0
0
0
0
0
0
0
0
0
0
0
0
0
0
0
0
0
0
0
0
0
1957
0
0
0
0
0
0
0
0
0
0
0
0
0
0
0
0
0
0
0
0
615
2422
0
0
0
0
0
0
0
0
0
0
0
0
0
0
0
0
0
0
0
0
0
0
0
0
0
0
0
0
0
0
0
0
0
0
0
0
0
0
0
0
0
0
0
0
0
0
0
0
0
0
0
0
0
0
0
0
0
0
0
0
0
0
0
0
0
0
-7165
0
0
0
0
0
0
0
0
0
0
0
0
0
0
0
0
0
0
0
-6674
-7479
-6383
0
0
0
0
0
0
0
0
0
0
0
0
0
0
0
0
0
0
0
-4159
-6599
-5956
0
0
0
0
0
0
0
0
0
0
0
0
0
0
0
0
0
0
0
14387
-6118
22360
0
0
0
0
0
0
0
0
0
0
0
0
0
0
0
0
0
0
0
412
25633
0
0
0
26
0
0
0
0
0
0
0
0
0
0
0
0
0
0
0
1271
2231
0
0
0
0
0
0
0
0
0
0
0
0
0
0
0
0
0
4
0
0
2525
0
0
0
0
52
0
0
0
0
0
0
0
0
0
0
3
3
0
0
0
0
2481
0
0
0
0
71
0
0
0
0
0
0
0
0
0
1
5
5
0
0
0
0
2473
0
0
0
0
82
0
0
0
0
0
0
0
0
0
4
11
11
0
0
0
1765
0
0
0
0
0
1308
0
0
0
0
0
0
0
0
0
2
8
8
0
0
0
1417
0
0
0
0
223
0
0
0
0
0
0
0
0
0
0
3
714
714
0
0
310
0
0
0
0
0
0
0
0
0
0
0
0
0
0
0
0
0
583
583
0
0
0
0
0
0
0
0
0
0
0
0
0
0
0
0
0
0
0
0
0
0
0
0
2333
0
0
0
0
0
0
0
0
0
0
0
0
0
0
0
-203
3
0
0
0
0
2653
0
0
0
0
0
0
0
0
0
0
0
0
0
0
0
523
16
0
0
0
0
2630
0
0
0
0
