64
28
26
0
0
0
0
994
188
406
444
0
240
49
109
82
18
0
306
55
0
256
0
125
0
244
0
24
18
18
0
0
0
85
18
84
103
227
28
28
307
20
0
0
45
0
0
31
0
27
0
59
59
56
28
33
411
600
98
20
0
0
95
24
0
704
216
557
0
395
0
327
97
103
58
0
32
605
4369
0
255
454
59
868
724
238
16
196
493
177
116
134
248
0
129
726
43
193
0
0
18
100
108
198
160
71
62
441
896
596
0
120
551
40
331
514
503
840
332
178
1112
0
159
195
30
104
312
544
457
0
0
124
371
90
380
115
182
157
0
428
30
32
33
193
0
194
502
258
221
611
560
1301
1058
0
0
22
23
14
205
124
342
250
974
1609
73
