70
0
0
0
82
106
0
1242
70
361
275
196
357
28
165
0
0
101
309
225
0
146
150
123
0
87
84
22
45
36
124
0
177
0
26
0
23
326
0
26
29
0
23
28
0
102
30
0
0
0
0
0
0
0
88
28
679
323
0
40
0
0
115
0
29
542
163
903
0
358
0
587
67
104
12
0
36
726
3490
663
389
0
217
0
2114
20
87
93
473
395
0
213
126
31
161
475
30
271
26
0
0
219
22
85
214
268
60
647
1078
374
0
30
479
47
480
339
374
1143
204
206
742
128
63
0
0
0
64
340
308
258
197
207
452
0
0
0
32
0
191
371
341
0
0
405
448
201
534
154
68
385
655
734
1421
0
0
17
0
42
55
221
310
0
952
2314
13
