0
0
0
0
592
0
0
0
0
0
0
0
0
0
1673
0
1
0
0
0
3474
0
0
0
273
0
641
0
0
0
0
0
0
0
0
3060
1449
0
0
0
0
0
3664
0
0
1339
1339
797
192
0
0
0
0
0
0
0
0
2808
1271
0
0
0
0
1313
3806
0
0
1401
1331
775
160
0
0
0
0
0
0
0
0
0
1417
0
0
0
0
2279
3928
0
0
1797
1284
663
20
0
0
0
0
0
0
0
0
0
866
0
0
0
0
2324
3888
0
0
1649
1174
656
0
0
0
0
0
0
0
0
104
0
0
0
0
0
1603
3663
0
0
0
1661
1137
589
0
0
0
0
0
0
0
0
109
0
0
0
0
0
1926
3744
0
0
0
1691
1189
640
0
0
0
0
0
0
0
0
120
0
0
0
0
745
0
3202
0
0
0
2072
1502
597
0
0
0
0
0
0
0
0
108
0
0
0
0
2197
0
3151
0
0
336
0
494
1049
0
0
0
0
0
0
0
0
0
0
0
0
0
2197
0
2716
0
0
352
0
561
1103
33
33
0
0
0
0
0
0
0
0
0
0
0
0
2819
0
0
0
0
338
0
608
34
34
0
0
0
0
0
0
0
0
0
0
0
0
2965
0
0
0
0
355
873
276
82
63
0
0
0
0
0
0
0
0
0
0
0
1675
3432
0
0
0
0
391
369
57
57
35
0
0
0
0
0
0
0
0
0
0
0
1658
3401
0
0
0
0
0
28
28
28
0
0
0
0
0
0
0
0
0
0
0
0
2028
0
0
0
17
0
0
19
19
19
0
0
0
0
0
0
0
0
0
0
0
0
2072
0
0
0
34
0
0
8
8
0
0
0
0
0
0
0
0
0
0
0
0
0
2763
0
0
0
85
0
0
10
10
0
0
0
0
0
0
0
0
0
0
0
0
0
2721
0
0
0
0
0
4
0
0
0
0
0
0
0
0
0
0
0
0
0
0
0
0
0
0
0
0
0
0
0
0
0
0
0
0
0
0
0
0
0
0
0
0
0
0
0
0
0
0
0
1
0
0
0
0
0
0
0
0
0
0
0
0
0
0
0
0
0
0
0
0
0
0
0
0
0
0
0
0
0
0
0
0
0
0
0
0
0
0
0
0
0
0
0
822
822
822
822
822
822
822
0
0
0
0
0
0
0
0
0
0
0
0
0
0
0
0
0
0
0
0
0
0
1363
1363
0
0
0
0
0
0
0
0
0
0
0
0
0
0
0
0
0
0
0
1329
0
0
0
0
0
0
0
0
0
0
0
0
235
0
0
0
0
0
0
0
0
1480
0
0
0
0
0
0
0
0
0
0
3850
0
239
0
0
0
0
0
0
3
3
1312
0
0
0
0
0
0
0
0
4
0
0
0
189
0
0
0
0
0
0
4
327
0
0
0
0
0
0
0
0
0
19
0
0
418
0
0
0
0
0
0
1
3
1639
0
0
0
0
0
0
0
0
0
227
514
0
400
0
473
0
0
0
0
4
7
1728
0
0
0
0
0
0
0
0
60
283
524
0
397
0
0
0
0
0
0
4
8
1809
0
0
0
0
0
0
0
0
83
312
632
1234
1585
0
0
0
0
0
0
5
8
1919
0
0
0
0
0
0
0
25
474
655
1224
1696
2211
0
0
0
0
0
0
193
194
2002
0
0
0
0
0
0
0
142
398
0
577
1047
0
0
0
0
0
0
0
544
546
0
0
0
0
0
0
0
0
304
587
0
627
1103
0
0
0
0
0
0
82
292
295
0
0
0
0
0
0
0
0
1036
586
0
548
1046
0
0
0
0
0
0
146
147
148
0
0
0
0
0
0
0
0
1305
0
577
1144
0
0
0
0
0
0
0
38
38
38
0
0
0
0
0
0
0
0
0
568
0
522
0
0
0
0
0
0
0
0
0
0
0
0
0
0
0
0
0
0
0
593
0
150
0
0
0
0
0
0
0
0
0
0
0
0
0
0
0
0
0
0
0
531
0
556
0
28
0
0
0
0
0
0
0
0
0
0
0
0
0
0
0
0
0
574
0
556
0
0
0
0
0
0
0
0
0
0
0
0
0
0
0
0
0
0
0
0
653
1235
0
0
0
0
0
0
0
0
0
0
0
0
0
0
0
0
0
164
164
0
602
1142
0
0
0
0
0
8
0
0
0
0
0
0
0
0
0
592
592
0
0
188
0
322
0
0
0
0
0
0
0
0
0
0
0
0
0
0
0
0
0
0
0
175
0
0
0
0
0
0
0
0
0
0
0
0
0
0
0
0
0
0
0
0
0
173
0
0
0
0
0
0
0
0
0
0
0
0
0
0
0
0
0
0
0
0
0
211
342
342
0
0
0
0
0
0
0
0
0
0
0
0
0
0
108
108
108
108
108
0
0
0
0
0
0
0
0
0
0
0
0
0
0
0
0
0
0
0
0
0
0
0
0
0
0
0
0
0
0
0
0
0
0
0
0
0
0
0
0
0
0
0
0
0
0
0
0
0
0
0
0
0
0
0
0
0
0
0
0
0
0
0
0
0
0
0
0
0
0
0
0
0
0
0
1509
0
0
0
0
0
0
2
2
2
2
2
2
0
0
0
0
0
0
0
0
0
4095
0
0
0
0
0
0
154
154
154
154
154
48
0
0
0
0
0
0
0
0
0
0
0
0
0
0
0
0
175
175
175
175
175
77
0
0
0
0
0
0
0
0
1483
0
0
0
0
0
0
0
51
51
51
51
51
0
0
0
0
0
0
0
0
0
2009
0
0
0
0
0
0
27
27
27
27
27
23
0
0
0
0
0
0
0
0
0
1995
4064
4064
4064
4064
4064
4064
12
12
12
12
12
0
0
0
0
0
0
0
0
0
0
2084
4086
4086
4086
4086
4086
4086
9
9
9
9
9
0
0
0
0
0
0
0
0
0
1103
2731
4095
4095
4095
4095
4095
0
0
0
0
0
0
0
0
0
0
0
0
0
0
0
1206
2568
4077
4077
4077
4077
4077
0
0
0
0
0
0
0
0
0
0
0
0
0
0
0
1108
2525
4006
4095
4095
4095
4095
0
0
0
0
0
0
0
0
0
0
0
0
2
2
2
2345
0
3831
4095
4095
4095
0
0
0
0
0
0
0
0
0
0
0
0
0
4090
4090
4090
1809
0
0
0
0
0
0
0
0
0
0
0
0
0
0
0
0
0
0
2675
2675
0
1492
0
0
0
0
47
0
0
0
0
0
0
0
0
0
0
0
0
0
3743
3743
0
723
0
0
0
0
74
0
0
0
0
0
0
0
0
0
1
1
1
0
4095
4095
0
0
0
0
57
0
468
75
0
0
0
0
0
0
0
0
3
3
3
0
0
0
2603
0
0
9
0
158
1239
70
0
0
0
0
0
0
0
0
2
206
0
0
0
0
2816
0
0
26
0
183
1268
0
0
0
0
0
0
0
0
1
6
721
0
0
0
0
0
0
0
0
0
0
0
0
0
0
0
0
0
0
0
1
5
308
308
308
308
1164
0
0
0
0
0
0
0
0
0
0
0
0
0
0
0
271
272
272
272
272
272
1178
0
0
0
0
0
0
0
0
0
0
0
0
0
0
0
1396
1399
0
0
0
0
923
0
0
0
0
0
981
0
0
0
0
0
0
0
0
1485
0
2
0
0
0
0
0
0
0
0
0
465
0
0
0
0
0
0
0
0
0
1408
0
1
0
0
0
2978
0
0
