0
0
0
0
0
0
0
0
0
1517
0
5
0
0
0
2952
0
0
0
0
385
0
0
0
0
0
0
0
0
0
0
1400
0
2
0
0
0
3393
0
0
0
0
563
0
0
0
0
0
0
0
0
0
3105
1421
0
0
0
0
0
3601
0
0
0
126
0
566
0
0
0
0
0
0
0
0
2815
1274
0
0
0
0
698
3729
0
0
566
566
0
598
0
0
0
0
0
0
0
0
0
1409
0
0
0
0
2437
3927
0
0
1506
1506
929
215
0
0
0
0
0
0
0
0
0
1070
0
0
0
0
2324
3894
0
0
1885
1372
815
178
0
0
0
0
0
0
0
169
0
0
0
0
0
1153
3698
0
0
0
1796
1295
779
171
0
0
0
0
0
0
0
111
0
0
0
0
0
2070
3727
0
0
0
1691
1202
649
0
0
0
0
0
0
0
0
101
0
0
0
0
663
0
3228
0
0
0
1800
1234
696
0
0
0
0
0
0
0
0
104
0
0
0
0
1874
0
3201
0
0
0
1733
1237
652
0
0
0
0
0
0
0
0
0
0
0
0
0
2102
0
2921
0
0
0
508
0
620
0
27
0
0
0
0
0
0
0
0
0
0
0
0
2913
0
0
0
389
0
518
1104
27
40
0
0
0
0
0
0
0
0
0
0
0
0
2994
0
0
0
0
327
0
524
40
56
0
0
0
0
0
0
0
0
0
0
0
1792
3421
0
0
0
0
338
863
324
70
41
0
0
0
0
0
0
0
0
0
0
0
1583
3374
0
0
0
0
367
497
61
61
0
0
0
0
0
0
0
0
0
0
0
0
1959
0
0
0
0
0
0
24
24
24
0
0
0
0
0
0
0
0
0
0
0
0
1994
0
0
0
0
13
0
29
29
29
0
0
0
0
0
0
0
0
0
0
0
0
2733
0
0
0
0
36
0
8
8
0
0
0
0
0
0
0
0
0
0
0
0
0
2730
0
0
0
0
0
0
11
11
0
0
0
0
0
0
0
0
0
0
0
0
0
0
0
0
0
0
0
2
0
0
0
0
0
0
0
0
0
0
0
0
0
0
0
0
0
0
0
0
0
0
0
0
0
0
0
0
0
0
0
0
0
0
0
0
0
0
0
0
0
0
0
0
0
0
0
0
0
0
0
0
0
0
0
0
0
0
0
0
0
0
0
0
0
0
0
0
0
483
483
483
0
0
0
0
0
0
0
0
0
0
0
0
0
0
0
483
483
483
483
0
0
0
1250
1250
0
0
0
0
0
0
0
0
0
0
0
0
0
0
0
0
0
0
0
1550
0
0
0
0
0
0
0
0
0
0
0
0
274
0
0
0
0
0
0
0
0
1241
0
0
0
0
0
0
0
0
0
0
3727
0
285
0
2
0
0
0
0
3
3
1271
0
0
0
0
0
0
0
0
6
0
0
0
226
0
0
0
0
0
0
5
5
0
0
0
0
0
0
0
0
0
17
0
0
415
0
0
0
0
0
0
0
3
1667
0
0
0
0
0
0
0
0
0
224
447
0
387
0
540
0
0
0
0
0
7
1912
0
0
0
0
0
0
0
0
56
288
568
0
442
0
0
0
0
0
0
3
11
1848
0
0
0
0
0
0
0
0
75
277
516
1003
1390
0
0
0
0
0
0
5
9
1639
0
0
0
0
0
0
0
31
306
496
1117
1596
1994
0
0
0
0
0
0
5
193
1961
0
0
0
0
0
0
0
100
340
0
553
1067
0
0
0
0
0
0
0
188
563
0
0
0
0
0
0
0
0
235
559
0
512
1056
0
0
0
0
0
0
0
559
266
0
0
0
0
0
0
0
0
957
632
0
533
1124
0
0
0
0
0
0
40
262
156
0
0
0
0
0
0
0
2140
1347
0
670
1214
0
0
0
0
0
0
0
154
155
42
0
0
0
0
0
0
0
0
0
565
0
521
0
0
0
0
0
0
0
42
42
0
0
0
0
0
0
0
0
0
0
578
0
631
0
0
0
0
0
0
0
0
0
0
0
0
0
0
0
0
0
0
0
593
0
499
0
60
0
0
0
0
0
0
0
0
0
0
0
0
0
0
0
0
0
539
0
486
0
0
0
0
0
0
0
0
0
0
0
0
0
0
0
0
0
0
0
0
541
1062
0
0
0
0
0
0
0
0
0
0
0
0
0
0
0
0
0
0
0
0
448
1030
0
0
0
0
0
0
0
0
0
0
0
0
0
0
0
732
732
0
0
0
0
454
0
0
0
0
0
17
0
0
0
0
0
0
0
0
0
0
0
0
0
178
0
0
0
0
0
0
0
0
0
0
0
0
0
0
0
0
0
0
0
0
0
188
0
0
0
0
0
0
0
0
0
0
0
0
0
0
0
0
0
0
0
0
0
174
299
299
0
0
0
0
0
0
0
0
0
0
0
0
0
0
138
138
138
138
138
0
0
0
0
0
0
0
0
0
0
0
0
0
0
0
0
0
0
0
0
0
0
0
0
0
0
0
0
0
0
0
0
0
0
0
0
0
0
0
0
0
0
0
0
0
0
0
0
0
0
0
0
0
0
0
0
0
0
0
0
0
0
0
0
0
0
0
0
0
0
0
0
0
0
0
0
0
0
0
0
0
0
2
2
2
2
2
2
0
0
0
0
0
0
0
0
0
0
0
0
0
0
0
0
140
140
140
140
140
42
0
0
0
0
0
0
0
0
0
4095
0
0
0
0
0
0
174
174
174
174
174
86
0
0
0
0
0
0
0
0
0
0
0
0
0
0
0
0
40
40
40
40
40
0
0
0
0
0
0
0
0
0
1229
0
0
0
0
0
0
36
36
36
36
36
36
0
0
0
0
0
0
0
0
0
2037
0
0
0
4064
4064
4064
7
7
7
7
7
0
0
0
0
0
0
0
0
0
0
2038
4064
4064
4064
4085
4085
4085
10
10
10
10
10
0
0
0
0
0
0
0
0
0
0
2169
4085
4085
4085
4095
4095
0
0
0
0
0
0
0
0
0
0
0
0
0
0
0
997
2429
4095
4095
4095
4081
4081
0
0
0
0
0
0
0
0
0
0
0
0
0
0
0
1195
2641
4081
4081
4081
4095
4095
0
0
0
0
0
0
0
0
0
0
0
0
0
0
0
1130
2552
4020
4095
4095
4095
0
0
0
0
0
0
0
0
0
0
0
0
0
4092
4092
4092
2363
0
3849
4095
4095
0
0
0
0
0
0
0
0
0
0
0
0
0
0
0
0
371
2012
0
0
0
0
51
0
0
0
0
0
0
0
0
0
0
0
0
0
0
0
721
2143
0
0
0
0
69
0
0
0
0
0
0
0
0
0
0
0
0
0
0
0
1231
1776
0
0
0
0
289
40
0
0
0
0
0
0
0
0
5
5
5
0
0
0
2567
0
0
0
40
0
1133
35
0
0
0
0
0
0
0
0
2
109
109
0
0
0
2716
0
0
0
149
0
1112
0
0
0
0
0
0
0
0
1
3
720
0
0
0
0
0
0
0
172
163
0
0
0
0
0
0
0
0
0
0
0
4
461
461
0
0
878
0
0
0
0
0
0
0
0
0
0
0
0
0
0
0
0
3
3
3
3
3
910
0
0
0
0
0
0
175
0
0
0
0
0
0
0
0
1458
1460
1460
1460
1460
1460
2305
0
0
0
0
0
0
0
0
0
0
0
0
0
0
1591
0
3
0
0
0
0
0
0
0
0
0
0
891
