66
25
21
0
48
0
0
1381
295
167
570
49
60
64
158
84
19
49
228
90
19
234
0
137
33
241
29
22
18
37
0
0
28
28
21
23
18
107
28
28
307
78
24
0
23
0
29
31
0
27
121
90
0
28
28
17
354
710
0
21
0
0
89
24
27
632
332
670
0
391
0
649
128
104
0
15
13
539
3903
0
293
529
111
56
1646
180
130
122
468
145
0
217
136
190
0
477
13
259
0
0
19
204
75
107
61
68
79
474
1257
672
0
29
740
249
327
0
325
732
338
184
1328
0
104
195
30
101
60
348
620
224
129
60
351
32
0
121
60
120
0
488
190
30
30
362
398
175
669
176
136
381
451
809
1022
68
0
0
0
0
83
323
214
230
874
2386
41
