0
0
570
0
0
0
0
0
0
0
0
1817
0
3
0
0
0
0
3753
0
0
0
321
0
551
0
0
0
0
0
0
0
0
1895
0
1
0
0
0
0
3772
0
0
1989
1131
576
0
0
0
0
0
0
0
0
0
1720
0
0
0
0
0
2018
3905
0
0
1131
1008
529
0
0
0
0
0
0
0
0
0
1681
0
0
0
0
0
2466
0
0
0
1187
1192
632
0
0
0
0
0
0
0
0
1281
0
0
0
0
0
0
3397
0
0
0
1674
1189
566
0
0
0
0
0
0
0
0
1283
0
0
0
0
0
1848
3709
0
0
0
1690
1205
578
0
0
0
0
0
0
0
0
1199
0
0
0
0
0
2244
3864
0
0
0
1770
1116
571
0
0
0
0
0
0
0
0
1286
0
0
0
0
632
2395
3881
0
0
0
1617
1101
558
0
0
0
0
0
0
0
0
0
0
0
0
0
2028
0
3019
0
0
1983
1586
0
602
5
5
0
0
0
0
0
0
0
0
0
0
0
0
2881
0
0
0
878
487
0
583
27
27
0
0
0
0
0
0
0
0
0
0
0
0
3030
0
0
0
847
449
0
597
47
44
0
0
0
0
0
0
0
0
0
0
0
0
3516
0
0
0
1060
584
842
216
67
54
0
0
0
0
0
0
0
0
0
0
0
1824
3718
0
0
0
397
0
267
44
44
29
0
0
0
0
0
0
0
0
0
0
0
2165
0
0
0
0
278
720
30
30
30
0
0
0
0
0
0
0
0
0
0
0
0
2145
0
0
0
0
286
551
25
25
25
0
0
0
0
0
0
0
0
0
0
0
0
1971
0
0
0
0
304
419
14
14
0
0
0
0
0
0
0
0
0
0
0
0
0
2094
0
0
0
0
269
14
6
6
0
0
0
0
0
0
0
0
0
0
0
0
0
1980
0
0
0
0
0
6
0
0
0
0
0
0
0
0
0
0
0
0
0
0
0
0
0
0
0
0
0
0
0
0
0
0
0
0
0
0
0
0
0
0
0
0
0
0
0
0
0
0
0
0
0
0
0
0
0
0
0
0
0
0
0
0
0
0
446
0
0
0
0
0
0
0
0
0
0
0
0
0
0
0
0
0
0
0
0
0
677
0
0
0
0
0
0
0
0
0
0
0
0
0
106
106
0
0
0
0
0
0
578
0
0
0
0
0
0
0
0
0
0
0
0
0
167
167
0
0
0
0
0
0
0
0
0
0
0
0
0
0
0
0
0
0
0
161
0
0
0
0
0
0
0
0
0
0
0
0
0
0
0
0
0
0
0
0
0
106
0
0
0
0
0
0
0
0
0
0
3562
0
0
0
1
0
0
0
0
0
0
0
112
0
0
0
0
0
0
0
25
0
0
0
0
0
0
0
0
0
0
1
0
0
0
0
0
0
0
0
0
0
5
74
0
339
0
418
0
0
0
0
1
1
0
0
0
0
0
0
0
0
0
0
0
502
0
338
0
0
0
0
0
0
3
295
0
0
0
0
0
0
0
0
0
58
0
0
479
911
0
0
0
0
0
0
2
1210
2672
0
0
0
0
0
0
0
0
145
433
0
527
883
0
0
0
0
0
0
5
1393
0
0
0
0
0
0
0
0
71
241
241
788
1354
0
0
1
0
0
0
0
2
1594
0
0
0
0
0
0
0
0
69
361
0
512
1023
0
0
0
0
0
0
0
3
1526
0
0
0
0
0
0
0
0
504
650
0
542
1061
0
0
0
0
0
0
435
437
1861
0
0
0
0
0
0
0
0
1191
658
0
569
0
0
0
0
0
0
0
751
756
0
0
0
0
0
0
0
0
2164
932
0
580
1111
0
0
0
0
0
0
0
126
129
0
0
0
0
0
0
0
0
0
1133
584
0
528
0
0
0
0
0
0
0
0
0
0
0
0
0
0
0
0
0
0
0
618
0
511
0
96
0
0
0
0
0
0
0
0
0
0
0
0
0
0
0
0
0
594
0
526
0
0
0
0
0
0
0
0
0
0
0
0
0
0
0
0
0
0
174
0
575
1177
0
0
0
0
0
0
0
0
0
0
0
0
0
0
0
0
0
0
173
0
618
1169
0
0
0
0
0
0
0
0
0
0
0
0
0
0
0
0
0
179
179
0
631
1136
0
0
0
0
0
0
0
0
0
0
0
0
0
0
0
0
0
203
203
0
536
758
136
0
0
0
0
0
0
0
0
0
0
0
0
0
0
0
0
0
0
176
0
0
0
0
0
0
0
0
0
0
0
0
0
0
0
0
0
0
0
0
0
371
0
0
0
0
0
0
0
0
0
0
0
0
0
0
0
0
0
0
0
0
0
119
0
0
0
0
0
0
0
0
0
0
0
0
0
0
0
0
0
0
0
0
0
0
0
0
0
0
0
0
0
0
0
0
0
0
0
0
0
0
0
0
0
0
0
0
0
0
0
0
0
0
0
0
0
0
0
0
0
0
0
0
0
0
0
0
0
0
0
0
0
0
0
0
0
0
0
0
0
0
0
0
0
0
0
0
0
0
0
0
0
0
0
0
0
0
0
0
3518
3518
3518
3518
3518
3518
3518
25
25
25
25
25
4
0
0
0
0
0
0
0
0
0
0
0
0
0
0
0
0
167
167
167
167
167
69
0
0
0
0
0
0
0
0
0
0
0
0
0
0
0
0
154
154
154
154
154
69
0
0
0
0
0
0
0
0
0
0
0
0
0
0
0
40
40
40
40
40
40
0
0
0
0
0
0
0
0
0
1960
0
0
0
0
0
0
39
39
39
39
39
28
0
0
0
0
0
0
0
0
0
1976
4086
4086
4086
4086
4086
4086
9
9
9
9
9
0
0
0
0
0
0
0
0
0
0
1945
4095
4095
4095
4095
4095
0
24
24
24
24
24
0
0
0
0
0
0
0
0
0
747
2440
4095
4095
4095
4095
4095
0
0
0
0
0
0
0
0
0
0
0
0
0
0
0
937
2428
4083
4083
4083
4083
4083
0
0
0
0
0
0
0
0
0
0
0
0
0
0
0
880
2262
4095
4095
4095
4095
4095
0
0
0
0
0
0
0
0
0
0
0
0
0
0
0
1082
2663
4095
4095
4095
4095
0
0
0
0
0
0
0
0
0
0
0
0
0
4095
4095
3779
2342
0
0
0
0
0
0
0
0
0
0
0
0
0
0
0
0
0
0
0
0
591
2024
0
0
0
0
35
0
0
0
0
0
0
0
0
0
0
0
0
0
0
0
712
1457
0
0
0
0
143
0
0
0
0
0
0
0
0
0
0
0
0
0
0
0
2099
0
0
0
72
0
309
0
0
0
0
0
0
0
0
0
5
5
0
0
0
0
1811
0
0
12
0
73
1134
0
0
0
0
0
0
0
0
3
9
47
0
0
0
447
1963
0
0
83
0
456
0
0
0
0
0
0
0
0
0
4
11
113
0
0
0
1785
0
0
0
0
243
0
0
0
0
0
0
0
0
0
0
4
169
218
0
0
0
1463
0
0
0
0
215
0
912
0
0
0
0
0
0
0
0
3
516
516
0
0
0
0
0
0
0
0
231
0
0
0
0
0
0
0
0
0
0
1
246
246
246
246
246
0
0
0
0
101
0
1286
0
0
0
0
0
0
0
0
329
332
333
0
0
0
3019
0
0
0
0
0
485
0
0
0
0
0
0
0
0
0
1652
1659
1659
0
0
0
3660
0
0
0
0
