0
4095
789
1921
4095
0
0
1398
0
0
0
0
0
0
0
0
4095
0
0
0
0
0
0
4095
808
1605
0
0
0
2686
0
0
0
0
0
0
0
1441
0
0
0
0
0
0
0
4095
710
2248
0
0
0
0
0
0
0
0
0
0
0
1389
3003
0
0
0
0
0
0
4095
844
2503
0
0
0
0
0
0
0
0
0
0
0
1380
2989
0
0
0
0
0
0
4095
734
3673
0
0
0
0
0
0
0
0
0
0
0
1489
1892
0
0
0
0
0
4095
534
716
3424
0
0
0
0
0
0
0
0
0
0
0
1686
1752
0
0
0
0
0
4095
466
813
3042
0
0
0
0
0
0
0
0
0
0
0
1609
513
0
0
0
0
0
4095
441
747
1363
0
0
0
0
0
0
0
0
0
0
0
1555
0
0
0
0
4095
0
4095
556
859
2258
0
0
0
0
0
0
0
0
0
0
0
1240
0
0
0
4095
0
0
1539
466
728
0
0
0
2042
0
0
0
0
0
0
0
113
0
0
0
0
4095
0
3089
1562
554
1034
0
0
0
1025
0
0
0
0
0
0
0
156
0
0
0
0
4095
0
3462
1829
450
696
0
1578
0
620
0
0
0
0
0
0
0
113
267
0
0
0
4095
0
3439
1568
453
323
0
895
0
0
0
0
0
0
0
0
0
0
239
0
0
0
0
0
4095
1506
551
0
0
946
0
0
0
0
0
0
0
0
0
0
0
0
0
0
0
0
4095
1921
450
0
335
568
0
0
0
0
0
0
0
0
0
96
0
0
0
0
0
4095
3268
1505
457
0
363
427
0
0
0
0
0
0
0
0
0
284
0
0
0
0
0
4095
3470
1536
180
0
294
12
0
0
0
0
0
0
0
0
0
344
0
0
0
0
0
4095
2873
1983
0
51
312
13
0
0
0
0
0
0
0
0
0
0
0
0
0
0
0
4095
2868
1530
0
98
238
0
0
0
0
0
0
0
0
0
0
0
0
0
0
0
1187
3539
2963
1531
0
118
142
0
0
0
0
0
0
0
0
0
0
0
0
0
0
0
1154
3845
3517
1491
0
264
48
0
0
0
0
0
0
0
0
0
0
0
0
0
0
0
1187
4095
2853
279
0
207
10
0
0
0
0
0
0
0
0
0
0
0
0
0
0
0
1293
4095
3030
563
0
191
3
0
0
0
0
0
0
0
0
1256
0
0
0
0
0
0
1178
4095
2152
0
0
167
57
0
0
0
0
0
0
0
0
1294
0
0
0
0
0
0
2271
4095
1797
0
290
170
98
0
0
0
0
0
1256
0
0
0
0
0
0
0
0
0
4095
4095
1057
0
371
379
0
0
0
0
0
0
2963
0
0
0
0
0
0
0
0
0
4095
0
413
0
323
596
0
0
0
0
0
0
1660
1422
0
0
0
0
0
0
0
0
4095
0
899
239
94
767
0
0
0
0
0
0
2733
1320
0
0
0
0
0
0
0
0
4095
0
0
616
101
0
0
0
0
0
0
0
3369
1311
0
0
0
0
0
0
0
0
1966
0
0
646
93
0
0
0
0
0
0
0
3716
1012
0
0
0
0
0
0
0
0
0
0
0
1233
0
0
0
0
0
0
0
0
3436
0
0
0
0
0
0
0
0
0
0
0
0
11
0
0
0
0
0
0
0
0
3610
0
0
0
0
0
0
0
2091
0
0
0
912
204
1
0
0
0
0
0
0
2268
1348
428
0
0
0
0
0
0
2591
0
0
0
930
133
0
0
0
0
0
0
0
2245
0
398
0
0
0
0
671
0
4095
0
0
0
721
143
0
0
0
0
0
0
0
1923
0
68
0
0
0
0
1003
0
0
0
0
0
1347
100
0
0
0
0
0
0
0
435
0
0
0
0
0
0
0
770
1888
0
0
1114
340
49
0
0
0
0
0
0
0
0
82
0
0
0
0
0
0
1101
2043
0
0
883
93
77
0
0
0
0
0
0
0
0
207
0
0
0
0
79
0
1094
1777
0
0
736
33
0
0
0
0
6
0
0
0
0
0
0
0
0
0
0
660
1233
1145
0
0
804
3
0
0
0
0
50
0
0
0
0
0
0
0
0
0
0
1115
932
0
0
0
798
8
0
0
0
0
52
0
0
0
0
0
0
0
0
14
0
1095
567
0
0
0
737
252
0
0
0
37
51
0
0
0
0
0
0
0
0
33
0
1241
0
0
0
0
697
702
0
0
0
76
0
0
0
0
0
0
0
0
0
0
0
0
0
0
1334
0
49
0
0
0
0
82
0
0
0
0
0
0
0
0
0
0
0
0
0
0
662
0
0
0
0
0
0
49
0
0
0
0
0
0
0
0
0
0
0
0
0
0
789
0
1
0
0
0
0
0
0
0
0
0
0
0
0
0
9
0
0
0
0
0
0
0
0
0
0
0
0
0
0
0
0
0
0
0
0
0
0
0
0
0
0
0
0
0
0
0
0
0
0
0
0
0
0
0
0
0
0
0
0
0
0
0
0
0
0
0
0
0
0
0
0
0
0
0
0
0
0
0
0
0
0
0
0
0
0
0
0
0
0
0
0
0
0
0
0
0
0
0
0
0
0
0
0
0
0
0
0
0
0
0
0
0
0
0
0
0
0
4095
0
0
0
0
0
84
0
0
0
0
0
0
0
0
0
0
0
0
0
0
0
4095
0
0
0
0
0
191
0
0
0
0
0
0
0
0
0
0
0
0
0
0
4095
0
0
0
0
0
0
110
0
0
0
0
0
0
0
0
0
0
0
0
0
0
4095
0
0
0
0
0
0
92
0
0
0
0
0
0
0
0
0
0
0
0
0
0
0
0
0
0
0
0
45
0
0
0
0
0
0
0
0
0
0
0
0
0
0
0
0
0
0
0
0
0
79
0
0
0
0
0
0
0
0
0
0
0
0
0
0
0
0
0
0
0
0
0
19
0
0
0
0
0
0
0
0
0
0
0
0
0
0
0
0
0
0
0
0
0
0
0
0
0
0
0
0
0
0
0
0
0
0
0
0
0
0
0
0
0
0
74
0
0
0
0
0
0
0
0
0
0
0
0
0
0
0
0
0
0
0
0
0
0
0
0
0
0
0
0
0
0
0
0
0
0
0
0
0
4095
4095
0
0
0
51
0
0
0
0
0
0
0
0
0
0
0
0
28
0
0
0
4095
1154
579
0
0
65
0
0
0
0
0
0
0
0
0
0
0
0
15
0
0
0
4095
1114
548
0
0
62
0
0
0
0
0
0
0
0
0
0
0
20
5
0
0
4095
4095
1085
367
0
0
66
0
0
0
0
0
0
0
0
0
0
0
104
0
0
0
4095
4095
1191
219
0
0
933
0
0
0
0
0
0
0
0
0
0
0
108
0
0
0
4095
4095
1219
0
0
0
2281
0
0
0
0
0
0
0
0
0
0
496
76
0
0
3954
1809
4095
2786
0
1889
0
1103
0
0
0
0
0
0
0
0
0
0
745
0
0
0
1446
1669
4095
4095
58
1127
1146
1199
0
0
0
0
0
0
0
0
0
0
0
0
0
0
1778
1866
4095
4095
37
2088
1154
884
0
0
0
0
0
0
0
0
0
0
0
0
0
0
1776
1990
4095
4095
39
0
1093
0
0
0
0
0
0
0
0
0
0
2237
0
0
0
0
2576
1743
4095
4095
0
933
1065
0
0
0
0
0
0
0
2122
0
0
1
0
0
0
4095
764
1730
4095
662
0
1013
0
0
0
0
0
0
0
0
1783
0
0
4
0
0
0
