31
30
-1
158
-1
-1
-1
-1
-1
-1
-1
130
-1
-1
129
-1
-1
-1
-1
46
13
25
-1
-1
-1
156
-1
-1
-1
-1
-1
-1
-1
126
-1
-1
127
-1
-1
-1
-1
46
16
82
-1
-1
-1
151
-1
-1
-1
-1
-1
-1
-1
196
-1
-1
-1
-1
-1
-1
-1
104
17
81
-1
-1
-1
-1
-1
-1
-1
-1
-1
-1
-1
218
-1
-1
-1
-1
-1
-1
-1
107
19
219
-1
-1
-1
-1
-1
-1
-1
-1
-1
-1
-1
123
99
-1
-1
-1
-1
-1
99
6
18
218
-1
-1
-1
-1
-1
-1
-1
-1
-1
-1
-1
121
100
-1
-1
-1
-1
-1
102
5
18
213
-1
-1
-1
-1
-1
-1
-1
-1
-1
-1
-1
126
97
-1
-1
-1
-1
-1
103
6
21
210
-1
-1
-1
-1
-1
-1
-1
-1
-1
-1
-1
216
-1
-1
-1
-1
-1
-1
98
5
18
219
-1
-1
-1
-1
-1
-1
-1
-1
-1
-1
123
60
-1
-1
-1
128
-1
-1
40
5
17
178
-1
-1
165
-1
-1
-1
-1
-1
-1
-1
90
60
-1
-1
-1
103
-1
53
16
6
74
-1
-1
-1
163
-1
-1
-1
-1
-1
-1
-1
82
32
66
-1
-1
63
-1
57
12
5
72
-1
-1
-1
160
-1
-1
-1
-1
-1
-1
-1
80
-1
103
-1
-1
62
-1
49
11
5
71
-1
154
-1
-1
-1
-1
-1
-1
-1
-1
-1
113
29
97
-1
-1
-1
-1
84
9
6
43
-1
159
-1
-1
-1
-1
-1
-1
-1
-1
-1
115
95
-1
-1
-1
-1
92
24
9
5
-1
39
-1
-1
-1
-1
-1
-1
-1
-1
-1
-1
107
95
-1
-1
-1
-1
90
21
8
6
-1
202
-1
-1
-1
-1
-1
-1
-1
-1
-1
-1
163
-1
-1
-1
-1
-1
134
17
7
5
-1
208
159
-1
-1
-1
-1
-1
-1
-1
-1
81
92
-1
-1
-1
-1
-1
130
17
8
5
-1
41
-1
-1
-1
-1
-1
-1
-1
-1
-1
90
85
-1
-1
-1
-1
-1
121
18
8
6
17
178
-1
-1
-1
-1
-1
-1
-1
-1
-1
131
-1
-1
-1
-1
-1
132
24
18
9
-1
23
177
-1
-1
-1
-1
-1
-1
-1
-1
-1
128
-1
-1
-1
-1
-1
126
26
20
7
-1
24
188
-1
-1
-1
-1
-1
-1
-1
-1
-1
127
-1
-1
-1
-1
-1
121
27
18
8
-1
22
188
-1
-1
-1
-1
-1
-1
-1
-1
-1
-1
-1
-1
-1
-1
-1
196
31
18
9
5
17
235
-1
-1
-1
-1
-1
-1
-1
-1
151
-1
-1
-1
-1
-1
-1
122
26
20
7
6
19
143
-1
-1
-1
-1
-1
-1
-1
-1
147
-1
-1
-1
-1
-1
-1
128
28
18
-1
13
16
153
-1
-1
-1
-1
-1
111
-1
-1
49
-1
-1
-1
-1
-1
119
30
28
18
-1
14
15
117
-1
-1
-1
-1
-1
166
-1
-1
-1
-1
-1
-1
-1
-1
146
32
-1
46
-1
14
107
-1
-1
-1
-1
-1
-1
118
-1
61
-1
-1
-1
-1
-1
-1
-1
154
-1
52
8
5
101
-1
-1
-1
-1
-1
125
25
18
43
-1
-1
-1
-1
-1
-1
-1
177
-1
-1
27
70
-1
-1
-1
-1
-1
-1
125
25
19
48
-1
-1
-1
-1
-1
-1
-1
175
-1
-1
27
70
-1
-1
-1
-1
-1
-1
133
29
19
43
-1
-1
-1
-1
-1
-1
153
-1
-1
-1
56
71
-1
-1
-1
-1
-1
-1
-1
124
40
-1
-1
-1
-1
-1
-1
-1
181
-1
-1
-1
59
114
-1
-1
-1
-1
-1
-1
125
25
95
-1
-1
-1
-1
-1
-1
-1
-1
-1
-1
-1
194
77
-1
-1
-1
-1
-1
-1
124
25
48
-1
-1
-1
-1
-1
-1
154
-1
-1
-1
78
9
75
-1
-1
-1
-1
-1
-1
124
26
33
-1
-1
-1
-1
67
-1
93
-1
-1
-1
80
97
-1
-1
-1
-1
-1
-1
-1
124
29
34
-1
-1
-1
-1
65
-1
93
-1
-1
59
19
89
-1
-1
-1
-1
-1
-1
-1
128
60
-1
-1
-1
-1
48
91
-1
-1
-1
-1
96
19
98
-1
-1
-1
-1
-1
-1
131
34
62
-1
-1
-1
-1
52
31
30
63
-1
-1
57
20
66
-1
-1
-1
-1
-1
-1
-1
-1
190
-1
-1
-1
-1
48
30
30
67
-1
-1
61
120
-1
-1
-1
-1
-1
129
-1
-1
-1
126
-1
-1
-1
-1
54
30
34
70
-1
-1
60
66
-1
-1
-1
-1
83
126
-1
-1
-1
-1
-1
-1
-1
102
26
32
62
-1
-1
-1
94
45
-1
-1
-1
-1
-1
63
-1
-1
109
-1
-1
-1
-1
50
25
33
60
-1
-1
-1
95
37
-1
-1
-1
94
-1
33
-1
118
-1
-1
-1
-1
-1
74
25
90
-1
-1
-1
-1
91
37
-1
-1
-1
97
-1
-1
-1
122
-1
-1
-1
-1
-1
75
27
91
-1
-1
-1
-1
125
-1
-1
-1
-1
136
-1
-1
-1
128
-1
-1
-1
-1
105
-1
-1
-1
-1
-1
123
-1
102
-1
-1
-1
-1
132
-1
-1
-1
-1
-1
-1
-1
-1
148
-1
-1
-1
-1
94
36
-1
87
-1
-1
-1
-1
194
-1
-1
-1
-1
-1
-1
-1
-1
143
-1
-1
-1
-1
137
-1
-1
79
-1
-1
-1
38
152
-1
-1
-1
-1
-1
-1
-1
-1
150
-1
-1
-1
-1
181
-1
-1
-1
-1
-1
-1
217
-1
-1
-1
-1
-1
-1
-1
-1
-1
243
-1
-1
-1
-1
-1
-1
-1
-1
-1
-1
-1
304
-1
-1
-1
-1
-1
-1
-1
-1
272
-1
-1
-1
-1
-1
-1
-1
-1
-1
-1
-1
-1
274
-1
-1
-1
-1
-1
-1
-1
-1
259
-1
-1
-1
-1
-1
-1
-1
-1
-1
-1
-1
-1
271
-1
-1
-1
-1
-1
-1
-1
-1
524
-1
-1
-1
-1
-1
-1
-1
-1
-1
-1
-1
-1
-1
-1
-1
-1
-1
-1
-1
-1
-1
523
-1
-1
-1
-1
-1
-1
-1
-1
-1
-1
-1
-1
-1
-1
254
-1
-1
-1
-1
-1
-1
258
-1
-1
-1
-1
-1
-1
-1
-1
-1
-1
-1
-1
-1
-1
215
-1
-1
-1
-1
-1
275
-1
-1
-1
-1
-1
-1
-1
-1
-1
-1
-1
-1
-1
-1
-1
221
-1
-1
-1
-1
-1
277
-1
-1
-1
-1
-1
-1
-1
-1
-1
-1
-1
-1
-1
-1
-1
-1
-1
-1
-1
-1
-1
499
-1
-1
-1
-1
-1
-1
-1
-1
-1
-1
-1
-1
-1
-1
-1
-1
-1
-1
-1
-1
270
242
-1
-1
-1
-1
-1
-1
-1
-1
-1
-1
-1
-1
-1
-1
-1
-1
-1
-1
-1
-1
503
-1
-1
-1
-1
-1
-1
-1
-1
-1
-1
-1
-1
-1
-1
-1
-1
-1
-1
-1
-1
-1
501
-1
-1
-1
-1
-1
-1
-1
-1
-1
-1
-1
-1
-1
-1
-1
-1
-1
-1
-1
-1
-1
500
-1
-1
-1
-1
-1
-1
-1
-1
-1
-1
-1
-1
-1
-1
-1
-1
-1
-1
-1
-1
166
94
-1
-1
-1
-1
-1
-1
-1
-1
-1
-1
-1
248
-1
-1
-1
-1
67
-1
-1
-1
194
-1
-1
-1
-1
-1
-1
-1
-1
-1
-1
-1
-1
198
-1
-1
-1
55
68
-1
-1
-1
165
-1
-1
-1
-1
-1
-1
-1
-1
-1
-1
-1
202
22
-1
-1
-1
54
33
68
-1
-1
132
-1
-1
-1
-1
-1
-1
-1
-1
-1
-1
-1
212
-1
-1
-1
34
29
30
67
-1
-1
134
-1
-1
-1
-1
-1
-1
-1
-1
-1
-1
-1
212
-1
-1
-1
31
29
66
-1
-1
-1
177
-1
-1
-1
-1
-1
-1
-1
-1
-1
-1
168
38
-1
-1
-1
33
26
63
-1
-1
68
105
-1
-1
-1
-1
-1
-1
-1
-1
-1
-1
186
44
-1
-1
14
18
30
30
-1
68
30
102
-1
-1
-1
-1
-1
-1
-1
-1
-1
-1
221
-1
-1
-1
29
20
32
32
-1
68
113
-1
-1
-1
-1
-1
-1
-1
-1
-1
-1
-1
228
-1
-1
-1
32
23
28
34
-1
67
173
-1
-1
-1
-1
-1
-1
-1
-1
-1
-1
-1
-1
-1
-1
198
11
31
28
62
-1
-1
158
-1
-1
-1
-1
-1
-1
-1
-1
-1
-1
208
-1
-1
-1
48
10
25
28
30
-1
69
119
-1
-1
-1
-1
-1
-1
-1
-1
-1
-1
213
-1
-1
-1
46
10
25
31
