27
-1
30
12
-1
-1
-1
-1
-1
-1
-1
137
-1
-1
30
-1
-1
-1
-1
27
23
29
-1
-1
64
-1
-1
-1
-1
-1
-1
-1
-1
61
-1
-1
12
-1
-1
-1
35
9
23
29
-1
-1
156
-1
-1
-1
-1
-1
-1
-1
6
61
-1
-1
-1
-1
-1
-1
37
14
24
41
-1
-1
-1
-1
-1
-1
-1
-1
-1
-1
29
31
28
-1
-1
-1
-1
-1
34
13
25
63
-1
-1
-1
-1
-1
-1
-1
-1
-1
-1
25
32
29
-1
-1
-1
-1
-1
72
13
22
-1
-1
-1
-1
-1
-1
-1
-1
-1
-1
-1
25
35
15
-1
-1
-1
-1
-1
63
15
109
-1
-1
-1
-1
-1
-1
-1
-1
-1
-1
-1
28
30
-1
-1
-1
-1
-1
-1
57
13
122
-1
-1
-1
-1
-1
-1
-1
-1
-1
-1
-1
31
24
-1
-1
-1
-1
-1
55
4
13
119
-1
-1
-1
-1
-1
-1
-1
-1
-1
-1
-1
30
-1
-1
-1
-1
105
-1
22
2
14
80
-1
-1
-1
164
-1
-1
-1
-1
-1
-1
-1
28
-1
-1
-1
-1
63
-1
22
2
12
53
-1
-1
65
-1
-1
-1
-1
-1
-1
-1
-1
13
-1
-1
-1
-1
86
-1
21
3
13
67
-1
-1
118
-1
-1
-1
-1
-1
-1
-1
3
-1
-1
-1
-1
-1
-1
28
10
2
9
-1
-1
-1
159
-1
-1
-1
-1
-1
-1
-1
4
4
-1
-1
-1
29
-1
29
12
3
28
-1
62
-1
-1
-1
-1
-1
-1
-1
-1
-1
-1
20
-1
-1
-1
-1
-1
57
13
3
25
-1
59
-1
-1
-1
-1
-1
-1
-1
-1
-1
-1
20
-1
-1
-1
-1
-1
55
14
3
19
-1
51
-1
-1
-1
-1
-1
-1
-1
-1
-1
-1
4
-1
-1
-1
-1
-1
50
13
4
-1
-1
68
-1
-1
-1
-1
-1
-1
-1
-1
-1
14
-1
-1
-1
-1
-1
29
23
13
5
-1
22
60
-1
-1
-1
-1
-1
-1
-1
-1
-1
20
-1
-1
-1
-1
-1
26
21
13
5
-1
18
21
-1
-1
-1
-1
-1
-1
-1
-1
-1
8
-1
-1
-1
-1
-1
28
22
15
2
-1
18
20
-1
-1
-1
-1
-1
-1
-1
-1
-1
-1
-1
-1
-1
-1
-1
46
23
13
-1
-1
19
18
-1
-1
-1
-1
-1
-1
-1
-1
-1
-1
-1
-1
-1
-1
32
26
21
15
-1
-1
21
16
-1
-1
-1
-1
-1
-1
-1
-1
-1
-1
-1
-1
-1
-1
32
28
21
16
-1
6
18
1
-1
-1
-1
-1
-1
-1
-1
-1
-1
-1
-1
-1
-1
-1
31
26
22
16
-1
8
18
2
-1
-1
-1
-1
-1
-1
-1
-1
-1
-1
-1
-1
-1
-1
32
26
24
15
-1
4
19
-1
-1
-1
-1
-1
-1
26
-1
-1
-1
-1
-1
-1
-1
-1
34
26
15
33
-1
9
30
-1
-1
-1
-1
-1
-1
49
-1
-1
-1
-1
-1
-1
-1
-1
57
50
15
-1
-1
8
27
-1
-1
-1
-1
-1
11
-1
-1
-1
-1
-1
-1
-1
-1
-1
-1
-1
33
-1
4
7
-1
-1
-1
-1
-1
-1
51
22
-1
-1
-1
-1
-1
-1
-1
-1
32
-1
65
-1
5
15
-1
-1
-1
-1
-1
-1
64
22
-1
-1
-1
-1
-1
-1
-1
-1
39
-1
-1
-1
16
22
-1
-1
-1
-1
-1
-1
100
24
-1
-1
-1
-1
-1
-1
-1
-1
58
-1
-1
36
6
48
-1
-1
-1
-1
-1
-1
109
26
-1
-1
-1
-1
-1
-1
-1
-1
129
-1
-1
40
5
-1
-1
-1
-1
-1
-1
-1
110
9
-1
-1
-1
-1
-1
-1
-1
-1
-1
-1
-1
42
28
-1
-1
-1
-1
-1
-1
-1
110
-1
-1
-1
-1
-1
-1
-1
-1
200
-1
-1
-1
39
38
-1
-1
-1
-1
-1
-1
-1
115
-1
-1
-1
-1
-1
-1
36
39
-1
-1
-1
46
21
35
-1
-1
-1
-1
-1
-1
97
12
27
-1
-1
-1
-1
-1
60
98
-1
-1
-1
49
17
71
-1
-1
-1
-1
-1
-1
84
-1
23
-1
-1
-1
-1
6
-1
162
-1
-1
-1
53
18
-1
-1
-1
-1
-1
-1
-1
46
-1
4
-1
-1
-1
-1
6
35
-1
-1
-1
-1
81
59
-1
-1
-1
-1
-1
-1
-1
-1
-1
-1
-1
-1
-1
-1
-1
31
67
-1
-1
63
22
60
-1
-1
-1
-1
-1
9
-1
-1
-1
-1
-1
-1
-1
4
-1
30
66
-1
-1
60
22
65
-1
-1
-1
-1
-1
-1
-1
-1
-1
-1
-1
-1
-1
4
-1
30
45
-1
-1
57
26
-1
-1
-1
-1
57
-1
-1
-1
-1
-1
-1
-1
-1
-1
-1
30
30
68
-1
-1
58
26
-1
-1
-1
-1
47
-1
-1
-1
-1
-1
-1
-1
-1
-1
-1
84
12
-1
-1
-1
42
39
-1
-1
-1
-1
44
-1
-1
-1
-1
-1
-1
-1
-1
3
-1
-1
-1
-1
-1
-1
30
26
-1
-1
-1
-1
40
-1
-1
-1
-1
-1
-1
-1
-1
2
-1
-1
-1
-1
88
-1
2
46
-1
-1
-1
33
6
-1
-1
-1
-1
-1
-1
-1
-1
-1
-1
-1
-1
-1
32
-1
-1
-1
-1
-1
-1
42
-1
-1
-1
-1
-1
-1
-1
-1
-1
-1
-1
-1
-1
-1
65
-1
87
-1
-1
-1
-1
29
-1
-1
-1
-1
-1
-1
-1
-1
-1
-1
-1
-1
-1
-1
-1
-1
-1
-1
-1
-1
-1
9
-1
-1
-1
-1
-1
-1
-1
-1
2
-1
-1
-1
-1
-1
-1
-1
-1
-1
-1
-1
-1
8
-1
-1
-1
-1
-1
-1
-1
-1
-1
-1
-1
-1
-1
-1
-1
-1
-1
-1
-1
-1
32
-1
-1
-1
-1
-1
-1
-1
-1
-1
-1
-1
-1
-1
-1
-1
-1
-1
-1
-1
-1
-1
21
-1
-1
-1
-1
-1
-1
-1
-1
-1
10
-1
-1
-1
-1
-1
-1
-1
-1
-1
-1
-1
83
-1
-1
60
-1
-1
-1
-1
-1
-1
-1
-1
-1
-1
-1
-1
-1
-1
-1
-1
-1
-1
-1
-1
-1
55
-1
-1
-1
-1
-1
23
-1
-1
-1
-1
-1
-1
-1
-1
-1
-1
-1
-1
-1
-1
-1
155
-1
-1
-1
-1
-1
24
-1
-1
-1
-1
-1
-1
-1
-1
-1
-1
-1
-1
-1
-1
-1
-1
-1
-1
-1
-1
-1
31
-1
-1
-1
-1
-1
-1
-1
-1
-1
-1
-1
-1
-1
-1
203
-1
-1
-1
-1
-1
-1
24
-1
-1
-1
-1
-1
-1
-1
-1
-1
-1
-1
-1
-1
-1
-1
-1
-1
-1
-1
-1
8
-1
-1
-1
-1
-1
-1
-1
-1
-1
-1
-1
-1
-1
-1
-1
-1
-1
-1
-1
-1
-1
-1
-1
-1
-1
-1
-1
-1
-1
-1
-1
-1
-1
-1
-1
-1
-1
-1
-1
-1
-1
-1
-1
-1
-1
-1
-1
-1
-1
-1
-1
-1
-1
-1
-1
-1
-1
-1
-1
-1
-1
-1
-1
-1
5
-1
-1
-1
-1
-1
-1
-1
-1
-1
-1
-1
-1
160
-1
-1
-1
-1
-1
-1
-1
-1
5
-1
-1
-1
-1
-1
-1
-1
-1
-1
-1
-1
-1
-1
-1
-1
-1
-1
82
-1
-1
-1
-1
-1
-1
-1
-1
-1
-1
-1
-1
-1
-1
-1
3
-1
-1
-1
-1
175
15
-1
-1
12
-1
-1
-1
-1
-1
-1
-1
-1
-1
-1
-1
-1
3
-1
-1
-1
35
30
14
-1
-1
24
-1
-1
-1
-1
-1
-1
-1
-1
-1
-1
-1
-1
9
-1
-1
-1
36
31
13
-1
-1
30
-1
-1
-1
-1
-1
-1
-1
-1
-1
-1
-1
34
5
-1
-1
-1
40
31
34
-1
-1
30
-1
-1
-1
-1
-1
-1
-1
-1
-1
-1
-1
58
-1
-1
-1
17
27
31
51
-1
-1
42
-1
-1
-1
-1
-1
-1
-1
-1
-1
-1
-1
67
-1
-1
-1
18
30
31
-1
-1
-1
67
-1
-1
-1
-1
-1
-1
-1
-1
-1
-1
-1
85
-1
-1
-1
16
28
30
11
98
-1
33
-1
-1
-1
-1
-1
-1
-1
-1
-1
-1
-1
51
-1
-1
12
21
30
29
10
30
30
36
-1
-1
-1
-1
-1
-1
-1
-1
-1
-1
-1
-1
-1
-1
13
25
31
30
-1
60
30
-1
-1
-1
-1
-1
-1
-1
-1
-1
-1
65
-1
-1
-1
-1
14
23
33
34
-1
-1
30
-1
-1
-1
-1
-1
-1
-1
-1
-1
-1
30
-1
-1
-1
-1
17
26
29
30
