70
22
22
107
0
29
0
1597
163
536
118
0
526
32
244
22
18
28
217
51
0
171
33
64
27
22
29
26
19
21
49
19
156
28
0
88
38
97
29
27
123
23
114
0
21
0
30
32
0
28
52
113
33
29
27
26
616
980
228
52
0
0
67
22
0
854
129
137
225
507
0
368
116
20
0
21
46
767
3390
0
371
212
676
1242
981
207
206
199
650
130
262
105
208
0
0
414
19
179
0
0
178
66
95
200
328
89
79
203
843
483
359
140
302
23
215
496
572
707
420
72
752
30
160
0
0
128
226
416
321
71
298
328
0
413
250
31
173
0
0
29
133
386
0
342
0
194
440
301
191
609
815
1084
865
150
0
0
202
0
19
33
463
829
28
1539
39
