0
1844
0
0
0
0
0
0
0
3670
0
0
5
0
0
0
0
2826
1479
4095
0
983
529
224
0
0
0
0
0
0
0
3442
0
0
5
0
0
0
0
3112
1729
4095
0
0
3280
0
0
0
0
0
0
0
0
3706
0
0
0
0
0
0
0
4095
1565
3626
0
0
0
0
0
0
0
0
0
0
0
3425
0
0
0
0
0
0
4095
446
1562
3671
0
0
0
0
0
0
0
0
0
0
1317
1624
1657
0
0
0
0
0
4095
471
1586
2516
0
0
0
0
0
0
0
0
0
0
2373
1732
1581
0
0
0
0
0
4095
525
1539
2513
0
0
0
0
0
0
0
0
0
0
0
1645
911
0
0
0
0
0
4095
455
1302
3652
0
0
0
0
0
0
0
0
0
0
1252
1553
0
0
0
0
0
0
4095
545
1196
0
0
0
0
0
0
0
0
0
0
0
1345
1620
0
0
0
4095
0
0
2493
427
2461
0
0
0
2483
0
0
0
0
0
0
0
1155
0
0
0
0
4095
0
1917
693
452
1581
0
0
0
1402
0
0
0
0
0
0
0
1164
0
0
0
0
4095
0
1730
806
550
649
0
0
0
1620
0
0
0
0
0
0
0
493
0
0
0
0
4095
0
1641
810
435
719
0
0
0
0
0
0
0
0
0
0
0
0
0
0
0
0
0
0
4095
920
358
931
0
0
1505
0
0
0
0
0
0
0
0
0
0
0
0
0
0
4095
1922
718
362
0
1118
0
0
0
0
0
0
0
0
0
0
357
0
0
0
0
0
4095
1749
811
520
0
985
0
0
0
0
0
0
0
0
0
0
330
0
0
0
0
0
4095
1773
915
360
0
654
0
0
0
0
0
0
0
0
0
0
120
0
0
0
0
0
4095
2095
941
0
445
332
0
0
0
0
0
0
0
0
0
123
0
0
0
0
0
0
4095
1780
997
0
391
553
0
0
0
0
0
0
0
0
0
347
0
0
0
0
0
1155
4095
1887
1180
0
473
237
0
0
0
0
0
0
0
0
0
296
0
0
0
0
0
1105
4095
1977
1084
0
394
165
0
0
0
0
0
0
0
0
0
0
0
0
0
0
0
1573
4095
2067
0
0
416
40
0
0
0
0
0
0
0
0
111
0
0
0
0
0
0
1787
4095
2051
0
0
284
28
0
0
0
0
0
0
0
0
236
0
0
0
0
0
565
1171
4095
2009
0
0
78
0
0
0
0
0
0
0
0
0
210
0
0
0
0
0
611
1098
4095
2392
0
150
9
0
0
0
0
0
0
224
0
0
0
0
0
0
0
0
523
4095
4095
382
0
268
59
0
0
0
0
0
0
1620
0
0
0
0
0
0
0
0
21
4095
1789
415
0
46
220
0
0
0
0
0
0
1778
0
0
0
0
0
0
0
0
65
4095
796
874
0
268
1027
0
0
0
0
0
610
1790
0
0
0
0
0
0
0
0
0
4095
0
0
0
248
0
0
0
0
0
0
1687
1730
0
0
0
0
0
0
0
0
64
0
0
0
399
169
0
0
0
0
0
0
2044
1551
0
0
0
0
0
0
0
0
617
0
0
0
436
143
0
0
0
0
0
0
3081
1411
0
0
0
0
0
0
0
0
603
0
0
698
0
102
0
0
0
0
0
0
3374
1712
0
0
0
0
0
0
0
0
1681
0
0
727
66
140
0
0
0
0
0
0
3093
974
0
0
0
0
0
0
0
1163
0
0
0
733
62
0
0
0
0
0
0
0
3255
0
0
0
0
0
0
472
0
2267
0
0
0
688
56
0
0
0
0
0
0
0
3693
0
0
0
0
0
0
1182
0
3229
0
0
922
155
0
0
0
0
0
0
0
2139
447
258
0
0
0
0
0
0
2390
0
0
0
887
146
0
0
0
0
0
0
0
1579
0
378
0
0
0
0
35
0
0
1639
0
0
591
151
0
0
0
0
0
0
0
949
0
163
0
0
0
0
44
0
1190
2472
0
0
641
93
0
0
0
0
0
0
0
0
0
0
0
0
0
0
0
390
1141
0
0
0
743
227
0
0
0
0
0
0
0
0
0
0
0
0
0
0
0
1126
1879
0
0
0
617
392
0
0
0
0
0
0
0
0
0
0
0
0
0
74
0
1066
1584
0
0
0
633
801
0
0
0
0
0
0
0
0
0
0
0
0
0
0
0
1312
0
0
0
0
1061
0
0
0
0
56
0
0
0
0
0
0
0
0
0
0
0
822
0
0
0
0
791
0
0
0
0
85
0
0
0
0
0
0
0
0
0
0
0
0
0
0
0
0
614
0
0
0
0
90
0
0
0
0
0
0
0
0
40
0
0
0
0
1445
0
0
0
0
0
0
0
54
0
0
0
0
0
0
0
0
0
0
0
0
0
272
0
0
2
0
0
0
11
0
0
0
0
0
0
0
0
0
0
0
0
0
0
615
0
0
0
0
0
0
6
0
0
0
0
0
0
0
0
0
0
0
0
0
0
0
0
0
0
0
0
0
13
0
0
0
0
0
0
0
0
0
0
0
0
0
0
0
0
0
0
0
0
0
0
0
0
0
0
0
0
0
0
18
0
0
0
0
0
0
0
0
0
0
0
0
0
0
0
0
0
0
0
0
0
0
0
0
0
0
0
0
0
0
0
0
0
0
0
0
0
0
0
0
0
0
0
19
0
0
0
0
0
0
0
0
0
0
0
1
0
0
4095
0
0
0
0
0
0
65
0
0
0
0
0
0
0
0
0
0
0
0
0
0
4095
0
0
0
0
0
0
0
0
0
0
0
0
0
0
0
0
0
0
0
0
0
4095
0
0
0
0
0
112
0
0
0
0
0
0
0
0
0
0
0
0
0
0
0
4095
0
0
0
0
0
56
0
0
0
0
0
0
0
0
0
0
0
0
0
0
0
0
0
0
0
0
0
26
0
0
0
0
0
0
0
0
0
0
0
0
0
0
0
0
0
0
0
0
37
0
0
0
0
0
0
0
0
0
0
0
0
0
0
0
0
0
0
0
0
0
34
0
0
0
0
0
0
0
0
0
0
0
0
0
0
0
0
0
0
0
0
0
0
0
0
0
0
0
0
0
0
0
0
0
0
0
0
0
0
0
0
0
0
63
0
0
0
0
0
0
0
0
0
0
0
0
4095
0
0
0
0
0
0
0
0
54
0
0
0
0
0
0
0
0
0
0
0
0
4095
0
0
0
4095
4095
0
0
0
26
0
0
0
0
0
0
0
0
0
0
0
0
0
0
0
0
4095
1136
0
0
137
0
0
0
0
0
0
0
0
0
0
0
0
135
0
0
0
4095
4095
1160
0
0
1535
0
0
0
0
0
0
0
0
0
0
0
4
387
0
0
0
4095
3799
1191
0
0
0
1085
0
0
0
0
0
0
0
0
0
0
77
43
0
0
4095
3243
4095
1280
0
0
1234
2245
0
0
0
0
0
0
0
0
0
0
191
0
0
0
3239
3573
3897
1406
0
1525
1191
0
0
0
0
0
0
0
0
0
0
0
308
0
0
0
3356
3644
3526
4095
0
2859
2064
0
0
0
0
0
0
0
0
0
0
0
639
0
0
1500
1620
2912
3552
4095
0
0
1152
0
0
0
0
0
0
0
0
0
0
0
258
0
0
2424
1552
2925
4095
4095
185
0
2556
0
0
0
0
0
0
0
0
0
0
3
0
0
0
3780
1843
3453
4095
4095
179
1455
182
0
0
0
0
0
0
0
0
0
0
0
0
0
0
2498
1548
3442
4095
1
0
