-1
-1
-1
-1
-1
-1
-1
-1
-1
46
-1
-1
-1
26
11
25
28
35
-1
35
18
-1
-1
-1
-1
-1
-1
89
-1
-1
-1
3
-1
-1
-1
23
15
23
50
74
-1
35
-1
-1
-1
-1
-1
-1
-1
42
-1
-1
56
-1
-1
-1
-1
23
13
23
-1
-1
-1
53
-1
-1
-1
-1
-1
-1
-1
65
-1
-1
-1
-1
-1
-1
-1
35
16
26
-1
-1
-1
101
-1
-1
-1
-1
-1
-1
-1
63
-1
-1
-1
-1
-1
-1
-1
45
19
54
-1
-1
-1
-1
-1
-1
-1
-1
-1
-1
-1
42
30
-1
-1
-1
-1
-1
40
5
17
81
-1
-1
-1
-1
-1
-1
-1
-1
-1
-1
-1
53
30
-1
-1
-1
-1
-1
55
6
20
109
-1
-1
-1
-1
-1
-1
-1
-1
-1
-1
-1
56
30
-1
-1
-1
-1
-1
67
5
18
108
-1
-1
-1
-1
-1
-1
-1
-1
-1
-1
-1
54
-1
-1
-1
-1
-1
-1
71
5
17
87
-1
-1
-1
-1
-1
-1
-1
-1
-1
-1
23
32
-1
-1
-1
-1
-1
-1
71
6
21
136
-1
-1
-1
-1
-1
-1
-1
-1
-1
-1
23
10
-1
-1
-1
78
-1
26
14
5
18
-1
-1
-1
125
-1
-1
-1
-1
-1
-1
-1
26
-1
-1
-1
-1
56
-1
22
15
5
69
-1
-1
-1
71
-1
-1
-1
-1
-1
-1
-1
24
-1
-1
-1
-1
103
-1
23
12
6
41
-1
-1
-1
172
-1
-1
-1
-1
-1
-1
-1
4
-1
-1
-1
-1
-1
-1
51
9
5
36
-1
87
-1
-1
-1
-1
-1
-1
-1
-1
-1
-1
-1
-1
-1
-1
-1
-1
54
8
6
58
-1
60
-1
-1
-1
-1
-1
-1
-1
-1
-1
7
-1
-1
-1
-1
-1
52
23
9
5
-1
25
69
-1
-1
-1
-1
-1
-1
-1
-1
-1
24
-1
-1
-1
-1
-1
51
18
8
20
-1
21
-1
-1
-1
-1
-1
-1
-1
-1
-1
-1
22
-1
-1
-1
-1
-1
58
17
8
16
-1
21
14
-1
-1
-1
-1
-1
-1
-1
-1
-1
-1
-1
-1
-1
-1
-1
51
19
9
-1
18
24
-1
-1
-1
-1
-1
-1
-1
-1
-1
-1
-1
-1
-1
-1
-1
28
18
18
7
-1
15
24
-1
-1
-1
-1
-1
-1
-1
-1
-1
-1
-1
-1
-1
-1
-1
28
27
18
8
-1
16
21
-1
-1
-1
-1
-1
-1
-1
-1
-1
-1
-1
-1
-1
-1
-1
26
26
17
9
-1
19
19
-1
-1
-1
-1
-1
-1
-1
-1
-1
-1
-1
-1
-1
-1
-1
31
28
20
-1
-1
16
21
-1
-1
-1
-1
-1
-1
-1
-1
3
-1
-1
-1
-1
-1
-1
39
28
18
-1
-1
16
14
-1
-1
-1
-1
-1
-1
-1
-1
2
-1
-1
-1
-1
-1
-1
48
27
18
-1
-1
15
-1
-1
-1
-1
-1
-1
-1
-1
-1
-1
-1
-1
-1
-1
-1
15
30
31
19
-1
5
17
14
-1
-1
-1
-1
-1
2
-1
-1
-1
-1
-1
-1
-1
-1
18
30
22
20
-1
5
15
-1
-1
-1
-1
-1
-1
12
-1
-1
-1
-1
-1
-1
-1
-1
28
30
-1
36
-1
2
36
-1
-1
-1
-1
-1
-1
30
2
-1
-1
-1
-1
-1
-1
-1
-1
30
-1
-1
-1
5
62
-1
-1
-1
-1
-1
-1
34
2
-1
-1
-1
-1
-1
-1
-1
-1
43
-1
-1
21
5
-1
-1
-1
-1
-1
-1
48
27
3
-1
-1
-1
-1
-1
-1
-1
16
100
-1
-1
27
27
-1
-1
-1
-1
-1
-1
66
25
-1
-1
-1
-1
-1
-1
-1
-1
34
-1
-1
-1
28
32
-1
-1
-1
-1
-1
-1
175
25
-1
-1
-1
-1
-1
-1
-1
-1
-1
-1
-1
-1
53
21
-1
-1
-1
-1
-1
-1
-1
25
11
-1
-1
-1
-1
-1
-1
144
-1
-1
-1
50
10
32
-1
-1
-1
-1
-1
-1
90
30
18
-1
-1
-1
-1
-1
-1
123
-1
-1
-1
50
9
-1
-1
-1
-1
-1
-1
-1
101
5
14
-1
-1
-1
-1
35
-1
164
-1
-1
-1
48
34
-1
-1
-1
-1
-1
-1
-1
103
-1
-1
-1
-1
-1
-1
38
-1
-1
-1
-1
62
23
33
-1
-1
-1
-1
-1
-1
-1
116
4
-1
-1
-1
-1
-1
33
-1
66
-1
-1
58
20
31
-1
-1
-1
-1
-1
-1
75
-1
21
-1
-1
-1
-1
10
-1
30
63
-1
-1
60
21
64
-1
-1
-1
-1
-1
-1
43
-1
23
-1
-1
-1
-1
-1
-1
30
56
-1
-1
64
24
-1
-1
-1
-1
-1
-1
-1
-1
-1
-1
-1
-1
-1
-1
-1
31
30
98
-1
-1
58
38
-1
-1
-1
-1
23
-1
-1
-1
-1
-1
-1
-1
-1
-1
-1
31
18
-1
-1
-1
51
51
-1
-1
-1
-1
-1
-1
-1
-1
-1
-1
-1
-1
-1
9
-1
31
-1
-1
-1
-1
87
79
-1
-1
-1
49
-1
-1
-1
-1
-1
-1
-1
-1
-1
-1
-1
36
-1
-1
-1
-1
44
-1
-1
-1
-1
56
-1
-1
-1
-1
-1
-1
-1
-1
-1
-1
-1
-1
-1
-1
81
-1
29
-1
-1
-1
-1
47
-1
-1
-1
-1
-1
-1
-1
-1
-1
-1
-1
-1
-1
-1
57
-1
30
-1
-1
-1
-1
37
-1
-1
-1
-1
-1
-1
-1
-1
4
-1
-1
-1
-1
10
-1
-1
96
-1
-1
-1
-1
11
-1
-1
-1
-1
-1
-1
-1
-1
-1
-1
-1
-1
-1
53
-1
-1
-1
-1
-1
-1
13
-1
-1
-1
-1
-1
-1
-1
-1
-1
-1
-1
-1
-1
-1
-1
-1
-1
-1
-1
-1
-1
10
-1
-1
-1
-1
-1
-1
-1
-1
-1
-1
-1
-1
-1
-1
-1
-1
-1
-1
-1
-1
-1
23
-1
-1
-1
-1
-1
-1
-1
-1
-1
-1
-1
-1
-1
-1
-1
-1
-1
-1
-1
-1
-1
36
-1
-1
-1
-1
-1
-1
-1
-1
2
-1
-1
-1
-1
-1
-1
-1
-1
-1
-1
-1
-1
-1
-1
-1
-1
-1
-1
-1
-1
-1
24
-1
-1
-1
-1
-1
-1
-1
-1
-1
-1
-1
-1
-1
-1
-1
-1
-1
-1
-1
-1
-1
30
-1
-1
-1
-1
-1
-1
-1
-1
-1
-1
-1
-1
-1
-1
86
-1
-1
-1
-1
-1
-1
61
-1
-1
-1
-1
-1
-1
-1
-1
-1
-1
-1
-1
-1
-1
76
-1
-1
-1
-1
-1
-1
-1
-1
-1
-1
-1
-1
-1
-1
-1
-1
-1
-1
-1
-1
-1
290
-1
-1
-1
-1
-1
30
-1
-1
-1
-1
-1
-1
-1
-1
-1
-1
-1
-1
-1
-1
-1
-1
-1
-1
-1
-1
-1
24
-1
-1
-1
-1
-1
-1
-1
-1
-1
-1
-1
-1
-1
-1
-1
-1
-1
-1
-1
-1
-1
-1
-1
-1
-1
-1
-1
-1
-1
-1
-1
-1
-1
-1
-1
-1
-1
-1
-1
-1
-1
-1
-1
-1
-1
-1
-1
-1
-1
-1
-1
-1
-1
-1
-1
-1
-1
-1
-1
-1
-1
-1
-1
-1
9
-1
-1
-1
-1
-1
-1
-1
-1
-1
-1
-1
-1
-1
-1
-1
-1
-1
-1
-1
-1
-1
-1
-1
-1
-1
-1
-1
-1
-1
-1
-1
-1
-1
131
-1
-1
-1
-1
-1
-1
-1
-1
-1
-1
-1
-1
-1
-1
-1
-1
-1
-1
-1
-1
-1
14
-1
-1
-1
192
154
-1
-1
-1
14
-1
-1
-1
-1
-1
-1
-1
-1
-1
-1
-1
-1
9
-1
-1
-1
48
32
-1
-1
-1
9
-1
-1
-1
-1
-1
-1
-1
-1
-1
-1
-1
18
-1
-1
-1
26
32
34
-1
-1
-1
21
-1
-1
-1
-1
-1
-1
-1
-1
-1
-1
-1
27
-1
-1
-1
25
27
30
62
-1
-1
30
-1
-1
-1
-1
-1
-1
-1
-1
-1
-1
24
26
-1
-1
-1
30
33
30
-1
-1
-1
42
-1
-1
-1
-1
-1
-1
-1
-1
-1
-1
65
4
-1
-1
13
19
30
43
-1
-1
-1
59
-1
-1
-1
-1
-1
-1
-1
-1
-1
-1
65
-1
-1
-1
14
20
28
62
-1
70
33
62
-1
-1
-1
-1
-1
-1
-1
-1
-1
-1
81
-1
-1
-1
14
23
29
58
-1
35
33
-1
-1
-1
-1
-1
-1
-1
-1
-1
-1
-1
63
-1
-1
6
8
27
31
41
-1
77
37
-1
-1
-1
-1
-1
-1
-1
-1
-1
-1
42
-1
-1
-1
8
9
28
31
25
-1
-1
30
-1
-1
