0
0
0
1828
0
0
0
0
0
0
0
4095
0
0
3
0
0
0
0
3107
1642
4095
0
0
0
2289
0
0
0
0
0
0
0
3751
0
0
4
0
0
0
0
4095
1548
3499
0
0
0
0
0
0
0
0
0
0
0
3239
0
0
0
0
0
0
0
4095
1930
3600
0
0
0
0
0
0
0
0
0
0
0
1932
1656
0
0
0
0
0
4095
458
1561
3728
0
0
0
0
0
0
0
0
0
0
2654
1688
1621
0
0
0
0
0
4095
560
1510
3240
0
0
0
0
0
0
0
0
0
0
0
1747
1663
0
0
0
0
0
4095
470
1898
3289
0
0
0
0
0
0
0
0
0
0
0
3367
658
0
0
0
0
0
4095
535
1560
2216
0
0
0
0
0
0
0
0
0
0
1187
1599
0
0
0
0
0
0
4095
441
1539
2364
0
0
0
0
0
0
0
0
0
0
1222
1037
0
0
0
4095
0
1808
711
430
1791
0
0
0
3170
0
0
0
0
0
0
0
1290
0
0
0
0
4095
0
1664
661
518
1941
0
0
0
1459
0
0
0
0
0
0
0
1324
0
0
0
0
4095
0
1606
717
450
732
0
0
0
2402
0
0
0
0
0
0
0
519
0
0
0
0
4095
0
1679
799
454
695
0
0
0
0
0
0
0
0
0
0
0
0
0
0
0
0
0
0
4095
714
504
1377
0
0
0
0
0
0
0
0
0
0
0
0
0
0
0
0
0
4095
1625
719
434
0
1031
0
0
0
0
0
0
0
0
0
0
401
0
0
0
0
0
4095
1610
822
810
0
829
0
0
0
0
0
0
0
0
0
0
329
0
0
0
0
0
4095
1819
682
258
0
514
0
0
0
0
0
0
0
0
0
0
62
0
0
0
0
0
4095
1829
823
0
234
244
0
0
0
0
0
0
0
0
0
0
0
0
0
0
0
4095
4095
1617
720
0
262
390
0
0
0
0
0
0
0
0
0
0
0
0
0
0
0
1134
4095
1666
821
0
291
171
0
0
0
0
0
0
0
0
0
0
0
0
0
0
0
1110
4095
1954
841
0
236
96
0
0
0
0
0
0
0
0
0
0
0
0
0
0
0
1734
4095
1720
0
0
172
37
0
0
0
0
0
0
0
0
107
0
0
0
0
0
0
1811
4095
1780
0
0
203
22
0
0
0
0
0
0
0
0
179
0
0
0
0
0
0
1867
4095
1786
0
0
79
0
0
0
0
0
0
0
0
0
119
0
0
0
0
0
592
2415
4095
1987
0
57
88
0
0
0
0
0
0
465
0
0
0
0
0
0
0
0
464
4095
4095
347
0
63
127
0
0
0
0
0
0
1586
0
0
0
0
0
0
0
0
100
4095
1440
340
0
47
217
0
0
0
0
0
0
1605
0
0
0
0
0
0
0
0
0
4095
0
805
0
58
1099
0
0
0
0
0
1000
1351
468
0
0
0
0
0
0
0
0
4095
0
0
0
80
0
0
0
0
0
0
1757
1626
0
0
0
0
0
0
0
0
58
1133
0
0
503
164
0
0
0
0
0
0
4095
1423
0
0
0
0
0
0
0
0
146
0
0
0
678
136
0
0
0
0
0
0
0
1374
0
0
0
0
0
0
0
0
1820
0
0
0
432
167
0
0
0
0
0
0
3376
1443
128
0
0
0
0
0
0
418
0
0
0
921
268
148
0
0
0
0
0
0
3254
852
386
0
0
0
0
0
0
2144
0
0
0
891
237
0
0
0
0
0
0
0
3388
0
246
0
0
0
0
697
0
3999
0
0
0
996
115
0
0
0
0
0
0
0
3707
0
0
0
0
0
0
1314
0
0
0
0
1116
370
0
0
0
0
0
0
0
2139
340
324
0
0
0
0
0
1221
0
0
0
0
1574
309
0
0
0
0
0
0
0
1372
0
325
0
0
0
0
50
1133
0
2595
0
0
710
96
0
0
0
0
0
0
0
550
0
143
0
0
0
0
49
0
1119
1542
0
0
771
14
0
0
0
0
0
0
0
0
0
0
0
0
0
0
0
663
1100
1551
0
0
1001
159
0
0
0
0
0
0
0
0
0
0
0
0
0
0
0
1109
1117
0
0
0
765
350
0
0
0
0
0
0
0
0
0
0
0
0
0
74
0
1150
1000
0
0
0
623
697
0
0
0
0
0
0
0
0
0
0
0
0
0
0
0
1288
0
0
0
0
1248
0
0
0
0
84
0
0
0
0
0
0
0
0
0
0
0
0
0
0
0
0
587
0
0
0
0
98
0
0
0
0
0
0
0
0
0
0
0
0
0
0
0
0
461
0
0
0
0
90
0
0
0
0
0
0
0
0
35
0
0
0
0
923
0
0
0
0
0
0
0
37
0
0
0
0
0
0
0
0
0
0
0
0
0
224
0
0
2
0
0
0
14
0
0
0
0
0
0
0
0
0
0
0
0
0
0
190
0
0
0
0
0
0
9
0
0
0
0
0
0
0
0
0
0
0
0
0
0
0
0
0
0
0
0
0
11
0
0
0
0
0
0
0
0
0
0
0
0
0
0
0
0
0
0
0
0
0
0
0
0
0
0
0
0
0
0
19
0
0
0
0
0
0
0
0
0
0
0
0
0
0
0
0
0
0
0
0
0
0
0
0
0
0
0
0
0
0
0
0
0
0
0
0
4095
0
0
0
0
0
0
14
0
0
0
0
0
0
0
0
0
0
0
1
0
0
4095
0
0
0
0
0
0
75
0
0
0
0
0
0
0
0
0
0
0
0
0
0
4095
0
0
0
0
0
0
0
0
0
0
0
0
0
0
0
0
0
0
0
0
0
4095
0
0
0
0
0
106
0
0
0
0
0
0
0
0
0
0
0
0
0
0
0
0
0
0
0
0
0
58
0
0
0
0
0
0
0
0
0
0
0
0
0
0
0
0
0
0
0
0
0
18
0
0
0
0
0
0
0
0
0
0
0
0
0
0
0
0
0
0
0
0
35
0
0
0
0
0
0
0
0
0
0
0
0
0
0
0
0
0
0
0
0
0
30
0
0
0
0
0
0
0
0
0
0
0
0
0
0
0
0
0
0
0
0
0
0
0
0
0
0
0
0
0
0
0
0
0
4095
0
0
0
0
0
0
0
0
99
0
0
0
0
0
0
0
0
0
0
0
0
2894
0
0
0
0
4095
0
0
0
16
0
0
0
0
0
0
0
0
0
0
0
0
2905
0
0
0
4095
1122
0
0
0
31
0
0
0
0
0
0
0
0
0
0
0
48
0
0
0
0
4095
1118
15
0
174
0
0
0
0
0
0
0
0
0
0
0
0
63
0
0
0
4095
4095
1188
0
0
1571
0
0
0
0
0
0
0
0
0
0
0
4
98
0
0
0
4095
4095
1305
0
0
0
1309
0
0
0
0
0
0
0
0
0
0
94
28
0
0
4095
3425
4095
2541
0
748
922
2320
0
0
0
0
0
0
0
0
0
0
160
0
0
0
3135
3095
4095
4095
0
1286
1130
0
0
0
0
0
0
0
0
0
0
0
412
0
0
0
3231
3114
4095
4095
0
2803
1789
0
0
0
0
0
0
0
0
0
0
0
591
0
0
1767
1793
3149
4095
4095
0
0
1139
0
0
0
0
0
0
0
0
0
0
0
0
0
0
2402
1655
3474
4095
4095
0
0
2552
0
0
0
0
0
0
0
0
0
0
114
0
0
0
4095
1657
3056
4095
583
0
1338
0
0
0
0
0
0
0
0
0
0
0
0
0
0
0
4095
1890
3031
4095
