0
2055
0
0
0
0
0
0
0
1886
0
0
4
0
0
0
0
3323
1253
4095
4095
0
1500
0
0
0
0
0
0
0
0
3221
0
0
4
0
0
0
0
4095
1213
4095
0
0
1557
0
0
0
0
0
0
0
0
3091
0
0
0
0
0
0
4095
266
1642
4095
0
0
775
0
0
0
0
0
0
0
860
3106
0
0
0
0
0
0
4095
273
2283
4095
0
0
0
0
0
0
0
0
0
0
1341
1660
1653
0
0
0
0
0
4095
275
2077
1450
0
0
0
0
0
0
0
0
0
0
1604
1729
1398
0
0
0
0
0
4095
267
3661
0
0
0
0
0
0
0
0
0
0
0
0
3562
0
0
0
0
0
0
4095
458
4095
0
0
0
0
0
0
0
0
0
0
0
1573
1750
0
0
0
0
0
0
4095
859
3866
0
0
0
0
0
0
0
0
0
0
0
1609
681
0
0
0
4095
0
4095
1368
1270
3875
0
0
0
856
0
0
0
0
0
0
0
1724
0
0
0
0
4095
0
4095
1080
1166
2212
0
0
0
799
0
0
0
0
0
0
0
1728
0
0
0
0
4095
0
4095
1074
1196
1576
0
0
0
0
0
0
0
0
0
0
0
239
0
0
0
4095
0
0
4095
1180
1336
954
0
0
1165
0
0
0
0
0
0
0
185
0
0
0
0
0
0
4095
1984
545
1226
0
987
0
1239
0
0
0
0
0
0
0
162
136
0
0
0
0
0
4095
2230
335
1068
0
1826
0
0
0
0
0
0
0
0
0
0
498
0
0
0
0
0
4095
2161
165
161
0
1272
0
0
0
0
0
0
0
0
0
0
248
0
0
0
0
0
4095
2032
187
0
0
831
0
0
0
0
0
0
0
0
0
43
0
0
0
0
0
4095
4095
1966
273
0
378
365
0
0
0
0
0
0
0
0
0
292
0
0
0
0
0
4095
4095
1179
188
0
335
458
0
0
0
0
0
0
0
0
0
296
0
0
0
0
0
1122
4095
1121
281
0
351
166
0
0
0
0
0
0
0
0
0
47
0
0
0
0
0
1203
4095
1165
82
0
376
91
0
0
0
0
0
0
0
0
0
0
0
0
0
0
0
1701
4095
1171
0
0
249
45
0
0
0
0
0
0
0
0
0
0
0
0
0
0
506
1024
3806
1280
0
0
74
8
0
0
0
0
0
0
0
0
0
0
0
0
0
0
539
2179
3792
1176
0
64
7
0
0
0
0
0
0
0
0
0
0
0
0
0
0
0
451
4095
3145
652
0
193
5
0
0
0
0
0
0
733
0
0
0
0
0
0
0
0
474
4095
3115
232
0
9
3
0
0
0
0
0
0
1230
0
0
0
0
0
0
0
0
658
4095
1611
252
0
183
392
0
0
0
0
0
0
1245
0
0
0
0
0
0
0
0
4095
4095
1362
0
259
144
607
0
0
0
0
0
2621
0
0
0
0
0
0
0
0
0
4095
0
4095
0
318
131
0
0
0
0
0
0
1701
1407
0
0
0
0
0
0
0
0
4095
0
0
0
743
107
0
0
0
0
0
0
2514
1222
0
0
0
0
0
0
0
0
4095
0
0
0
757
65
0
0
0
0
0
0
3624
1256
0
0
0
0
0
0
0
0
683
0
0
687
131
53
0
0
0
0
0
0
3652
1240
0
0
0
0
0
0
0
0
0
0
0
1326
118
0
0
0
0
0
0
0
3495
219
0
0
0
0
0
0
0
855
0
0
0
1126
81
0
0
0
0
0
0
0
3454
0
0
0
0
0
0
37
0
1706
0
0
996
294
2
0
0
0
0
0
0
2152
1554
153
0
0
0
0
0
176
1762
0
0
0
1503
142
0
0
0
0
0
0
0
2279
0
389
0
0
0
0
0
505
1876
0
0
0
1296
252
0
0
0
0
0
0
0
2038
0
392
0
0
0
0
2333
0
0
0
0
0
1810
78
0
0
0
0
0
0
0
503
0
0
0
0
0
0
0
2749
0
0
0
0
1370
294
0
0
0
0
0
0
0
0
0
0
0
0
0
0
0
1152
1822
0
0
1178
287
437
0
0
0
0
0
1
0
0
0
0
0
0
0
76
0
1143
1860
0
0
1029
154
517
0
0
0
0
0
0
0
0
0
0
0
0
0
0
465
1161
635
0
0
1042
585
0
0
0
0
0
0
0
0
0
0
0
0
0
0
0
1103
1146
0
0
0
1609
10
0
0
0
0
65
0
0
0
0
0
0
0
0
0
0
1141
0
0
0
0
1066
4
0
0
0
0
51
0
0
0
0
0
0
0
0
1173
0
0
0
0
0
0
1073
55
0
0
0
0
66
0
0
0
0
0
0
0
0
465
0
0
0
0
626
0
0
58
0
0
0
77
0
0
0
0
0
0
0
0
0
0
0
0
0
0
321
0
0
0
0
0
0
89
0
0
0
0
0
0
0
0
0
0
0
0
0
0
366
0
0
0
0
0
0
92
0
0
0
0
0
0
0
0
137
0
0
0
0
0
0
0
0
0
0
0
0
1
0
0
0
0
0
0
0
0
17
0
0
0
0
0
0
0
0
0
0
0
0
0
0
0
0
0
0
0
0
0
0
0
0
0
0
0
0
0
0
0
0
0
0
0
0
0
0
0
0
0
0
0
7
0
0
0
0
0
0
0
0
0
0
0
4095
0
0
0
0
0
0
0
0
0
20
0
0
0
0
0
0
0
0
0
0
0
17
0
0
4095
0
0
0
0
0
35
0
0
0
0
0
0
0
0
0
0
0
0
0
0
0
4095
0
0
0
0
0
88
0
0
0
0
0
0
0
0
0
0
0
0
0
0
0
4095
0
0
0
0
0
52
0
0
0
0
0
0
0
0
0
0
0
0
0
0
0
4095
0
0
0
0
0
4095
0
0
0
0
0
0
0
0
0
0
0
0
0
0
0
0
0
0
0
0
4095
0
0
0
0
0
0
0
0
0
0
0
0
0
0
0
0
0
0
0
0
0
4095
0
0
0
0
0
0
0
0
0
0
0
0
0
0
0
0
0
0
0
0
0
4095
0
0
0
0
0
0
0
0
0
0
0
0
0
0
0
0
0
0
0
0
4095
0
0
0
0
0
0
0
0
0
0
0
0
4095
0
0
0
0
0
0
0
0
4095
0
0
0
0
0
0
0
0
0
0
0
0
4095
0
0
0
0
0
0
0
0
0
0
0
0
0
0
0
0
0
0
0
0
0
0
0
0
0
4095
1226
0
0
29
0
0
0
0
0
0
0
0
0
0
0
0
9
0
0
0
4095
4095
1219
0
0
72
0
0
0
0
0
0
0
0
0
0
0
0
12
0
0
0
4095
3566
1218
0
0
67
0
0
0
0
0
0
0
0
0
0
0
0
11
0
0
0
4095
4089
1298
0
0
84
0
0
0
0
0
0
0
0
0
0
0
103
0
0
0
2873
3390
3536
1050
0
0
682
0
0
0
0
0
0
0
0
0
0
0
110
0
0
0
2642
3425
3583
1910
0
1498
894
0
0
0
0
0
0
0
0
0
0
0
509
0
0
1747
1333
3130
3731
0
0
0
2416
0
0
0
0
0
0
0
0
0
0
0
705
0
0
0
2649
3444
2067
664
0
0
1163
0
0
0
0
0
0
0
0
0
0
0
0
0
0
4071
1191
3647
4095
82
2252
1143
876
0
0
0
0
0
0
0
0
0
0
0
0
0
0
3966
1353
4095
4095
41
1162
1108
0
0
0
0
0
0
0
1383
0
0
2
0
0
0
0
3020
1226
4095
4095
894
0
