0
0
0
1786
0
0
0
0
0
0
0
4095
0
0
1
0
0
0
0
3163
1625
4095
0
0
1324
0
0
0
0
0
0
0
0
3318
0
0
1
0
0
0
0
4095
1359
3420
0
0
2412
0
0
0
0
0
0
0
0
3289
0
0
0
0
0
0
4095
457
1401
3714
0
0
0
0
0
0
0
0
0
0
890
1641
931
0
0
0
0
0
4095
532
1376
2502
0
0
0
0
0
0
0
0
0
0
1094
1564
1469
0
0
0
0
0
4095
458
1344
2537
0
0
0
0
0
0
0
0
0
0
2313
1993
1537
0
0
0
0
0
4095
436
1149
4048
0
0
0
0
0
0
0
0
0
0
0
1636
0
0
0
0
0
0
4095
577
1257
0
0
0
0
0
0
0
0
0
0
0
1050
1650
0
0
0
0
0
0
4095
443
2818
0
0
0
0
0
0
0
0
0
0
0
1114
435
0
0
0
4095
0
1872
910
454
2137
0
0
0
2587
0
0
0
0
0
0
0
1507
0
0
0
0
4095
0
1737
774
339
1038
0
0
0
1498
0
0
0
0
0
0
0
1425
0
0
0
0
4095
0
1774
824
265
767
0
0
1029
0
0
0
0
0
0
0
0
282
0
0
0
0
0
0
4095
928
361
1233
0
0
1579
0
0
0
0
0
0
0
0
0
0
0
0
0
0
4095
1992
940
274
0
599
0
0
0
0
0
0
0
0
0
0
494
0
0
0
0
0
4095
1820
1012
725
0
1065
0
0
0
0
0
0
0
0
0
0
526
0
0
0
0
0
4095
1829
1113
457
0
818
0
0
0
0
0
0
0
0
0
0
261
0
0
0
0
0
4095
2206
1108
418
0
336
0
0
0
0
0
0
0
0
0
0
0
0
0
0
0
0
4095
1912
1229
0
377
462
0
0
0
0
0
0
0
0
0
367
0
0
0
0
0
4095
4095
1963
1080
0
472
360
0
0
0
0
0
0
0
0
0
328
0
0
0
0
0
1089
4095
2244
1066
0
426
140
0
0
0
0
0
0
0
0
0
67
0
0
0
0
0
1286
4095
2046
582
0
404
97
0
0
0
0
0
0
0
0
0
0
0
0
0
0
0
1609
4095
2004
0
0
383
39
0
0
0
0
0
0
0
0
286
0
0
0
0
0
0
1626
4095
2087
0
0
101
6
0
0
0
0
0
0
0
0
292
0
0
0
0
0
529
1201
4095
2342
0
86
12
0
0
0
0
0
0
0
0
0
275
0
0
0
0
0
531
4095
4095
1149
0
226
39
0
0
0
0
0
0
1201
0
0
0
0
0
0
0
0
356
4095
4095
405
0
50
44
0
0
0
0
0
0
1831
0
0
0
0
0
0
0
0
103
4095
0
586
0
192
450
0
0
0
0
0
0
3189
0
0
0
0
0
0
0
0
0
4095
1037
0
0
182
642
0
0
0
0
0
1701
0
0
0
0
0
0
0
0
0
58
0
0
0
231
163
0
0
0
0
0
0
1653
1532
0
0
0
0
0
0
0
0
78
0
0
0
297
139
0
0
0
0
0
0
2839
1517
0
0
0
0
0
0
0
0
870
0
0
0
279
96
0
0
0
0
0
0
3201
1330
0
0
0
0
0
0
0
0
1260
0
0
650
86
141
0
0
0
0
0
0
3067
1220
0
0
0
0
0
0
0
720
0
0
0
630
95
0
0
0
0
0
0
0
3082
114
0
0
0
0
0
0
0
2287
0
0
0
638
99
0
0
0
0
0
0
0
3098
0
0
0
0
0
0
1207
0
3284
0
0
909
232
2
0
0
0
0
0
0
2795
1524
139
0
0
0
0
0
45
2287
0
0
0
848
77
0
0
0
0
0
0
0
2353
0
353
0
0
0
0
0
0
0
0
0
0
1357
264
0
0
0
0
0
0
0
1790
0
320
0
0
0
0
84
1115
0
2265
0
0
633
42
0
0
0
0
0
0
0
207
0
0
0
0
0
0
0
0
1110
1673
0
0
699
201
0
0
0
0
0
0
0
0
0
0
0
0
0
0
0
1039
897
0
0
2163
278
443
0
0
0
0
0
0
0
0
0
0
0
0
0
50
0
1077
1343
0
0
0
162
923
0
0
0
0
0
0
0
0
0
0
0
0
0
0
0
1168
1720
0
0
0
635
0
0
0
0
21
0
0
0
0
0
0
0
0
0
0
0
968
0
0
0
0
1060
0
0
0
0
95
0
0
0
0
0
0
0
0
0
0
1144
0
0
0
0
568
2
0
0
0
0
102
0
0
0
0
0
0
0
0
22
0
0
0
0
1584
0
0
24
0
0
0
0
69
0
0
0
0
0
0
0
0
0
0
0
0
0
421
0
0
2
0
0
0
15
0
0
0
0
0
0
0
0
0
0
0
0
0
0
364
0
0
0
0
0
0
29
0
0
0
0
0
0
0
0
0
0
0
0
0
0
452
0
0
0
0
0
0
67
0
0
0
0
0
0
0
0
0
0
0
0
0
0
0
0
0
0
0
0
0
0
0
0
0
0
0
0
0
0
14
0
0
0
0
0
0
0
0
0
0
0
0
0
0
0
0
0
0
0
0
0
0
0
0
0
0
0
0
0
0
0
0
0
0
0
0
0
0
0
0
0
0
0
0
0
0
0
0
0
0
0
0
0
0
0
0
0
0
4095
0
0
0
0
0
0
60
0
0
0
0
0
0
0
0
0
0
0
0
0
0
4095
0
0
0
0
0
0
0
0
0
0
0
0
0
0
0
0
0
0
0
0
0
4095
0
0
0
0
0
129
0
0
0
0
0
0
0
0
0
0
0
0
0
0
0
0
0
0
0
0
0
52
0
0
0
0
0
0
0
0
0
0
0
0
0
0
0
0
0
0
0
0
0
63
0
0
0
0
0
0
0
0
0
0
0
0
0
0
0
0
0
0
0
0
0
6
0
0
0
0
0
0
0
0
0
0
0
0
0
0
0
0
0
0
0
0
85
0
0
0
0
0
0
0
0
0
0
0
0
0
0
0
0
0
0
0
0
0
0
0
0
0
0
0
0
0
0
0
0
0
0
0
0
0
0
0
0
0
0
0
0
0
0
0
0
0
0
0
0
0
0
0
4095
0
0
0
0
4095
0
0
0
105
0
0
0
0
0
0
0
0
0
0
0
0
4095
0
0
0
0
1361
0
0
0
19
0
0
0
0
0
0
0
0
0
0
0
0
0
0
0
0
4095
1182
0
0
108
0
0
0
0
0
0
0
0
0
0
0
0
78
0
0
0
4095
4095
1163
0
0
185
0
0
0
0
0
0
0
0
0
0
0
0
64
0
0
0
4095
3565
1214
0
0
1778
567
0
0
0
0
0
0
0
0
0
0
4
1498
0
0
0
4095
3567
1151
0
0
0
1216
0
0
0
0
0
0
0
0
0
0
165
0
0
0
3568
3313
3586
4095
0
1279
778
1282
0
0
0
0
0
0
0
0
0
0
140
0
0
0
3385
3679
4095
0
0
1474
1205
0
0
0
0
0
0
0
0
0
0
0
499
0
0
1745
1556
3181
3549
4095
0
2566
1113
0
0
0
0
0
0
0
0
0
0
0
509
0
0
1490
1580
3226
4095
4095
224
0
1074
0
0
0
0
0
0
0
0
0
0
0
0
0
0
3481
1835
3513
4095
2996
803
1334
698
0
0
0
0
0
0
0
0
0
0
0
0
0
0
2623
1443
3732
4095
0
0
1485
0
0
0
0
0
0
0
0
0
0
12
0
0
0
0
2858
1580
3165
4095
