3756
0
0
0
0
0
629
0
0
0
0
0
0
0
0
3702
0
3
0
0
0
0
3900
0
0
0
0
0
1769
0
0
0
0
0
0
0
0
0
0
0
0
0
0
1878
3944
0
0
0
0
0
0
0
0
0
0
0
0
0
0
0
0
0
0
0
0
2185
0
0
0
0
0
0
0
0
0
0
0
0
0
0
992
0
0
0
0
0
0
3180
0
0
0
0
0
0
0
0
0
0
0
0
0
0
1308
0
0
0
0
0
1784
3659
0
0
0
0
0
0
0
0
0
0
0
0
0
0
1310
0
0
0
0
0
1962
3768
0
0
0
0
0
0
0
0
0
0
0
0
0
0
1408
0
0
0
0
-2184
2114
3807
0
0
0
0
0
0
541
0
0
0
0
0
0
0
0
0
0
0
0
-5916
2504
3686
0
0
0
0
0
560
1154
0
0
0
0
0
0
0
0
0
0
0
0
10137
0
0
0
0
0
0
0
624
0
0
0
0
0
0
0
0
0
0
0
0
0
0
0
0
0
0
0
0
0
604
0
0
0
0
0
0
0
0
0
0
0
0
0
0
0
0
0
0
0
0
487
0
0
0
0
0
0
0
0
0
0
0
0
0
0
0
3333
0
0
0
0
0
0
0
0
0
0
0
0
0
0
0
0
0
0
0
0
2054
0
0
0
0
0
0
0
0
0
0
0
0
0
0
0
0
0
0
0
0
0
2111
0
0
0
0
0
0
0
0
0
0
0
0
0
0
0
0
0
0
0
0
0
2228
0
0
0
0
0
0
0
0
0
0
0
0
0
0
0
0
0
0
0
0
0
1871
0
0
0
0
0
0
0
0
0
0
0
0
0
0
0
0
0
0
0
0
0
2020
0
0
0
0
0
0
0
0
0
0
0
0
0
0
0
0
0
0
0
0
0
0
0
0
0
0
0
0
0
0
0
0
0
0
0
0
0
0
0
0
0
0
0
0
0
0
0
0
0
0
0
0
0
0
0
0
0
0
0
0
0
0
0
0
444
0
0
0
0
0
0
0
0
0
0
0
0
0
0
0
0
0
0
0
0
0
588
0
0
0
0
0
0
0
0
0
0
0
0
0
109
109
0
0
0
0
0
0
573
0
0
0
0
0
0
0
0
0
0
0
0
0
170
170
0
0
0
0
0
0
0
0
0
0
0
0
0
0
0
0
0
0
0
0
0
0
0
0
0
0
0
0
0
0
0
0
0
0
0
0
0
0
0
0
0
0
0
0
0
0
0
0
0
0
0
0
0
0
0
0
0
0
0
0
0
0
0
0
0
0
0
0
0
0
0
0
0
0
0
0
0
0
0
0
0
0
0
0
0
0
0
0
0
0
0
0
0
0
0
0
0
0
0
0
0
0
0
0
2
2
0
0
0
0
0
0
0
0
0
0
51
0
0
329
0
0
0
0
0
0
8
1252
0
0
0
0
0
0
0
0
0
36
0
0
0
371
0
0
0
0
0
0
0
0
0
0
0
0
0
0
0
0
0
167
0
0
557
908
0
0
0
0
0
0
4
1618
0
0
0
0
0
0
0
0
0
0
0
0
545
0
0
0
0
0
0
0
3
1384
0
0
0
0
0
0
0
0
180
171
0
0
510
0
0
0
0
0
0
0
2
1418
0
0
0
0
0
0
0
0
0
0
0
0
534
0
0
0
0
0
0
293
297
1724
0
0
0
0
0
0
0
0
0
0
0
542
0
0
0
0
0
0
0
700
704
2126
0
0
0
0
0
0
0
0
0
0
0
535
0
0
0
0
0
0
0
274
276
0
0
0
0
0
0
0
0
0
0
0
0
501
0
0
0
0
0
0
0
0
2
0
0
0
0
0
0
0
0
0
0
0
0
523
0
0
0
0
0
0
0
0
0
0
0
0
0
0
0
0
0
0
0
0
0
600
0
0
0
0
0
0
0
0
0
0
0
0
0
0
0
0
0
0
0
0
0
524
0
0
0
0
0
0
0
0
0
0
0
0
0
0
0
0
0
0
0
0
0
540
0
0
0
0
0
0
0
0
0
0
0
0
0
0
0
0
0
0
0
0
570
1089
0
0
0
0
0
0
0
0
0
0
0
0
0
0
0
0
0
0
0
0
0
321
0
0
0
0
0
0
0
0
0
0
0
0
0
0
0
0
0
0
0
188
576
0
0
0
0
0
0
0
0
0
0
0
0
0
0
0
0
0
0
0
0
0
0
0
0
0
0
0
0
0
0
0
0
0
0
0
0
0
0
0
0
0
0
0
0
0
0
0
0
0
0
0
0
0
0
0
0
0
0
0
0
0
0
0
0
0
0
0
0
0
0
0
0
0
0
0
0
0
0
0
0
0
0
0
0
0
0
0
0
0
0
0
0
0
0
0
0
0
0
0
0
0
0
0
0
0
0
0
0
0
0
0
0
0
0
0
0
0
0
0
0
0
0
0
0
0
0
0
0
0
0
0
0
0
0
0
0
0
0
0
-1799
0
0
0
0
0
0
0
0
0
0
0
0
0
0
0
0
0
0
0
0
0
-7275
0
0
0
0
0
0
0
0
0
0
0
0
0
0
0
0
0
0
0
0
0
11909
0
0
0
0
0
0
0
0
0
0
0
0
0
0
0
0
0
0
0
0
1741
0
0
0
0
0
0
0
0
0
0
0
0
0
0
0
0
0
0
0
0
429
2185
0
0
0
0
0
0
0
0
0
0
0
0
0
0
0
0
0
0
0
0
0
0
0
0
0
0
0
0
0
0
0
0
0
0
0
0
0
0
0
0
0
0
0
0
0
0
0
0
0
0
0
0
0
0
0
0
0
0
0
0
0
0
0
0
0
0
0
0
0
0
0
0
0
0
0
0
0
0
0
0
0
0
0
0
0
0
-4903
-7628
-7503
0
0
0
0
0
0
0
0
0
0
0
0
0
0
0
0
0
0
0
-5324
-6966
-6905
0
0
0
0
0
0
0
0
0
0
0
0
0
0
0
0
0
0
0
-4049
-7264
-4643
0
0
0
0
0
0
0
0
0
0
0
0
0
0
0
1
0
0
164
18436
25415
26604
0
0
0
0
0
0
0
0
0
0
0
0
0
0
0
0
0
0
635
1599
0
0
0
0
30
0
0
0
0
0
0
0
0
0
0
0
0
0
0
0
2404
0
0
0
0
0
114
0
0
0
0
0
0
0
0
0
1
1
1
0
0
0
2406
0
0
0
0
0
299
0
0
0
0
0
0
0
0
0
3
3
3
0
0
409
2245
0
0
0
0
0
1045
0
0
0
0
0
0
0
0
2
7
25
0
0
0
1802
0
0
0
0
0
263
0
0
0
0
0
0
0
0
0
2
8
160
0
0
0
1471
0
0
0
0
0
0
0
0
0
0
0
0
0
0
0
4
85
150
0
0
0
1451
0
0
0
0
0
0
0
0
0
0
0
0
0
0
0
2
544
544
0
0
0
0
0
0
0
0
0
0
0
0
0
0
0
0
0
0
0
0
0
0
0
0
0
0
0
0
0
0
0
0
0
0
0
0
0
0
0
0
0
11
646
0
0
0
2769
0
0
0
0
0
0
0
0
0
0
0
0
0
0
0
-721
4
4
0
0
0
3566
0
0
0
0
0
0
0
0
0
0
0
0
0
0
0
384
3
0
0
0
0
3751
