0
0
0
0
0
343
0
4
5
0
0
0
2654
0
0
0
0
0
0
0
0
0
0
0
0
0
0
343
1676
6
0
0
0
0
2046
0
0
0
0
0
0
0
0
0
0
0
0
0
0
0
0
4
0
0
0
0
2342
0
0
0
0
0
538
0
0
0
0
0
0
0
0
0
0
0
0
0
0
2673
3856
0
0
0
0
1145
0
0
0
0
0
0
0
0
0
0
0
0
0
0
0
3018
0
0
0
0
0
0
0
0
0
0
0
0
0
0
0
0
0
0
0
0
0
3578
0
0
0
0
0
0
0
0
0
0
0
0
0
0
0
0
0
0
0
0
1823
3857
0
0
0
0
0
0
0
0
0
0
0
0
0
0
0
0
0
0
0
0
2286
3874
0
0
0
0
0
0
0
0
0
0
0
0
0
0
0
0
0
0
0
-2726
2405
3887
0
0
0
0
0
0
0
0
0
0
0
0
0
0
0
0
0
0
0
3440
0
1721
0
0
0
0
0
0
559
0
0
0
0
0
0
0
0
0
0
0
0
0
0
0
0
0
0
0
0
1867
1094
0
0
0
0
0
0
0
0
0
0
0
0
0
0
0
0
0
0
0
0
609
0
0
0
0
0
0
0
0
0
0
0
0
0
0
0
0
0
0
0
0
0
1329
0
0
0
0
0
0
0
0
0
0
0
0
0
0
3352
0
0
0
0
0
0
0
0
0
0
0
0
0
0
0
0
0
0
0
0
2160
0
0
0
0
0
0
0
0
0
0
0
0
0
0
0
0
0
0
0
0
0
2071
0
0
0
0
0
0
0
0
0
0
0
0
0
0
0
0
0
0
0
0
0
2114
0
0
0
0
0
0
0
0
0
0
0
0
0
0
0
0
0
0
0
0
0
2040
0
0
0
0
0
0
0
0
0
0
0
0
0
0
0
0
0
0
0
0
0
2156
0
0
0
0
0
0
0
0
0
0
0
0
0
0
0
0
0
0
0
0
0
0
0
0
0
0
0
0
0
0
0
0
0
0
0
0
0
0
0
0
0
0
0
0
0
0
0
0
0
0
0
0
0
0
0
0
0
0
0
0
0
0
0
0
440
0
0
0
0
0
0
0
0
0
0
0
0
0
54
54
0
0
0
0
0
0
550
0
0
0
0
0
0
0
0
0
0
0
0
0
172
172
0
0
0
0
0
0
552
0
0
0
0
0
0
0
0
0
0
0
0
0
155
155
0
0
0
0
0
0
0
0
0
0
0
0
0
0
0
0
0
0
0
0
0
0
0
0
0
0
0
0
0
0
0
0
0
0
0
0
0
0
0
0
0
0
0
0
0
0
0
0
0
0
0
0
0
0
0
0
0
0
0
0
0
0
0
0
185
0
0
0
0
0
0
0
0
0
0
0
0
0
0
0
0
0
0
0
0
0
222
0
0
0
0
0
0
0
0
0
0
0
0
0
0
0
0
0
0
1
0
0
220
0
0
0
0
0
0
0
0
0
0
412
0
0
0
0
0
0
2
3
0
0
0
0
0
0
0
0
0
36
0
0
0
476
0
0
0
0
0
0
3
302
0
0
0
0
0
0
0
0
0
166
0
0
0
381
0
0
0
0
0
0
2
1399
0
0
0
0
0
0
0
0
0
0
0
0
518
0
0
0
0
0
0
0
1
1364
0
0
0
0
0
0
0
0
191
186
0
0
517
0
0
0
0
0
0
0
4
1375
0
0
0
0
0
0
0
0
0
0
0
0
541
0
0
0
0
0
0
0
3
1419
0
0
0
0
0
0
0
0
0
0
0
558
0
0
0
0
0
0
0
318
320
1797
0
0
0
0
0
0
0
0
0
0
0
545
0
0
0
0
0
0
0
792
795
0
0
0
0
0
0
0
0
0
0
0
0
497
0
0
0
0
0
0
0
172
174
0
0
0
0
0
0
0
0
0
0
0
0
527
0
0
0
0
0
0
0
0
0
0
0
0
0
0
0
0
0
0
0
0
0
517
0
0
0
0
0
0
0
0
0
0
0
0
0
0
0
0
0
0
0
0
0
555
0
0
0
0
0
0
0
0
0
0
0
0
0
0
0
0
0
0
0
0
0
490
0
0
0
0
0
0
0
0
0
0
0
0
0
0
0
0
0
0
0
0
589
1141
0
0
0
0
0
0
0
0
0
0
0
0
0
0
0
0
0
0
0
0
527
616
0
0
0
0
0
0
0
0
0
0
0
0
0
0
0
0
0
0
0
0
414
414
0
0
0
0
0
0
0
0
0
0
0
0
0
0
0
0
0
0
0
184
0
0
0
0
0
0
0
0
0
0
0
0
0
0
0
0
0
0
0
0
0
0
0
0
0
0
0
0
0
0
0
0
0
0
0
0
0
0
0
0
0
0
0
0
0
0
0
0
0
0
0
0
0
0
0
0
0
0
0
0
0
0
0
0
0
0
0
0
0
0
0
0
0
0
0
0
0
0
0
0
0
0
0
0
0
0
0
0
0
0
0
0
0
0
0
0
0
0
0
0
0
0
0
0
0
0
0
0
0
0
0
0
0
0
0
0
0
0
0
0
0
0
0
0
0
0
0
0
0
0
0
0
0
0
0
0
0
0
0
0
-1816
0
0
0
0
0
0
0
0
0
0
0
0
0
0
0
0
0
0
0
0
0
2982
0
0
0
0
0
0
0
0
0
0
0
0
0
0
0
0
0
0
0
0
0
0
0
0
0
0
0
0
0
0
0
0
0
0
0
0
0
0
0
0
0
0
2174
0
0
0
0
0
0
0
0
0
0
0
0
0
0
0
0
0
0
0
0
690
2489
0
0
0
0
0
0
0
0
0
0
0
0
0
0
0
0
0
0
0
0
0
0
0
0
0
0
0
0
0
0
0
0
0
0
0
0
0
0
0
0
0
0
0
0
0
0
0
0
0
0
0
0
0
0
0
0
0
0
0
0
0
0
0
0
0
0
0
0
0
0
0
0
0
0
0
0
0
0
0
0
0
0
0
0
0
0
-6806
-8231
-6091
0
0
0
0
0
0
0
0
0
0
0
0
0
0
0
0
0
0
0
-6082
-7017
-5020
0
0
0
0
0
0
0
0
0
0
0
0
0
0
0
0
0
0
0
-5205
-6417
-4276
0
0
0
0
0
0
0
0
0
0
0
0
0
0
0
0
0
0
0
22700
25173
22855
0
0
0
0
0
0
0
0
0
0
0
0
0
0
0
0
0
0
1259
1962
0
0
0
0
31
0
0
0
0
0
0
0
0
0
1
1
1
0
0
0
2556
0
0
0
0
0
0
0
0
0
0
0
0
0
0
0
5
5
0
0
0
0
2645
0
0
0
0
143
0
0
0
0
0
0
0
0
0
2
10
49
0
0
0
0
2529
0
0
0
0
0
0
0
0
0
0
0
0
0
0
6
16
111
0
0
0
1414
0
0
0
0
0
453
0
0
0
0
0
0
0
0
0
3
175
222
0
0
0
1723
0
0
0
0
0
0
0
0
0
0
0
0
0
0
0
5
561
561
0
0
0
0
0
0
0
0
0
0
0
0
0
0
0
0
0
0
0
3
274
274
0
0
0
0
0
0
0
0
0
0
0
0
0
0
0
0
0
0
0
3
4
0
0
0
2752
0
0
0
0
0
0
0
0
0
0
