-1
125
-1
-1
-1
-1
-1
-1
-1
127
-1
-1
-1
125
-1
-1
-1
45
18
23
29
64
-1
151
-1
-1
-1
-1
-1
-1
-1
125
-1
-1
129
-1
-1
-1
-1
47
18
80
-1
-1
-1
153
-1
-1
-1
-1
-1
-1
-1
201
-1
-1
-1
-1
-1
-1
-1
108
21
86
-1
-1
-1
-1
-1
-1
-1
-1
-1
-1
-1
218
-1
-1
-1
-1
-1
-1
-1
104
19
217
-1
-1
-1
-1
-1
-1
-1
-1
-1
-1
-1
124
101
-1
-1
-1
-1
-1
103
5
18
216
-1
-1
-1
-1
-1
-1
-1
-1
-1
-1
-1
124
98
-1
-1
-1
-1
-1
105
6
21
207
-1
-1
-1
-1
-1
-1
-1
-1
-1
-1
-1
116
97
-1
-1
-1
-1
-1
100
5
18
216
-1
-1
-1
-1
-1
-1
-1
-1
-1
-1
-1
120
98
-1
-1
-1
-1
-1
97
6
17
214
-1
-1
-1
-1
-1
-1
-1
-1
-1
-1
124
133
-1
-1
-1
-1
-1
-1
97
5
21
181
-1
-1
165
-1
-1
-1
-1
-1
-1
-1
82
61
-1
-1
-1
101
-1
58
11
5
73
-1
-1
-1
162
-1
-1
-1
-1
-1
-1
-1
78
34
69
-1
-1
62
-1
49
9
6
70
-1
-1
-1
158
-1
-1
-1
-1
-1
-1
-1
86
-1
96
-1
-1
65
-1
53
8
5
69
-1
-1
-1
129
-1
-1
-1
-1
-1
-1
-1
77
29
65
-1
-1
65
-1
51
7
5
18
-1
79
-1
-1
-1
-1
-1
-1
-1
-1
-1
73
30
97
-1
-1
-1
-1
74
7
6
17
-1
219
-1
-1
-1
-1
-1
-1
-1
-1
-1
102
97
-1
-1
-1
-1
93
20
8
5
-1
213
-1
-1
-1
-1
-1
-1
-1
-1
-1
-1
193
-1
-1
-1
-1
-1
129
18
7
6
-1
196
-1
-1
-1
-1
-1
-1
-1
-1
-1
-1
162
-1
-1
-1
-1
-1
122
18
8
5
-1
194
-1
-1
-1
-1
-1
-1
-1
-1
-1
71
85
-1
-1
-1
-1
-1
121
19
9
5
20
176
-1
-1
-1
-1
-1
-1
-1
-1
-1
127
-1
-1
-1
-1
-1
123
27
19
7
-1
22
183
-1
-1
-1
-1
-1
-1
-1
-1
-1
128
-1
-1
-1
-1
-1
126
27
18
8
-1
22
183
-1
-1
-1
-1
-1
-1
-1
-1
-1
123
-1
-1
-1
-1
-1
128
31
18
9
-1
23
180
-1
-1
-1
-1
-1
-1
-1
-1
-1
-1
-1
-1
-1
-1
-1
195
28
20
7
-1
22
223
-1
-1
-1
-1
-1
-1
-1
-1
147
-1
-1
-1
-1
-1
-1
119
28
18
8
5
15
154
-1
-1
-1
-1
-1
-1
-1
-1
154
-1
-1
-1
-1
-1
-1
121
28
18
-1
15
14
146
-1
-1
-1
-1
-1
111
-1
-1
45
-1
-1
-1
-1
-1
126
31
27
18
-1
14
16
115
-1
-1
-1
-1
-1
157
-1
-1
-1
-1
-1
-1
-1
-1
146
33
32
22
-1
13
97
-1
-1
-1
-1
-1
-1
158
-1
-1
-1
-1
-1
-1
-1
-1
149
29
-1
46
-1
15
105
-1
-1
-1
-1
-1
-1
117
21
46
-1
-1
-1
-1
-1
-1
-1
180
-1
-1
27
5
103
-1
-1
-1
-1
-1
129
29
18
40
-1
-1
-1
-1
-1
-1
-1
183
-1
-1
31
71
-1
-1
-1
-1
-1
-1
137
26
20
48
-1
-1
-1
-1
-1
-1
124
59
-1
-1
28
78
-1
-1
-1
-1
-1
-1
129
68
-1
-1
-1
-1
-1
-1
-1
-1
186
-1
-1
-1
58
78
-1
-1
-1
-1
-1
-1
-1
115
103
-1
-1
-1
-1
-1
-1
-1
-1
-1
-1
-1
194
111
-1
-1
-1
-1
-1
-1
124
25
33
-1
-1
-1
-1
-1
-1
148
-1
-1
-1
81
10
88
-1
-1
-1
-1
-1
-1
124
30
55
-1
-1
-1
-1
-1
-1
158
-1
-1
-1
79
96
-1
-1
-1
-1
-1
-1
-1
125
25
39
-1
-1
-1
-1
81
-1
94
-1
-1
-1
82
101
-1
-1
-1
-1
-1
-1
-1
133
25
37
-1
-1
-1
-1
137
-1
-1
-1
-1
92
24
94
-1
-1
-1
-1
-1
-1
133
31
64
-1
-1
-1
-1
50
31
-1
93
-1
-1
60
21
70
-1
-1
-1
-1
-1
-1
127
-1
95
-1
-1
-1
-1
64
31
32
70
-1
-1
61
22
83
-1
-1
-1
-1
-1
-1
-1
-1
193
-1
-1
-1
-1
63
31
34
68
-1
-1
60
131
-1
-1
-1
-1
-1
-1
-1
-1
-1
96
-1
-1
-1
-1
60
34
30
63
-1
-1
61
53
-1
-1
-1
-1
-1
174
-1
-1
111
-1
-1
-1
-1
51
25
30
60
-1
-1
-1
91
49
-1
-1
-1
-1
-1
148
-1
-1
-1
-1
-1
-1
-1
78
26
30
60
-1
-1
-1
91
33
-1
-1
-1
72
-1
183
-1
128
-1
-1
-1
-1
-1
65
29
91
-1
-1
-1
-1
128
-1
-1
-1
-1
133
-1
-1
-1
160
-1
-1
-1
-1
-1
-1
-1
-1
-1
-1
171
-1
87
-1
-1
-1
-1
133
-1
-1
-1
-1
-1
-1
-1
-1
146
-1
-1
-1
-1
-1
137
-1
81
-1
-1
-1
-1
189
-1
-1
-1
-1
-1
-1
-1
-1
148
-1
-1
-1
-1
129
-1
-1
84
-1
-1
-1
-1
190
-1
-1
-1
-1
-1
-1
-1
-1
159
-1
-1
-1
-1
181
-1
-1
-1
-1
-1
-1
204
-1
-1
-1
-1
-1
-1
-1
-1
-1
224
-1
-1
-1
-1
-1
-1
-1
-1
-1
-1
-1
293
-1
-1
-1
-1
-1
-1
-1
-1
-1
228
-1
-1
-1
-1
-1
-1
-1
-1
-1
-1
-1
295
-1
-1
-1
-1
-1
-1
-1
-1
256
-1
-1
-1
-1
-1
-1
-1
-1
-1
-1
-1
-1
266
-1
-1
-1
-1
-1
-1
-1
-1
519
-1
-1
-1
-1
-1
-1
-1
-1
-1
-1
-1
-1
-1
-1
-1
-1
-1
-1
-1
-1
-1
513
-1
-1
-1
-1
-1
-1
-1
-1
-1
-1
-1
-1
-1
-1
-1
-1
-1
-1
-1
-1
-1
248
-1
-1
-1
-1
-1
-1
-1
-1
-1
-1
-1
-1
-1
-1
244
-1
-1
-1
-1
-1
-1
244
-1
-1
-1
-1
-1
-1
-1
-1
-1
-1
-1
-1
-1
-1
254
-1
-1
-1
-1
-1
207
-1
-1
-1
-1
-1
-1
-1
-1
-1
-1
-1
-1
-1
-1
-1
280
-1
-1
-1
-1
-1
516
-1
-1
-1
-1
-1
-1
-1
-1
-1
-1
-1
-1
-1
-1
-1
-1
-1
-1
-1
-1
-1
503
-1
-1
-1
-1
-1
-1
-1
-1
-1
-1
-1
-1
-1
-1
-1
-1
-1
-1
-1
-1
259
247
-1
-1
-1
-1
-1
-1
-1
-1
-1
-1
-1
-1
-1
-1
-1
-1
-1
-1
-1
-1
495
-1
-1
-1
-1
-1
-1
-1
-1
-1
-1
-1
-1
-1
-1
-1
-1
-1
-1
-1
-1
-1
511
-1
-1
-1
-1
-1
-1
-1
-1
-1
-1
-1
-1
-1
-1
-1
-1
-1
-1
-1
-1
160
98
-1
-1
-1
-1
-1
-1
-1
-1
-1
-1
-1
256
-1
-1
-1
-1
-1
-1
-1
-1
159
-1
-1
-1
-1
-1
-1
-1
-1
-1
-1
-1
-1
201
-1
-1
-1
53
102
-1
-1
-1
129
-1
-1
-1
-1
-1
-1
-1
-1
-1
-1
-1
198
25
-1
-1
-1
58
103
-1
-1
-1
133
-1
-1
-1
-1
-1
-1
-1
-1
-1
-1
-1
192
-1
-1
-1
31
28
31
67
-1
-1
143
-1
-1
-1
-1
-1
-1
-1
-1
-1
-1
-1
220
-1
-1
-1
32
29
30
72
-1
-1
132
-1
-1
-1
-1
-1
-1
-1
-1
-1
-1
188
44
-1
-1
-1
33
30
104
-1
-1
-1
130
-1
-1
-1
-1
-1
-1
-1
-1
-1
-1
194
41
-1
-1
14
21
32
98
-1
35
30
110
-1
-1
-1
-1
-1
-1
-1
-1
-1
-1
191
38
-1
-1
12
28
28
63
-1
35
118
-1
-1
-1
-1
-1
-1
-1
-1
-1
-1
-1
228
-1
-1
-1
35
24
28
66
-1
35
124
-1
-1
-1
-1
-1
-1
-1
-1
-1
-1
-1
230
-1
-1
23
11
24
28
64
-1
-1
157
-1
-1
-1
-1
-1
-1
-1
-1
-1
-1
212
-1
-1
-1
47
10
26
30
62
-1
37
122
-1
-1
-1
-1
-1
-1
-1
-1
-1
-1
219
-1
-1
-1
47
14
23
32
66
-1
