-1
-1
72
8
46
-1
-1
-1
203
-1
-1
-1
-1
-1
-1
-1
208
-1
-1
-1
-1
-1
-1
-1
76
7
47
-1
-1
-1
179
-1
-1
-1
-1
-1
-1
-1
203
-1
-1
-1
-1
-1
-1
-1
73
9
187
-1
-1
-1
-1
-1
-1
-1
-1
-1
-1
-1
250
-1
-1
-1
-1
-1
-1
-1
70
8
181
-1
-1
-1
-1
-1
-1
-1
-1
-1
-1
-1
123
126
-1
-1
-1
-1
-1
64
5
8
179
-1
-1
-1
-1
-1
-1
-1
-1
-1
-1
-1
142
130
-1
-1
-1
-1
-1
75
5
7
189
-1
-1
-1
-1
-1
-1
-1
-1
-1
-1
-1
136
131
-1
-1
-1
-1
-1
67
6
8
187
-1
-1
-1
-1
-1
-1
-1
-1
-1
-1
-1
137
133
-1
-1
-1
-1
-1
95
5
9
181
-1
-1
-1
-1
-1
-1
-1
-1
-1
-1
-1
245
-1
-1
-1
-1
-1
22
21
5
34
-1
-1
-1
189
-1
-1
-1
-1
-1
-1
-1
84
60
-1
-1
-1
122
-1
26
17
6
34
-1
-1
-1
194
-1
-1
-1
-1
-1
-1
-1
79
30
67
-1
-1
88
-1
22
18
5
13
-1
58
-1
162
-1
-1
-1
-1
-1
-1
-1
87
-1
99
-1
-1
91
-1
84
21
6
16
-1
186
-1
-1
-1
-1
-1
-1
-1
-1
-1
119
33
96
-1
-1
-1
-1
80
17
5
18
-1
186
-1
-1
-1
-1
-1
-1
-1
-1
-1
121
130
-1
-1
-1
-1
-1
26
18
5
-1
42
156
-1
-1
-1
-1
-1
-1
-1
-1
-1
118
99
-1
-1
-1
-1
90
22
21
6
-1
45
157
-1
-1
-1
-1
-1
-1
-1
-1
-1
187
-1
-1
-1
-1
-1
130
23
18
5
-1
41
162
-1
-1
-1
-1
-1
-1
-1
-1
-1
184
-1
-1
-1
-1
-1
125
22
18
6
19
23
163
-1
-1
-1
-1
-1
-1
-1
-1
101
89
-1
-1
-1
-1
-1
128
26
18
-1
25
148
-1
-1
-1
-1
-1
-1
-1
-1
-1
184
-1
-1
-1
-1
-1
131
27
22
17
-1
23
155
-1
-1
-1
-1
-1
-1
-1
-1
-1
177
-1
-1
-1
-1
-1
130
27
23
15
-1
24
152
-1
-1
-1
-1
-1
-1
-1
-1
-1
180
-1
-1
-1
-1
-1
127
28
22
12
-1
26
241
-1
-1
-1
-1
-1
-1
-1
-1
-1
-1
-1
-1
-1
-1
-1
223
30
24
10
5
17
155
-1
-1
-1
-1
-1
-1
-1
-1
175
-1
-1
-1
-1
-1
-1
133
32
22
-1
14
17
148
-1
-1
-1
-1
-1
-1
-1
-1
181
-1
-1
-1
-1
-1
-1
131
27
23
-1
12
21
79
-1
-1
-1
-1
-1
150
-1
-1
58
-1
-1
-1
-1
-1
128
33
27
18
-1
14
96
-1
-1
-1
-1
-1
-1
179
-1
-1
-1
-1
-1
-1
-1
-1
148
61
-1
18
-1
13
99
-1
-1
-1
-1
-1
-1
185
-1
-1
-1
-1
-1
-1
-1
-1
-1
208
-1
-1
27
5
110
-1
-1
-1
-1
-1
-1
132
18
55
-1
-1
-1
-1
-1
-1
-1
184
-1
-1
25
70
-1
-1
-1
-1
-1
-1
-1
163
17
55
-1
-1
-1
-1
-1
-1
-1
189
-1
-1
25
70
-1
-1
-1
-1
-1
-1
-1
152
19
51
-1
-1
-1
-1
-1
-1
-1
187
-1
-1
129
75
-1
-1
-1
-1
-1
-1
-1
154
-1
132
-1
-1
-1
-1
-1
-1
-1
-1
-1
-1
149
74
-1
-1
-1
-1
-1
-1
-1
160
128
-1
-1
-1
-1
-1
-1
-1
-1
-1
-1
45
8
72
-1
-1
-1
-1
-1
-1
-1
163
45
-1
-1
-1
-1
-1
-1
184
-1
-1
-1
49
54
-1
-1
-1
-1
-1
-1
-1
154
25
46
-1
-1
-1
-1
-1
-1
175
-1
-1
-1
47
50
-1
-1
-1
-1
-1
-1
-1
153
25
29
-1
-1
-1
-1
65
-1
112
-1
-1
-1
18
53
-1
-1
-1
-1
-1
-1
-1
155
25
31
-1
-1
-1
-1
122
-1
-1
-1
-1
91
18
52
-1
-1
-1
-1
-1
-1
-1
157
55
-1
-1
-1
-1
39
29
18
65
-1
-1
58
20
79
-1
-1
-1
-1
-1
-1
-1
-1
183
-1
-1
-1
-1
36
29
31
70
-1
-1
59
34
-1
-1
-1
-1
-1
133
-1
-1
-1
114
-1
-1
-1
-1
34
35
33
64
-1
-1
64
32
-1
-1
-1
-1
70
66
-1
-1
105
-1
-1
-1
-1
-1
43
29
30
63
-1
-1
57
32
-1
-1
-1
-1
65
64
-1
-1
106
-1
-1
-1
-1
26
-1
48
60
-1
-1
-1
91
31
-1
-1
-1
42
-1
95
-1
-1
110
-1
-1
-1
-1
23
-1
115
-1
-1
-1
-1
91
28
-1
-1
-1
78
-1
-1
-1
163
-1
-1
-1
-1
-1
100
-1
-1
-1
-1
93
-1
59
-1
-1
-1
-1
76
-1
-1
-1
155
-1
-1
-1
-1
-1
103
-1
-1
-1
-1
98
-1
88
-1
-1
-1
-1
178
-1
-1
-1
-1
-1
-1
-1
-1
129
-1
-1
-1
-1
-1
135
-1
92
-1
-1
-1
-1
186
-1
-1
-1
-1
-1
-1
-1
-1
136
-1
-1
-1
-1
124
-1
-1
90
-1
-1
-1
240
-1
-1
-1
-1
-1
-1
-1
-1
-1
302
-1
-1
-1
-1
-1
-1
-1
-1
-1
-1
-1
246
-1
-1
-1
-1
-1
-1
-1
-1
-1
301
-1
-1
-1
-1
-1
-1
-1
-1
-1
-1
-1
243
-1
-1
-1
-1
-1
-1
-1
-1
-1
301
-1
-1
-1
-1
-1
-1
-1
-1
-1
-1
-1
292
-1
-1
-1
-1
-1
-1
-1
-1
275
-1
-1
-1
-1
-1
-1
-1
-1
-1
-1
-1
-1
-1
-1
-1
-1
-1
-1
-1
-1
-1
592
-1
-1
-1
-1
-1
-1
-1
-1
-1
-1
-1
-1
-1
-1
-1
260
-1
-1
-1
-1
-1
319
-1
-1
-1
-1
-1
-1
-1
-1
-1
-1
-1
-1
-1
-1
287
-1
-1
-1
-1
-1
-1
284
-1
-1
-1
-1
-1
-1
-1
-1
-1
-1
-1
-1
-1
-1
285
-1
-1
-1
-1
-1
-1
276
-1
-1
-1
-1
-1
-1
-1
-1
-1
-1
-1
-1
-1
-1
248
-1
-1
-1
-1
-1
310
-1
-1
-1
-1
-1
-1
-1
-1
-1
-1
-1
-1
-1
-1
-1
-1
-1
-1
-1
-1
-1
563
-1
-1
-1
-1
-1
-1
-1
-1
-1
-1
-1
-1
-1
-1
-1
-1
-1
-1
-1
-1
-1
550
-1
-1
-1
-1
-1
-1
-1
-1
-1
-1
-1
-1
-1
-1
-1
-1
-1
-1
-1
-1
272
286
-1
-1
-1
-1
-1
-1
-1
-1
-1
-1
-1
-1
-1
-1
-1
-1
-1
-1
-1
-1
541
-1
-1
-1
-1
-1
-1
-1
-1
-1
-1
-1
-1
-1
-1
-1
-1
-1
-1
-1
-1
-1
519
-1
-1
-1
-1
-1
-1
-1
-1
-1
-1
-1
233
-1
-1
-1
-1
-1
-1
-1
-1
156
128
-1
-1
-1
-1
-1
-1
-1
-1
-1
-1
-1
167
-1
-1
-1
58
63
-1
-1
-1
92
135
-1
-1
-1
-1
-1
-1
-1
-1
-1
-1
-1
17
-1
-1
-1
58
34
70
-1
-1
135
-1
-1
-1
-1
-1
-1
-1
-1
-1
-1
-1
206
17
-1
-1
-1
60
30
68
-1
-1
129
-1
-1
-1
-1
-1
-1
-1
-1
-1
-1
-1
208
-1
-1
-1
29
29
30
63
-1
-1
127
-1
-1
-1
-1
-1
-1
-1
-1
-1
-1
-1
227
-1
-1
-1
27
28
64
-1
-1
-1
157
-1
-1
-1
-1
-1
-1
-1
-1
-1
-1
175
40
-1
-1
15
19
28
63
-1
-1
-1
158
-1
-1
-1
-1
-1
-1
-1
-1
-1
-1
174
37
-1
-1
13
22
31
30
-1
67
42
95
-1
-1
-1
-1
-1
-1
-1
-1
-1
-1
176
36
-1
-1
14
18
29
34
-1
69
32
99
-1
-1
-1
-1
-1
-1
-1
-1
-1
-1
217
-1
-1
-1
167
18
28
30
-1
81
192
-1
-1
-1
-1
-1
-1
-1
-1
-1
-1
-1
-1
-1
-1
20
8
18
28
61
-1
-1
150
-1
-1
-1
-1
-1
-1
-1
-1
-1
-1
213
-1
-1
-1
23
7
21
28
30
-1
72
99
-1
-1
-1
-1
-1
-1
-1
108
-1
-1
111
-1
-1
-1
23
9
18
32
31
-1
157
-1
-1
-1
-1
-1
-1
-1
103
-1
-1
-1
145
-1
-1
