0
0
0
4095
802
1633
4095
0
0
1101
0
0
0
0
0
0
0
559
4095
0
0
0
0
0
0
4095
832
1718
0
0
0
2672
0
0
0
0
0
0
0
1364
0
0
0
0
0
0
0
4095
750
2429
0
0
0
0
0
0
0
0
0
0
0
1384
2974
0
0
0
0
0
0
4095
827
2837
0
0
0
0
0
0
0
0
0
0
0
1636
2832
0
0
0
0
0
4095
562
816
3338
0
0
0
0
0
0
0
0
0
0
0
1646
1808
0
0
0
0
0
4095
429
745
3304
0
0
0
0
0
0
0
0
0
0
0
1603
1238
0
0
0
4095
0
1388
556
754
1962
0
0
0
0
0
0
0
0
0
0
0
1514
0
0
0
0
4095
0
1575
462
801
1447
0
0
0
0
0
0
0
0
0
0
0
1515
0
0
0
0
0
0
4095
469
720
1154
0
0
2379
0
0
0
0
0
0
0
103
547
0
0
0
4095
0
4095
1484
539
626
0
0
0
1356
0
0
0
0
0
0
0
103
73
0
0
0
4095
0
4095
1794
453
1100
0
1627
0
847
0
0
0
0
0
0
0
114
0
0
0
0
4095
0
4095
1518
475
333
0
998
0
0
0
0
0
0
0
0
0
174
343
0
0
0
0
0
4095
1584
515
363
0
880
0
0
0
0
0
0
0
0
0
0
0
0
0
0
0
4095
3684
1826
467
0
408
566
0
0
0
0
0
0
0
0
0
0
0
0
0
0
0
4095
3309
1562
578
0
353
592
0
0
0
0
0
0
0
0
0
316
0
0
0
0
0
4095
2875
1543
411
0
283
97
0
0
0
0
0
0
0
0
0
372
0
0
0
0
0
4095
2994
1880
0
57
272
12
0
0
0
0
0
0
0
0
0
100
0
0
0
0
0
3577
3483
1522
0
94
330
0
0
0
0
0
0
0
0
0
0
0
0
0
0
0
3685
3943
3129
1651
0
120
217
0
0
0
0
0
0
0
0
0
0
0
0
0
0
0
1252
4095
2958
1929
0
222
97
0
0
0
0
0
0
0
0
0
0
0
0
0
0
0
1300
3856
2981
578
0
343
1
0
0
0
0
0
0
0
0
0
0
0
0
0
0
0
1181
4095
3255
273
0
112
8
0
0
0
0
0
0
0
0
0
0
0
0
0
0
0
1213
4095
1698
565
0
346
47
0
0
0
0
0
0
0
0
1714
0
0
0
0
0
0
1134
4095
1637
0
5
97
120
0
0
0
0
0
1324
0
0
0
0
0
0
0
0
0
4095
0
835
0
72
264
0
0
0
0
0
0
2203
0
0
0
0
0
0
0
0
8
4095
0
1155
0
91
592
0
0
0
0
0
0
3015
0
0
0
0
0
0
0
0
0
4095
0
0
245
66
989
0
0
0
0
0
0
1686
1343
0
0
0
0
0
0
0
0
4095
0
0
608
130
0
0
0
0
0
0
0
3571
1275
0
0
0
0
0
0
0
0
2126
0
0
577
168
0
0
0
0
0
0
0
3443
1473
0
0
0
0
0
0
0
0
2382
0
0
673
35
0
0
0
0
0
0
0
3534
237
0
0
0
0
0
0
0
0
0
0
0
975
1
0
0
0
0
0
0
0
3530
0
0
0
0
0
0
0
0
0
0
0
1559
85
0
0
0
0
0
0
0
0
3664
120
0
0
0
0
0
0
2249
0
0
0
1403
135
0
0
0
0
0
0
0
2236
668
388
0
0
0
0
0
0
2144
0
0
0
1368
134
0
0
0
0
0
0
0
2115
0
347
0
0
0
0
1069
0
3928
0
0
1089
339
111
0
0
0
0
0
0
0
1548
0
0
0
0
0
0
819
0
0
0
0
974
234
64
0
0
0
0
0
0
0
55
0
0
0
0
0
0
0
915
1998
0
0
727
62
166
0
0
0
0
0
0
0
0
334
0
0
0
0
72
0
1202
1895
0
0
752
9
0
0
0
0
0
0
0
0
0
57
0
0
0
0
0
0
1193
1107
0
0
396
7
0
0
0
0
28
0
0
0
0
0
0
0
0
0
0
1128
1139
1135
0
0
821
3
0
0
0
0
55
0
0
0
0
0
0
0
0
0
0
1067
444
0
0
0
686
418
0
0
0
0
76
0
0
0
0
0
0
0
0
41
0
1919
0
0
0
0
452
571
0
0
0
60
0
0
0
0
0
0
0
0
0
0
0
0
0
0
1189
0
30
0
0
0
0
90
0
0
0
0
0
0
0
0
0
0
0
0
0
0
527
0
0
0
0
0
0
75
0
0
0
0
0
0
0
0
0
0
0
0
0
0
1203
0
0
0
0
0
0
11
0
0
0
0
0
0
0
0
0
0
0
0
0
0
0
0
0
0
0
0
0
0
0
0
0
0
0
0
0
0
15
0
0
0
0
0
0
0
0
0
0
0
0
0
0
0
0
0
0
0
0
0
0
0
0
0
0
0
0
0
0
0
0
0
0
0
0
0
0
0
0
0
0
0
0
0
0
0
0
0
0
0
0
0
0
0
0
0
0
0
0
0
0
0
0
0
0
0
0
0
0
0
0
0
0
0
0
0
0
0
0
0
0
0
0
0
0
2
0
0
0
0
0
0
0
0
0
0
0
0
0
0
0
4095
0
0
0
0
0
157
0
0
0
0
0
0
0
0
0
0
0
0
0
0
4095
0
0
0
0
0
0
183
0
0
0
0
0
0
0
0
0
0
0
0
0
0
4095
0
0
0
0
0
0
88
0
0
0
0
0
0
0
0
0
0
0
0
0
0
4095
0
0
0
0
0
0
0
0
0
0
0
0
0
0
0
0
0
0
0
0
0
0
0
0
0
0
0
142
0
0
0
0
0
0
0
0
0
0
0
0
0
0
0
0
0
0
0
0
0
52
0
0
0
0
0
0
0
0
0
0
0
0
0
0
0
0
0
0
0
0
0
0
0
0
0
0
0
0
0
0
0
0
0
0
0
0
0
0
0
0
0
0
73
0
0
0
0
0
0
0
0
0
0
0
0
0
0
0
0
0
0
0
0
0
10
0
0
0
0
0
0
0
0
0
0
0
21
0
0
0
0
0
0
0
0
0
0
0
0
0
0
0
0
0
0
0
0
0
1785
0
0
0
4095
4095
1590
0
0
96
0
0
0
0
0
0
0
0
0
0
0
0
3821
0
0
0
4095
1106
531
0
0
49
0
0
0
0
0
0
0
0
0
0
0
58
4095
0
0
0
4095
1164
633
0
0
72
39
0
0
0
0
0
0
0
0
0
0
108
0
0
0
4095
4095
1246
108
0
0
280
0
0
0
0
0
0
0
0
0
0
0
204
0
0
0
4095
4095
1133
213
0
0
1580
0
0
0
0
0
0
0
0
0
0
0
37
0
0
0
4095
4095
1153
0
0
0
2262
0
0
0
0
0
0
0
0
0
0
1123
0
0
0
2371
1755
4095
4095
64
1117
1143
1325
0
0
0
0
0
0
0
0
0
0
0
0
0
0
1804
2094
4095
4095
70
1086
1129
1297
0
0
0
0
0
0
0
0
0
0
0
0
0
0
1484
1724
4095
4095
9
2172
1268
0
0
0
0
0
0
0
0
0
0
0
0
0
0
877
806
1706
4095
4095
0
0
1227
0
0
0
0
0
0
0
2866
0
0
7
0
0
0
3841
864
1761
4095
2096
0
944
450
0
0
0
0
0
0
0
3110
0
0
4
0
0
0
4095
866
1964
4095
607
0
927
0
0
0
0
0
0
0
0
1725
0
0
2
0
