0
0
0
0
0
0
0
1907
0
1
0
0
0
0
3089
0
0
0
0
0
887
0
0
0
0
0
0
0
0
0
0
2
0
0
0
1868
3558
0
0
0
0
0
0
0
0
0
0
0
0
0
0
0
0
0
0
0
0
2874
0
0
0
0
0
606
0
0
0
0
0
0
0
0
0
0
0
0
0
0
0
3603
0
0
0
0
0
1917
0
0
0
0
0
0
0
0
0
0
0
0
0
0
1128
3943
0
0
0
0
0
0
0
0
0
0
0
0
0
0
0
0
0
0
0
0
2295
4043
0
0
0
0
0
0
0
0
0
0
0
0
0
0
0
0
0
0
0
0
2165
4030
0
0
0
0
0
0
0
0
0
0
0
0
0
170
0
0
0
0
0
-5029
2999
4032
0
0
0
0
0
0
0
0
0
0
0
0
0
111
0
0
0
0
0
-7370
3465
0
0
0
0
0
0
0
187
0
0
0
0
0
0
123
0
0
0
0
0
14863
0
0
0
0
0
0
0
0
363
0
0
0
0
0
0
172
0
0
0
0
0
0
0
0
0
0
0
0
0
1901
554
0
0
0
0
0
0
155
0
0
0
0
0
0
3541
0
0
0
0
0
546
0
0
0
0
0
0
0
0
0
0
0
0
0
0
0
0
0
0
0
0
0
556
0
0
0
0
0
0
0
0
0
0
0
0
0
0
2959
0
0
0
0
0
537
0
0
0
0
0
0
0
0
0
0
0
0
0
0
0
3012
0
0
0
0
0
0
0
0
0
0
0
0
0
0
0
0
0
0
0
0
0
2952
0
0
0
0
0
0
0
0
0
0
0
0
0
0
0
0
0
0
0
0
285
0
0
0
0
0
0
0
0
0
0
0
0
0
0
0
0
0
0
0
0
0
1488
0
0
0
0
0
0
0
0
0
0
0
0
0
0
0
0
0
0
0
0
0
2636
0
0
0
0
0
0
0
0
0
0
0
0
0
0
0
0
0
0
0
0
0
2847
0
0
0
0
0
0
0
0
0
0
0
0
0
0
0
0
0
0
0
0
0
0
0
0
0
0
0
0
0
0
0
0
0
0
0
0
0
0
0
0
0
0
0
0
0
0
0
0
0
0
0
0
0
0
0
0
0
0
0
0
0
0
0
0
0
0
0
0
0
0
0
0
0
0
0
0
0
0
0
0
0
0
0
0
0
0
0
0
0
0
0
0
0
0
0
0
0
0
0
0
0
0
0
0
0
0
0
0
0
0
0
0
0
0
0
0
0
0
0
0
0
0
0
0
0
0
0
0
0
0
0
0
0
0
0
0
0
0
0
0
0
0
0
0
0
0
0
0
0
0
0
0
0
0
0
0
0
0
0
0
0
0
0
0
0
0
0
0
0
0
0
0
0
0
0
0
0
0
0
0
0
0
0
0
0
0
0
0
0
0
0
0
0
0
0
0
10
0
0
0
0
0
0
0
0
0
0
1
1
0
0
0
0
0
0
0
0
0
34
0
0
0
0
0
0
0
0
0
0
3
390
0
0
0
0
0
0
0
0
0
205
0
0
450
0
0
0
0
0
0
1
3
1938
0
0
0
0
0
0
0
0
63
456
0
0
441
0
0
0
0
0
0
4
7
1726
0
0
0
0
0
0
0
0
0
0
0
0
376
0
0
0
0
0
0
7
11
1698
0
0
0
0
0
0
0
0
79
0
0
467
874
0
0
0
0
0
0
6
11
1698
0
0
0
0
0
0
0
29
640
189
0
469
0
0
0
0
0
0
0
309
311
2005
0
0
0
0
0
0
0
0
0
0
0
508
0
0
0
0
0
0
0
579
582
0
0
0
0
0
0
0
0
0
0
0
0
518
0
0
0
0
0
0
69
174
176
0
0
0
0
0
0
0
0
0
0
0
549
1106
0
0
0
0
0
0
106
106
107
0
0
0
0
0
0
0
0
0
0
0
620
0
0
0
0
0
0
0
0
0
0
0
0
0
0
0
0
0
0
0
0
0
530
0
0
0
0
0
0
0
29
0
0
0
0
0
0
0
0
0
0
0
0
0
536
0
0
0
0
0
0
0
0
0
0
0
0
0
0
0
0
0
0
0
0
0
531
0
0
0
0
0
0
0
0
0
0
0
0
0
0
0
0
0
0
0
0
0
539
0
0
0
0
0
0
0
0
0
0
0
0
0
0
0
0
0
0
0
0
0
558
0
0
0
0
0
0
0
0
0
0
0
0
0
0
0
0
0
0
0
0
556
0
0
0
0
0
0
0
0
0
0
0
0
0
0
0
0
0
0
0
0
0
0
0
0
0
0
0
0
0
0
0
0
0
0
0
0
0
0
0
0
0
0
3
0
0
0
0
0
0
0
0
0
0
0
0
0
0
0
0
0
0
0
0
0
0
0
0
0
0
0
0
0
0
0
0
0
0
0
0
0
0
0
0
0
0
0
0
0
0
0
0
0
0
0
0
0
0
0
0
0
0
0
0
0
0
0
0
0
0
0
0
0
0
0
0
0
0
0
0
0
0
0
0
0
0
0
0
0
0
0
0
0
0
0
0
0
0
0
0
0
-2886
0
0
0
0
0
0
0
0
0
0
0
0
0
0
0
0
0
0
0
0
0
4441
0
0
0
0
0
0
0
0
0
0
0
0
0
0
0
0
0
0
0
0
1087
0
0
0
0
0
0
0
0
0
0
0
0
0
0
0
0
0
0
0
0
0
1996
0
0
0
0
0
0
0
0
0
0
0
0
0
0
0
0
0
0
0
0
0
0
0
0
0
0
0
0
0
0
0
0
0
0
0
0
0
0
0
0
0
0
1750
0
0
0
0
0
0
0
0
0
0
0
0
0
0
0
0
0
0
0
0
0
0
0
0
0
0
0
0
0
0
0
0
0
0
0
0
0
0
0
0
0
0
0
0
0
0
0
0
0
0
0
0
0
0
0
0
0
0
0
0
0
0
0
0
0
0
0
0
0
0
0
0
0
0
0
0
0
0
0
0
0
0
0
0
0
0
-3102
-6324
-7663
0
0
0
0
0
0
0
0
0
0
0
0
0
0
0
0
0
0
0
-3974
-6005
-7100
311
0
0
0
0
0
0
0
0
0
0
0
0
0
0
0
0
0
0
-3236
-3711
-7688
311
0
0
0
0
0
0
0
0
0
0
0
0
0
0
0
0
0
0
12395
20295
25198
849
0
0
0
0
0
0
0
0
0
0
0
0
0
0
0
0
0
0
1529
0
0
0
0
0
0
0
0
0
0
0
0
0
0
0
0
0
0
0
0
0
1333
0
0
0
0
67
0
0
0
0
0
0
0
0
0
0
0
0
0
0
0
0
466
0
0
0
0
66
0
0
0
0
0
0
0
0
0
4
4
4
0
0
0
895
0
0
0
0
0
475
0
0
0
0
0
0
0
0
0
6
281
281
0
0
0
864
0
0
0
0
0
1131
0
0
0
0
0
0
0
0
0
5
729
729
0
0
0
898
0
0
0
0
0
1271
0
0
0
0
0
0
0
0
0
0
0
0
0
0
3521
0
0
0
0
0
355
0
0
0
0
0
0
0
0
0
0
2
278
0
0
0
3630
0
0
0
0
0
0
0
0
0
0
0
0
0
0
0
507
13
278
0
0
0
3147
0
0
0
0
0
0
0
0
