0
280
0
0
0
0
0
0
0
0
0
2490
0
1
0
0
0
0
2403
0
0
0
0
606
0
0
0
0
0
0
0
0
0
0
0
2
0
0
0
2625
3840
0
0
0
0
1141
0
0
0
0
0
0
0
0
0
0
0
0
0
0
0
3043
0
0
0
0
0
0
0
0
0
0
0
0
0
0
0
0
0
0
0
0
0
3560
0
0
0
0
0
0
0
0
0
0
0
0
0
0
0
0
0
0
0
0
1660
3810
0
0
0
0
0
0
0
0
0
0
0
0
0
0
0
0
0
0
0
0
2430
3899
0
0
0
0
0
0
0
0
0
0
0
0
0
0
0
0
0
0
0
-510
2291
3879
0
0
0
0
0
0
187
0
0
0
0
0
0
298
0
0
0
0
0
-7802
3017
3772
0
0
0
0
0
0
358
0
0
0
0
0
0
263
0
0
0
0
0
9928
0
0
0
0
0
0
537
2338
539
0
0
0
0
0
0
279
0
0
0
0
0
0
0
0
0
0
0
0
520
1130
0
0
0
0
0
0
0
229
0
0
0
0
0
0
0
0
0
0
0
0
531
0
0
0
0
0
0
0
0
493
0
0
0
0
0
0
3262
0
0
0
0
0
513
0
0
0
0
0
0
0
0
0
0
0
0
0
0
2148
0
0
0
0
0
0
0
0
0
0
0
0
0
0
0
208
0
0
0
0
0
2135
0
0
0
0
0
0
0
0
0
0
0
0
0
0
0
47
0
0
0
0
0
1944
0
0
0
0
0
0
0
0
0
0
0
0
0
0
0
0
0
0
0
0
0
2000
0
0
0
0
0
0
0
0
0
0
0
0
0
0
0
0
0
0
0
0
0
0
0
0
0
0
0
0
0
0
0
0
0
0
0
0
0
0
0
0
0
0
0
0
0
0
0
0
0
0
0
0
0
0
0
0
0
0
0
0
0
0
0
0
0
0
0
0
0
0
0
0
0
0
0
0
0
0
0
0
0
0
0
0
0
0
192
0
0
0
0
0
0
0
0
0
0
0
0
0
121
121
0
0
0
0
0
0
566
0
0
0
0
0
0
0
0
0
0
0
0
0
0
0
0
0
0
0
0
0
524
0
0
0
0
0
0
0
0
0
0
0
0
0
0
0
0
0
0
0
0
0
0
0
0
0
0
0
0
0
0
0
0
0
0
0
0
0
0
0
0
0
0
0
0
0
0
0
0
0
0
0
0
0
0
0
0
0
0
0
0
0
0
0
0
0
0
0
0
0
0
0
0
0
0
0
0
0
0
0
0
0
0
0
0
0
0
0
0
0
0
0
0
0
0
0
0
0
0
0
0
0
0
0
0
0
0
0
0
0
0
0
0
0
0
0
0
0
0
0
1
2
0
0
0
0
0
0
0
0
0
0
0
0
0
232
0
0
0
0
0
0
3
4
0
0
0
0
0
0
0
0
0
14
0
0
0
269
0
0
0
0
0
0
5
1254
0
0
0
0
0
0
0
0
0
136
0
0
410
0
0
0
0
0
0
0
6
1783
0
0
0
0
0
0
0
0
49
207
0
0
367
0
0
0
0
0
0
0
4
1729
0
0
0
0
0
0
0
0
78
0
0
0
391
0
0
0
0
0
0
0
0
1873
0
0
0
0
0
0
0
0
60
0
0
0
400
0
0
0
0
0
0
3
6
1878
0
0
0
0
0
0
0
0
0
0
0
453
0
0
0
0
0
0
0
634
638
0
0
0
0
0
0
0
0
0
0
0
0
476
0
0
0
0
0
0
0
310
315
0
0
0
0
0
0
0
0
0
0
0
0
445
0
0
0
0
0
0
104
105
106
0
0
0
0
0
0
0
0
0
0
0
0
550
0
0
0
0
0
0
0
0
0
0
0
0
0
0
0
0
0
0
0
0
0
483
0
0
0
0
0
0
164
0
0
0
0
0
0
0
0
0
0
0
0
0
581
0
0
0
0
0
0
0
0
0
0
0
0
0
0
0
0
0
0
0
0
0
1158
0
0
0
0
0
0
0
0
0
0
0
0
0
0
0
0
0
0
0
0
0
0
0
0
0
0
0
0
0
0
0
0
0
0
0
0
0
0
0
0
0
0
0
638
1003
0
0
0
0
0
0
0
0
0
0
0
0
0
0
0
0
0
0
0
0
549
0
0
0
0
0
0
0
0
0
0
0
0
0
0
0
0
0
0
0
0
595
0
0
0
0
0
0
17
0
0
0
0
0
0
0
0
0
0
0
0
0
0
0
0
0
0
0
0
0
0
0
0
0
0
0
0
0
0
0
0
0
0
0
0
0
0
0
0
0
0
0
0
0
0
0
0
0
0
0
0
0
0
0
0
0
13
0
0
0
0
0
0
0
0
0
0
0
0
0
0
0
0
0
0
0
0
0
0
0
0
0
0
0
0
0
0
0
0
0
0
0
0
0
0
0
0
0
0
0
0
0
0
0
0
0
0
0
0
0
0
0
0
0
0
0
0
0
0
0
0
0
0
0
0
0
0
0
0
0
0
0
-6426
0
0
0
0
0
0
0
0
0
0
0
0
0
0
0
1
1
1
0
0
0
8538
0
0
0
0
0
0
0
0
0
0
0
0
0
0
0
0
0
0
0
0
0
0
0
0
0
0
0
0
0
0
0
0
0
0
0
0
0
0
0
0
0
0
1989
0
0
0
0
0
0
0
0
0
0
0
0
0
0
0
0
0
0
0
0
645
2479
0
0
0
0
0
0
0
0
0
0
0
0
0
0
0
0
0
0
0
0
0
0
0
0
0
0
0
0
0
0
0
0
0
0
0
0
0
0
0
0
0
0
0
0
0
0
0
0
0
0
0
0
0
0
0
0
0
0
0
0
0
0
0
0
0
0
-7420
0
0
0
0
0
0
0
0
0
0
0
0
0
0
0
0
0
0
0
-6384
-7960
-6365
0
0
0
0
0
0
0
0
0
0
0
0
0
0
0
0
0
0
0
-4398
-6654
-5948
0
0
0
0
0
0
0
0
0
0
0
0
0
0
0
0
0
0
0
14251
-6024
22567
0
0
0
0
0
0
0
0
0
0
0
0
0
0
0
0
0
0
0
400
26312
0
0
0
19
0
0
0
0
0
0
0
0
0
0
0
0
0
0
0
1306
2198
0
0
0
0
0
0
0
0
0
0
0
0
0
0
0
0
0
5
0
0
2420
0
0
0
0
44
0
0
0
0
0
0
0
0
0
0
4
4
0
0
0
0
2520
0
0
0
0
76
0
0
0
0
0
0
0
0
0
0
4
4
0
0
0
0
2538
0
0
0
0
70
0
0
0
0
0
0
0
0
0
3
11
11
0
0
0
1731
0
0
0
0
0
1383
0
0
0
0
0
0
0
0
0
3
6
6
0
0
0
1479
0
0
0
0
214
0
0
0
0
0
0
0
0
0
0
2
675
675
0
0
293
0
0
0
0
0
0
0
0
0
0
0
0
0
0
0
0
5
582
582
0
0
0
0
0
0
0
0
0
0
0
0
0
0
0
0
0
0
0
0
0
0
0
0
2315
0
0
0
0
0
0
0
0
0
0
0
0
0
0
0
-257
2
0
0
0
0
2583
0
0
0
0
0
0
0
0
0
0
0
0
0
0
0
703
14
0
0
0
0
2649
0
0
0
0
