0
0
4095
1222
1865
4095
0
0
1423
0
0
0
0
0
0
0
0
4095
0
0
0
0
0
0
4095
1007
1808
2746
0
0
2778
0
0
0
0
0
0
0
1418
0
0
0
0
0
0
0
4095
910
2091
0
0
0
0
0
0
0
0
0
0
0
1374
1674
2784
0
0
0
0
0
4095
936
2449
0
0
0
0
0
0
0
0
0
0
0
1364
1653
1691
0
0
0
0
0
4095
824
3543
0
0
0
0
0
0
0
0
0
0
0
1462
1725
0
0
0
0
0
4095
336
799
3382
0
0
0
0
0
0
0
0
0
0
0
1663
1923
0
0
0
0
0
4095
346
915
3496
0
0
0
0
0
0
0
0
0
0
0
1720
352
0
0
0
4095
0
4095
443
825
1341
0
0
0
0
0
0
0
0
0
0
0
1558
0
0
0
0
4095
0
4095
538
822
1786
0
0
0
0
0
0
0
0
0
0
0
1302
0
0
0
0
4095
3149
1192
418
722
0
0
0
2695
0
0
0
0
0
0
0
102
0
0
0
0
304
0
4095
1298
411
1165
0
1646
0
683
0
0
0
0
0
0
0
104
0
0
0
0
4095
0
4095
1381
543
807
0
1051
0
342
0
0
0
0
0
0
0
114
281
0
0
0
0
0
4095
1270
486
304
0
724
0
0
0
0
0
0
0
0
0
0
342
0
0
0
0
0
4095
1344
557
389
0
299
0
0
0
0
0
0
0
0
0
0
194
0
0
0
0
0
3121
1552
437
0
321
411
0
0
0
0
0
0
0
0
0
149
0
0
0
0
0
4095
3104
1562
428
0
339
248
0
0
0
0
0
0
0
0
0
270
0
0
0
0
0
4095
3759
1451
320
0
328
180
0
0
0
0
0
0
0
0
0
231
0
0
0
0
0
4095
3185
1838
0
0
362
105
0
0
0
0
0
0
0
0
0
0
0
0
0
0
0
4095
2931
1610
0
0
142
0
0
0
0
0
0
0
0
0
0
0
0
0
0
0
1104
3605
3123
1513
0
4
62
0
0
0
0
0
0
0
0
0
0
0
0
0
0
0
1316
3505
3673
1647
0
163
6
0
0
0
0
0
0
0
0
0
0
0
0
0
0
0
1289
3977
3252
271
0
118
6
0
0
0
0
0
0
0
0
0
0
0
0
0
0
0
1166
4095
2143
591
0
42
3
0
0
0
0
0
0
2581
0
0
0
0
0
0
0
0
1161
4095
1526
0
0
195
140
0
0
0
0
0
0
0
0
0
0
0
0
0
0
0
2368
4095
1587
0
11
126
55
0
0
0
0
0
1275
0
0
0
0
0
0
0
0
0
4095
0
3930
0
113
184
0
0
0
0
0
0
2915
0
0
0
0
0
0
0
0
0
4095
0
1116
0
45
323
0
0
0
0
0
0
1677
1297
0
0
0
0
0
0
0
0
4095
0
0
254
101
769
0
0
0
0
0
0
2729
1507
0
0
0
0
0
0
0
0
4095
0
0
723
113
0
0
0
0
0
0
0
3307
1296
0
0
0
0
0
0
0
0
2053
0
0
735
113
0
0
0
0
0
0
0
3584
1059
0
0
0
0
0
0
0
0
0
0
0
1318
2
0
0
0
0
0
0
0
3700
0
0
0
0
0
0
0
0
0
0
0
1514
168
0
0
0
0
0
0
0
0
3464
0
0
0
0
0
0
0
1532
0
0
0
1540
326
0
0
0
0
0
0
0
2124
1348
317
0
0
0
0
0
855
1931
0
0
0
1257
109
0
0
0
0
0
0
0
2129
0
410
0
0
0
0
0
0
3862
0
0
0
1288
193
0
0
0
0
0
0
0
1804
0
211
0
0
0
0
1010
0
0
0
0
0
292
298
0
0
0
0
0
0
0
468
0
0
0
0
0
0
0
734
1972
0
0
1054
233
207
0
0
0
0
0
0
0
0
0
0
0
0
0
0
0
1215
1919
0
0
1071
109
186
0
0
0
0
0
0
0
0
0
0
0
0
0
98
0
1319
1620
0
0
1016
39
0
0
0
0
11
0
0
0
0
0
0
0
0
0
0
652
1090
1167
0
0
1089
11
0
0
0
0
40
0
0
0
0
0
0
0
0
0
0
1130
866
0
0
0
961
137
0
0
0
0
59
0
0
0
0
0
0
0
0
0
0
2415
0
0
0
0
1117
491
0
0
0
32
43
0
0
0
0
0
0
0
0
58
0
0
0
0
0
0
530
253
0
0
0
81
0
0
0
0
0
0
0
0
0
0
0
0
0
0
1146
0
0
0
0
0
0
73
0
0
0
0
0
0
0
0
0
0
0
0
0
0
367
0
0
0
0
0
0
57
0
0
0
0
0
0
0
0
0
0
0
0
0
0
502
0
1
0
0
0
0
0
0
0
0
0
0
0
0
0
17
0
0
0
0
0
0
0
0
0
0
0
0
0
0
0
0
0
0
0
0
0
0
0
0
0
0
0
0
0
0
0
0
0
0
0
0
0
0
0
0
0
0
0
0
0
0
0
0
0
0
0
0
0
0
0
0
0
0
0
0
0
0
0
0
0
0
0
0
0
0
0
0
0
0
0
0
0
0
0
0
4095
0
0
0
0
0
0
0
0
0
0
0
0
0
0
0
0
0
0
0
0
0
4095
0
0
0
0
0
49
0
0
0
0
0
0
0
0
0
0
0
0
0
0
0
4095
0
0
0
0
0
151
0
0
0
0
0
0
0
0
0
0
0
0
0
0
4095
0
0
0
0
0
0
96
0
0
0
0
0
0
0
0
0
0
0
0
0
0
4095
0
0
0
0
0
0
69
0
0
0
0
0
0
0
0
0
0
0
0
0
0
0
0
0
0
0
0
19
0
0
0
0
0
0
0
0
0
0
0
0
0
0
0
0
0
0
0
0
0
71
0
0
0
0
0
0
0
0
0
0
0
0
0
0
0
0
0
0
0
0
0
18
0
0
0
0
0
0
0
0
0
0
0
0
0
0
0
0
0
0
0
0
0
0
0
0
0
0
0
0
0
0
0
0
0
0
0
0
0
0
0
0
0
0
79
0
0
0
0
0
0
0
0
0
0
0
0
0
0
0
0
4095
0
0
0
0
0
0
0
0
0
0
0
0
0
0
0
0
30
0
0
0
4095
4095
0
0
0
56
0
0
0
0
0
0
0
0
0
0
0
0
1198
0
0
0
4095
1054
546
0
0
73
0
0
0
0
0
0
0
0
0
0
0
0
869
0
0
0
4095
1045
595
0
0
84
0
0
0
0
0
0
0
0
0
0
0
15
1183
0
0
0
4095
1110
260
0
0
72
0
0
0
0
0
0
0
0
0
0
0
111
0
0
0
4095
4095
1266
221
0
0
902
0
0
0
0
0
0
0
0
0
0
0
102
0
0
0
4095
4095
1109
0
0
0
2283
0
0
0
0
0
0
0
0
0
0
0
643
0
0
4095
1999
4095
2393
51
1902
0
1167
0
0
0
0
0
0
0
0
0
0
0
728
0
0
4095
2171
4095
4095
61
1124
1140
1282
0
0
0
0
0
0
0
0
0
0
0
0
0
0
4095
2313
4095
4095
40
2174
1265
744
0
0
0
0
0
0
0
0
0
0
0
0
0
0
4023
1991
4095
4095
102
0
1210
0
0
0
0
0
0
0
0
0
0
2292
0
0
0
0
2932
1999
4095
4095
0
963
901
0
0
0
0
0
0
0
2214
0
0
4
0
0
0
4095
1062
2267
4095
606
0
934
0
0
0
0
0
0
0
0
1894
0
0
2
0
0
