19
8
21
66
-1
-1
66
-1
-1
-1
-1
-1
-1
-1
-1
150
-1
-1
-1
-1
-1
-1
23
8
19
-1
-1
-1
113
-1
-1
-1
-1
-1
-1
-1
21
-1
-1
-1
-1
-1
-1
-1
31
9
49
-1
-1
-1
-1
-1
-1
-1
-1
-1
-1
-1
85
-1
-1
-1
-1
-1
-1
-1
45
8
60
-1
-1
-1
-1
-1
-1
-1
-1
-1
-1
-1
81
-1
-1
-1
-1
-1
-1
-1
6
7
112
-1
-1
-1
-1
-1
-1
-1
-1
-1
-1
-1
26
28
-1
-1
-1
-1
-1
39
5
9
118
-1
-1
-1
-1
-1
-1
-1
-1
-1
-1
-1
27
27
-1
-1
-1
-1
-1
60
5
8
112
-1
-1
-1
-1
-1
-1
-1
-1
-1
-1
-1
30
21
-1
-1
-1
-1
-1
38
6
7
76
-1
-1
-1
-1
-1
-1
-1
-1
-1
-1
-1
30
-1
-1
-1
-1
122
-1
17
5
9
134
-1
-1
-1
-1
-1
-1
-1
-1
-1
-1
-1
3
-1
-1
-1
25
-1
-1
42
6
8
-1
-1
-1
134
-1
-1
-1
-1
-1
-1
-1
4
-1
-1
-1
-1
51
-1
21
17
5
27
-1
-1
-1
72
-1
-1
-1
-1
-1
-1
-1
6
-1
-1
-1
-1
51
-1
21
18
5
27
-1
89
-1
120
-1
-1
-1
-1
-1
-1
-1
10
-1
-1
-1
-1
107
-1
24
20
6
31
-1
62
-1
-1
-1
-1
-1
-1
-1
-1
-1
-1
-1
-1
-1
-1
-1
-1
53
17
5
-1
25
40
-1
-1
-1
-1
-1
-1
-1
-1
-1
-1
-1
-1
-1
-1
-1
-1
46
18
11
-1
25
38
-1
-1
-1
-1
-1
-1
-1
-1
-1
12
-1
-1
-1
-1
-1
51
22
21
13
-1
22
28
-1
-1
-1
-1
-1
-1
-1
-1
-1
23
-1
-1
-1
-1
-1
52
25
17
10
-1
26
5
-1
-1
-1
-1
-1
-1
-1
-1
-1
19
-1
-1
-1
-1
-1
53
23
18
-1
11
23
7
-1
-1
-1
-1
-1
-1
-1
-1
-1
-1
-1
-1
-1
-1
-1
60
21
21
-1
14
23
-1
-1
-1
-1
-1
-1
-1
-1
-1
-1
-1
-1
-1
-1
-1
33
26
22
17
-1
17
22
-1
-1
-1
-1
-1
-1
-1
-1
-1
-1
-1
-1
-1
-1
-1
30
27
25
18
-1
20
22
-1
-1
-1
-1
-1
-1
-1
-1
-1
-1
-1
-1
-1
-1
-1
30
27
23
20
-1
16
23
-1
-1
-1
-1
-1
-1
-1
-1
-1
-1
-1
-1
-1
-1
-1
30
28
23
15
-1
18
10
-1
-1
-1
-1
-1
-1
-1
-1
23
-1
-1
-1
-1
-1
-1
30
32
19
25
-1
21
2
-1
-1
-1
-1
-1
-1
-1
-1
23
-1
-1
-1
-1
-1
-1
31
28
20
-1
15
18
22
-1
-1
-1
-1
-1
23
-1
-1
-1
-1
-1
-1
-1
-1
-1
29
39
19
-1
15
18
-1
-1
-1
-1
-1
-1
49
-1
-1
-1
-1
-1
-1
-1
-1
9
27
-1
23
-1
7
42
-1
-1
-1
-1
-1
-1
69
25
-1
-1
-1
-1
-1
-1
-1
-1
25
-1
46
-1
5
76
-1
-1
-1
-1
-1
-1
78
21
-1
-1
-1
-1
-1
-1
-1
-1
54
-1
-1
4
6
-1
-1
-1
-1
-1
-1
-1
105
21
-1
-1
-1
-1
-1
-1
-1
-1
152
-1
-1
24
33
-1
-1
-1
-1
-1
-1
-1
108
10
-1
-1
-1
-1
-1
-1
-1
-1
-1
-1
-1
31
42
-1
-1
-1
-1
-1
-1
-1
108
-1
-1
-1
-1
-1
-1
-1
-1
-1
-1
-1
-1
54
38
-1
-1
-1
-1
-1
-1
-1
112
-1
-1
-1
-1
-1
-1
-1
164
-1
-1
-1
46
6
80
-1
-1
-1
-1
-1
-1
98
44
16
-1
-1
-1
-1
-1
-1
122
-1
-1
-1
44
8
-1
-1
-1
-1
-1
-1
-1
98
-1
17
-1
-1
-1
-1
30
-1
101
-1
-1
-1
37
7
-1
-1
-1
-1
-1
-1
-1
78
-1
9
-1
-1
-1
-1
43
-1
101
-1
-1
-1
45
43
-1
-1
-1
-1
-1
-1
-1
23
12
-1
-1
-1
-1
-1
-1
34
64
-1
-1
54
19
45
-1
-1
-1
-1
-1
-1
-1
-1
20
-1
-1
-1
-1
-1
-1
32
63
-1
-1
58
19
43
-1
-1
-1
-1
-1
-1
-1
-1
26
-1
-1
-1
-1
9
-1
30
66
-1
-1
59
18
31
-1
-1
-1
51
-1
-1
-1
-1
-1
-1
-1
-1
-1
-1
11
30
76
-1
-1
61
18
-1
-1
-1
-1
42
-1
-1
-1
-1
-1
-1
-1
-1
-1
-1
32
29
-1
-1
-1
58
31
-1
-1
-1
-1
29
-1
-1
-1
-1
-1
-1
-1
-1
2
-1
28
53
-1
-1
-1
50
32
-1
-1
-1
30
15
-1
-1
-1
-1
-1
-1
-1
-1
2
-1
31
-1
-1
-1
-1
42
45
-1
-1
-1
37
-1
-1
-1
-1
-1
-1
-1
-1
-1
-1
-1
-1
-1
-1
91
-1
27
-1
-1
-1
-1
27
-1
-1
-1
-1
-1
-1
-1
-1
-1
-1
-1
-1
-1
-1
47
-1
22
-1
-1
-1
-1
16
-1
-1
-1
-1
-1
-1
-1
-1
-1
-1
-1
-1
-1
-1
51
-1
89
-1
-1
-1
-1
-1
-1
-1
-1
-1
-1
-1
-1
-1
1
-1
-1
-1
-1
-1
-1
-1
-1
-1
-1
-1
10
-1
-1
-1
-1
-1
-1
-1
-1
-1
-1
-1
-1
-1
-1
-1
-1
-1
-1
-1
-1
-1
23
-1
-1
-1
-1
-1
-1
-1
-1
-1
-1
-1
-1
-1
-1
-1
-1
-1
-1
-1
-1
-1
23
-1
-1
-1
-1
-1
-1
-1
-1
-1
-1
-1
-1
-1
-1
-1
-1
-1
-1
-1
-1
-1
79
-1
-1
-1
-1
-1
-1
-1
-1
-1
-1
-1
-1
-1
-1
-1
-1
-1
-1
-1
-1
-1
-1
-1
-1
17
-1
-1
-1
-1
-1
18
-1
-1
-1
-1
-1
-1
-1
-1
-1
-1
-1
-1
-1
-1
-1
30
-1
-1
-1
-1
-1
60
-1
-1
-1
-1
-1
-1
-1
-1
-1
-1
-1
-1
-1
-1
56
-1
-1
-1
-1
-1
-1
48
-1
-1
-1
-1
-1
-1
-1
-1
-1
-1
-1
-1
-1
-1
76
-1
-1
-1
-1
-1
-1
49
-1
-1
-1
-1
-1
-1
-1
-1
-1
-1
-1
-1
-1
-1
295
-1
-1
-1
-1
-1
5
-1
-1
-1
-1
-1
-1
-1
-1
-1
-1
-1
-1
-1
-1
-1
-1
-1
-1
-1
-1
-1
29
-1
-1
-1
-1
-1
-1
-1
-1
-1
-1
-1
-1
-1
-1
-1
-1
-1
-1
-1
-1
-1
15
-1
-1
-1
-1
-1
-1
-1
-1
-1
-1
-1
-1
-1
-1
-1
-1
-1
-1
-1
-1
-1
-1
-1
-1
-1
-1
-1
-1
-1
-1
-1
-1
-1
-1
-1
-1
-1
-1
-1
-1
-1
-1
10
-1
-1
-1
-1
-1
-1
-1
-1
-1
-1
-1
-1
-1
-1
-1
-1
-1
-1
-1
-1
-1
-1
-1
-1
-1
-1
-1
-1
-1
-1
-1
-1
-1
-1
-1
-1
-1
-1
-1
-1
-1
-1
5
-1
-1
-1
-1
-1
-1
-1
-1
-1
-1
-1
-1
67
-1
-1
-1
227
121
51
-1
-1
12
-1
-1
-1
-1
-1
-1
-1
-1
-1
-1
-1
-1
5
-1
-1
-1
66
31
15
-1
-1
30
2
-1
-1
-1
-1
-1
-1
-1
-1
-1
-1
5
2
-1
-1
30
32
30
19
-1
-1
30
-1
-1
-1
-1
-1
-1
-1
-1
-1
-1
-1
57
-1
-1
-1
28
30
30
57
-1
-1
31
-1
-1
-1
-1
-1
-1
-1
-1
-1
-1
-1
59
-1
-1
-1
33
29
30
-1
-1
-1
62
-1
-1
-1
-1
-1
-1
-1
-1
-1
-1
54
29
-1
-1
13
19
29
36
-1
90
-1
30
-1
-1
-1
-1
-1
-1
-1
-1
-1
-1
110
-1
-1
-1
12
19
29
32
8
31
34
32
-1
-1
-1
-1
-1
-1
-1
-1
-1
-1
-1
-1
-1
-1
14
19
32
32
6
34
32
29
-1
-1
-1
-1
-1
-1
-1
-1
-1
-1
-1
-1
-1
-1
9
21
29
30
-1
32
30
-1
-1
-1
-1
-1
-1
-1
-1
-1
-1
109
-1
-1
-1
5
9
18
28
24
-1
32
31
-1
-1
-1
-1
-1
-1
-1
44
-1
-1
34
-1
-1
-1
9
9
19
28
33
-1
32
-1
-1
-1
-1
-1
-1
-1
-1
29
-1
-1
29
-1
-1
-1
19
