-1
-1
45
13
52
-1
-1
-1
187
-1
-1
-1
-1
-1
-1
-1
121
-1
-1
124
-1
-1
-1
-1
75
12
52
-1
-1
-1
190
-1
-1
-1
-1
-1
-1
-1
216
-1
-1
-1
-1
-1
-1
-1
78
15
187
-1
-1
-1
-1
-1
-1
-1
-1
-1
-1
-1
282
-1
-1
-1
-1
-1
-1
68
6
18
185
-1
-1
-1
-1
-1
-1
-1
-1
-1
-1
-1
152
131
-1
-1
-1
-1
-1
67
5
17
185
-1
-1
-1
-1
-1
-1
-1
-1
-1
-1
-1
153
128
-1
-1
-1
-1
-1
72
6
20
181
-1
-1
-1
-1
-1
-1
-1
-1
-1
-1
-1
152
132
-1
-1
-1
-1
-1
98
5
18
180
-1
-1
-1
-1
-1
-1
-1
-1
-1
-1
-1
261
-1
-1
-1
-1
-1
-1
41
5
17
186
-1
-1
-1
-1
-1
-1
-1
-1
-1
-1
121
61
-1
-1
-1
127
-1
22
18
6
43
-1
-1
-1
192
-1
-1
-1
-1
-1
-1
-1
90
67
-1
-1
-1
127
-1
26
15
5
43
-1
-1
-1
184
-1
-1
-1
-1
-1
-1
-1
86
33
66
-1
-1
92
-1
22
16
5
17
-1
51
-1
161
-1
-1
-1
-1
-1
-1
-1
88
30
65
-1
-1
92
-1
81
13
6
21
-1
182
-1
-1
-1
-1
-1
-1
-1
-1
-1
121
30
97
-1
-1
-1
-1
23
10
5
-1
41
160
-1
-1
-1
-1
-1
-1
-1
-1
-1
115
99
-1
-1
-1
-1
93
23
9
6
-1
207
-1
-1
-1
-1
-1
-1
-1
-1
-1
-1
109
99
-1
-1
-1
-1
98
26
9
5
-1
203
-1
-1
-1
-1
-1
-1
-1
-1
-1
-1
180
-1
-1
-1
-1
-1
124
19
8
5
-1
39
154
-1
-1
-1
-1
-1
-1
-1
-1
83
85
-1
-1
-1
-1
-1
127
17
8
6
17
146
-1
-1
-1
-1
-1
-1
-1
-1
-1
114
81
-1
-1
-1
-1
-1
128
19
9
-1
25
155
-1
-1
-1
-1
-1
-1
-1
-1
-1
162
-1
-1
-1
-1
-1
127
26
18
7
-1
22
157
-1
-1
-1
-1
-1
-1
-1
-1
-1
168
-1
-1
-1
-1
-1
128
18
18
8
-1
23
147
-1
-1
-1
-1
-1
-1
-1
-1
-1
160
-1
-1
-1
-1
-1
133
25
17
9
5
19
227
-1
-1
-1
-1
-1
-1
-1
-1
-1
-1
-1
-1
-1
-1
-1
195
26
20
7
6
17
149
-1
-1
-1
-1
-1
-1
-1
-1
156
-1
-1
-1
-1
-1
-1
127
27
18
-1
13
17
153
-1
-1
-1
-1
-1
-1
-1
-1
157
-1
-1
-1
-1
-1
-1
125
28
18
-1
14
16
83
-1
-1
-1
-1
-1
141
-1
-1
51
-1
-1
-1
-1
-1
125
33
28
20
-1
13
100
-1
-1
-1
-1
-1
-1
165
-1
-1
-1
-1
-1
-1
-1
-1
126
59
-1
19
8
5
97
-1
-1
-1
-1
-1
-1
116
-1
63
-1
-1
-1
-1
-1
-1
-1
179
-1
-1
27
69
-1
-1
-1
-1
-1
-1
132
25
18
45
-1
-1
-1
-1
-1
-1
-1
172
-1
-1
27
74
-1
-1
-1
-1
-1
-1
133
29
20
48
-1
-1
-1
-1
-1
-1
-1
181
-1
-1
29
72
-1
-1
-1
-1
-1
-1
131
26
17
42
-1
-1
-1
-1
-1
-1
198
-1
-1
-1
28
75
-1
-1
-1
-1
-1
-1
-1
150
41
-1
-1
-1
-1
-1
-1
-1
211
-1
-1
-1
147
77
-1
-1
-1
-1
-1
-1
124
25
124
-1
-1
-1
-1
-1
-1
-1
-1
-1
-1
47
9
71
-1
-1
-1
-1
-1
-1
123
26
45
-1
-1
-1
-1
-1
-1
172
-1
-1
-1
49
58
-1
-1
-1
-1
-1
-1
-1
157
29
32
-1
-1
-1
-1
70
-1
123
-1
-1
-1
19
54
-1
-1
-1
-1
-1
-1
-1
167
25
33
-1
-1
-1
-1
68
-1
93
-1
-1
62
19
61
-1
-1
-1
-1
-1
-1
-1
160
61
-1
-1
-1
-1
41
92
-1
-1
-1
-1
93
23
68
-1
-1
-1
-1
-1
-1
126
30
57
-1
-1
-1
-1
48
30
34
71
-1
-1
60
89
-1
-1
-1
-1
-1
-1
-1
-1
-1
216
-1
-1
-1
-1
50
30
32
63
-1
-1
58
38
-1
-1
-1
-1
-1
149
-1
-1
-1
124
-1
-1
-1
-1
49
36
30
64
-1
-1
61
38
-1
-1
-1
-1
81
63
-1
-1
110
-1
-1
-1
-1
38
25
31
60
-1
-1
-1
97
35
-1
-1
-1
60
-1
94
-1
-1
116
-1
-1
-1
-1
43
25
31
60
-1
-1
-1
92
37
-1
-1
-1
71
-1
67
-1
124
-1
-1
-1
-1
-1
75
26
91
-1
-1
-1
-1
94
-1
-1
-1
-1
100
-1
-1
-1
156
-1
-1
-1
-1
-1
79
60
-1
-1
-1
101
-1
94
-1
-1
-1
-1
94
-1
-1
-1
150
-1
-1
-1
-1
99
-1
-1
-1
-1
-1
136
-1
101
-1
-1
-1
-1
189
-1
-1
-1
-1
-1
-1
-1
-1
155
-1
-1
-1
-1
94
33
-1
92
-1
-1
-1
40
157
-1
-1
-1
-1
-1
-1
-1
-1
154
-1
-1
-1
-1
123
-1
-1
88
-1
-1
-1
190
-1
-1
-1
-1
-1
-1
-1
-1
-1
182
-1
-1
-1
-1
181
-1
-1
-1
-1
-1
-1
252
-1
-1
-1
-1
-1
-1
-1
-1
-1
303
-1
-1
-1
-1
-1
-1
-1
-1
-1
-1
-1
289
-1
-1
-1
-1
-1
-1
-1
-1
262
-1
-1
-1
-1
-1
-1
-1
-1
-1
-1
-1
-1
272
-1
-1
-1
-1
-1
-1
-1
-1
278
-1
-1
-1
-1
-1
-1
-1
-1
-1
-1
-1
-1
-1
-1
-1
-1
-1
-1
-1
-1
-1
518
-1
-1
-1
-1
-1
-1
-1
-1
-1
-1
-1
-1
-1
-1
254
-1
-1
-1
-1
-1
-1
264
-1
-1
-1
-1
-1
-1
-1
-1
-1
-1
-1
-1
-1
-1
259
-1
-1
-1
-1
-1
-1
253
-1
-1
-1
-1
-1
-1
-1
-1
-1
-1
-1
-1
-1
-1
223
-1
-1
-1
-1
-1
286
-1
-1
-1
-1
-1
-1
-1
-1
-1
-1
-1
-1
-1
-1
-1
229
-1
-1
-1
-1
-1
281
-1
-1
-1
-1
-1
-1
-1
-1
-1
-1
-1
-1
-1
-1
-1
-1
-1
-1
-1
-1
-1
509
-1
-1
-1
-1
-1
-1
-1
-1
-1
-1
-1
-1
-1
-1
-1
-1
-1
-1
-1
-1
249
251
-1
-1
-1
-1
-1
-1
-1
-1
-1
-1
-1
-1
-1
-1
-1
-1
-1
-1
-1
-1
495
-1
-1
-1
-1
-1
-1
-1
-1
-1
-1
-1
-1
-1
-1
-1
-1
-1
-1
-1
-1
-1
495
-1
-1
-1
-1
-1
-1
-1
-1
-1
-1
-1
-1
-1
-1
-1
-1
-1
-1
-1
-1
-1
501
-1
-1
-1
-1
-1
-1
-1
-1
-1
-1
-1
217
-1
-1
-1
-1
-1
-1
-1
-1
185
127
-1
-1
-1
-1
-1
-1
-1
-1
-1
-1
-1
192
-1
-1
-1
54
65
-1
-1
-1
192
-1
-1
-1
-1
-1
-1
-1
-1
-1
-1
-1
-1
22
-1
-1
-1
56
30
68
-1
-1
135
-1
-1
-1
-1
-1
-1
-1
-1
-1
-1
-1
193
-1
-1
-1
28
28
30
74
-1
-1
132
-1
-1
-1
-1
-1
-1
-1
-1
-1
-1
-1
219
-1
-1
-1
26
31
46
70
-1
-1
134
-1
-1
-1
-1
-1
-1
-1
-1
-1
-1
-1
215
-1
-1
-1
26
28
62
-1
-1
-1
169
-1
-1
-1
-1
-1
-1
-1
-1
-1
-1
193
44
-1
-1
14
21
33
63
-1
-1
65
98
-1
-1
-1
-1
-1
-1
-1
-1
-1
-1
182
46
-1
-1
13
19
31
35
-1
68
31
99
-1
-1
-1
-1
-1
-1
-1
-1
-1
-1
214
-1
-1
-1
14
19
29
31
-1
67
119
-1
-1
-1
-1
-1
-1
-1
-1
-1
-1
-1
237
-1
-1
206
9
21
29
30
-1
70
170
-1
-1
-1
-1
-1
-1
-1
-1
-1
-1
-1
-1
-1
-1
23
8
24
32
66
-1
-1
153
-1
-1
-1
-1
-1
-1
-1
-1
-1
-1
234
-1
-1
-1
22
8
27
30
30
-1
69
116
-1
-1
-1
-1
-1
-1
-1
-1
-1
-1
238
-1
-1
-1
72
11
25
28
30
-1
152
-1
-1
-1
-1
-1
-1
-1
228
-1
-1
-1
-1
-1
-1
