0
0
0
0
0
0
0
0
0
1852
1856
1856
0
0
0
3760
0
0
0
0
562
0
0
0
0
0
0
0
0
0
1755
0
4
0
0
0
0
3801
0
0
3049
0
0
588
0
0
0
0
0
0
0
0
1676
2
0
0
0
0
0
3675
0
0
535
535
0
666
0
0
0
0
0
0
0
0
1693
0
0
0
0
0
2222
3943
0
0
1097
1097
565
0
0
0
0
0
0
0
0
0
0
0
0
0
0
0
2305
0
0
0
1263
964
478
0
0
0
0
0
0
0
0
1497
0
0
0
0
0
0
3268
0
0
0
1667
1178
574
0
0
0
0
0
0
0
0
1280
0
0
0
0
0
2167
3727
0
0
0
1677
1131
589
0
0
0
0
0
0
0
0
1227
0
0
0
0
0
2023
3654
0
0
0
1649
1130
583
0
0
0
0
0
0
0
0
1253
0
0
0
0
1086
2566
3814
0
0
0
1609
1118
567
0
0
0
0
0
0
0
0
0
0
0
0
0
2144
0
2770
0
0
2102
1698
1203
650
0
11
0
0
0
0
0
0
0
0
0
0
0
0
2948
0
0
0
406
0
466
1017
11
33
0
0
0
0
0
0
0
0
0
0
0
0
3019
0
0
0
419
0
600
1228
33
54
0
0
0
0
0
0
0
0
0
0
0
0
3046
0
0
0
0
458
0
548
61
58
0
0
0
0
0
0
0
0
0
0
0
1615
3312
0
0
0
0
431
696
137
73
14
0
0
0
0
0
0
0
0
0
0
0
2134
0
0
0
0
269
0
145
35
35
0
0
0
0
0
0
0
0
0
0
0
0
1970
0
0
0
0
282
502
31
31
31
0
0
0
0
0
0
0
0
0
0
0
0
2228
0
0
0
0
324
322
16
16
14
0
0
0
0
0
0
0
0
0
0
0
0
2628
0
0
0
0
0
0
11
11
0
0
0
0
0
0
0
0
0
0
0
0
0
0
0
0
0
0
0
1
1
1
0
0
0
0
0
0
0
0
0
0
0
0
0
0
0
0
0
0
0
0
0
0
0
0
0
0
0
0
0
0
0
0
0
0
0
0
0
0
0
0
0
0
0
0
0
0
0
0
0
0
0
0
0
0
0
0
0
0
0
0
0
0
0
0
0
0
0
0
0
0
57
57
0
0
0
0
0
0
429
0
0
0
0
0
0
0
0
0
0
0
0
0
111
111
0
0
0
0
0
0
536
0
0
0
0
0
0
0
0
0
0
0
0
0
152
152
0
0
0
0
0
0
0
0
0
0
0
0
0
0
0
0
0
0
0
157
0
0
0
0
0
0
0
0
0
0
0
0
0
0
1
0
0
0
0
0
0
121
0
0
0
0
0
0
0
0
0
0
1463
0
0
0
0
0
0
0
0
0
0
0
108
0
0
0
0
0
0
0
3
0
0
0
0
0
0
0
0
0
0
1
0
0
0
0
0
0
0
0
0
0
19
179
0
349
0
332
0
0
0
0
0
7
0
0
0
0
0
0
0
0
0
6
0
496
0
346
0
0
0
0
0
0
6
591
0
0
0
0
0
0
0
0
0
86
0
0
480
810
0
0
0
0
0
0
2
1276
2779
0
0
0
0
0
0
0
13
165
545
0
532
914
0
0
0
0
0
0
3
1542
0
0
0
0
0
0
0
0
74
0
0
512
1102
0
0
0
0
0
0
0
3
1424
0
0
0
0
0
0
0
0
72
553
0
573
1072
0
0
0
0
0
0
0
1
1403
0
0
0
0
0
0
0
0
909
633
0
505
1009
0
0
0
0
0
0
0
2
2000
0
0
0
0
0
0
0
2052
916
0
581
1090
0
0
0
0
0
0
0
594
598
0
0
0
0
0
0
0
0
0
1100
571
0
551
0
0
0
0
0
0
0
733
738
0
0
0
0
0
0
0
0
0
0
629
0
548
0
0
0
0
0
0
0
0
3
536
536
0
0
0
0
0
0
0
0
600
0
522
0
75
0
0
0
0
0
0
0
0
0
0
0
0
0
0
0
0
0
636
0
612
0
0
0
0
0
0
0
0
0
0
0
0
0
0
0
0
0
0
188
0
670
1189
0
0
0
0
0
0
0
0
0
0
0
0
0
0
0
0
0
0
209
0
616
1153
0
0
0
0
0
0
0
0
0
0
0
0
0
0
0
0
0
181
181
0
571
1082
0
0
0
0
0
0
0
0
0
0
0
0
0
0
0
0
0
0
0
192
0
94
0
0
0
0
0
0
0
0
0
0
0
0
0
0
0
0
0
0
0
179
0
0
0
0
0
0
0
0
0
0
0
0
0
0
0
0
0
0
0
0
0
302
0
0
0
0
0
0
3
0
0
0
0
0
0
0
0
0
0
0
0
0
0
61
0
0
0
0
0
0
0
0
0
0
0
0
0
0
0
0
0
0
0
0
0
0
0
0
0
0
0
0
0
0
0
0
0
0
0
0
0
0
0
0
0
0
0
0
0
0
0
0
0
0
0
0
0
0
0
0
0
0
0
0
0
0
0
0
0
0
0
0
0
0
0
0
0
0
0
0
0
0
0
0
0
0
0
0
0
0
0
0
0
0
0
0
0
0
0
0
0
0
0
4067
4067
4067
4067
28
28
28
28
28
3
0
0
0
0
0
0
0
0
0
4067
4067
4067
0
0
0
0
197
197
197
197
197
93
0
0
0
0
0
0
0
0
0
0
0
0
0
0
0
0
126
126
126
126
126
43
0
0
0
0
0
0
0
0
581
0
0
0
0
0
0
53
53
53
53
53
53
0
0
0
0
0
0
0
0
0
1967
0
0
0
0
0
0
30
30
30
30
30
5
0
0
0
0
0
0
0
0
0
1951
0
0
0
4084
4084
4084
11
11
11
11
11
0
0
0
0
0
0
0
0
0
0
1985
4084
4084
4084
4095
4095
0
15
15
15
15
15
0
0
0
0
0
0
0
0
0
869
2476
4095
4095
4095
4090
4090
0
0
0
0
0
0
0
0
0
0
0
0
0
0
0
972
2408
4090
4090
4090
4088
4088
0
0
0
0
0
0
0
0
0
0
0
0
0
0
0
959
2457
4045
4088
4088
452
452
0
0
0
0
0
0
0
0
0
0
0
0
4095
4095
4095
2973
1561
0
452
452
0
0
0
0
0
0
0
0
0
0
0
0
0
0
1790
1790
0
1055
2713
33
0
0
11
0
0
0
0
0
0
0
0
0
0
0
0
0
0
0
565
1891
0
0
0
0
36
0
0
0
0
0
0
0
0
0
0
0
0
0
0
0
800
1377
0
0
0
0
170
0
0
0
0
0
0
0
0
0
0
0
0
0
0
0
2418
0
0
0
16
0
649
0
0
0
0
0
0
0
0
0
5
5
0
0
0
0
2305
0
0
0
76
0
1011
0
0
0
0
0
0
0
0
2
10
82
0
0
0
1208
0
0
0
91
76
0
0
0
0
0
0
0
0
0
0
1
10
176
0
0
0
1456
0
0
0
0
154
0
0
0
0
0
0
0
0
0
0
2
290
290
0
0
0
1758
0
0
0
0
223
0
666
0
0
0
0
0
0
0
0
5
586
586
0
0
0
0
0
0
0
0
200
0
0
0
0
0
0
0
0
0
0
7
44
0
0
0
0
0
0
0
0
114
0
1331
0
0
0
0
0
0
0
0
677
681
681
0
0
0
3000
0
0
0
0
0
191
0
