2141
3787
0
0
0
0
643
0
0
0
0
0
0
0
0
0
1738
0
2
0
0
0
3048
0
0
0
0
0
598
0
0
0
0
0
0
0
0
0
1744
0
0
0
0
0
3572
0
0
0
1584
1149
587
0
0
0
0
0
0
0
0
0
0
0
0
0
0
0
3728
0
0
0
1548
1074
492
0
0
0
0
0
0
0
0
0
0
0
0
0
0
1321
3905
0
0
0
1409
876
250
0
0
0
0
0
0
0
0
1175
0
0
0
0
0
2400
3903
0
0
0
1350
874
187
0
0
0
0
0
0
0
0
1162
0
0
0
0
0
2270
3929
0
0
1787
1323
823
158
0
0
0
0
0
0
0
0
0
0
0
0
0
1796
3482
0
0
0
1784
1401
860
229
0
0
0
0
0
0
0
0
0
0
0
0
0
1998
0
0
0
0
387
0
512
1153
0
0
0
0
0
0
0
0
0
0
0
0
0
1951
0
0
0
0
427
0
555
1246
0
0
0
0
0
0
0
0
0
0
0
0
0
2055
0
0
0
0
1569
1060
542
60
60
0
42
42
42
42
42
42
0
0
0
0
0
2028
3749
0
0
0
248
1243
655
139
139
50
0
0
0
0
0
0
0
0
0
0
0
2082
0
0
0
0
264
804
252
63
63
0
0
0
0
0
0
0
0
0
0
0
0
2158
0
0
0
0
287
565
38
38
38
0
0
0
0
0
0
0
0
0
0
0
0
2090
0
0
0
0
383
141
42
42
9
0
0
0
0
0
0
0
0
0
0
0
0
1981
0
0
0
0
0
65
65
65
0
0
0
0
0
0
0
0
0
0
0
0
0
2081
0
0
0
0
0
11
11
11
0
0
0
0
0
0
0
0
0
0
0
0
0
0
0
0
0
0
0
0
0
0
0
0
0
0
0
0
0
0
0
0
0
0
0
0
0
0
0
0
0
0
0
0
0
0
0
0
0
0
0
0
0
0
0
0
181
0
0
0
0
0
0
0
0
0
0
0
0
0
0
0
0
0
0
0
0
0
521
0
0
0
0
0
0
0
0
0
0
0
0
0
231
231
0
0
0
0
0
0
563
0
0
0
0
0
0
0
0
0
0
0
0
0
237
237
0
0
0
0
0
0
0
0
0
0
0
0
0
0
0
0
0
0
0
0
269
269
0
0
0
0
0
0
0
0
0
0
0
0
0
0
0
0
0
0
0
303
0
0
0
0
0
0
0
0
0
0
0
0
0
0
0
0
0
0
0
0
0
0
205
0
0
0
0
0
0
0
0
0
0
0
0
0
0
0
0
0
0
1
0
0
278
0
0
0
0
0
0
0
1
0
453
429
0
108
0
0
0
0
0
0
1681
0
276
0
0
0
0
0
0
0
0
507
0
341
0
0
0
0
0
0
2
3
0
0
174
0
0
0
0
0
0
9
574
574
0
305
0
0
0
0
0
0
4
1158
0
0
0
0
0
0
0
0
0
119
714
513
0
0
0
0
0
0
0
0
2
1361
0
0
0
0
0
0
0
0
25
188
532
0
493
0
76
0
0
0
0
0
1
1413
0
0
0
0
0
0
0
0
84
654
535
0
497
0
0
0
0
0
0
0
1
1428
0
0
0
0
0
0
0
0
72
1136
531
0
484
0
0
0
0
0
0
0
5
1431
0
0
0
0
0
0
0
0
1119
596
0
544
0
0
0
0
0
0
0
707
711
0
0
0
0
0
0
0
0
0
895
0
578
1076
0
0
0
0
0
0
0
541
544
0
0
0
0
0
0
0
0
2042
956
0
576
1092
0
0
0
0
0
0
0
0
1
0
0
0
0
0
0
0
0
0
1124
601
0
457
0
0
0
0
0
0
0
0
0
0
0
0
0
0
0
0
0
0
0
525
0
467
0
0
0
0
0
0
0
0
0
0
0
0
0
0
0
0
0
0
149
0
505
995
0
0
0
0
0
0
0
0
0
0
0
0
0
0
0
0
0
0
221
0
533
996
0
0
0
0
0
0
0
0
0
0
0
0
0
0
0
0
0
0
485
0
587
1071
491
0
0
0
0
0
0
0
0
0
0
0
0
0
0
0
0
521
521
0
550
983
82
0
0
0
0
0
0
0
0
0
0
0
0
0
0
0
0
0
0
524
1063
1063
0
0
0
0
0
0
0
0
0
0
0
0
0
0
0
0
0
0
0
568
0
0
0
0
0
0
0
0
0
0
0
0
0
0
0
0
0
0
0
0
0
106
0
0
0
0
0
0
0
0
0
0
0
0
0
0
0
0
0
0
0
0
0
0
0
0
0
0
0
0
0
0
0
0
0
0
0
0
0
0
0
0
0
0
0
0
0
0
0
0
0
0
0
0
0
0
0
0
0
0
0
41
41
41
41
41
41
0
0
0
0
0
0
0
0
0
0
0
0
0
0
0
0
0
0
0
0
0
0
0
0
0
0
0
0
0
0
0
0
0
0
0
0
0
0
0
0
0
0
0
0
0
0
0
0
0
0
4095
4095
4095
0
0
0
0
0
0
0
8
8
8
8
8
1
0
0
0
0
0
0
0
0
0
0
0
0
0
0
0
0
36
36
36
36
36
17
0
0
0
0
0
0
0
0
1727
0
0
0
0
0
0
49
49
49
49
49
27
4
0
0
0
0
0
0
0
0
2170
0
0
0
0
0
0
59
59
59
59
59
28
0
0
0
0
0
0
0
0
0
1993
4082
4082
4082
4082
4082
4082
13
13
13
13
13
0
0
0
0
0
0
0
0
0
744
2475
4083
4083
4083
4083
4083
4083
12
12
12
12
12
0
0
0
0
0
0
0
0
0
1172
2805
4095
4095
4095
4095
4095
0
7
7
7
7
7
0
0
0
0
0
0
0
0
0
1192
2787
4079
4079
4079
4079
4079
0
0
0
0
0
0
0
0
0
0
0
0
0
0
0
1177
2769
4095
4095
4095
4095
4095
0
0
0
0
0
0
0
0
0
0
0
0
4095
4095
3458
1789
0
4095
4095
4095
4095
0
0
0
0
0
0
0
0
0
0
0
0
0
4095
4095
0
1327
3029
0
0
0
0
0
0
0
0
0
0
0
0
0
0
0
0
0
0
0
1201
2140
0
0
0
0
19
0
0
0
0
0
0
0
0
0
0
0
0
0
0
0
2677
0
0
0
0
0
0
0
0
0
0
0
0
0
0
0
0
0
0
0
0
0
2401
0
0
0
0
30
0
0
0
0
0
0
0
0
0
0
1
1
1
0
1197
0
2718
0
0
7
0
75
0
0
0
0
0
0
0
0
0
0
5
5
0
1197
0
1438
0
0
0
11
0
79
903
0
0
0
0
0
0
0
0
4
9
106
0
0
0
1754
0
0
0
0
206
0
0
0
0
0
0
0
0
0
0
4
8
98
0
0
0
0
0
0
2856
0
206
0
1136
0
0
0
0
0
0
0
0
3
501
501
0
0
0
0
0
0
0
0
178
0
232
0
0
0
0
0
0
0
0
3
536
536
0
0
2032
0
0
0
0
0
0
1309
0
0
0
0
0
0
0
0
0
2
2
2
2
2
2325
0
0
0
0
0
274
0
0
0
0
0
0
0
0
0
1325
1330
1330
0
0
0
2340
0
0
0
0
0
574
0
0
0
0
0
0
0
0
1687
0
4
0
0
0
0
2429
0
0
2663
0
121
722
0
0
0
0
0
0
0
0
1668
0
5
0
0
0
0
