45
10
57
-1
-1
-1
185
-1
-1
-1
-1
-1
-1
-1
123
-1
-1
129
-1
-1
-1
-1
72
12
52
-1
-1
-1
182
-1
-1
-1
-1
-1
-1
-1
227
-1
-1
-1
-1
-1
-1
-1
72
15
180
-1
-1
-1
-1
-1
-1
-1
-1
-1
-1
-1
277
-1
-1
-1
-1
-1
-1
-1
5
14
185
-1
-1
-1
-1
-1
-1
-1
-1
-1
-1
-1
147
96
-1
-1
-1
-1
-1
102
6
17
187
-1
-1
-1
-1
-1
-1
-1
-1
-1
-1
-1
153
100
-1
-1
-1
-1
-1
102
5
18
183
-1
-1
-1
-1
-1
-1
-1
-1
-1
-1
-1
151
99
-1
-1
-1
-1
-1
102
5
18
186
-1
-1
-1
-1
-1
-1
-1
-1
-1
-1
-1
155
96
-1
-1
-1
-1
-1
100
6
20
184
-1
-1
-1
-1
-1
-1
-1
-1
-1
-1
-1
248
-1
-1
-1
-1
-1
-1
103
5
41
-1
-1
-1
188
-1
-1
-1
-1
-1
-1
-1
91
60
-1
-1
-1
103
-1
49
18
5
40
-1
-1
-1
195
-1
-1
-1
-1
-1
-1
-1
88
30
66
-1
-1
64
-1
53
18
6
44
-1
-1
-1
193
-1
-1
-1
-1
-1
-1
-1
91
-1
100
-1
-1
62
-1
55
16
5
18
-1
53
-1
157
-1
-1
-1
-1
-1
-1
-1
84
34
68
-1
-1
64
-1
52
13
6
17
-1
178
-1
-1
-1
-1
-1
-1
-1
-1
-1
118
30
97
-1
-1
-1
-1
84
14
5
-1
43
162
-1
-1
-1
-1
-1
-1
-1
-1
-1
120
95
-1
-1
-1
-1
90
23
12
5
-1
198
-1
-1
-1
-1
-1
-1
-1
-1
-1
-1
172
-1
-1
-1
-1
-1
127
24
9
6
-1
43
162
-1
-1
-1
-1
-1
-1
-1
-1
-1
166
-1
-1
-1
-1
-1
138
20
8
5
21
24
159
-1
-1
-1
-1
-1
-1
-1
-1
85
91
-1
-1
-1
-1
-1
127
23
8
-1
18
144
-1
-1
-1
-1
-1
-1
-1
-1
-1
166
-1
-1
-1
-1
-1
132
27
19
13
-1
17
145
-1
-1
-1
-1
-1
-1
-1
-1
-1
162
-1
-1
-1
-1
-1
131
28
17
14
-1
20
149
-1
-1
-1
-1
-1
-1
-1
-1
-1
165
-1
-1
-1
-1
-1
128
25
20
14
-1
17
158
-1
-1
-1
-1
-1
-1
-1
-1
-1
167
-1
-1
-1
-1
-1
127
23
18
13
5
17
148
-1
-1
-1
-1
-1
-1
-1
-1
163
-1
-1
-1
-1
-1
-1
127
29
18
8
5
20
147
-1
-1
-1
-1
-1
-1
-1
-1
155
-1
-1
-1
-1
-1
-1
130
26
26
-1
6
16
82
-1
-1
-1
-1
-1
140
-1
-1
52
-1
-1
-1
-1
-1
125
30
28
27
-1
5
99
-1
-1
-1
-1
-1
-1
173
-1
-1
-1
-1
-1
-1
-1
-1
146
30
28
26
-1
5
98
-1
-1
-1
-1
-1
-1
166
-1
-1
-1
-1
-1
-1
-1
-1
143
32
-1
54
-1
6
98
-1
-1
-1
-1
-1
-1
118
18
47
-1
-1
-1
-1
-1
-1
-1
184
-1
-1
27
69
-1
-1
-1
-1
-1
-1
129
25
17
46
-1
-1
-1
-1
-1
-1
-1
176
-1
-1
27
69
-1
-1
-1
-1
-1
-1
130
25
18
46
-1
-1
-1
-1
-1
-1
117
58
-1
-1
27
73
-1
-1
-1
-1
-1
-1
135
28
-1
67
-1
-1
-1
-1
-1
-1
150
-1
-1
-1
55
69
-1
-1
-1
-1
-1
-1
-1
161
88
-1
-1
-1
-1
-1
-1
-1
-1
-1
-1
-1
187
73
-1
-1
-1
-1
-1
-1
125
25
41
-1
-1
-1
-1
-1
-1
154
-1
-1
-1
82
9
-1
-1
-1
-1
-1
-1
-1
124
25
45
-1
-1
-1
-1
-1
-1
145
-1
-1
-1
77
87
-1
-1
-1
-1
-1
-1
-1
123
25
34
-1
-1
-1
-1
62
-1
93
-1
-1
-1
77
88
-1
-1
-1
-1
-1
-1
-1
123
30
33
-1
-1
-1
-1
134
-1
-1
-1
-1
91
21
89
-1
-1
-1
-1
-1
-1
130
33
56
-1
-1
-1
-1
37
31
30
63
-1
-1
61
19
54
-1
-1
-1
-1
-1
-1
131
-1
94
-1
-1
-1
-1
49
30
30
63
-1
-1
58
19
66
-1
-1
-1
-1
-1
-1
-1
-1
183
-1
-1
-1
-1
47
30
32
71
-1
-1
61
123
-1
-1
-1
-1
89
64
-1
-1
-1
120
-1
-1
-1
-1
49
30
34
67
-1
-1
60
34
-1
-1
-1
-1
86
64
-1
-1
111
-1
-1
-1
-1
38
27
33
60
-1
-1
-1
93
39
-1
-1
-1
52
-1
92
-1
-1
110
-1
-1
-1
-1
40
25
33
60
-1
-1
-1
98
43
-1
-1
-1
81
-1
-1
-1
153
-1
-1
-1
-1
-1
75
25
91
-1
-1
-1
-1
92
47
-1
-1
-1
104
-1
-1
-1
162
-1
-1
-1
-1
-1
132
-1
-1
-1
-1
94
-1
95
-1
-1
-1
-1
197
-1
-1
-1
-1
-1
-1
-1
-1
168
-1
-1
-1
-1
-1
125
-1
96
-1
-1
-1
-1
189
-1
-1
-1
-1
-1
-1
-1
-1
157
-1
-1
-1
-1
138
-1
-1
101
-1
-1
-1
189
-1
-1
-1
-1
-1
-1
-1
-1
-1
184
-1
-1
-1
-1
189
-1
-1
-1
-1
-1
-1
248
-1
-1
-1
-1
-1
-1
-1
-1
-1
304
-1
-1
-1
-1
-1
-1
-1
-1
-1
-1
-1
253
-1
-1
-1
-1
-1
-1
-1
-1
-1
306
-1
-1
-1
-1
-1
-1
-1
-1
-1
-1
-1
276
-1
-1
-1
-1
-1
-1
-1
-1
265
-1
-1
-1
-1
-1
-1
-1
-1
-1
-1
-1
-1
-1
-1
-1
-1
-1
-1
-1
-1
-1
555
-1
-1
-1
-1
-1
-1
-1
-1
-1
-1
-1
-1
-1
-1
-1
-1
-1
-1
-1
-1
-1
537
-1
-1
-1
-1
-1
-1
-1
-1
-1
-1
-1
-1
-1
-1
253
-1
-1
-1
-1
-1
-1
267
-1
-1
-1
-1
-1
-1
-1
-1
-1
-1
-1
-1
-1
-1
256
-1
-1
-1
-1
-1
-1
269
-1
-1
-1
-1
-1
-1
-1
-1
-1
-1
-1
-1
-1
-1
227
-1
-1
-1
-1
-1
283
-1
-1
-1
-1
-1
-1
-1
-1
-1
-1
-1
-1
-1
-1
-1
-1
-1
-1
-1
-1
-1
497
-1
-1
-1
-1
-1
-1
-1
-1
-1
-1
-1
-1
-1
-1
-1
-1
-1
-1
-1
-1
-1
498
-1
-1
-1
-1
-1
-1
-1
-1
-1
-1
-1
-1
-1
-1
-1
-1
-1
-1
-1
-1
268
245
-1
-1
-1
-1
-1
-1
-1
-1
-1
-1
-1
-1
-1
-1
-1
-1
-1
-1
-1
-1
511
-1
-1
-1
-1
-1
-1
-1
-1
-1
-1
-1
-1
-1
-1
-1
-1
-1
-1
-1
-1
-1
497
-1
-1
-1
-1
-1
-1
-1
-1
-1
-1
-1
-1
-1
-1
-1
-1
-1
-1
-1
-1
159
92
-1
-1
-1
-1
-1
-1
-1
-1
-1
-1
-1
241
-1
-1
-1
52
64
-1
-1
-1
192
-1
-1
-1
-1
-1
-1
-1
-1
-1
-1
-1
-1
194
-1
-1
-1
47
69
-1
-1
-1
165
-1
-1
-1
-1
-1
-1
-1
-1
-1
-1
-1
197
31
-1
-1
-1
46
31
71
-1
-1
129
-1
-1
-1
-1
-1
-1
-1
-1
-1
-1
-1
196
29
-1
-1
27
28
30
69
-1
-1
135
-1
-1
-1
-1
-1
-1
-1
-1
-1
-1
-1
215
-1
-1
-1
28
28
34
71
-1
-1
135
-1
-1
-1
-1
-1
-1
-1
-1
-1
-1
170
46
-1
-1
13
18
30
65
-1
-1
-1
171
-1
-1
-1
-1
-1
-1
-1
-1
-1
-1
179
38
-1
-1
13
18
26
30
-1
69
30
106
-1
-1
-1
-1
-1
-1
-1
-1
-1
-1
186
38
-1
-1
14
20
30
30
-1
68
30
100
-1
-1
-1
-1
-1
-1
-1
-1
-1
-1
231
-1
-1
-1
8
18
29
33
-1
68
112
-1
-1
-1
-1
-1
-1
-1
-1
-1
-1
-1
225
-1
-1
23
8
20
29
65
-1
-1
154
-1
-1
-1
-1
-1
-1
-1
-1
-1
-1
202
-1
-1
-1
43
8
26
29
30
-1
67
123
-1
-1
-1
-1
-1
-1
-1
-1
-1
-1
211
-1
-1
-1
48
8
25
31
30
-1
158
-1
-1
-1
-1
-1
-1
-1
116
-1
-1
-1
128
-1
-1
-1
48
