28
81
-1
33
-1
-1
-1
-1
-1
-1
-1
-1
215
-1
-1
24
-1
-1
-1
18
9
18
28
-1
-1
58
-1
-1
-1
-1
-1
-1
-1
5
-1
-1
-1
-1
-1
-1
-1
19
8
21
-1
-1
-1
110
-1
-1
-1
-1
-1
-1
-1
81
-1
-1
-1
-1
-1
-1
-1
23
8
19
-1
-1
-1
-1
-1
-1
-1
-1
-1
-1
-1
80
-1
-1
-1
-1
-1
-1
-1
42
9
53
-1
-1
-1
-1
-1
-1
-1
-1
-1
-1
-1
27
32
-1
-1
-1
-1
-1
-1
45
8
71
-1
-1
-1
-1
-1
-1
-1
-1
-1
-1
-1
27
25
-1
-1
-1
-1
-1
45
6
7
113
-1
-1
-1
-1
-1
-1
-1
-1
-1
-1
-1
27
26
-1
-1
-1
-1
-1
65
5
9
115
-1
-1
-1
-1
-1
-1
-1
-1
-1
-1
-1
28
-1
-1
-1
-1
-1
-1
38
6
8
77
-1
-1
-1
-1
-1
-1
-1
-1
-1
-1
-1
4
-1
-1
-1
-1
130
-1
18
5
7
77
-1
-1
130
-1
-1
-1
-1
-1
-1
-1
3
15
-1
-1
-1
25
-1
-1
43
5
9
71
-1
-1
73
-1
-1
-1
-1
-1
-1
-1
7
-1
-1
-1
-1
51
-1
21
17
6
9
-1
114
-1
44
-1
-1
-1
-1
-1
-1
-1
15
-1
-1
-1
-1
104
-1
21
18
5
8
-1
90
-1
108
-1
-1
-1
-1
-1
-1
-1
15
-1
-1
-1
-1
-1
-1
50
20
5
2
-1
87
-1
-1
-1
-1
-1
-1
-1
-1
-1
-1
-1
-1
-1
-1
-1
-1
52
17
6
7
-1
30
-1
-1
-1
-1
-1
-1
-1
-1
-1
-1
-1
-1
-1
-1
-1
54
21
18
5
-1
25
38
-1
-1
-1
-1
-1
-1
-1
-1
-1
23
-1
-1
-1
-1
-1
51
22
21
15
-1
24
14
-1
-1
-1
-1
-1
-1
-1
-1
-1
22
-1
-1
-1
-1
-1
52
24
17
15
-1
23
8
-1
-1
-1
-1
-1
-1
-1
-1
-1
9
-1
-1
-1
-1
-1
53
24
18
12
-1
26
-1
-1
-1
-1
-1
-1
-1
-1
-1
-1
-1
-1
-1
-1
-1
27
30
22
21
-1
14
23
-1
-1
-1
-1
-1
-1
-1
-1
-1
-1
-1
-1
-1
-1
-1
33
30
22
17
-1
14
24
-1
-1
-1
-1
-1
-1
-1
-1
-1
-1
-1
-1
-1
-1
-1
33
27
24
17
-1
19
23
-1
-1
-1
-1
-1
-1
-1
-1
-1
-1
-1
-1
-1
-1
-1
30
27
24
18
-1
20
22
-1
-1
-1
-1
-1
-1
-1
-1
-1
-1
-1
-1
-1
-1
-1
30
27
23
14
-1
17
20
-1
-1
-1
-1
-1
-1
-1
-1
31
-1
-1
-1
-1
-1
-1
30
31
18
23
-1
19
4
-1
-1
-1
-1
-1
24
-1
-1
-1
-1
-1
-1
-1
-1
-1
28
57
19
-1
1
20
13
-1
-1
-1
-1
-1
28
-1
-1
-1
-1
-1
-1
-1
-1
2
26
-1
28
-1
5
17
-1
-1
-1
-1
-1
-1
59
-1
-1
-1
-1
-1
-1
-1
-1
-1
31
-1
29
-1
4
36
-1
-1
-1
-1
-1
-1
73
23
-1
-1
-1
-1
-1
-1
-1
-1
37
-1
45
4
3
80
-1
-1
-1
-1
-1
-1
97
17
-1
-1
-1
-1
-1
-1
-1
-1
59
-1
-1
1
5
-1
-1
-1
-1
-1
-1
-1
103
10
-1
-1
-1
-1
-1
-1
-1
-1
171
-1
-1
22
35
-1
-1
-1
-1
-1
-1
-1
111
-1
-1
-1
-1
-1
-1
-1
-1
-1
-1
-1
-1
25
41
-1
-1
-1
-1
-1
-1
-1
107
-1
-1
-1
-1
-1
-1
-1
-1
-1
-1
-1
-1
47
40
-1
-1
-1
-1
-1
-1
-1
132
3
-1
-1
-1
-1
-1
-1
184
-1
-1
-1
43
8
38
-1
-1
-1
-1
-1
-1
100
18
18
-1
-1
-1
-1
-1
-1
127
-1
-1
-1
44
8
78
-1
-1
-1
-1
-1
-1
98
-1
18
-1
-1
-1
-1
30
-1
164
-1
-1
-1
43
8
-1
-1
-1
-1
-1
-1
-1
72
-1
3
-1
-1
-1
-1
40
-1
-1
-1
-1
57
18
45
-1
-1
-1
-1
-1
-1
-1
37
20
-1
-1
-1
-1
-1
-1
31
66
-1
-1
56
19
42
-1
-1
-1
-1
-1
-1
-1
-1
20
-1
-1
-1
-1
4
-1
34
61
-1
-1
58
19
66
-1
-1
-1
-1
-1
-1
-1
-1
8
-1
-1
-1
-1
4
-1
30
51
-1
-1
58
18
-1
-1
-1
-1
57
-1
-1
-1
-1
-1
-1
-1
-1
-1
-1
25
29
96
-1
-1
61
24
-1
-1
-1
-1
36
-1
-1
-1
-1
-1
-1
-1
-1
-1
-1
31
15
-1
-1
-1
58
34
-1
-1
-1
-1
23
-1
-1
-1
-1
-1
-1
-1
-1
5
-1
26
-1
-1
-1
-1
83
32
-1
-1
-1
13
-1
-1
-1
-1
-1
-1
-1
-1
-1
-1
-1
41
-1
-1
-1
-1
44
42
-1
-1
-1
33
-1
-1
-1
-1
-1
-1
-1
-1
-1
-1
-1
-1
-1
-1
74
-1
23
-1
-1
-1
-1
36
-1
-1
-1
-1
-1
-1
-1
-1
-1
-1
-1
-1
-1
-1
84
-1
25
-1
-1
-1
-1
22
-1
-1
-1
-1
-1
-1
-1
-1
-1
-1
-1
-1
-1
-1
-1
-1
83
-1
-1
-1
-1
2
-1
-1
-1
-1
-1
-1
-1
-1
2
-1
-1
-1
-1
-1
-1
-1
-1
-1
-1
-1
9
-1
-1
-1
-1
-1
-1
-1
-1
-1
-1
-1
-1
-1
-1
-1
-1
-1
-1
-1
-1
-1
8
-1
-1
-1
-1
-1
-1
-1
-1
-1
-1
-1
-1
-1
-1
-1
-1
-1
-1
-1
-1
-1
23
-1
-1
-1
-1
-1
-1
-1
-1
-1
-1
-1
-1
-1
-1
-1
-1
-1
-1
-1
-1
-1
75
-1
-1
-1
-1
-1
-1
-1
-1
-1
-1
-1
-1
-1
-1
-1
-1
-1
-1
-1
-1
-1
-1
-1
-1
25
-1
-1
-1
-1
-1
35
-1
-1
-1
-1
-1
-1
-1
-1
-1
-1
-1
-1
-1
-1
61
-1
-1
-1
-1
-1
-1
65
-1
-1
-1
-1
-1
-1
-1
-1
-1
-1
-1
-1
-1
-1
60
-1
-1
-1
-1
-1
-1
61
-1
-1
-1
-1
-1
-1
-1
-1
-1
-1
-1
-1
-1
-1
285
-1
-1
-1
-1
-1
-1
-1
-1
-1
-1
-1
-1
-1
-1
-1
-1
-1
-1
-1
-1
-1
-1
-1
-1
-1
-1
-1
32
-1
-1
-1
-1
-1
-1
-1
-1
-1
-1
-1
-1
-1
-1
-1
-1
-1
-1
-1
-1
-1
25
-1
-1
-1
-1
-1
-1
-1
-1
-1
-1
-1
-1
-1
-1
-1
-1
-1
-1
-1
-1
-1
5
-1
-1
-1
-1
-1
-1
-1
-1
-1
-1
-1
-1
-1
-1
-1
-1
-1
-1
-1
-1
6
-1
-1
-1
-1
-1
-1
-1
-1
-1
-1
-1
-1
-1
-1
-1
-1
-1
-1
-1
-1
-1
5
-1
-1
-1
-1
-1
-1
-1
-1
-1
-1
-1
-1
-1
-1
-1
-1
-1
-1
-1
-1
-1
-1
-1
-1
-1
-1
-1
-1
-1
-1
-1
-1
-1
75
-1
-1
-1
-1
160
-1
-1
-1
13
-1
-1
-1
-1
-1
-1
-1
-1
-1
-1
-1
-1
12
-1
-1
-1
214
29
15
-1
-1
14
-1
-1
-1
-1
-1
-1
-1
-1
-1
-1
-1
-1
17
-1
-1
-1
50
33
18
-1
-1
36
-1
-1
-1
-1
-1
-1
-1
-1
-1
-1
-1
21
11
-1
-1
-1
52
31
28
-1
-1
32
-1
-1
-1
-1
-1
-1
-1
-1
-1
-1
-1
60
-1
-1
-1
29
31
30
53
-1
-1
37
-1
-1
-1
-1
-1
-1
-1
-1
-1
-1
-1
64
-1
-1
-1
28
31
30
-1
-1
-1
65
-1
-1
-1
-1
-1
-1
-1
-1
-1
-1
70
23
-1
-1
-1
32
29
38
-1
60
30
30
-1
-1
-1
-1
-1
-1
-1
-1
-1
-1
93
-1
-1
-1
12
19
28
30
8
30
30
39
-1
-1
-1
-1
-1
-1
-1
-1
-1
-1
-1
-1
-1
-1
13
19
28
34
2
65
35
-1
-1
-1
-1
-1
-1
-1
-1
-1
-1
-1
-1
-1
-1
-1
15
19
31
31
-1
-1
33
-1
-1
-1
-1
-1
-1
-1
-1
-1
-1
60
-1
-1
-1
5
8
21
30
12
-1
35
21
-1
-1
-1
-1
-1
-1
-1
23
-1
-1
31
-1
-1
-1
15
9
18
28
