0
0
630
0
0
0
0
0
0
0
0
0
1480
0
2
0
0
0
3258
0
0
0
54
0
585
0
0
0
0
0
0
0
0
0
1635
0
0
0
0
0
3639
0
0
0
527
0
604
0
0
0
0
0
0
0
0
2815
1302
0
0
0
0
0
3652
0
0
527
1330
776
184
0
0
0
0
0
0
0
0
2833
1313
0
0
0
0
2339
3933
0
0
1330
1263
706
0
0
0
0
0
0
0
0
0
0
1391
0
0
0
0
2168
3900
0
0
1679
1259
662
0
0
0
0
0
0
0
0
110
0
0
0
0
0
516
3206
0
0
0
1745
1202
626
0
0
0
0
0
0
0
0
105
0
0
0
0
0
1898
3729
0
0
0
1728
1226
598
0
0
0
0
0
0
0
0
116
0
0
0
0
0
2098
3627
0
0
0
1749
1202
681
0
0
0
0
0
0
0
0
110
0
0
0
0
2014
0
3284
0
0
0
1758
0
539
0
0
0
0
0
0
0
0
164
0
0
0
0
2078
0
2761
0
0
0
473
0
515
20
20
0
0
0
0
0
0
0
0
0
0
0
0
2832
0
0
0
879
521
0
562
28
28
0
0
0
0
0
0
0
0
0
0
0
0
2915
0
0
0
336
0
0
625
68
52
0
0
0
0
0
0
0
0
0
0
0
1671
3418
0
0
0
373
0
623
77
77
65
0
0
0
0
0
0
0
0
0
0
0
1654
3400
0
0
0
523
0
21
21
21
1
0
0
0
0
0
0
0
0
0
0
0
1984
0
0
0
0
16
0
30
30
30
0
0
0
0
0
0
0
0
0
0
0
0
1975
0
0
0
0
70
0
10
10
6
0
0
0
0
0
0
0
0
0
0
0
0
2573
0
0
0
0
109
0
13
13
0
0
0
0
0
0
0
0
0
0
0
0
0
2685
0
0
0
0
151
0
3
3
0
0
0
0
0
0
0
0
0
0
0
0
0
0
0
0
0
0
0
0
0
0
0
0
0
0
0
0
0
0
0
0
0
0
0
0
0
0
0
0
0
1
0
0
0
0
0
0
0
0
0
0
0
0
0
0
0
0
0
0
0
0
0
0
0
0
0
0
0
0
0
0
0
0
0
0
0
0
0
0
0
0
0
0
0
0
239
239
239
239
239
239
0
0
0
0
0
0
0
0
0
0
0
0
0
0
0
239
0
0
0
0
0
0
1339
1339
0
0
0
0
0
0
0
0
0
0
0
0
0
0
0
0
0
0
0
1298
0
0
0
0
0
0
0
0
0
0
0
0
255
0
0
0
0
0
0
0
0
1466
0
0
0
0
0
0
0
0
0
0
3779
0
202
0
0
0
0
0
0
1
1
1291
0
0
0
0
0
0
0
0
1
0
290
0
165
0
0
0
0
0
0
5
5
0
0
0
0
0
0
0
0
0
6
0
0
0
0
0
0
0
0
0
0
2
1300
0
0
0
0
0
0
0
0
0
155
277
0
397
0
578
0
0
0
0
4
10
1734
0
0
0
0
0
0
0
0
26
245
490
0
438
0
116
0
0
0
0
9
13
1734
0
0
0
0
0
0
0
0
71
308
420
998
1362
0
0
0
0
0
0
6
10
1937
0
0
0
0
0
0
0
12
91
279
814
1300
1648
0
0
0
0
0
0
3
5
1848
0
0
0
0
0
0
0
96
264
0
523
1030
0
0
0
0
0
0
0
483
487
0
0
0
0
0
0
0
0
163
585
0
648
1143
0
0
0
0
0
0
0
412
418
0
0
0
0
0
0
0
0
937
603
0
561
1037
0
0
0
0
0
0
142
143
146
0
0
0
0
0
0
0
2133
1320
0
582
1100
0
0
0
0
0
0
0
107
107
107
0
0
0
0
0
0
0
0
0
568
0
431
0
0
0
0
0
0
0
0
0
0
0
0
0
0
0
0
0
0
0
612
0
529
0
0
0
0
0
0
0
0
0
0
0
0
0
0
0
0
0
0
0
532
0
558
0
56
0
0
0
0
0
0
0
0
0
0
0
0
0
0
0
0
0
567
0
543
0
0
0
0
0
0
0
0
0
0
0
0
0
0
0
0
0
0
0
0
634
1214
0
0
0
0
0
0
0
0
0
0
0
0
0
0
0
0
0
187
187
0
560
1139
0
0
0
0
0
0
0
0
0
0
0
0
0
0
0
0
0
181
181
0
605
1143
0
0
0
0
0
26
0
0
0
0
0
0
0
0
0
0
0
0
0
178
0
0
90
0
0
0
0
0
0
0
0
0
0
0
0
0
0
0
0
0
0
194
0
0
0
0
0
0
0
0
0
0
0
0
0
0
0
0
0
0
0
0
0
181
0
0
0
0
0
0
0
0
0
0
0
0
0
0
0
0
212
212
212
212
212
0
12
12
12
12
12
12
0
0
0
0
0
0
0
0
0
0
0
0
0
0
0
0
0
0
0
0
0
0
0
0
0
0
0
0
0
0
0
0
0
0
0
0
0
0
0
0
0
0
0
0
0
0
0
0
0
0
0
0
0
0
0
0
0
0
0
0
0
0
0
0
0
0
0
0
0
0
0
0
0
0
0
0
0
0
0
0
0
0
0
0
0
0
0
0
0
0
4095
0
0
0
0
0
0
77
77
77
77
77
15
0
0
0
0
0
0
0
0
0
0
0
0
0
0
0
0
183
183
183
183
183
87
0
0
0
0
0
0
0
0
0
0
0
0
0
0
0
0
96
96
96
96
96
28
0
0
0
0
0
0
0
0
531
0
0
0
0
0
0
48
48
48
48
48
48
0
0
0
0
0
0
0
0
0
1987
4065
4065
4065
4065
4065
4065
8
8
8
8
8
0
0
0
0
0
0
0
0
0
0
2055
4084
4084
4084
4084
4084
4084
11
11
11
11
11
0
0
0
0
0
0
0
0
0
0
2056
4095
4095
4095
4095
4095
0
8
8
8
8
8
0
0
0
0
0
0
0
0
0
833
2545
4088
4088
4088
4088
4088
0
0
0
0
0
0
0
0
0
0
0
0
0
0
0
1203
2675
4028
4086
4086
4086
4086
0
0
0
0
0
0
0
0
0
0
0
0
0
0
0
1035
2435
0
566
566
566
566
0
0
0
0
0
0
0
0
0
0
0
0
4092
4092
4092
2970
1513
361
0
0
0
0
0
0
0
0
0
0
0
0
0
0
0
0
0
0
213
2016
0
0
0
0
27
0
0
0
0
0
0
0
0
0
0
0
0
0
0
0
773
2071
0
0
0
0
68
0
0
0
0
0
0
0
0
0
0
0
0
0
0
0
956
1686
0
0
13
0
80
69
0
0
0
0
0
0
0
0
1
1
1
0
0
0
2453
0
0
0
138
0
1117
70
0
0
0
0
0
0
0
0
3
3
3
0
0
0
2758
0
0
0
0
164
1259
39
0
0
0
0
0
0
0
0
2
659
0
0
0
0
2464
0
0
0
57
0
0
0
0
0
0
0
0
0
0
0
1
543
0
0
0
897
0
0
0
0
0
0
0
0
0
0
0
0
0
0
0
1
6
6
6
6
6
1178
0
0
0
0
0
0
443
0
0
0
0
0
0
0
0
1101
1104
1104
1104
1104
1104
2308
0
0
0
0
0
922
0
0
0
0
0
0
0
0
0
1380
1381
0
0
0
0
0
0
0
0
0
203
0
0
0
0
0
0
0
0
0
1351
0
0
0
0
0
1969
3353
0
0
0
