0
0
0
0
0
0
0
0
0
0
1278
0
0
0
4095
659
1713
4095
2991
0
1651
674
0
0
0
0
0
0
1640
0
0
0
4
0
0
0
4095
840
1755
4095
0
0
1905
0
0
0
0
0
0
0
2349
0
0
0
0
0
0
0
4095
709
4095
0
0
0
1568
0
0
0
0
0
0
0
3607
0
0
0
0
0
0
0
4095
719
1744
0
0
0
1127
0
0
0
0
0
0
0
3406
0
0
0
0
0
0
0
4095
737
3602
0
0
0
0
0
0
0
0
0
0
0
1855
1768
0
0
0
0
0
4095
551
722
4095
0
0
0
0
0
0
0
0
0
0
0
3027
1692
0
0
0
0
0
4095
461
780
3309
0
0
0
0
0
0
0
0
0
0
0
2917
1721
0
0
0
0
0
4095
441
975
3398
0
0
0
0
0
0
0
0
0
0
0
2897
0
0
0
0
0
0
4095
573
1158
2219
0
0
0
0
0
0
0
0
0
0
0
3064
0
0
0
0
0
0
4095
460
1192
2069
0
0
0
0
0
0
0
0
0
0
1425
657
0
0
0
4095
0
4095
1937
536
1884
0
0
0
1764
0
0
0
0
0
0
0
1294
0
0
0
0
4095
0
4095
1536
450
2050
0
0
0
1370
0
0
0
0
0
0
0
1239
0
0
0
0
4095
0
4095
1657
431
1136
0
0
0
1430
0
0
0
0
0
0
0
495
0
0
0
0
0
0
4095
1795
525
267
0
1928
0
0
0
0
0
0
0
0
0
0
0
0
0
0
0
0
4095
1664
430
267
0
1449
0
0
0
0
0
0
0
0
0
59
0
0
0
0
0
4095
3035
1617
546
0
725
590
0
0
0
0
0
0
0
0
0
363
0
0
0
0
0
4095
3614
1676
483
0
1274
0
0
0
0
0
0
0
0
0
0
400
0
0
0
0
0
4095
2991
1322
170
0
496
103
0
0
0
0
0
0
0
0
0
35
0
0
0
0
0
4095
3144
1395
0
257
210
20
0
0
0
0
0
0
0
0
0
0
0
0
0
0
3626
4095
3046
1114
0
318
300
0
0
0
0
0
0
0
0
0
0
0
0
0
0
0
1125
4095
3423
923
0
259
188
0
0
0
0
0
0
0
0
0
0
0
0
0
0
0
1152
4095
3096
735
0
305
85
0
0
0
0
0
0
0
0
0
0
0
0
0
0
0
1200
4095
3455
105
0
280
4
0
0
0
0
0
0
0
0
500
0
0
0
0
0
0
1303
4095
1541
17
0
176
4
0
0
0
0
0
0
0
0
266
0
0
0
0
0
0
1139
4095
1572
0
0
193
29
0
0
0
0
0
228
0
0
0
0
0
0
0
0
0
4095
4095
1744
0
10
161
29
0
0
0
0
0
867
0
0
0
0
0
0
0
0
0
4095
0
4095
0
141
303
0
0
0
0
0
0
1510
0
0
0
0
0
0
0
0
0
4095
0
318
0
22
456
0
0
0
0
0
0
1441
111
0
0
0
0
0
0
0
0
4095
0
0
363
107
528
0
0
0
0
0
0
3252
178
0
0
0
0
0
0
0
0
4095
0
0
325
462
0
0
0
0
0
0
0
3341
164
0
0
0
0
0
0
0
0
632
0
0
350
72
0
0
0
0
0
0
0
4095
0
0
0
0
0
0
0
0
0
0
0
0
1338
1
0
0
0
0
0
0
0
4095
0
0
0
0
0
0
0
0
0
0
0
0
1614
0
0
0
0
0
0
0
0
1409
137
0
0
0
0
0
0
926
0
0
0
1312
151
0
0
0
0
0
0
0
3169
552
305
0
0
0
0
0
0
1816
0
0
0
1407
152
0
0
0
0
0
0
0
3325
0
243
0
0
0
0
0
0
3004
0
0
0
1409
137
0
0
0
0
0
0
0
3383
69
0
0
0
0
0
2120
0
0
0
0
1776
358
116
0
0
0
0
0
0
0
3432
336
0
0
0
0
0
0
1122
1499
0
0
943
200
74
0
0
0
0
0
0
0
1805
1712
0
0
0
0
117
0
1132
1527
0
0
682
43
100
0
0
0
0
0
0
0
0
65
0
0
0
0
0
0
1152
1246
0
0
728
62
0
0
0
0
0
0
0
0
0
0
0
0
0
0
0
1146
1114
785
0
0
934
7
0
0
0
0
0
0
0
0
0
0
0
0
0
0
0
1145
826
0
0
0
1377
32
0
0
0
0
0
0
0
0
0
0
0
0
0
20
0
1283
0
0
0
0
1363
525
0
0
0
0
0
0
0
0
0
0
0
0
0
0
0
1151
0
0
0
0
1056
508
0
0
0
110
0
0
0
0
0
0
0
0
0
43
0
0
0
0
682
0
29
0
0
0
0
96
0
0
0
0
0
0
0
0
40
0
0
0
0
0
675
0
1
0
0
0
0
101
0
0
0
0
0
0
0
0
38
0
0
0
0
352
0
0
0
0
0
0
0
24
0
0
0
0
0
0
0
0
0
0
0
0
0
172
0
0
0
0
0
0
21
0
0
0
0
0
0
0
0
0
0
0
0
0
0
0
0
0
0
0
0
0
21
0
0
0
0
0
0
0
0
0
0
0
0
0
0
0
0
0
0
0
0
0
5
0
0
0
0
0
0
0
0
0
0
0
0
0
0
0
0
0
0
0
0
0
0
0
0
0
0
0
0
0
0
51
0
0
0
0
0
0
0
0
0
0
0
0
0
0
0
0
0
0
0
0
0
4095
0
0
0
0
0
0
0
0
0
0
0
0
0
0
0
0
0
0
0
0
0
170
0
0
0
0
0
0
0
0
0
0
0
0
0
0
4095
0
0
0
0
0
0
67
0
0
0
0
0
0
0
0
0
0
0
0
0
0
4095
0
0
0
0
0
43
0
0
0
0
0
0
0
0
0
0
0
0
0
0
0
4095
0
0
0
0
0
4095
0
0
0
0
0
0
0
0
0
0
0
0
0
0
0
0
0
0
0
0
0
4095
0
0
0
0
0
0
0
0
0
0
0
0
0
0
0
0
0
0
0
0
4095
0
0
0
0
0
0
0
0
0
0
0
0
0
0
0
0
0
0
0
0
0
4095
0
0
0
0
0
0
0
0
0
0
0
0
0
0
0
0
0
0
0
0
0
4095
0
0
0
0
0
0
0
0
0
0
0
0
0
0
0
0
0
0
0
0
0
0
0
0
0
0
0
0
0
0
0
0
0
4095
0
0
0
0
0
0
0
0
4095
0
0
0
0
0
0
0
0
0
0
0
0
0
0
0
0
4095
4095
0
0
0
214
0
0
0
0
0
0
0
0
0
0
0
0
0
0
0
0
4095
1128
587
0
0
43
0
0
0
0
0
0
0
0
0
0
0
58
0
0
0
0
4095
1116
581
0
0
68
0
0
0
0
0
0
0
0
0
0
0
81
0
0
0
4095
4095
1124
168
0
0
181
0
0
0
0
0
0
0
0
0
0
3
61
0
0
0
3968
4095
1318
229
0
0
1395
0
0
0
0
0
0
0
0
0
0
181
34
0
0
3830
1651
4095
1153
0
0
0
2089
0
0
0
0
0
0
0
0
0
0
192
0
0
0
2185
1662
4095
4095
0
1299
982
1109
0
0
0
0
0
0
0
0
0
0
561
0
0
0
2422
1900
4095
4095
0
1560
1081
1134
0
0
0
0
0
0
0
0
0
0
0
0
0
1918
815
1629
4095
4095
0
1570
1450
0
0
0
0
0
0
0
0
0
0
3
0
0
0
1473
729
1666
4095
4095
0
0
2443
0
