0
0
0
0
0
0
0
0
0
0
4
0
0
0
4095
711
1691
4095
2571
0
1286
683
0
0
0
0
0
0
3393
0
0
0
1
0
0
0
4095
716
1725
4095
1352
0
1295
0
0
0
0
0
0
0
2487
0
0
0
0
0
0
0
4095
727
2120
0
0
0
1431
0
0
0
0
0
0
0
3519
0
0
0
0
0
0
0
4095
692
3918
0
0
0
1758
0
0
0
0
0
0
0
3576
0
0
0
0
0
0
0
4095
826
4095
0
0
0
0
0
0
0
0
0
0
0
2114
1739
0
0
0
0
0
4095
459
889
3971
0
0
0
0
0
0
0
0
0
0
0
2951
1672
0
0
0
0
0
4095
537
1155
3298
0
0
0
0
0
0
0
0
0
0
0
2958
1651
0
0
0
0
0
4095
455
1186
3504
0
0
0
0
0
0
0
0
0
0
0
3255
0
0
0
0
0
0
4095
584
1391
1600
0
0
0
0
0
0
0
0
0
0
0
3243
0
0
0
0
0
0
4095
477
1679
2387
0
0
0
0
0
0
0
0
0
0
1210
329
0
0
0
4095
0
3521
1620
464
1686
0
0
0
2362
0
0
0
0
0
0
0
1304
0
0
0
0
4095
0
3133
1843
547
2730
0
0
0
840
0
0
0
0
0
0
0
1530
0
0
0
0
4095
0
3080
1634
458
855
0
0
0
1526
0
0
0
0
0
0
0
290
0
0
0
0
0
0
4095
1637
470
685
0
1616
0
0
0
0
0
0
0
0
0
0
0
0
0
0
0
0
4095
1672
540
1023
0
968
0
0
0
0
0
0
0
0
0
82
0
0
0
0
0
4095
3063
1457
453
0
500
1071
0
0
0
0
0
0
0
0
0
427
0
0
0
0
0
4095
3106
1362
792
0
312
0
0
0
0
0
0
0
0
0
0
372
0
0
0
0
0
4095
3135
1111
411
0
171
95
0
0
0
0
0
0
0
0
0
0
0
0
0
0
0
4095
3426
913
0
278
217
16
0
0
0
0
0
0
0
0
0
0
0
0
0
0
3632
4095
2970
751
0
280
379
0
0
0
0
0
0
0
0
0
0
0
0
0
0
0
1189
4095
3563
723
0
298
146
0
0
0
0
0
0
0
0
0
0
0
0
0
0
0
1289
4095
1849
750
0
311
66
0
0
0
0
0
0
0
0
0
0
0
0
0
0
0
1197
4095
1528
82
0
232
6
0
0
0
0
0
0
0
0
226
0
0
0
0
0
0
1173
4095
1763
0
0
231
6
0
0
0
0
0
0
0
0
170
0
0
0
0
0
0
1158
4095
1641
0
0
171
0
0
0
0
0
0
118
0
0
0
0
0
0
0
0
0
4095
4095
1617
0
33
124
32
0
0
0
0
0
686
0
0
0
0
0
0
0
0
2
2908
0
324
0
103
398
0
0
0
0
0
0
1599
0
0
0
0
0
0
0
0
0
4095
0
670
0
45
413
0
0
0
0
0
0
1615
172
0
0
0
0
0
0
0
0
4095
0
0
0
109
781
0
0
0
0
0
0
1376
120
0
0
0
0
0
0
0
0
2875
0
0
322
119
0
0
0
0
0
0
1647
1352
113
0
0
0
0
0
0
0
0
1825
0
0
432
67
0
0
0
0
0
0
4095
1393
0
0
0
0
0
0
0
0
180
0
0
0
503
1
0
0
0
0
0
0
0
4095
0
0
0
0
0
0
0
0
0
0
0
0
862
0
0
0
0
0
0
0
0
1541
180
0
0
0
0
0
0
1915
0
0
0
821
193
0
0
0
0
0
0
0
3317
268
280
0
0
0
0
0
0
2564
0
0
0
923
174
0
0
0
0
0
0
0
3088
0
224
0
0
0
0
1172
0
3698
0
0
0
925
142
0
0
0
0
0
0
0
3295
61
0
0
0
0
0
1159
0
0
0
0
1089
316
141
0
0
0
0
0
0
0
3415
378
0
0
0
0
0
0
1103
1517
0
0
950
183
114
0
0
0
0
0
0
3191
0
364
0
0
0
0
85
0
1164
1512
0
0
675
38
146
0
0
0
0
0
0
0
0
0
0
0
0
0
0
0
1098
1245
0
0
752
9
0
0
0
0
0
0
0
0
0
0
0
0
0
0
0
1064
1241
1864
0
0
1019
5
0
0
0
0
0
0
0
0
0
0
0
0
0
0
0
1117
588
0
0
0
742
126
0
0
0
0
0
0
0
0
0
0
0
0
0
88
0
1273
0
0
0
0
1294
957
0
0
0
0
0
0
0
0
0
0
0
0
0
0
109
977
0
0
0
0
481
0
0
0
0
102
0
0
0
0
0
0
0
0
0
0
0
0
0
0
1285
0
18
0
0
0
0
99
0
0
0
0
0
0
0
0
0
0
0
0
0
0
832
0
0
0
0
0
0
124
0
0
0
0
0
0
0
0
34
0
0
0
0
186
0
0
0
0
0
0
0
15
0
0
0
0
0
0
0
0
0
0
0
0
0
270
0
0
0
0
0
0
14
0
0
0
0
0
0
0
0
0
0
0
0
0
0
0
0
0
0
0
0
0
18
0
0
0
0
0
0
0
0
0
0
0
0
0
0
0
0
0
0
0
0
0
11
0
0
0
0
0
0
0
0
0
0
0
0
0
0
0
0
0
0
0
0
0
0
0
0
0
0
0
0
0
0
18
0
0
0
0
0
0
0
0
0
0
0
0
0
0
0
0
0
0
0
0
0
80
0
0
0
0
0
0
0
0
0
0
0
0
0
0
0
0
0
0
0
0
0
101
0
0
0
0
0
0
0
0
0
0
0
0
0
0
4095
0
0
0
0
0
0
105
0
0
0
0
0
0
0
0
0
0
0
0
0
0
4095
0
0
0
0
0
0
0
0
0
0
0
0
0
0
0
0
0
0
0
0
0
4095
0
0
0
0
0
101
0
0
0
0
0
0
0
0
0
0
0
0
0
0
0
0
0
0
0
0
0
43
0
0
0
0
0
0
0
0
0
0
0
0
0
0
0
0
0
0
0
0
0
0
0
0
0
0
0
0
0
0
0
0
0
0
0
0
0
0
0
0
0
0
62
0
0
0
0
0
0
0
0
0
0
0
0
0
0
0
0
0
0
0
0
0
0
0
0
0
0
0
0
0
0
0
0
0
0
0
0
0
0
0
0
0
0
0
0
0
0
0
0
0
0
0
0
0
0
0
0
0
0
0
0
0
0
0
0
0
0
0
0
0
0
0
0
0
0
0
0
0
2379
0
0
0
4095
4095
0
0
0
157
0
0
0
0
0
0
0
0
0
0
0
0
2405
0
0
0
4095
1135
579
0
0
18
0
0
0
0
0
0
0
0
0
0
0
62
0
0
0
4095
4095
1258
565
0
0
79
0
0
0
0
0
0
0
0
0
0
0
72
0
0
0
4095
4095
1199
354
0
0
205
0
0
0
0
0
0
0
0
0
0
7
89
0
0
0
3916
4095
1145
0
0
0
1508
0
0
0
0
0
0
0
0
0
0
190
18
0
0
3537
1934
4095
1120
0
0
0
1890
0
0
0
0
0
0
0
0
0
0
156
0
0
0
2264
1602
4095
4095
0
1491
877
1211
0
0
0
0
0
0
0
0
0
0
588
0
0
0
2216
1630
4095
4095
0
1356
1096
1322
0
0
0
0
0
0
0
0
0
0
0
0
0
1791
627
1618
4095
4095
0
2572
1142
0
0
0
0
0
0
0
0
0
0
371
0
0
0
2343
810
1834
4095
4095
0
0
1136
0
