-1
-1
31
17
53
-1
-1
66
119
-1
-1
-1
-1
-1
-1
-1
114
-1
-1
121
-1
-1
-1
81
5
17
46
-1
-1
179
-1
-1
-1
-1
-1
-1
-1
-1
181
-1
-1
-1
-1
-1
-1
53
5
19
176
-1
-1
-1
-1
-1
-1
-1
-1
-1
-1
94
30
128
-1
-1
-1
-1
-1
56
6
16
179
-1
-1
-1
-1
-1
-1
-1
-1
-1
-1
93
30
126
-1
-1
-1
-1
-1
54
5
16
182
-1
-1
-1
-1
-1
-1
-1
-1
-1
-1
-1
126
123
-1
-1
-1
-1
-1
88
6
17
178
-1
-1
-1
-1
-1
-1
-1
-1
-1
-1
-1
215
-1
-1
-1
-1
-1
-1
91
5
161
-1
-1
-1
-1
-1
-1
-1
-1
-1
-1
-1
118
121
-1
-1
-1
-1
-1
18
9
5
162
-1
-1
-1
-1
-1
-1
-1
-1
-1
-1
-1
117
53
-1
-1
-1
120
-1
18
8
6
39
-1
-1
-1
183
-1
-1
-1
-1
-1
-1
-1
63
30
59
-1
-1
90
-1
18
9
5
36
-1
-1
-1
191
-1
-1
-1
-1
-1
-1
-1
64
-1
88
-1
-1
90
-1
81
9
5
164
-1
-1
-1
-1
-1
-1
-1
-1
-1
-1
-1
122
-1
129
-1
-1
-1
-1
19
9
6
-1
196
-1
-1
-1
-1
-1
-1
-1
-1
-1
-1
-1
117
66
-1
-1
-1
100
19
9
4
-1
197
-1
-1
-1
-1
-1
-1
-1
-1
-1
-1
158
-1
-1
-1
-1
-1
121
21
10
4
-1
203
-1
-1
-1
-1
-1
-1
-1
-1
-1
-1
153
-1
-1
-1
-1
-1
121
19
9
4
-1
168
-1
-1
-1
-1
-1
-1
-1
-1
-1
102
95
-1
-1
-1
-1
-1
122
19
9
-1
18
157
-1
-1
-1
-1
-1
-1
-1
-1
-1
95
86
-1
-1
-1
-1
-1
125
19
11
-1
30
160
-1
-1
-1
-1
-1
-1
-1
-1
-1
175
-1
-1
-1
-1
-1
122
29
23
11
-1
26
157
-1
-1
-1
-1
-1
-1
-1
-1
-1
165
-1
-1
-1
-1
-1
135
28
21
13
-1
25
158
-1
-1
-1
-1
-1
-1
-1
-1
-1
175
-1
-1
-1
-1
-1
131
30
21
12
6
27
152
-1
-1
-1
-1
-1
-1
-1
-1
183
-1
-1
-1
-1
-1
-1
122
32
26
-1
22
23
151
-1
-1
-1
-1
-1
-1
-1
-1
181
-1
-1
-1
-1
-1
-1
123
33
22
-1
27
22
153
-1
-1
-1
-1
-1
-1
-1
-1
159
-1
-1
-1
-1
-1
125
29
29
22
-1
26
26
165
-1
-1
-1
-1
-1
-1
-1
-1
157
-1
-1
-1
-1
-1
125
30
29
23
-1
25
121
-1
-1
-1
-1
-1
-1
204
-1
-1
-1
-1
-1
-1
-1
-1
154
33
29
25
12
15
116
-1
-1
-1
-1
-1
-1
116
-1
101
-1
-1
-1
-1
-1
-1
136
29
33
-1
27
13
82
-1
-1
-1
-1
-1
125
26
-1
87
-1
-1
-1
-1
-1
-1
-1
189
-1
-1
26
99
-1
-1
-1
-1
-1
-1
153
-1
-1
94
-1
-1
-1
-1
-1
-1
124
56
-1
-1
28
98
-1
-1
-1
-1
-1
-1
129
29
-1
88
-1
-1
-1
-1
-1
-1
182
-1
-1
-1
23
91
-1
-1
-1
-1
-1
-1
127
27
58
-1
-1
-1
-1
-1
-1
-1
215
-1
-1
51
3
95
-1
-1
-1
-1
-1
-1
134
27
68
-1
-1
-1
-1
-1
-1
-1
180
-1
-1
44
61
-1
-1
-1
-1
-1
-1
-1
160
28
54
-1
-1
-1
-1
-1
-1
182
-1
-1
-1
41
63
-1
-1
-1
-1
-1
-1
-1
153
28
47
-1
-1
-1
-1
-1
-1
193
-1
-1
-1
40
63
-1
-1
-1
-1
-1
-1
-1
158
29
27
-1
-1
-1
-1
78
-1
127
-1
-1
-1
13
62
-1
-1
-1
-1
-1
-1
124
30
40
-1
-1
-1
-1
-1
84
60
-1
-1
-1
84
14
60
-1
-1
-1
-1
-1
-1
123
32
37
-1
-1
-1
-1
51
90
-1
-1
-1
-1
85
47
-1
-1
-1
-1
-1
-1
-1
163
-1
69
-1
-1
-1
-1
52
30
-1
94
-1
-1
52
77
-1
-1
-1
-1
-1
-1
-1
-1
-1
206
-1
-1
-1
-1
52
32
30
64
-1
-1
48
29
-1
-1
-1
-1
-1
146
-1
-1
103
-1
-1
-1
-1
32
28
33
62
-1
-1
-1
80
19
-1
-1
-1
55
-1
97
-1
-1
97
-1
-1
-1
-1
31
25
29
68
-1
-1
-1
79
-1
-1
-1
-1
56
-1
64
-1
117
-1
-1
-1
-1
-1
44
25
29
56
-1
-1
-1
99
-1
-1
-1
-1
90
-1
-1
-1
155
-1
-1
-1
-1
-1
48
25
87
-1
-1
-1
-1
100
-1
-1
-1
-1
88
-1
-1
-1
157
-1
-1
-1
-1
29
-1
103
-1
-1
-1
-1
-1
133
-1
-1
-1
-1
85
-1
-1
-1
154
-1
-1
-1
-1
103
-1
-1
-1
-1
-1
-1
-1
162
-1
-1
-1
28
162
-1
-1
-1
-1
-1
-1
-1
-1
127
-1
-1
-1
-1
121
-1
-1
73
-1
-1
-1
183
-1
-1
-1
-1
-1
-1
-1
-1
-1
159
-1
-1
-1
-1
168
-1
-1
-1
-1
-1
-1
184
-1
-1
-1
-1
-1
-1
-1
-1
-1
160
-1
-1
-1
-1
175
-1
-1
-1
-1
-1
-1
256
-1
-1
-1
-1
-1
-1
-1
-1
251
-1
-1
-1
-1
-1
-1
-1
-1
-1
-1
-1
-1
268
-1
-1
-1
-1
-1
-1
-1
-1
258
-1
-1
-1
-1
-1
-1
-1
-1
-1
-1
-1
-1
-1
-1
-1
-1
-1
-1
-1
-1
-1
516
-1
-1
-1
-1
-1
-1
-1
-1
-1
-1
-1
227
-1
-1
-1
-1
-1
-1
-1
-1
-1
306
-1
-1
-1
-1
-1
-1
-1
-1
-1
-1
-1
146
-1
-1
158
-1
-1
-1
-1
-1
-1
245
-1
-1
-1
-1
-1
-1
-1
-1
-1
-1
-1
-1
-1
-1
243
-1
-1
-1
-1
-1
301
-1
-1
-1
-1
-1
-1
-1
-1
-1
-1
-1
-1
-1
-1
-1
243
-1
-1
-1
-1
-1
308
-1
-1
-1
-1
-1
-1
-1
-1
-1
-1
-1
-1
-1
-1
-1
240
-1
-1
-1
-1
-1
315
-1
-1
-1
-1
-1
-1
-1
-1
-1
-1
-1
-1
-1
-1
-1
-1
-1
-1
-1
-1
-1
546
-1
-1
-1
-1
-1
-1
-1
-1
-1
-1
-1
-1
-1
-1
-1
-1
-1
-1
-1
-1
281
273
-1
-1
-1
-1
-1
-1
-1
-1
-1
-1
-1
-1
-1
-1
-1
-1
-1
-1
-1
-1
569
-1
-1
-1
-1
-1
-1
-1
-1
-1
-1
-1
-1
-1
-1
-1
-1
-1
-1
-1
-1
-1
557
-1
-1
-1
-1
-1
-1
-1
-1
-1
-1
-1
244
-1
-1
-1
-1
-1
-1
-1
-1
162
155
-1
-1
-1
-1
-1
-1
-1
-1
-1
-1
-1
226
-1
-1
-1
-1
117
-1
-1
-1
219
-1
-1
-1
-1
-1
-1
-1
-1
-1
-1
-1
-1
204
-1
-1
-1
67
63
-1
-1
-1
221
-1
-1
-1
-1
-1
-1
-1
-1
-1
-1
-1
-1
-1
-1
-1
41
30
68
-1
-1
-1
187
-1
-1
-1
-1
-1
-1
-1
-1
-1
-1
-1
237
-1
-1
-1
44
31
62
-1
-1
70
117
-1
-1
-1
-1
-1
-1
-1
-1
-1
-1
-1
238
-1
-1
-1
44
28
61
-1
-1
66
111
-1
-1
-1
-1
-1
-1
-1
-1
-1
-1
192
39
-1
-1
23
22
27
61
-1
-1
-1
182
-1
-1
-1
-1
-1
-1
-1
-1
-1
-1
189
35
-1
-1
26
21
27
31
-1
73
30
118
-1
-1
-1
-1
-1
-1
-1
-1
-1
-1
185
33
-1
13
17
22
27
31
-1
72
117
-1
-1
-1
-1
-1
-1
-1
-1
-1
-1
-1
230
-1
-1
14
17
27
30
35
-1
65
110
-1
-1
-1
-1
-1
-1
-1
-1
-1
-1
-1
238
-1
-1
191
21
23
26
33
31
-1
213
-1
-1
-1
-1
-1
-1
-1
-1
-1
-1
-1
-1
-1
-1
13
17
21
26
31
-1
66
111
-1
-1
-1
-1
-1
-1
-1
-1
-1
-1
226
-1
-1
-1
30
17
21
27
31
-1
156
-1
-1
-1
-1
-1
-1
-1
110
-1
-1
127
-1
-1
-1
-1
33
20
52
-1
-1
-1
182
-1
-1
-1
-1
-1
-1
-1
112
-1
-1
122
-1
-1
-1
