46
21
0
0
0
29
0
1241
137
581
177
0
499
28
112
23
20
149
296
161
205
47
142
32
0
87
30
24
19
59
0
0
26
0
39
0
26
247
25
30
277
0
29
52
21
21
30
0
0
30
140
91
0
0
27
32
764
971
0
21
35
0
190
21
52
705
161
541
0
451
149
452
153
165
0
0
46
841
2639
0
300
146
671
787
1569
234
163
219
553
92
98
23
251
0
158
645
23
149
26
0
0
17
25
208
324
79
63
525
1203
452
0
155
268
80
506
540
420
674
410
35
542
31
131
0
0
127
189
203
311
205
260
333
30
494
489
32
280
68
0
194
131
410
0
319
0
327
409
276
66
279
776
938
894
0
0
183
0
26
57
259
230
542
825
1538
0
