0
2436
0
257
884
0
0
0
0
0
0
0
0
1661
0
2
0
0
0
0
2348
0
0
0
0
647
0
0
0
0
0
0
0
0
0
1647
0
2
0
0
0
2636
3839
0
0
1146
1074
500
0
0
0
0
0
0
0
0
0
1644
0
0
0
0
0
2817
0
0
0
1607
1109
558
0
0
0
0
0
0
0
0
0
0
0
0
0
0
0
3596
0
0
0
1631
1164
584
0
0
0
0
0
0
0
0
0
0
0
0
0
0
1354
3699
0
0
0
1624
1122
540
0
0
0
0
0
0
0
0
1231
0
0
0
0
0
2153
3914
0
0
0
1753
1186
603
0
0
0
0
0
0
0
0
1379
0
0
0
0
395
2530
3892
0
0
2000
1618
1159
586
0
0
0
0
0
0
0
0
0
0
0
0
0
1679
3492
3931
0
0
389
0
458
1079
0
0
0
0
0
0
0
0
0
0
0
0
0
0
3323
0
0
0
469
0
505
1064
0
0
0
0
0
0
0
0
0
0
0
0
0
0
3417
0
0
0
427
0
486
1082
5
5
0
0
0
0
0
0
0
0
0
0
0
0
3422
0
0
0
1723
1317
813
99
91
0
39
39
39
39
39
39
0
0
0
0
0
1993
3746
0
0
0
0
1065
551
128
128
34
0
0
0
0
0
0
0
0
0
0
0
2058
0
0
0
269
0
704
182
48
48
0
0
0
0
0
0
0
0
0
0
0
0
2142
0
0
0
248
0
546
41
41
40
0
0
0
0
0
0
0
0
0
0
0
0
2139
0
0
0
266
0
45
45
45
0
0
0
0
0
0
0
0
0
0
0
0
0
2127
0
0
0
227
0
84
84
84
0
0
0
0
0
0
0
0
0
0
0
0
0
2077
0
0
0
0
0
0
0
0
0
0
0
0
0
0
0
0
0
0
0
0
0
0
0
0
0
0
0
0
0
0
0
0
0
0
0
0
0
0
0
0
0
0
0
0
0
0
0
0
0
0
0
0
0
0
0
0
0
0
0
0
0
0
0
0
351
0
0
0
0
0
0
0
0
0
0
0
0
0
0
0
0
0
0
0
0
0
565
0
0
0
0
0
0
0
0
0
0
0
0
0
176
176
0
0
0
0
0
0
549
0
0
0
0
0
0
0
0
0
0
0
0
0
160
160
0
0
0
0
0
0
0
0
0
0
0
0
0
0
0
0
0
0
0
208
0
0
0
0
0
0
0
0
0
0
0
0
0
0
0
0
0
0
0
0
0
228
0
0
0
0
0
0
0
0
0
0
0
0
0
0
0
0
0
0
0
0
0
0
173
0
0
0
0
0
0
0
0
0
0
0
0
0
0
0
0
0
0
2
0
0
219
0
0
0
0
0
0
0
0
41
0
463
0
0
0
0
0
0
1
2
0
1368
0
0
0
0
0
0
0
0
0
540
0
383
0
118
0
0
0
0
2
2
0
0
109
0
0
0
0
0
0
15
0
0
523
934
0
0
0
0
0
0
3
1401
0
0
0
0
0
0
0
0
0
134
293
0
521
1007
0
0
0
0
0
0
4
1416
0
0
0
0
0
0
0
0
43
213
566
0
587
0
0
0
0
0
0
0
3
1335
0
0
0
0
0
0
0
0
79
228
0
520
1034
0
82
0
0
0
0
0
5
1369
0
0
0
0
0
0
0
0
270
581
0
505
1004
0
0
0
0
0
0
135
137
1523
0
0
0
0
0
0
0
0
1113
637
0
550
0
0
0
0
0
0
0
715
718
0
0
0
0
0
0
0
0
2035
934
0
607
1184
0
0
0
0
0
0
0
405
409
0
0
0
0
0
0
0
0
0
1140
620
0
554
0
0
0
0
0
0
0
0
0
0
0
0
0
0
0
0
0
0
0
641
0
516
0
0
0
0
0
0
0
0
0
0
0
0
0
0
0
0
0
0
0
668
0
503
0
0
0
0
0
0
0
0
0
0
0
0
0
0
0
0
0
0
221
0
574
1096
0
0
0
0
0
0
0
0
0
0
0
0
0
0
0
0
0
0
161
0
640
1174
0
0
0
0
0
0
0
0
0
0
0
0
0
0
0
0
0
0
163
0
587
1126
394
0
0
0
0
0
0
0
0
0
0
0
0
0
0
0
0
164
164
0
637
994
76
0
0
0
0
0
0
0
0
0
0
0
0
0
0
0
0
0
0
171
641
641
0
0
0
0
0
0
0
0
0
0
0
0
0
0
0
0
0
0
0
432
0
0
0
0
0
0
0
0
0
0
0
0
0
0
0
0
0
0
0
0
0
0
0
0
0
0
0
0
0
0
0
0
0
0
0
0
0
0
0
0
0
0
0
0
0
0
0
0
0
0
0
0
0
0
0
0
0
0
0
0
306
306
306
306
306
0
0
0
0
0
0
0
0
0
0
0
0
0
0
0
0
0
0
0
0
0
0
0
0
0
0
0
0
0
0
0
0
0
0
0
0
0
0
0
0
0
0
0
0
0
0
0
0
0
0
0
0
0
1461
1461
1461
1461
1461
1461
1461
0
0
0
0
0
0
0
0
0
0
0
0
0
4092
4092
0
0
0
0
0
0
0
8
8
8
8
8
0
3
3
3
3
3
3
4092
0
0
0
0
0
0
0
0
0
24
24
24
24
24
16
0
0
0
0
0
0
0
0
1995
0
0
0
0
0
0
51
51
51
51
51
21
3
0
0
0
0
0
0
0
0
2307
0
0
0
0
0
0
63
63
63
63
63
26
0
0
0
0
0
0
0
0
0
2128
4084
4084
4084
4084
4084
4084
11
11
11
11
11
0
0
0
0
0
0
0
0
0
809
2444
4095
4095
4095
4095
4095
0
57
57
57
57
57
0
0
0
0
0
0
0
0
0
1305
2810
4095
4095
4095
4095
4095
0
0
0
0
0
0
0
0
0
0
0
0
0
0
0
1262
2826
4082
4082
4082
4082
4082
0
0
0
0
0
0
0
0
0
0
0
0
0
0
0
1279
2824
4095
4095
4095
4095
4095
0
0
0
0
0
0
0
0
0
0
0
0
0
0
0
1999
0
4095
4095
4095
4095
0
0
0
0
0
0
0
0
0
0
0
0
0
4095
4095
3660
1418
3256
0
0
0
0
0
0
0
0
0
0
0
0
0
0
0
0
0
4095
4095
0
1527
0
0
0
0
22
0
0
0
0
0
0
0
0
0
0
0
0
9
4086
4086
0
0
0
0
0
0
93
0
0
0
0
0
0
0
0
0
0
0
0
0
0
0
2614
0
0
0
0
50
0
0
0
0
0
0
0
0
0
0
1
1
0
0
0
0
2545
0
0
11
0
69
1046
0
0
0
0
0
0
0
0
1
7
28
0
1180
1180
0
2751
0
0
41
0
187
0
0
0
0
0
0
0
0
0
5
11
115
0
0
0
1434
0
0
0
0
207
0
0
0
0
0
0
0
0
0
0
2
11
81
0
0
0
1532
0
0
0
0
209
0
1274
0
0
0
0
0
0
0
0
4
591
591
0
0
0
0
0
0
0
0
177
0
0
0
0
0
0
0
0
0
0
3
378
378
0
0
0
0
0
0
0
0
0
1294
0
0
0
0
0
0
0
0
0
1
2
0
0
0
2831
0
0
0
0
0
360
0
0
0
0
0
0
0
0
0
1690
1693
1694
0
0
0
2629
0
0
0
0
0
575
0
0
0
0
0
0
0
0
1678
0
2
0
0
0
0
2350
0
0
