0
0
0
588
0
0
0
0
0
0
0
0
2719
4
4
0
0
0
0
3696
0
0
0
0
0
1691
0
0
0
0
0
0
0
0
0
0
4
0
0
0
1809
3787
0
0
0
0
0
0
0
0
0
0
0
0
0
0
0
0
0
0
0
0
2813
3871
0
0
0
0
0
0
0
0
0
0
0
0
0
441
0
0
0
0
0
0
3607
0
0
0
0
0
0
0
0
0
0
0
0
0
0
0
0
0
0
0
0
667
3782
0
0
0
0
0
0
0
0
0
0
0
0
0
0
0
0
0
0
0
0
2503
3923
0
0
0
0
0
0
0
0
0
0
0
0
0
0
1440
0
0
0
0
0
2274
3890
0
0
0
0
0
0
534
0
0
0
0
0
0
0
0
0
0
0
0
-4655
2629
3897
0
0
0
0
0
540
1093
0
0
0
0
0
0
0
0
0
0
0
0
5861
0
0
0
0
0
0
490
1065
0
0
0
0
0
0
0
0
0
0
0
0
0
0
0
0
0
0
0
0
546
1116
0
0
0
0
0
0
0
0
0
0
0
0
0
0
0
0
0
0
0
0
0
614
0
0
0
0
0
0
0
0
0
0
0
0
0
0
0
0
0
0
0
360
538
0
0
0
0
0
0
0
0
0
0
0
0
0
0
0
3466
0
0
0
0
0
0
0
0
0
0
0
0
0
0
0
0
0
0
0
0
2101
0
0
0
0
271
0
0
0
0
0
0
0
0
0
0
0
0
0
0
0
0
2156
0
0
0
0
243
0
0
0
0
0
0
0
0
0
0
0
0
0
0
0
0
2139
0
0
0
0
256
0
0
0
0
0
0
0
0
0
0
0
0
0
0
0
0
2148
0
0
0
0
0
0
0
0
0
0
0
0
0
0
0
0
0
0
0
0
0
0
0
0
0
0
0
0
0
0
0
0
0
0
0
0
0
0
0
0
0
0
0
0
0
0
0
0
0
0
0
0
0
0
0
0
0
0
0
0
0
0
0
0
102
0
0
0
0
0
0
0
0
0
0
0
0
0
0
0
0
0
0
0
0
0
571
0
0
0
0
0
0
0
0
0
0
0
0
0
159
159
0
0
0
0
0
0
569
0
0
0
0
0
0
0
0
0
0
0
0
0
154
154
0
0
0
0
0
0
674
0
0
0
0
0
0
0
0
0
0
0
0
0
179
179
0
0
0
0
0
0
0
0
0
0
0
0
0
0
0
0
0
0
0
0
0
0
0
0
0
0
0
0
0
0
0
0
0
0
0
0
0
0
0
0
0
0
0
0
0
0
0
0
0
0
0
0
0
0
0
0
0
0
0
0
0
0
0
0
0
0
0
0
0
0
0
0
0
0
0
0
0
0
0
0
0
0
0
1
0
0
0
0
0
0
0
0
0
0
27
0
0
440
0
0
0
0
0
0
2
2
0
0
0
0
0
0
0
0
0
7
0
0
0
378
0
0
0
0
0
0
3
1654
0
0
0
0
0
0
0
0
0
106
0
0
0
414
0
0
0
0
0
0
0
0
0
0
0
0
0
0
0
0
28
187
0
0
0
496
0
0
0
0
0
0
4
1370
0
0
0
0
0
0
0
0
74
0
0
0
540
0
0
0
0
0
0
0
0
1439
0
0
0
0
0
0
0
0
71
0
0
0
508
0
0
0
0
0
0
0
2
1568
0
0
0
0
0
0
0
0
0
0
0
0
523
0
0
0
0
0
0
715
720
2198
0
0
0
0
0
0
0
0
0
0
0
572
0
0
0
0
0
0
0
570
574
0
0
0
0
0
0
0
0
0
0
0
0
496
0
0
0
0
0
0
0
0
4
0
0
0
0
0
0
0
0
0
0
0
0
527
0
0
0
0
0
0
0
0
0
0
0
0
0
0
0
0
0
0
0
0
0
490
0
0
0
0
0
0
0
0
0
0
0
0
0
0
0
0
0
0
0
0
0
555
0
0
0
0
0
0
0
0
0
0
0
0
0
0
0
0
0
0
0
0
0
547
0
0
0
0
0
0
0
0
0
0
0
0
0
0
0
0
0
0
0
0
0
501
0
0
0
0
0
0
0
0
0
0
0
0
0
0
0
0
0
0
0
0
660
1202
0
0
0
0
0
0
0
0
0
0
0
0
0
0
0
0
0
0
0
0
502
502
0
0
0
0
0
0
0
0
0
0
0
0
0
0
0
0
0
0
0
173
546
546
0
0
0
0
0
0
0
0
0
0
0
0
0
0
0
0
0
0
0
375
0
0
0
0
0
0
8
0
0
0
0
0
0
0
0
0
0
0
0
0
0
0
0
0
0
0
0
0
0
0
0
0
0
0
0
0
0
0
0
0
0
0
72
0
0
0
0
0
0
0
0
0
0
0
0
0
0
0
0
0
0
0
0
0
0
0
0
0
0
0
0
0
0
0
0
0
0
0
0
0
0
0
0
0
0
0
0
0
0
0
0
0
0
0
0
0
0
0
0
0
0
0
0
0
0
0
0
0
0
0
0
0
0
0
0
0
0
0
-5243
0
0
0
0
0
0
0
0
0
0
0
0
0
0
0
0
0
0
0
0
0
7075
0
0
0
0
0
0
0
0
0
0
0
0
0
0
0
0
0
0
0
0
1000
0
0
0
0
0
0
0
0
0
0
0
0
0
0
0
0
0
0
0
0
0
1790
0
0
0
0
0
0
0
0
0
0
0
0
0
0
0
0
0
0
0
0
0
2511
0
0
0
0
0
0
0
0
0
0
0
0
0
0
0
0
0
0
0
0
642
0
0
0
0
0
0
0
0
0
0
0
0
0
0
0
0
0
0
0
0
0
0
0
0
0
0
0
0
0
0
0
0
0
0
0
0
0
0
0
0
0
0
0
0
0
0
0
0
0
0
0
0
0
0
0
0
0
0
0
0
0
0
0
0
0
0
-7526
-6843
0
0
0
0
0
0
0
0
0
0
0
0
0
0
0
0
0
0
0
-4459
-6956
-7270
0
0
0
0
0
0
0
0
0
0
0
0
0
0
0
0
0
0
0
6201
18812
15942
0
0
0
0
0
0
0
0
0
0
0
0
0
0
0
0
0
0
0
579
0
0
0
0
11
0
0
0
0
0
0
0
0
0
0
0
0
0
0
0
753
2092
0
0
0
0
53
0
0
0
0
0
0
0
0
0
0
0
0
0
0
0
1944
0
0
0
0
0
0
0
0
0
0
0
0
0
0
0
0
0
0
0
0
0
2321
0
0
0
0
0
0
0
0
0
0
0
0
0
0
1
9
9
0
0
0
0
2618
0
0
0
0
0
880
0
0
0
0
0
0
0
0
2
10
93
0
0
0
920
0
0
0
0
0
81
0
0
0
0
0
0
0
0
0
2
8
115
0
0
0
1707
0
0
0
0
0
0
0
0
0
0
0
0
0
0
0
3
373
373
0
0
0
1455
0
0
0
0
0
0
0
0
0
0
0
0
0
0
0
2
571
571
0
0
0
0
0
0
0
0
0
0
0
0
0
0
0
0
0
0
0
2
3
0
0
0
2041
0
0
0
0
0
0
0
0
0
0
0
0
0
0
0
-129
2
2
0
0
0
3346
0
0
0
0
0
0
0
0
0
0
0
0
0
0
0
672
-1
0
0
0
0
3668
0
0
0
