3761
0
0
2018
0
412
1010
0
0
0
0
0
0
0
0
1674
0
4
0
0
0
0
3884
0
0
0
0
569
1136
0
0
0
0
0
0
0
0
1749
0
0
0
0
0
1980
0
0
0
1284
1059
526
0
0
0
0
0
0
0
0
0
1857
0
0
0
0
0
2640
0
0
0
1592
1076
545
0
0
0
0
0
0
0
0
1065
0
0
0
0
0
0
3545
0
0
0
1614
1133
587
0
0
0
0
0
0
0
0
1455
0
0
0
0
0
1824
3784
0
0
0
1701
1209
639
0
0
0
0
0
0
0
0
1353
0
0
0
0
0
2148
3876
0
0
0
1673
1177
580
0
0
0
0
0
0
0
0
1262
0
0
0
0
637
2677
3965
0
0
2210
1707
1191
562
0
0
0
0
0
0
0
0
0
0
0
0
0
2229
0
2654
0
0
412
0
461
1020
4
4
0
0
0
0
0
0
0
0
0
0
0
0
3385
0
0
0
370
0
482
1068
35
35
0
0
0
0
0
0
0
0
0
0
0
0
3429
0
0
0
403
0
484
1050
42
42
0
0
0
0
0
0
0
0
0
0
0
0
3358
0
0
0
0
488
849
281
63
44
0
0
0
0
0
0
0
0
0
0
0
1853
3627
0
0
0
264
896
365
37
37
29
0
0
0
0
0
0
0
0
0
0
0
1938
0
0
0
0
274
461
26
26
26
0
0
0
0
0
0
0
0
0
0
0
0
1964
0
0
0
0
321
436
24
24
24
0
0
0
0
0
0
0
0
0
0
0
0
2169
0
0
0
0
288
18
18
18
0
0
0
0
0
0
0
0
0
0
0
0
0
2111
0
0
0
0
0
20
20
20
0
0
0
0
0
0
0
0
0
0
0
0
0
2146
0
0
0
0
0
0
0
0
0
0
0
0
0
0
0
0
0
0
0
0
0
0
0
0
0
0
0
0
0
0
0
0
0
0
0
0
0
0
0
0
0
0
0
0
0
0
0
0
0
0
0
0
0
0
0
0
0
0
0
0
0
0
0
0
460
0
0
0
0
0
0
0
0
0
0
0
0
0
0
0
0
0
0
0
0
0
568
0
0
0
0
0
0
0
0
0
0
0
0
0
108
108
0
0
0
0
0
0
576
0
0
0
0
0
0
0
0
0
0
0
0
0
111
111
0
0
0
0
0
0
0
0
0
0
0
0
0
0
0
0
0
0
0
163
0
0
0
0
0
0
0
0
0
0
0
0
0
0
0
0
0
0
0
0
0
194
0
0
0
0
0
0
0
0
0
0
0
0
0
0
0
0
0
0
0
0
0
0
107
0
0
0
0
0
0
0
0
0
0
0
0
347
0
0
0
0
0
1
0
0
0
0
0
0
0
0
0
0
2
48
0
335
0
0
0
0
0
0
5
5
0
0
0
0
0
0
0
0
0
0
0
557
0
318
0
0
0
0
0
0
4
273
0
0
55
0
0
0
0
0
0
43
498
498
0
364
0
0
0
0
0
0
4
1403
0
0
0
0
0
0
0
0
0
180
930
505
0
380
0
0
0
0
0
0
3
1397
0
0
0
0
0
0
0
0
62
265
265
770
1335
0
0
0
0
0
0
0
2
1463
0
0
0
0
0
0
0
0
70
362
0
538
1153
0
0
0
0
0
0
0
2
1386
0
0
0
0
0
0
0
0
479
601
0
524
1038
0
0
0
0
0
0
289
292
1714
0
0
0
0
0
0
0
0
1115
583
0
509
0
0
0
0
0
0
0
769
774
0
0
0
0
0
0
0
0
2102
935
0
613
1203
0
0
0
0
0
0
0
160
163
0
0
0
0
0
0
0
0
0
1158
658
0
556
0
0
1
0
0
0
0
0
0
0
0
0
0
0
0
0
0
0
0
640
0
523
0
113
0
0
0
0
0
0
0
0
0
0
0
0
0
0
0
0
0
601
0
504
0
0
0
0
0
0
0
0
0
0
0
0
0
0
0
0
0
0
170
0
593
1114
0
0
0
0
0
0
0
0
0
0
0
0
0
0
0
0
0
0
163
0
600
1175
0
0
0
0
0
0
0
0
0
0
0
0
0
0
0
0
0
184
184
0
617
1237
0
0
0
0
0
0
0
0
0
0
0
0
0
0
0
0
0
178
178
0
592
793
210
0
0
0
0
0
0
0
0
0
0
0
0
0
0
0
0
0
0
168
0
0
0
0
0
0
0
0
0
0
0
0
0
0
0
0
0
0
0
0
0
400
0
0
0
0
0
0
0
0
0
0
0
0
0
0
0
0
0
0
0
0
0
123
0
0
0
0
0
0
0
0
0
0
0
0
0
0
0
0
0
0
0
0
0
0
0
0
0
0
0
0
0
0
0
0
0
0
0
0
0
0
0
0
0
0
0
0
0
0
0
0
0
0
0
0
0
0
0
0
0
0
0
0
0
0
0
0
0
0
0
0
0
0
0
0
0
0
0
0
0
0
0
0
0
0
0
0
0
0
0
0
0
0
0
0
0
0
0
0
3562
3562
3562
3562
3562
3562
3562
11
11
11
11
11
0
0
0
0
0
0
0
0
0
0
0
0
0
0
0
0
0
136
136
136
136
136
43
0
0
0
0
0
0
0
0
0
0
0
0
0
0
0
0
156
156
156
156
156
57
0
0
0
0
0
0
0
0
1928
0
0
0
0
0
0
46
46
46
46
46
46
0
0
0
0
0
0
0
0
0
1864
0
0
0
0
0
0
29
29
29
29
29
23
0
0
0
0
0
0
0
0
0
1974
4085
4085
4085
4085
4085
4085
10
10
10
10
10
0
0
0
0
0
0
0
0
0
807
2357
4095
4095
4095
4095
4095
0
32
32
32
32
32
0
0
0
0
0
0
0
0
0
946
2530
4095
4095
4095
4095
4095
0
0
0
0
0
0
0
0
0
0
0
0
0
0
0
1035
2682
4082
4082
4082
4082
4082
0
0
0
0
0
0
0
0
0
0
0
0
0
0
0
1063
2707
4095
4095
4095
4095
4095
0
0
0
0
0
0
0
0
0
0
0
0
0
4095
3777
2244
0
4095
4095
4095
4095
0
0
0
0
0
0
0
0
0
0
0
0
0
4095
2661
0
1742
0
0
0
0
0
0
0
0
0
0
0
0
0
0
0
0
0
0
2661
2302
0
1385
0
0
0
0
34
0
0
0
0
0
0
0
0
0
0
0
0
0
2302
0
1462
0
0
0
0
0
150
0
0
0
0
0
0
0
0
0
0
0
0
0
0
0
1609
0
0
0
61
0
311
0
0
0
0
0
0
0
0
0
4
4
0
0
0
0
1980
0
0
14
0
86
1156
0
0
0
0
0
0
0
0
2
12
52
0
889
889
1781
0
0
0
96
0
432
0
0
0
0
0
0
0
0
0
3
8
141
0
0
0
1477
0
0
0
0
220
0
1128
0
0
0
0
0
0
0
0
2
190
233
0
0
0
0
0
0
0
0
244
0
1079
0
0
0
0
0
0
0
0
1
558
558
0
0
0
0
0
0
0
0
192
0
0
0
0
0
0
0
0
0
0
2
234
234
234
234
234
0
0
0
0
100
0
1321
0
0
0
0
0
0
0
0
331
333
334
0
0
0
3028
0
0
0
0
0
554
0
0
0
0
0
0
0
0
0
1610
1612
1613
0
0
0
3606
0
0
0
0
0
518
0
0
0
0
0
0
0
0
1646
0
4
0
0
0
0
3788
