63
48
22
0
0
0
0
1529
275
541
113
0
740
51
154
24
20
30
211
53
176
156
29
93
27
22
29
22
20
18
32
0
156
32
18
132
40
131
29
32
128
19
0
0
113
0
33
28
0
28
50
120
27
57
28
34
1141
583
0
45
0
0
60
24
0
860
165
134
225
579
356
446
222
154
0
0
46
805
3157
0
495
168
575
1531
1062
0
228
0
661
133
0
0
221
0
0
656
6
130
0
0
204
51
126
192
232
78
62
432
986
456
30
296
313
0
221
545
386
748
414
34
568
0
130
30
0
131
194
406
323
63
293
310
0
318
253
0
354
217
0
31
96
332
0
260
0
305
705
139
188
337
755
1084
869
0
153
18
17
5
14
37
224
977
0
1534
83
