-1
-1
-1
25
17
37
-1
-1
189
-1
-1
-1
-1
-1
-1
-1
-1
95
-1
-1
21
-1
-1
-1
25
5
17
22
-1
-1
-1
-1
-1
-1
-1
-1
-1
-1
-1
59
-1
-1
-1
-1
-1
-1
28
5
20
84
-1
-1
-1
-1
-1
-1
-1
-1
-1
-1
13
30
30
-1
-1
-1
-1
-1
35
6
17
76
-1
-1
-1
-1
-1
-1
-1
-1
-1
-1
48
31
30
-1
-1
-1
-1
-1
55
5
17
108
-1
-1
-1
-1
-1
-1
-1
-1
-1
-1
-1
32
30
-1
-1
-1
-1
-1
54
6
19
132
-1
-1
-1
-1
-1
-1
-1
-1
-1
-1
-1
51
-1
-1
-1
-1
-1
-1
54
5
16
-1
-1
-1
-1
-1
-1
-1
-1
-1
-1
-1
22
30
-1
-1
-1
-1
-1
45
9
5
65
-1
-1
-1
158
-1
-1
-1
-1
-1
-1
-1
25
5
-1
-1
-1
62
-1
48
8
6
67
-1
-1
-1
57
-1
-1
-1
-1
-1
-1
-1
21
-1
-1
-1
-1
32
-1
49
8
5
63
-1
-1
-1
220
-1
-1
-1
-1
-1
-1
-1
21
-1
-1
-1
-1
60
-1
46
9
5
82
-1
-1
-1
-1
-1
-1
-1
-1
-1
-1
-1
-1
-1
-1
-1
-1
-1
58
18
8
6
-1
83
-1
-1
-1
-1
-1
-1
-1
-1
-1
-1
-1
-1
-1
-1
-1
-1
57
20
9
19
-1
70
-1
-1
-1
-1
-1
-1
-1
-1
-1
-1
13
-1
-1
-1
-1
-1
63
20
9
16
-1
80
-1
-1
-1
-1
-1
-1
-1
-1
-1
-1
21
-1
-1
-1
-1
-1
61
19
9
15
-1
41
-1
-1
-1
-1
-1
-1
-1
-1
-1
-1
14
-1
-1
-1
-1
-1
57
18
9
-1
13
60
-1
-1
-1
-1
-1
-1
-1
-1
-1
-1
-1
-1
-1
-1
-1
-1
28
22
10
-1
14
37
-1
-1
-1
-1
-1
-1
-1
-1
-1
-1
-1
-1
-1
-1
-1
30
30
19
9
-1
13
19
-1
-1
-1
-1
-1
-1
-1
-1
-1
-1
-1
-1
-1
-1
-1
30
31
19
5
-1
13
10
-1
-1
-1
-1
-1
-1
-1
-1
-1
-1
-1
-1
-1
-1
-1
36
28
20
-1
-1
25
29
-1
-1
-1
-1
-1
-1
-1
-1
-1
-1
-1
-1
-1
-1
-1
47
28
22
-1
-1
23
5
-1
-1
-1
-1
-1
-1
-1
-1
4
-1
-1
-1
-1
-1
-1
49
30
21
-1
2
24
2
-1
-1
-1
-1
-1
-1
-1
-1
3
-1
-1
-1
-1
-1
15
29
34
21
-1
4
25
6
-1
-1
-1
-1
-1
3
-1
-1
-1
-1
-1
-1
-1
-1
15
30
19
25
-1
2
23
-1
-1
-1
-1
-1
-1
18
-1
-1
-1
-1
-1
-1
-1
-1
18
29
-1
44
-1
14
29
-1
-1
-1
-1
-1
-1
31
-1
-1
-1
-1
-1
-1
-1
-1
28
29
-1
-1
-1
13
31
-1
-1
-1
-1
-1
5
59
-1
-1
-1
-1
-1
-1
-1
-1
-1
33
-1
-1
29
13
-1
-1
-1
-1
-1
-1
48
-1
-1
5
-1
-1
-1
-1
-1
-1
9
69
-1
-1
37
27
-1
-1
-1
-1
-1
-1
66
28
-1
-1
-1
-1
-1
-1
-1
-1
17
-1
-1
-1
56
31
-1
-1
-1
-1
-1
-1
86
26
-1
-1
-1
-1
-1
-1
-1
-1
45
-1
-1
53
3
52
-1
-1
-1
-1
-1
-1
95
26
-1
-1
-1
-1
-1
-1
-1
-1
113
-1
-1
53
2
-1
-1
-1
-1
-1
-1
-1
92
31
20
-1
-1
-1
-1
-1
-1
60
-1
-1
-1
88
26
-1
-1
-1
-1
-1
-1
-1
97
-1
20
-1
-1
-1
-1
-1
-1
94
-1
-1
59
22
36
-1
-1
-1
-1
-1
-1
-1
100
-1
8
-1
-1
-1
-1
36
-1
133
-1
-1
58
17
29
-1
-1
-1
-1
-1
-1
91
25
7
-1
-1
-1
-1
-1
40
-1
-1
-1
-1
58
12
60
-1
-1
-1
-1
-1
-1
75
-1
22
-1
-1
-1
-1
-1
32
-1
66
-1
-1
59
13
-1
-1
-1
-1
-1
-1
-1
43
-1
19
-1
-1
-1
-1
10
-1
30
63
-1
-1
51
41
-1
-1
-1
-1
-1
-1
-1
-1
-1
-1
-1
-1
-1
-1
-1
-1
30
98
-1
-1
48
27
-1
-1
-1
-1
-1
-1
-1
-1
-1
-1
-1
-1
-1
-1
-1
30
30
-1
-1
-1
85
46
-1
-1
-1
39
-1
-1
-1
-1
-1
-1
-1
-1
-1
6
-1
31
29
-1
-1
-1
78
-1
-1
-1
-1
31
-1
-1
-1
-1
-1
-1
-1
-1
-1
-1
-1
34
19
-1
-1
-1
83
-1
-1
-1
-1
49
-1
-1
-1
-1
-1
-1
-1
-1
-1
-1
-1
18
-1
-1
-1
-1
54
-1
-1
-1
-1
35
-1
-1
-1
-1
-1
-1
-1
-1
-1
-1
-1
-1
-1
-1
-1
-1
19
-1
-1
-1
-1
31
-1
-1
-1
-1
-1
-1
-1
-1
1
-1
-1
-1
-1
50
-1
-1
132
-1
-1
-1
6
-1
-1
-1
-1
-1
-1
-1
-1
-1
1
-1
-1
-1
-1
18
-1
-1
-1
-1
-1
-1
8
-1
-1
-1
-1
-1
-1
-1
-1
-1
-1
-1
-1
-1
-1
65
-1
-1
-1
-1
-1
-1
5
-1
-1
-1
-1
-1
-1
-1
-1
-1
-1
-1
-1
-1
-1
-1
-1
-1
-1
-1
-1
-1
19
-1
-1
-1
-1
-1
-1
-1
-1
-1
-1
-1
-1
-1
-1
-1
-1
-1
-1
-1
-1
-1
17
-1
-1
-1
-1
-1
-1
-1
-1
1
-1
-1
-1
-1
-1
-1
-1
-1
-1
-1
-1
-1
-1
-1
-1
-1
-1
-1
-1
-1
-1
1
-1
-1
-1
-1
-1
-1
-1
-1
-1
-1
-1
197
-1
-1
-1
-1
-1
-1
-1
-1
-1
4
-1
-1
-1
-1
-1
-1
-1
-1
-1
-1
-1
-1
-1
-1
51
-1
-1
-1
-1
-1
-1
17
-1
-1
-1
-1
-1
-1
-1
-1
-1
-1
-1
-1
-1
-1
49
-1
-1
-1
-1
-1
-1
-1
-1
-1
-1
-1
-1
-1
-1
-1
-1
-1
-1
-1
-1
-1
257
-1
-1
-1
-1
-1
28
-1
-1
-1
-1
-1
-1
-1
-1
-1
-1
-1
-1
-1
-1
-1
-1
-1
-1
-1
-1
-1
35
-1
-1
-1
-1
-1
-1
-1
-1
-1
-1
-1
-1
-1
-1
-1
-1
-1
-1
-1
-1
-1
31
-1
-1
-1
-1
-1
-1
-1
-1
-1
-1
-1
-1
-1
-1
-1
-1
-1
-1
-1
-1
-1
-1
-1
-1
-1
-1
-1
-1
-1
-1
-1
-1
-1
-1
-1
-1
-1
-1
-1
-1
-1
-1
10
-1
-1
-1
-1
-1
-1
-1
-1
-1
-1
-1
-1
-1
-1
-1
-1
-1
-1
-1
-1
-1
-1
-1
-1
-1
-1
-1
-1
-1
-1
-1
-1
-1
222
-1
-1
-1
-1
-1
-1
-1
-1
-1
-1
-1
-1
-1
-1
-1
-1
-1
-1
-1
-1
-1
18
-1
-1
-1
-1
248
-1
-1
-1
12
-1
-1
-1
-1
-1
-1
-1
-1
-1
-1
-1
-1
18
-1
-1
-1
52
30
-1
-1
-1
9
-1
-1
-1
-1
-1
-1
-1
-1
-1
-1
-1
26
-1
-1
-1
42
29
30
-1
-1
-1
21
-1
-1
-1
-1
-1
-1
-1
-1
-1
-1
-1
31
-1
-1
-1
45
27
30
-1
-1
116
-1
-1
-1
-1
-1
-1
-1
-1
-1
-1
-1
-1
26
-1
-1
-1
41
27
40
-1
-1
-1
18
-1
-1
-1
-1
-1
-1
-1
-1
-1
-1
24
-1
-1
-1
26
23
33
42
-1
-1
68
30
-1
-1
-1
-1
-1
-1
-1
-1
-1
-1
69
-1
-1
-1
24
22
28
58
-1
35
33
60
-1
-1
-1
-1
-1
-1
-1
-1
-1
-1
68
-1
-1
5
17
26
28
56
-1
35
30
-1
-1
-1
-1
-1
-1
-1
-1
-1
-1
-1
84
-1
-1
6
19
22
27
42
-1
76
36
-1
-1
-1
-1
-1
-1
-1
-1
-1
-1
-1
62
-1
-1
15
20
21
27
25
22
-1
31
-1
-1
-1
-1
-1
-1
-1
-1
-1
-1
41
-1
-1
-1
14
17
23
30
12
-1
36
18
-1
-1
-1
-1
-1
-1
-1
-1
-1
-1
45
-1
-1
-1
13
18
27
27
44
-1
35
-1
-1
-1
-1
-1
-1
-1
54
-1
-1
40
-1
-1
-1
-1
13
20
22
-1
-1
-1
52
-1
-1
-1
-1
-1
-1
-1
17
-1
-1
35
-1
-1
