1925
3693
0
0
6181
0
1108
0
0
0
0
0
0
0
0
0
1760
0
4
0
0
0
2587
3839
0
0
0
0
0
0
0
0
0
0
0
0
0
0
0
0
0
0
0
0
3427
0
0
0
0
0
0
0
0
0
0
0
0
0
0
0
0
0
0
0
0
0
3688
0
0
0
0
0
0
0
0
0
0
0
0
0
0
0
0
0
0
0
0
512
3909
0
0
0
0
0
0
0
0
0
0
0
0
0
0
0
0
0
0
0
0
2388
3847
0
0
0
0
0
0
0
0
0
0
0
0
0
0
1211
0
0
0
0
0
2319
3886
0
0
0
0
0
0
0
0
0
0
0
0
0
0
0
0
0
0
0
-5216
2686
0
0
0
0
0
0
0
558
0
0
0
0
0
0
0
0
0
0
0
0
7067
3392
0
0
0
0
0
0
1790
1116
0
0
0
0
0
0
0
0
0
0
0
0
0
3385
0
0
0
0
0
0
660
0
0
0
0
0
0
0
0
0
0
0
0
0
0
3433
0
0
0
0
0
0
1117
0
0
0
0
0
0
0
0
0
0
0
0
0
0
3330
0
0
0
0
0
0
0
0
0
0
0
0
0
0
0
0
0
0
0
0
0
0
0
0
0
0
0
0
0
0
0
0
0
0
0
0
0
0
0
0
0
0
2112
0
0
0
0
0
0
0
0
0
0
0
0
0
0
0
0
0
0
0
0
0
2067
0
0
0
0
0
0
0
0
0
0
0
0
0
0
0
0
0
0
0
0
0
2151
0
0
0
0
0
0
0
0
0
0
0
0
0
0
0
0
0
0
0
0
0
2115
0
0
0
0
0
0
0
0
0
0
0
0
0
0
0
0
0
0
0
0
0
0
0
0
0
0
0
0
0
0
0
0
0
0
0
0
0
0
0
0
0
0
0
0
0
0
0
0
0
0
0
0
0
0
0
0
0
0
0
0
0
0
0
0
108
0
0
0
0
0
0
0
0
0
0
0
0
0
0
0
0
0
0
0
0
0
575
0
0
0
0
0
0
0
0
0
0
0
0
0
160
160
0
0
0
0
0
0
597
0
0
0
0
0
0
0
0
0
0
0
0
0
176
176
0
0
0
0
0
0
0
0
0
0
0
0
0
0
0
0
0
0
0
0
170
170
0
0
0
0
0
0
0
0
0
0
0
0
0
0
0
0
0
0
0
0
0
0
0
0
0
0
0
0
0
0
0
0
0
0
0
0
0
0
0
0
0
0
0
0
0
0
0
0
0
0
0
0
0
0
0
0
0
0
0
0
0
1
0
0
0
0
0
0
0
0
0
0
0
0
0
393
0
0
0
0
0
0
1
3
0
0
0
0
0
0
0
0
0
0
32
0
0
446
0
0
0
0
0
0
2
4
0
0
0
0
0
0
0
0
0
10
0
0
0
888
0
0
0
0
0
0
3
806
0
0
0
0
0
0
0
0
0
125
0
0
518
0
0
0
0
0
0
0
3
1359
0
0
0
0
0
0
0
0
23
188
0
0
498
0
0
0
0
0
0
0
3
1441
0
0
0
0
0
0
0
0
72
0
0
0
524
0
0
0
0
0
0
0
2
1472
0
0
0
0
0
0
0
0
71
0
0
574
1110
0
0
0
0
0
0
0
3
1628
0
0
0
0
0
0
0
0
0
0
0
577
1170
0
0
0
0
0
0
693
697
2158
0
0
0
0
0
0
0
0
0
0
0
518
0
0
0
0
0
0
0
555
558
0
0
0
0
0
0
0
0
0
0
0
645
1170
0
0
0
0
0
0
0
0
1
0
0
0
0
0
0
0
0
0
0
1052
0
526
0
0
0
0
0
0
0
0
0
0
0
0
0
0
0
0
0
0
0
0
0
509
0
0
0
0
0
0
0
0
0
0
0
0
0
0
0
0
0
0
0
0
0
516
0
0
0
0
0
0
0
0
0
0
0
0
0
0
0
0
0
0
0
0
0
539
0
0
0
0
0
0
0
0
0
0
0
0
0
0
0
0
0
0
0
0
0
597
0
0
0
0
0
0
0
0
0
0
0
0
0
0
0
0
0
0
0
0
603
1120
0
0
0
0
0
0
0
0
0
0
0
0
0
0
0
0
0
0
0
0
481
481
0
0
0
0
0
0
0
0
0
0
0
0
0
0
0
0
0
0
0
177
546
546
0
0
0
0
0
0
0
0
0
0
0
0
0
0
0
0
0
0
0
324
0
0
0
0
0
0
0
0
0
0
0
0
0
0
0
0
0
0
0
0
0
0
0
0
0
0
0
0
0
0
0
0
0
0
0
0
0
0
0
0
0
0
8
0
0
0
0
0
0
0
0
0
0
0
0
0
0
0
0
0
0
0
0
0
0
0
0
0
0
0
0
0
0
0
0
0
0
0
0
0
0
0
0
0
0
0
0
0
0
0
0
0
0
0
0
0
0
0
0
0
0
0
0
0
0
0
0
0
0
0
0
0
0
0
0
0
0
0
-3939
0
0
0
0
0
0
0
0
0
0
0
0
0
0
0
0
0
0
0
0
0
5802
0
0
0
0
0
0
0
0
0
0
0
0
0
0
0
0
0
0
0
0
1405
0
0
0
0
0
0
0
0
0
0
0
0
0
0
0
0
0
0
0
0
0
2081
0
0
0
0
0
0
0
0
0
0
0
0
0
0
0
0
0
0
0
0
848
2621
0
0
0
0
0
0
0
0
0
0
0
0
0
0
0
0
0
0
0
0
0
0
0
0
0
0
0
0
0
0
0
0
0
0
0
0
0
0
0
0
0
0
0
0
0
0
0
0
0
0
0
0
0
0
0
0
0
0
0
0
0
0
0
0
0
0
0
0
0
0
0
0
0
0
0
0
0
0
0
0
0
0
0
0
0
0
-4707
-7675
-7409
0
0
0
0
0
0
0
0
0
0
0
0
0
0
0
0
0
0
0
6685
-6964
-7014
0
0
0
0
0
0
0
0
0
0
0
0
0
0
0
0
0
0
0
558
19075
16199
0
0
0
0
0
0
0
0
0
0
0
0
0
0
0
0
0
0
0
1549
0
0
0
0
15
0
0
0
0
0
0
0
0
0
0
0
0
0
0
0
2647
0
0
0
0
0
58
0
0
0
0
0
0
0
0
0
0
0
0
0
0
0
2641
0
0
0
0
0
0
0
0
0
0
0
0
0
0
0
0
0
0
0
0
251
2623
0
0
0
0
75
0
0
0
0
0
0
0
0
0
0
10
10
0
0
0
1181
0
0
0
0
0
0
0
0
0
0
0
0
0
0
0
4
10
91
0
0
0
1696
0
0
0
0
0
70
0
0
0
0
0
0
0
0
0
6
11
105
0
0
0
1471
0
0
0
0
0
0
0
0
0
0
0
0
0
0
0
6
389
389
0
0
0
0
0
0
0
0
0
0
0
0
0
0
0
0
0
0
0
4
564
564
0
0
2585
0
0
0
0
0
0
0
0
0
0
0
0
0
0
0
0
0
0
0
0
0
2337
0
0
0
0
0
0
0
0
0
0
0
0
0
0
0
0
16
11
0
0
0
2322
0
0
0
0
0
0
0
0
0
0
0
0
0
0
0
991
5
0
0
0
0
2306
0
0
0
-3421
0
545
0
0
0
0
0
0
0
0
0
-400
6
0
0
0
0
