-1
-1
-1
-1
-1
-1
125
-1
-1
121
-1
-1
-1
-1
46
24
33
63
-1
-1
162
-1
-1
-1
-1
-1
-1
-1
122
-1
-1
128
-1
-1
-1
-1
48
22
30
30
-1
71
126
-1
-1
-1
-1
-1
-1
-1
121
-1
-1
96
-1
-1
-1
56
13
21
62
-1
-1
178
-1
-1
-1
-1
-1
-1
-1
64
137
-1
-1
-1
-1
-1
-1
82
12
25
59
-1
-1
181
-1
-1
-1
-1
-1
-1
-1
113
125
-1
-1
-1
-1
-1
-1
84
13
20
189
-1
-1
-1
-1
-1
-1
-1
-1
-1
-1
126
30
93
-1
-1
-1
-1
-1
78
11
210
-1
-1
-1
-1
-1
-1
-1
-1
-1
-1
-1
99
124
-1
-1
-1
-1
-1
-1
81
10
207
-1
-1
-1
-1
-1
-1
-1
-1
-1
-1
-1
107
124
-1
-1
-1
-1
-1
-1
74
10
210
-1
-1
-1
-1
-1
-1
-1
-1
-1
-1
-1
100
91
-1
-1
-1
-1
-1
104
3
9
216
-1
-1
-1
-1
-1
-1
-1
-1
-1
-1
-1
99
67
-1
-1
-1
97
-1
40
4
8
205
-1
-1
-1
-1
-1
-1
-1
-1
-1
-1
-1
161
-1
-1
-1
-1
98
-1
34
4
10
206
-1
-1
-1
-1
-1
-1
-1
-1
-1
-1
-1
66
-1
59
-1
87
-1
-1
34
5
9
46
-1
-1
177
-1
-1
-1
-1
-1
-1
-1
42
25
59
-1
-1
65
-1
51
13
6
28
-1
-1
-1
207
-1
-1
-1
-1
-1
-1
-1
42
25
60
-1
-1
62
-1
45
13
5
8
-1
54
-1
183
-1
-1
-1
-1
-1
-1
-1
69
28
92
-1
-1
-1
-1
83
15
5
9
-1
214
-1
-1
-1
-1
-1
-1
-1
-1
-1
69
91
-1
-1
-1
-1
-1
105
14
6
9
-1
207
-1
-1
-1
-1
-1
-1
-1
-1
-1
66
87
-1
-1
-1
-1
89
26
15
5
-1
26
194
-1
-1
-1
-1
-1
-1
-1
-1
-1
123
-1
-1
-1
-1
-1
110
22
15
6
-1
28
192
-1
-1
-1
-1
-1
-1
-1
-1
-1
125
-1
-1
-1
-1
-1
119
21
18
5
-1
27
194
-1
-1
-1
-1
-1
-1
-1
-1
-1
129
-1
-1
-1
-1
-1
128
21
17
5
-1
26
188
-1
-1
-1
-1
-1
-1
-1
-1
127
-1
-1
-1
-1
-1
128
27
25
16
6
7
19
163
-1
-1
-1
-1
-1
-1
-1
-1
125
-1
-1
-1
-1
-1
125
27
22
20
-1
14
20
163
-1
-1
-1
-1
-1
-1
-1
-1
114
-1
-1
-1
-1
-1
127
26
21
17
-1
14
18
159
-1
-1
-1
-1
-1
-1
-1
-1
137
-1
-1
-1
-1
-1
130
26
21
17
-1
13
182
-1
-1
-1
-1
-1
-1
-1
-1
-1
-1
-1
-1
-1
-1
-1
192
30
26
20
-1
14
255
-1
-1
-1
-1
-1
-1
117
-1
81
-1
-1
-1
-1
-1
-1
135
27
22
17
6
8
115
-1
-1
-1
-1
-1
-1
-1
-1
89
-1
-1
-1
-1
-1
-1
129
26
21
-1
23
7
90
-1
-1
-1
-1
-1
151
-1
-1
86
-1
-1
-1
-1
-1
-1
126
-1
48
-1
26
96
-1
-1
-1
-1
-1
-1
155
80
-1
-1
-1
-1
-1
-1
-1
-1
159
-1
52
-1
23
91
-1
-1
-1
-1
-1
-1
135
23
60
-1
-1
-1
-1
-1
-1
-1
191
-1
-1
40
5
99
-1
-1
-1
-1
-1
-1
130
23
65
-1
-1
-1
-1
-1
-1
-1
191
-1
-1
42
75
-1
-1
-1
-1
-1
-1
-1
165
27
62
-1
-1
-1
-1
-1
-1
-1
187
-1
-1
39
75
-1
-1
-1
-1
-1
-1
-1
161
23
124
-1
-1
-1
-1
-1
-1
-1
-1
-1
-1
176
74
-1
-1
-1
-1
-1
-1
-1
158
124
-1
-1
-1
-1
-1
-1
-1
-1
-1
-1
-1
197
79
-1
-1
-1
-1
-1
-1
-1
165
46
-1
-1
-1
-1
-1
106
66
-1
-1
-1
83
18
78
-1
-1
-1
-1
-1
-1
-1
164
51
-1
-1
-1
-1
-1
109
67
-1
-1
-1
83
18
78
-1
-1
-1
-1
-1
-1
129
30
47
-1
-1
-1
-1
76
-1
97
-1
-1
-1
87
70
-1
-1
-1
-1
-1
-1
-1
157
30
46
-1
-1
-1
-1
73
96
-1
-1
-1
-1
80
65
-1
-1
-1
-1
-1
-1
-1
193
-1
-1
-1
-1
-1
49
30
30
70
-1
-1
58
23
89
-1
-1
-1
-1
-1
-1
-1
-1
203
-1
-1
-1
-1
49
30
30
74
-1
-1
60
22
41
-1
-1
-1
-1
-1
153
-1
-1
104
-1
-1
-1
-1
46
32
31
68
-1
-1
62
40
-1
-1
-1
-1
136
-1
-1
-1
-1
134
-1
-1
-1
-1
48
33
34
67
-1
-1
57
36
-1
-1
-1
-1
69
62
-1
-1
132
-1
-1
-1
-1
34
-1
54
66
-1
-1
-1
93
39
-1
-1
-1
-1
69
62
-1
-1
120
-1
-1
-1
-1
29
-1
117
-1
-1
-1
-1
92
29
-1
-1
-1
43
58
-1
-1
-1
158
-1
-1
-1
-1
135
-1
-1
-1
-1
98
-1
59
22
-1
-1
-1
46
165
-1
-1
-1
-1
-1
-1
-1
-1
135
-1
-1
-1
-1
102
-1
87
-1
-1
-1
-1
214
-1
-1
-1
-1
-1
-1
-1
-1
147
-1
-1
-1
-1
-1
138
-1
79
-1
-1
-1
-1
170
-1
-1
-1
-1
-1
-1
-1
-1
261
-1
-1
-1
-1
-1
-1
-1
-1
-1
-1
-1
-1
244
-1
-1
-1
-1
-1
-1
-1
-1
249
-1
-1
-1
-1
-1
-1
-1
-1
-1
-1
-1
-1
253
-1
-1
-1
-1
-1
-1
-1
-1
223
-1
-1
-1
-1
-1
-1
-1
-1
-1
-1
-1
281
-1
-1
-1
-1
-1
-1
-1
-1
-1
219
-1
-1
-1
-1
-1
-1
-1
-1
-1
-1
-1
295
-1
-1
-1
-1
-1
-1
-1
-1
123
133
-1
-1
-1
-1
-1
-1
-1
-1
-1
-1
-1
254
-1
-1
-1
-1
-1
-1
-1
-1
213
-1
-1
-1
-1
-1
-1
-1
-1
-1
-1
-1
-1
-1
-1
-1
284
-1
-1
-1
-1
-1
207
-1
-1
-1
-1
-1
-1
-1
-1
-1
-1
-1
-1
-1
-1
-1
285
-1
-1
-1
-1
-1
218
-1
-1
-1
-1
-1
-1
-1
-1
-1
-1
-1
-1
-1
-1
156
131
-1
-1
-1
-1
-1
249
-1
-1
-1
-1
-1
-1
-1
-1
-1
-1
-1
-1
-1
-1
256
-1
-1
-1
-1
-1
204
-1
-1
-1
-1
-1
-1
-1
-1
-1
-1
-1
-1
-1
-1
-1
289
-1
-1
-1
-1
-1
496
-1
-1
-1
-1
-1
-1
-1
-1
-1
-1
-1
-1
-1
-1
-1
-1
-1
-1
-1
-1
-1
495
-1
-1
-1
-1
-1
-1
-1
-1
-1
-1
-1
-1
-1
-1
-1
-1
-1
-1
-1
-1
-1
240
-1
-1
-1
-1
-1
-1
-1
-1
-1
-1
-1
-1
-1
-1
-1
-1
-1
-1
-1
-1
267
-1
-1
-1
-1
-1
-1
-1
-1
-1
-1
-1
-1
-1
-1
-1
-1
-1
-1
-1
-1
-1
517
-1
-1
-1
-1
-1
-1
-1
-1
-1
-1
-1
-1
-1
-1
-1
-1
-1
-1
-1
-1
-1
522
-1
-1
-1
-1
-1
-1
-1
-1
-1
-1
-1
193
-1
-1
-1
-1
112
-1
-1
-1
90
128
-1
-1
-1
-1
-1
-1
-1
-1
-1
-1
-1
183
-1
-1
-1
53
32
64
-1
-1
60
120
-1
-1
-1
-1
-1
-1
-1
-1
-1
-1
187
28
-1
-1
-1
55
30
64
-1
-1
60
111
-1
-1
-1
-1
-1
-1
-1
-1
-1
-1
188
32
-1
-1
-1
58
29
65
-1
-1
63
113
-1
-1
-1
-1
-1
-1
-1
-1
-1
-1
205
-1
-1
-1
37
28
28
69
-1
-1
177
-1
-1
-1
-1
-1
-1
-1
-1
-1
-1
-1
209
-1
-1
-1
39
33
29
68
-1
-1
172
-1
-1
-1
-1
-1
-1
-1
-1
-1
-1
-1
216
-1
-1
-1
51
29
69
-1
-1
-1
223
-1
-1
-1
-1
-1
-1
-1
-1
-1
-1
-1
215
-1
-1
25
23
29
29
35
30
-1
187
-1
-1
-1
-1
-1
-1
-1
-1
-1
-1
-1
-1
-1
-1
206
22
29
29
34
30
30
187
-1
-1
-1
-1
-1
-1
-1
-1
-1
228
-1
-1
-1
-1
48
25
31
30
34
30
140
-1
-1
