0
0
0
0
0
0
1549
0
0
0
0
0
0
0
1710
2166
4095
4095
0
0
2042
0
0
0
0
0
0
0
3565
0
0
2
0
0
0
4095
1086
2035
4095
0
0
1401
224
0
0
0
0
0
0
0
3100
0
0
1
0
0
0
4095
1068
1684
4095
0
0
1497
0
0
0
0
0
0
0
829
3111
0
0
0
0
0
0
4095
882
1857
4095
0
0
974
0
0
0
0
0
0
0
1397
3002
0
0
0
0
0
0
4095
988
3495
0
0
0
0
0
0
0
0
0
0
0
1446
1707
1439
0
0
0
0
0
4095
786
3171
0
0
0
0
0
0
0
0
0
0
0
1407
2644
0
0
0
0
0
0
4095
813
3708
0
0
0
0
0
0
0
0
0
0
0
1661
1943
0
0
0
0
0
4095
352
821
3680
0
0
0
0
0
0
0
0
0
0
0
1647
1010
0
0
0
0
0
4095
460
847
3596
0
0
0
0
0
0
0
0
0
0
0
1521
0
0
0
0
4095
0
4095
535
798
2471
0
0
0
0
0
0
0
0
0
0
0
1478
0
0
0
0
4095
0
4095
461
836
2187
0
0
0
0
0
0
0
0
0
0
0
401
0
0
0
4095
0
0
4095
481
714
931
0
0
1290
0
0
0
0
0
0
0
106
0
0
0
0
4095
0
4095
1498
544
1033
0
0
0
1706
0
0
0
0
0
0
0
106
147
0
0
0
4095
0
4095
1226
495
742
0
821
0
917
0
0
0
0
0
0
0
0
398
0
0
0
0
0
4095
1370
469
0
0
1295
0
0
0
0
0
0
0
0
0
0
305
0
0
0
0
0
4095
1629
563
0
0
914
0
0
0
0
0
0
0
0
0
44
0
0
0
0
0
4095
3160
1545
445
0
317
303
0
0
0
0
0
0
0
0
0
317
0
0
0
0
0
4095
3414
1543
558
0
332
356
0
0
0
0
0
0
0
0
0
285
0
0
0
0
0
4095
3357
1735
359
0
388
160
0
0
0
0
0
0
0
0
0
52
0
0
0
0
0
4095
2972
1550
0
0
305
116
0
0
0
0
0
0
0
0
0
0
0
0
0
0
2471
3583
2953
1495
0
0
284
0
0
0
0
0
0
0
0
0
0
0
0
0
0
0
1303
3553
3075
1849
0
22
79
0
0
0
0
0
0
0
0
0
0
0
0
0
0
0
1274
4095
3770
1607
0
77
23
0
0
0
0
0
0
0
0
0
0
0
0
0
0
0
1157
4095
2841
610
0
162
4
0
0
0
0
0
0
0
0
0
0
0
0
0
0
0
1151
4095
2563
282
0
12
629
0
0
0
0
0
0
1433
0
0
0
0
0
0
0
0
1156
4095
1559
316
0
205
95
0
0
0
0
0
0
0
0
0
0
0
0
0
0
0
4095
4095
1788
0
268
132
53
0
0
0
0
0
1296
0
0
0
0
0
0
0
0
0
4095
0
4095
0
371
178
0
0
0
0
0
0
2289
1337
0
0
0
0
0
0
0
0
4095
0
401
0
391
399
0
0
0
0
0
0
1656
1411
0
0
0
0
0
0
0
0
4095
0
0
670
61
451
0
0
0
0
0
0
2030
1286
0
0
0
0
0
0
0
0
729
0
0
740
600
0
0
0
0
0
0
0
3391
1332
0
0
0
0
0
0
0
0
754
0
0
677
134
0
0
0
0
0
0
0
3637
225
0
0
0
0
0
0
0
0
0
0
0
1927
32
0
0
0
0
0
0
0
3548
0
0
0
0
0
0
0
0
0
0
0
0
2488
0
0
0
0
0
0
0
0
3432
145
0
0
0
0
0
146
1682
0
0
0
1544
210
0
0
0
0
0
0
0
0
3619
381
0
0
0
0
0
285
1874
0
0
0
1291
192
0
0
0
0
0
0
0
2261
314
358
0
0
0
0
88
0
3105
0
0
0
1315
149
0
0
0
0
0
0
0
1878
0
0
0
0
0
0
0
2159
0
0
0
1766
240
206
0
0
0
0
0
0
0
1125
0
0
0
0
0
0
0
1024
1865
0
0
1071
294
172
0
0
0
0
0
0
0
0
44
0
0
0
0
84
0
1292
1865
0
0
1054
157
126
0
0
0
0
0
0
0
0
0
0
0
0
0
0
181
1131
838
0
0
1079
166
0
0
0
0
0
0
0
0
0
0
0
0
0
0
0
1124
1116
563
0
0
1068
10
0
0
0
0
37
0
0
0
0
0
0
0
0
0
0
1159
227
0
0
0
1175
2
0
0
0
0
54
0
0
0
0
0
0
0
0
72
0
1181
0
0
0
0
1132
492
0
0
0
0
54
0
0
0
0
0
0
0
0
606
0
0
0
0
609
0
338
463
0
0
0
68
11
0
0
0
0
0
0
0
0
0
0
0
0
0
257
0
20
0
0
0
0
74
0
0
0
0
0
0
0
0
0
0
0
0
0
0
380
0
0
0
0
0
0
82
0
0
0
0
0
0
0
0
286
0
0
0
0
0
0
0
0
0
0
0
0
6
0
0
0
0
0
0
0
0
12
0
0
0
0
0
0
0
0
0
0
0
0
0
0
0
0
0
0
0
0
0
0
0
0
0
0
0
0
0
0
0
0
0
0
0
0
0
0
0
0
0
0
0
0
0
0
0
0
0
0
0
0
0
0
0
4095
0
0
0
0
0
0
0
0
0
0
0
0
0
0
0
0
0
0
0
0
0
4095
0
0
0
0
0
0
0
0
2
0
0
0
0
0
0
0
0
0
0
0
0
0
0
0
4095
0
0
0
0
0
190
0
0
0
0
0
0
0
0
0
0
0
0
0
0
0
4095
0
0
0
0
0
147
0
0
0
0
0
0
0
0
0
0
0
0
0
0
4095
0
0
0
0
0
0
36
0
0
0
0
0
0
0
0
0
0
0
0
0
0
4095
0
0
0
0
0
36
0
0
0
0
0
0
0
0
0
0
0
0
0
0
0
4095
0
0
0
0
0
4095
0
0
0
0
0
0
0
0
0
0
0
0
0
0
0
0
0
0
0
0
0
4095
0
0
0
0
0
0
0
0
0
0
0
0
0
0
0
0
0
0
0
0
0
0
0
0
0
0
0
0
0
0
0
0
0
0
0
0
0
0
0
0
0
0
4095
0
0
0
0
0
0
0
0
0
0
0
0
0
0
0
0
0
0
0
0
0
4095
0
0
0
0
0
0
0
0
0
0
0
0
0
0
0
0
0
0
0
0
0
4095
0
0
0
0
0
0
0
0
0
0
0
10
0
0
0
0
4095
0
0
0
0
0
0
0
0
0
0
0
0
0
0
0
0
12
0
0
0
4095
2248
546
0
0
110
0
0
0
0
0
0
0
0
0
0
0
0
16
0
0
0
4095
1126
669
0
0
69
0
0
0
0
0
0
0
0
0
0
0
72
0
0
0
0
4095
1150
479
0
0
70
0
0
0
0
0
0
0
0
0
0
0
104
0
0
0
4095
4095
1254
161
0
0
485
0
0
0
0
0
0
0
0
0
0
0
379
0
0
0
4095
4095
1110
0
0
0
1989
0
0
0
0
0
0
0
0
0
0
0
734
0
0
4095
2020
4095
1107
0
0
0
2376
0
0
0
0
0
0
0
0
0
0
0
0
0
0
4095
2467
4095
4095
62
1134
0
2430
0
0
0
0
0
0
0
0
0
0
0
0
0
0
4004
2032
4095
4095
60
1202
1194
1155
0
0
0
0
0
0
0
0
0
1433
0
0
0
0
2207
1939
4095
4095
0
1159
1250
0
0
