0
0
0
0
0
0
0
0
0
2452
0
2
0
0
0
0
3771
0
0
0
0
119
0
0
0
0
0
0
0
0
0
0
0
2
0
0
0
2685
0
0
0
0
0
598
0
0
0
0
0
0
0
0
0
0
0
0
0
0
0
3048
0
0
0
0
0
582
0
0
0
0
0
0
0
0
0
0
0
0
0
0
0
3370
0
0
0
0
0
1941
0
0
0
0
0
0
0
0
0
0
0
0
0
0
1644
3725
0
0
0
0
0
0
0
0
0
0
0
0
0
0
0
0
0
0
0
0
2040
3807
0
0
0
0
0
0
0
0
0
0
0
0
0
61
0
0
0
0
0
0
2451
3936
0
0
0
0
0
0
0
0
0
0
0
0
0
163
0
0
0
0
0
-6842
3262
3996
0
0
0
0
0
0
171
0
0
0
0
0
0
174
0
0
0
0
0
8176
0
0
0
0
0
0
0
0
346
0
0
0
0
0
0
158
0
0
0
0
0
0
0
0
0
0
0
0
547
2379
0
0
0
0
0
0
0
103
0
0
0
0
0
0
0
0
0
0
0
0
542
1163
0
0
0
0
0
0
0
163
0
0
0
0
0
0
3397
0
0
0
0
0
629
0
0
0
0
0
0
0
0
0
0
0
0
0
0
0
0
0
0
0
0
0
0
0
0
0
0
0
0
0
0
0
0
0
0
0
0
2108
0
0
0
0
0
0
0
0
0
0
0
0
0
0
0
0
0
0
0
0
0
2301
0
0
0
0
0
0
0
0
0
0
0
0
0
0
0
0
0
0
0
0
0
2722
0
0
0
0
0
0
0
0
0
0
0
0
0
0
0
0
0
0
0
0
0
0
0
0
0
0
0
0
0
0
0
0
0
0
0
0
0
0
0
0
0
0
0
0
0
0
0
0
0
0
0
0
0
0
0
0
0
0
0
0
0
0
0
0
298
0
0
0
0
0
0
0
0
0
0
0
0
0
0
0
0
0
0
0
0
0
1621
0
0
0
0
0
0
0
0
0
0
0
0
0
0
0
0
0
0
0
0
0
0
0
0
0
0
0
0
0
0
0
0
0
0
0
0
0
0
0
0
0
0
0
0
0
0
0
0
0
0
0
0
0
0
0
0
0
0
0
0
0
0
0
0
0
0
0
0
0
0
0
0
0
0
0
0
0
0
0
0
0
0
0
0
0
0
0
0
0
0
0
0
0
0
0
0
0
0
0
0
0
0
0
0
0
0
0
0
0
0
0
0
0
0
0
0
0
0
0
0
0
0
0
0
0
0
0
0
0
0
0
0
0
0
0
0
0
0
0
0
0
0
0
0
0
0
0
0
0
0
0
0
0
0
0
0
0
0
0
0
0
0
0
0
0
0
0
0
0
0
0
0
0
0
0
0
0
0
0
0
0
0
0
0
0
1
1
0
0
0
0
0
0
0
0
0
10
0
0
0
315
0
0
0
0
0
0
3
1008
0
0
0
0
0
0
0
0
0
143
0
0
381
0
0
0
0
0
0
0
5
1794
0
0
0
0
0
0
0
0
27
228
0
0
367
0
0
0
0
0
0
2
9
1927
0
0
0
0
0
0
0
0
0
0
0
0
384
0
0
0
0
0
0
5
6
1724
0
0
0
0
0
0
0
0
230
211
0
0
453
0
0
0
0
0
0
5
12
1655
0
0
0
0
0
0
0
20
0
0
0
550
0
0
0
0
0
0
0
10
536
0
0
0
0
0
0
0
0
0
0
0
0
443
0
0
0
0
0
0
0
534
449
0
0
0
0
0
0
0
0
0
0
0
0
468
0
0
0
0
0
0
0
445
86
0
0
0
0
0
0
0
0
0
0
0
546
1026
0
0
0
0
0
0
83
84
0
0
0
0
0
0
0
0
0
0
0
0
543
0
0
0
0
0
0
0
0
0
0
0
0
0
0
0
0
0
0
0
0
0
550
0
0
0
0
0
0
0
200
0
0
0
0
0
0
0
0
0
0
0
0
0
615
0
0
0
0
0
0
0
0
0
0
0
0
0
0
0
0
0
0
0
0
0
598
0
0
0
0
0
0
0
0
0
0
0
0
0
0
0
0
0
0
0
0
0
535
0
0
0
0
0
0
0
0
0
0
0
0
0
0
0
0
0
0
0
0
0
510
0
0
0
0
0
0
0
0
0
0
0
0
0
0
0
0
0
0
0
0
665
0
0
0
0
0
0
0
0
0
0
0
0
0
0
0
0
0
0
0
0
0
0
0
0
0
0
0
0
0
0
0
0
0
0
0
0
0
0
0
0
0
0
0
0
0
0
0
0
0
0
0
0
0
0
0
0
0
0
0
0
0
0
0
0
30
0
0
0
0
0
0
0
0
0
0
0
0
0
0
0
0
0
0
0
0
0
0
0
0
0
0
0
0
0
0
0
0
0
0
0
0
0
0
0
0
0
0
0
0
0
0
0
0
0
0
0
0
0
0
0
0
0
0
0
0
0
0
0
0
0
0
0
0
0
0
0
0
0
0
0
0
0
0
0
0
0
0
0
0
0
0
0
0
0
0
0
0
0
0
0
0
0
-5367
0
0
0
0
0
0
0
0
0
0
0
0
0
0
0
0
0
0
0
0
0
7446
0
0
0
0
0
0
0
0
0
0
0
0
0
0
0
0
0
0
0
0
1601
0
0
0
0
0
0
0
0
0
0
0
0
0
0
0
0
0
0
0
0
0
1444
0
0
0
0
0
0
0
0
0
0
0
0
0
0
0
0
0
0
0
0
0
0
0
0
0
0
0
0
0
0
0
0
0
0
0
0
0
0
0
0
0
0
1321
0
0
0
0
0
0
0
0
0
0
0
0
0
0
0
0
0
0
0
0
0
0
0
0
0
0
0
0
0
0
0
0
0
0
0
0
0
0
0
0
0
0
0
0
0
0
0
0
0
0
0
0
0
0
0
0
0
0
0
0
0
0
0
0
0
0
0
-5690
0
0
0
0
0
0
0
0
0
0
0
0
0
0
0
0
0
0
0
0
-7593
-3748
0
0
0
0
0
0
0
0
0
0
0
0
0
0
0
0
0
0
0
-5857
-6186
1210
0
0
0
0
0
0
0
0
0
0
0
0
0
0
0
0
0
0
406
8088
16368
17186
0
0
0
0
0
0
0
0
0
0
0
0
0
0
0
7
0
0
2313
0
0
0
0
29
0
0
0
0
0
0
0
0
0
0
0
0
0
0
0
0
2170
0
0
0
0
78
0
0
0
0
0
0
0
0
0
1
1
1
0
0
0
0
1873
0
0
0
0
58
0
0
0
0
0
0
0
0
0
2
2
2
0
0
0
1461
0
0
0
0
0
902
0
0
0
0
0
0
0
0
0
1
1
1
0
0
0
1140
0
0
0
0
0
1109
0
0
0
0
0
0
0
0
0
3
548
548
0
0
0
0
0
0
0
0
0
1149
0
0
0
0
0
0
0
0
0
5
726
726
0
0
1191
0
0
0
0
0
151
0
0
0
0
0
0
0
0
0
0
0
0
0
0
0
2924
0
0
0
0
0
0
0
0
0
0
0
0
0
0
0
-86
5
0
0
0
0
2962
0
0
0
0
0
0
0
0
0
0
0
0
0
0
0
575
21
0
0
0
0
3290
0
0
0
0
0
0
