0
126
0
0
0
0
0
0
0
0
0
0
3923
0
2
0
0
0
3014
0
0
0
0
0
638
0
0
0
0
0
0
0
0
0
0
0
0
0
0
0
3651
0
0
0
0
0
1846
0
0
0
0
0
0
0
0
0
0
0
0
0
0
0
3706
0
0
0
0
0
0
0
0
0
0
0
0
0
0
0
0
0
0
0
0
2368
3872
0
0
0
0
0
0
0
0
0
0
0
0
0
0
0
0
0
0
0
0
2437
3914
0
0
0
0
0
0
0
0
0
0
0
0
0
119
0
0
0
0
0
0
2858
0
0
0
0
0
0
0
0
0
0
0
0
0
0
104
0
0
0
0
0
2177
3747
0
0
0
0
0
0
0
0
0
0
0
0
0
0
174
0
0
0
0
0
-6724
3378
0
0
0
0
0
0
711
0
0
0
0
0
0
0
119
0
0
0
0
675
7592
0
0
0
0
0
0
957
1298
0
0
0
0
0
0
0
113
0
0
0
0
0
0
2624
0
0
0
0
0
540
0
0
0
0
0
0
0
0
0
0
0
0
0
0
0
0
0
0
0
0
551
0
0
0
0
0
0
0
0
0
0
0
0
0
0
0
0
0
0
0
0
327
0
0
0
0
0
0
0
0
0
0
0
0
0
0
0
0
2859
0
0
0
0
345
0
0
0
0
0
0
0
0
0
0
0
0
0
0
0
0
2969
0
0
0
0
333
0
0
0
0
0
0
0
0
0
0
0
0
0
0
0
2019
0
0
0
0
0
0
0
0
0
0
0
0
0
0
0
0
0
0
0
0
0
1976
0
0
0
0
0
0
0
0
0
0
0
0
0
0
0
0
0
0
0
0
0
2538
0
0
0
0
0
0
0
0
0
0
0
0
0
0
0
0
0
0
0
0
0
2689
0
0
0
0
0
0
0
0
0
0
0
0
0
0
0
0
0
0
0
0
0
2401
0
0
0
0
0
0
0
0
0
0
0
0
0
0
0
0
0
0
0
0
0
0
0
0
0
0
0
0
0
0
0
0
0
0
0
0
0
0
0
0
0
0
0
0
0
0
0
0
0
0
0
0
0
0
0
0
0
0
0
0
0
0
0
0
0
0
0
0
0
0
0
0
0
0
0
0
0
0
0
0
0
0
0
0
0
0
0
0
0
0
0
0
0
0
0
0
0
0
0
0
1607
1501
0
0
0
0
0
0
0
0
0
0
0
0
0
0
0
0
0
0
0
0
1266
1266
0
0
0
0
0
0
0
0
0
0
0
0
0
0
0
0
0
0
0
0
0
0
0
0
0
0
0
0
0
0
0
0
0
0
0
0
0
0
0
0
0
0
0
0
0
0
0
0
0
0
0
0
0
0
0
0
0
0
0
0
0
2
2
0
0
0
0
0
0
0
0
0
10
0
0
0
0
0
0
0
0
0
0
6
1358
0
0
0
0
0
0
0
0
0
146
0
0
0
0
0
0
0
0
0
2
5
1723
0
0
0
0
0
0
0
0
36
475
0
0
404
0
0
0
0
0
0
9
12
1708
0
0
0
0
0
0
0
0
0
0
0
0
405
0
0
0
0
0
0
8
12
1795
0
0
0
0
0
0
0
0
76
0
0
562
954
0
0
0
0
0
0
4
9
1724
0
0
0
0
0
0
0
85
165
184
0
574
0
0
0
0
0
0
0
480
484
0
0
0
0
0
0
0
0
193
0
0
0
481
0
0
0
0
0
0
0
417
422
0
0
0
0
0
0
0
0
0
0
0
0
499
0
0
0
0
0
0
123
123
124
0
0
0
0
0
0
0
0
0
0
0
589
1048
0
0
0
0
0
0
114
115
115
0
0
0
0
0
0
0
0
0
0
0
565
0
0
0
0
0
0
0
0
0
0
0
0
0
0
0
0
0
0
0
0
0
513
0
0
0
0
0
0
0
0
0
0
0
0
0
0
0
0
0
0
0
0
0
141
0
0
0
0
0
0
0
0
0
0
0
0
0
0
0
0
0
0
0
0
0
575
0
0
0
0
0
0
0
0
0
0
0
0
0
0
0
0
0
0
0
0
0
539
0
0
0
0
0
0
0
0
0
0
0
0
0
0
0
0
0
0
0
0
545
1079
0
0
0
0
0
0
0
0
0
0
0
0
0
0
0
0
0
0
0
0
0
578
0
0
0
0
0
0
0
0
0
0
0
0
0
0
0
0
0
0
0
152
658
0
0
0
0
0
0
0
0
0
0
0
0
0
0
0
0
0
0
0
0
186
0
0
0
0
0
0
0
0
0
0
0
0
0
0
0
0
0
0
0
0
0
386
0
0
0
0
0
0
0
0
0
0
0
0
0
0
0
0
0
0
0
0
0
0
0
0
0
0
0
0
0
0
0
0
0
0
0
0
0
0
0
0
0
0
0
0
0
0
0
0
0
0
0
0
0
0
0
0
0
0
0
0
0
0
0
0
0
0
0
0
0
0
0
0
0
0
0
0
0
0
0
0
0
0
0
0
0
0
0
0
0
0
0
0
0
0
0
0
0
0
0
0
0
0
0
0
0
0
0
0
0
0
0
0
0
0
0
0
0
0
4095
0
0
0
0
0
0
0
0
0
0
0
0
0
0
0
0
0
0
0
0
0
0
0
0
0
0
0
0
0
0
0
0
0
0
0
0
0
0
0
0
0
0
0
0
0
0
0
0
0
0
0
0
0
0
0
0
0
0
0
0
0
0
0
0
0
0
0
0
0
0
0
0
0
0
0
0
0
0
0
0
0
0
0
0
0
242
2129
0
0
0
0
0
0
0
0
0
0
0
0
0
0
0
0
0
0
0
0
0
0
0
0
0
0
0
0
0
0
0
0
0
0
0
0
0
0
0
0
0
0
0
0
0
0
0
0
0
0
0
0
0
0
0
0
0
0
0
0
0
0
0
0
0
0
-7543
0
0
0
0
0
0
0
0
0
0
0
0
0
0
0
0
0
0
0
-6028
-8345
-6497
-297
0
0
0
0
0
0
0
0
0
0
0
0
0
0
0
0
0
0
-6847
-8844
-6140
-449
0
0
0
0
0
0
0
0
0
0
0
0
0
0
0
0
0
0
-5353
-6752
26363
902
0
0
0
0
0
0
0
0
0
0
0
0
0
0
0
0
0
0
22623
27525
0
0
0
17
0
0
0
0
0
0
0
0
0
0
0
0
0
0
0
0
1865
0
0
0
0
64
0
0
0
0
0
0
0
0
0
0
0
0
0
0
0
0
1034
0
0
0
0
60
0
0
0
0
0
0
0
0
0
3
3
3
0
0
0
2851
0
0
0
0
0
1010
0
0
0
0
0
0
0
0
0
4
4
4
0
0
0
2717
0
0
0
0
0
1220
0
0
0
0
0
0
0
0
1
4
583
0
0
0
0
2473
0
0
0
0
199
0
0
0
0
0
0
0
0
0
0
5
698
0
0
0
607
0
0
0
0
0
0
0
0
0
0
0
0
0
0
0
0
0
0
0
0
0
876
0
0
0
0
0
0
0
0
0
0
0
0
0
0
0
-468
0
0
0
0
0
855
0
0
0
0
0
0
0
0
0
0
0
0
0
0
0
78
5
0
0
0
1759
0
0
0
0
0
0
0
0
0
0
0
0
0
0
0
0
907
2
0
0
0
0
0
0
0
0
