0
3695
0
0
0
0
0
619
0
0
0
0
0
0
0
0
0
1392
0
0
0
0
0
3979
0
0
0
0
0
1765
0
0
0
0
0
0
0
0
0
0
0
0
0
0
1611
4009
0
0
0
0
0
0
0
0
0
0
0
0
0
0
0
0
1626
0
0
0
2220
4047
0
0
0
0
0
0
0
0
0
0
0
0
0
0
0
0
0
0
0
0
2777
4018
0
0
0
0
0
0
0
0
0
0
0
0
0
0
0
0
0
0
0
0
3600
0
0
0
0
0
0
0
0
0
0
0
0
0
0
120
0
0
0
0
0
-6026
3592
0
0
0
0
0
0
0
0
0
0
0
0
0
0
169
0
0
0
0
0
8078
3567
0
0
0
0
0
0
0
0
0
0
0
0
0
0
171
0
0
0
0
0
0
3267
0
0
0
0
0
0
606
182
0
0
0
0
0
0
108
0
0
0
0
0
0
3011
0
0
0
0
0
531
1206
365
0
0
0
0
0
0
121
0
0
0
0
0
0
0
0
0
0
0
492
0
0
0
0
0
0
0
0
0
0
0
0
0
0
0
3044
0
0
0
0
0
0
0
0
0
0
0
0
0
0
0
0
0
0
0
0
0
2863
0
0
0
0
0
0
0
0
0
0
0
0
0
0
0
0
0
0
0
0
0
2948
0
0
0
0
0
0
0
0
0
0
0
0
0
0
0
0
0
0
0
0
1184
3218
0
0
0
0
0
0
0
0
0
0
0
0
0
0
0
0
0
0
0
0
1900
0
0
0
0
0
0
0
0
0
0
0
0
0
0
0
0
0
0
0
0
0
2340
0
0
0
0
0
0
0
0
0
0
0
0
0
0
0
0
0
0
0
0
0
2859
0
0
0
0
0
0
0
0
0
0
0
0
0
0
0
0
0
0
0
0
0
2527
0
0
0
0
0
0
0
0
0
0
0
0
0
0
0
0
0
0
0
0
0
0
0
0
0
0
0
0
0
0
0
0
0
0
0
0
0
0
0
0
0
0
0
0
0
0
0
0
0
0
0
0
0
0
0
0
0
0
0
0
0
0
0
0
0
0
0
0
0
0
0
0
0
0
0
0
0
0
0
0
0
0
0
0
0
0
0
0
0
0
0
0
0
0
0
0
0
0
0
0
0
0
0
0
0
0
0
0
0
0
0
0
0
0
0
0
0
0
0
0
0
0
0
0
0
0
0
0
0
0
0
0
0
0
0
0
0
0
0
0
0
0
0
0
0
0
0
0
0
0
0
0
0
0
0
0
0
0
0
0
0
0
0
0
0
0
0
0
0
0
0
0
0
0
0
0
2942
0
0
0
0
0
0
0
0
5
5
0
0
0
0
0
0
0
0
0
11
0
0
0
0
0
0
0
0
0
0
2
989
0
0
0
0
0
0
0
0
0
87
0
0
372
0
0
0
0
0
0
1
4
1631
0
0
0
0
0
0
0
0
12
415
0
0
401
0
0
0
0
0
0
6
12
1650
0
0
0
0
0
0
0
0
0
0
0
0
939
0
0
0
0
0
0
7
12
1686
0
0
0
0
0
0
0
0
81
0
0
521
0
0
0
0
0
0
0
5
10
1652
0
0
0
0
0
0
0
48
172
235
535
1054
0
0
0
0
0
0
0
413
414
0
0
0
0
0
0
0
0
0
0
0
588
1076
0
0
0
0
0
0
0
595
601
0
0
0
0
0
0
0
0
0
0
0
559
1178
0
0
0
0
0
0
86
87
91
0
0
0
0
0
0
0
0
0
0
0
628
1125
0
0
0
0
0
0
119
119
119
0
0
0
0
0
0
0
0
0
0
0
574
0
0
0
0
0
0
0
0
0
0
0
0
0
0
0
0
0
0
0
0
0
515
0
0
0
0
0
0
0
0
1
0
0
0
0
0
0
0
0
0
0
0
0
561
0
0
0
0
0
0
0
0
0
0
0
0
0
0
0
0
0
0
0
0
0
530
0
0
0
0
0
0
0
0
0
0
0
0
0
0
0
0
0
0
0
0
0
559
0
0
0
0
0
0
0
0
0
0
0
0
0
0
0
0
0
0
0
0
588
1186
0
0
0
0
0
0
0
0
0
0
0
0
0
0
0
0
0
0
0
0
0
587
0
0
0
0
0
0
0
0
0
0
0
0
0
0
0
0
0
0
0
0
588
0
0
0
0
0
0
0
0
0
0
0
0
0
0
0
0
0
0
0
0
0
0
0
0
0
0
0
0
0
0
0
0
0
0
0
0
0
0
0
0
0
0
21
0
0
0
0
0
0
0
0
0
0
0
0
0
0
0
0
0
0
0
0
0
0
0
0
0
0
0
0
0
0
0
0
0
0
0
0
0
0
0
0
0
0
0
0
0
0
0
0
0
0
0
0
0
0
0
0
0
0
0
0
0
0
0
0
0
0
0
0
0
0
0
0
0
0
0
-4143
0
0
0
0
0
0
0
0
0
0
0
0
0
0
0
0
0
0
0
0
0
5973
0
0
0
0
0
0
0
0
0
0
0
0
0
0
0
0
0
0
0
0
1402
0
0
0
0
0
0
0
0
0
0
0
0
0
0
0
0
0
0
0
0
0
1432
0
0
0
0
0
0
0
0
0
0
0
0
0
0
0
0
0
0
0
0
0
0
0
0
0
0
0
0
0
0
0
0
0
0
0
0
0
0
0
0
0
30
1580
0
0
0
0
0
0
0
0
0
0
0
0
0
0
0
0
0
0
0
0
0
0
0
0
0
0
0
0
0
0
0
0
0
0
0
0
0
0
0
0
0
0
0
0
0
0
0
0
0
0
0
0
0
0
0
0
0
0
0
0
0
0
0
0
0
0
0
0
0
0
0
0
0
0
0
0
0
0
0
0
0
0
0
0
0
0
-3539
-6253
-8429
0
0
0
0
0
0
0
0
0
0
0
0
0
0
0
0
0
0
0
-3283
-7656
-7364
-180
0
0
0
0
0
0
0
0
0
0
0
0
0
0
0
0
0
0
8365
17723
17494
194
0
0
0
0
0
0
0
0
0
0
0
0
0
0
0
8
0
0
1300
0
0
0
0
0
0
0
0
0
0
0
0
0
0
0
0
0
0
0
0
0
1268
0
0
0
0
13
0
0
0
0
0
0
0
0
0
0
0
0
0
0
0
0
1422
0
0
0
0
52
0
0
0
0
0
0
0
0
0
0
0
0
0
0
0
897
0
0
0
0
0
68
0
0
0
0
0
0
0
0
0
2
2
2
0
0
0
857
0
0
0
0
0
846
0
0
0
0
0
0
0
0
0
4
4
4
0
0
0
865
0
0
0
0
0
1211
0
0
0
0
0
0
0
0
0
2
459
459
0
0
1739
0
0
0
0
0
170
0
0
0
0
0
0
0
0
0
0
1
778
778
0
0
3020
0
0
0
0
0
0
0
0
0
0
0
0
0
0
0
0
0
0
0
0
0
3062
0
0
0
0
0
0
0
0
0
0
0
0
0
0
0
0
3
0
0
0
0
3149
0
0
0
0
0
0
0
0
0
0
0
0
0
0
0
3015
2229
0
0
0
0
3082
0
0
0
0
0
0
0
0
0
0
0
0
0
0
0
0
2
0
0
0
2993
0
0
0
0
0
0
0
0
0
0
0
0
0
0
0
0
-494
1
0
0
0
