0
0
0
0
0
3125
0
0
5
0
0
0
0
1752
1948
4095
4095
0
0
2228
0
0
0
0
0
0
0
3031
0
0
5
0
0
0
3847
898
1957
4095
2082
0
923
461
0
0
0
0
0
0
0
3020
0
0
1
0
0
0
4095
817
1709
4095
0
0
1585
0
0
0
0
0
0
0
548
4095
0
0
0
0
0
0
3907
785
1711
4095
0
0
1215
0
0
0
0
0
0
0
1563
0
0
0
0
0
0
0
4095
835
1999
0
0
0
2699
0
0
0
0
0
0
0
1494
3178
0
0
0
0
0
0
4095
827
2231
0
0
0
0
0
0
0
0
0
0
0
1399
2488
0
0
0
0
0
0
4095
718
2766
0
0
0
0
0
0
0
0
0
0
0
1487
1606
0
0
0
0
0
4095
438
845
3390
0
0
0
0
0
0
0
0
0
0
0
1532
1279
0
0
0
0
0
4095
435
742
3604
0
0
0
0
0
0
0
0
0
0
0
1758
0
0
0
0
4095
0
1475
557
821
1660
0
0
0
0
0
0
0
0
0
0
0
1661
0
0
0
0
4095
0
1355
455
713
1353
0
0
0
0
0
0
0
0
0
0
124
273
0
0
0
4095
0
0
4095
561
715
1192
0
0
2558
0
0
0
0
0
0
0
96
0
0
0
0
4095
0
3092
1690
459
778
0
0
0
967
0
0
0
0
0
0
0
105
84
0
0
0
4095
0
3139
1547
462
1005
0
1765
0
774
0
0
0
0
0
0
0
111
363
0
0
0
0
0
4095
1482
572
294
0
900
0
0
0
0
0
0
0
0
0
0
346
0
0
0
0
0
4095
1822
459
365
0
694
0
0
0
0
0
0
0
0
0
32
0
0
0
0
0
4095
2922
1546
462
0
323
435
0
0
0
0
0
0
0
0
0
288
0
0
0
0
0
4095
2946
1534
518
0
317
519
0
0
0
0
0
0
0
0
0
339
0
0
0
0
0
4095
3144
1895
392
0
355
82
0
0
0
0
0
0
0
0
0
0
0
0
0
0
0
4095
3550
1554
0
15
263
26
0
0
0
0
0
0
0
0
0
0
0
0
0
0
2399
3573
2925
1572
0
20
415
0
0
0
0
0
0
0
0
0
0
0
0
0
0
0
1128
3600
2951
1900
0
60
194
0
0
0
0
0
0
0
0
0
0
0
0
0
0
0
1167
3489
3249
1484
0
158
85
1
0
0
0
0
0
0
0
0
0
0
0
0
0
0
1120
3847
3304
609
0
193
2
0
0
0
0
0
0
0
0
0
0
0
0
0
0
0
1219
4095
2581
305
0
87
11
0
0
0
0
0
0
0
0
1997
0
0
0
0
0
0
1275
4095
1498
571
0
321
79
0
0
0
0
0
0
0
0
0
0
0
0
0
0
0
4095
4095
1577
0
2
77
84
0
0
0
0
0
1429
0
0
0
0
0
0
0
0
0
4095
0
978
0
92
312
0
0
0
0
0
0
2016
0
0
0
0
0
0
0
0
0
4095
0
1027
0
63
471
0
0
0
0
0
0
3140
0
0
0
0
0
0
0
0
0
4095
0
0
248
66
1033
0
0
0
0
0
0
1949
1385
0
0
0
0
0
0
0
0
2189
0
0
703
132
0
0
0
0
0
0
0
3440
1417
0
0
0
0
0
0
0
0
2296
0
0
682
78
0
0
0
0
0
0
0
3342
1274
0
0
0
0
0
0
0
0
0
0
0
715
41
0
0
0
0
0
0
0
3368
225
0
0
0
0
0
0
0
0
0
0
0
1083
0
0
0
0
0
0
0
0
3693
0
0
0
0
0
0
0
3122
0
0
0
1025
121
0
0
0
0
0
0
0
0
3713
165
0
0
0
0
0
0
2608
0
0
0
812
163
0
0
0
0
0
0
0
2568
342
403
0
0
0
0
1267
0
4095
0
0
0
750
145
0
0
0
0
0
0
0
2131
0
437
0
0
0
0
0
745
0
0
0
1110
313
125
0
0
0
0
0
0
0
1126
0
0
0
0
0
0
0
978
1883
0
0
1066
198
85
0
0
0
0
0
0
0
0
0
0
0
0
0
69
0
1133
1871
0
0
1060
71
127
0
0
0
0
0
0
0
0
0
0
0
0
0
0
83
1145
1134
0
0
785
8
0
0
0
0
0
46
0
0
0
0
0
0
0
0
0
1221
1126
1197
0
0
921
4
0
0
0
0
47
0
0
0
0
0
0
0
0
0
0
1097
454
0
0
0
647
5
0
0
0
0
60
0
0
0
0
0
0
0
0
63
0
1766
0
0
0
0
687
449
0
0
0
0
72
0
0
0
0
0
0
0
0
0
0
0
0
0
1585
0
25
486
0
0
0
67
0
0
0
0
0
0
0
0
0
0
0
0
0
0
396
0
25
0
0
0
0
75
0
0
0
0
0
0
0
0
0
0
0
0
0
0
921
0
0
0
0
0
0
64
0
0
0
0
0
0
0
0
0
0
0
0
0
0
0
0
0
0
0
0
0
14
0
0
0
0
0
0
0
0
15
0
0
0
0
0
0
0
0
0
0
0
0
0
0
0
0
0
0
0
0
0
0
0
0
0
0
0
0
0
0
0
0
0
0
0
0
0
0
0
0
0
0
0
0
0
0
0
0
0
0
0
0
0
0
0
0
0
0
0
0
0
0
0
0
0
0
0
0
0
0
0
0
0
0
0
0
0
0
0
0
0
0
0
0
0
0
1
0
0
0
0
0
0
0
0
0
0
0
0
0
0
0
881
0
0
0
0
0
171
0
0
0
0
0
0
0
0
0
0
0
0
0
0
0
4095
0
0
0
0
0
177
0
0
0
0
0
0
0
0
0
0
0
0
0
0
4095
0
0
0
0
0
0
96
0
0
0
0
0
0
0
0
0
0
0
0
0
0
4095
0
0
0
0
0
0
0
0
0
0
0
0
0
0
0
0
0
0
0
0
0
4095
0
0
0
0
0
0
0
0
0
0
0
0
0
0
0
0
0
0
0
0
0
0
0
0
0
0
0
118
0
0
0
0
0
0
0
0
0
0
0
0
0
0
0
0
0
0
0
0
0
56
0
0
0
0
0
0
0
0
0
0
0
0
0
0
0
0
0
0
0
0
0
0
0
0
0
0
0
0
0
0
0
0
0
0
0
0
0
0
0
0
0
0
77
0
0
0
0
0
0
0
0
0
0
0
0
0
0
0
0
0
0
0
0
0
0
0
0
0
0
0
0
0
0
0
0
0
16
0
0
0
0
4095
0
0
0
0
0
0
0
0
0
0
0
0
0
0
0
0
1782
0
0
0
4095
3740
576
0
0
115
0
0
0
0
0
0
0
0
0
0
0
0
3850
0
0
0
4095
1093
569
0
0
60
0
0
0
0
0
0
0
0
0
0
0
89
4095
0
0
0
4095
1142
580
0
0
58
0
0
0
0
0
0
0
0
0
0
0
89
0
0
0
4095
4095
1129
96
0
0
283
0
0
0
0
0
0
0
0
0
0
0
200
0
0
0
4095
4095
1055
226
0
0
1856
0
0
0
0
0
0
0
0
0
0
1148
50
0
0
4095
1961
4095
1206
0
0
0
2369
0
0
0
0
0
0
0
0
0
0
0
0
0
0
2470
2201
4095
4095
57
1382
1129
1141
0
0
0
0
0
0
0
0
0
0
0
0
0
0
2052
1713
4095
4095
57
1076
1143
1201
0
0
0
0
0
0
0
0
0
6
0
0
0
0
1482
1744
4095
4095
0
1002
1149
0
0
0
