68
8
18
63
-1
-1
157
-1
-1
-1
-1
-1
-1
-1
203
-1
-1
-1
-1
-1
-1
-1
76
7
45
-1
-1
-1
183
-1
-1
-1
-1
-1
-1
-1
211
-1
-1
-1
-1
-1
-1
-1
76
9
178
-1
-1
-1
-1
-1
-1
-1
-1
-1
-1
-1
229
-1
-1
-1
-1
-1
-1
-1
70
8
180
-1
-1
-1
-1
-1
-1
-1
-1
-1
-1
-1
130
126
-1
-1
-1
-1
-1
-1
5
8
180
-1
-1
-1
-1
-1
-1
-1
-1
-1
-1
-1
135
98
-1
-1
-1
-1
-1
95
5
8
184
-1
-1
-1
-1
-1
-1
-1
-1
-1
-1
-1
140
100
-1
-1
-1
-1
-1
102
6
8
192
-1
-1
-1
-1
-1
-1
-1
-1
-1
-1
-1
136
96
-1
-1
-1
-1
-1
107
5
10
185
-1
-1
-1
-1
-1
-1
-1
-1
-1
-1
-1
248
-1
-1
-1
-1
-1
-1
96
5
12
53
-1
-1
158
-1
-1
-1
-1
-1
-1
-1
84
62
-1
-1
-1
129
-1
-1
43
6
38
-1
-1
-1
191
-1
-1
-1
-1
-1
-1
-1
83
60
-1
-1
-1
97
-1
50
17
5
38
-1
-1
-1
193
-1
-1
-1
-1
-1
-1
-1
85
-1
97
-1
-1
61
-1
53
18
6
16
-1
56
-1
160
-1
-1
-1
-1
-1
-1
-1
90
30
69
-1
-1
61
-1
53
21
5
18
-1
214
-1
-1
-1
-1
-1
-1
-1
-1
-1
-1
123
97
-1
-1
-1
-1
85
17
5
-1
40
162
-1
-1
-1
-1
-1
-1
-1
-1
-1
119
98
-1
-1
-1
-1
89
23
18
6
-1
46
156
-1
-1
-1
-1
-1
-1
-1
-1
-1
182
-1
-1
-1
-1
-1
129
25
20
5
-1
40
158
-1
-1
-1
-1
-1
-1
-1
-1
-1
186
-1
-1
-1
-1
-1
130
22
18
5
-1
40
164
-1
-1
-1
-1
-1
-1
-1
-1
100
84
-1
-1
-1
-1
-1
127
23
18
6
21
149
-1
-1
-1
-1
-1
-1
-1
-1
-1
129
89
-1
-1
-1
-1
97
30
24
16
-1
18
150
-1
-1
-1
-1
-1
-1
-1
-1
-1
177
-1
-1
-1
-1
-1
132
27
24
18
-1
17
152
-1
-1
-1
-1
-1
-1
-1
-1
-1
180
-1
-1
-1
-1
-1
129
27
23
21
-1
21
151
-1
-1
-1
-1
-1
-1
-1
-1
-1
184
-1
-1
-1
-1
-1
127
28
23
17
5
18
238
-1
-1
-1
-1
-1
-1
-1
-1
-1
-1
-1
-1
-1
-1
-1
218
31
24
10
6
17
155
-1
-1
-1
-1
-1
-1
-1
-1
173
-1
-1
-1
-1
-1
-1
133
31
21
8
5
21
146
-1
-1
-1
-1
-1
-1
-1
-1
182
-1
-1
-1
-1
-1
-1
131
27
33
-1
5
17
78
-1
-1
-1
-1
-1
145
-1
-1
52
-1
-1
-1
-1
-1
128
33
27
26
-1
6
97
-1
-1
-1
-1
-1
-1
180
-1
-1
-1
-1
-1
-1
-1
-1
148
33
-1
53
-1
5
107
-1
-1
-1
-1
-1
-1
154
17
52
-1
-1
-1
-1
-1
-1
-1
157
-1
45
9
73
-1
-1
-1
-1
-1
-1
-1
166
18
56
-1
-1
-1
-1
-1
-1
-1
179
-1
-1
25
69
-1
-1
-1
-1
-1
-1
-1
159
18
51
-1
-1
-1
-1
-1
-1
-1
192
-1
-1
26
74
-1
-1
-1
-1
-1
-1
-1
154
19
110
-1
-1
-1
-1
-1
-1
-1
-1
-1
-1
148
74
-1
-1
-1
-1
-1
-1
-1
158
100
-1
-1
-1
-1
-1
-1
-1
-1
-1
-1
-1
183
72
-1
-1
-1
-1
-1
-1
-1
160
46
-1
-1
-1
-1
-1
-1
147
-1
-1
-1
77
8
73
-1
-1
-1
-1
-1
-1
129
26
46
-1
-1
-1
-1
-1
-1
145
-1
-1
-1
80
9
-1
-1
-1
-1
-1
-1
-1
128
25
29
-1
-1
-1
-1
66
-1
91
-1
-1
-1
80
79
-1
-1
-1
-1
-1
-1
-1
126
-1
56
-1
-1
-1
-1
117
-1
-1
-1
-1
91
18
79
-1
-1
-1
-1
-1
-1
-1
132
51
-1
-1
-1
-1
39
28
27
62
-1
-1
58
18
79
-1
-1
-1
-1
-1
-1
-1
-1
193
-1
-1
-1
-1
38
29
28
65
-1
-1
58
18
82
-1
-1
-1
-1
-1
-1
-1
-1
181
-1
-1
-1
-1
33
31
32
71
-1
-1
61
102
-1
-1
-1
-1
64
64
-1
-1
-1
113
-1
-1
-1
-1
34
30
33
64
-1
-1
62
33
-1
-1
-1
-1
71
63
-1
-1
106
-1
-1
-1
-1
25
20
30
60
-1
-1
-1
90
32
-1
-1
-1
42
-1
94
-1
-1
107
-1
-1
-1
-1
24
-1
52
60
-1
-1
-1
91
34
-1
-1
-1
74
-1
-1
-1
155
-1
-1
-1
-1
-1
42
-1
122
-1
-1
-1
-1
91
33
-1
-1
-1
74
-1
-1
-1
162
-1
-1
-1
-1
-1
100
-1
-1
-1
-1
93
-1
90
-1
-1
-1
-1
181
-1
-1
-1
-1
-1
-1
-1
-1
129
-1
-1
-1
-1
-1
127
-1
87
-1
-1
-1
-1
188
-1
-1
-1
-1
-1
-1
-1
-1
133
-1
-1
-1
-1
98
37
-1
93
-1
-1
-1
57
156
-1
-1
-1
-1
-1
-1
-1
-1
143
-1
-1
-1
-1
184
-1
-1
-1
-1
-1
-1
251
-1
-1
-1
-1
-1
-1
-1
-1
-1
302
-1
-1
-1
-1
-1
-1
-1
-1
-1
-1
-1
249
-1
-1
-1
-1
-1
-1
-1
-1
-1
298
-1
-1
-1
-1
-1
-1
-1
-1
-1
-1
-1
284
-1
-1
-1
-1
-1
-1
-1
-1
281
-1
-1
-1
-1
-1
-1
-1
-1
-1
-1
-1
-1
-1
-1
-1
-1
-1
-1
-1
-1
-1
586
-1
-1
-1
-1
-1
-1
-1
-1
-1
-1
-1
-1
-1
-1
-1
257
-1
-1
-1
-1
-1
329
-1
-1
-1
-1
-1
-1
-1
-1
-1
-1
-1
-1
-1
-1
291
-1
-1
-1
-1
-1
-1
291
-1
-1
-1
-1
-1
-1
-1
-1
-1
-1
-1
-1
-1
-1
276
-1
-1
-1
-1
-1
-1
280
-1
-1
-1
-1
-1
-1
-1
-1
-1
-1
-1
-1
-1
-1
250
-1
-1
-1
-1
-1
308
-1
-1
-1
-1
-1
-1
-1
-1
-1
-1
-1
-1
-1
-1
-1
250
-1
-1
-1
-1
-1
304
-1
-1
-1
-1
-1
-1
-1
-1
-1
-1
-1
-1
-1
-1
-1
-1
-1
-1
-1
-1
-1
549
-1
-1
-1
-1
-1
-1
-1
-1
-1
-1
-1
-1
-1
-1
-1
-1
-1
-1
-1
-1
283
274
-1
-1
-1
-1
-1
-1
-1
-1
-1
-1
-1
-1
-1
-1
-1
-1
-1
-1
-1
-1
549
-1
-1
-1
-1
-1
-1
-1
-1
-1
-1
-1
-1
-1
-1
-1
-1
-1
-1
-1
-1
-1
515
-1
-1
-1
-1
-1
-1
-1
-1
-1
-1
-1
-1
-1
-1
-1
-1
-1
-1
-1
-1
-1
235
-1
-1
-1
-1
-1
-1
-1
-1
-1
-1
-1
287
-1
-1
-1
49
63
-1
-1
-1
91
100
-1
-1
-1
-1
-1
-1
-1
-1
-1
-1
-1
206
-1
-1
-1
47
63
-1
-1
-1
161
-1
-1
-1
-1
-1
-1
-1
-1
-1
-1
-1
201
26
-1
-1
-1
51
34
69
-1
-1
129
-1
-1
-1
-1
-1
-1
-1
-1
-1
-1
-1
197
26
-1
-1
30
29
30
69
-1
-1
125
-1
-1
-1
-1
-1
-1
-1
-1
-1
-1
-1
227
-1
-1
-1
27
28
30
65
-1
-1
133
-1
-1
-1
-1
-1
-1
-1
-1
-1
-1
-1
224
-1
-1
-1
27
28
63
-1
-1
-1
160
-1
-1
-1
-1
-1
-1
-1
-1
-1
-1
174
42
-1
-1
13
20
28
30
-1
67
33
97
-1
-1
-1
-1
-1
-1
-1
-1
-1
-1
171
36
-1
-1
15
20
33
31
-1
68
32
99
-1
-1
-1
-1
-1
-1
-1
-1
-1
-1
206
-1
-1
-1
170
18
27
33
35
36
191
-1
-1
-1
-1
-1
-1
-1
-1
-1
-1
-1
-1
-1
-1
-1
8
18
28
64
-1
-1
148
-1
-1
-1
-1
-1
-1
-1
-1
-1
-1
193
-1
-1
-1
43
7
21
28
30
-1
68
118
-1
-1
-1
-1
-1
-1
-1
-1
-1
-1
188
-1
-1
-1
46
9
18
29
33
-1
181
-1
-1
-1
-1
-1
-1
-1
-1
-1
-1
-1
201
-1
-1
-1
46
