-1
125
-1
-1
-1
-1
-1
-1
-1
126
-1
-1
124
-1
-1
-1
-1
36
17
26
-1
89
-1
152
-1
-1
-1
-1
-1
-1
-1
121
-1
-1
126
-1
-1
-1
-1
37
21
79
-1
-1
62
118
-1
-1
-1
-1
-1
-1
-1
110
-1
-1
129
-1
-1
-1
-1
32
17
47
-1
-1
-1
-1
-1
-1
-1
-1
-1
-1
-1
196
-1
-1
-1
-1
-1
-1
83
5
17
217
-1
-1
-1
-1
-1
-1
-1
-1
-1
-1
107
31
99
-1
-1
-1
-1
-1
85
5
20
191
-1
-1
-1
-1
-1
-1
-1
-1
-1
-1
101
34
103
-1
-1
-1
-1
-1
75
6
17
181
-1
-1
-1
-1
-1
-1
-1
-1
-1
-1
-1
102
103
-1
-1
-1
-1
-1
81
5
17
203
-1
-1
-1
-1
-1
-1
-1
-1
-1
-1
-1
196
-1
-1
-1
-1
-1
-1
75
5
20
203
-1
-1
-1
-1
-1
-1
-1
-1
-1
-1
94
124
-1
-1
-1
-1
-1
-1
83
6
201
-1
-1
-1
164
-1
-1
-1
-1
-1
-1
-1
71
59
-1
-1
-1
99
-1
45
8
5
68
-1
-1
-1
153
-1
-1
-1
-1
-1
-1
-1
67
29
61
-1
-1
65
-1
49
9
6
66
-1
-1
-1
153
-1
-1
-1
-1
-1
-1
-1
65
-1
86
-1
-1
63
-1
48
8
5
64
-1
-1
-1
-1
-1
-1
-1
-1
-1
-1
-1
90
28
92
-1
-1
-1
-1
76
9
5
194
-1
-1
-1
-1
-1
-1
-1
-1
-1
-1
-1
92
80
-1
-1
-1
-1
90
18
8
6
-1
195
-1
-1
-1
-1
-1
-1
-1
-1
-1
-1
151
-1
-1
-1
-1
-1
128
19
9
5
-1
198
-1
-1
-1
-1
-1
-1
-1
-1
-1
-1
156
-1
-1
-1
-1
-1
129
21
9
5
-1
194
-1
-1
-1
-1
-1
-1
-1
-1
-1
67
79
-1
-1
-1
-1
-1
121
19
8
6
-1
194
-1
-1
-1
-1
-1
-1
-1
-1
-1
71
79
-1
-1
-1
-1
-1
121
18
9
-1
19
178
-1
-1
-1
-1
-1
-1
-1
-1
-1
127
-1
-1
-1
-1
-1
123
28
21
10
-1
18
182
-1
-1
-1
-1
-1
-1
-1
-1
-1
125
-1
-1
-1
-1
-1
123
29
19
9
-1
17
195
-1
-1
-1
-1
-1
-1
-1
-1
-1
128
-1
-1
-1
-1
-1
126
30
19
9
-1
17
192
-1
-1
-1
-1
-1
-1
-1
-1
156
-1
-1
-1
-1
-1
-1
139
27
20
11
4
20
154
-1
-1
-1
-1
-1
-1
-1
-1
165
-1
-1
-1
-1
-1
-1
125
29
22
-1
13
23
161
-1
-1
-1
-1
-1
-1
-1
-1
144
-1
-1
-1
-1
-1
127
30
30
20
-1
14
23
153
-1
-1
-1
-1
-1
109
-1
-1
64
-1
-1
-1
-1
-1
127
30
35
20
-1
15
26
123
-1
-1
-1
-1
-1
180
-1
-1
-1
-1
-1
-1
-1
-1
151
29
29
24
-1
16
113
-1
-1
-1
-1
-1
-1
125
-1
96
-1
-1
-1
-1
-1
-1
124
30
29
21
14
9
120
-1
-1
-1
-1
-1
92
28
-1
107
-1
-1
-1
-1
-1
-1
-1
191
-1
-1
34
14
124
-1
-1
-1
-1
-1
126
27
-1
101
-1
-1
-1
-1
-1
-1
136
60
-1
-1
37
97
-1
-1
-1
-1
-1
-1
125
25
-1
101
-1
-1
-1
-1
-1
-1
158
-1
-1
-1
70
95
-1
-1
-1
-1
-1
-1
126
25
70
-1
-1
-1
-1
-1
-1
-1
177
-1
-1
-1
62
98
-1
-1
-1
-1
-1
-1
128
25
71
-1
-1
-1
-1
-1
-1
-1
179
-1
-1
52
6
99
-1
-1
-1
-1
-1
-1
130
30
61
-1
-1
-1
-1
-1
-1
152
-1
-1
-1
87
100
-1
-1
-1
-1
-1
-1
-1
135
26
59
-1
-1
-1
-1
-1
-1
149
-1
-1
-1
86
97
-1
-1
-1
-1
-1
-1
-1
124
-1
71
-1
-1
-1
-1
79
-1
101
-1
-1
57
23
99
-1
-1
-1
-1
-1
-1
124
31
58
-1
-1
-1
-1
57
102
-1
-1
-1
-1
89
20
65
-1
-1
-1
-1
-1
-1
124
34
47
-1
-1
-1
-1
58
30
-1
93
-1
-1
58
12
61
-1
-1
-1
-1
-1
-1
124
-1
79
-1
-1
-1
-1
53
30
30
63
-1
-1
62
78
-1
-1
-1
-1
-1
-1
-1
-1
-1
78
-1
-1
-1
-1
56
30
30
63
-1
-1
58
26
-1
-1
-1
-1
-1
171
-1
-1
105
-1
-1
-1
-1
31
25
30
60
-1
-1
-1
89
26
-1
-1
-1
-1
-1
149
-1
-1
-1
-1
-1
-1
-1
42
25
33
60
-1
-1
-1
86
17
-1
-1
-1
60
-1
188
-1
82
-1
-1
-1
-1
-1
46
30
32
66
-1
-1
-1
102
-1
-1
-1
-1
59
-1
93
-1
114
-1
-1
-1
-1
-1
44
25
94
-1
-1
-1
-1
97
-1
-1
-1
-1
118
-1
-1
-1
113
-1
-1
-1
-1
98
-1
-1
-1
-1
-1
-1
-1
161
-1
-1
-1
-1
119
-1
-1
-1
-1
-1
-1
-1
-1
121
-1
-1
-1
-1
122
-1
-1
67
-1
-1
-1
-1
196
-1
-1
-1
-1
-1
-1
-1
-1
124
-1
-1
-1
-1
122
-1
-1
67
-1
-1
-1
32
166
-1
-1
-1
-1
-1
-1
-1
-1
129
-1
-1
-1
-1
169
-1
-1
-1
-1
-1
-1
212
-1
-1
-1
-1
-1
-1
-1
-1
-1
212
-1
-1
-1
-1
-1
-1
-1
-1
-1
-1
-1
288
-1
-1
-1
-1
-1
-1
-1
-1
237
-1
-1
-1
-1
-1
-1
-1
-1
-1
-1
-1
-1
261
-1
-1
-1
-1
-1
-1
-1
-1
517
-1
-1
-1
-1
-1
-1
-1
-1
-1
-1
-1
-1
-1
-1
-1
-1
-1
-1
-1
-1
-1
525
-1
-1
-1
-1
-1
-1
-1
-1
-1
-1
-1
-1
-1
-1
-1
-1
-1
-1
-1
-1
-1
224
-1
-1
-1
-1
-1
-1
-1
-1
-1
-1
-1
289
-1
-1
-1
-1
-1
-1
-1
-1
-1
247
-1
-1
-1
-1
-1
-1
-1
-1
-1
-1
-1
-1
-1
-1
267
-1
-1
-1
-1
-1
216
-1
-1
-1
-1
-1
-1
-1
-1
-1
-1
-1
-1
-1
-1
-1
291
-1
-1
-1
-1
-1
240
-1
-1
-1
-1
-1
-1
-1
-1
-1
-1
-1
-1
-1
-1
-1
288
-1
-1
-1
-1
-1
541
-1
-1
-1
-1
-1
-1
-1
-1
-1
-1
-1
-1
-1
-1
-1
-1
-1
-1
-1
-1
272
268
-1
-1
-1
-1
-1
-1
-1
-1
-1
-1
-1
-1
-1
-1
-1
-1
-1
-1
-1
-1
537
-1
-1
-1
-1
-1
-1
-1
-1
-1
-1
-1
-1
-1
-1
-1
-1
-1
-1
-1
-1
-1
540
-1
-1
-1
-1
-1
-1
-1
-1
-1
-1
-1
-1
-1
-1
-1
-1
-1
-1
-1
-1
-1
540
-1
-1
-1
-1
-1
-1
-1
-1
-1
-1
-1
-1
-1
-1
-1
-1
-1
-1
-1
-1
164
115
-1
-1
-1
-1
-1
-1
-1
-1
-1
-1
-1
274
-1
-1
-1
-1
-1
-1
-1
-1
182
-1
-1
-1
-1
-1
-1
-1
-1
-1
-1
-1
-1
209
-1
-1
-1
71
99
-1
-1
-1
150
-1
-1
-1
-1
-1
-1
-1
-1
-1
-1
-1
211
22
-1
-1
-1
70
105
-1
-1
30
118
-1
-1
-1
-1
-1
-1
-1
-1
-1
-1
-1
231
-1
-1
-1
46
28
30
69
-1
65
126
-1
-1
-1
-1
-1
-1
-1
-1
-1
-1
191
43
-1
-1
-1
52
27
64
-1
-1
-1
154
-1
-1
-1
-1
-1
-1
-1
-1
-1
-1
185
41
-1
-1
-1
46
29
101
-1
-1
70
124
-1
-1
-1
-1
-1
-1
-1
-1
-1
-1
195
40
-1
-1
24
24
32
62
-1
35
126
-1
-1
-1
-1
-1
-1
-1
-1
-1
-1
-1
242
-1
-1
-1
44
23
29
61
-1
36
122
-1
-1
-1
-1
-1
-1
-1
-1
-1
-1
-1
234
-1
-1
20
18
25
28
64
-1
39
124
-1
-1
-1
-1
-1
-1
-1
-1
-1
-1
-1
232
-1
-1
21
18
22
27
65
-1
-1
129
-1
-1
-1
-1
-1
-1
-1
-1
-1
-1
212
-1
-1
-1
39
21
21
28
32
68
35
119
-1
-1
-1
-1
-1
-1
-1
-1
-1
-1
221
-1
-1
-1
39
18
24
30
65
-1
