24
38
114
-1
35
-1
-1
-1
-1
-1
-1
-1
137
-1
-1
-1
-1
-1
-1
-1
22
8
32
-1
-1
-1
109
-1
-1
-1
-1
-1
-1
-1
93
-1
-1
-1
-1
-1
-1
-1
26
9
24
-1
-1
-1
-1
-1
-1
-1
-1
-1
-1
-1
71
-1
-1
-1
-1
-1
-1
-1
41
9
68
-1
-1
-1
-1
-1
-1
-1
-1
-1
-1
-1
62
-1
-1
-1
-1
-1
-1
-1
45
11
110
-1
-1
-1
-1
-1
-1
-1
-1
-1
-1
-1
52
30
-1
-1
-1
-1
-1
42
5
14
109
-1
-1
-1
-1
-1
-1
-1
-1
-1
-1
-1
53
30
-1
-1
-1
-1
-1
59
6
16
114
-1
-1
-1
-1
-1
-1
-1
-1
-1
-1
-1
52
18
-1
-1
-1
-1
-1
72
5
16
85
-1
-1
-1
-1
-1
-1
-1
-1
-1
-1
-1
56
-1
-1
-1
-1
-1
-1
71
6
19
137
-1
-1
-1
-1
-1
-1
-1
-1
-1
-1
24
30
-1
-1
-1
67
-1
-1
39
5
18
-1
-1
-1
130
-1
-1
-1
-1
-1
-1
-1
23
-1
-1
-1
-1
56
-1
22
18
5
18
-1
-1
-1
76
-1
-1
-1
-1
-1
-1
-1
23
-1
-1
-1
-1
53
-1
26
20
6
43
-1
111
-1
120
-1
-1
-1
-1
-1
-1
-1
23
-1
-1
-1
-1
77
-1
22
17
5
15
-1
86
-1
-1
-1
-1
-1
-1
-1
-1
-1
-1
-1
-1
-1
-1
-1
-1
52
17
5
33
23
47
-1
-1
-1
-1
-1
-1
-1
-1
-1
-1
-1
-1
-1
-1
-1
57
22
15
6
-1
40
37
-1
-1
-1
-1
-1
-1
-1
-1
-1
14
-1
-1
-1
-1
-1
53
26
11
5
-1
38
30
-1
-1
-1
-1
-1
-1
-1
-1
-1
26
-1
-1
-1
-1
-1
55
23
12
5
-1
40
8
-1
-1
-1
-1
-1
-1
-1
-1
-1
16
-1
-1
-1
-1
-1
55
23
10
-1
-1
21
-1
-1
-1
-1
-1
-1
-1
-1
-1
-1
-1
-1
-1
-1
-1
-1
53
21
8
-1
15
24
-1
-1
-1
-1
-1
-1
-1
-1
-1
-1
-1
-1
-1
-1
-1
30
32
19
8
-1
15
25
-1
-1
-1
-1
-1
-1
-1
-1
-1
-1
-1
-1
-1
-1
-1
30
28
17
9
-1
21
17
-1
-1
-1
-1
-1
-1
-1
-1
-1
-1
-1
-1
-1
-1
-1
30
25
18
7
-1
17
21
-1
-1
-1
-1
-1
-1
-1
-1
-1
-1
-1
-1
-1
-1
-1
34
27
17
-1
-1
16
8
-1
-1
-1
-1
-1
-1
-1
-1
2
-1
-1
-1
-1
-1
-1
32
25
20
-1
-1
20
-1
-1
-1
-1
-1
-1
-1
-1
-1
3
-1
-1
-1
-1
-1
-1
28
25
18
-1
1
17
21
-1
-1
-1
-1
-1
3
-1
-1
-1
-1
-1
-1
-1
-1
-1
25
43
18
-1
5
17
-1
-1
-1
-1
-1
-1
22
-1
-1
-1
-1
-1
-1
-1
-1
16
30
-1
17
-1
4
20
-1
-1
-1
-1
-1
-1
33
-1
-1
-1
-1
-1
-1
-1
-1
-1
30
-1
38
-1
3
75
-1
-1
-1
-1
-1
-1
44
3
-1
-1
-1
-1
-1
-1
-1
-1
37
-1
-1
-1
5
-1
-1
-1
-1
-1
-1
61
29
2
-1
-1
-1
-1
-1
-1
-1
-1
66
-1
-1
19
31
-1
-1
-1
-1
-1
-1
163
25
1
-1
-1
-1
-1
-1
-1
-1
28
-1
-1
-1
28
34
-1
-1
-1
-1
-1
-1
-1
25
-1
-1
-1
-1
-1
-1
-1
-1
112
-1
-1
-1
25
36
-1
-1
-1
-1
-1
-1
-1
114
-1
-1
-1
-1
-1
-1
-1
59
-1
-1
-1
-1
54
36
-1
-1
-1
-1
-1
-1
100
25
17
-1
-1
-1
-1
-1
-1
109
-1
-1
-1
46
9
63
-1
-1
-1
-1
-1
-1
97
-1
17
-1
-1
-1
-1
30
-1
96
-1
-1
-1
49
9
-1
-1
-1
-1
-1
-1
-1
113
-1
6
-1
-1
-1
-1
48
-1
135
-1
-1
62
19
38
-1
-1
-1
-1
-1
-1
-1
102
12
-1
-1
-1
-1
-1
33
-1
-1
-1
-1
60
19
30
-1
-1
-1
-1
-1
-1
82
-1
20
-1
-1
-1
-1
-1
-1
30
63
-1
-1
57
20
47
-1
-1
-1
-1
-1
-1
-1
-1
16
-1
-1
-1
-1
10
-1
30
63
-1
-1
58
21
-1
-1
-1
-1
-1
16
-1
-1
-1
-1
-1
-1
-1
-1
-1
11
30
91
-1
-1
60
22
-1
-1
-1
-1
26
-1
-1
-1
-1
-1
-1
-1
-1
-1
-1
31
30
-1
-1
-1
59
33
-1
-1
-1
27
-1
-1
-1
-1
-1
-1
-1
-1
-1
8
-1
30
63
-1
-1
-1
51
34
-1
-1
-1
37
-1
-1
-1
-1
-1
-1
-1
-1
-1
-1
-1
41
-1
-1
-1
-1
43
56
-1
-1
-1
57
-1
-1
-1
-1
-1
-1
-1
-1
-1
-1
-1
-1
-1
-1
90
-1
30
-1
-1
-1
-1
37
-1
-1
-1
-1
-1
-1
-1
-1
-1
-1
-1
-1
-1
-1
43
-1
29
-1
-1
-1
-1
28
-1
-1
-1
-1
-1
-1
-1
-1
-1
-1
-1
-1
-1
-1
45
-1
38
-1
-1
-1
-1
-1
-1
-1
-1
-1
-1
-1
-1
-1
6
-1
-1
-1
-1
10
-1
-1
95
-1
-1
-1
10
-1
-1
-1
-1
-1
-1
-1
-1
-1
-1
-1
-1
-1
-1
61
-1
-1
-1
-1
-1
-1
22
-1
-1
-1
-1
-1
-1
-1
-1
-1
-1
-1
-1
-1
-1
-1
-1
-1
-1
-1
-1
-1
14
-1
-1
-1
-1
-1
-1
-1
-1
-1
-1
-1
-1
-1
-1
-1
-1
-1
-1
-1
-1
-1
24
-1
-1
-1
-1
-1
-1
-1
-1
-1
-1
-1
-1
-1
-1
-1
-1
-1
-1
-1
-1
-1
69
-1
-1
-1
-1
-1
-1
-1
-1
-1
-1
-1
-1
-1
-1
-1
-1
-1
-1
-1
-1
-1
-1
-1
42
-1
-1
-1
-1
-1
-1
30
-1
-1
-1
-1
-1
-1
-1
-1
-1
-1
-1
-1
-1
-1
51
-1
-1
-1
-1
-1
-1
58
-1
-1
-1
-1
-1
-1
-1
-1
-1
-1
-1
-1
-1
-1
73
-1
-1
-1
-1
-1
-1
-1
-1
-1
-1
-1
-1
-1
-1
-1
-1
-1
-1
-1
-1
-1
281
-1
-1
-1
-1
-1
32
-1
-1
-1
-1
-1
-1
-1
-1
-1
-1
-1
-1
-1
-1
-1
-1
-1
-1
-1
-1
-1
26
-1
-1
-1
-1
-1
-1
-1
-1
-1
-1
-1
-1
-1
-1
-1
-1
-1
-1
-1
-1
-1
15
-1
-1
-1
-1
-1
-1
-1
-1
-1
-1
-1
-1
-1
-1
-1
-1
-1
-1
-1
-1
-1
-1
-1
-1
-1
-1
-1
-1
-1
-1
-1
-1
-1
-1
-1
-1
-1
-1
-1
-1
-1
-1
9
-1
-1
-1
-1
-1
-1
-1
-1
-1
-1
-1
-1
-1
-1
-1
-1
-1
-1
-1
-1
-1
-1
-1
-1
-1
-1
-1
-1
-1
-1
-1
-1
-1
-1
-1
-1
-1
-1
-1
-1
-1
-1
-1
-1
-1
-1
-1
-1
-1
-1
-1
-1
-1
-1
-1
99
-1
-1
-1
203
172
-1
-1
-1
8
-1
-1
-1
-1
-1
-1
-1
-1
-1
-1
-1
-1
-1
-1
-1
-1
55
30
15
-1
-1
16
-1
-1
-1
-1
-1
-1
-1
-1
-1
-1
-1
4
-1
-1
-1
-1
30
30
16
-1
-1
27
-1
-1
-1
-1
-1
-1
-1
-1
-1
-1
-1
25
-1
-1
-1
29
30
31
65
-1
-1
30
-1
-1
-1
-1
-1
-1
-1
-1
-1
-1
-1
30
-1
-1
-1
27
28
33
-1
-1
-1
54
-1
-1
-1
-1
-1
-1
-1
-1
-1
-1
43
22
-1
-1
-1
26
28
52
-1
70
33
31
-1
-1
-1
-1
-1
-1
-1
-1
-1
-1
65
-1
-1
-1
13
20
29
61
-1
35
33
60
-1
-1
-1
-1
-1
-1
-1
-1
-1
-1
69
-1
-1
-1
14
19
29
59
-1
39
30
-1
-1
-1
-1
-1
-1
-1
-1
-1
-1
-1
75
-1
-1
-1
13
18
25
31
-1
73
30
-1
-1
-1
-1
-1
-1
-1
-1
-1
-1
51
-1
-1
-1
6
7
18
32
31
-1
-1
30
-1
-1
-1
-1
-1
-1
-1
-1
-1
-1
44
-1
-1
-1
16
9
20
30
1
-1
35
6
-1
-1
-1
-1
-1
-1
-1
-1
-1
-1
6
-1
-1
-1
23
8
20
