0
2691
0
0
0
0
0
636
0
0
0
0
0
0
0
0
0
1490
0
0
0
0
0
3525
0
0
0
0
0
1819
0
0
0
0
0
0
0
0
0
0
0
0
0
0
1148
3697
0
0
0
0
0
0
0
0
0
0
0
0
0
0
0
0
0
0
0
0
2142
3779
0
0
0
0
0
0
0
0
0
0
0
0
0
0
0
0
0
0
0
0
2138
3801
0
0
0
0
0
0
0
0
0
0
0
0
0
0
0
0
0
0
0
0
2666
3767
0
0
0
0
0
0
0
0
0
0
0
0
0
230
0
0
0
0
0
-5028
3370
0
0
0
0
0
0
0
163
0
0
0
0
0
0
230
0
0
0
0
0
6818
3267
0
0
0
0
0
0
0
345
0
0
0
0
0
0
168
0
0
0
0
0
0
3170
0
0
0
0
0
0
1805
526
0
0
0
0
0
0
178
0
0
0
0
0
0
3401
0
0
0
0
0
560
0
0
0
0
0
0
0
0
173
0
0
0
0
0
0
0
0
0
0
0
0
523
0
0
0
0
0
0
0
0
0
0
0
0
0
0
2022
0
0
0
0
0
501
0
0
0
0
0
0
0
0
0
0
0
0
0
0
0
2105
0
0
0
0
0
0
0
0
0
0
0
0
0
0
0
0
0
0
0
0
0
2107
0
0
0
0
0
0
0
0
0
0
0
0
0
0
0
0
0
0
0
0
0
2281
0
0
0
0
0
0
0
0
0
0
0
0
0
0
0
0
0
0
0
0
0
0
0
0
0
0
0
0
0
0
0
0
0
0
0
0
0
0
0
0
0
0
0
0
0
0
0
0
0
0
0
0
0
0
0
0
0
0
0
0
0
0
0
0
0
0
0
0
0
0
0
0
0
0
0
0
0
0
0
0
0
0
0
0
0
0
0
0
0
0
0
0
0
0
0
0
0
0
0
0
0
0
0
0
0
0
0
0
0
0
0
0
0
0
0
0
0
0
0
0
0
0
0
0
0
0
0
0
0
0
0
0
0
0
0
0
0
0
0
0
0
0
0
0
0
0
0
0
0
0
0
0
0
0
0
0
0
0
0
0
0
0
0
0
0
0
0
0
0
0
0
0
0
0
0
0
0
0
0
0
0
0
0
0
0
0
0
0
0
0
0
0
0
0
0
0
0
0
0
0
0
0
0
0
0
0
0
0
0
0
0
0
0
0
0
0
0
0
0
0
0
0
0
0
0
0
0
0
0
0
0
0
0
0
0
0
0
0
0
0
0
0
0
0
0
0
0
0
0
0
0
0
0
0
0
0
0
0
0
0
0
0
0
0
0
0
0
0
0
0
0
0
2
2
0
0
0
0
0
0
0
0
0
8
0
0
0
284
0
0
0
0
0
0
2
692
0
0
0
0
0
0
0
0
0
44
0
0
453
0
0
0
0
0
0
0
5
1679
0
0
0
0
0
0
0
0
8
225
0
0
397
0
0
0
0
0
0
5
7
1682
0
0
0
0
0
0
0
0
76
302
0
0
386
0
0
0
0
0
0
7
12
1671
0
0
0
0
0
0
0
0
64
0
0
0
893
0
0
0
0
0
0
6
9
1791
0
0
0
0
0
0
0
0
704
0
0
505
0
0
0
0
0
0
0
310
314
0
0
0
0
0
0
0
0
27
0
0
0
434
0
0
0
0
0
0
0
615
618
0
0
0
0
0
0
0
0
0
0
0
604
1144
0
0
0
0
0
0
61
106
112
0
0
0
0
0
0
0
0
0
0
0
612
1117
0
0
0
0
0
0
94
95
95
0
0
0
0
0
0
0
0
0
0
0
544
1028
0
0
0
0
0
0
0
0
0
0
0
0
0
0
0
0
0
0
0
0
553
0
0
0
0
0
0
0
36
0
0
0
0
0
0
0
0
0
0
0
0
0
519
0
0
0
0
0
1
0
0
0
0
0
0
0
0
0
0
0
0
0
0
0
547
0
0
0
0
0
0
0
0
0
0
0
0
0
0
0
0
0
0
0
0
0
577
0
0
0
0
0
0
0
0
0
0
0
0
0
0
0
0
0
0
0
0
0
607
0
0
0
0
0
0
0
0
0
0
0
0
0
0
0
0
0
0
0
0
0
550
0
0
0
0
0
0
0
0
0
0
0
0
0
0
0
0
0
0
0
0
562
0
0
0
0
0
0
0
0
0
0
0
0
0
0
0
0
0
0
0
0
0
0
0
0
0
0
0
0
0
0
0
0
0
0
0
0
0
0
0
0
0
0
6
0
0
0
0
0
0
0
0
0
0
0
0
0
0
0
0
0
0
0
0
0
0
0
0
0
0
0
0
0
0
0
0
0
0
0
0
0
0
0
0
0
0
0
0
0
0
0
0
0
0
0
0
0
0
0
0
0
0
0
0
0
0
0
0
0
0
0
0
0
0
0
0
0
0
0
-2974
0
0
0
0
0
0
0
0
0
0
0
0
0
0
0
0
0
0
0
0
0
4355
0
0
0
0
0
0
0
0
0
0
0
0
0
0
0
0
0
0
0
0
1150
0
0
0
0
0
0
0
0
0
0
0
0
0
0
0
0
0
0
0
0
0
2105
0
0
0
0
0
0
0
0
0
0
0
0
0
0
0
0
0
0
0
0
0
825
0
0
0
0
0
0
0
0
0
0
0
0
0
0
0
0
0
0
0
0
1690
0
0
0
0
0
0
0
0
0
0
0
0
0
0
0
0
0
0
0
0
0
0
0
0
0
0
0
0
0
0
0
0
0
0
0
0
0
0
0
0
0
0
0
0
0
0
0
0
0
0
0
0
0
0
0
0
0
0
0
0
0
0
0
0
0
0
0
-6683
0
0
0
0
0
0
0
0
0
0
0
0
0
0
0
0
0
0
0
0
-6807
-4669
0
0
0
0
0
0
0
0
0
0
0
0
0
0
0
0
0
0
0
-5809
-5800
-2170
0
0
0
0
0
0
0
0
0
0
0
0
0
0
0
0
0
0
516
8120
14908
21562
0
0
0
0
0
0
0
0
0
0
0
0
0
0
0
0
0
0
2235
0
0
0
0
0
0
0
0
0
0
0
0
0
0
0
0
0
0
0
0
0
2073
0
0
0
0
0
0
0
0
0
0
0
0
0
0
0
0
0
0
0
0
0
2401
0
0
0
0
64
0
0
0
0
0
0
0
0
0
0
0
0
0
0
0
1417
0
0
0
0
0
75
0
0
0
0
0
0
0
0
0
0
0
0
0
0
0
1456
0
0
0
0
0
698
0
0
0
0
0
0
0
0
0
2
2
2
0
0
314
0
0
0
0
0
0
1127
0
0
0
0
0
0
0
0
0
2
435
435
0
0
0
0
0
0
0
0
0
1057
0
0
0
0
0
0
0
0
0
3
692
692
0
0
2915
0
0
0
0
0
0
0
0
0
0
0
0
0
0
0
0
0
0
0
0
0
2643
0
0
0
0
0
0
0
0
0
0
0
0
0
0
0
0
3
136
0
0
0
3459
0
0
0
0
0
0
0
0
0
0
0
0
0
0
0
2526
1966
136
0
0
0
3252
0
0
0
0
0
1068
0
0
0
0
0
0
0
0
0
0
5
0
0
0
2248
3948
0
0
0
0
0
0
0
0
0
0
0
0
0
0
0
-223
4
0
0
0
