0
0
0
510
0
0
0
0
0
0
0
0
0
1399
0
3
0
0
0
1921
3837
0
0
0
0
620
0
0
0
0
0
0
0
0
0
1380
0
1
0
0
0
2890
0
0
0
186
0
677
0
0
0
0
0
0
0
0
0
1374
0
0
0
0
0
3573
0
0
0
1315
797
180
0
0
0
0
0
0
0
0
0
0
0
0
0
0
614
3617
0
0
0
1391
777
169
0
0
0
0
0
0
0
0
0
0
0
0
0
0
2168
3872
0
0
1876
1365
832
184
0
0
0
0
0
0
0
0
1715
0
0
0
0
0
2286
3847
0
0
1824
1303
767
196
0
0
0
0
0
0
0
226
0
0
0
0
0
1122
3189
3855
0
0
1825
1326
821
210
0
0
0
0
0
0
0
232
0
0
0
0
0
0
3304
0
0
0
570
0
513
1203
0
0
0
0
0
0
0
278
0
0
0
0
0
0
3282
0
0
0
569
0
545
1174
0
0
0
0
0
0
0
280
0
0
0
0
0
0
3294
0
0
0
543
0
564
119
47
26
0
0
0
0
0
238
0
0
0
0
0
0
3335
0
0
0
484
0
518
152
152
53
0
0
0
0
0
238
0
0
0
0
0
1906
0
0
0
875
0
934
413
94
94
0
15
15
15
15
15
0
0
0
0
0
0
2059
0
0
0
425
0
647
100
38
38
0
0
0
0
0
0
173
0
0
0
0
0
2052
0
0
0
453
0
336
36
36
35
0
0
0
0
0
0
0
0
0
0
0
0
2133
0
0
0
397
0
78
78
78
0
0
0
0
0
0
0
0
0
0
0
0
0
2054
0
0
0
0
0
46
46
46
0
0
0
0
0
0
0
0
0
0
0
0
0
0
0
0
0
0
0
0
0
0
0
0
0
0
0
0
0
0
0
0
0
0
0
0
0
0
0
0
0
0
0
0
0
0
0
0
0
0
0
0
0
0
0
0
0
0
0
0
0
0
0
0
0
0
0
0
0
0
0
0
0
0
0
0
0
0
475
0
0
0
0
0
0
0
0
0
0
0
0
0
0
0
0
0
0
0
0
0
0
0
0
0
0
0
0
0
0
0
0
0
0
0
0
0
0
0
0
0
0
0
0
0
0
0
0
0
0
0
0
0
0
0
0
0
0
0
0
0
0
0
0
0
0
0
0
0
0
0
0
0
0
0
0
0
0
0
0
0
0
0
0
0
0
0
0
0
0
0
0
0
0
0
0
0
0
0
0
0
0
0
0
0
0
0
0
0
0
0
0
0
0
0
0
0
0
0
0
0
0
0
0
0
0
0
0
0
0
0
0
0
0
239
0
0
0
0
0
0
0
0
1175
0
0
0
0
0
0
0
0
0
0
3703
0
245
0
227
0
0
0
0
1
1
0
0
0
0
0
0
0
0
0
0
0
0
367
612
0
0
0
0
0
0
4
422
0
0
0
0
0
0
0
0
0
20
0
0
367
607
0
0
0
0
0
0
5
1918
0
0
0
0
0
0
0
0
1
205
490
0
431
0
0
0
0
0
0
0
7
1707
0
0
0
0
0
0
0
0
53
231
475
0
421
0
87
0
0
0
0
7
11
1681
0
0
0
0
0
0
0
0
53
417
0
454
849
0
0
0
0
0
0
7
9
1694
0
0
0
0
0
0
0
0
712
585
0
480
873
0
0
0
0
0
0
384
387
2031
0
0
0
0
0
0
0
0
442
0
552
1069
0
0
0
0
0
0
0
590
594
0
0
0
0
0
0
0
0
0
540
0
593
1073
0
0
0
0
0
0
71
175
180
0
0
0
0
0
0
0
2261
1233
0
506
1054
1514
0
0
0
0
0
0
110
111
111
0
0
0
0
0
0
0
0
0
1283
562
0
457
0
0
0
0
0
0
23
0
0
0
0
0
0
0
0
0
0
0
529
0
637
0
0
0
0
0
0
0
0
0
0
0
0
0
0
0
0
0
0
0
573
0
597
0
0
0
0
0
0
0
0
0
0
0
0
0
0
0
0
0
0
0
608
0
557
0
434
0
0
0
0
0
0
0
0
0
0
0
0
0
0
0
0
571
571
0
546
1006
158
0
0
0
0
0
0
0
0
0
0
0
0
0
0
0
0
0
0
583
1103
0
0
0
0
0
0
0
0
0
0
0
0
0
0
0
1083
1083
0
0
0
555
1088
0
0
0
0
0
0
0
0
0
0
0
0
0
0
0
662
662
0
0
0
320
0
0
0
0
0
0
0
0
0
0
0
0
0
0
0
0
0
0
0
0
0
2
2
1
0
0
0
0
0
0
0
0
0
0
0
0
0
0
0
0
0
0
0
0
0
0
0
0
0
0
0
0
0
0
0
0
0
0
0
227
227
227
227
227
227
0
0
0
0
0
0
0
0
0
0
0
0
0
0
0
0
0
0
0
0
0
0
0
0
0
0
0
0
0
0
0
0
0
0
0
0
0
0
0
0
0
0
0
0
0
0
0
0
0
0
0
4095
4095
0
0
0
0
0
0
0
3
3
3
3
3
0
0
0
0
0
0
0
4095
0
0
0
0
0
0
0
0
0
9
9
9
9
9
0
11
11
11
12
12
12
0
0
757
0
0
0
0
0
0
37
37
37
37
37
34
14
0
0
0
0
0
0
0
0
2067
0
0
0
0
0
0
52
52
52
52
52
20
0
0
0
0
0
0
0
0
0
2163
0
0
0
0
0
0
60
60
60
60
60
26
0
0
0
0
0
0
0
0
579
2383
4080
4080
4080
4080
4080
4080
15
15
15
15
15
0
0
0
0
0
0
0
0
0
1231
2684
4095
4095
4095
4095
4095
0
26
26
26
26
26
0
0
0
0
0
0
0
0
0
1220
2660
4071
4071
4071
4071
4071
0
0
0
0
0
0
0
0
0
0
0
0
0
0
0
1228
2700
4095
4095
4095
4095
4095
0
0
0
0
0
0
0
0
0
0
0
0
0
0
0
1849
0
4095
4095
4095
4095
0
0
0
0
0
0
0
0
0
0
0
0
0
4095
4095
3537
1720
0
3990
3990
3990
3990
0
0
0
0
0
0
0
0
0
0
0
0
0
4095
4095
3025
2317
0
0
0
0
11
0
0
0
0
0
0
0
0
0
0
0
0
0
0
0
1150
2211
0
0
0
0
0
0
0
0
0
0
0
0
0
0
0
0
0
0
0
0
1372
0
0
0
0
0
0
0
0
0
0
0
0
0
0
0
1
1
1
0
0
0
2263
0
0
0
0
73
0
0
0
0
0
0
0
0
0
0
7
7
0
1205
1205
0
2466
0
0
13
0
84
85
0
0
0
0
0
0
0
0
3
5
5
0
0
0
1286
0
0
0
123
0
494
0
0
0
0
0
0
0
0
0
6
6
6
0
0
0
1751
0
0
0
0
181
0
0
0
0
0
0
0
0
0
0
4
245
245
0
0
0
0
0
0
0
0
438
0
0
0
0
0
0
0
0
0
0
3
681
681
0
0
0
0
0
0
0
0
0
1127
0
0
0
0
0
0
0
0
0
3
277
277
0
0
2296
0
0
0
0
0
0
0
0
0
0
0
0
0
0
0
605
608
608
608
608
608
2972
0
0
0
0
0
949
0
0
0
0
0
0
0
0
0
1398
1400
0
0
0
0
2679
0
0
0
0
0
947
0
0
0
0
0
0
0
0
1417
0
1
0
0
0
0
2595
0
0
