918
0
0
0
0
0
0
0
2401
0
0
0
0
0
0
0
3912
1887
4095
4095
0
1024
0
0
0
0
0
0
0
0
3048
0
0
2
0
0
0
4095
1077
1803
4095
0
0
1529
0
0
0
0
0
0
0
0
3055
0
0
0
0
0
0
4095
901
1987
4095
0
0
1384
0
0
0
0
0
0
0
4095
0
0
0
0
0
0
0
4095
928
1797
2063
0
0
880
0
0
0
0
0
0
0
1414
1820
1326
0
0
0
0
0
4095
832
3153
0
0
0
0
0
0
0
0
0
0
0
1512
3479
0
0
0
0
0
0
4095
822
3361
0
0
0
0
0
0
0
0
0
0
0
1632
1724
0
0
0
0
0
0
4095
893
3846
0
0
0
0
0
0
0
0
0
0
0
1540
1688
0
0
0
0
0
4095
456
832
3520
0
0
0
0
0
0
0
0
0
0
0
1538
340
0
0
0
4095
0
4095
551
730
3326
0
0
0
0
0
0
0
0
0
0
0
1540
0
0
0
0
4095
0
4095
416
826
2328
0
0
0
0
0
0
0
0
0
0
0
1224
0
0
0
1103
4095
0
4095
438
822
2357
0
0
0
0
0
0
0
0
0
0
112
0
0
0
0
4095
0
4095
1342
553
1042
0
0
0
1563
0
0
0
0
0
0
0
158
0
0
0
0
4095
0
4095
1299
445
798
0
864
0
1151
0
0
0
0
0
0
0
110
251
0
0
0
0
0
4095
1399
457
362
0
905
0
765
0
0
0
0
0
0
0
0
343
0
0
0
0
0
4095
1594
532
0
0
1210
0
0
0
0
0
0
0
0
0
0
173
0
0
0
0
0
4095
1545
460
0
0
651
0
0
0
0
0
0
0
0
0
171
0
0
0
0
0
4095
3611
1468
555
0
320
417
0
0
0
0
0
0
0
0
0
288
0
0
0
0
0
4095
3288
1871
440
0
357
245
0
0
0
0
0
0
0
0
0
190
0
0
0
0
0
4095
2878
1520
183
0
320
172
0
0
0
0
0
0
0
0
0
0
0
0
0
0
0
4095
3142
1477
0
0
360
7
0
0
0
0
0
0
0
0
0
0
0
0
0
0
1259
3979
3735
1817
0
17
163
0
0
0
0
0
0
0
0
0
0
0
0
0
0
0
1201
3845
3313
1564
0
15
69
0
0
0
0
0
0
0
0
0
0
0
0
0
0
0
1151
3477
2896
1327
0
159
48
0
0
0
0
0
0
0
0
0
0
0
0
0
0
0
1121
4095
2889
322
0
67
14
0
0
0
0
0
0
0
0
1294
0
0
0
0
0
0
1159
4095
2317
292
0
85
1
0
0
0
0
0
0
0
0
1262
0
0
0
0
0
0
3003
4095
1586
0
265
176
88
0
0
0
0
0
1276
0
0
0
0
0
0
0
0
0
4095
0
4095
0
341
153
69
0
0
0
0
0
3147
0
0
0
0
0
0
0
0
0
4095
0
2129
0
413
335
0
0
0
0
0
0
1683
1271
0
0
0
0
0
0
0
0
4095
0
435
0
299
423
0
0
0
0
0
0
3038
1285
0
0
0
0
0
0
0
0
4095
0
0
720
125
496
0
0
0
0
0
0
3744
1290
0
0
0
0
0
0
0
0
767
0
0
688
443
0
0
0
0
0
0
0
3477
956
0
0
0
0
0
0
0
0
0
0
0
1570
68
0
0
0
0
0
0
0
3342
0
14
0
0
0
0
0
0
0
0
0
0
2181
0
0
0
0
0
0
0
0
3310
0
0
0
0
0
0
0
1205
0
0
0
1473
127
0
0
0
0
0
0
0
2291
1372
306
0
0
0
0
0
160
2015
0
0
0
1454
294
0
0
0
0
0
0
0
2159
0
462
0
0
0
0
0
0
2725
0
0
0
1294
102
0
0
0
0
0
0
0
2072
0
139
0
0
0
0
2230
0
0
0
0
0
1913
136
0
0
0
0
0
0
0
221
0
0
0
0
0
0
0
992
1845
0
0
1043
319
215
0
0
0
0
0
0
0
0
0
0
0
0
0
0
0
1116
1839
0
0
1097
184
148
0
0
0
0
0
0
0
0
0
0
0
0
0
76
0
1116
1637
0
0
1078
100
106
0
0
0
0
0
0
0
0
0
0
0
0
0
0
656
1092
561
0
0
1055
1
0
0
0
0
15
0
0
0
0
0
0
0
0
0
0
1119
913
0
0
0
1555
6
0
0
0
0
54
0
0
0
0
0
0
0
0
20
0
1249
0
0
0
0
1192
243
0
0
0
0
44
0
0
0
0
0
0
0
0
1101
0
0
0
0
0
0
1181
455
0
0
0
28
38
0
0
0
0
0
0
0
0
0
0
0
0
0
453
0
0
271
0
0
0
76
0
0
0
0
0
0
0
0
0
0
0
0
0
0
366
0
0
0
0
0
0
77
0
0
0
0
0
0
0
0
0
0
0
0
0
0
362
0
1
0
0
0
0
37
0
0
0
0
0
0
0
0
92
0
0
0
0
0
0
0
0
0
0
0
0
0
0
0
0
0
0
0
0
0
0
0
0
0
0
0
0
0
0
0
0
0
0
0
0
0
0
0
0
0
0
0
0
0
0
0
0
0
0
0
0
0
0
0
0
0
0
0
0
0
0
0
0
0
0
0
0
0
0
0
0
0
0
0
0
0
4095
0
0
0
0
0
0
0
0
0
0
0
0
0
0
0
0
0
0
0
0
0
0
0
0
4095
0
0
0
0
0
121
0
0
0
0
0
0
0
0
0
0
0
0
0
0
0
4095
0
0
0
0
0
184
0
0
0
0
0
0
0
0
0
0
0
0
0
0
0
4095
0
0
0
0
0
103
0
0
0
0
0
0
0
0
0
0
0
0
0
0
4095
0
0
0
0
0
0
39
0
0
0
0
0
0
0
0
0
0
0
0
0
0
4095
0
0
0
0
0
4095
0
0
0
0
0
0
0
0
0
0
0
0
0
0
0
0
0
0
0
0
0
4095
0
0
0
0
0
0
0
0
0
0
0
0
0
0
0
0
0
0
0
0
4095
19
0
0
0
0
0
0
0
0
0
0
0
0
0
0
0
0
0
0
0
0
4095
0
0
0
0
0
0
0
0
0
0
0
0
0
0
0
0
0
0
0
0
0
4095
0
0
0
0
0
0
0
0
0
0
0
0
0
0
0
0
0
0
0
0
0
4095
0
0
0
0
0
0
0
0
0
0
0
0
0
0
0
0
0
0
0
0
99
0
0
0
0
0
0
0
0
0
0
0
0
13
0
0
0
4095
4095
0
0
0
29
0
0
0
0
0
0
0
0
0
0
0
0
16
0
0
0
4095
1126
581
0
0
71
0
0
0
0
0
0
0
0
0
0
0
16
6
0
0
0
4095
1240
557
0
0
62
0
0
0
0
0
0
0
0
0
0
0
116
0
0
0
4095
4095
1106
255
0
0
886
0
0
0
0
0
0
0
0
0
0
0
104
0
0
0
4095
4095
1091
209
0
0
2350
0
0
0
0
0
0
0
0
0
0
0
591
0
0
0
4095
4095
1310
0
0
0
1168
0
0
0
0
0
0
0
0
0
0
0
704
0
0
4095
2341
4095
2631
58
1829
0
1176
0
0
0
0
0
0
0
0
0
0
0
0
0
0
4095
2013
4095
4095
65
1260
1150
721
0
0
0
0
0
0
0
0
0
0
0
0
0
0
3158
2019
4095
4095
30
1094
1095
0
0
0
0
0
0
0
0
0
0
1568
0
0
0
0
1666
2094
4095
4095
0
0
2079
