63
23
0
0
0
0
0
-2
22
72
16
0
26
52
149
0
43
0
158
195
0
234
0
30
0
0
0
23
0
18
32
20
30
88
0
54
36
132
0
0
137
22
0
0
76
0
0
56
0
59
0
101
19
56
27
32
379
226
100
56
0
0
88
40
0
616
111
183
107
240
0
140
97
106
26
0
37
246
169
0
89
45
-1
15
4
82
57
0
232
48
124
-1
92
0
34
277
33
45
0
0
79
26
25
54
108
85
65
149
304
255
29
-2
203
21
120
316
208
-9
217
31
129
0
66
32
31
30
161
137
257
15
0
110
30
112
248
30
90
35
0
118
60
29
30
161
0
35
503
24
67
86
201
293
588
0
0
17
15
5
55
0
132
98
125
248
18
