2942
4095
0
0
1874
0
0
0
0
0
0
0
1703
0
0
4
0
0
0
0
4095
1542
4095
0
0
0
1104
0
0
0
0
0
0
0
3320
0
0
4
0
0
0
0
4095
1581
4095
0
0
0
0
0
0
0
0
0
0
0
3464
0
0
0
0
0
0
0
4095
1738
4095
0
0
0
0
0
0
0
0
0
0
0
1838
1832
0
0
0
0
0
4095
444
1617
3475
0
0
0
0
0
0
0
0
0
0
0
3070
1736
0
0
0
0
0
4095
529
1936
3530
0
0
0
0
0
0
0
0
0
0
0
2962
1694
0
0
0
0
0
4095
454
1609
2659
0
0
0
0
0
0
0
0
0
0
0
3176
693
0
0
0
0
0
4095
452
1595
2162
0
0
0
0
0
0
0
0
0
0
0
2990
0
0
0
0
0
0
4095
549
1924
0
0
0
0
0
0
0
0
0
0
0
1245
1310
0
0
0
4095
0
0
4095
445
3687
0
0
0
958
0
0
0
0
0
0
0
1288
0
0
0
0
4095
0
4095
1090
433
2525
0
0
0
920
0
0
0
0
0
0
0
1529
0
0
0
0
4095
0
4095
921
522
1898
0
463
0
1015
0
0
0
0
0
0
0
803
0
0
0
0
4095
0
4095
739
435
699
0
1235
0
0
0
0
0
0
0
0
0
0
0
0
0
0
0
0
4095
733
552
662
508
802
0
0
0
0
0
0
0
0
0
0
0
0
0
0
0
4095
1598
641
789
0
887
0
0
0
0
0
0
0
0
0
0
401
0
0
0
0
0
4095
1695
708
725
0
507
0
0
0
0
0
0
0
0
0
0
375
0
0
0
0
0
4095
1759
722
560
0
199
12
0
0
0
0
0
0
0
0
0
153
0
0
0
0
0
4095
1648
836
0
280
346
0
0
0
0
0
0
0
0
0
0
0
0
0
0
0
4095
4095
1794
646
0
317
155
0
0
0
0
0
0
0
0
0
0
0
0
0
0
0
329
4095
1608
733
0
281
108
0
0
0
0
0
0
0
0
0
0
0
0
0
0
0
1141
4095
1653
824
0
301
28
0
0
0
0
0
0
0
0
0
0
0
0
0
0
0
1371
4095
1760
175
0
279
9
0
0
0
0
0
0
0
0
58
0
0
0
0
0
0
1644
4095
1627
0
0
136
0
0
0
0
0
0
0
0
0
162
0
0
0
0
0
0
1822
4095
1604
0
0
196
0
0
0
0
0
0
0
0
0
110
0
0
0
0
0
630
2027
4095
1674
0
8
92
0
0
0
0
0
0
113
0
0
0
0
0
0
0
0
448
4095
4095
813
0
111
241
0
0
0
0
0
0
1569
0
0
0
0
0
0
0
0
84
4095
0
2127
0
40
362
0
0
0
0
0
0
1396
0
115
0
0
0
0
0
0
0
4095
0
342
0
108
411
0
0
0
0
0
788
1596
95
0
0
0
0
0
0
0
0
4095
0
0
355
459
0
0
0
0
0
0
1873
1498
112
0
0
0
0
0
0
0
73
532
0
0
390
107
0
0
0
0
0
0
2283
1381
0
0
0
0
0
0
0
0
130
0
0
0
1123
0
0
0
0
0
0
0
0
4095
0
0
0
0
0
0
0
0
693
0
0
0
889
0
0
0
0
0
0
0
3098
1438
53
0
0
0
0
0
0
444
0
0
0
1418
137
0
0
0
0
0
0
0
3110
1086
295
0
0
0
0
0
0
1648
0
0
0
1421
193
0
0
0
0
0
0
0
3270
0
331
0
0
0
0
0
0
2414
0
0
0
1465
173
0
0
0
0
0
0
0
4007
0
34
0
0
0
0
116
0
2642
0
0
1040
348
156
0
0
0
0
0
0
2150
329
263
0
0
0
0
0
0
0
2842
0
0
1103
308
145
0
0
0
0
0
0
1391
0
361
0
0
0
0
48
0
1224
1624
0
0
784
101
180
0
0
0
0
0
0
0
0
751
0
0
0
0
40
0
1141
1534
0
0
760
90
0
0
0
0
0
0
0
0
0
0
0
0
0
0
0
662
1187
814
0
0
965
9
0
0
0
0
0
0
0
0
0
0
0
0
0
0
0
1105
1290
0
0
0
1373
56
0
0
0
0
0
0
0
0
0
0
0
0
0
85
0
1196
170
0
0
0
1221
500
0
0
0
66
0
0
0
0
0
0
0
0
0
0
0
1379
0
0
0
0
1252
734
0
0
0
83
0
0
0
0
0
0
0
0
0
0
227
0
0
0
821
0
157
0
0
0
0
100
0
0
0
0
0
0
0
0
0
0
0
0
0
0
717
0
0
0
0
0
0
65
0
0
0
0
0
0
0
0
16
0
0
0
0
495
0
0
0
0
0
0
0
0
0
0
0
0
0
0
0
0
7
0
0
0
0
257
0
0
0
0
0
0
21
0
0
0
0
0
0
0
0
0
0
0
0
0
0
66
0
0
0
0
0
0
16
0
0
0
0
0
0
0
0
0
0
0
0
0
0
0
0
0
0
0
0
0
11
0
0
0
0
0
0
0
0
0
0
0
0
0
0
0
0
0
0
0
0
0
0
0
0
0
0
0
0
0
0
21
0
0
0
0
0
0
0
0
0
0
0
0
0
0
0
0
0
0
0
0
0
4095
0
0
0
0
0
0
0
0
0
0
0
0
0
0
4095
0
0
0
0
0
0
187
0
0
0
0
0
0
0
0
0
0
0
0
0
0
4095
0
0
0
0
0
0
123
0
0
0
0
0
0
0
0
0
0
0
0
0
0
4095
0
0
0
0
0
50
0
0
0
0
0
0
0
0
0
0
0
0
0
0
0
4095
0
0
0
0
0
82
0
0
0
0
0
0
0
0
0
0
0
0
0
0
0
0
0
0
0
0
0
4095
0
0
0
0
0
0
0
0
0
0
0
0
0
0
0
0
0
0
0
0
4095
23
0
0
0
0
0
0
0
0
0
0
0
0
0
0
0
0
0
0
0
0
4095
0
0
0
0
0
0
0
0
0
0
0
0
0
0
0
0
0
0
0
0
0
4095
0
0
0
0
0
0
0
0
0
0
0
0
0
0
0
0
0
0
0
0
0
298
0
0
0
0
0
0
0
0
0
0
0
4095
0
0
0
0
4095
0
0
0
60
0
0
0
0
0
0
0
0
0
0
0
0
1200
0
0
0
4095
1899
0
0
0
53
0
0
0
0
0
0
0
0
0
0
0
0
2617
0
0
0
4095
1194
0
0
0
32
0
0
0
0
0
0
0
0
0
0
0
30
2407
0
0
0
4095
1165
10
0
0
173
0
0
0
0
0
0
0
0
0
0
0
75
0
0
0
3968
4095
1153
78
0
0
528
0
0
0
0
0
0
0
0
0
0
1
79
0
0
0
4095
4095
1068
0
0
0
2127
0
0
0
0
0
0
0
0
0
0
110
51
0
0
0
4095
4095
1739
0
825
784
1115
0
0
0
0
0
0
0
0
0
0
173
0
0
0
2954
2401
4095
4095
0
1560
1104
1097
0
0
0
0
0
0
0
0
0
0
362
0
0
0
2242
4095
4095
4095
0
1490
2148
0
0
0
0
0
0
0
0
0
0
0
600
0
0
1738
833
3649
4095
4095
0
1497
1148
0
0
0
0
0
0
0
0
0
0
140
0
0
0
1506
901
3444
4095
4095
0
1645
1141
0
0
0
0
0
0
0
0
0
0
676
0
0
0
4095
1049
3458
4095
0
0
1939
0
0
0
0
0
0
0
0
0
0
0
1669
0
0
0
4095
1346
3338
