0
0
0
0
0
0
0
1669
1671
1671
0
0
0
2385
0
0
0
0
0
555
0
0
0
0
0
0
0
0
1852
0
3
0
0
0
0
2370
0
0
2830
0
0
534
0
0
0
0
0
0
0
0
1851
0
5
0
0
0
1463
3542
0
0
0
0
568
0
0
0
0
0
0
0
0
0
1646
0
0
0
0
0
2661
3855
0
0
0
0
543
0
0
0
0
0
0
0
0
226
0
0
0
0
0
0
3372
0
0
0
1199
930
474
0
0
0
0
0
0
0
0
0
0
0
0
0
0
0
3583
0
0
0
1707
1203
601
0
0
0
0
0
0
0
0
0
0
0
0
0
0
2499
3900
0
0
0
1640
1188
559
0
0
0
0
0
0
0
0
1195
0
0
0
0
0
2224
3887
0
0
0
1672
1188
570
0
0
0
0
0
0
0
0
0
0
0
0
0
1216
3036
3930
0
0
2107
1637
1164
576
0
0
0
0
0
0
0
0
0
0
0
0
0
0
3427
0
0
0
1958
1575
1129
551
0
0
0
0
0
0
0
0
0
0
0
0
0
0
3426
0
0
0
366
0
526
1133
0
0
0
0
0
0
0
0
0
0
0
0
0
0
3350
0
0
0
381
0
441
1109
0
0
0
0
0
0
0
0
0
0
0
0
0
0
3453
0
0
0
403
0
499
1082
39
21
0
48
48
48
48
48
0
0
0
0
0
2115
0
0
0
1787
1507
1124
626
112
112
0
48
0
0
0
0
0
0
0
0
0
0
2146
0
0
0
0
233
885
357
98
98
20
0
0
0
0
0
0
0
0
0
0
0
2089
0
0
0
0
225
633
106
33
33
0
0
0
0
0
0
0
0
0
0
0
0
2180
0
0
0
0
282
352
23
23
21
0
0
0
0
0
0
0
0
0
0
0
0
2116
0
0
0
0
0
86
86
86
0
0
0
0
0
0
0
0
0
0
0
0
0
0
0
0
0
0
0
53
53
53
0
0
0
0
0
0
0
0
0
0
0
0
0
0
0
0
0
0
0
0
0
0
0
0
0
0
0
0
0
0
0
0
0
0
0
0
0
0
0
0
0
0
0
0
0
0
0
0
0
0
0
0
0
0
0
0
569
0
0
0
0
0
0
0
0
0
0
0
0
0
104
104
0
0
0
0
0
0
659
0
0
0
0
0
0
0
0
0
0
0
0
0
191
191
0
0
0
0
0
0
0
0
0
0
0
0
0
0
0
0
0
0
0
0
153
153
0
0
0
0
0
0
0
0
0
0
0
0
0
0
0
0
0
0
0
185
0
0
0
0
0
0
0
0
0
0
0
0
0
0
0
0
0
0
0
0
0
229
0
0
0
0
0
0
0
0
0
0
0
0
0
0
0
0
0
0
0
0
0
0
235
0
0
0
0
0
0
0
8
0
0
0
0
0
0
0
0
0
0
1
0
0
294
0
0
0
0
0
0
0
17
197
0
447
0
345
0
0
0
0
0
0
0
0
282
0
0
0
0
0
0
5
0
607
0
415
0
0
0
0
0
0
5
6
0
0
0
0
0
0
0
0
0
97
0
0
526
914
0
0
0
0
0
0
3
568
0
0
0
0
0
0
0
0
13
182
518
0
508
0
0
0
0
0
0
0
4
1403
0
0
0
0
0
0
0
0
63
0
0
557
1100
0
0
0
0
0
0
0
4
1348
0
0
0
0
0
0
0
0
65
493
0
622
1259
0
0
0
0
0
0
0
4
1546
0
0
0
0
0
0
0
0
703
613
0
549
1097
0
0
0
0
0
0
0
3
1584
0
0
0
0
0
0
0
2241
1047
0
661
1188
0
0
0
0
0
0
0
545
548
1939
0
0
0
0
0
0
0
2284
1024
0
594
1144
0
0
0
0
0
0
0
730
731
0
0
0
0
0
0
0
0
0
1124
585
0
534
0
0
0
0
0
0
0
0
2
0
0
0
0
0
0
0
0
0
0
612
0
578
0
0
0
0
0
0
0
0
0
0
0
0
0
0
0
0
0
0
187
0
618
1104
0
0
0
0
0
0
0
0
0
0
0
0
0
0
0
0
0
0
168
0
636
1147
0
0
0
0
0
0
0
0
0
0
0
0
0
0
0
0
0
0
189
0
643
1143
0
0
0
0
0
0
0
0
0
0
0
0
0
0
0
0
0
188
188
0
564
1048
272
0
0
0
0
0
0
0
0
0
0
0
0
0
0
0
0
160
160
0
524
581
0
0
0
0
0
0
0
0
0
0
0
0
0
0
0
0
0
0
0
159
692
692
0
0
0
0
0
0
0
0
0
0
0
0
0
0
0
0
0
0
0
278
0
0
0
0
0
0
5
0
0
0
0
0
0
0
0
0
0
0
0
0
0
1
1
1
0
0
0
0
0
0
0
0
0
0
0
0
0
0
0
0
0
0
0
0
0
0
0
0
0
0
0
0
0
0
0
0
0
0
0
149
149
149
149
149
149
0
0
0
0
0
0
0
0
0
0
0
0
0
0
0
0
0
0
0
0
0
0
0
0
0
0
0
0
0
0
0
0
0
0
0
0
0
0
0
0
0
0
0
0
0
0
0
0
0
0
0
0
0
0
0
0
0
0
0
0
7
7
7
7
7
0
0
0
0
0
0
0
4095
4095
4095
0
0
0
0
0
0
0
11
11
11
11
11
0
10
10
10
10
10
10
0
0
0
0
0
0
0
0
0
31
31
31
31
31
24
9
0
0
0
0
0
0
0
0
786
0
0
0
0
0
0
67
67
67
67
67
34
0
0
0
0
0
0
0
0
0
2109
0
0
0
0
0
0
76
76
76
76
76
19
0
0
0
0
0
0
0
0
0
2221
0
0
0
0
0
4085
10
10
10
10
10
0
0
0
0
0
0
0
0
0
202
2434
4085
4085
4085
4085
4085
0
20
20
20
20
20
0
0
0
0
0
0
0
0
0
1287
2756
4095
4095
4095
4095
4095
0
0
0
0
0
0
0
0
0
0
0
0
0
0
0
1313
2761
4082
4082
4082
4082
4082
0
0
0
0
0
0
0
0
0
0
0
0
0
0
0
1160
2585
4094
4094
4094
4094
4094
0
0
0
0
0
0
0
0
0
0
0
0
4095
4095
4095
2757
1376
0
0
0
0
0
0
0
0
0
0
0
0
0
0
0
0
0
4095
4095
3035
1766
0
4022
4022
4022
4022
0
0
0
0
0
0
0
0
0
0
0
0
0
0
0
1092
2346
0
0
0
0
4
0
0
0
0
0
0
0
0
0
0
0
0
0
0
0
1304
2037
0
0
0
0
38
0
0
0
0
0
0
0
0
0
0
0
0
0
0
0
2553
0
0
0
0
9
0
0
0
0
0
0
0
0
0
0
10
10
0
0
0
152
2682
0
0
0
0
78
0
0
0
0
0
0
0
0
0
3
8
67
0
0
0
1072
0
0
0
11
0
78
1154
0
0
0
0
0
0
0
0
4
9
111
0
0
0
1450
0
0
0
130
0
725
0
0
0
0
0
0
0
0
0
3
275
292
0
0
0
1475
0
0
0
0
206
0
1122
0
0
0
0
0
0
0
0
4
596
596
0
0
0
0
0
0
0
0
211
0
665
0
0
0
0
0
0
0
0
2
89
89
89
89
1601
0
0
0
0
0
0
1455
0
0
0
0
0
0
0
0
644
650
651
0
0
0
2053
0
0
0
0
131
0
1363
0
0
