0
0
0
0
0
0
0
0
0
1700
0
5
0
0
0
0
2382
0
0
0
3813
282
525
0
0
0
0
0
0
0
0
1641
0
1
0
0
0
0
2085
0
0
1798
285
0
0
0
0
0
0
0
0
0
0
1709
0
2
0
0
0
2657
3856
0
0
0
0
632
0
0
0
0
0
0
0
0
0
1920
0
0
0
0
0
2973
0
0
0
1111
961
461
0
0
0
0
0
0
0
0
0
0
0
0
0
0
0
3678
0
0
0
1627
1119
568
0
0
0
0
0
0
0
0
0
0
0
0
0
0
2116
3861
0
0
0
1635
1115
530
0
0
0
0
0
0
0
0
1154
0
0
0
0
0
2397
3867
0
0
0
1636
1115
512
0
0
0
0
0
0
0
0
0
0
0
0
0
803
2775
3944
0
0
0
1403
903
263
0
0
0
0
0
0
0
0
0
0
0
0
0
2004
0
1625
0
0
1741
1298
811
211
0
0
0
0
0
0
0
0
0
0
0
0
0
0
3422
0
0
0
920
504
0
553
0
0
0
0
0
0
0
0
0
0
0
0
0
0
3346
0
0
0
955
527
0
687
12
12
0
0
0
0
0
0
0
0
0
0
0
0
3417
0
0
0
1004
576
0
605
149
44
0
0
0
0
0
0
0
0
0
0
0
1944
3719
0
0
0
1587
1152
591
149
118
29
0
0
0
0
0
0
0
0
0
0
0
2107
0
0
0
0
273
1026
453
118
42
0
0
0
0
0
0
0
0
0
0
0
0
2111
0
0
0
0
229
671
151
42
45
0
0
0
0
0
0
0
0
0
0
0
0
2137
0
0
0
0
244
510
47
47
0
0
0
0
0
0
0
0
0
0
0
0
0
2002
0
0
0
0
0
63
63
63
0
0
0
0
0
0
0
0
0
0
0
0
0
2251
0
0
0
0
0
72
72
72
0
0
0
0
0
0
0
0
0
0
0
0
0
0
0
0
0
0
0
0
0
0
0
0
0
0
0
0
0
0
0
0
0
0
0
0
0
0
0
0
0
0
0
0
0
0
0
0
0
0
0
0
0
0
0
0
476
0
0
0
0
0
0
0
0
0
0
0
0
0
52
52
0
0
0
0
0
0
573
0
0
0
0
0
0
0
0
0
0
0
0
0
210
210
0
0
0
0
0
0
588
0
0
0
0
0
0
0
0
0
0
0
0
0
213
213
0
0
0
0
0
0
0
0
0
0
0
0
0
0
0
0
0
0
0
216
0
0
0
0
0
0
0
0
0
0
0
0
0
0
0
0
0
0
0
0
0
221
0
0
0
0
0
0
0
0
0
0
0
0
0
0
0
0
0
0
0
0
0
0
222
0
0
0
0
0
0
0
0
0
0
0
0
0
0
0
0
0
0
0
0
0
275
0
0
0
0
0
0
0
2
104
0
414
0
0
0
0
0
0
2
2
0
0
277
0
0
0
0
0
0
0
0
538
0
438
0
0
0
0
0
0
2
300
0
61
0
0
0
0
0
0
0
37
0
0
584
976
0
0
0
0
0
0
2
1414
0
0
0
0
0
0
0
0
0
155
406
0
528
945
0
0
0
0
0
0
3
1367
0
0
0
0
0
0
0
0
65
266
507
0
532
0
0
0
0
0
0
0
1
1386
0
0
0
0
0
0
0
0
77
350
0
533
1030
0
30
0
0
0
0
0
2
1372
0
0
0
0
0
0
0
0
491
617
0
534
1085
0
0
0
0
0
0
0
305
1675
0
0
0
0
0
0
0
0
1118
595
0
561
0
0
0
0
0
0
0
302
751
0
0
0
0
0
0
0
0
2119
952
0
583
1092
0
0
0
0
0
0
0
748
211
0
0
0
0
0
0
0
0
0
1111
618
0
488
0
0
0
0
0
0
0
207
0
0
0
0
0
0
0
0
0
0
0
636
0
474
0
0
0
0
0
0
0
0
0
0
0
0
0
0
0
0
0
0
0
545
0
490
0
0
0
0
0
0
0
0
0
0
0
0
0
0
0
0
0
0
147
0
559
1048
0
0
0
0
0
0
0
0
0
0
0
0
0
0
0
0
0
0
172
0
614
1086
0
0
0
0
0
0
0
0
0
0
0
0
0
0
0
0
0
0
192
0
598
1111
371
0
0
0
0
0
0
0
0
0
0
0
0
0
0
0
0
425
425
0
573
750
0
0
0
0
0
0
0
0
0
0
0
0
0
0
0
0
0
0
0
547
1109
1109
0
0
0
0
0
0
0
0
0
0
0
0
0
0
0
0
0
0
0
474
0
0
0
0
0
0
0
0
0
0
0
0
0
0
0
0
0
0
0
0
0
0
0
0
0
0
0
0
0
0
0
0
0
0
0
0
0
0
0
0
0
0
0
0
0
0
0
0
0
0
0
0
0
0
0
0
0
0
0
0
235
235
235
235
235
0
0
0
0
0
0
0
0
0
0
0
0
0
0
0
0
0
0
0
0
0
0
0
0
0
0
1
1
1
0
0
0
0
0
0
0
0
0
0
0
0
0
0
0
0
0
0
0
0
0
0
0
0
0
0
0
0
0
0
0
0
0
0
0
0
0
0
0
0
0
0
0
2991
2991
2991
0
0
0
0
0
0
0
18
18
18
18
18
0
10
10
10
10
10
10
0
0
0
0
0
0
0
0
0
0
36
36
36
36
36
14
0
0
0
0
0
0
0
0
0
0
0
0
0
0
0
55
55
55
55
55
19
0
0
0
0
0
0
0
0
0
2173
0
0
0
0
0
0
60
60
60
60
60
23
0
0
0
0
0
0
0
0
0
2140
0
0
4080
4080
4080
4080
15
15
15
15
15
0
0
0
0
0
0
0
0
0
0
2007
4080
4080
4095
4095
4095
0
49
49
49
49
49
0
0
0
0
0
0
0
0
0
1166
2757
4095
4095
4095
4095
4095
0
0
0
0
0
0
0
0
0
0
0
0
0
0
0
1181
2842
4095
4095
4087
4087
4087
0
0
0
0
0
0
0
0
0
0
0
0
0
0
0
1231
2797
4087
4087
4095
4095
4095
0
0
0
0
0
0
0
0
0
0
0
0
0
0
0
1212
2704
4095
4095
4087
4087
0
0
0
0
0
0
0
0
0
0
0
0
0
4095
4095
3048
1554
0
4087
4087
0
0
0
0
0
0
0
0
0
0
0
0
0
0
0
0
0
1088
2456
0
0
0
0
37
0
0
0
0
0
0
0
0
0
0
0
0
6
6
6
1195
1924
0
0
0
0
0
0
0
0
0
0
0
0
0
0
1
1
1
0
0
0
2777
0
0
0
0
53
0
0
0
0
0
0
0
0
0
0
6
6
0
0
0
0
2443
0
0
0
0
0
1017
0
0
0
0
0
0
0
0
2
7
39
0
0
0
735
2809
0
0
97
82
451
0
0
0
0
0
0
0
0
0
4
9
112
0
0
0
1446
0
0
0
77
0
0
1078
0
0
0
0
0
0
0
0
3
138
192
0
0
0
1438
0
0
0
115
0
0
931
0
0
0
0
0
0
0
0
3
584
584
0
0
0
0
0
0
0
117
0
0
0
0
0
0
0
0
0
0
0
4
265
265
0
0
0
0
0
0
0
0
0
0
0
0
0
0
0
0
0
0
339
342
342
0
0
0
2300
0
0
0
0
0
1325
0
0
0
0
0
0
0
0
0
1731
1735
1735
0
0
0
2336
0
0
0
0
427
0
