-1
32
4
15
45
-1
-1
64
-1
-1
-1
-1
-1
-1
-1
-1
96
-1
-1
12
-1
-1
-1
29
3
16
41
-1
-1
118
-1
-1
-1
-1
-1
-1
-1
5
65
-1
-1
-1
-1
-1
-1
28
3
23
29
-1
-1
-1
-1
-1
-1
-1
-1
-1
-1
25
32
27
-1
-1
-1
-1
-1
59
3
24
150
-1
-1
-1
-1
-1
-1
-1
-1
-1
-1
52
30
25
-1
-1
-1
-1
-1
63
3
23
-1
-1
-1
-1
-1
-1
-1
-1
-1
-1
-1
-1
31
20
-1
-1
-1
-1
-1
64
4
122
-1
-1
-1
-1
-1
-1
-1
-1
-1
-1
-1
31
30
-1
-1
-1
-1
-1
53
12
9
120
-1
-1
-1
-1
-1
-1
-1
-1
-1
-1
-1
31
30
-1
-1
-1
-1
-1
60
12
13
81
-1
-1
-1
-1
-1
-1
-1
-1
-1
-1
-1
29
-1
-1
-1
-1
70
-1
51
15
15
81
-1
-1
-1
106
-1
-1
-1
-1
-1
-1
-1
29
-1
-1
-1
-1
29
-1
51
12
13
113
-1
-1
-1
107
-1
-1
-1
-1
-1
-1
-1
18
-1
-1
-1
-1
62
-1
25
11
13
-1
-1
-1
66
-1
-1
-1
-1
-1
-1
-1
-1
3
-1
-1
-1
-1
-1
29
24
9
37
-1
93
-1
130
-1
-1
-1
-1
-1
-1
-1
7
-1
-1
-1
-1
-1
-1
63
22
2
31
-1
58
-1
-1
-1
-1
-1
-1
-1
-1
-1
-1
20
-1
-1
-1
-1
-1
57
23
3
22
-1
56
-1
-1
-1
-1
-1
-1
-1
-1
-1
-1
20
-1
-1
-1
-1
-1
56
24
2
21
-1
51
-1
-1
-1
-1
-1
-1
-1
-1
-1
-1
8
-1
-1
-1
-1
-1
58
19
2
-1
20
60
-1
-1
-1
-1
-1
-1
-1
-1
-1
10
-1
-1
-1
-1
-1
31
31
16
3
-1
23
23
-1
-1
-1
-1
-1
-1
-1
-1
-1
19
-1
-1
-1
-1
-1
32
32
13
2
-1
19
20
-1
-1
-1
-1
-1
-1
-1
-1
-1
13
-1
-1
-1
-1
-1
28
28
13
-1
-1
19
21
-1
-1
-1
-1
-1
-1
-1
-1
-1
-1
-1
-1
-1
-1
-1
39
28
13
-1
-1
22
17
-1
-1
-1
-1
-1
-1
-1
-1
-1
-1
-1
-1
-1
-1
14
30
25
13
-1
3
18
1
-1
-1
-1
-1
-1
-1
-1
-1
-1
-1
-1
-1
-1
-1
14
29
20
14
-1
9
19
2
-1
-1
-1
-1
-1
-1
-1
-1
-1
-1
-1
-1
-1
-1
13
29
22
13
-1
6
19
-1
-1
-1
-1
-1
-1
-1
-1
-1
-1
-1
-1
-1
-1
-1
14
30
21
28
-1
8
31
-1
-1
-1
-1
-1
-1
22
-1
-1
-1
-1
-1
-1
-1
-1
16
26
16
-1
-1
8
20
-1
-1
-1
-1
-1
-1
46
-1
-1
-1
-1
-1
-1
-1
-1
43
53
15
-1
15
9
16
-1
-1
-1
-1
-1
6
-1
-1
-1
-1
-1
-1
-1
-1
-1
-1
-1
20
-1
19
7
-1
-1
-1
-1
-1
-1
58
22
-1
-1
-1
-1
-1
-1
-1
-1
28
-1
44
-1
19
23
-1
-1
-1
-1
-1
-1
66
22
-1
-1
-1
-1
-1
-1
-1
-1
36
-1
-1
35
4
42
-1
-1
-1
-1
-1
-1
97
25
-1
-1
-1
-1
-1
-1
-1
-1
59
-1
-1
38
5
-1
-1
-1
-1
-1
-1
-1
103
23
-1
-1
-1
-1
-1
-1
-1
-1
125
-1
-1
41
27
-1
-1
-1
-1
-1
-1
-1
107
13
-1
-1
-1
-1
-1
-1
-1
43
-1
-1
-1
65
32
-1
-1
-1
-1
-1
-1
-1
109
-1
-1
-1
-1
-1
-1
-1
-1
119
-1
-1
-1
16
27
-1
-1
-1
-1
-1
-1
-1
121
-1
-1
-1
-1
-1
-1
34
33
-1
-1
-1
47
19
53
-1
-1
-1
-1
-1
-1
103
13
23
-1
-1
-1
-1
-1
29
100
-1
-1
-1
50
19
-1
-1
-1
-1
-1
-1
-1
81
-1
23
-1
-1
-1
-1
2
30
140
-1
-1
-1
54
46
-1
-1
-1
-1
-1
-1
-1
48
-1
8
-1
-1
-1
-1
10
30
-1
94
-1
-1
47
51
-1
-1
-1
-1
-1
-1
-1
-1
-1
-1
-1
-1
-1
-1
-1
30
35
-1
-1
56
21
33
-1
-1
-1
-1
-1
10
-1
-1
-1
-1
-1
-1
-1
-1
-1
33
66
-1
-1
56
23
48
-1
-1
-1
37
-1
-1
-1
-1
-1
-1
-1
-1
-1
10
-1
33
45
-1
-1
124
25
-1
-1
-1
-1
40
-1
-1
-1
-1
-1
-1
-1
-1
-1
-1
26
30
61
-1
-1
-1
17
-1
-1
-1
-1
42
-1
-1
-1
-1
-1
-1
-1
-1
-1
-1
88
12
-1
-1
-1
43
34
-1
-1
-1
-1
34
-1
-1
-1
-1
-1
-1
-1
-1
-1
-1
-1
-1
-1
-1
-1
31
28
-1
-1
-1
-1
37
-1
-1
-1
-1
-1
-1
-1
-1
7
-1
-1
-1
-1
92
-1
-1
25
-1
-1
-1
45
-1
-1
-1
-1
-1
-1
-1
-1
-1
-1
-1
-1
-1
-1
31
-1
-1
133
-1
-1
-1
35
-1
-1
-1
-1
-1
-1
-1
-1
-1
-1
-1
-1
-1
-1
66
-1
-1
-1
-1
-1
-1
14
-1
-1
-1
-1
-1
-1
-1
-1
-1
-1
-1
-1
-1
-1
-1
-1
-1
-1
-1
-1
-1
20
-1
-1
-1
-1
-1
-1
-1
-1
1
-1
-1
-1
-1
-1
-1
-1
-1
-1
-1
-1
39
-1
-1
-1
-1
-1
-1
-1
-1
-1
1
-1
-1
-1
-1
-1
-1
-1
-1
-1
-1
-1
37
-1
-1
-1
-1
-1
-1
-1
-1
-1
-1
-1
-1
-1
-1
-1
-1
-1
-1
-1
-1
-1
121
-1
-1
-1
-1
-1
-1
-1
-1
-1
10
-1
-1
-1
-1
-1
-1
-1
-1
-1
-1
-1
-1
-1
-1
60
-1
-1
-1
-1
-1
-1
-1
-1
-1
-1
-1
-1
-1
-1
-1
-1
-1
-1
-1
-1
-1
52
-1
-1
-1
-1
-1
21
-1
-1
-1
-1
-1
-1
-1
-1
-1
-1
-1
-1
-1
-1
-1
263
-1
-1
-1
-1
-1
24
-1
-1
-1
-1
-1
-1
-1
-1
-1
-1
-1
-1
-1
-1
-1
-1
-1
-1
-1
-1
-1
30
-1
-1
-1
-1
-1
-1
-1
-1
-1
-1
-1
-1
-1
-1
-1
-1
-1
-1
-1
-1
-1
25
-1
-1
-1
-1
-1
-1
-1
-1
-1
-1
-1
-1
-1
-1
-1
-1
-1
-1
-1
-1
4
-1
-1
-1
-1
-1
-1
-1
-1
-1
-1
-1
-1
-1
-1
-1
-1
-1
-1
-1
-1
-1
2
-1
-1
-1
-1
-1
-1
-1
-1
-1
-1
-1
-1
-1
-1
-1
-1
-1
-1
-1
-1
-1
-1
-1
-1
-1
-1
-1
-1
-1
-1
-1
-1
-1
208
-1
-1
-1
-1
-1
-1
-1
-1
1
-1
-1
-1
-1
-1
-1
-1
-1
-1
-1
-1
-1
-1
-1
-1
-1
-1
238
-1
-1
-1
9
-1
-1
-1
-1
-1
-1
-1
-1
-1
-1
-1
-1
-1
-1
-1
-1
64
33
-1
-1
-1
-1
-1
-1
-1
-1
-1
-1
-1
-1
-1
-1
-1
3
-1
-1
-1
40
26
35
-1
-1
14
-1
-1
-1
-1
-1
-1
-1
-1
-1
-1
-1
-1
2
-1
-1
-1
43
27
32
-1
-1
25
-1
-1
-1
-1
-1
-1
-1
-1
-1
-1
-1
-1
3
-1
-1
-1
44
27
36
-1
-1
32
-1
-1
-1
-1
-1
-1
-1
-1
-1
-1
-1
18
-1
-1
-1
22
22
27
54
-1
-1
32
-1
-1
-1
-1
-1
-1
-1
-1
-1
-1
-1
58
-1
-1
-1
20
22
28
60
-1
-1
44
-1
-1
-1
-1
-1
-1
-1
-1
-1
-1
-1
70
-1
-1
5
13
22
27
-1
-1
91
30
-1
-1
-1
-1
-1
-1
-1
-1
-1
-1
-1
86
-1
-1
11
15
24
27
11
30
-1
30
-1
-1
-1
-1
-1
-1
-1
-1
-1
-1
-1
56
-1
-1
14
13
22
30
10
33
33
31
-1
-1
-1
-1
-1
-1
-1
-1
-1
-1
-1
-1
-1
-1
15
13
24
31
2
62
33
11
-1
-1
-1
-1
-1
-1
-1
-1
-1
-1
-1
-1
-1
-1
13
14
30
29
21
-1
30
-1
-1
-1
-1
-1
-1
-1
67
-1
-1
95
-1
-1
-1
-1
17
14
28
-1
-1
30
12
-1
-1
-1
-1
-1
-1
-1
26
-1
-1
31
-1
-1
-1
