0
0
0
0
0
0
0
0
0
1393
0
1
0
0
0
1289
3476
0
0
0
165
0
0
0
0
0
0
0
0
0
0
1690
0
1
0
0
0
3233
0
0
0
0
642
0
0
0
0
0
0
0
0
0
0
1412
0
0
0
0
0
3937
0
0
0
53
0
627
0
0
0
0
0
0
0
0
2753
1240
0
0
0
0
0
3934
0
0
0
546
0
636
0
0
0
0
0
0
0
0
0
0
0
0
0
0
2019
4045
0
0
1358
1358
802
180
0
0
0
0
0
0
0
0
0
0
0
0
0
0
2558
4025
0
0
1645
1294
811
181
0
0
0
0
0
0
0
126
0
0
0
0
0
403
2776
4020
0
0
2030
1481
903
216
0
0
0
0
0
0
0
182
0
0
0
0
0
1930
3807
0
0
0
1959
1383
808
188
0
0
0
0
0
0
0
104
0
0
0
0
0
0
3658
0
0
0
1798
1280
781
188
0
0
0
0
0
0
0
120
0
0
0
0
0
0
3476
0
0
0
1891
1359
792
185
2
2
0
0
0
0
0
110
0
0
0
0
0
0
3086
0
0
0
534
0
533
175
110
39
0
0
0
0
0
0
0
0
0
0
0
2819
0
0
0
325
0
485
1014
110
159
30
0
0
0
0
0
0
0
0
0
0
0
3100
0
0
0
0
369
0
643
159
54
0
0
0
0
0
0
0
0
0
0
0
112
2908
0
0
0
0
330
744
204
54
50
0
0
0
0
0
0
0
0
0
0
0
824
3061
0
0
0
0
323
583
52
52
0
0
0
0
0
0
0
0
0
0
0
0
1375
3235
0
0
0
0
322
38
38
38
0
0
0
0
0
0
0
0
0
0
0
0
1999
0
0
0
0
0
0
72
72
72
0
0
0
0
0
0
0
0
0
0
0
0
2476
0
0
0
0
0
0
3
3
3
0
0
0
0
0
0
0
0
0
0
0
0
2649
0
0
0
0
0
0
5
5
0
0
0
0
0
0
0
0
0
0
0
0
0
2375
0
0
0
0
0
0
3
3
0
0
0
0
0
0
0
0
0
0
0
0
0
0
0
0
0
0
0
0
0
0
0
0
0
0
0
0
0
0
0
0
0
0
0
0
0
0
0
0
0
0
0
0
0
0
0
0
0
0
0
0
0
0
0
0
0
0
0
0
0
0
0
0
0
0
0
0
0
0
0
0
0
0
0
0
0
0
0
0
0
0
0
0
0
0
0
0
0
0
0
0
0
0
0
0
0
0
0
0
0
0
0
0
0
0
0
0
0
0
0
0
0
0
0
0
0
0
0
0
0
0
0
0
0
0
281
0
0
0
0
0
0
0
0
1504
0
0
0
0
0
0
0
0
0
0
3611
0
318
0
0
0
0
0
0
1
1
1281
0
0
0
0
0
0
0
0
3
0
1538
0
280
0
0
0
0
0
0
6
6
0
0
0
0
0
0
0
0
0
7
0
0
395
651
0
0
0
0
0
0
6
1304
0
0
0
0
0
0
0
0
0
167
261
0
357
0
0
0
0
0
0
0
8
1676
0
0
0
0
0
0
0
0
43
268
452
0
402
0
326
0
0
0
0
3
8
1739
0
0
0
0
0
0
0
0
69
304
416
920
1372
0
0
0
0
0
0
5
9
1909
0
0
13
13
13
13
13
0
79
247
792
1272
1691
0
0
0
0
0
0
6
6
1870
0
0
0
0
0
0
0
105
234
0
531
1114
0
0
0
0
0
0
0
3
565
0
0
0
0
0
0
0
0
0
569
0
581
1077
0
0
1
1
0
0
0
563
382
0
0
0
0
0
0
0
0
906
572
0
604
1066
0
0
0
0
0
0
0
381
139
0
0
0
0
0
0
0
2186
1389
0
575
1148
1637
0
0
0
0
0
0
133
133
78
0
0
0
0
0
0
0
0
0
619
0
540
0
0
0
0
0
0
0
78
78
0
0
0
0
0
0
0
0
0
0
618
0
556
0
0
0
0
0
0
0
0
0
0
0
0
0
0
0
0
0
0
0
580
0
547
0
0
0
0
0
0
0
0
0
0
0
0
0
0
0
0
0
0
0
615
0
593
0
0
0
0
0
0
0
0
0
0
0
0
0
0
0
0
0
0
0
0
601
1160
0
0
0
0
0
0
0
0
0
0
0
0
0
0
0
0
0
0
0
0
584
1138
0
0
0
0
0
0
0
0
0
0
0
0
0
0
0
1145
1145
0
0
0
0
535
0
0
0
0
0
0
0
0
0
0
0
0
0
0
0
0
0
0
0
0
0
0
2
0
0
0
0
0
0
0
0
0
0
0
0
0
0
0
0
0
0
0
0
0
0
0
0
0
0
0
0
0
0
0
0
0
0
0
0
0
0
0
0
0
0
0
1
0
0
0
0
0
0
0
0
0
0
0
0
0
0
0
0
0
0
0
0
0
0
0
0
0
0
0
0
0
0
0
0
0
0
0
0
0
0
0
0
0
0
0
0
0
0
0
0
0
0
0
0
0
0
0
0
0
0
0
0
0
0
0
0
0
0
0
0
0
0
0
0
0
0
0
0
0
0
0
10
10
10
10
10
0
2
2
2
2
2
2
4093
4093
4093
0
0
0
0
0
0
18
18
18
18
18
18
4
0
0
0
0
0
0
0
0
0
0
0
0
0
0
0
41
41
41
41
41
17
0
0
0
0
0
0
0
0
0
1850
0
0
0
0
0
0
56
56
56
56
56
22
0
0
0
0
0
0
0
0
0
2068
0
0
0
0
0
0
69
69
69
69
69
13
0
0
0
0
0
0
0
0
0
1875
0
0
0
0
0
0
45
45
45
45
45
0
0
0
0
0
0
0
0
0
1414
988
0
0
4089
4089
4089
1
1
1
1
1
0
0
0
0
0
0
0
0
0
0
1753
3796
4089
4089
4088
4088
4088
2
2
2
2
2
0
0
0
0
0
0
0
0
0
0
1832
4013
4088
4088
4095
4095
0
1
1
1
1
1
0
0
0
0
0
0
0
0
0
433
2038
4095
4095
4095
4095
4095
0
0
0
0
0
0
0
0
0
0
0
0
0
0
0
784
2289
4095
4095
4095
4079
4079
0
0
0
0
0
0
0
0
0
0
0
0
0
0
0
825
2414
4016
4079
4079
0
0
0
0
0
0
0
0
0
0
0
0
0
0
2
2
2
743
2227
0
0
0
0
0
0
0
0
0
0
0
0
0
0
0
0
0
0
0
0
1246
0
0
0
0
31
0
0
0
0
0
0
0
0
0
0
0
0
0
0
0
251
1596
0
0
0
0
74
0
0
0
0
0
0
0
0
0
1
1
1
0
0
0
275
1377
0
0
0
0
58
0
0
0
0
0
0
0
0
0
3
3
3
0
0
0
883
0
0
0
16
0
1096
0
0
0
0
0
0
0
0
0
4
4
4
0
0
0
915
0
0
0
133
0
1092
0
0
0
0
0
0
0
0
0
5
673
673
0
0
0
1445
0
0
165
164
0
0
0
0
0
0
0
0
0
0
1
4
594
594
0
0
2062
0
0
0
0
0
1057
0
0
0
0
0
0
0
0
0
0
2
2
2
2
2
3138
0
0
0
0
0
0
0
0
0
0
0
0
0
0
0
682
684
684
684
684
684
3297
0
0
0
0
0
0
0
0
0
0
0
0
0
0
1422
0
0
0
0
0
0
2996
0
0
0
0
1049
0
