3477
0
0
0
0
571
0
0
0
0
0
0
0
0
0
1799
0
3
0
0
0
1166
3874
0
0
0
0
548
0
0
0
0
0
0
0
0
0
1659
0
0
0
0
0
2699
0
0
0
1312
1017
535
0
0
0
0
0
0
0
0
337
0
0
0
0
0
0
3427
0
0
0
1682
1209
614
0
0
0
0
0
0
0
0
0
0
0
0
0
0
544
3643
0
0
0
1655
1190
534
0
0
0
0
0
0
0
0
0
0
0
0
0
0
2348
3851
0
0
0
1626
1166
572
0
0
0
0
0
0
0
0
1236
0
0
0
0
0
2259
3907
0
0
2087
1620
1156
566
0
0
0
0
0
0
0
0
0
0
0
0
0
1162
3067
3944
0
0
1815
1412
929
354
0
0
0
0
0
0
0
0
0
0
0
0
0
0
3381
0
0
0
397
0
513
1187
0
0
0
0
0
0
0
0
0
0
0
0
0
0
3428
0
0
0
394
0
494
1183
0
0
0
0
0
0
0
0
0
0
0
0
0
0
3362
0
0
0
464
0
522
1096
45
25
0
0
0
0
0
0
0
0
0
0
0
0
3417
0
0
1694
1412
1049
616
107
107
0
55
55
55
55
55
55
0
0
0
0
0
2099
0
0
0
0
210
976
410
104
104
23
0
0
0
0
0
0
0
0
0
0
0
2123
0
0
0
0
228
616
110
46
46
0
0
0
0
0
0
0
0
0
0
0
0
2072
0
0
0
0
260
380
26
26
24
0
0
0
0
0
0
0
0
0
0
0
0
2155
0
0
0
0
0
75
75
75
0
0
0
0
0
0
0
0
0
0
0
0
0
2106
0
0
0
0
0
44
44
44
0
0
0
0
0
0
0
0
0
0
0
0
0
0
0
0
0
0
0
0
0
0
0
0
0
0
0
0
0
0
0
0
0
0
0
0
0
0
0
0
0
0
0
0
0
0
0
0
0
0
0
0
0
0
0
0
0
0
0
0
0
0
0
0
0
0
0
0
0
0
0
0
0
0
0
0
0
0
538
0
0
0
0
0
0
0
0
0
0
0
0
0
173
173
0
0
0
0
0
0
645
0
0
0
0
0
0
0
0
0
0
0
0
0
168
168
0
0
0
0
0
0
0
0
0
0
0
0
0
0
0
0
0
0
0
0
189
189
0
0
0
0
0
0
0
0
0
0
0
0
0
0
0
0
0
0
0
212
0
0
0
0
0
0
0
0
0
0
0
0
0
0
0
0
0
0
0
0
0
221
0
0
0
0
0
0
0
0
0
0
0
0
0
0
0
0
0
0
0
1
0
0
223
0
0
0
0
0
0
0
6
0
425
0
0
320
0
0
0
0
0
1
1477
0
280
0
0
0
0
0
0
0
22
228
0
466
0
0
0
0
0
0
2
2
0
0
267
0
0
0
0
0
0
5
601
601
0
398
0
0
0
0
0
0
3
552
0
0
0
0
0
0
0
0
0
80
515
515
0
410
0
0
0
0
0
0
5
1321
0
0
0
0
0
0
0
0
15
184
543
0
513
0
0
0
0
0
0
0
4
1410
0
0
0
0
0
0
0
0
63
430
430
1022
1566
0
0
0
0
0
0
0
3
1561
0
0
0
0
0
0
0
0
72
468
0
586
1183
0
0
0
0
0
0
0
3
1523
0
0
0
0
0
0
0
0
673
591
0
522
1059
0
0
0
0
0
0
557
564
1966
0
0
0
0
0
0
0
2322
1051
0
672
1209
0
0
0
0
0
0
0
712
714
0
0
0
0
0
0
0
0
2270
1068
0
583
1110
0
0
0
0
0
0
0
0
3
0
0
0
0
0
0
0
0
0
1165
587
0
545
0
0
0
0
0
0
0
0
0
0
0
0
0
0
0
0
0
0
0
610
0
510
0
0
0
0
0
0
0
0
0
0
0
0
0
0
0
0
0
0
162
0
589
1147
0
0
0
0
0
0
0
0
0
0
0
0
0
0
0
0
0
0
179
0
579
1055
0
0
0
0
0
0
0
0
0
0
0
0
0
0
0
0
0
0
188
0
607
1067
0
0
0
0
0
0
0
0
0
0
0
0
0
0
0
0
0
202
202
0
526
1002
273
0
0
0
0
0
0
0
0
0
0
0
0
0
0
0
0
175
175
0
509
564
0
0
0
0
0
0
0
0
0
0
0
0
0
0
0
0
0
0
0
352
933
933
0
0
0
0
3
0
0
0
0
0
0
0
0
0
0
0
0
0
0
261
0
0
0
0
0
0
0
0
0
0
0
0
0
0
0
0
0
0
0
0
0
0
0
0
0
0
0
0
0
0
0
0
0
0
0
0
0
0
0
0
0
0
0
0
0
0
0
0
0
0
0
0
0
0
0
0
0
0
0
138
138
138
138
138
138
0
0
0
0
0
0
0
0
0
0
0
0
0
0
0
0
0
0
0
0
0
0
0
0
0
0
0
0
0
0
0
0
0
0
0
0
0
0
0
0
0
0
0
0
0
0
0
0
0
0
4095
4095
4095
0
0
0
0
0
0
0
6
6
6
6
6
0
0
0
0
0
0
0
0
0
0
0
0
0
0
0
0
0
31
31
31
31
31
12
0
0
0
0
0
0
0
0
711
0
0
0
0
0
0
29
29
29
29
29
23
8
0
0
0
0
0
0
0
0
2135
0
0
0
0
0
0
60
60
60
60
60
25
0
0
0
0
0
0
0
0
0
2184
0
0
0
0
0
0
69
69
69
69
69
18
0
0
0
0
0
0
0
0
267
2418
4084
4084
4084
4084
4084
4084
11
11
11
11
11
0
0
0
0
0
0
0
0
0
1259
2794
4095
4095
4095
4095
4095
0
19
19
19
19
19
0
0
0
0
0
0
0
0
0
1260
2703
4083
4083
4083
4083
4083
0
0
0
0
0
0
0
0
0
0
0
0
0
0
0
1162
2544
4095
4095
4095
4095
4095
0
0
0
0
0
0
0
0
0
0
0
0
0
4095
4045
2697
1272
0
0
0
0
0
0
0
0
0
0
0
0
0
0
0
0
0
4095
4095
3102
1824
0
4026
4026
4026
4026
0
0
0
0
0
0
0
0
0
0
0
0
0
4095
4095
0
1718
0
0
0
0
7
0
0
0
0
0
0
0
0
0
0
0
0
0
4095
0
1376
2109
0
0
0
0
37
0
0
0
0
0
0
0
0
0
0
0
0
0
0
0
2458
0
0
0
0
20
0
0
0
0
0
0
0
0
0
0
1
1
1
0
0
0
2512
0
0
0
0
82
0
0
0
0
0
0
0
0
0
0
7
7
0
285
285
1056
0
0
0
19
0
77
1124
0
0
0
0
0
0
0
0
6
11
79
0
0
0
1515
0
0
0
121
0
694
0
0
0
0
0
0
0
0
0
2
9
119
0
0
0
1757
0
0
0
0
208
0
1134
0
0
0
0
0
0
0
0
2
267
288
0
0
0
0
0
0
0
0
198
0
670
0
0
0
0
0
0
0
0
5
559
559
0
0
0
0
0
0
0
0
0
1465
0
0
0
0
0
0
0
0
0
3
111
111
111
111
1590
0
0
0
0
0
0
1385
0
0
0
0
0
0
0
0
686
690
691
0
0
0
2401
0
0
0
0
0
516
0
0
0
0
0
0
0
0
1694
0
4
0
0
0
0
2371
0
0
2895
0
0
541
0
0
0
0
0
0
0
0
1908
0
4
0
0
0
0
2384
