0
0
0
0
0
0
0
1468
0
3
0
0
0
0
2655
0
0
0
0
0
925
0
0
0
0
0
0
0
0
1597
0
3
0
0
0
1143
3743
0
0
1284
0
377
0
0
0
0
0
0
0
0
0
1408
0
2
0
0
0
2699
0
0
0
0
0
616
0
0
0
0
0
0
0
0
0
1381
0
0
0
0
0
3385
0
0
0
83
0
615
0
0
0
0
0
0
0
0
0
0
0
0
0
0
0
3559
0
0
0
1276
770
176
0
0
0
0
0
0
0
0
0
0
0
0
0
0
2290
3837
0
0
0
1351
844
209
0
0
0
0
0
0
0
0
1374
0
0
0
0
0
2115
3855
0
0
1711
1372
889
169
0
0
0
0
0
0
0
160
0
0
0
0
0
763
2809
3836
0
0
1898
1335
811
177
0
0
0
0
0
0
0
280
0
0
0
0
0
1845
3686
0
0
0
1797
1303
770
167
0
0
0
0
0
0
0
222
0
0
0
0
0
0
3390
0
0
0
1782
1285
755
173
0
0
0
0
0
0
0
215
0
0
0
0
0
0
3304
0
0
0
502
0
541
1146
0
0
0
0
0
0
0
215
0
0
0
0
0
0
3341
0
0
0
568
0
530
1092
16
16
0
0
0
0
0
171
0
0
0
0
0
2188
0
0
0
446
0
568
1122
135
135
41
0
0
0
0
0
0
0
0
0
0
0
2062
0
0
0
0
392
0
590
128
128
27
0
0
0
0
0
221
0
0
0
0
0
1925
0
0
0
0
403
673
129
44
44
0
0
0
0
0
0
0
0
0
0
0
0
2078
0
0
0
0
472
471
34
34
33
0
0
0
0
0
0
0
0
0
0
0
0
2081
0
0
0
0
388
45
45
45
0
0
0
0
0
0
0
0
0
0
0
0
0
0
0
0
0
0
0
79
79
79
0
0
0
0
0
0
0
0
0
0
0
0
0
0
0
0
0
0
0
0
0
0
0
0
0
0
0
0
0
0
0
0
0
0
0
0
0
0
0
0
0
0
0
0
0
0
0
0
0
0
0
0
0
0
0
0
338
0
0
0
0
0
0
0
0
0
0
0
0
0
0
0
0
0
0
0
0
0
0
0
0
0
0
0
0
0
0
0
0
0
0
0
0
0
0
0
0
0
0
0
0
0
0
0
0
0
0
0
0
0
0
0
0
0
0
0
0
0
0
0
0
0
0
0
0
0
0
0
0
0
0
0
0
0
0
0
0
0
0
0
0
0
0
0
0
0
0
0
0
0
0
0
0
0
0
0
0
0
0
0
0
0
0
0
0
0
0
0
0
0
0
0
0
0
0
0
0
0
0
0
0
0
0
0
0
0
0
0
0
0
0
0
0
0
0
0
0
0
0
0
1324
0
0
0
0
0
0
0
0
0
1130
3784
0
259
0
0
0
0
0
0
0
0
0
0
0
0
0
0
0
0
0
0
0
0
0
236
0
0
0
0
0
0
3
3
0
0
0
0
0
0
0
0
0
7
0
0
394
639
0
0
0
0
0
0
4
4
0
0
0
0
0
0
0
0
0
190
362
0
390
0
0
0
0
0
0
0
5
1722
0
0
0
0
0
0
0
0
76
264
484
0
393
0
82
0
0
0
0
3
6
1665
0
0
0
0
0
0
0
0
76
204
0
462
902
0
0
0
0
0
0
8
12
1761
0
0
0
0
0
0
0
14
277
512
0
485
889
0
0
0
0
0
0
2
4
1894
0
0
0
0
0
0
0
0
333
0
590
1049
0
0
0
0
0
0
0
211
215
1932
0
0
0
0
0
0
0
0
538
0
605
1094
0
0
0
0
0
0
0
561
566
0
0
0
0
0
0
0
0
0
593
0
554
1093
0
0
0
0
0
0
23
245
250
0
0
0
0
0
0
0
0
0
1341
557
0
522
0
0
0
0
0
0
114
115
117
0
0
0
0
0
0
0
0
0
542
0
543
0
0
0
0
0
0
0
58
58
58
58
0
0
0
0
0
0
0
0
577
0
579
0
0
0
0
0
0
0
0
0
0
0
0
0
0
0
0
0
0
0
519
0
559
0
0
0
0
0
0
0
0
0
0
0
0
0
0
0
0
0
0
0
531
0
616
1108
256
0
0
0
0
0
0
0
0
0
0
0
0
0
0
0
0
0
0
551
1126
0
0
0
0
0
0
0
0
0
0
0
0
0
0
0
1161
1161
0
0
0
606
1152
0
0
0
0
0
0
0
0
0
0
0
0
0
0
0
865
865
0
0
0
425
0
0
0
0
0
0
26
0
0
0
0
0
0
0
0
0
0
0
0
0
0
0
0
3
0
0
0
0
0
0
0
0
0
0
0
0
0
0
0
0
0
0
0
0
0
0
0
0
0
0
0
0
0
0
0
0
0
0
0
312
312
312
312
312
312
0
0
0
0
0
0
0
0
0
0
0
0
0
0
0
0
0
0
0
0
0
0
0
0
0
0
0
0
0
0
0
0
0
0
0
0
0
0
0
0
0
0
0
0
0
0
0
0
0
0
0
0
0
0
0
0
0
0
0
0
0
0
0
0
0
0
0
0
0
1
1
1
2290
2290
2290
0
0
0
0
0
0
0
15
15
15
15
15
0
4
4
4
4
4
4
4091
4091
4091
0
0
0
0
0
0
31
31
31
31
31
31
11
0
0
0
0
0
0
0
0
0
0
0
0
0
0
0
60
60
60
60
60
24
0
0
0
0
0
0
0
0
0
2155
0
0
0
0
0
0
68
68
68
68
68
25
0
0
0
0
0
0
0
0
0
2114
0
0
0
0
4082
4082
13
13
13
13
13
0
0
0
0
0
0
0
0
0
0
2106
4082
4082
4082
4082
4095
0
42
42
42
42
42
0
0
0
0
0
0
0
0
0
1186
2681
4095
4095
4095
4095
4090
0
0
0
0
0
0
0
0
0
0
0
0
0
0
0
1327
2728
4090
4090
4090
4090
4093
0
0
0
0
0
0
0
0
0
0
0
0
0
0
0
1230
2677
4093
4093
4093
4093
4095
0
0
0
0
0
0
0
0
0
0
0
0
0
0
177
1316
2733
4095
4095
4095
4095
0
0
0
0
0
0
0
0
0
0
0
0
0
4095
4095
2923
1565
0
4095
4095
4095
4095
0
0
0
0
0
0
0
0
0
0
0
0
0
0
0
904
2074
3648
0
0
0
0
0
0
0
0
0
0
0
0
0
0
0
0
1
1
1
1263
2034
0
0
0
0
15
0
0
0
0
0
0
0
0
0
0
0
0
0
0
0
2601
0
0
0
0
0
0
0
0
0
0
0
0
0
0
0
0
0
0
0
0
408
2602
0
0
0
0
45
0
0
0
0
0
0
0
0
0
0
0
0
0
0
0
666
2261
0
0
8
0
65
0
0
0
0
0
0
0
0
0
3
3
3
0
0
0
1488
0
0
0
79
0
296
0
0
0
0
0
0
0
0
0
2
100
100
0
0
0
1735
0
0
0
99
0
1191
0
0
0
0
0
0
0
0
2
3
721
721
0
0
0
0
0
0
2166
0
185
0
0
0
0
0
0
0
0
0
0
4
468
468
0
0
1484
0
0
0
0
0
0
1099
0
0
0
0
0
0
0
0
0
3
3
3
3
3
2743
0
0
0
0
0
0
0
0
0
0
0
0
0
0
0
1337
1339
1339
1339
1339
1339
3657
0
0
0
0
0
0
0
0
