28
31
-1
159
-1
-1
-1
-1
-1
-1
-1
118
-1
-1
-1
123
-1
-1
-1
47
9
26
-1
-1
-1
156
-1
-1
-1
-1
-1
-1
-1
118
-1
-1
125
-1
-1
-1
-1
49
11
83
-1
-1
-1
158
-1
-1
-1
-1
-1
-1
-1
187
-1
-1
-1
-1
-1
-1
-1
109
11
88
-1
-1
-1
-1
-1
-1
-1
-1
-1
-1
-1
222
-1
-1
-1
-1
-1
-1
-1
106
15
215
-1
-1
-1
-1
-1
-1
-1
-1
-1
-1
-1
117
104
-1
-1
-1
-1
-1
96
5
18
208
-1
-1
-1
-1
-1
-1
-1
-1
-1
-1
-1
118
98
-1
-1
-1
-1
-1
102
5
18
215
-1
-1
-1
-1
-1
-1
-1
-1
-1
-1
-1
124
98
-1
-1
-1
-1
-1
101
6
20
219
-1
-1
-1
-1
-1
-1
-1
-1
-1
-1
-1
221
-1
-1
-1
-1
-1
-1
100
5
18
216
-1
-1
-1
-1
-1
-1
-1
-1
-1
-1
124
132
-1
-1
-1
-1
-1
-1
101
5
19
179
-1
-1
165
-1
-1
-1
-1
-1
-1
-1
88
60
-1
-1
-1
98
-1
53
20
6
74
-1
-1
-1
163
-1
-1
-1
-1
-1
-1
-1
90
30
68
-1
-1
61
-1
49
17
5
68
-1
28
-1
164
-1
-1
-1
-1
-1
-1
-1
89
-1
99
-1
-1
65
-1
52
16
6
41
-1
164
-1
-1
-1
-1
-1
-1
-1
-1
-1
118
30
99
-1
-1
-1
-1
85
14
5
44
-1
159
-1
-1
-1
-1
-1
-1
-1
-1
-1
111
105
-1
-1
-1
-1
-1
115
10
5
-1
43
154
-1
-1
-1
-1
-1
-1
-1
-1
-1
115
95
-1
-1
-1
-1
92
23
10
6
-1
40
-1
-1
-1
-1
-1
-1
-1
-1
-1
-1
175
-1
-1
-1
-1
-1
128
24
8
5
-1
198
163
-1
-1
-1
-1
-1
-1
-1
-1
-1
170
-1
-1
-1
-1
-1
125
23
7
5
-1
38
-1
-1
-1
-1
-1
-1
-1
-1
-1
82
83
-1
-1
-1
-1
-1
133
19
8
6
17
188
-1
-1
-1
-1
-1
-1
-1
-1
-1
141
-1
-1
-1
-1
-1
135
28
18
8
-1
26
185
-1
-1
-1
-1
-1
-1
-1
-1
-1
132
-1
-1
-1
-1
-1
131
25
19
7
-1
23
179
-1
-1
-1
-1
-1
-1
-1
-1
-1
131
-1
-1
-1
-1
-1
132
25
17
8
-1
22
175
-1
-1
-1
-1
-1
-1
-1
-1
-1
-1
-1
-1
-1
-1
-1
205
28
20
8
-1
25
232
-1
-1
-1
-1
-1
-1
-1
-1
164
-1
-1
-1
-1
-1
-1
120
26
18
7
6
17
153
-1
-1
-1
-1
-1
-1
-1
-1
156
-1
-1
-1
-1
-1
-1
124
30
18
-1
13
17
152
-1
-1
-1
-1
-1
109
-1
-1
48
-1
-1
-1
-1
-1
128
30
28
18
-1
14
19
112
-1
-1
-1
-1
-1
163
-1
-1
-1
-1
-1
-1
-1
-1
146
30
-1
48
-1
14
97
-1
-1
-1
-1
-1
-1
172
-1
-1
-1
-1
-1
-1
-1
-1
-1
164
-1
46
8
5
98
-1
-1
-1
-1
-1
-1
125
20
48
-1
-1
-1
-1
-1
-1
-1
183
-1
-1
27
105
-1
-1
-1
-1
-1
-1
134
25
17
47
-1
-1
-1
-1
-1
-1
-1
183
-1
-1
29
70
-1
-1
-1
-1
-1
-1
127
25
18
45
-1
-1
-1
-1
-1
-1
120
57
-1
-1
27
66
-1
-1
-1
-1
-1
-1
-1
115
42
-1
-1
-1
-1
-1
-1
-1
172
-1
-1
-1
54
108
-1
-1
-1
-1
-1
-1
-1
124
95
-1
-1
-1
-1
-1
-1
-1
-1
-1
-1
-1
177
100
-1
-1
-1
-1
-1
-1
137
28
41
-1
-1
-1
-1
-1
-1
144
-1
-1
-1
79
9
74
-1
-1
-1
-1
-1
-1
128
25
31
-1
-1
-1
-1
65
-1
103
-1
-1
-1
81
87
-1
-1
-1
-1
-1
-1
-1
124
25
34
-1
-1
-1
-1
67
-1
100
-1
-1
-1
80
86
-1
-1
-1
-1
-1
-1
-1
124
25
33
-1
-1
-1
-1
127
-1
-1
-1
-1
90
21
94
-1
-1
-1
-1
-1
-1
124
30
60
-1
-1
-1
-1
41
35
30
63
-1
-1
59
20
59
-1
-1
-1
-1
-1
-1
-1
-1
185
-1
-1
-1
-1
47
32
30
64
-1
-1
61
19
90
-1
-1
-1
-1
124
-1
-1
-1
131
-1
-1
-1
-1
51
31
30
63
-1
-1
61
60
-1
-1
-1
-1
83
158
-1
-1
-1
-1
-1
-1
-1
-1
83
30
61
-1
-1
-1
94
37
-1
-1
-1
-1
-1
65
-1
-1
110
-1
-1
-1
-1
38
27
30
67
-1
-1
-1
98
35
-1
-1
-1
90
-1
34
-1
120
-1
-1
-1
-1
-1
70
28
95
-1
-1
-1
-1
91
34
-1
-1
-1
95
-1
-1
-1
115
-1
-1
-1
-1
-1
72
25
95
-1
-1
-1
-1
136
-1
-1
-1
-1
126
-1
-1
-1
117
-1
-1
-1
-1
100
-1
-1
-1
-1
-1
123
-1
95
-1
-1
-1
-1
127
-1
-1
-1
-1
-1
-1
-1
-1
157
-1
-1
-1
-1
-1
124
-1
92
-1
-1
-1
-1
198
-1
-1
-1
-1
-1
-1
-1
-1
167
-1
-1
-1
-1
124
-1
-1
84
-1
-1
-1
47
164
-1
-1
-1
-1
-1
-1
-1
-1
153
-1
-1
-1
-1
190
-1
-1
-1
-1
-1
-1
231
-1
-1
-1
-1
-1
-1
-1
-1
-1
244
-1
-1
-1
-1
-1
-1
-1
-1
-1
-1
-1
307
-1
-1
-1
-1
-1
-1
-1
-1
121
156
-1
-1
-1
-1
-1
-1
-1
-1
-1
-1
-1
277
-1
-1
-1
-1
-1
-1
-1
-1
268
-1
-1
-1
-1
-1
-1
-1
-1
-1
-1
-1
-1
280
-1
-1
-1
-1
-1
-1
-1
-1
540
-1
-1
-1
-1
-1
-1
-1
-1
-1
-1
-1
-1
-1
-1
-1
-1
-1
-1
-1
-1
-1
532
-1
-1
-1
-1
-1
-1
-1
-1
-1
-1
-1
-1
-1
-1
269
-1
-1
-1
-1
-1
-1
260
-1
-1
-1
-1
-1
-1
-1
-1
-1
-1
-1
-1
-1
-1
259
-1
-1
-1
-1
-1
-1
266
-1
-1
-1
-1
-1
-1
-1
-1
-1
-1
-1
-1
-1
-1
225
-1
-1
-1
-1
-1
294
-1
-1
-1
-1
-1
-1
-1
-1
-1
-1
-1
-1
-1
-1
-1
-1
-1
-1
-1
-1
-1
498
-1
-1
-1
-1
-1
-1
-1
-1
-1
-1
-1
-1
-1
-1
-1
-1
-1
-1
-1
-1
-1
489
-1
-1
-1
-1
-1
-1
-1
-1
-1
-1
-1
-1
-1
-1
-1
-1
-1
-1
-1
-1
258
244
-1
-1
-1
-1
-1
-1
-1
-1
-1
-1
-1
-1
-1
-1
-1
-1
-1
-1
-1
-1
506
-1
-1
-1
-1
-1
-1
-1
-1
-1
-1
-1
-1
-1
-1
-1
-1
-1
-1
-1
-1
-1
516
-1
-1
-1
-1
-1
-1
-1
-1
-1
-1
-1
-1
-1
-1
-1
-1
-1
-1
-1
-1
160
92
-1
-1
-1
-1
-1
-1
-1
-1
-1
-1
-1
241
-1
-1
-1
-1
62
-1
-1
-1
195
-1
-1
-1
-1
-1
-1
-1
-1
-1
-1
-1
-1
188
-1
-1
-1
56
30
71
-1
-1
131
-1
-1
-1
-1
-1
-1
-1
-1
-1
-1
-1
190
22
-1
-1
-1
58
31
75
-1
-1
130
-1
-1
-1
-1
-1
-1
-1
-1
-1
-1
-1
215
-1
-1
-1
32
30
33
69
-1
-1
130
-1
-1
-1
-1
-1
-1
-1
-1
-1
-1
-1
219
-1
-1
-1
31
28
70
-1
-1
-1
168
-1
-1
-1
-1
-1
-1
-1
-1
-1
-1
174
41
-1
-1
-1
34
29
62
-1
-1
-1
170
-1
-1
-1
-1
-1
-1
-1
-1
-1
-1
171
40
-1
-1
14
18
27
30
-1
73
30
103
-1
-1
-1
-1
-1
-1
-1
-1
-1
-1
201
-1
-1
-1
31
18
28
30
-1
73
121
-1
-1
-1
-1
-1
-1
-1
-1
-1
-1
-1
224
-1
-1
-1
29
18
26
30
-1
68
161
-1
-1
-1
-1
-1
-1
-1
-1
-1
-1
-1
-1
-1
-1
214
9
20
32
64
-1
-1
148
-1
-1
-1
-1
-1
-1
-1
-1
-1
-1
211
-1
-1
-1
44
9
19
28
34
-1
67
117
-1
-1
-1
-1
-1
-1
-1
-1
-1
-1
203
-1
-1
-1
44
8
28
28
