-1
-1
-1
-1
-1
-1
-1
126
-1
-1
123
-1
-1
-1
-1
47
22
31
64
-1
-1
167
-1
-1
-1
-1
-1
-1
-1
122
-1
-1
96
-1
-1
-1
65
15
22
30
32
-1
71
123
-1
-1
-1
-1
-1
-1
61
65
-1
-1
98
-1
-1
-1
55
13
22
60
-1
-1
175
-1
-1
-1
-1
-1
-1
-1
65
132
-1
-1
-1
-1
-1
-1
82
12
24
61
-1
-1
182
-1
-1
-1
-1
-1
-1
-1
112
30
93
-1
-1
-1
-1
-1
85
13
21
191
-1
-1
-1
-1
-1
-1
-1
-1
-1
-1
117
30
94
-1
-1
-1
-1
-1
80
11
208
-1
-1
-1
-1
-1
-1
-1
-1
-1
-1
-1
100
124
-1
-1
-1
-1
-1
-1
83
10
207
-1
-1
-1
-1
-1
-1
-1
-1
-1
-1
-1
107
90
-1
-1
-1
-1
-1
104
2
10
216
-1
-1
-1
-1
-1
-1
-1
-1
-1
-1
-1
100
94
-1
-1
-1
-1
-1
107
3
9
211
-1
-1
-1
-1
-1
-1
-1
-1
-1
-1
-1
97
67
-1
-1
-1
98
-1
39
4
9
203
-1
-1
-1
-1
-1
-1
-1
-1
-1
-1
-1
95
-1
92
-1
-1
62
-1
34
4
9
205
-1
-1
-1
-1
-1
-1
-1
-1
-1
-1
-1
66
-1
60
-1
90
-1
-1
34
5
9
47
-1
-1
178
-1
-1
-1
-1
-1
-1
-1
41
25
59
-1
-1
64
-1
52
13
6
28
-1
-1
-1
207
-1
-1
-1
-1
-1
-1
-1
43
25
59
-1
-1
62
-1
46
13
5
8
-1
55
-1
192
-1
-1
-1
-1
-1
-1
-1
-1
99
93
-1
-1
-1
-1
81
17
6
9
-1
213
-1
-1
-1
-1
-1
-1
-1
-1
-1
67
89
-1
-1
-1
-1
-1
107
13
5
9
-1
207
-1
-1
-1
-1
-1
-1
-1
-1
-1
66
86
-1
-1
-1
-1
84
25
15
5
-1
26
193
-1
-1
-1
-1
-1
-1
-1
-1
-1
124
-1
-1
-1
-1
-1
117
21
16
6
-1
28
193
-1
-1
-1
-1
-1
-1
-1
-1
-1
126
-1
-1
-1
-1
-1
119
21
17
5
-1
27
191
-1
-1
-1
-1
-1
-1
-1
-1
82
76
-1
-1
-1
-1
-1
125
21
17
5
8
18
162
-1
-1
-1
-1
-1
-1
-1
-1
125
-1
-1
-1
-1
-1
122
27
25
17
6
7
187
-1
-1
-1
-1
-1
-1
-1
-1
-1
126
-1
-1
-1
-1
-1
123
27
21
19
-1
14
19
162
-1
-1
-1
-1
-1
-1
-1
-1
124
-1
-1
-1
-1
-1
129
26
20
17
-1
14
18
159
-1
-1
-1
-1
-1
-1
-1
-1
-1
-1
-1
-1
-1
-1
186
27
21
17
-1
13
259
-1
-1
-1
-1
-1
-1
-1
-1
-1
-1
-1
-1
-1
-1
-1
195
30
26
20
5
8
253
-1
-1
-1
-1
-1
-1
117
-1
84
-1
-1
-1
-1
-1
-1
133
26
21
17
6
8
112
-1
-1
-1
-1
-1
118
-1
-1
88
-1
-1
-1
-1
-1
-1
126
26
21
-1
23
7
122
-1
-1
-1
-1
-1
157
-1
-1
85
-1
-1
-1
-1
-1
-1
127
-1
48
-1
26
95
-1
-1
-1
-1
-1
-1
134
77
-1
-1
-1
-1
-1
-1
-1
-1
160
-1
52
-1
23
93
-1
-1
-1
-1
-1
-1
132
24
60
-1
-1
-1
-1
-1
-1
-1
192
-1
-1
39
5
100
-1
-1
-1
-1
-1
-1
134
23
64
-1
-1
-1
-1
-1
-1
-1
192
-1
-1
42
104
-1
-1
-1
-1
-1
-1
-1
127
27
62
-1
-1
-1
-1
-1
-1
-1
190
-1
-1
39
105
-1
-1
-1
-1
-1
-1
-1
128
23
125
-1
-1
-1
-1
-1
-1
-1
-1
-1
-1
174
108
-1
-1
-1
-1
-1
-1
-1
134
125
-1
-1
-1
-1
-1
-1
-1
-1
-1
-1
-1
196
111
-1
-1
-1
-1
-1
-1
-1
30
47
-1
-1
-1
-1
-1
106
66
-1
-1
-1
84
18
80
-1
-1
-1
-1
-1
-1
131
30
52
-1
-1
-1
-1
77
32
67
-1
-1
-1
84
18
76
-1
-1
-1
-1
-1
-1
127
30
46
-1
-1
-1
-1
73
-1
97
-1
-1
-1
86
71
-1
-1
-1
-1
-1
-1
-1
161
31
45
-1
-1
-1
-1
74
30
67
-1
-1
57
22
64
-1
-1
-1
-1
-1
-1
-1
160
205
-1
-1
-1
-1
48
30
30
74
-1
-1
58
23
89
-1
-1
-1
-1
-1
-1
-1
-1
104
-1
-1
-1
-1
48
30
30
71
-1
-1
62
22
40
-1
-1
-1
-1
-1
156
-1
-1
99
-1
-1
-1
-1
46
34
33
67
-1
-1
59
41
-1
-1
-1
-1
71
97
-1
-1
-1
-1
-1
-1
-1
-1
50
30
68
-1
-1
-1
91
38
-1
-1
-1
-1
68
62
-1
-1
130
-1
-1
-1
-1
35
-1
54
65
-1
-1
-1
93
37
-1
-1
-1
-1
69
62
-1
-1
121
-1
-1
-1
-1
112
-1
-1
-1
-1
-1
-1
125
29
-1
-1
-1
43
59
-1
-1
-1
162
-1
-1
-1
-1
133
-1
-1
-1
-1
129
-1
-1
56
-1
-1
-1
47
165
-1
-1
-1
-1
-1
-1
-1
-1
141
-1
-1
-1
-1
104
-1
84
-1
-1
-1
-1
211
-1
-1
-1
-1
-1
-1
-1
-1
142
-1
-1
-1
-1
-1
134
-1
82
-1
-1
-1
-1
168
-1
-1
-1
-1
-1
-1
-1
-1
262
-1
-1
-1
-1
-1
-1
-1
-1
-1
-1
-1
-1
248
-1
-1
-1
-1
-1
-1
-1
-1
221
-1
-1
-1
-1
-1
-1
-1
-1
-1
-1
-1
290
-1
-1
-1
-1
-1
-1
-1
-1
-1
225
-1
-1
-1
-1
-1
-1
-1
-1
-1
-1
-1
275
-1
-1
-1
-1
-1
-1
-1
-1
-1
217
-1
-1
-1
-1
-1
-1
-1
-1
-1
-1
-1
292
-1
-1
-1
-1
-1
-1
-1
-1
189
-1
-1
-1
-1
-1
-1
-1
-1
-1
-1
-1
-1
162
-1
-1
156
-1
-1
-1
-1
-1
215
-1
-1
-1
-1
-1
-1
-1
-1
-1
-1
-1
-1
-1
-1
-1
287
-1
-1
-1
-1
-1
200
-1
-1
-1
-1
-1
-1
-1
-1
-1
-1
-1
-1
-1
-1
-1
286
-1
-1
-1
-1
-1
257
-1
-1
-1
-1
-1
-1
-1
-1
-1
-1
-1
-1
-1
-1
254
-1
-1
-1
-1
-1
-1
238
-1
-1
-1
-1
-1
-1
-1
-1
-1
-1
-1
-1
-1
-1
262
-1
-1
-1
-1
-1
492
-1
-1
-1
-1
-1
-1
-1
-1
-1
-1
-1
-1
-1
-1
-1
-1
-1
-1
-1
-1
-1
493
-1
-1
-1
-1
-1
-1
-1
-1
-1
-1
-1
-1
-1
-1
-1
-1
-1
-1
-1
-1
-1
499
-1
-1
-1
-1
-1
-1
-1
-1
-1
-1
-1
-1
-1
-1
-1
-1
-1
-1
-1
-1
508
-1
-1
-1
-1
-1
-1
-1
-1
-1
-1
-1
-1
-1
-1
-1
-1
-1
-1
-1
-1
-1
515
-1
-1
-1
-1
-1
-1
-1
-1
-1
-1
-1
-1
-1
-1
-1
-1
-1
-1
-1
-1
-1
522
-1
-1
-1
-1
-1
-1
-1
-1
-1
-1
-1
-1
-1
-1
-1
-1
-1
-1
-1
-1
-1
96
-1
-1
-1
-1
-1
-1
-1
-1
-1
-1
-1
219
-1
-1
-1
-1
115
-1
-1
-1
90
98
-1
-1
-1
-1
-1
-1
-1
-1
-1
-1
-1
216
-1
-1
-1
52
30
64
-1
-1
60
109
-1
-1
-1
-1
-1
-1
-1
-1
-1
-1
187
28
-1
-1
-1
55
30
64
-1
-1
60
114
-1
-1
-1
-1
-1
-1
-1
-1
-1
-1
187
31
-1
-1
-1
56
28
66
-1
-1
67
-1
-1
-1
-1
-1
-1
-1
-1
-1
-1
-1
206
-1
-1
-1
37
29
28
71
-1
-1
173
-1
-1
-1
-1
-1
-1
-1
-1
-1
-1
-1
214
-1
-1
-1
40
33
66
-1
-1
-1
205
-1
-1
-1
-1
-1
-1
-1
-1
-1
-1
-1
212
-1
-1
21
27
29
32
-1
65
-1
193
-1
-1
-1
-1
-1
-1
-1
-1
-1
-1
-1
-1
-1
-1
207
23
29
29
34
30
-1
217
-1
-1
-1
-1
-1
-1
-1
-1
-1
-1
-1
-1
-1
-1
203
22
29
29
33
30
30
188
-1
-1
-1
-1
-1
-1
-1
-1
-1
228
-1
-1
-1
-1
47
26
34
30
33
30
140
-1
