0
0
0
0
552
4095
4095
0
0
3126
0
0
0
0
0
0
0
0
1734
0
0
374
0
0
0
2483
1891
2378
3544
0
0
0
0
0
0
0
0
0
0
0
1626
0
0
0
0
0
0
606
538
1589
1963
0
0
0
0
0
0
0
0
0
0
1250
1704
1712
0
0
0
0
0
733
471
1504
1909
0
0
0
0
0
0
0
0
0
0
1321
1891
1671
0
0
0
0
0
828
468
1729
1017
0
0
0
0
0
0
0
0
0
0
0
1605
1339
0
0
0
0
0
4095
1109
1531
427
0
0
0
0
0
0
0
0
0
0
0
1694
0
0
0
0
0
0
883
2569
1589
0
0
0
0
0
0
0
0
0
0
0
1275
1536
0
0
0
4095
0
2583
824
467
4095
0
0
0
517
0
0
0
0
0
0
0
1320
55
0
0
0
4095
0
4095
1260
562
1617
0
0
0
282
0
0
0
0
0
0
0
1170
0
0
0
0
4095
0
1740
724
729
261
0
0
0
724
0
0
0
0
0
0
0
950
0
239
0
0
0
0
2191
957
1904
4095
0
0
0
0
0
0
0
0
0
0
0
1
0
0
0
0
0
4095
2197
827
456
0
400
0
0
0
0
0
0
0
0
0
0
1218
0
0
0
0
0
4095
1901
2104
445
0
759
0
0
0
0
0
0
0
0
0
0
4095
0
0
0
0
0
4095
1727
4095
442
0
732
0
0
0
0
0
0
0
0
0
0
369
0
0
0
0
0
4095
1673
862
0
0
192
0
0
0
0
0
0
0
0
0
0
116
0
0
0
0
0
4095
1723
920
0
319
449
0
0
0
0
0
0
0
0
0
0
0
0
0
0
0
2669
4095
1884
821
0
255
810
0
0
0
0
0
0
0
0
0
0
0
0
0
0
0
1736
4095
1701
813
0
261
316
0
0
0
0
0
0
0
0
0
0
0
0
0
0
0
1132
4095
1721
282
0
325
57
0
0
0
0
0
0
0
0
0
525
0
0
0
0
0
1262
4095
2105
459
0
4095
38
0
0
0
0
0
0
0
0
0
0
0
0
0
0
0
1070
4095
1821
0
0
763
0
0
0
0
0
0
0
0
0
0
0
0
0
0
0
0
1124
4095
1888
0
26
16
745
0
0
0
0
0
0
0
0
0
0
0
0
0
0
685
4095
4095
1416
0
79
239
0
0
0
0
0
0
0
0
0
0
0
0
0
0
0
1762
4095
3540
400
0
6
89
0
0
0
0
0
0
1109
0
0
0
0
0
0
0
0
1269
4095
0
389
0
1027
623
0
0
0
0
0
0
1415
0
0
0
0
0
0
0
0
85
4095
0
0
384
275
1155
0
0
0
0
0
322
2049
0
539
0
0
0
0
0
0
0
600
0
0
4095
195
0
0
0
0
0
0
1773
2625
0
0
0
0
0
0
0
0
63
0
0
0
252
479
0
0
0
0
0
0
3467
1463
0
0
0
0
0
0
0
0
2601
0
0
0
4095
134
0
0
0
0
0
0
1916
2972
0
0
0
0
0
0
0
0
8
0
0
1147
61
653
0
0
0
0
0
0
4095
1539
65
0
0
0
0
0
0
0
0
0
0
388
45
0
0
0
0
0
0
0
1742
1739
311
0
0
0
0
0
0
1604
0
0
0
920
57
0
0
0
0
0
0
0
1702
0
916
0
0
0
0
0
0
1696
0
0
518
381
0
0
0
0
0
0
0
0
1997
0
321
0
0
0
0
112
0
1351
0
0
2846
94
211
0
0
0
0
0
0
1387
990
180
0
0
0
0
1025
580
0
0
0
0
809
784
0
0
0
0
0
0
0
1360
1743
952
0
0
0
0
0
0
0
937
0
0
391
127
0
0
0
0
0
0
0
1658
0
278
0
0
0
0
89
555
1087
897
0
0
1602
197
0
0
0
0
0
0
0
0
0
4095
0
0
0
0
0
220
4095
1038
0
0
4095
817
0
0
0
0
0
0
0
0
0
0
0
0
0
0
669
1096
1124
0
0
0
639
337
0
0
0
523
0
0
0
0
0
0
0
0
0
62
1158
1442
450
0
0
0
655
0
0
0
0
212
0
0
0
0
0
0
0
0
0
167
4095
1190
0
0
0
0
10
0
0
0
0
4095
0
0
0
198
0
0
0
0
0
0
0
461
0
0
0
0
4
0
0
0
0
109
0
0
0
0
0
0
0
0
0
0
0
0
0
0
0
0
0
0
0
0
0
688
0
0
0
0
0
0
0
0
1976
0
0
0
0
160
0
0
4095
0
0
0
10
0
0
0
0
0
0
0
0
0
0
0
0
0
0
150
0
0
0
0
0
0
13
0
0
0
0
0
0
0
0
0
0
0
0
0
0
390
0
0
0
0
0
0
320
0
0
0
0
0
0
0
0
0
260
0
0
0
0
0
0
0
0
0
0
0
1665
0
0
0
0
0
0
0
0
0
0
0
0
0
0
0
0
0
0
0
0
0
0
0
0
0
0
0
0
0
0
698
0
0
0
0
0
0
0
0
0
0
0
0
0
0
0
0
0
0
0
0
0
0
0
0
0
0
0
0
0
0
0
0
0
1076
0
0
0
0
0
0
0
0
0
923
0
0
0
0
0
0
0
0
0
0
0
0
0
0
4095
0
0
0
0
0
0
0
0
0
0
0
0
0
0
0
0
0
0
0
0
0
4095
0
0
0
0
0
0
0
0
0
0
0
0
0
0
0
0
0
0
0
0
0
4095
0
0
0
0
0
103
0
0
0
0
0
0
0
0
0
0
0
0
0
0
0
0
0
0
0
0
0
0
0
0
0
0
0
0
0
0
0
0
0
0
0
0
0
0
0
0
0
0
0
0
0
0
0
0
0
0
0
0
0
0
0
0
0
0
0
0
0
0
0
0
0
0
0
0
0
0
0
0
0
0
0
0
0
0
0
0
0
0
0
0
0
0
86
0
0
0
0
0
0
0
0
0
0
0
0
0
0
0
0
0
0
0
0
0
0
0
0
0
0
0
0
0
0
0
0
0
0
0
0
0
0
0
0
0
0
0
0
0
0
0
0
0
0
0
0
0
0
0
0
0
0
0
4095
2351
0
0
0
101
0
0
0
0
0
0
0
0
0
0
0
14
0
0
0
0
4095
1125
0
0
0
0
0
0
0
0
0
0
0
0
0
0
0
75
0
0
0
3313
4095
1162
0
0
108
0
0
0
0
0
0
0
0
0
0
0
0
70
0
0
0
3297
4064
1280
0
0
251
0
0
0
0
0
0
0
0
0
0
0
12
69
0
0
0
3095
4095
1270
0
0
0
865
0
0
0
0
0
0
0
0
0
0
74
0
0
0
2488
2984
4095
1173
0
0
820
1102
0
0
0
0
0
0
0
0
0
0
71
0
0
0
1607
3397
4095
4095
0
1248
973
0
0
0
0
0
0
0
0
0
0
0
45
0
0
1731
1558
3299
4095
4095
0
1385
1122
0
0
0
0
0
0
0
0
0
0
0
0
0
0
1487
1932
3038
4095
4095
0
1449
1123
0
0
0
0
0
0
0
0
0
0
0
0
0
0
1458
1610
3186
4095
4095
175
0
1124
0
0
0
0
0
0
0
0
0
0
0
0
0
0
577
1560
3580
4095
918
0
1285
441
0
0
0
0
0
0
0
0
0
0
0
0
0
0
453
1905
3611
0
0
0
1326
0
0
0
0
0
0
0
0
0
0
0
0
0
0
0
463
1661
2845
0
0
0
526
0
0
0
0
0
0
0
1310
0
0
0
0
