46
0
0
57
85
52
0
1186
48
409
343
0
554
28
172
0
0
102
349
193
35
103
122
30
0
159
54
0
0
61
0
24
153
0
14
0
22
113
0
59
52
0
152
51
24
50
54
0
0
0
112
0
0
0
55
50
796
638
0
37
52
0
113
0
0
302
285
689
0
328
0
585
50
125
0
44
98
651
3442
410
365
0
268
223
1574
0
121
131
471
333
0
231
128
0
129
499
34
160
27
0
0
259
98
83
121
271
73
644
971
474
0
158
222
186
466
546
411
802
344
72
955
0
0
0
0
0
157
191
550
227
379
283
347
104
182
31
30
0
0
261
291
0
98
302
239
133
669
243
60
322
585
743
1500
15
0
65
20
0
56
213
385
48
951
2798
14
