0
0
0
0
0
0
0
1895
0
7
7
0
0
0
3721
0
0
0
0
0
555
0
0
0
0
0
0
0
0
1806
0
4
0
0
0
0
3677
0
0
2933
0
0
578
0
0
0
0
0
0
0
0
1708
0
2
0
0
0
769
3810
0
0
0
0
515
1115
0
0
0
0
0
0
0
0
1654
0
0
0
0
0
2516
3888
0
0
1131
1131
612
0
0
0
0
0
0
0
0
234
0
0
0
0
0
0
3332
0
0
0
1376
1060
506
0
0
0
0
0
0
0
0
0
0
0
0
0
0
655
3743
0
0
0
1660
1144
506
0
0
0
0
0
0
0
0
1439
0
0
0
0
0
1965
3877
0
0
0
1560
1112
553
0
0
0
0
0
0
0
0
1361
0
0
0
0
0
2269
3873
0
0
0
1616
1146
581
0
0
0
0
0
0
0
0
0
0
0
0
0
1248
3071
3931
0
0
0
1617
1131
559
0
0
0
0
0
0
0
0
0
0
0
0
0
0
3333
0
0
0
2083
1672
1165
598
0
0
0
0
0
0
0
0
0
0
0
0
0
0
3159
0
0
0
415
0
514
1083
9
9
0
0
0
0
0
0
0
0
0
0
0
0
3328
0
0
0
391
0
481
1149
30
30
0
0
0
0
0
0
0
0
0
0
0
0
3406
0
0
0
384
0
477
1067
42
42
0
0
0
0
0
0
0
0
0
0
0
1966
3715
0
0
0
0
438
687
107
54
35
0
0
0
0
0
0
0
0
0
0
0
2101
0
0
0
0
247
653
186
86
86
16
0
0
0
0
0
0
0
0
0
0
0
2219
0
0
0
0
247
578
44
44
44
0
0
0
0
0
0
0
0
0
0
0
0
2042
0
0
0
0
322
278
18
18
18
0
0
0
0
0
0
0
0
0
0
0
0
2138
0
0
0
0
0
80
80
80
0
0
0
0
0
0
0
0
0
0
0
0
0
0
0
0
0
0
0
49
49
49
0
0
0
0
0
0
0
0
0
0
0
0
0
0
0
0
0
0
0
0
0
0
0
0
0
0
0
0
0
0
0
0
0
0
44
0
0
0
0
0
0
0
0
0
0
0
0
0
0
0
0
0
0
0
0
0
657
0
0
0
0
0
0
0
0
0
0
0
0
0
106
106
0
0
0
0
0
0
552
0
0
0
0
0
0
0
0
0
0
0
0
0
115
115
0
0
0
0
0
0
553
0
0
0
0
0
0
0
0
0
0
0
0
0
112
112
0
0
0
0
0
0
0
0
0
0
0
0
0
0
0
0
0
0
0
182
0
0
0
0
0
0
0
0
0
0
0
0
0
0
0
0
0
0
0
0
0
173
0
0
0
0
0
0
0
0
0
0
0
0
0
0
0
0
0
0
0
0
1
0
154
0
0
0
0
0
0
0
6
0
0
0
0
0
0
0
0
0
0
1
0
0
0
0
0
0
0
0
0
0
22
222
0
383
0
450
0
0
0
0
0
0
0
0
0
0
0
0
0
0
0
4
0
532
0
376
0
0
0
0
0
0
3
3
0
0
0
0
0
0
0
0
0
82
0
0
633
1071
0
0
0
0
0
0
3
561
2932
0
0
0
0
0
0
0
10
164
544
0
511
935
0
0
0
0
0
0
2
1242
0
0
0
0
0
0
0
0
66
0
0
581
1110
0
0
0
0
0
0
0
7
1639
0
0
0
0
0
0
0
0
61
543
0
579
1115
0
26
0
0
0
0
0
1
1380
0
0
0
0
0
0
0
0
889
649
0
542
1102
0
0
0
0
0
0
0
0
1414
0
0
0
0
0
0
0
2034
917
0
603
1140
0
0
0
0
0
0
0
616
618
2034
0
0
0
0
0
0
0
2014
893
0
582
1121
0
0
0
0
0
0
0
723
724
0
0
0
0
0
0
0
0
0
1165
561
0
517
0
0
0
0
0
0
0
0
4
0
571
0
0
0
0
0
0
0
0
657
0
548
0
0
0
0
0
0
0
0
0
571
0
0
0
0
0
0
0
0
0
604
0
543
0
0
0
0
0
0
0
0
0
0
0
0
0
0
0
0
0
0
191
0
652
1142
0
0
0
0
0
0
0
0
0
0
0
0
0
0
0
0
0
0
221
0
602
1148
0
0
0
0
0
0
0
0
0
0
0
0
0
0
0
0
0
174
174
0
584
1092
284
0
0
0
0
0
0
0
0
0
0
0
0
0
0
0
0
0
0
164
669
736
0
0
0
0
0
0
0
0
0
0
0
0
0
0
0
0
0
0
0
181
0
0
0
0
0
0
0
0
0
0
0
0
0
0
0
0
0
0
0
0
0
334
0
0
0
0
0
0
2
0
0
0
0
0
0
0
0
0
0
0
0
0
0
73
2
2
0
0
0
0
0
0
0
0
0
0
0
0
0
0
0
0
0
0
0
0
0
0
0
0
0
0
0
0
0
0
0
0
0
0
0
0
11
11
11
11
11
0
0
0
0
0
0
0
0
0
0
0
0
0
0
0
0
0
0
0
0
0
0
0
0
0
1
1
1
1
0
0
0
0
0
0
0
0
0
0
0
0
0
0
0
0
0
0
0
0
0
0
0
0
0
0
0
0
4065
4065
4065
30
30
30
30
30
1
0
0
0
0
0
0
0
0
0
4065
4065
4065
4065
0
0
0
103
103
103
103
103
0
18
18
18
18
18
18
0
0
0
0
0
0
0
0
0
0
46
46
46
46
46
17
0
0
0
0
0
0
0
0
674
0
0
0
0
0
0
22
22
22
22
22
22
0
0
0
0
0
0
0
0
0
1984
0
0
0
0
0
0
34
34
34
34
34
14
0
0
0
0
0
0
0
0
0
1503
0
0
0
0
4075
4075
20
20
20
20
20
0
0
0
0
0
0
0
0
0
0
2125
4075
4075
4075
4075
4095
0
33
33
33
33
33
0
0
0
0
0
0
0
0
0
1081
2789
4095
4095
4095
4095
4087
0
0
0
0
0
0
0
0
0
0
0
0
0
0
0
1025
2600
4087
4087
4087
4087
4087
0
0
0
0
0
0
0
0
0
0
0
0
0
0
0
1065
2668
4087
4087
4087
4087
0
0
0
0
0
0
0
0
0
0
0
0
0
4095
4095
4095
2375
0
4095
4095
4095
4095
0
0
0
0
0
0
0
0
0
0
0
0
0
2322
2322
0
1316
2974
0
0
0
0
0
0
0
0
0
0
0
0
0
0
0
0
0
0
0
506
2148
0
0
0
0
4
0
0
0
0
0
0
0
0
0
0
0
0
0
0
0
887
1819
0
0
0
0
30
0
0
0
0
0
0
0
0
0
0
0
0
0
0
0
2267
0
0
0
0
14
0
0
0
0
0
0
0
0
0
0
7
7
0
0
0
0
2177
0
0
69
69
0
622
0
0
0
0
0
0
0
0
5
8
73
0
0
0
922
0
0
0
85
70
0
1020
0
0
0
0
0
0
0
0
4
8
134
0
0
0
1777
0
0
0
0
147
0
0
0
0
0
0
0
0
0
0
4
285
285
0
0
0
1499
0
0
0
0
243
0
1147
0
0
0
0
0
0
0
0
3
528
528
0
0
0
0
0
0
0
0
194
0
665
0
0
0
0
0
0
0
0
5
110
110
110
110
997
0
0
0
0
108
0
1312
0
0
0
0
0
0
0
0
685
685
685
0
0
0
3315
0
0
0
0
0
186
0
0
