0
0
0
4095
1158
3435
0
0
1548
0
0
0
0
0
0
0
0
2795
0
0
2
0
0
0
4095
540
1346
3481
0
0
1177
0
0
0
0
0
0
0
108
2976
0
0
0
0
0
0
4095
463
1179
2696
0
0
0
0
0
0
0
0
0
0
1118
1531
1400
0
0
0
0
0
4095
522
1201
2686
0
0
0
0
0
0
0
0
0
0
1168
1692
1480
0
0
0
0
0
4095
464
3335
0
0
0
0
0
0
0
0
0
0
0
0
3021
1043
0
0
0
0
0
4095
343
3086
0
0
0
0
0
0
0
0
0
0
0
1336
1690
0
0
0
0
0
0
4095
379
3196
0
0
0
0
0
0
0
0
0
0
0
1386
1783
0
0
0
0
0
1702
804
276
1869
0
0
0
1286
0
0
0
0
0
0
0
1577
0
0
0
0
4095
0
1727
807
264
849
0
0
0
1340
0
0
0
0
0
0
0
1742
0
0
0
0
4095
0
1847
962
279
970
0
0
0
1268
0
0
0
0
0
0
0
1174
0
0
0
0
4095
0
4095
992
290
1027
0
0
1198
0
0
0
0
0
0
0
0
274
0
0
0
0
0
4095
1909
1257
289
0
2054
0
0
0
0
0
0
0
0
0
0
0
0
0
0
0
0
4095
2076
1073
351
0
1700
0
0
0
0
0
0
0
0
0
0
604
0
0
0
0
0
4095
2294
1088
0
0
1060
0
0
0
0
0
0
0
0
0
0
327
0
0
0
0
0
4095
2031
1329
0
396
288
0
0
0
0
0
0
0
0
0
0
139
0
0
0
0
0
4095
1966
1117
0
493
535
0
0
0
0
0
0
0
0
0
140
0
0
0
0
0
4095
4095
2360
1109
0
382
225
0
0
0
0
0
0
0
0
0
343
0
0
0
0
0
1944
4095
2070
956
0
397
139
0
0
0
0
0
0
0
0
0
281
0
0
0
0
0
1088
4095
2011
0
0
429
41
0
0
0
0
0
0
0
0
0
0
0
0
0
0
0
1467
4095
2212
0
0
179
38
0
0
0
0
0
0
0
0
175
0
0
0
0
0
0
1640
4095
2190
0
8
56
0
0
0
0
0
0
0
0
0
288
0
0
0
0
0
557
1140
4095
1814
0
188
5
1
0
0
0
0
0
0
0
0
272
0
0
0
0
0
512
1253
4095
383
0
171
7
0
0
0
0
0
0
0
0
0
0
0
0
0
0
0
555
4095
2036
234
0
34
111
0
0
0
0
0
0
1586
0
0
0
0
0
0
0
0
139
4095
83
226
0
172
524
0
0
0
0
0
0
1706
0
0
0
0
0
0
0
0
61
4095
0
0
239
177
420
0
0
0
0
0
1963
0
0
0
0
0
0
0
0
0
0
4095
0
0
255
158
0
0
0
0
0
0
1801
1255
0
0
0
0
0
0
0
0
469
0
0
0
360
109
0
0
0
0
0
0
1778
1267
0
0
0
0
0
0
0
0
482
0
0
616
56
77
0
0
0
0
0
0
3671
1227
0
0
0
0
0
0
0
0
737
0
0
580
224
0
0
0
0
0
0
0
3254
1167
0
0
0
0
0
0
0
0
734
0
0
660
115
0
0
0
0
0
0
0
3189
929
0
0
0
0
0
0
0
1632
0
0
0
651
39
0
0
0
0
0
0
0
3458
0
0
0
0
0
0
0
0
2665
0
0
866
180
0
0
0
0
0
0
0
0
3769
0
0
0
0
0
0
96
1128
1280
0
0
869
213
0
0
0
0
0
0
0
2385
674
308
0
0
0
0
0
7
2266
0
0
0
717
148
0
0
0
0
0
0
0
1784
0
410
0
0
0
0
35
36
0
2203
0
0
693
110
0
0
0
0
0
0
0
1305
0
121
0
0
0
0
52
0
1171
1081
0
0
779
377
0
0
0
0
0
0
0
0
0
0
0
0
0
0
0
189
2315
0
0
0
163
460
0
0
0
0
0
0
0
0
0
0
0
0
0
0
0
1053
1765
0
0
1028
590
439
0
0
0
0
0
0
0
0
0
0
0
0
0
73
0
1094
1579
0
0
0
935
0
0
0
0
63
0
0
0
0
0
0
0
0
0
0
589
1167
1163
0
0
0
10
0
0
0
0
69
0
0
0
0
0
0
0
0
0
0
1191
521
0
0
0
1355
22
0
0
0
0
66
0
0
0
0
0
0
0
0
1192
0
0
0
0
0
0
1118
27
0
0
0
0
40
0
0
0
0
0
0
0
0
920
0
0
0
0
1015
0
0
0
0
0
0
96
0
0
0
0
0
0
0
0
0
0
0
0
0
0
242
0
0
0
0
0
0
90
0
0
0
0
0
0
0
0
0
0
0
0
0
0
384
0
0
0
0
0
0
59
0
0
0
0
0
0
0
0
293
0
0
0
0
0
0
0
0
0
0
0
0
0
0
0
0
0
0
0
0
0
0
0
0
0
0
0
0
0
0
0
0
0
0
0
0
0
0
0
0
0
0
0
21
0
0
0
0
0
0
0
0
0
0
0
2863
0
0
0
0
0
0
0
0
0
0
0
0
0
0
0
0
0
0
0
0
0
0
0
0
4095
0
0
0
0
0
0
21
0
0
0
0
0
0
0
0
0
0
0
0
0
0
4095
0
0
0
0
0
33
0
0
0
0
0
0
0
0
0
0
0
0
0
0
0
4095
0
0
0
0
0
71
0
0
0
0
0
0
0
0
0
0
0
0
0
0
0
4095
0
0
0
0
0
76
0
0
0
0
0
0
0
0
0
0
0
0
0
0
0
0
0
0
0
0
0
4095
0
0
0
0
0
0
0
0
0
0
0
0
0
0
0
0
0
0
0
0
4095
46
0
0
0
0
0
0
0
0
0
0
0
0
0
0
0
0
0
0
0
0
4095
0
0
0
0
0
0
0
0
0
0
0
0
0
0
0
0
0
0
0
0
0
4095
0
0
0
0
0
0
0
0
0
0
0
0
0
0
0
0
0
0
0
0
0
4095
0
0
0
0
0
0
0
0
0
0
0
4095
0
0
0
0
0
0
0
0
4095
0
0
0
0
0
0
0
0
0
0
0
0
0
0
0
0
4095
2522
0
0
0
64
0
0
0
0
0
0
0
0
0
0
0
0
0
0
0
0
4095
1338
0
0
0
26
0
0
0
0
0
0
0
0
0
0
0
21
0
0
0
4095
4095
1218
0
0
146
0
0
0
0
0
0
0
0
0
0
0
0
16
0
0
0
4095
3552
1185
0
0
387
0
0
0
0
0
0
0
0
0
0
0
4
0
0
0
0
4095
3639
1202
0
0
1068
283
0
0
0
0
0
0
0
0
0
0
49
0
0
0
3248
3780
3909
1252
0
0
1052
72
0
0
0
0
0
0
0
0
0
0
198
0
0
0
3269
3197
3915
4095
0
1589
1218
0
0
0
0
0
0
0
0
0
0
0
213
0
0
1437
1580
3124
3450
4095
0
1575
1168
0
0
0
0
0
0
0
0
0
0
0
592
0
0
2667
1702
3425
4095
4095
186
0
2418
0
0
0
0
0
0
0
0
0
0
0
486
0
0
3477
1480
3962
4095
4095
291
1327
1166
0
0
0
0
0
0
0
0
0
0
0
0
0
0
4095
1464
3490
4095
0
0
1812
305
0
0
0
0
0
0
0
0
0
0
0
0
0
0
2946
1581
3071
0
4095
0
2175
0
0
0
0
0
0
0
1659
0
0
3
0
0
0
0
3707
1357
4095
0
0
1542
497
0
0
0
0
0
0
0
2963
0
0
3
0
0
