3674
0
0
0
0
0
628
0
0
0
0
0
0
0
0
0
1345
0
0
0
0
0
3792
0
0
0
418
0
580
0
0
0
0
0
0
0
0
3007
1358
0
0
0
0
0
3926
0
0
1365
1365
819
208
0
0
0
0
0
0
0
0
0
1359
0
0
0
0
1883
4004
0
0
1536
1372
837
176
0
0
0
0
0
0
0
0
0
0
0
0
0
0
2645
3925
0
0
1843
1315
785
185
0
0
0
0
0
0
0
0
0
567
0
0
0
0
2535
0
0
0
1850
1338
770
193
0
0
0
0
0
0
0
99
0
0
0
0
0
2126
3785
0
0
0
1789
1290
727
168
0
0
0
0
0
0
0
107
0
0
0
0
0
2031
3760
0
0
0
1855
1366
825
178
0
0
0
0
0
0
0
102
0
0
0
0
0
1887
0
0
0
0
1915
1358
789
171
0
0
0
0
0
0
0
121
0
0
0
0
714
1192
0
0
0
339
0
490
1046
80
4
0
0
0
0
0
0
0
0
0
0
0
0
2989
0
0
0
331
0
516
1025
32
32
0
0
0
0
0
0
0
0
0
0
0
0
2776
0
0
0
0
359
0
555
47
47
0
0
0
0
0
0
0
0
0
0
0
0
2729
0
0
0
0
376
619
87
87
65
0
0
0
0
0
0
0
0
0
0
0
1827
3429
0
0
0
0
342
257
37
37
20
0
0
0
0
0
0
0
0
0
0
0
1741
3385
0
0
0
0
0
27
27
27
0
0
0
0
0
0
0
0
0
0
0
0
1826
0
0
0
0
0
0
16
16
16
0
0
0
0
0
0
0
0
0
0
0
0
2236
0
0
0
0
0
0
10
10
0
0
0
0
0
0
0
0
0
0
0
0
0
2739
0
0
0
0
0
0
7
7
0
0
0
0
0
0
0
0
0
0
0
0
0
2791
0
0
0
0
0
7
0
0
0
0
0
0
0
0
0
0
0
0
0
0
0
0
0
0
0
0
0
0
0
0
0
0
0
0
0
0
0
0
0
0
0
0
0
0
0
0
0
0
0
0
0
0
0
0
0
0
0
0
0
0
0
0
0
0
0
0
0
0
0
0
0
0
0
0
0
0
0
0
0
0
0
0
0
0
0
0
0
0
0
0
0
0
0
1067
1067
1067
1067
1067
1067
1067
0
0
0
0
0
0
0
0
0
0
0
0
0
0
0
0
0
0
0
0
0
0
1273
1273
0
0
0
0
0
0
0
0
0
0
0
0
0
0
0
0
0
0
0
1297
0
0
0
0
0
0
0
0
0
0
0
298
0
0
1
0
0
0
0
0
0
1310
0
0
0
0
0
0
0
0
0
0
3453
282
0
0
0
0
0
0
0
2
2
0
0
0
0
0
0
0
0
0
8
0
0
271
0
0
0
0
0
0
0
7
676
0
0
0
0
0
0
0
0
0
67
56
0
495
0
414
0
0
0
0
0
4
1643
0
0
0
0
0
0
0
0
16
225
504
0
402
0
0
0
0
0
0
7
10
1919
0
0
0
0
0
0
0
0
76
288
559
0
401
0
0
0
0
0
0
5
6
1749
0
0
9
9
9
9
9
0
76
261
733
1250
1647
0
0
0
0
0
0
7
12
1651
0
0
0
0
0
0
0
31
202
0
655
1134
0
0
0
0
0
0
0
402
406
0
0
0
0
0
0
0
0
0
487
0
530
1036
0
0
0
0
0
0
0
543
545
0
0
0
0
0
0
0
0
511
587
0
583
1086
0
0
0
0
0
0
84
85
87
0
0
0
0
0
0
0
2348
1375
0
645
1167
1706
0
0
0
0
0
0
157
158
158
0
0
0
0
0
0
0
0
0
613
0
550
0
0
0
0
0
0
0
0
0
0
0
0
0
0
0
0
0
0
0
547
0
521
0
0
0
0
0
0
0
0
0
0
0
0
0
0
0
0
0
0
0
593
0
597
0
0
0
0
0
0
0
0
0
0
0
0
0
0
0
0
0
0
0
580
0
541
0
32
0
0
0
0
0
0
0
0
0
0
0
0
0
0
0
0
0
0
609
1134
0
0
0
0
0
0
0
0
0
0
0
0
0
0
0
0
0
0
0
0
580
1106
0
0
0
0
0
0
0
0
0
0
0
0
0
0
0
0
0
0
0
0
632
1141
0
0
0
0
0
0
0
0
0
0
0
0
0
0
0
207
207
0
0
0
205
0
37
0
0
0
0
0
0
0
0
0
0
0
0
0
0
0
0
0
0
0
0
0
0
0
0
0
0
0
0
0
0
0
0
0
0
0
0
0
0
0
0
0
0
0
0
0
0
0
0
0
0
0
0
0
0
0
0
0
211
211
211
211
211
211
0
0
0
0
0
0
0
0
0
0
0
0
0
0
0
0
0
0
0
0
0
0
0
0
0
0
0
0
0
0
0
0
0
0
0
0
0
0
0
0
0
0
0
0
0
0
0
0
0
0
4095
4095
4095
0
0
0
0
0
0
0
0
0
0
0
0
0
0
0
0
0
0
0
3860
3860
3860
0
0
0
0
0
0
0
0
0
0
0
0
0
0
0
0
0
0
0
0
0
2712
0
0
0
0
0
0
43
43
43
43
43
3
0
0
0
0
0
0
0
0
0
4095
0
0
0
0
0
0
188
188
188
188
188
81
0
0
0
0
0
0
0
0
0
0
0
0
0
0
0
0
128
128
128
128
128
50
0
0
0
0
0
0
0
0
1620
0
0
0
0
0
0
0
43
43
43
43
43
0
0
0
0
0
0
0
0
0
1905
4088
4088
4088
4088
4088
4088
7
7
7
7
7
4
0
0
0
0
0
0
0
0
0
2062
4075
4075
4075
4075
4075
4075
8
8
8
8
8
0
0
0
0
0
0
0
0
0
205
2186
4089
4089
4089
4089
4089
4089
6
6
6
6
6
0
0
0
0
0
0
0
0
0
844
2456
4095
4095
4095
4095
4095
0
0
0
0
0
0
0
0
0
0
0
0
0
0
0
1031
2535
4057
4077
4077
4077
4077
0
0
0
0
0
0
0
0
0
0
0
0
0
0
0
1220
2567
4003
4095
4095
4095
4095
0
0
0
0
0
0
0
0
0
0
0
0
0
0
0
1204
2632
86
0
0
0
0
0
0
0
0
0
0
0
0
0
0
0
0
0
1175
0
1824
0
0
0
0
16
0
0
0
0
0
0
0
0
0
0
0
0
0
1175
2609
0
1480
0
0
0
0
62
0
0
0
0
0
0
0
0
0
0
0
0
0
2609
3475
0
876
0
0
2
0
65
0
0
0
0
0
0
0
0
0
1
1
1
0
3475
0
2635
0
0
0
87
0
704
0
0
0
0
0
0
0
0
0
2
2
2
0
0
0
2817
0
0
9
0
153
1277
0
0
0
0
0
0
0
0
1
3
419
419
0
0
1131
0
0
0
0
45
0
1127
0
0
0
0
0
0
0
0
0
3
735
735
0
0
2681
0
0
0
0
0
0
1231
0
0
0
0
0
0
0
0
1
4
147
147
147
147
1417
0
0
0
0
0
0
0
0
0
0
0
0
0
0
0
548
555
555
555
555
555
596
0
0
0
0
0
0
0
0
0
0
0
0
0
0
0
1537
1540
0
0
0
0
853
0
0
0
0
0
0
0
0
0
0
0
0
0
0
1566
0
5
0
0
0
0
0
0
0
0
0
602
0
0
0
0
0
0
0
0
0
1386
0
1
0
0
0
3746
