0
0
0
0
0
2803
0
0
4
0
0
0
0
3099
1954
4095
4095
0
0
2613
0
0
0
0
0
0
0
2735
0
0
1
0
0
0
0
4095
1964
4095
3593
0
1004
523
0
0
0
0
0
0
0
3377
0
0
2
0
0
0
4095
1089
2285
4095
0
0
1459
0
0
0
0
0
0
0
287
4095
0
0
0
0
0
0
4095
1165
1699
4095
0
0
1114
0
0
0
0
0
0
0
1607
0
0
0
0
0
0
0
4095
897
1777
1097
0
0
2738
0
0
0
0
0
0
0
1426
1646
3993
0
0
0
0
0
4095
925
2076
0
0
0
0
0
0
0
0
0
0
0
1400
1672
0
0
0
0
0
0
4095
899
2716
0
0
0
0
0
0
0
0
0
0
0
1543
1698
0
0
0
0
0
0
4095
755
3434
0
0
0
0
0
0
0
0
0
0
0
1525
1676
0
0
0
0
0
4095
358
732
3450
0
0
0
0
0
0
0
0
0
0
0
1790
0
0
0
0
4095
0
1174
361
940
2281
0
0
0
0
0
0
0
0
0
0
0
1507
0
0
0
0
4095
0
1361
473
827
1410
0
0
0
0
0
0
0
0
0
0
0
714
0
0
0
297
0
0
4095
542
836
1259
0
0
2838
0
0
0
0
0
0
0
112
31
0
0
0
4095
0
3140
1168
455
712
0
0
0
1136
0
0
0
0
0
0
0
107
0
0
0
0
4095
0
3127
1325
485
1185
0
1709
0
735
0
0
0
0
0
0
0
121
370
0
0
0
0
0
4095
1416
524
432
0
978
0
0
0
0
0
0
0
0
0
0
331
0
0
0
0
0
4095
1343
428
304
0
607
0
0
0
0
0
0
0
0
0
0
60
0
0
0
0
4095
3506
1403
525
0
394
235
0
0
0
0
0
0
0
0
0
279
0
0
0
0
0
4095
3148
1709
477
0
331
452
0
0
0
0
0
0
0
0
0
275
0
0
0
0
0
4095
3146
1545
461
0
306
220
0
0
0
0
0
0
0
0
0
119
0
0
0
0
0
4095
3604
1457
92
0
305
170
0
0
0
0
0
0
0
0
0
0
0
0
0
0
3641
3581
3324
1824
0
0
360
26
0
0
0
0
0
0
0
0
0
0
0
0
0
0
1204
3572
2914
1575
0
0
86
8
0
0
0
0
0
0
0
0
0
0
0
0
0
0
1210
3461
2777
1523
0
64
26
0
0
0
0
0
0
0
0
0
0
0
0
0
0
0
1293
3646
3746
1124
0
184
5
0
0
0
0
0
0
0
0
0
0
0
0
0
0
0
1182
4095
3287
242
0
9
15
0
0
0
0
0
0
0
0
0
0
0
0
0
0
0
1122
4095
1448
575
0
162
52
0
0
0
0
0
0
2990
0
0
0
0
0
0
0
0
4095
4095
1571
0
0
131
180
0
0
0
0
0
0
0
0
0
0
0
0
0
0
0
4095
0
1134
0
52
160
0
0
0
0
0
0
1863
0
0
0
0
0
0
0
0
0
4095
0
1047
0
103
208
0
0
0
0
0
0
3129
0
0
0
0
0
0
0
0
0
4095
0
0
0
362
371
0
0
0
0
0
0
1707
1328
0
0
0
0
0
0
0
0
2650
0
0
671
115
611
0
0
0
0
0
0
3341
1498
0
0
0
0
0
0
0
0
2239
0
0
731
94
0
0
0
0
0
0
0
3387
1309
0
0
0
0
0
0
0
0
0
0
0
777
77
0
0
0
0
0
0
0
3486
507
0
0
0
0
0
0
0
0
0
0
0
1230
2
0
0
0
0
0
0
0
3638
0
0
0
0
0
0
0
2830
0
0
0
1015
119
0
0
0
0
0
0
0
0
3711
57
0
0
0
0
0
1257
2466
0
0
0
902
320
0
0
0
0
0
0
0
2230
686
386
0
0
0
0
51
0
4095
0
0
0
717
96
0
0
0
0
0
0
0
2050
0
375
0
0
0
0
57
761
0
0
0
0
1236
244
0
0
0
0
0
0
0
1468
0
60
0
0
0
0
0
903
2076
0
0
1029
303
317
0
0
0
0
0
0
0
67
0
0
0
0
0
39
0
1159
1999
0
0
1177
191
311
0
0
0
0
0
0
0
0
0
0
0
0
0
33
0
1255
1073
0
0
1012
88
0
0
0
0
0
0
0
0
0
0
0
0
0
0
0
1064
1209
1144
0
0
1051
7
0
0
0
0
30
0
0
0
0
0
0
0
0
0
0
1081
463
0
0
0
795
1
0
0
0
0
52
0
0
0
0
0
0
0
0
51
0
2081
0
0
0
0
526
298
0
0
0
0
57
0
0
0
0
0
0
0
0
0
0
0
0
0
1536
0
0
581
0
0
0
63
31
0
0
0
0
0
0
0
0
0
0
0
0
0
308
0
15
0
0
0
0
64
0
0
0
0
0
0
0
0
0
0
0
0
0
0
723
0
0
0
0
0
0
64
0
0
0
0
0
0
0
0
0
0
0
0
0
0
0
0
0
0
0
0
0
37
0
0
0
0
0
0
0
0
12
0
0
0
0
0
0
0
0
0
0
0
0
0
0
0
0
0
0
0
0
0
0
0
0
0
0
0
0
0
0
0
0
0
0
0
0
0
0
0
0
0
0
0
0
0
0
0
0
0
0
0
0
0
0
0
0
0
0
0
0
0
0
0
0
0
15
0
0
0
0
0
0
0
0
0
0
0
0
0
0
0
0
0
0
0
0
0
0
0
0
0
0
0
0
0
0
0
0
0
0
0
0
4095
0
0
0
0
0
88
0
0
0
0
0
0
0
0
0
0
0
0
0
0
0
4095
0
0
0
0
0
173
0
0
0
0
0
0
0
0
0
0
0
0
0
0
4095
1445
0
0
0
0
0
54
0
0
0
0
0
0
0
0
0
0
0
0
0
0
4095
0
0
0
0
0
0
74
0
0
0
0
0
0
0
0
0
0
0
0
0
0
4095
0
0
0
0
0
0
0
0
0
0
0
0
0
0
0
0
0
0
0
0
0
0
0
0
0
0
0
84
0
0
0
0
0
0
0
0
0
0
0
0
0
0
0
0
0
0
0
0
0
48
0
0
0
0
0
0
0
0
0
0
0
0
0
0
0
0
0
0
0
0
0
0
0
0
0
0
0
0
0
0
0
0
0
0
0
0
0
0
0
0
0
0
45
0
0
0
0
0
0
0
0
0
0
0
0
0
0
0
0
0
0
0
0
0
45
0
0
0
0
0
0
0
0
0
0
0
12
0
0
0
0
4095
0
0
0
0
0
0
0
0
0
0
0
0
0
0
0
0
22
0
0
0
4095
4095
536
0
0
105
0
0
0
0
0
0
0
0
0
0
0
0
874
0
0
0
4095
1096
510
0
0
53
0
0
0
0
0
0
0
0
0
0
0
64
1193
0
0
0
4095
1039
529
0
0
71
0
0
0
0
0
0
0
0
0
0
0
90
0
0
0
3887
4095
1044
173
0
0
272
0
0
0
0
0
0
0
0
0
0
0
176
0
0
0
4095
4095
1212
220
0
0
1544
0
0
0
0
0
0
0
0
0
0
0
835
0
0
0
4095
4095
1167
0
0
0
2310
0
0
0
0
0
0
0
0
0
0
0
440
0
0
4095
1991
4095
4095
60
2255
0
1149
0
0
0
0
0
0
0
0
0
0
0
0
0
0
4095
2156
4095
4095
69
1169
1154
1164
0
0
0
0
0
0
0
0
0
0
0
0
0
0
3738
2140
4095
4095
7
1003
1092
0
0
0
