63
44
0
0
0
0
0
1274
215
409
389
0
354
66
181
55
41
0
294
137
21
236
0
125
0
185
0
24
18
17
0
0
30
83
20
84
48
183
28
30
271
19
0
0
26
0
30
28
0
28
0
86
28
57
32
26
342
590
71
0
0
0
60
25
0
872
404
637
156
591
0
290
104
101
30
5
32
374
4511
0
169
534
60
929
823
182
169
228
645
286
29
156
161
0
133
431
28
202
0
0
18
26
89
222
187
70
70
226
1031
621
0
115
523
45
213
471
443
809
262
205
1168
0
154
205
30
67
217
515
391
0
0
122
374
244
435
116
236
156
0
321
101
31
0
225
0
221
616
195
46
271
742
1322
1130
0
0
22
17
6
0
180
314
273
706
1497
203
