0
0
2156
0
338
972
0
0
0
0
0
0
0
0
1695
0
6
0
0
0
0
2378
0
0
0
0
578
1145
0
0
0
0
0
0
0
0
1658
3
0
0
0
0
2705
3839
0
0
1090
949
438
0
0
0
0
0
0
0
0
0
1700
0
0
0
0
0
2851
0
0
0
1560
1112
540
0
0
0
0
0
0
0
0
0
0
0
0
0
0
0
3578
0
0
0
1580
1094
544
0
0
0
0
0
0
0
0
0
0
0
0
0
0
1799
3806
0
0
0
1603
1114
518
0
0
0
0
0
0
0
0
1228
0
0
0
0
0
2117
3851
0
0
0
1690
1168
570
0
0
0
0
0
0
0
0
1273
0
0
0
0
760
2640
3945
0
0
2044
1651
1153
609
0
0
0
0
0
0
0
0
0
0
0
0
0
2168
0
1597
0
0
350
0
480
1141
0
0
0
0
0
0
0
0
0
0
0
0
0
0
3439
0
0
0
400
0
469
1042
0
0
0
0
0
0
0
0
0
0
0
0
0
0
3338
0
0
0
486
0
459
1053
13
13
0
0
0
0
0
0
0
0
0
0
0
0
3437
0
0
0
1552
1147
702
128
108
0
48
48
48
48
48
48
0
0
0
0
0
2001
3730
0
0
0
269
960
433
120
120
19
0
0
0
0
0
0
0
0
0
0
0
2160
0
0
0
0
263
624
118
51
51
0
0
0
0
0
0
0
0
0
0
0
0
2033
0
0
0
0
234
534
31
31
27
0
0
0
0
0
0
0
0
0
0
0
0
2099
0
0
0
0
291
57
57
57
0
0
0
0
0
0
0
0
0
0
0
0
0
2117
0
0
0
0
0
65
65
65
0
0
0
0
0
0
0
0
0
0
0
0
0
2146
0
0
0
0
0
0
0
0
0
0
0
0
0
0
0
0
0
0
0
0
0
0
0
0
0
0
0
0
0
0
0
0
0
0
0
0
0
0
0
0
0
0
0
0
0
0
0
0
0
0
0
0
0
0
0
0
0
0
0
0
0
0
0
0
455
0
0
0
0
0
0
0
0
0
0
0
0
0
0
0
0
0
0
0
0
0
591
0
0
0
0
0
0
0
0
0
0
0
0
0
172
172
0
0
0
0
0
0
563
0
0
0
0
0
0
0
0
0
0
0
0
0
162
162
0
0
0
0
0
0
0
0
0
0
0
0
0
0
0
0
0
0
0
159
0
0
0
0
0
0
0
0
0
0
0
0
0
0
0
0
0
0
0
0
0
236
0
0
0
0
0
0
0
0
0
0
0
0
0
0
0
0
0
0
0
0
0
0
157
0
0
0
0
0
0
0
0
0
0
0
0
0
0
0
0
0
0
0
0
0
0
0
0
0
0
0
0
0
4
91
0
445
0
0
0
0
0
0
1
3
0
0
0
0
0
0
0
0
0
0
0
523
0
444
0
0
0
0
0
0
4
4
0
0
47
0
0
0
0
0
0
45
0
0
552
922
0
0
0
0
0
0
4
1636
0
0
0
0
0
0
0
0
0
150
378
0
528
953
0
0
0
0
0
0
3
1497
0
0
0
0
0
0
0
0
52
233
233
798
1363
0
0
0
0
0
0
0
5
1406
0
0
0
0
0
0
0
0
62
341
0
523
1090
0
82
0
0
0
0
0
4
1407
0
0
0
0
0
0
0
0
487
613
0
519
1043
0
0
0
0
0
0
287
290
1636
0
0
0
0
0
0
0
0
1121
614
0
525
0
0
0
0
0
0
0
745
748
0
0
0
0
0
0
0
0
2040
936
0
579
1113
0
0
0
0
0
0
0
278
283
0
0
0
0
0
0
0
0
0
1134
619
0
593
0
0
0
0
0
0
0
0
1
0
0
0
0
0
0
0
0
0
0
604
0
543
0
0
0
0
0
0
0
0
0
0
0
0
0
0
0
0
0
0
0
649
0
549
0
0
0
0
0
0
0
0
0
0
0
0
0
0
0
0
0
0
211
0
616
1157
0
0
0
0
0
0
0
0
0
0
0
0
0
0
0
0
0
0
195
0
588
1089
0
0
0
0
0
0
0
0
0
0
0
0
0
0
0
0
0
178
178
0
598
1131
366
0
0
0
0
0
0
0
0
0
0
0
0
0
0
0
0
178
178
0
619
796
0
0
0
0
0
0
0
0
0
0
0
0
0
0
0
0
0
0
0
182
629
629
0
0
0
0
0
0
0
0
0
0
0
0
0
0
0
0
0
0
0
483
0
0
0
0
0
0
0
0
0
0
0
0
0
0
0
0
0
0
0
0
0
40
0
0
0
0
0
0
0
0
0
0
0
0
0
0
0
0
0
0
0
0
0
0
0
0
0
0
0
0
0
0
0
0
0
0
0
0
0
0
201
201
201
201
201
0
0
0
0
0
0
0
0
0
0
0
0
0
0
0
0
0
0
0
0
0
0
0
0
0
0
0
0
0
0
0
0
0
0
0
0
0
0
0
0
0
0
0
0
0
0
0
0
0
0
0
0
0
3565
3565
3565
3565
3565
3565
3565
0
0
0
0
0
0
0
0
0
0
0
0
0
0
0
0
0
0
0
0
0
0
14
14
14
14
14
4
0
0
0
0
0
0
0
0
0
0
0
0
0
0
0
0
19
19
19
19
19
11
0
0
0
0
0
0
0
0
2135
0
0
0
0
0
0
51
51
51
51
51
21
0
0
0
0
0
0
0
0
0
2327
0
0
0
0
0
0
68
68
68
68
68
29
0
0
0
0
0
0
0
0
0
2158
4075
4075
4075
4075
4075
4075
20
20
20
20
20
0
0
0
0
0
0
0
0
0
784
2414
4095
4095
4095
4095
4095
0
49
49
49
49
49
0
0
0
0
0
0
0
0
0
1481
2833
4095
4095
4095
4095
4095
0
0
0
0
0
0
0
0
0
0
0
0
0
0
0
1217
2824
4083
4083
4083
4083
4083
0
0
0
0
0
0
0
0
0
0
0
0
0
0
0
1250
2861
4095
4095
4095
4095
4095
0
0
0
0
0
0
0
0
0
0
0
0
0
0
3519
1949
0
4095
4095
4095
4095
0
0
0
0
0
0
0
0
0
0
0
0
0
4095
4095
0
1849
0
0
0
0
0
0
0
0
0
0
0
0
0
0
0
0
0
0
4095
4095
0
1272
0
0
0
0
28
0
0
0
0
0
0
0
0
0
0
0
0
0
4095
4095
2510
0
0
0
0
0
0
0
0
0
0
0
0
0
0
0
0
0
0
0
0
0
2583
0
0
0
0
64
0
0
0
0
0
0
0
0
0
0
3
3
0
0
0
0
2574
0
0
13
0
80
1099
0
0
0
0
0
0
0
0
1
6
51
0
1187
1187
0
0
0
0
90
0
307
0
0
0
0
0
0
0
0
0
5
14
114
0
0
0
1806
0
0
0
0
223
0
1151
0
0
0
0
0
0
0
0
6
104
150
0
0
0
1445
0
0
0
0
229
0
1050
0
0
0
0
0
0
0
0
3
587
587
0
0
0
0
0
0
0
0
184
0
0
0
0
0
0
0
0
0
0
2
322
322
0
0
0
0
0
0
0
105
0
1320
0
0
0
0
0
0
0
0
238
242
242
0
0
0
2796
0
0
0
0
0
460
0
0
0
0
0
0
0
0
0
1800
1802
1802
0
0
0
3527
0
0
0
4095
0
563
0
0
0
0
0
0
0
0
1684
0
3
0
0
0
0
2954
0
