3634
0
929
423
0
0
0
0
0
0
0
4095
0
0
3
0
0
0
0
4095
1911
4095
0
0
1533
0
0
0
0
0
0
0
0
3217
0
0
0
0
0
0
4095
267
2153
4095
0
0
2265
0
0
0
0
0
0
0
276
3102
0
0
0
0
0
0
4095
271
2147
4095
0
0
0
0
0
0
0
0
0
0
1399
1971
1402
0
0
0
0
0
4095
260
2445
542
0
0
0
0
0
0
0
0
0
0
1366
1726
1437
0
0
0
0
0
4095
530
2134
2611
0
0
0
0
0
0
0
0
0
0
1419
1697
1115
0
0
0
0
0
4095
889
1986
0
0
0
0
0
0
0
0
0
0
0
1781
1720
0
0
0
0
0
0
4095
1290
4095
0
0
0
0
0
0
0
0
0
0
0
1707
1724
0
0
0
0
0
4095
1068
1163
3803
0
0
0
0
0
0
0
0
0
0
0
1640
0
0
0
0
4095
0
2224
1352
1273
2699
0
0
0
2431
0
0
0
0
0
0
0
1580
0
0
0
0
4095
0
1997
809
1193
983
0
0
1168
280
0
0
0
0
0
0
0
992
0
0
0
0
4095
0
2084
455
1144
1441
0
0
1011
0
0
0
0
0
0
0
0
149
0
0
0
0
0
4095
2336
348
1355
0
0
0
1348
0
0
0
0
0
0
0
342
0
0
0
0
0
0
4095
1933
196
1455
0
1090
0
0
0
0
0
0
0
0
0
0
313
0
0
0
0
0
4095
2074
286
980
0
1155
0
0
0
0
0
0
0
0
0
0
359
0
0
0
0
0
4095
1766
266
338
0
593
0
0
0
0
0
0
0
0
0
0
149
0
0
0
0
0
4095
966
197
337
0
273
0
0
0
0
0
0
0
0
0
178
0
0
0
0
0
4095
4095
1058
274
0
401
507
0
0
0
0
0
0
0
0
0
338
0
0
0
0
0
2103
4095
1163
268
0
344
232
0
0
0
0
0
0
0
0
0
219
0
0
0
0
0
1113
4095
1263
281
0
334
167
0
0
0
0
0
0
0
0
0
0
0
0
0
0
0
1279
3500
1163
0
0
358
63
0
0
0
0
0
0
0
0
0
0
0
0
0
0
501
2072
3430
1190
0
0
164
27
0
0
0
0
0
0
0
0
0
0
0
0
0
0
394
3069
2831
1366
0
11
45
0
0
0
0
0
0
0
0
0
0
0
0
0
0
0
507
3340
3401
1071
0
172
2
0
0
0
0
0
0
0
0
0
0
0
0
0
0
0
921
4095
3451
214
0
88
8
0
0
0
0
0
0
1201
0
0
0
0
0
0
0
0
1129
4095
1677
535
0
79
183
0
0
0
0
0
0
2650
0
0
0
0
0
0
0
0
4095
4095
1387
0
0
182
485
0
0
0
0
0
325
0
0
0
0
0
0
0
0
0
0
0
1254
0
5
145
322
0
0
0
0
0
1721
1227
0
0
0
0
0
0
0
0
4095
0
1105
0
107
117
0
0
0
0
0
0
1880
1234
0
0
0
0
0
0
0
0
4095
0
0
0
359
85
0
0
0
0
0
0
3487
1370
0
0
0
0
0
0
0
0
2568
0
0
677
84
140
0
0
0
0
0
0
3352
1305
0
0
0
0
0
0
0
0
1553
0
0
692
140
0
0
0
0
0
0
0
3320
733
0
0
0
0
0
0
0
0
0
0
0
781
76
0
0
0
0
0
0
0
3378
0
0
0
0
0
0
0
0
2572
0
0
0
664
12
0
0
0
0
0
0
0
3659
0
0
0
0
0
0
118
1211
0
0
0
857
170
0
0
0
0
0
0
0
2324
905
380
0
0
0
0
0
242
2459
0
0
0
858
287
0
0
0
0
0
0
0
2027
0
404
0
0
0
0
0
1037
4095
0
0
0
776
102
0
0
0
0
0
0
0
1463
0
146
0
0
0
0
104
764
0
0
0
0
1230
157
0
0
0
0
0
0
0
0
0
0
0
0
0
0
0
892
2096
0
0
1016
316
506
0
0
0
0
0
60
0
0
0
0
0
0
0
0
0
1141
1829
0
0
1036
190
448
0
0
0
0
0
0
0
0
0
0
0
0
0
79
0
1200
1099
0
0
1043
125
758
0
0
0
0
0
0
0
0
0
0
0
0
0
0
889
1249
1143
0
0
1086
12
0
0
0
0
39
0
0
0
0
0
0
0
0
0
0
3305
456
0
0
0
857
9
0
0
0
0
67
0
0
0
0
0
0
0
0
0
0
0
0
0
0
0
543
56
0
0
0
0
62
0
0
0
0
0
0
0
0
52
0
0
0
0
1579
0
3
50
0
0
0
44
40
0
0
0
0
0
0
0
0
0
0
0
0
0
308
0
0
1
0
0
0
67
0
0
0
0
0
0
0
0
0
0
0
0
0
0
693
0
0
0
0
0
0
83
0
0
0
0
0
0
0
0
0
0
0
0
0
0
0
0
0
0
0
0
0
50
0
0
0
0
0
0
0
0
8
0
0
0
0
0
0
0
0
0
0
0
0
0
0
0
0
0
0
0
0
0
10
0
0
0
0
0
0
0
0
0
0
0
0
0
0
0
0
0
0
0
0
0
0
0
0
0
0
0
0
0
0
0
0
0
0
0
0
0
0
0
0
0
0
0
32
0
0
0
0
0
0
0
0
0
0
0
0
0
0
4095
0
0
0
0
0
0
0
0
0
0
0
0
0
0
0
0
0
0
0
0
0
4095
0
0
0
0
0
88
0
0
0
0
0
0
0
0
0
0
0
0
0
0
0
4095
0
0
0
0
0
60
0
0
0
0
0
0
0
0
0
0
0
0
0
0
0
0
0
0
0
0
0
51
0
0
0
0
0
0
0
0
0
0
0
0
0
0
4095
0
0
0
0
0
0
37
0
0
0
0
0
0
0
0
0
0
0
0
0
0
0
0
0
0
0
0
37
0
0
0
0
0
0
0
0
0
0
0
0
0
0
0
0
0
0
0
0
0
25
0
0
0
0
0
0
0
0
0
0
0
0
0
0
0
0
0
0
0
0
0
0
0
0
0
0
0
0
0
0
0
0
0
0
0
0
0
0
0
0
0
0
0
0
0
0
0
0
0
0
0
0
0
0
0
4095
0
0
0
0
4095
0
0
0
80
0
0
0
0
0
0
0
0
0
0
0
0
0
0
0
0
0
1268
0
0
0
0
0
0
0
0
0
0
0
0
0
0
0
16
0
0
0
0
4095
1346
0
0
104
0
0
0
0
0
0
0
0
0
0
0
0
6
0
0
0
4095
4095
1154
0
0
46
0
0
0
0
0
0
0
0
0
0
0
0
925
0
0
0
4095
3573
758
0
0
76
0
0
0
0
0
0
0
0
0
0
0
32
1744
0
0
0
4095
3602
189
0
0
276
0
0
0
0
0
0
0
0
0
0
0
95
0
0
0
2916
3396
3186
177
0
0
1593
0
0
0
0
0
0
0
0
0
0
0
252
0
0
0
2724
3746
2150
0
0
2418
1127
0
0
0
0
0
0
0
0
0
0
0
777
0
0
1752
1129
3940
1418
77
939
0
1134
0
0
0
0
0
0
0
0
0
0
0
447
0
0
3193
1450
4095
4095
58
1119
1143
1104
0
0
0
0
0
0
0
0
0
0
0
0
0
0
3309
1152
4095
4095
14
2199
1196
453
0
0
0
0
0
0
0
0
0
0
0
0
0
0
3006
1262
4095
4095
0
0
1242
0
0
0
0
0
0
0
0
0
0
10
0
0
0
0
2912
1176
4095
4095
