65
26
21
0
0
0
0
1340
117
553
543
49
209
44
92
49
0
0
246
90
19
226
0
156
0
79
32
22
19
19
128
21
27
29
0
22
93
161
27
28
188
52
23
0
23
56
29
28
0
0
0
30
29
56
30
51
592
569
19
21
0
0
30
22
54
824
126
754
0
344
0
691
39
204
0
0
0
355
3786
0
441
511
57
111
1793
176
18
0
509
342
0
236
156
191
0
717
41
262
31
0
0
39
95
118
226
77
64
637
1134
640
0
60
585
199
411
58
481
745
93
503
1137
0
30
124
0
63
127
337
463
130
197
90
677
30
63
118
31
0
0
400
225
0
30
419
424
174
379
390
73
258
481
1027
957
0
0
0
0
41
37
125
429
237
765
2124
214
