-1
71
9
19
61
-1
-1
154
-1
-1
-1
-1
-1
-1
-1
68
132
-1
-1
-1
-1
-1
-1
67
9
50
-1
-1
-1
175
-1
-1
-1
-1
-1
-1
-1
209
-1
-1
-1
-1
-1
-1
-1
63
9
172
-1
-1
-1
-1
-1
-1
-1
-1
-1
-1
-1
121
125
-1
-1
-1
-1
-1
-1
69
9
174
-1
-1
-1
-1
-1
-1
-1
-1
-1
-1
-1
121
122
-1
-1
-1
-1
-1
-1
64
8
188
-1
-1
-1
-1
-1
-1
-1
-1
-1
-1
-1
120
121
-1
-1
-1
-1
-1
66
6
9
183
-1
-1
-1
-1
-1
-1
-1
-1
-1
-1
-1
126
125
-1
-1
-1
-1
-1
61
5
9
183
-1
-1
-1
-1
-1
-1
-1
-1
-1
-1
-1
127
126
-1
-1
-1
-1
-1
15
5
8
178
-1
-1
-1
-1
-1
-1
-1
-1
-1
-1
-1
182
-1
-1
-1
-1
114
-1
16
6
7
180
-1
-1
-1
-1
-1
-1
-1
-1
-1
-1
-1
153
-1
-1
-1
86
48
-1
19
5
27
-1
-1
-1
197
-1
-1
-1
-1
-1
-1
-1
72
54
-1
-1
-1
99
-1
46
17
5
26
-1
-1
-1
190
-1
-1
-1
-1
-1
-1
-1
74
28
66
-1
-1
66
-1
49
16
6
7
-1
48
-1
158
-1
-1
-1
-1
-1
-1
-1
71
27
66
-1
-1
61
-1
53
20
5
9
-1
213
-1
-1
-1
-1
-1
-1
-1
-1
-1
-1
97
94
-1
-1
-1
-1
80
17
14
-1
-1
180
-1
-1
-1
-1
-1
-1
-1
-1
-1
99
89
-1
-1
-1
-1
-1
108
17
5
-1
28
162
-1
-1
-1
-1
-1
-1
-1
-1
-1
111
98
-1
-1
-1
-1
89
20
20
5
-1
28
164
-1
-1
-1
-1
-1
-1
-1
-1
-1
165
-1
-1
-1
-1
-1
129
25
17
6
-1
32
160
-1
-1
-1
-1
-1
-1
-1
-1
-1
167
-1
-1
-1
-1
-1
130
23
18
5
9
28
156
-1
-1
-1
-1
-1
-1
-1
-1
88
86
-1
-1
-1
-1
-1
127
21
21
-1
15
154
-1
-1
-1
-1
-1
-1
-1
-1
-1
174
-1
-1
-1
-1
-1
126
26
22
17
-1
18
22
161
-1
-1
-1
-1
-1
-1
-1
-1
144
-1
-1
-1
-1
-1
128
27
25
18
-1
18
155
-1
-1
-1
-1
-1
-1
-1
-1
-1
179
-1
-1
-1
-1
-1
130
28
23
21
-1
22
240
-1
-1
-1
-1
-1
-1
-1
-1
-1
-1
-1
-1
-1
-1
-1
227
31
21
17
5
17
156
-1
-1
-1
-1
-1
-1
-1
-1
185
-1
-1
-1
-1
-1
-1
129
26
22
-1
5
17
147
-1
-1
-1
-1
-1
-1
-1
-1
177
-1
-1
-1
-1
-1
-1
132
27
43
-1
6
21
86
-1
-1
-1
-1
-1
154
-1
-1
100
-1
-1
-1
-1
-1
-1
132
28
43
-1
5
105
-1
-1
-1
-1
-1
-1
195
-1
-1
-1
-1
-1
-1
-1
-1
-1
183
-1
70
-1
5
104
-1
-1
-1
-1
-1
-1
131
94
-1
-1
-1
-1
-1
-1
-1
-1
163
-1
71
44
6
103
-1
-1
-1
-1
-1
-1
126
23
67
-1
-1
-1
-1
-1
-1
-1
192
-1
-1
38
76
-1
-1
-1
-1
-1
-1
-1
162
24
63
-1
-1
-1
-1
-1
-1
-1
187
-1
-1
163
72
-1
-1
-1
-1
-1
-1
-1
166
23
125
-1
-1
-1
-1
-1
-1
-1
-1
-1
-1
167
77
-1
-1
-1
-1
-1
-1
-1
164
-1
148
-1
-1
-1
-1
-1
-1
-1
-1
-1
-1
10
78
-1
-1
-1
-1
-1
-1
-1
164
58
-1
-1
-1
-1
-1
-1
155
-1
-1
-1
87
9
75
-1
-1
-1
-1
-1
-1
132
30
57
-1
-1
-1
-1
-1
-1
159
-1
-1
-1
78
57
-1
-1
-1
-1
-1
-1
-1
154
30
38
-1
-1
-1
-1
76
-1
99
-1
-1
-1
86
50
-1
-1
-1
-1
-1
-1
-1
155
33
34
-1
-1
-1
-1
132
-1
-1
-1
-1
-1
114
52
-1
-1
-1
-1
-1
-1
-1
163
33
28
-1
-1
-1
43
30
30
67
-1
-1
57
15
90
-1
-1
-1
-1
-1
-1
-1
-1
189
-1
-1
-1
-1
48
31
30
69
-1
-1
59
20
77
-1
-1
-1
-1
-1
-1
-1
-1
187
-1
-1
-1
-1
47
34
30
74
-1
-1
51
18
-1
-1
-1
-1
65
63
-1
-1
-1
119
-1
-1
-1
-1
42
31
32
69
-1
-1
53
30
-1
-1
-1
-1
70
63
-1
-1
105
-1
-1
-1
-1
28
22
29
68
-1
-1
-1
82
34
-1
-1
-1
-1
68
64
-1
-1
114
-1
-1
-1
-1
28
-1
52
63
-1
-1
-1
90
31
-1
-1
-1
38
62
-1
-1
-1
149
-1
-1
-1
-1
28
-1
117
-1
-1
-1
-1
92
31
-1
-1
-1
66
-1
-1
-1
154
-1
-1
-1
-1
-1
98
-1
-1
-1
-1
98
-1
60
32
-1
-1
-1
168
-1
-1
-1
-1
-1
-1
-1
-1
-1
150
-1
-1
-1
-1
89
-1
85
-1
-1
-1
-1
174
-1
-1
-1
-1
-1
-1
-1
-1
119
-1
-1
-1
-1
-1
119
-1
84
-1
-1
-1
-1
248
-1
-1
-1
-1
-1
-1
-1
-1
242
-1
-1
-1
-1
-1
-1
-1
-1
-1
-1
-1
225
-1
-1
-1
-1
-1
-1
-1
-1
-1
283
-1
-1
-1
-1
-1
-1
-1
-1
-1
-1
-1
228
-1
-1
-1
-1
-1
-1
-1
-1
-1
277
-1
-1
-1
-1
-1
-1
-1
-1
-1
-1
-1
229
-1
-1
-1
-1
-1
-1
-1
-1
-1
272
-1
-1
-1
-1
-1
-1
-1
-1
-1
-1
-1
255
-1
-1
-1
-1
-1
-1
-1
-1
240
-1
-1
-1
-1
-1
-1
-1
-1
-1
-1
-1
-1
-1
-1
-1
228
-1
-1
-1
-1
-1
275
-1
-1
-1
-1
-1
-1
-1
-1
-1
-1
-1
-1
-1
-1
-1
238
-1
-1
-1
-1
-1
284
-1
-1
-1
-1
-1
-1
-1
-1
-1
-1
-1
-1
-1
-1
261
-1
-1
-1
-1
-1
-1
258
-1
-1
-1
-1
-1
-1
-1
-1
-1
-1
-1
-1
-1
-1
237
-1
-1
-1
-1
-1
109
183
-1
-1
-1
-1
-1
-1
-1
-1
-1
-1
-1
-1
-1
-1
-1
-1
-1
-1
-1
-1
533
-1
-1
-1
-1
-1
-1
-1
-1
-1
-1
-1
-1
-1
-1
-1
-1
-1
-1
-1
-1
-1
542
-1
-1
-1
-1
-1
-1
-1
-1
-1
-1
-1
-1
-1
-1
-1
-1
-1
-1
-1
-1
-1
548
-1
-1
-1
-1
-1
-1
-1
-1
-1
-1
-1
-1
-1
-1
-1
-1
-1
-1
-1
-1
544
-1
-1
-1
-1
-1
-1
-1
-1
-1
-1
-1
-1
-1
-1
-1
-1
-1
-1
-1
-1
-1
560
-1
-1
-1
-1
-1
-1
-1
-1
-1
-1
-1
-1
-1
-1
-1
-1
-1
-1
-1
-1
-1
589
-1
-1
-1
-1
-1
-1
-1
-1
-1
-1
-1
-1
-1
-1
-1
52
66
-1
-1
-1
91
127
-1
-1
-1
-1
-1
-1
-1
-1
-1
-1
-1
242
-1
-1
-1
51
29
64
-1
-1
61
124
-1
-1
-1
-1
-1
-1
-1
-1
-1
-1
188
53
-1
-1
-1
56
30
64
-1
-1
62
122
-1
-1
-1
-1
-1
-1
-1
-1
-1
-1
181
46
-1
-1
36
33
30
64
-1
-1
63
127
-1
-1
-1
-1
-1
-1
-1
-1
-1
-1
181
30
-1
-1
37
30
29
70
-1
-1
155
-1
-1
-1
-1
-1
-1
-1
-1
-1
-1
-1
246
-1
-1
-1
34
30
69
-1
-1
-1
180
-1
-1
-1
-1
-1
-1
-1
-1
-1
-1
179
57
-1
-1
15
24
29
30
-1
63
-1
154
-1
-1
-1
-1
-1
-1
-1
-1
-1
-1
189
51
-1
-1
192
19
33
30
34
30
30
177
-1
-1
-1
-1
-1
-1
-1
-1
-1
-1
-1
-1
-1
-1
176
20
30
30
34
30
30
172
-1
-1
-1
-1
-1
-1
-1
-1
-1
-1
-1
-1
-1
-1
26
23
29
30
34
-1
146
-1
-1
-1
-1
-1
-1
-1
-1
-1
-1
228
-1
-1
-1
-1
25
19
29
30
-1
63
108
-1
-1
-1
-1
-1
-1
-1
119
-1
-1
122
-1
-1
-1
17
9
19
30
34
-1
70
106
-1
-1
-1
-1
-1
-1
-1
116
-1
-1
118
-1
-1
-1
