4095
0
0
0
1380
0
0
0
0
0
0
0
4095
0
0
2
0
0
0
0
3045
1765
3629
0
0
3348
0
0
0
0
0
0
0
0
3405
0
0
1
0
0
0
0
4095
1447
3257
0
0
0
0
0
0
0
0
0
0
0
3386
0
0
0
0
0
0
4095
457
1556
3000
0
0
0
0
0
0
0
0
0
0
988
1594
1668
0
0
0
0
0
4095
434
1702
2532
0
0
0
0
0
0
0
0
0
0
2408
1579
1675
0
0
0
0
0
4095
514
1407
2657
0
0
0
0
0
0
0
0
0
0
0
1571
1592
0
0
0
0
0
4095
464
1364
2411
0
0
0
0
0
0
0
0
0
0
0
3015
0
0
0
0
0
0
4095
553
1377
0
0
0
0
0
0
0
0
0
0
0
1154
1557
0
0
0
0
0
0
4095
441
1461
0
0
0
2470
0
0
0
0
0
0
0
1168
61
0
0
0
4095
0
1985
716
465
1602
0
0
0
1346
0
0
0
0
0
0
0
1079
0
0
0
0
4095
0
1628
816
507
933
0
0
0
2188
0
0
0
0
0
0
0
1155
0
0
0
0
4095
0
1677
810
452
672
0
0
0
0
0
0
0
0
0
0
0
0
0
0
0
0
0
0
4095
925
430
1449
1578
0
0
0
0
0
0
0
0
0
0
0
0
0
0
0
0
4095
1722
729
476
0
1540
0
0
0
0
0
0
0
0
0
0
255
0
0
0
0
0
4095
1747
827
384
0
1172
0
0
0
0
0
0
0
0
0
0
310
0
0
0
0
0
4095
1719
897
0
0
721
0
0
0
0
0
0
0
0
0
0
235
0
0
0
0
0
4095
2067
887
0
0
459
0
0
0
0
0
0
0
0
0
0
0
0
0
0
0
0
4095
1712
865
0
396
328
0
0
0
0
0
0
0
0
0
369
0
0
0
0
0
4095
4095
1721
1099
0
491
131
0
0
0
0
0
0
0
0
0
321
0
0
0
0
0
1119
4095
2201
986
0
389
78
0
0
0
0
0
0
0
0
0
75
0
0
0
0
0
1426
4095
1930
516
0
417
41
0
0
0
0
0
0
0
0
0
0
0
0
0
0
0
1758
4095
2030
0
0
387
0
0
0
0
0
0
0
0
0
155
0
0
0
0
0
0
1691
4095
2094
0
0
88
0
0
0
0
0
0
0
0
0
211
0
0
0
0
0
519
1096
4095
2265
0
30
16
0
0
0
0
0
0
206
0
0
0
0
0
0
0
0
548
4095
4095
1185
0
331
33
0
0
0
0
0
0
1069
0
0
0
0
0
0
0
0
238
4095
4095
395
0
49
86
0
0
0
0
0
0
2024
0
0
0
0
0
0
0
0
96
4095
84
880
0
243
527
0
0
0
0
0
0
3206
0
0
0
0
0
0
0
0
0
4095
0
0
0
243
635
0
0
0
0
0
1737
0
0
322
0
0
0
0
0
0
68
2531
0
0
390
214
0
0
0
0
0
0
1718
1564
0
0
0
0
0
0
0
0
78
0
0
0
468
168
0
0
0
0
0
0
3147
1627
0
0
0
0
0
0
0
0
907
0
0
0
333
121
0
0
0
0
0
0
3212
1531
0
0
0
0
0
0
0
0
1431
0
0
825
70
209
0
0
0
0
0
0
3307
1476
0
0
0
0
0
0
0
820
0
0
0
801
47
0
0
0
0
0
0
0
3368
0
0
0
0
0
0
0
0
2319
0
0
0
713
58
0
0
0
0
0
0
0
3307
0
0
0
0
0
0
1300
0
3456
0
0
1026
230
0
0
0
0
0
0
0
2156
1605
110
0
0
0
0
0
17
2379
0
0
0
899
78
0
0
0
0
0
0
0
1794
0
414
0
0
0
0
0
0
0
1552
0
0
732
227
0
0
0
0
0
0
0
1451
0
293
0
0
0
0
87
0
1080
1573
0
0
670
30
0
0
0
0
0
0
0
0
0
0
0
0
0
0
0
0
1156
1989
0
0
666
180
0
0
0
0
0
0
0
0
0
0
0
0
0
0
0
1092
1137
0
0
0
746
362
0
0
0
0
0
0
0
0
0
0
0
0
0
60
0
1284
1430
0
0
0
627
794
0
0
0
19
0
0
0
0
0
0
0
0
0
0
0
1069
1450
0
0
0
529
0
0
0
0
98
0
0
0
0
0
0
0
0
0
0
0
699
0
0
0
0
1088
0
0
0
0
115
0
0
0
0
0
0
0
0
0
0
0
0
0
0
0
0
608
0
0
0
0
80
0
0
0
0
0
0
0
0
16
0
0
0
0
1758
0
0
0
0
0
0
0
0
0
0
0
0
0
0
0
0
0
0
0
0
0
291
0
0
1
0
0
0
9
0
0
0
0
0
0
0
0
0
0
0
0
0
0
348
0
0
0
0
0
0
6
0
0
0
0
0
0
0
0
0
0
0
0
0
0
412
0
0
0
0
0
0
8
0
0
0
0
0
0
0
0
0
0
0
0
0
0
0
0
0
0
0
0
0
0
0
0
0
0
0
0
0
0
17
0
0
0
0
0
0
0
0
0
0
0
0
0
0
0
0
0
0
0
0
0
0
0
0
0
0
0
0
0
0
0
0
0
0
0
0
0
0
0
0
0
0
0
0
0
0
0
0
0
0
0
0
0
0
0
0
0
0
4095
0
0
0
0
0
0
67
0
0
0
0
0
0
0
0
0
0
0
0
0
0
4095
0
0
0
0
0
0
0
0
0
0
0
0
0
0
0
0
0
0
0
0
0
4095
0
0
0
0
0
142
0
0
0
0
0
0
0
0
0
0
0
0
0
0
0
0
0
0
0
0
0
46
0
0
0
0
0
0
0
0
0
0
0
0
0
0
0
0
0
0
0
0
0
52
0
0
0
0
0
0
0
0
0
0
0
0
0
0
0
0
0
0
0
0
0
0
0
0
0
0
0
0
0
0
0
0
0
0
0
0
0
0
0
0
0
0
91
0
0
0
0
0
0
0
0
0
0
0
0
0
0
0
0
0
0
0
0
0
0
0
0
0
0
0
0
0
0
0
0
0
0
0
0
0
0
0
0
0
0
0
0
0
0
0
0
0
0
0
0
0
0
0
4095
0
0
0
0
4095
0
0
0
97
0
0
0
0
0
0
0
0
0
0
0
0
4095
0
0
0
4095
1141
0
0
0
17
0
0
0
0
0
0
0
0
0
0
0
0
0
0
0
0
4095
1175
0
0
72
0
0
0
0
0
0
0
0
0
0
0
0
90
0
0
0
4095
4095
1279
0
0
202
0
0
0
0
0
0
0
0
0
0
0
4
82
0
0
0
4095
4095
1274
0
0
1053
661
0
0
0
0
0
0
0
0
0
0
16
1260
0
0
0
4095
3825
1155
0
0
985
1135
0
0
0
0
0
0
0
0
0
0
179
0
0
0
3851
3636
3560
4095
0
1154
935
2335
0
0
0
0
0
0
0
0
0
0
145
0
0
0
3366
2952
3602
4095
0
1301
1176
0
0
0
0
0
0
0
0
0
0
0
599
0
0
1448
1654
2834
4095
4095
0
2834
1290
0
0
0
0
0
0
0
0
0
0
0
463
0
0
1729
1572
3232
4095
4095
509
0
1213
0
0
0
0
0
0
0
0
0
0
0
0
0
0
3790
1819
3814
4095
2334
0
1259
632
0
0
0
0
0
0
0
0
0
0
8
0
0
0
2646
1502
3205
4095
550
0
1281
0
0
0
0
0
0
0
0
0
0
5
0
0
0
0
2720
1581
3236
