44
18
-1
-1
-1
-1
-1
-1
-1
119
-1
-1
34
-1
-1
-1
-1
29
22
29
13
-1
64
-1
-1
-1
-1
-1
-1
-1
-1
66
-1
-1
19
-1
-1
-1
25
12
26
29
6
-1
56
-1
-1
-1
-1
-1
-1
-1
1
90
-1
-1
-1
-1
-1
-1
29
14
22
35
-1
-1
157
-1
-1
-1
-1
-1
-1
-1
29
-1
-1
-1
-1
-1
-1
-1
23
12
21
59
-1
-1
-1
-1
-1
-1
-1
-1
-1
-1
25
30
78
-1
-1
-1
-1
-1
51
11
22
-1
-1
-1
-1
-1
-1
-1
-1
-1
-1
-1
25
30
-1
-1
-1
-1
-1
-1
48
11
71
-1
-1
-1
-1
-1
-1
-1
-1
-1
-1
-1
27
33
-1
-1
-1
-1
-1
-1
46
9
115
-1
-1
-1
-1
-1
-1
-1
-1
-1
-1
-1
29
33
-1
-1
-1
-1
-1
40
3
9
112
-1
-1
-1
-1
-1
-1
-1
-1
-1
-1
-1
30
-1
-1
-1
-1
86
-1
13
3
10
81
-1
-1
-1
-1
-1
-1
-1
-1
-1
-1
-1
27
-1
-1
-1
-1
50
-1
14
4
9
77
-1
-1
-1
-1
-1
-1
-1
-1
-1
-1
-1
18
-1
-1
-1
-1
83
-1
13
6
8
68
-1
-1
160
-1
-1
-1
-1
-1
-1
-1
2
-1
-1
-1
-1
-1
-1
21
13
5
9
-1
-1
-1
105
-1
-1
-1
-1
-1
-1
-1
2
-1
-1
-1
-1
60
-1
22
14
5
28
-1
90
-1
149
-1
-1
-1
-1
-1
-1
-1
2
20
-1
-1
-1
-1
-1
48
15
6
21
-1
58
-1
-1
-1
-1
-1
-1
-1
-1
-1
-1
20
-1
-1
-1
-1
-1
51
13
5
18
-1
58
-1
-1
-1
-1
-1
-1
-1
-1
-1
-1
8
-1
-1
-1
-1
-1
76
15
5
-1
-1
62
-1
-1
-1
-1
-1
-1
-1
-1
-1
13
-1
-1
-1
-1
-1
52
21
16
6
-1
18
42
-1
-1
-1
-1
-1
-1
-1
-1
-1
17
-1
-1
-1
-1
-1
54
21
16
5
-1
18
26
-1
-1
-1
-1
-1
-1
-1
-1
-1
11
-1
-1
-1
-1
-1
52
25
16
2
-1
18
25
-1
-1
-1
-1
-1
-1
-1
-1
-1
-1
-1
-1
-1
-1
-1
54
21
20
-1
-1
21
17
-1
-1
-1
-1
-1
-1
-1
-1
-1
-1
-1
-1
-1
-1
33
26
21
17
-1
-1
18
20
-1
-1
-1
-1
-1
-1
-1
-1
-1
-1
-1
-1
-1
-1
35
27
21
17
-1
4
18
-1
-1
-1
-1
-1
-1
-1
-1
-1
-1
-1
-1
-1
-1
-1
31
30
26
20
-1
10
20
-1
-1
-1
-1
-1
-1
-1
-1
-1
-1
-1
-1
-1
-1
-1
31
27
22
15
-1
4
19
-1
-1
-1
-1
-1
-1
50
-1
-1
-1
-1
-1
-1
-1
-1
31
26
17
33
-1
8
18
-1
-1
-1
-1
-1
-1
-1
-1
-1
-1
-1
-1
-1
-1
-1
29
52
16
-1
-1
9
10
-1
-1
-1
-1
-1
29
-1
-1
-1
-1
-1
-1
-1
-1
-1
25
-1
37
-1
4
9
27
-1
-1
-1
-1
-1
63
-1
-1
-1
-1
-1
-1
-1
-1
-1
38
-1
58
-1
5
9
-1
-1
-1
-1
-1
-1
69
23
-1
-1
-1
-1
-1
-1
-1
-1
36
-1
-1
-1
19
33
-1
-1
-1
-1
-1
-1
91
27
-1
-1
-1
-1
-1
-1
-1
-1
57
-1
-1
37
6
68
-1
-1
-1
-1
-1
-1
103
23
-1
-1
-1
-1
-1
-1
-1
-1
163
-1
-1
40
5
-1
-1
-1
-1
-1
-1
-1
113
14
-1
-1
-1
-1
-1
-1
-1
-1
-1
-1
-1
43
35
-1
-1
-1
-1
-1
-1
-1
108
-1
-1
-1
-1
-1
-1
-1
-1
-1
-1
-1
-1
71
45
-1
-1
-1
-1
-1
-1
-1
106
-1
-1
-1
-1
-1
-1
-1
183
-1
-1
-1
51
18
41
-1
-1
-1
-1
-1
-1
103
18
23
-1
-1
-1
-1
-1
60
99
-1
-1
-1
53
20
84
-1
-1
-1
-1
-1
-1
90
-1
24
-1
-1
-1
-1
-1
-1
173
-1
-1
-1
49
16
-1
-1
-1
-1
-1
-1
-1
62
-1
8
-1
-1
-1
-1
42
-1
-1
-1
-1
-1
82
54
-1
-1
-1
-1
-1
-1
-1
9
-1
-1
-1
-1
-1
-1
-1
30
69
-1
-1
62
22
58
-1
-1
-1
-1
-1
-1
-1
-1
-1
-1
-1
-1
-1
-1
-1
34
67
-1
-1
59
26
33
-1
-1
-1
-1
-1
-1
-1
-1
-1
-1
-1
-1
-1
9
-1
32
53
-1
-1
60
22
37
-1
-1
-1
37
-1
3
-1
-1
-1
-1
-1
-1
-1
-1
24
30
64
-1
-1
60
19
-1
-1
-1
-1
45
-1
-1
-1
-1
-1
-1
-1
-1
-1
-1
30
18
-1
-1
-1
48
35
-1
-1
-1
-1
43
-1
-1
-1
-1
-1
-1
-1
-1
3
-1
60
-1
-1
-1
-1
30
20
-1
-1
-1
-1
35
-1
-1
-1
-1
-1
-1
-1
-1
3
-1
-1
-1
-1
98
-1
3
39
-1
-1
-1
33
9
-1
-1
-1
-1
-1
-1
-1
-1
-1
-1
-1
-1
-1
34
-1
-1
-1
-1
-1
-1
41
-1
-1
-1
-1
-1
-1
-1
-1
-1
-1
-1
-1
-1
-1
32
-1
16
-1
-1
-1
-1
28
-1
-1
-1
-1
-1
-1
-1
-1
-1
-1
-1
-1
-1
-1
42
-1
86
-1
-1
-1
-1
13
-1
-1
-1
-1
-1
-1
-1
-1
2
-1
-1
-1
-1
-1
-1
-1
-1
-1
-1
-1
-1
-1
-1
-1
-1
-1
-1
-1
-1
-1
-1
-1
-1
-1
-1
-1
-1
-1
-1
-1
-1
-1
8
-1
-1
-1
-1
-1
-1
-1
-1
-1
-1
-1
-1
-1
-1
-1
-1
-1
-1
-1
-1
-1
22
-1
-1
-1
-1
-1
-1
-1
-1
-1
-1
-1
-1
-1
-1
-1
-1
-1
-1
-1
-1
-1
85
-1
-1
-1
-1
-1
-1
-1
-1
-1
-1
-1
-1
-1
-1
-1
-1
-1
-1
-1
-1
-1
-1
-1
-1
55
-1
-1
-1
-1
-1
19
-1
-1
-1
-1
-1
-1
-1
-1
-1
-1
-1
-1
-1
-1
-1
46
-1
-1
-1
-1
-1
39
-1
-1
-1
-1
-1
-1
-1
-1
-1
-1
-1
-1
-1
-1
-1
67
-1
-1
-1
-1
-1
31
-1
-1
-1
-1
-1
-1
-1
-1
-1
-1
-1
-1
-1
-1
51
-1
-1
-1
-1
-1
-1
36
-1
-1
-1
-1
-1
-1
-1
-1
-1
-1
-1
-1
-1
-1
231
-1
-1
-1
-1
-1
7
-1
-1
-1
-1
-1
-1
-1
-1
-1
-1
-1
-1
-1
-1
-1
-1
-1
-1
-1
-1
-1
18
-1
-1
-1
-1
-1
-1
-1
-1
-1
-1
-1
-1
-1
-1
-1
-1
-1
-1
-1
-1
-1
4
-1
-1
-1
-1
-1
-1
-1
-1
-1
-1
-1
-1
-1
-1
-1
-1
-1
-1
-1
-1
-1
-1
-1
-1
-1
-1
-1
-1
-1
-1
-1
-1
-1
-1
-1
-1
-1
-1
-1
-1
-1
-1
10
-1
-1
-1
-1
-1
-1
-1
-1
-1
-1
-1
-1
-1
-1
-1
-1
-1
-1
-1
-1
-1
-1
-1
-1
-1
-1
-1
-1
-1
-1
-1
-1
-1
69
-1
-1
-1
-1
252
-1
-1
-1
12
-1
-1
-1
-1
-1
-1
-1
-1
-1
-1
-1
-1
4
-1
-1
-1
45
29
14
-1
-1
16
-1
-1
-1
-1
-1
-1
-1
-1
-1
-1
-1
-1
7
-1
-1
-1
52
29
15
-1
-1
32
-1
-1
-1
-1
-1
-1
-1
-1
-1
-1
-1
17
4
-1
-1
-1
52
28
16
-1
-1
30
-1
-1
-1
-1
-1
-1
-1
-1
-1
-1
-1
63
-1
-1
-1
26
33
31
27
-1
-1
36
-1
-1
-1
-1
-1
-1
-1
-1
-1
-1
-1
63
-1
-1
-1
31
29
32
54
-1
-1
60
-1
-1
-1
-1
-1
-1
-1
-1
-1
-1
-1
92
-1
-1
-1
32
29
29
-1
-1
-1
61
-1
-1
-1
-1
-1
-1
-1
-1
-1
-1
-1
58
-1
-1
21
23
29
29
9
60
31
35
-1
-1
-1
-1
-1
-1
-1
-1
-1
-1
-1
-1
-1
-1
30
23
32
29
9
30
34
12
-1
-1
-1
-1
-1
-1
-1
-1
-1
-1
-1
-1
-1
-1
25
26
32
29
3
66
31
-1
-1
-1
-1
-1
-1
-1
-1
-1
-1
91
-1
-1
-1
-1
25
22
29
33
-1
-1
