4095
0
0
1545
0
0
0
0
0
0
0
0
3316
0
0
2
0
0
0
4095
785
1687
4095
0
0
1396
0
0
0
0
0
0
0
0
3149
0
0
0
0
0
0
4078
927
2067
0
0
0
761
0
0
0
0
0
0
0
4095
0
0
0
0
0
0
0
4095
880
3678
0
0
0
0
0
0
0
0
0
0
0
1412
3072
0
0
0
0
0
0
4095
803
3049
0
0
0
0
0
0
0
0
0
0
0
1394
3080
0
0
0
0
0
0
4095
792
3425
0
0
0
0
0
0
0
0
0
0
0
1600
2152
0
0
0
0
0
0
4095
735
3774
0
0
0
0
0
0
0
0
0
0
0
1646
1685
0
0
0
0
0
4095
440
827
3513
0
0
0
0
0
0
0
0
0
0
0
1600
345
0
0
0
4095
0
4095
531
844
3210
0
0
0
0
0
0
0
0
0
0
0
1532
0
0
0
0
4095
0
4095
471
728
2225
0
0
0
0
0
0
0
0
0
0
0
1256
0
0
0
4095
4095
0
4095
542
735
2306
0
0
1062
0
0
0
0
0
0
0
103
0
0
0
0
4095
0
4095
1463
440
1615
0
524
0
1069
0
0
0
0
0
0
0
156
0
0
0
0
4095
0
4095
1381
454
1038
0
504
0
942
0
0
0
0
0
0
0
118
281
0
0
0
0
0
4095
1531
547
656
0
1076
0
0
0
0
0
0
0
0
0
0
332
0
0
0
0
0
4095
1737
476
321
0
662
0
0
0
0
0
0
0
0
0
0
196
0
0
0
0
0
4095
1550
442
0
0
363
0
0
0
0
0
0
0
0
0
172
0
0
0
0
0
4095
3453
1610
535
0
314
260
0
0
0
0
0
0
0
0
0
294
0
0
0
0
0
4095
3372
1852
443
0
339
11
0
0
0
0
0
0
0
0
0
216
0
0
0
0
0
4095
2898
1531
173
0
308
11
0
0
0
0
0
0
0
0
0
0
0
0
0
0
0
4095
2939
1641
0
19
337
0
0
0
0
0
0
0
0
0
0
0
0
0
0
0
1286
3512
3385
1832
0
44
306
0
0
0
0
0
0
0
0
0
0
0
0
0
0
0
1330
3875
3090
1570
0
47
177
0
0
0
0
0
0
0
0
0
0
0
0
0
0
0
1206
3745
2895
1416
0
189
43
0
0
0
0
0
0
0
0
0
0
0
0
0
0
0
1193
4095
3010
319
0
147
12
0
0
0
0
0
0
0
0
1328
0
0
0
0
0
0
1107
4095
2254
279
0
170
2
0
0
0
0
0
0
0
0
1354
0
0
0
0
0
0
2406
4095
1739
0
286
149
61
0
0
0
0
0
1293
0
0
0
0
0
0
0
0
0
4095
0
4095
0
345
177
89
0
0
0
0
0
3146
0
0
0
0
0
0
0
0
0
4095
0
2747
0
389
363
0
0
0
0
0
0
1663
1360
0
0
0
0
0
0
0
0
4095
0
404
0
300
502
0
0
0
0
0
0
2654
1313
0
0
0
0
0
0
0
0
4095
0
0
729
116
506
0
0
0
0
0
0
3643
1285
0
0
0
0
0
0
0
0
792
0
0
634
422
0
0
0
0
0
0
0
3509
960
0
0
0
0
0
0
0
0
0
0
0
1521
80
0
0
0
0
0
0
0
3598
0
11
0
0
0
0
0
0
0
0
0
0
2059
1
0
0
0
0
0
0
0
3433
0
0
0
0
0
0
0
1177
0
0
0
1585
58
0
0
0
0
0
0
0
2149
1289
323
0
0
0
0
0
156
1845
0
0
0
1492
252
0
0
0
0
0
0
0
2262
0
422
0
0
0
0
0
0
2558
0
0
0
1317
100
0
0
0
0
0
0
0
1823
0
141
0
0
0
0
2432
0
0
0
0
0
1980
135
0
0
0
0
0
0
0
470
0
0
0
0
0
0
0
765
2056
0
0
1121
300
118
0
0
0
0
0
0
0
0
1
0
0
0
0
0
0
1248
1894
0
0
1036
116
80
0
0
0
0
0
0
0
0
0
0
0
0
0
76
0
1204
1612
0
0
1100
14
94
0
0
0
12
0
0
0
0
0
0
0
0
0
0
629
1159
589
0
0
1043
3
0
0
0
0
50
0
0
0
0
0
0
0
0
0
0
1124
878
0
0
0
1496
8
0
0
0
0
58
0
0
0
0
0
0
0
0
21
0
1108
0
0
0
0
1242
248
0
0
0
0
42
0
0
0
0
0
0
0
0
1282
0
0
0
0
0
0
1027
498
0
0
0
29
0
0
0
0
0
0
0
0
0
0
0
0
0
0
468
0
145
242
0
0
0
74
0
0
0
0
0
0
0
0
0
0
0
0
0
0
376
0
0
0
0
0
0
77
0
0
0
0
0
0
0
0
0
0
0
0
0
0
233
0
1
0
0
0
0
45
0
0
0
0
0
0
0
0
77
0
0
0
0
0
0
0
0
0
0
0
0
0
0
0
0
0
0
0
0
0
38
0
0
0
0
0
0
0
0
0
0
0
0
0
0
0
0
0
0
0
0
0
0
0
0
0
0
0
0
0
0
0
0
0
0
0
0
0
0
0
0
0
0
0
0
0
0
0
0
0
0
0
0
0
0
0
1178
0
0
0
0
0
0
0
0
0
0
0
0
0
0
0
0
0
0
0
0
0
0
0
0
4095
0
0
0
0
0
95
0
0
0
0
0
0
0
0
0
0
0
0
0
0
0
4095
0
0
0
0
0
208
0
0
0
0
0
0
0
0
0
0
0
0
0
0
4095
0
0
0
0
0
0
100
0
0
0
0
0
0
0
0
0
0
0
0
0
0
4095
0
0
0
0
0
0
40
0
0
0
0
0
0
0
0
0
0
0
0
0
0
0
0
0
0
0
0
4095
0
0
0
0
0
0
0
0
0
0
0
0
0
0
0
0
0
0
0
0
0
4095
0
0
0
0
0
0
0
0
0
0
0
0
0
0
0
0
0
0
0
0
4095
22
0
0
0
0
0
0
0
0
0
0
0
0
0
0
0
0
0
0
0
0
4095
0
0
0
0
0
0
0
0
0
0
0
0
0
0
0
0
0
0
0
0
0
4095
0
0
0
0
0
0
0
0
0
0
0
0
0
0
0
0
0
0
0
0
0
4095
0
0
0
0
0
0
0
0
0
0
0
0
0
0
0
0
4095
0
0
0
63
0
0
0
0
0
0
0
0
0
0
0
0
25
0
0
0
4095
1090
527
0
0
61
0
0
0
0
0
0
0
0
0
0
0
0
16
0
0
0
4095
1132
642
0
0
76
0
0
0
0
0
0
0
0
0
0
0
12
7
0
0
0
4095
1256
274
0
0
67
0
0
0
0
0
0
0
0
0
0
0
108
0
0
0
4095
4095
1161
219
0
0
942
0
0
0
0
0
0
0
0
0
0
0
122
0
0
0
4095
4095
1103
0
0
0
2447
0
0
0
0
0
0
0
0
0
0
551
75
0
0
0
4095
4095
2707
0
590
0
2266
0
0
0
0
0
0
0
0
0
0
673
0
0
0
3817
2207
4095
4095
63
1109
1099
1213
0
0
0
0
0
0
0
0
0
0
0
0
0
0
2253
1898
4095
4095
39
1160
1261
707
0
0
0
0
0
0
0
0
0
0
0
0
0
0
2466
1905
4095
4095
0
0
2234
0
0
0
0
0
0
0
0
0
0
1439
0
0
0
0
1831
2066
4095
4095
0
1050
888
0
0
0
0
0
0
0
2463
0
0
3
0
0
0
0
1514
1763
4095
