2308
4095
0
0
1546
0
0
0
0
0
0
0
0
3279
0
0
1
0
0
0
0
4095
2173
4095
0
0
1535
0
0
0
0
0
0
0
0
3115
0
0
0
0
0
0
4095
266
2100
4095
0
0
846
0
0
0
0
0
0
0
805
3163
0
0
0
0
0
0
4095
370
1987
1385
0
0
0
0
0
0
0
0
0
0
1512
1745
1404
0
0
0
0
0
4095
909
4010
0
0
0
0
0
0
0
0
0
0
0
1600
1750
1597
0
0
0
0
0
4095
1184
4006
0
0
0
0
0
0
0
0
0
0
0
0
3636
0
0
0
0
0
0
4095
1189
3930
0
0
0
0
0
0
0
0
0
0
0
1635
1885
0
0
0
0
0
0
4095
1366
4095
0
0
0
0
0
0
0
0
0
0
0
1622
705
0
0
0
4095
0
4095
1010
1176
1311
0
0
0
1408
0
0
0
0
0
0
0
1759
0
0
0
0
4095
0
4095
653
1087
935
0
0
0
1386
0
0
0
0
0
0
0
1685
0
0
0
0
4095
0
4095
273
1358
877
0
0
1254
0
0
0
0
0
0
0
0
170
0
0
0
4095
0
0
4095
168
1065
0
514
0
1178
0
0
0
0
0
0
0
173
0
0
0
0
0
0
4095
2082
264
1505
0
603
0
860
0
0
0
0
0
0
0
157
124
0
0
0
0
0
4095
1819
171
1328
0
906
0
0
0
0
0
0
0
0
0
0
455
0
0
0
0
0
4095
1156
279
365
0
436
0
0
0
0
0
0
0
0
0
0
263
0
0
0
0
0
4095
1160
288
421
333
330
0
0
0
0
0
0
0
0
0
54
0
0
0
0
0
4095
4095
1139
280
0
325
453
0
0
0
0
0
0
0
0
0
317
0
0
0
0
0
4095
4095
1250
285
0
368
157
0
0
0
0
0
0
0
0
0
294
0
0
0
0
0
1143
3502
1170
475
0
366
83
0
0
0
0
0
0
0
0
0
45
0
0
0
0
0
1765
3077
1230
0
0
246
37
0
0
0
0
0
0
0
0
0
0
0
0
0
0
554
2480
3272
1278
0
0
72
10
0
0
0
0
0
0
0
0
0
0
0
0
0
0
601
3062
3302
1180
0
0
13
0
0
0
0
0
0
0
0
0
0
0
0
0
0
0
950
3555
3441
1269
0
59
3
0
0
0
0
0
0
0
0
0
0
0
0
0
0
0
1185
4095
3060
811
0
170
3
0
0
0
0
0
0
757
0
0
0
0
0
0
0
0
1190
4095
2832
232
0
11
406
0
0
0
0
0
0
1252
0
0
0
0
0
0
0
0
1120
4095
1676
254
0
168
571
0
0
0
0
0
1183
0
0
0
0
0
0
0
0
0
4095
4095
1346
0
303
157
0
0
0
0
0
0
2703
0
0
0
0
0
0
0
0
0
4095
0
4095
0
328
152
0
0
0
0
0
0
1632
1424
0
0
0
0
0
0
0
0
4095
0
0
0
748
88
0
0
0
0
0
0
2364
1203
0
0
0
0
0
0
0
0
4095
0
0
780
43
63
0
0
0
0
0
0
3353
1217
0
0
0
0
0
0
0
0
696
0
0
674
109
85
0
0
0
0
0
0
3456
1284
0
0
0
0
0
0
0
0
0
0
0
1388
138
0
0
0
0
0
0
0
3728
217
0
0
0
0
0
0
0
731
0
0
0
1162
53
0
0
0
0
0
0
0
3330
0
0
0
0
0
0
0
0
1594
0
0
0
1265
0
0
0
0
0
0
0
2070
1661
142
0
0
0
0
0
172
1954
0
0
0
1497
155
0
0
0
0
0
0
0
2309
0
378
0
0
0
0
0
480
1961
0
0
0
1299
263
0
0
0
0
0
0
0
1756
0
383
0
0
0
0
2377
0
0
0
0
0
1726
107
0
0
0
0
0
0
0
834
0
0
0
0
0
0
0
757
1837
0
0
0
1331
288
0
0
0
0
0
0
0
0
0
0
0
0
0
0
0
1246
1860
0
0
1078
258
484
0
0
0
0
0
0
0
0
0
0
0
0
0
86
0
1148
1867
0
0
1102
142
572
0
0
0
0
0
0
0
0
0
0
0
0
0
0
438
1105
536
0
0
1003
520
0
0
0
0
65
0
0
0
0
0
0
0
0
0
0
1082
1153
0
0
0
1625
8
0
0
0
0
55
0
0
0
0
0
0
0
0
0
0
1104
0
0
0
0
1164
5
0
0
0
0
55
0
0
0
0
0
0
0
0
1163
0
0
0
0
0
0
1107
76
0
0
0
79
0
0
0
0
0
0
0
0
0
455
0
0
0
0
633
0
0
54
0
0
0
83
0
0
0
0
0
0
0
0
0
0
0
0
0
0
314
0
0
0
0
0
0
77
0
0
0
0
0
0
0
0
0
0
0
0
0
0
365
0
0
0
0
0
0
0
0
0
0
0
0
0
0
0
165
0
0
0
0
0
0
0
0
0
0
0
0
0
0
0
0
0
0
0
0
0
17
0
0
0
0
0
0
0
0
0
0
0
0
0
0
0
0
0
0
0
0
0
0
0
0
0
0
0
0
0
0
0
0
0
0
0
0
0
0
0
0
0
0
0
7
0
0
0
0
0
0
0
0
0
0
0
4095
0
0
4095
0
0
0
0
0
0
17
0
0
0
0
0
0
0
0
0
0
0
13
0
0
4095
0
0
0
0
0
36
0
0
0
0
0
0
0
0
0
0
0
0
0
0
0
4095
0
0
0
0
0
78
0
0
0
0
0
0
0
0
0
0
0
0
0
0
0
4095
0
0
0
0
0
63
0
0
0
0
0
0
0
0
0
0
0
0
0
0
4095
0
0
0
0
0
0
45
0
0
0
0
0
0
0
0
0
0
0
0
0
0
0
0
0
0
0
0
4095
0
0
0
0
0
0
0
0
0
0
0
0
0
0
0
0
0
0
0
0
0
4095
0
0
0
0
0
0
0
0
0
0
0
0
0
0
0
0
0
0
0
0
0
4095
0
0
0
0
0
0
0
0
0
0
0
0
0
0
0
0
0
0
0
0
4095
0
0
0
0
0
0
0
0
0
0
0
0
4095
0
0
0
0
0
0
0
0
4095
0
0
0
0
0
0
0
0
0
0
0
0
4095
0
0
0
4095
1221
0
0
0
0
0
0
0
0
0
0
0
0
0
0
0
0
0
0
0
4095
4095
1058
0
0
0
0
0
0
0
0
0
0
0
0
0
0
0
12
0
0
0
4095
3554
763
0
0
105
0
0
0
0
0
0
0
0
0
0
0
0
326
0
0
0
4095
3363
572
0
0
65
0
0
0
0
0
0
0
0
0
0
0
0
1500
0
0
0
3430
2785
348
0
0
69
0
0
0
0
0
0
0
0
0
0
0
100
0
0
0
2684
4062
1719
193
0
0
684
0
0
0
0
0
0
0
0
0
0
0
92
0
0
0
3128
4095
1098
0
0
0
2102
0
0
0
0
0
0
0
0
0
0
0
516
0
0
1474
1169
4095
1130
41
481
0
2343
0
0
0
0
0
0
0
0
0
0
0
736
0
0
0
2983
4095
4095
65
1211
0
2584
0
0
0
0
0
0
0
0
0
0
0
0
0
0
3621
1306
4095
4095
58
1110
1141
964
0
0
0
0
0
0
0
0
0
0
0
0
0
0
3495
1237
4095
4095
0
0
2039
0
0
0
0
0
0
0
0
0
0
1629
0
0
0
0
3573
1713
4095
4095
0
0
2044
0
0
0
0
0
0
0
1743
0
0
5
0
0
0
0
3132
2002
