-1
-1
-1
88
5
15
57
-1
-1
168
-1
-1
-1
-1
-1
-1
-1
-1
173
-1
-1
-1
-1
-1
-1
85
4
13
60
-1
-1
149
-1
-1
-1
-1
-1
-1
-1
70
123
-1
-1
-1
-1
-1
-1
60
4
14
186
-1
-1
-1
-1
-1
-1
-1
-1
-1
-1
99
34
123
-1
-1
-1
-1
-1
58
3
13
187
-1
-1
-1
-1
-1
-1
-1
-1
-1
-1
95
32
124
-1
-1
-1
-1
-1
59
3
219
-1
-1
-1
-1
-1
-1
-1
-1
-1
-1
-1
-1
141
123
-1
-1
-1
-1
-1
93
3
177
-1
-1
-1
-1
-1
-1
-1
-1
-1
-1
-1
137
128
-1
-1
-1
67
-1
49
11
3
183
-1
-1
-1
-1
-1
-1
-1
-1
-1
-1
-1
139
98
-1
-1
-1
61
-1
51
14
4
55
-1
-1
-1
184
-1
-1
-1
-1
-1
-1
-1
87
93
-1
-1
-1
64
-1
59
12
8
52
-1
-1
-1
177
-1
-1
-1
-1
-1
-1
-1
93
-1
93
-1
-1
63
-1
52
12
12
52
-1
-1
180
-1
-1
-1
-1
-1
-1
-1
-1
100
-1
91
-1
-1
-1
29
22
15
39
-1
-1
-1
220
-1
-1
-1
-1
-1
-1
-1
-1
100
-1
61
-1
93
-1
95
22
12
13
-1
191
-1
-1
-1
-1
-1
-1
-1
-1
-1
138
30
91
-1
-1
-1
-1
99
26
14
12
-1
210
-1
-1
-1
-1
-1
-1
-1
-1
-1
-1
223
-1
-1
-1
-1
-1
93
22
7
15
-1
174
-1
-1
-1
-1
-1
-1
-1
-1
-1
130
126
-1
-1
-1
-1
-1
89
22
3
-1
39
154
-1
-1
-1
-1
-1
-1
-1
-1
-1
122
117
-1
-1
-1
-1
92
29
26
3
-1
36
158
-1
-1
-1
-1
-1
-1
-1
-1
-1
212
-1
-1
-1
-1
-1
95
29
22
2
-1
33
154
-1
-1
-1
-1
-1
-1
-1
-1
-1
208
-1
-1
-1
-1
-1
97
34
22
3
-1
34
164
-1
-1
-1
-1
-1
-1
-1
-1
-1
199
-1
-1
-1
-1
-1
124
28
18
3
11
19
162
-1
-1
-1
-1
-1
-1
-1
-1
168
-1
-1
-1
-1
-1
-1
132
29
12
-1
11
19
154
-1
-1
-1
-1
-1
-1
-1
-1
164
-1
-1
-1
-1
-1
-1
30
29
12
-1
12
19
154
-1
-1
-1
-1
-1
-1
-1
-1
138
-1
-1
-1
-1
-1
130
29
26
13
-1
13
21
153
-1
-1
-1
-1
-1
-1
-1
-1
131
-1
-1
-1
-1
-1
123
30
22
14
-1
13
110
-1
-1
-1
-1
-1
-1
157
-1
-1
-1
-1
-1
-1
-1
-1
149
29
22
13
6
8
112
-1
-1
-1
-1
-1
-1
115
-1
67
-1
-1
-1
-1
-1
-1
123
30
22
-1
18
9
86
-1
-1
-1
-1
-1
138
22
-1
66
-1
-1
-1
-1
-1
-1
124
-1
21
-1
19
86
-1
-1
-1
-1
-1
-1
156
-1
-1
77
-1
-1
-1
-1
-1
-1
157
-1
-1
-1
21
84
-1
-1
-1
-1
-1
-1
129
67
-1
-1
-1
-1
-1
-1
-1
-1
199
-1
-1
-1
18
86
-1
-1
-1
-1
-1
-1
128
22
45
-1
-1
-1
-1
-1
-1
-1
195
-1
-1
37
5
89
-1
-1
-1
-1
-1
-1
139
22
45
-1
-1
-1
-1
-1
-1
-1
169
-1
-1
158
64
-1
-1
-1
-1
-1
-1
-1
162
22
103
-1
-1
-1
-1
-1
-1
-1
-1
-1
-1
37
59
-1
-1
-1
-1
-1
-1
-1
164
24
46
-1
-1
-1
-1
-1
-1
176
-1
-1
-1
41
61
-1
-1
-1
-1
-1
-1
-1
162
-1
53
-1
-1
-1
-1
72
-1
120
-1
-1
47
20
63
-1
-1
-1
-1
-1
-1
-1
168
43
-1
-1
-1
-1
-1
78
94
-1
-1
-1
46
17
61
-1
-1
-1
-1
-1
-1
137
34
43
-1
-1
-1
-1
50
29
98
-1
-1
-1
48
48
-1
-1
-1
-1
-1
-1
-1
153
31
52
-1
-1
-1
-1
80
-1
-1
100
-1
-1
55
55
-1
-1
-1
-1
-1
-1
-1
158
-1
77
-1
-1
-1
-1
49
31
38
66
-1
59
22
30
-1
-1
-1
-1
-1
146
-1
-1
98
-1
-1
-1
-1
32
35
31
66
-1
-1
57
21
31
-1
-1
-1
-1
-1
152
-1
-1
103
-1
-1
-1
-1
31
30
31
65
-1
-1
-1
74
-1
-1
-1
-1
65
-1
97
-1
-1
111
-1
-1
-1
-1
37
30
34
97
-1
-1
-1
109
-1
-1
-1
-1
62
64
-1
-1
123
-1
-1
-1
-1
-1
54
30
100
-1
-1
-1
65
44
-1
-1
-1
-1
68
66
-1
-1
122
-1
-1
-1
-1
36
-1
54
96
-1
-1
-1
127
47
-1
-1
-1
-1
94
-1
-1
-1
152
-1
-1
-1
-1
127
-1
-1
-1
-1
-1
-1
-1
65
-1
-1
-1
44
156
-1
-1
-1
-1
-1
-1
-1
-1
149
-1
-1
-1
-1
134
-1
-1
-1
-1
-1
-1
190
-1
-1
-1
-1
-1
-1
-1
-1
-1
175
-1
-1
-1
-1
181
-1
-1
-1
-1
-1
-1
197
-1
-1
-1
-1
-1
-1
-1
-1
-1
190
-1
-1
-1
-1
179
-1
-1
-1
-1
-1
-1
277
-1
-1
-1
-1
-1
-1
-1
-1
282
-1
-1
-1
-1
-1
-1
-1
-1
-1
-1
-1
-1
278
-1
-1
-1
-1
-1
-1
-1
-1
283
-1
-1
-1
-1
-1
-1
-1
-1
-1
-1
-1
248
-1
-1
-1
-1
-1
-1
-1
-1
-1
317
-1
-1
-1
-1
-1
-1
-1
-1
-1
-1
-1
233
-1
-1
-1
-1
-1
-1
-1
-1
-1
323
-1
-1
-1
-1
-1
-1
-1
-1
-1
-1
-1
145
-1
-1
159
-1
-1
-1
-1
-1
-1
254
-1
-1
-1
-1
-1
-1
-1
-1
-1
-1
-1
-1
-1
-1
252
-1
-1
-1
-1
-1
312
-1
-1
-1
-1
-1
-1
-1
-1
-1
-1
-1
-1
-1
-1
-1
238
-1
-1
-1
-1
-1
314
-1
-1
-1
-1
-1
-1
-1
-1
-1
-1
-1
-1
-1
-1
-1
233
-1
-1
-1
-1
-1
308
-1
-1
-1
-1
-1
-1
-1
-1
-1
-1
-1
-1
-1
-1
-1
-1
-1
-1
-1
-1
-1
543
-1
-1
-1
-1
-1
-1
-1
-1
-1
-1
-1
-1
-1
-1
-1
-1
-1
-1
-1
-1
273
265
-1
-1
-1
-1
-1
-1
-1
-1
-1
-1
-1
-1
-1
-1
-1
-1
-1
-1
-1
-1
536
-1
-1
-1
-1
-1
-1
-1
-1
-1
-1
-1
-1
-1
-1
-1
-1
-1
-1
-1
-1
-1
541
-1
-1
-1
-1
-1
-1
-1
-1
-1
-1
-1
222
-1
-1
-1
-1
-1
-1
-1
-1
160
140
-1
-1
-1
-1
-1
-1
-1
-1
-1
-1
-1
256
-1
-1
-1
-1
-1
-1
-1
-1
258
-1
-1
-1
-1
-1
-1
-1
-1
-1
-1
-1
-1
-1
-1
-1
-1
193
62
-1
-1
-1
261
-1
-1
-1
-1
-1
-1
-1
-1
-1
-1
-1
177
-1
-1
-1
47
30
66
-1
-1
70
132
-1
-1
-1
-1
-1
-1
-1
-1
-1
-1
-1
175
-1
-1
-1
43
27
64
-1
-1
72
125
-1
-1
-1
-1
-1
-1
-1
-1
-1
-1
191
26
-1
-1
-1
45
26
67
-1
-1
65
96
-1
-1
-1
-1
-1
-1
-1
-1
-1
-1
184
27
-1
-1
23
23
26
63
-1
-1
-1
160
-1
-1
-1
-1
-1
-1
-1
-1
-1
-1
181
26
-1
-1
21
25
26
65
-1
-1
67
93
-1
-1
-1
-1
-1
-1
-1
-1
-1
-1
195
-1
-1
14
16
22
26
33
-1
67
126
-1
-1
-1
-1
-1
-1
-1
-1
-1
-1
-1
202
-1
-1
13
16
21
29
35
-1
63
120
-1
-1
-1
-1
-1
-1
-1
-1
-1
-1
-1
-1
-1
-1
180
15
22
27
36
30
-1
178
-1
-1
-1
-1
-1
-1
-1
-1
-1
-1
-1
-1
-1
-1
183
13
24
27
35
31
31
144
-1
-1
-1
-1
-1
-1
-1
-1
-1
-1
-1
-1
-1
-1
32
16
22
28
35
-1
158
-1
-1
-1
-1
-1
-1
-1
-1
-1
-1
213
-1
-1
-1
-1
34
13
51
-1
-1
-1
179
-1
-1
-1
-1
-1
-1
-1
101
-1
-1
123
-1
-1
-1
-1
34
13
53
-1
-1
66
105
-1
-1
-1
-1
-1
-1
-1
106
-1
-1
134
-1
