-1
-1
-1
9
27
91
23
-1
-1
79
-1
-1
-1
-1
-1
-1
-1
-1
45
-1
-1
-1
-1
-1
-1
8
89
42
21
-1
-1
-1
-1
-1
-1
-1
-1
-1
-1
9
29
-1
-1
-1
-1
-1
-1
9
6
13
14
-1
-1
-1
-1
-1
-1
-1
-1
-1
-1
23
65
30
-1
-1
-1
-1
-1
9
5
15
42
-1
-1
-1
-1
-1
-1
-1
-1
-1
-1
22
48
61
-1
-1
-1
-1
-1
10
6
13
-1
-1
-1
-1
-1
-1
-1
-1
-1
-1
-1
-1
52
10
-1
-1
-1
-1
-1
38
58
14
-1
-1
-1
-1
-1
-1
-1
-1
-1
-1
-1
29
35
-1
-1
-1
30
-1
50
22
62
13
-1
-1
-1
-1
-1
-1
-1
-1
-1
-1
-1
25
26
-1
-1
-1
30
-1
52
10
4
54
-1
-1
-1
10
-1
-1
-1
-1
-1
-1
-1
52
35
-1
-1
-1
93
-1
60
49
3
43
-1
-1
-1
65
-1
-1
-1
-1
-1
-1
-1
25
-1
-1
-1
-1
48
-1
50
45
3
23
-1
-1
61
38
-1
-1
-1
-1
-1
-1
-1
9
-1
-1
-1
-1
-1
31
71
49
137
-1
-1
-1
79
-1
-1
-1
-1
-1
-1
-1
-1
15
-1
-1
-1
-1
-1
88
45
45
12
-1
29
-1
-1
-1
-1
-1
-1
-1
-1
-1
-1
4
-1
-1
-1
-1
-1
118
23
12
6
-1
35
-1
-1
-1
-1
-1
-1
-1
-1
-1
-1
51
-1
-1
-1
-1
-1
29
22
62
48
-1
52
-1
-1
-1
-1
-1
-1
-1
-1
-1
-1
63
-1
-1
-1
-1
-1
46
26
12
-1
74
29
-1
-1
-1
-1
-1
-1
-1
-1
-1
-1
4
-1
-1
-1
-1
29
32
26
14
-1
47
29
-1
-1
-1
-1
-1
-1
-1
-1
-1
15
-1
-1
-1
-1
-1
28
30
22
8
-1
29
51
-1
-1
-1
-1
-1
-1
-1
-1
-1
19
-1
-1
-1
-1
-1
38
28
22
3
-1
26
70
-1
-1
-1
-1
-1
-1
-1
-1
-1
11
-1
-1
-1
-1
-1
37
29
27
-1
-1
75
24
-1
-1
-1
-1
-1
-1
-1
-1
19
21
-1
-1
-1
-1
-1
32
30
21
-1
-1
81
12
-1
-1
-1
-1
-1
-1
-1
-1
-1
-1
-1
-1
-1
-1
-1
41
33
43
-1
5
37
2
-1
-1
-1
-1
-1
-1
-1
-1
-1
-1
-1
-1
-1
-1
14
29
28
18
-1
11
80
-1
-1
-1
-1
-1
-1
-1
-1
-1
6
-1
-1
-1
-1
-1
32
30
30
12
-1
5
19
-1
-1
-1
-1
-1
-1
5
-1
-1
-1
-1
-1
-1
-1
-1
66
57
22
12
-1
15
19
-1
-1
-1
-1
-1
-1
32
-1
23
-1
-1
-1
-1
-1
-1
61
61
11
-1
-1
44
51
-1
-1
-1
-1
-1
14
24
-1
-1
-1
-1
-1
-1
-1
-1
37
-1
-1
-1
1
9
-1
-1
-1
-1
-1
-1
19
-1
-1
85
-1
-1
-1
-1
-1
-1
-1
-1
-1
-1
47
7
-1
-1
-1
-1
-1
-1
50
46
-1
31
-1
-1
-1
-1
-1
-1
10
-1
-1
-1
6
9
-1
-1
-1
-1
-1
-1
53
21
-1
-1
-1
-1
-1
-1
-1
-1
105
-1
-1
35
56
4
-1
-1
-1
-1
-1
-1
32
129
-1
-1
-1
-1
-1
-1
-1
-1
-1
-1
-1
70
6
-1
-1
-1
-1
-1
-1
-1
96
23
22
-1
-1
-1
-1
-1
-1
-1
30
-1
-1
13
5
-1
-1
-1
-1
-1
-1
-1
29
22
-1
-1
-1
-1
-1
-1
-1
89
-1
-1
-1
15
5
-1
-1
-1
-1
-1
-1
-1
32
-1
10
-1
-1
-1
-1
-1
-1
58
-1
-1
39
16
6
-1
-1
-1
-1
-1
-1
-1
42
37
-1
-1
-1
-1
-1
12
31
-1
-1
-1
91
16
31
-1
-1
-1
-1
-1
-1
30
5
27
-1
-1
-1
-1
30
39
28
-1
-1
-1
53
36
-1
-1
-1
-1
-1
-1
-1
34
35
54
-1
-1
-1
-1
10
2
-1
84
-1
-1
26
50
-1
-1
-1
-1
-1
-1
-1
40
-1
4
-1
-1
-1
-1
25
11
35
29
-1
25
60
35
-1
-1
-1
-1
-1
6
-1
-1
28
-1
-1
-1
-1
19
-1
25
33
-1
-1
28
21
17
-1
-1
-1
-1
-1
-1
-1
-1
-1
-1
-1
-1
-1
49
34
39
38
-1
-1
-1
57
-1
-1
-1
-1
26
-1
-1
-1
-1
50
-1
-1
-1
-1
3
42
72
2
-1
-1
-1
60
-1
-1
-1
-1
48
-1
-1
-1
-1
-1
-1
-1
-1
-1
30
57
31
-1
-1
-1
31
24
-1
-1
-1
-1
19
4
-1
-1
30
-1
-1
-1
-1
-1
-1
30
6
-1
-1
-1
-1
3
-1
-1
-1
-1
18
-1
-1
-1
-1
-1
-1
-1
-1
-1
-1
-1
-1
-1
-1
-1
-1
1
-1
-1
-1
44
37
-1
-1
-1
-1
-1
-1
-1
-1
67
-1
-1
-1
-1
30
-1
-1
-1
-1
-1
-1
55
-1
-1
-1
-1
-1
-1
-1
-1
-1
-1
-1
-1
-1
-1
38
-1
-1
-1
-1
-1
-1
43
-1
-1
-1
-1
-1
-1
-1
-1
-1
6
-1
-1
-1
-1
51
-1
-1
-1
-1
-1
-1
37
-1
-1
-1
-1
-1
-1
-1
-1
-1
-1
-1
-1
-1
-1
-1
-1
-1
-1
-1
-1
-1
30
-1
-1
-1
-1
-1
-1
-1
-1
1
-1
-1
-1
-1
-1
-1
-1
-1
-1
-1
-1
-1
-1
-1
-1
-1
-1
-1
-1
-1
-1
32
-1
-1
-1
-1
-1
-1
-1
-1
-1
-1
-1
55
-1
-1
-1
-1
-1
-1
-1
-1
-1
-1
-1
-1
-1
-1
-1
-1
-1
-1
-1
-1
-1
63
-1
-1
25
-1
-1
-1
-1
-1
-1
59
-1
-1
-1
-1
-1
-1
-1
-1
-1
-1
-1
-1
-1
-1
25
-1
-1
-1
-1
-1
30
-1
-1
-1
-1
-1
-1
-1
-1
-1
-1
-1
-1
-1
-1
-1
26
-1
-1
-1
-1
-1
8
-1
-1
-1
-1
-1
-1
-1
-1
-1
-1
-1
-1
-1
-1
-1
77
-1
-1
-1
-1
-1
18
-1
-1
-1
-1
-1
-1
-1
-1
-1
-1
-1
-1
-1
-1
-1
-1
-1
-1
-1
-1
-1
-1
-1
-1
-1
-1
-1
-1
-1
-1
-1
-1
-1
-1
-1
-1
-1
-1
-1
-1
-1
-1
-1
-1
-1
-1
-1
-1
-1
-1
-1
-1
-1
-1
-1
-1
-1
-1
-1
-1
-1
-1
-1
-1
11
-1
-1
-1
-1
-1
-1
-1
-1
-1
-1
-1
-1
-1
-1
-1
-1
-1
-1
-1
-1
-1
-1
-1
-1
-1
-1
-1
-1
-1
-1
-1
-1
-1
-1
-1
-1
-1
-1
-1
-1
-1
-1
-1
-1
-1
-1
-1
-1
-1
-1
-1
-1
-1
-1
-1
-1
-1
-1
-1
-1
-1
-1
-1
-1
12
-1
-1
-1
-1
-1
-1
-1
-1
-1
-1
-1
-1
-1
-1
-1
-1
26
33
-1
-1
-1
-1
-1
-1
-1
-1
-1
-1
-1
-1
-1
-1
-1
5
-1
-1
-1
-1
26
31
-1
-1
-1
-1
-1
-1
-1
-1
-1
-1
-1
-1
-1
-1
-1
3
-1
-1
-1
21
27
31
-1
-1
30
-1
-1
-1
-1
-1
-1
-1
-1
-1
-1
-1
-1
2
-1
-1
-1
24
27
32
-1
-1
29
1
-1
-1
-1
-1
-1
-1
-1
-1
-1
-1
14
-1
-1
-1
17
23
31
32
-1
-1
-1
-1
-1
-1
-1
-1
-1
-1
-1
-1
-1
-1
29
-1
-1
-1
17
21
25
34
-1
-1
19
-1
-1
-1
-1
-1
-1
-1
-1
-1
-1
-1
26
-1
-1
-1
20
21
26
28
-1
34
23
-1
-1
-1
-1
-1
-1
-1
-1
-1
-1
-1
12
-1
-1
6
16
23
26
27
-1
37
30
-1
-1
-1
-1
-1
-1
-1
-1
-1
-1
-1
-1
-1
-1
5
16
25
26
25
8
-1
34
-1
-1
-1
-1
-1
-1
-1
-1
-1
-1
-1
-1
-1
-1
5
16
22
27
22
17
32
29
-1
-1
-1
-1
-1
-1
-1
-1
-1
-1
-1
-1
-1
-1
6
16
21
28
-1
-1
32
-1
-1
-1
-1
-1
-1
-1
-1
-1
-1
-1
-1
-1
-1
-1
5
15
22
-1
-1
-1
32
-1
-1
-1
-1
-1
-1
-1
1
-1
-1
-1
-1
-1
-1
-1
6
13
24
-1
-1
33
6
-1
-1
-1
-1
-1
-1
-1
27
-1
-1
-1
-1
