7
-1
-1
-1
-1
-1
-1
-1
-1
-1
-1
39
-1
-1
-1
23
8
19
29
31
-1
37
-1
-1
-1
-1
-1
-1
-1
101
-1
-1
-1
2
-1
-1
-1
25
7
21
43
83
-1
39
-1
-1
-1
-1
-1
-1
-1
91
-1
-1
-1
-1
-1
-1
-1
23
8
26
-1
-1
-1
40
-1
-1
-1
-1
-1
-1
-1
72
-1
-1
-1
-1
-1
-1
-1
36
9
26
-1
-1
-1
97
-1
-1
-1
-1
-1
-1
-1
60
-1
-1
-1
-1
-1
-1
-1
48
10
65
-1
-1
-1
-1
-1
-1
-1
-1
-1
-1
-1
43
32
-1
-1
-1
-1
-1
43
6
12
79
-1
-1
-1
-1
-1
-1
-1
-1
-1
-1
-1
54
34
-1
-1
-1
-1
-1
58
5
13
114
-1
-1
-1
-1
-1
-1
-1
-1
-1
-1
-1
59
18
-1
-1
-1
-1
-1
71
6
16
117
-1
-1
-1
-1
-1
-1
-1
-1
-1
-1
-1
56
-1
-1
-1
-1
-1
-1
65
5
18
82
-1
-1
-1
-1
-1
-1
-1
-1
-1
-1
23
30
-1
-1
-1
-1
-1
-1
71
5
18
133
-1
-1
-1
-1
-1
-1
-1
-1
-1
-1
25
-1
-1
-1
-1
88
-1
22
21
6
20
-1
-1
-1
131
-1
-1
-1
-1
-1
-1
-1
25
-1
-1
-1
-1
54
-1
23
18
5
42
-1
-1
-1
76
-1
-1
-1
-1
-1
-1
-1
23
-1
-1
-1
-1
111
-1
22
18
6
38
-1
92
-1
126
-1
-1
-1
-1
-1
-1
-1
-1
-1
-1
-1
-1
-1
-1
53
18
5
55
-1
59
-1
-1
-1
-1
-1
-1
-1
-1
-1
-1
-1
-1
-1
-1
-1
-1
49
17
5
-1
25
46
-1
-1
-1
-1
-1
-1
-1
-1
-1
13
-1
-1
-1
-1
-1
53
23
15
21
-1
22
37
-1
-1
-1
-1
-1
-1
-1
-1
-1
23
-1
-1
-1
-1
-1
55
22
12
23
-1
22
35
-1
-1
-1
-1
-1
-1
-1
-1
-1
19
-1
-1
-1
-1
-1
57
24
10
15
-1
24
4
-1
-1
-1
-1
-1
-1
-1
-1
-1
-1
-1
-1
-1
-1
-1
52
22
9
-1
15
25
4
-1
-1
-1
-1
-1
-1
-1
-1
-1
-1
-1
-1
-1
-1
32
27
25
7
-1
18
22
-1
-1
-1
-1
-1
-1
-1
-1
-1
-1
-1
-1
-1
-1
-1
33
28
19
8
-1
17
21
-1
-1
-1
-1
-1
-1
-1
-1
-1
-1
-1
-1
-1
-1
-1
30
28
18
7
-1
17
18
-1
-1
-1
-1
-1
-1
-1
-1
-1
-1
-1
-1
-1
-1
-1
30
26
19
1
-1
19
25
-1
-1
-1
-1
-1
-1
-1
-1
3
-1
-1
-1
-1
-1
-1
30
20
18
-1
-1
17
7
-1
-1
-1
-1
-1
-1
-1
-1
2
-1
-1
-1
-1
-1
-1
29
25
17
-1
-1
17
1
-1
-1
-1
-1
-1
2
-1
-1
-1
-1
-1
-1
-1
-1
-1
-1
46
20
-1
5
20
22
-1
-1
-1
-1
-1
20
-1
-1
-1
-1
-1
-1
-1
-1
16
31
-1
18
-1
5
16
-1
-1
-1
-1
-1
-1
38
-1
-1
-1
-1
-1
-1
-1
-1
-1
33
-1
36
-1
2
75
-1
-1
-1
-1
-1
-1
41
2
-1
-1
-1
-1
-1
-1
-1
-1
35
-1
-1
-1
6
-1
-1
-1
-1
-1
-1
53
25
2
-1
-1
-1
-1
-1
-1
-1
-1
34
-1
-1
20
31
-1
-1
-1
-1
-1
-1
171
25
2
-1
-1
-1
-1
-1
-1
-1
-1
127
-1
-1
27
35
-1
-1
-1
-1
-1
-1
-1
28
-1
-1
-1
-1
-1
-1
-1
-1
34
-1
-1
-1
25
39
-1
-1
-1
-1
-1
-1
-1
121
-1
-1
-1
-1
-1
-1
-1
-1
-1
-1
-1
-1
55
35
-1
-1
-1
-1
-1
-1
92
25
14
-1
-1
-1
-1
-1
-1
174
-1
-1
-1
51
9
64
-1
-1
-1
-1
-1
-1
92
-1
18
-1
-1
-1
-1
30
-1
92
-1
-1
-1
46
8
-1
-1
-1
-1
-1
-1
-1
105
-1
9
-1
-1
-1
-1
43
-1
156
-1
-1
-1
46
37
-1
-1
-1
-1
-1
-1
-1
112
12
-1
-1
-1
-1
-1
30
-1
-1
-1
-1
58
21
29
-1
-1
-1
-1
-1
-1
-1
-1
20
-1
-1
-1
-1
-1
-1
30
63
-1
-1
60
19
23
-1
-1
-1
-1
-1
-1
95
-1
16
-1
-1
-1
-1
10
-1
31
69
-1
-1
60
19
43
-1
-1
-1
-1
-1
-1
-1
-1
-1
-1
-1
-1
-1
-1
6
34
96
-1
-1
60
21
-1
-1
-1
-1
-1
-1
-1
-1
-1
-1
-1
-1
-1
-1
-1
30
31
-1
-1
-1
58
32
-1
-1
-1
-1
22
-1
-1
-1
-1
-1
-1
-1
-1
4
-1
36
59
-1
-1
-1
50
33
-1
-1
-1
24
-1
-1
-1
-1
-1
-1
-1
-1
-1
4
1
43
-1
-1
-1
-1
46
58
-1
-1
-1
31
-1
-1
-1
-1
-1
-1
-1
-1
-1
-1
-1
-1
-1
-1
95
-1
29
-1
-1
-1
-1
52
-1
-1
-1
-1
-1
-1
-1
-1
-1
-1
-1
-1
-1
-1
43
-1
28
-1
-1
-1
-1
43
-1
-1
-1
-1
-1
-1
-1
-1
-1
-1
-1
-1
-1
-1
50
-1
36
-1
-1
-1
-1
29
-1
-1
-1
-1
-1
-1
-1
-1
5
-1
-1
-1
-1
12
-1
-1
95
-1
-1
-1
9
-1
-1
-1
-1
-1
-1
-1
-1
-1
-1
-1
-1
-1
-1
55
-1
-1
-1
-1
-1
-1
25
-1
-1
-1
-1
-1
-1
-1
-1
-1
-1
-1
-1
-1
-1
-1
-1
-1
-1
-1
-1
-1
15
-1
-1
-1
-1
-1
-1
-1
-1
-1
-1
-1
-1
-1
-1
-1
-1
-1
-1
-1
-1
-1
28
-1
-1
-1
-1
-1
-1
-1
-1
-1
-1
-1
-1
-1
-1
-1
-1
-1
-1
-1
-1
-1
70
-1
-1
-1
-1
-1
-1
-1
-1
1
-1
-1
-1
-1
-1
-1
-1
-1
-1
-1
-1
-1
-1
-1
-1
-1
-1
-1
-1
-1
-1
34
-1
-1
-1
-1
-1
-1
-1
-1
-1
-1
-1
-1
-1
-1
-1
-1
-1
-1
-1
-1
-1
32
-1
-1
-1
-1
-1
-1
-1
-1
-1
-1
-1
-1
-1
-1
93
-1
-1
-1
-1
-1
-1
49
-1
-1
-1
-1
-1
-1
-1
-1
-1
-1
-1
-1
-1
-1
68
-1
-1
-1
-1
-1
3
-1
-1
-1
-1
-1
-1
-1
-1
-1
-1
-1
-1
-1
-1
-1
286
-1
-1
-1
-1
-1
29
-1
-1
-1
-1
-1
-1
-1
-1
-1
-1
-1
-1
-1
-1
-1
-1
-1
-1
-1
-1
-1
20
-1
-1
-1
-1
-1
-1
-1
-1
-1
-1
-1
-1
-1
-1
-1
-1
-1
-1
-1
-1
-1
-1
-1
-1
-1
-1
-1
-1
-1
-1
-1
-1
-1
-1
-1
-1
-1
-1
-1
-1
-1
-1
9
-1
-1
-1
-1
-1
-1
-1
-1
-1
-1
-1
-1
-1
-1
-1
-1
-1
-1
-1
-1
-1
-1
-1
-1
-1
-1
-1
-1
-1
-1
-1
-1
-1
-1
-1
-1
-1
-1
-1
-1
-1
-1
-1
-1
-1
-1
-1
-1
-1
-1
-1
-1
-1
-1
-1
107
-1
-1
-1
-1
-1
-1
-1
-1
10
-1
-1
-1
-1
-1
-1
-1
-1
-1
-1
-1
-1
8
-1
-1
-1
195
166
-1
-1
-1
13
-1
-1
-1
-1
-1
-1
-1
-1
-1
-1
-1
-1
8
-1
-1
-1
47
33
16
-1
-1
27
-1
-1
-1
-1
-1
-1
-1
-1
-1
-1
-1
27
-1
-1
-1
27
28
30
17
-1
-1
33
-1
-1
-1
-1
-1
-1
-1
-1
-1
-1
-1
35
-1
-1
-1
26
28
30
98
-1
-1
51
-1
-1
-1
-1
-1
-1
-1
-1
-1
-1
30
23
-1
-1
-1
28
28
30
-1
-1
-1
62
-1
-1
-1
-1
-1
-1
-1
-1
-1
-1
67
-1
-1
-1
14
18
32
51
-1
-1
-1
59
-1
-1
-1
-1
-1
-1
-1
-1
-1
-1
74
-1
-1
-1
13
18
28
88
-1
72
30
-1
-1
-1
-1
-1
-1
-1
-1
-1
-1
-1
75
-1
-1
-1
13
20
30
59
-1
35
30
-1
-1
-1
-1
-1
-1
-1
-1
-1
-1
-1
-1
-1
-1
5
9
19
31
35
-1
70
31
-1
-1
-1
-1
-1
-1
-1
-1
-1
-1
88
-1
-1
-1
13
8
19
30
26
-1
-1
34
