0
0
0
4095
1536
3162
0
0
0
1146
0
0
0
0
0
0
0
3451
0
0
3
0
0
0
0
4095
1824
4095
0
0
0
0
0
0
0
0
0
0
0
3366
0
0
0
0
0
0
4095
443
1633
4095
0
0
0
0
0
0
0
0
0
0
0
1895
1673
0
0
0
0
0
4095
469
1521
3343
0
0
0
0
0
0
0
0
0
0
0
3028
1784
0
0
0
0
0
4095
561
1877
3264
0
0
0
0
0
0
0
0
0
0
0
3128
1926
0
0
0
0
0
4095
447
1642
2617
0
0
0
0
0
0
0
0
0
0
0
3066
313
0
0
0
0
0
4095
462
1557
2142
0
0
0
0
0
0
0
0
0
0
0
3151
0
0
0
0
0
0
4095
548
3870
0
0
0
0
0
0
0
0
0
0
0
1284
1030
0
0
0
4095
0
3326
924
454
2004
0
0
0
1499
0
0
0
0
0
0
0
1224
0
0
0
0
4095
0
2993
819
547
1187
0
0
0
1583
0
0
0
0
0
0
0
1270
0
0
0
0
4095
0
3777
805
448
331
0
869
0
987
0
0
0
0
0
0
0
766
0
0
0
0
4095
0
4095
737
454
273
0
1540
0
0
0
0
0
0
0
0
0
0
0
0
0
0
0
4095
1457
687
543
0
1223
0
0
0
0
0
0
0
0
0
0
0
0
0
0
0
0
4095
1722
817
449
0
1315
0
0
0
0
0
0
0
0
0
0
359
0
0
0
0
0
4095
1618
617
211
0
712
0
0
0
0
0
0
0
0
0
0
452
0
0
0
0
0
4095
1598
735
0
262
192
0
0
0
0
0
0
0
0
0
0
79
0
0
0
0
0
4095
1535
780
0
280
344
0
0
0
0
0
0
0
0
0
0
0
0
0
0
0
3111
4095
1810
639
0
290
199
0
0
0
0
0
0
0
0
0
0
0
0
0
0
0
1148
4095
1649
747
0
306
110
0
0
0
0
0
0
0
0
0
0
0
0
0
0
0
1149
4095
1726
194
0
255
4
0
0
0
0
0
0
0
0
0
0
0
0
0
0
0
1801
4095
1840
0
0
180
7
0
0
0
0
0
0
0
0
62
0
0
0
0
0
0
1658
4095
1716
0
0
171
0
0
0
0
0
0
0
0
0
166
0
0
0
0
0
0
1747
4095
1631
0
36
59
0
0
0
0
0
0
0
0
0
166
0
0
0
0
0
559
2744
4095
558
0
107
313
0
0
0
0
0
0
381
0
0
0
0
0
0
0
0
452
4095
0
358
0
21
359
0
0
0
0
0
0
1502
0
0
0
0
0
0
0
0
87
4095
0
340
0
137
348
0
0
0
0
0
0
1351
0
154
0
0
0
0
0
0
0
4095
0
0
324
444
0
0
0
0
0
0
1030
1405
174
0
0
0
0
0
0
0
0
4095
0
0
390
91
0
0
0
0
0
0
1659
1482
124
0
0
0
0
0
0
0
55
517
0
0
568
1
0
0
0
0
0
0
2363
1636
0
0
0
0
0
0
0
0
652
0
0
0
391
0
0
0
0
0
0
0
0
4095
0
0
0
0
0
0
0
0
1319
0
0
862
147
0
0
0
0
0
0
0
3175
1397
121
0
0
0
0
0
0
1103
0
0
0
930
193
0
0
0
0
0
0
0
3097
827
294
0
0
0
0
0
0
2454
0
0
0
905
190
0
0
0
0
0
0
0
3145
0
309
0
0
0
0
0
0
3224
0
0
1674
374
152
0
0
0
0
0
0
0
3666
0
0
0
0
0
0
2236
0
0
0
0
1117
290
129
0
0
0
0
0
0
2133
361
326
0
0
0
0
0
0
0
2603
0
0
681
75
120
0
0
0
0
0
0
1585
0
305
0
0
0
0
41
0
1080
1556
0
0
779
102
0
0
0
0
0
0
0
0
0
511
0
0
0
0
44
0
1131
1503
0
0
966
7
0
0
0
0
0
0
0
0
0
0
0
0
0
0
0
704
1262
881
0
0
795
78
0
0
0
0
0
0
0
0
0
0
0
0
0
0
0
1198
1766
0
0
0
674
569
0
0
0
0
0
0
0
0
0
0
0
0
0
85
0
1242
765
0
0
0
1224
612
0
0
0
83
0
0
0
0
0
0
0
0
0
0
0
1274
0
0
0
0
39
0
0
0
0
107
0
0
0
0
0
0
0
0
0
0
0
0
0
0
777
0
0
0
0
0
0
101
0
0
0
0
0
0
0
0
0
0
0
0
0
0
652
0
0
0
0
0
0
39
0
0
0
0
0
0
0
0
36
0
0
0
0
491
0
0
0
0
0
0
13
0
0
0
0
0
0
0
0
0
0
0
0
0
0
231
0
0
0
0
0
0
12
0
0
0
0
0
0
0
0
0
0
0
0
0
0
69
0
0
0
0
0
0
14
0
0
0
0
0
0
0
0
0
0
0
0
0
0
0
0
0
0
0
0
0
0
0
0
0
0
0
0
0
0
0
0
0
0
0
0
0
0
0
0
0
0
0
0
0
0
0
0
0
0
0
0
18
0
0
0
0
0
0
0
0
0
0
0
0
0
0
0
0
0
0
0
0
0
4095
0
0
0
0
0
0
0
0
0
0
0
0
0
0
4095
0
0
0
0
0
0
175
0
0
0
0
0
0
0
0
0
0
0
0
0
0
4095
0
0
0
0
0
0
120
0
0
0
0
0
0
0
0
0
0
0
0
0
0
4095
0
0
0
0
0
48
0
0
0
0
0
0
0
0
0
0
0
0
0
0
0
4095
0
0
0
0
0
79
0
0
0
0
0
0
0
0
0
0
0
0
0
0
0
0
0
0
0
0
0
4095
0
0
0
0
0
0
0
0
0
0
0
0
0
0
0
0
0
0
0
0
4095
15
0
0
0
0
0
0
0
0
0
0
0
0
0
0
0
0
0
0
0
0
4095
0
0
0
0
0
0
0
0
0
0
0
0
0
0
0
0
0
0
0
0
0
4095
0
0
0
0
0
0
0
0
0
0
0
4095
0
0
0
0
0
0
0
0
0
4095
0
0
0
0
0
0
0
0
0
0
0
1748
0
0
0
0
4095
0
0
0
95
0
0
0
0
0
0
0
0
0
0
0
0
0
0
0
0
4095
1133
0
0
0
6
0
0
0
0
0
0
0
0
0
0
0
41
0
0
0
0
4095
1193
0
0
0
27
0
0
0
0
0
0
0
0
0
0
0
78
0
0
0
4039
4095
1316
20
0
0
153
0
0
0
0
0
0
0
0
0
0
0
72
0
0
0
4072
4095
1129
81
0
0
832
0
0
0
0
0
0
0
0
0
0
7
41
0
0
3877
1932
4095
1137
0
0
0
2248
0
0
0
0
0
0
0
0
0
0
127
0
0
0
2536
3578
4095
2374
0
1072
754
1105
0
0
0
0
0
0
0
0
0
0
197
0
0
0
2228
4063
4095
4095
0
1578
2207
0
0
0
0
0
0
0
0
0
0
0
364
0
0
1480
1000
3541
4095
4095
0
1528
1721
0
0
0
0
0
0
0
0
0
0
0
637
0
0
1772
1202
3051
4095
4095
0
0
2371
0
0
0
0
0
0
0
0
0
0
1
0
0
0
4095
1110
3329
4095
4095
0
1506
1129
0
0
0
0
0
0
0
0
0
0
869
0
0
0
4095
1387
3319
4095
0
0
1846
0
0
0
0
0
0
0
0
0
0
0
1865
0
0
0
4095
1648
4095
0
0
0
1938
0
0
0
0
0
0
0
1910
0
0
2
0
0
