70
0
0
0
78
81
0
1061
229
457
220
0
577
149
231
0
0
136
307
220
174
39
119
29
0
145
56
0
23
35
0
0
176
0
0
0
0
198
0
56
283
0
23
50
26
50
29
31
0
0
118
0
0
0
91
54
348
901
24
38
0
0
65
22
51
608
133
723
123
334
0
616
120
94
13
23
38
729
3558
266
314
0
729
151
1841
24
100
0
561
380
86
200
249
0
158
659
15
325
27
0
0
232
22
202
120
74
56
440
961
651
0
92
266
114
225
459
385
804
217
205
838
0
0
0
0
0
130
396
409
263
188
261
258
190
158
30
30
0
0
357
364
0
135
420
254
176
559
130
62
368
773
583
1394
0
0
17
0
50
13
36
377
237
935
1964
13
