0
0
0
0
0
0
1418
0
2
0
0
0
0
3006
0
0
0
0
0
902
0
0
0
0
0
0
0
0
1421
0
4
0
0
0
2331
3584
0
0
0
0
429
0
0
0
0
0
0
0
0
0
1395
0
2
0
0
0
3766
0
0
0
0
0
661
0
0
0
0
0
0
0
0
0
1636
0
0
0
0
0
3977
0
0
0
171
0
565
0
0
0
0
0
0
0
0
0
1453
0
0
0
0
690
3973
0
0
0
1307
767
173
0
0
0
0
0
0
0
0
0
0
0
0
0
0
2378
4033
0
0
1338
1338
806
184
0
0
0
0
0
0
0
0
0
829
0
0
0
0
2770
4002
0
0
1894
1371
825
183
0
0
0
0
0
0
0
104
0
0
0
0
0
1249
3532
4023
0
0
1896
1364
822
184
0
0
0
0
0
0
0
172
0
0
0
0
0
1921
3783
0
0
0
2039
1496
877
215
0
0
0
0
0
0
0
108
0
0
0
0
0
0
3603
0
0
0
1860
1287
759
171
0
0
0
0
0
0
0
108
0
0
0
0
0
0
3427
0
0
0
1825
1312
741
172
0
0
0
0
0
0
0
108
0
0
0
0
4095
0
2867
0
0
0
495
0
548
114
10
10
0
0
0
0
0
0
0
0
0
0
0
2805
0
0
0
326
0
506
1015
128
128
20
0
0
0
0
0
0
0
0
0
0
0
2892
0
0
0
0
325
0
564
102
102
2
0
0
0
0
0
0
0
0
0
0
961
3198
0
0
0
0
378
727
146
62
62
0
0
0
0
0
0
0
0
0
0
0
1669
3333
0
0
0
0
341
350
49
49
45
0
0
0
0
0
0
0
0
0
0
0
1961
0
0
0
0
0
0
68
68
68
0
0
0
0
0
0
0
0
0
0
0
0
2133
0
0
0
0
0
0
20
20
20
0
0
0
0
0
0
0
0
0
0
0
0
2849
0
0
0
0
0
0
7
7
0
0
0
0
0
0
0
0
0
0
0
0
0
2662
0
0
0
0
0
0
7
7
0
0
0
0
0
0
0
0
0
0
0
0
0
0
0
0
0
0
0
0
0
0
0
0
0
0
0
0
0
0
0
0
0
0
0
0
0
0
0
0
0
0
0
0
0
0
0
0
0
0
0
0
0
0
0
0
0
0
0
0
0
0
0
0
0
0
0
0
0
0
0
0
0
0
0
0
0
0
0
0
0
0
0
0
0
0
0
0
0
0
0
0
0
0
0
0
0
0
0
0
0
0
0
0
0
0
0
512
512
512
512
512
512
512
0
0
0
0
0
0
0
0
0
0
0
0
0
0
0
0
0
0
0
0
0
0
0
0
0
0
0
0
0
0
0
0
0
0
260
0
0
0
0
0
0
0
0
1317
0
0
0
0
0
0
0
0
0
0
3740
0
343
0
54
0
0
0
0
0
0
1469
0
0
0
0
0
0
0
0
8
0
0
0
264
0
0
0
0
0
0
3
3
0
0
0
0
0
0
0
0
0
27
0
0
405
0
0
0
0
0
0
0
2
351
0
0
0
0
0
0
0
0
0
212
484
0
370
0
311
0
0
0
0
0
4
1700
0
0
0
0
0
0
0
0
58
264
471
0
396
0
108
0
0
0
0
2
4
1664
0
0
0
0
0
0
0
0
92
332
670
1156
1544
0
0
0
0
0
0
4
7
1684
0
0
23
23
23
23
23
0
481
662
1230
1745
2184
0
0
0
0
0
0
6
13
1717
0
0
0
0
0
0
0
0
389
0
561
1076
0
0
0
0
0
0
0
213
216
2071
0
0
0
0
0
0
0
0
577
0
530
1104
0
0
0
0
0
0
0
572
578
0
0
0
0
0
0
0
0
1057
554
0
600
1107
0
0
0
0
0
0
43
245
249
0
0
0
0
0
0
0
0
1891
585
0
556
1047
0
0
0
0
0
0
138
138
140
0
0
0
0
0
0
0
0
0
564
0
521
0
0
0
0
0
0
0
47
47
47
47
0
0
0
0
0
0
0
0
615
0
529
0
0
0
0
0
0
0
0
0
0
0
0
0
0
0
0
0
0
0
619
0
551
0
233
0
0
0
0
0
0
0
0
0
0
0
0
0
0
0
0
0
588
0
529
0
0
0
0
0
0
0
0
0
0
0
0
0
0
0
0
0
0
0
0
584
1184
0
0
0
0
0
0
0
0
0
0
0
0
0
0
0
0
0
0
0
0
573
1168
0
0
0
0
0
0
0
0
0
0
0
0
0
0
0
649
649
0
0
0
0
323
0
0
0
0
0
0
0
0
0
0
0
0
0
0
0
0
0
0
0
0
0
0
56
0
0
0
0
0
0
0
0
0
0
0
0
0
0
0
0
0
0
0
0
0
0
0
0
0
0
0
0
0
0
0
0
0
0
0
257
257
257
257
257
257
0
0
0
0
0
0
0
0
0
0
0
0
0
0
0
0
0
0
0
0
0
0
0
0
0
0
0
0
0
0
0
0
0
0
0
0
0
0
0
0
0
0
0
0
0
0
0
0
0
0
0
0
0
0
0
0
0
0
0
0
0
0
0
0
0
0
0
0
0
0
0
0
2910
2910
2910
0
0
0
0
0
0
0
16
16
16
16
16
0
0
0
0
0
0
0
4095
4095
4095
0
0
0
0
0
0
20
20
20
20
20
20
0
0
0
0
0
0
0
0
0
475
0
0
0
0
0
0
45
45
45
45
45
11
0
0
0
0
0
0
0
0
0
2121
0
0
0
0
0
0
104
104
104
104
104
68
0
0
0
0
0
0
0
0
0
0
0
0
0
0
0
0
34
34
34
34
34
0
0
0
0
0
0
0
0
0
811
855
0
0
0
0
0
31
31
31
31
31
31
0
0
0
0
0
0
0
0
0
1721
72
0
0
0
0
0
4
4
4
4
4
0
0
0
0
0
0
0
0
0
0
1787
4078
4078
4078
4078
4078
4078
10
10
10
10
10
0
0
0
0
0
0
0
0
0
0
1600
4085
4085
4085
4085
4085
4085
0
0
0
0
0
0
0
0
0
0
0
0
0
0
673
2056
4095
4095
4095
4095
4095
0
0
0
0
0
0
0
0
0
0
0
0
0
0
0
744
2305
4080
4080
4080
4080
4080
0
0
0
0
0
0
0
0
0
0
0
0
0
0
0
797
2338
3988
4095
4095
4095
4095
0
0
0
0
0
0
0
0
0
0
0
0
0
0
0
822
2453
0
0
0
0
0
0
0
0
0
0
0
0
0
0
0
0
0
0
0
94
1391
0
0
0
0
0
0
0
0
0
0
0
0
0
0
0
0
0
0
0
0
221
1823
0
0
0
0
48
0
0
0
0
0
0
0
0
0
1
1
1
0
0
0
356
1339
0
0
0
0
69
0
0
0
0
0
0
0
0
0
3
3
3
0
0
0
892
0
0
0
68
0
423
0
0
0
0
0
0
0
0
0
6
141
141
0
0
0
1164
0
0
0
151
0
1149
0
0
0
0
0
0
0
0
0
3
826
826
0
0
434
2393
0
0
35
0
171
1295
0
0
0
0
0
0
0
0
0
3
333
333
0
0
2395
0
0
0
0
0
0
1134
0
0
0
0
0
0
0
0
217
220
220
220
220
220
3191
0
0
0
0
0
0
0
0
0
0
0
0
0
0
0
1413
1414
0
0
0
0
3016
0
0
0
0
0
0
231
0
0
