65
22
0
0
0
0
0
1
21
73
-2
20
24
48
154
21
42
0
109
195
0
154
0
30
27
0
0
23
0
18
31
19
32
60
0
52
39
131
28
28
137
18
0
0
79
0
0
28
0
29
47
113
28
56
27
32
445
248
46
20
0
0
88
43
0
619
105
183
0
243
0
224
117
37
0
0
38
245
173
0
67
73
-2
14
5
97
59
0
166
25
124
3
201
0
0
263
31
48
0
0
81
27
26
51
111
85
63
134
302
257
28
62
174
22
118
317
230
-9
315
0
134
0
64
33
33
30
139
117
258
15
0
112
30
111
246
30
90
35
0
115
60
30
30
161
0
38
604
35
63
85
206
253
587
0
28
0
15
5
53
0
128
115
113
237
14
