55
-1
-1
-1
53
-1
-1
-1
-1
-1
-1
-1
97
-1
-1
39
-1
-1
-1
-1
13
21
22
-1
-1
189
-1
-1
-1
-1
-1
-1
-1
-1
64
-1
-1
24
-1
-1
-1
-1
25
17
22
-1
-1
-1
-1
-1
-1
-1
-1
-1
-1
-1
63
-1
-1
-1
-1
-1
-1
25
5
17
77
-1
-1
-1
-1
-1
-1
-1
-1
-1
-1
13
29
32
-1
-1
-1
-1
-1
29
5
20
77
-1
-1
-1
-1
-1
-1
-1
-1
-1
-1
47
29
30
-1
-1
-1
-1
-1
34
6
16
111
-1
-1
-1
-1
-1
-1
-1
-1
-1
-1
-1
29
30
-1
-1
-1
-1
-1
54
5
17
128
-1
-1
-1
-1
-1
-1
-1
-1
-1
-1
-1
53
-1
-1
-1
-1
-1
-1
57
5
19
-1
-1
-1
-1
-1
-1
-1
-1
-1
-1
-1
22
29
-1
-1
-1
-1
-1
-1
54
6
16
-1
-1
-1
173
-1
-1
-1
-1
-1
-1
-1
21
6
-1
-1
-1
88
-1
18
8
5
41
-1
-1
-1
73
-1
-1
-1
-1
-1
-1
-1
25
-1
-1
-1
-1
58
-1
18
9
6
38
-1
-1
-1
243
-1
-1
-1
-1
-1
-1
-1
21
-1
-1
-1
-1
93
-1
19
8
5
36
-1
-1
-1
-1
-1
-1
-1
-1
-1
-1
-1
-1
-1
-1
-1
-1
-1
-1
51
8
5
75
88
-1
-1
-1
-1
-1
-1
-1
-1
-1
-1
-1
-1
-1
-1
-1
-1
58
18
9
6
-1
82
-1
-1
-1
-1
-1
-1
-1
-1
-1
-1
11
-1
-1
-1
-1
-1
58
18
9
5
-1
95
-1
-1
-1
-1
-1
-1
-1
-1
-1
-1
16
-1
-1
-1
-1
-1
58
21
10
3
-1
61
-1
-1
-1
-1
-1
-1
-1
-1
-1
-1
14
-1
-1
-1
-1
-1
60
19
9
-1
-1
59
-1
-1
-1
-1
-1
-1
-1
-1
-1
-1
-1
-1
-1
-1
-1
-1
61
19
9
-1
15
37
-1
-1
-1
-1
-1
-1
-1
-1
-1
-1
-1
-1
-1
-1
-1
31
28
19
10
-1
16
20
-1
-1
-1
-1
-1
-1
-1
-1
-1
-1
-1
-1
-1
-1
-1
29
29
23
10
-1
17
11
-1
-1
-1
-1
-1
-1
-1
-1
-1
8
-1
-1
-1
-1
-1
36
29
19
5
-1
22
29
-1
-1
-1
-1
-1
-1
-1
-1
-1
-1
-1
-1
-1
-1
-1
45
33
19
-1
-1
26
5
-1
-1
-1
-1
-1
-1
-1
-1
3
-1
-1
-1
-1
-1
-1
44
29
23
-1
-1
23
2
-1
-1
-1
-1
-1
-1
-1
-1
4
-1
-1
-1
-1
-1
15
33
29
21
-1
3
23
6
-1
-1
-1
-1
-1
-1
-1
-1
4
-1
-1
-1
-1
-1
17
30
29
22
-1
10
27
-1
-1
-1
-1
-1
-1
18
-1
-1
-1
-1
-1
-1
-1
-1
17
29
24
24
-1
6
23
-1
-1
-1
-1
-1
-1
30
-1
-1
-1
-1
-1
-1
-1
-1
29
30
-1
46
-1
12
29
-1
-1
-1
-1
-1
5
55
-1
-1
-1
-1
-1
-1
-1
-1
-1
29
-1
-1
-1
15
30
-1
-1
-1
-1
-1
43
-1
-1
4
-1
-1
-1
-1
-1
-1
7
69
-1
-1
25
13
-1
-1
-1
-1
-1
-1
70
32
-1
-1
-1
-1
-1
-1
-1
-1
15
-1
-1
-1
34
27
-1
-1
-1
-1
-1
-1
87
26
-1
-1
-1
-1
-1
-1
-1
-1
77
-1
-1
-1
24
26
-1
-1
-1
-1
-1
-1
92
26
-1
-1
-1
-1
-1
-1
-1
-1
113
-1
-1
50
2
54
-1
-1
-1
-1
-1
-1
91
26
20
-1
-1
-1
-1
-1
-1
61
-1
-1
-1
52
3
-1
-1
-1
-1
-1
-1
-1
96
5
20
-1
-1
-1
-1
-1
-1
123
-1
-1
-1
47
25
-1
-1
-1
-1
-1
-1
-1
91
-1
-1
-1
-1
-1
-1
36
-1
160
-1
-1
-1
46
36
-1
-1
-1
-1
-1
-1
98
26
6
-1
-1
-1
-1
-1
36
-1
-1
-1
-1
59
14
29
-1
-1
-1
-1
-1
-1
85
-1
23
-1
-1
-1
-1
-1
30
-1
65
-1
-1
57
14
56
-1
-1
-1
-1
-1
-1
44
-1
26
-1
-1
-1
-1
10
-1
33
68
-1
-1
57
12
-1
-1
-1
-1
-1
-1
-1
-1
-1
-1
-1
-1
-1
-1
-1
-1
33
101
-1
-1
51
44
-1
-1
-1
-1
-1
-1
-1
-1
-1
-1
-1
-1
-1
-1
-1
29
30
-1
-1
-1
47
28
-1
-1
-1
46
-1
-1
-1
-1
-1
-1
-1
-1
-1
6
-1
29
62
-1
-1
-1
52
37
-1
-1
-1
29
-1
-1
-1
-1
-1
-1
-1
-1
-1
-1
-1
29
53
-1
-1
-1
45
-1
-1
-1
-1
52
-1
-1
-1
-1
-1
-1
-1
-1
-1
-1
-1
24
-1
-1
-1
-1
86
-1
-1
-1
-1
35
-1
-1
-1
-1
-1
-1
-1
-1
-1
-1
-1
-1
-1
-1
-1
-1
60
-1
-1
-1
-1
31
-1
-1
-1
-1
-1
-1
-1
-1
1
-1
-1
-1
-1
-1
-1
-1
51
-1
-1
-1
-1
-1
-1
-1
-1
-1
-1
-1
-1
-1
1
-1
-1
-1
-1
63
-1
-1
133
-1
-1
-1
5
-1
-1
-1
-1
-1
-1
-1
-1
-1
-1
-1
-1
-1
-1
31
-1
-1
-1
-1
-1
-1
8
-1
-1
-1
-1
-1
-1
-1
-1
-1
-1
-1
-1
-1
-1
41
-1
-1
-1
-1
-1
-1
5
-1
-1
-1
-1
-1
-1
-1
-1
-1
-1
-1
-1
-1
-1
-1
-1
-1
-1
-1
-1
-1
17
-1
-1
-1
-1
-1
-1
-1
-1
1
-1
-1
-1
-1
-1
-1
-1
-1
-1
-1
-1
-1
20
-1
-1
-1
-1
-1
-1
-1
-1
1
-1
-1
-1
-1
-1
-1
-1
-1
-1
-1
-1
-1
-1
-1
-1
-1
-1
-1
-1
-1
-1
-1
-1
-1
-1
-1
-1
-1
-1
-1
-1
-1
-1
75
-1
-1
50
-1
-1
-1
-1
-1
-1
18
-1
-1
-1
-1
-1
-1
-1
-1
-1
-1
-1
160
-1
-1
43
-1
-1
-1
-1
-1
-1
-1
-1
-1
-1
-1
-1
-1
-1
-1
-1
-1
-1
-1
-1
-1
257
-1
-1
-1
-1
-1
28
-1
-1
-1
-1
-1
-1
-1
-1
-1
-1
-1
-1
-1
-1
-1
-1
-1
-1
-1
-1
-1
28
-1
-1
-1
-1
-1
-1
-1
-1
-1
-1
-1
-1
-1
-1
-1
-1
-1
-1
-1
-1
-1
33
-1
-1
-1
-1
-1
-1
-1
-1
-1
-1
-1
-1
-1
-1
-1
-1
-1
-1
-1
-1
-1
3
-1
-1
-1
-1
-1
-1
-1
-1
-1
-1
-1
-1
-1
-1
-1
-1
-1
-1
-1
-1
10
-1
-1
-1
-1
-1
-1
-1
-1
-1
-1
-1
-1
-1
-1
-1
-1
-1
-1
-1
-1
-1
-1
-1
-1
-1
-1
-1
-1
-1
-1
-1
-1
-1
-1
-1
-1
-1
-1
-1
-1
-1
-1
-1
-1
-1
-1
-1
-1
-1
-1
-1
-1
-1
-1
-1
183
-1
-1
-1
-1
246
-1
-1
-1
12
-1
-1
-1
-1
-1
-1
-1
-1
-1
-1
-1
-1
22
-1
-1
-1
73
31
-1
-1
-1
9
-1
-1
-1
-1
-1
-1
-1
-1
-1
-1
-1
-1
-1
-1
-1
-1
31
30
-1
-1
-1
21
-1
-1
-1
-1
-1
-1
-1
-1
-1
-1
-1
23
-1
-1
-1
41
29
30
-1
-1
44
-1
-1
-1
-1
-1
-1
-1
-1
-1
-1
-1
-1
32
-1
-1
-1
44
28
36
-1
-1
99
12
-1
-1
-1
-1
-1
-1
-1
-1
-1
-1
17
25
-1
-1
-1
43
27
41
-1
-1
-1
34
-1
-1
-1
-1
-1
-1
-1
-1
-1
-1
72
-1
-1
-1
23
22
30
63
-1
73
30
62
-1
-1
-1
-1
-1
-1
-1
-1
-1
-1
72
-1
-1
-1
26
22
30
57
-1
35
34
-1
-1
-1
-1
-1
-1
-1
-1
-1
-1
-1
87
-1
-1
5
18
24
27
42
-1
70
40
-1
-1
-1
-1
-1
-1
-1
-1
-1
-1
-1
62
-1
-1
6
17
25
26
25
18
-1
31
-1
-1
-1
-1
-1
-1
-1
-1
-1
-1
-1
-1
-1
-1
13
21
22
26
12
-1
36
18
-1
-1
-1
-1
-1
-1
-1
-1
-1
-1
80
-1
-1
-1
12
18
21
27
34
-1
39
-1
-1
-1
-1
-1
-1
-1
-1
-1
-1
39
-1
-1
-1
-1
13
17
23
