25.074369,165.263297,541.251854
36.747414,178.762288,541.486917
46.377200,-163.418502,542.214419
52.247893,-139.839008,542.659230
52.503147,-112.890936,542.349495
47.039840,-88.852101,541.291556
37.644375,-70.577409,539.975660
26.087388,-56.790034,539.209961
13.449719,-45.588083,539.832512
0.364594,-35.536740,542.393014
-12.718540,-25.525394,546.912998
-25.358638,-14.458296,552.811796
-36.952343,-0.947214,559.028414
-46.482929,16.853750,564.299564
-52.268144,40.327766,567.503011
-52.505159,67.084080,567.961409
-47.102724,90.974701,565.621649
-37.801733,109.190495,561.063496
-26.333368,122.963236,555.336034
-13.759273,134.162108,549.665062
-0.703620,144.209156,545.113415
12.388002,154.210873,542.297457
25.245186,170.430239,541.247964
36.898261,-176.024578,541.495608
46.489262,-158.131396,542.224088
52.293088,-134.475146,542.660675
52.463619,-107.523525,542.339307
46.931430,-83.558999,541.273428
37.495417,-65.359939,539.959202
25.917435,-51.620639,539.207358
13.269889,-40.443403,539.854068
0.181911,-30.399829,542.443037
-12.898250,-20.381651,546.987487
-25.528562,-9.291136,552.898807
-37.101902,4.265977,559.111018
-46.593598,22.140134,564.360413
-52.312509,45.689357,567.529062
-52.466003,72.448829,567.947421
-46.995515,96.266448,565.571532
-37.654109,114.407566,560.989165
-26.164498,128.132555,555.254082
-13.580099,139.306752,549.592136
-0.521083,149.345974,545.061651
12.568101,159.354440,542.271413
25.415813,175.597649,541.244325
37.048723,-170.810604,541.504391
46.600601,-152.843113,542.233697
52.337162,-129.110551,542.661965
52.422955,-102.156779,542.328967
46.822272,-78.267080,541.255248
37.346058,-60.143331,539.942851
25.747283,-46.451729,539.205029
13.089976,-35.298937,539.876007
-0.000772,-25.262923,542.493447
-13.077876,-15.237706,547.062248
-25.698289,-4.123509,552.985880
-37.251072,9.480001,559.193434
-46.703545,27.427677,564.420853
-52.355767,51.051660,567.554571
-52.425728,77.812924,567.932884
-46.887565,101.557031,565.520982
-37.506082,119.623783,560.914609
-25.995424,133.301391,555.172147
-13.400837,144.451182,549.519435
-0.338540,154.482786,545.010232
12.748123,164.498209,542.245720
25.586247,-179.234471,541.240934
37.198796,-165.595787,541.513265
46.711211,-147.553651,542.243241
52.380112,-123.745241,542.663101
52.381158,-96.790716,542.318476
46.712373,-72.976342,541.237016
37.196303,-54.927579,539.926611
25.576933,-41.283300,539.202977
12.909983,-30.154681,539.898331
-0.183451,-20.126018,542.544244
-13.257416,-10.093556,547.137278
-25.867817,1.044589,553.073010
-37.399848,14.694865,559.275659
-46.812765,32.716380,564.480882
-52.397915,56.414659,567.579539
-52.384336,83.176348,567.917798
-46.778880,106.846451,565.470000
-37.357657,124.839152,560.839831
-25.826148,138.469749,555.090232
-13.221487,149.595402,549.446963
-0.155992,159.619595,544.959160
12.928067,169.642181,542.220375
25.756485,-174.066114,541.237790
37.348476,-160.380119,541.522226
46.821086,-142.263010,542.252721
52.421933,-118.379231,542.664080
52.338232,-91.425351,542.307835
46.601739,-67.686784,541.218734
37.046155,-49.712677,539.910483
25.406388,-36.115346,539.201204
12.729910,-25.010633,539.921040
-0.366126,-14.989113,542.595426
-13.436869,-4.949198,547.212575
-26.037144,6.213163,553.160195
-37.548228,19.910572,559.357688
-46.921254,38.006245,564.540497
-52.438949,61.778338,567.603964
-52.341831,88.539085,567.902165
-46.669465,112.134709,565.418590
-37.208838,130.053679,560.764835
-25.656671,143.637632,555.008341
-13.042050,154.739414,549.374721
0.026560,164.756404,544.908435
13.107931,174.786361,542.195378
25.926527,-168.897277,541.234889
37.497760,-155.163596,541.531273
46.930220,-136.971187,542.262134
52.462621,-113.012537,542.664904
52.294181,-86.060702,542.297045
46.490374,-62.398404,541.200405
36.895616,-44.498620,539.894471
25.235649,-30.947864,539.199711
12.549758,-19.866788,539.944135
-0.548797,-9.852204,542.646993
-13.616234,0.195372,547.288137
-26.206266,11.382216,553.247432
-37.696207,25.127130,559.439519
-47.029004,43.297273,564.599696
-52.478864,67.142682,567.627845
-52.298217,93.901121,567.885984
-46.559326,117.421807,565.366754
-37.059626,135.267368,560.689623
-25.486996,148.805045,554.926476
-12.862529,159.883222,549.302713
0.209114,169.893215,544.858058
13.287715,179.930752,542.170728
26.096370,-163.727955,541.232231
37.646644,-149.946211,541.540403
47.038608,-131.678182,542.271478
52.502174,-107.645176,542.665571
52.249008,-80.696782,542.286105
46.378286,-57.111201,541.182031
36.744692,-39.285401,539.878577
25.064720,-25.780849,539.198501
12.369530,-14.723144,539.967617
-0.731462,-4.715290,542.698944
-13.795510,5.340157,547.363960
-26.375184,16.551755,553.334716
-37.843783,30.344543,559.521148
-47.136011,48.589466,564.658475
-52.517658,72.507673,567.651181
-52.253498,99.262439,567.869256
-46.448468,122.707747,565.314494
-36.910027,140.480226,560.614199
-25.317124,153.971993,554.844641
-12.682924,165.026828,549.230939
0.391670,175.030031,544.808030
13.467416,-174.924644,542.146425
26.266011,-158.558145,541.229814
37.795125,-144.727959,541.549614
47.146244,-126.383993,542.280751
52.540587,-102.277165,542.666080
52.202719,-75.333609,542.275018
46.265480,-51.825172,541.163613
36.593385,-34.073016,539.862803
24.893600,-20.614296,539.197576
12.189225,-9.579697,539.991486
-0.914119,0.421634,542.751278
-13.974695,10.485159,547.440044
-26.543894,21.721781,553.422045
-37.990951,35.562818,559.602572
-47.242269,53.882823,564.716833
-52.555327,77.873296,567.673971
-52.207677,104.623024,567.851984
-46.336897,127.992530,565.261812
-36.760044,145.692258,560.538566
-25.147058,159.138480,554.762840
-12.503236,170.170236,549.159403
0.574225,-179.833145,544.758351
13.647034,-169.779824,542.122468
26.435450,-153.387840,541.227634
37.943197,-139.508834,541.558903
47.253122,-121.088619,542.289952
52.577856,-96.908521,542.666431
52.155317,-69.971198,542.263784
46.151960,-46.540316,541.145154
36.441700,-28.861457,539.847151
24.722294,-15.448202,539.196938
12.008847,-4.436446,540.015744
-1.096769,5.558570,542.803995
-14.153788,15.630382,547.516384
-26.712394,26.892302,553.509415
-38.137708,40.781960,559.683787
-47.347772,59.177347,564.774767
-52.591867,83.239534,567.696214
-52.160760,109.982861,567.834167
-46.224618,133.276158,565.208712
-36.609680,150.903471,560.462728
-24.976799,164.304510,554.681075
-12.323467,175.313450,549.088107
0.756781,-174.696310,544.709023
13.826567,-164.634783,542.098855
26.604683,-148.217037,541.225692
38.090859,-134.288829,541.568269
47.359236,-115.792061,542.299080
52.613978,-91.539261,542.666624
52.106806,-64.609563,542.252404
46.037734,-41.256631,541.126655
36.289638,-23.650721,539.831625
24.550802,-10.282562,539.196588
11.828394,0.706615,540.040391
-1.279409,10.695520,542.857093
-14.332787,20.775830,547.592979
-26.880683,32.063320,553.596823
-38.284050,46.001975,559.764791
-47.452514,64.473037,564.832275
-52.627275,88.606370,567.717910
-52.112749,115.341935,567.815807
-46.111638,138.558633,565.155195
-36.458938,156.113869,560.386688
-24.806350,169.470087,554.599350
-12.143617,-179.543529,549.017053
0.939334,-169.559462,544.660045
14.006014,-159.489519,542.075587
26.773708,-143.045731,541.223983
38.238106,-129.067941,541.577708
47.464581,-110.494316,542.308131
52.648951,-86.169403,542.666658
52.057191,-59.248720,542.240879
45.922807,-35.974114,541.108119
36.137205,-18.440800,539.816225
24.379127,-5.117372,539.196529
11.647870,5.849487,540.065428
-1.462039,15.832488,542.910570
-14.511692,25.921505,547.669827
-27.048758,37.234840,553.684266
-38.429973,51.222868,559.845579
-47.556490,69.769894,564.889354
-52.661548,93.973787,567.739058
-52.063650,120.700233,567.796904
-45.997961,143.839957,565.101264
-36.307822,161.323458,560.310449
-24.635712,174.635217,554.517667
-11.963689,-174.400696,548.946243
1.121884,-164.422597,544.611420
14.185374,-154.344029,542.052661
26.942524,-137.873918,541.222507
38.384934,-123.846161,541.587219
47.569150,-105.195384,542.317106
52.682770,-80.798964,542.666532
52.006475,-53.888682,542.229209
45.807183,-30.692762,541.089547
35.984404,-13.231689,539.800956
24.207270,0.047373,539.196763
11.467275,10.992174,540.090855
-1.644657,20.969475,542.964428
-14.690500,31.067410,547.746924
-27.216617,42.406867,553.771739
-38.575474,56.444645,559.926148
-47.659693,75.067918,564.946002
-52.694683,99.341766,567.759657
-52.013466,126.057738,567.777460
-45.883593,149.120133,565.046922
-36.156336,166.532243,560.234015
-24.464887,179.799902,554.436031
-11.783684,-169.258049,548.875680
1.304431,-159.285714,544.563147
14.364644,-149.198309,542.030078
27.111129,-132.701593,541.221261
38.531339,-118.623486,541.596800
47.672937,-99.895266,542.326001
52.715432,-75.427962,542.666246
51.954664,-48.529465,542.217396
45.690870,-25.412574,541.070941
35.831237,-8.023382,539.785819
24.035234,5.211676,539.197292
11.286611,16.134679,540.116673
-1.827263,26.106485,543.018663
-14.869212,36.213550,547.824268
-27.384259,47.579405,553.859240
-38.720548,61.667312,560.006495
-47.762119,80.367109,565.002216
-52.726677,104.710292,567.779705
-51.962201,131.414439,567.757475
-45.768540,154.399163,564.992171
-36.004482,171.740232,560.157388
-24.293877,-175.035853,554.354445
-11.603602,-164.115585,548.805365
1.486972,-154.148809,544.515227
14.543825,-144.052356,542.007836
27.279519,-127.528751,541.220244
38.677317,-113.399909,541.606448
47.775937,-94.593961,542.334815
52.746935,-70.056416,542.665800
51.901762,-43.171082,542.205440
45.573873,-20.133547,541.052305
35.677709,-2.815875,539.770817
23.863020,10.375543,539.198116
11.105879,21.277004,540.142883
-2.009856,31.243521,543.073276
-15.047824,41.359927,547.901857
-27.551680,52.752460,553.946764
-38.865193,66.890874,560.086617
-47.863761,85.667467,565.057994
-52.757526,110.079345,567.799203
-51.909861,136.770321,567.736951
-45.652807,159.677049,564.937014
-35.852264,176.947428,560.080573
-24.122684,-169.872043,554.272911
-11.423445,-158.973300,548.735301
1.669507,-149.011880,544.467661
14.722914,-138.906167,541.985934
27.447694,-122.355388,541.219453
38.822866,-108.175424,541.616160
47.878144,-89.291470,542.343547
52.777275,-64.684343,542.665193
51.847774,-37.813547,542.193343
45.456196,-14.855677,541.033638
35.523822,2.390840,539.755952
23.690630,15.538977,539.199240
10.925079,26.419154,540.169486
-2.192433,36.380585,543.128265
-15.226337,46.506544,547.979688
-27.718879,57.926035,554.034310
-39.009403,72.115336,560.166510
-47.964614,90.968993,565.113333
-52.787228,115.448909,567.818150
-51.856450,142.125370,567.715889
-45.536400,164.953795,564.881453
-35.699686,-177.846162,560.003572
-23.951310,-164.708664,554.191433
-11.243215,-153.831192,548.665491
1.852035,-143.874924,544.420449
14.901911,-133.759738,541.964372
27.615650,-117.181499,541.218886
38.967979,-102.950025,541.625935
47.979551,-83.987792,542.352194
52.806449,-59.311763,542.664424
51.792704,-32.456874,542.181106
45.337846,-9.578962,541.014945
35.369581,7.596768,539.741226
23.518067,20.701982,539.200663
10.744214,31.561131,540.196481
-2.374995,41.517680,543.183628
-15.404748,51.653405,548.057758
-27.885853,63.100135,554.121873
-39.153176,77.340705,560.246171
-48.064672,96.271684,565.168232
-52.815781,120.818964,567.836544
-51.801971,147.479573,567.694289
-45.419323,170.229403,564.825490
-35.546750,-172.640534,559.926389
-23.779757,-159.545713,554.110013
-11.062911,-148.689257,548.595936
2.034555,-138.737938,544.373592
15.080813,-128.613066,541.943147
27.783386,-112.007079,541.218542
39.112654,-97.723708,541.635770
48.080154,-78.682928,542.360756
52.834456,-53.938693,542.663493
51.736556,-27.101075,542.168729
45.218828,-4.303399,540.996226
35.214988,12.801914,539.726642
23.345331,25.864563,539.202389
10.563284,36.702938,540.223870
-2.557540,46.654808,543.239366
-15.583056,56.800513,548.136065
-28.052601,68.274765,554.209449
-39.296507,82.566986,560.325596
-48.163929,101.575541,565.222688
-52.843180,126.189492,567.854385
-51.746431,152.832918,567.672153
-45.301582,175.503875,564.769129
-35.393460,-167.435680,559.849028
-23.608026,-154.383185,554.028656
-10.882537,-143.547493,548.526638
2.217065,-133.600919,544.327091
15.259620,-123.466149,541.922261
27.950899,-106.832124,541.218417
39.256887,-92.496466,541.645663
48.179945,-73.376880,542.369230
52.861291,-48.565154,542.662401
51.679337,-21.746164,542.156213
45.099148,0.971016,540.977484
35.060046,18.006284,539.712203
23.172425,31.026724,539.204419
10.382291,41.844578,540.251653
-2.740067,51.791974,543.295477
-15.761261,61.947871,548.214606
-28.219120,73.449930,554.297036
-39.439393,87.794185,560.404783
-48.262379,106.880563,565.276699
-52.869425,131.560476,567.871673
-51.689832,158.185391,567.649482
-45.183183,-179.222785,564.712372
-35.239820,-162.231596,559.771491
-23.436120,-149.221076,553.947365
-10.702092,-138.405897,548.457600
2.399564,-128.463865,544.280945
15.438330,-118.318982,541.901710
28.118187,-101.656629,541.218511
39.400673,-87.268293,541.655612
48.278919,-68.069647,542.377615
52.886952,-43.191163,542.661146
51.621050,-16.392154,542.143560
44.978810,6.244285,540.958721
34.904759,23.209883,539.697911
22.999351,36.188469,539.206755
10.201236,46.986054,540.279830
-2.922575,56.929178,543.351959
-15.939359,67.095484,548.293379
-28.385408,78.625634,554.384630
-39.581828,93.022307,560.483727
-48.360017,112.186749,565.330262
-52.894512,136.931895,567.888407
-51.632181,163.536981,567.626277
-45.064131,-173.950573,564.655222
-35.085832,-157.028277,559.693782
-23.264040,-144.059381,553.866142
-10.521578,-133.264464,548.388823
2.582052,-123.326773,544.235157
15.616942,-113.171562,541.881495
28.285248,-96.480589,541.218820
39.544009,-82.039184,541.665614
48.377071,-62.761231,542.385910
52.911438,-37.816740,542.659727
51.561700,-11.039055,542.130770
44.857822,11.516412,540.939939
34.749131,28.412718,539.683768
22.826110,41.349802,539.209398
10.020120,52.127369,540.308403
-3.105063,62.066425,543.408812
-16.117351,72.243353,548.372381
-28.551463,83.801881,554.472228
-39.723810,98.251357,560.562426
-48.456836,117.494097,565.383375
-52.918439,142.303732,567.904586
-51.573482,168.887676,567.602539
-44.944431,-168.679488,564.597681
-34.931499,-151.825716,559.615904
-23.091788,-138.898098,553.784990
-10.340996,-128.123194,548.320310
2.764527,-118.189640,544.189725
15.795454,-108.023886,541.861614
28.452079,-91.303999,541.219344
39.686890,-76.809133,541.675667
48.474393,-57.451634,542.394112
52.934745,-32.441906,542.658146
51.501293,-5.686882,542.117846
44.736187,16.787401,540.921140
34.593163,33.614794,539.669777
22.652704,46.510728,539.212351
9.838944,57.268527,540.337371
-3.287529,67.203716,543.466034
-16.295235,77.391482,548.451609
-28.717282,88.978678,554.559825
-39.865335,103.481342,560.640877
-48.552832,122.802606,565.436036
-52.941204,147.675968,567.920209
-51.513739,174.237462,567.578270
-44.824089,-163.409525,564.539752
-34.776825,-146.623908,559.537862
-22.919365,-133.737221,553.703914
-10.160348,-122.982081,548.252063
2.946988,-113.052463,544.144651
15.973865,-102.875950,541.842066
28.618679,-86.126855,541.220079
39.829312,-71.578134,541.685769
48.570880,-52.140856,542.402221
52.956871,-27.066678,542.656401
51.439834,-0.335644,542.104786
44.613911,22.057256,540.902326
34.436861,38.816116,539.655940
22.479136,51.671249,539.215616
9.657710,62.409530,540.366735
-3.469973,72.341055,543.523625
-16.473009,82.539876,548.531061
-28.882863,94.156027,554.647420
-40.006397,108.712267,560.719076
-48.647997,128.112274,565.488243
-52.962805,153.048582,567.935277
-51.452958,179.586330,567.553471
-44.703109,-158.140681,564.481437
-34.621812,-141.422848,559.459657
-22.746774,-128.576747,553.622915
-9.979635,-117.841124,548.184083
3.129435,-107.915240,544.099935
16.152174,-97.727752,541.822850
28.785045,-80.949151,541.221024
39.971270,-66.346182,541.695918
48.666527,-46.828900,542.410234
52.977815,-21.691077,542.654492
51.377327,5.014645,542.091594
44.491000,27.325979,540.883500
34.280226,44.016691,539.642259
22.305406,56.831371,539.219193
9.476419,67.550381,540.396496
-3.652394,77.478444,543.581582
-16.650672,87.688536,548.610733
-29.048204,99.333935,554.735007
-40.146993,113.944136,560.797019
-48.742327,133.423099,565.539993
-52.983239,158.421556,567.949788
-51.391143,-175.065733,567.528143
-44.581497,-152.872952,564.422740
-34.466465,-136.222530,559.381294
-22.574017,-123.416672,553.541997
-9.798857,-112.700320,548.116374
3.311865,-102.777967,544.055577
16.330379,-92.579287,541.803965
28.951174,-75.770884,541.222176
40.112762,-61.113271,541.706111
48.761326,-41.515767,542.418150
52.997573,-16.315123,542.652419
51.313778,10.363975,542.078270
44.367459,32.593575,540.864664
34.123261,49.216523,539.628737
22.131518,61.991097,539.223086
9.295072,72.691083,540.426654
-3.834790,82.615887,543.639904
-16.828222,92.837468,548.690623
-29.213303,104.512406,554.822584
-40.287120,119.176957,560.874704
-48.835815,138.735080,565.591285
-53.002505,163.794871,567.963743
-51.328300,-169.718737,567.502287
-44.459259,-147.606335,564.363663
-34.310785,-131.022949,559.302776
-22.401094,-118.256991,553.461164
-9.618017,-107.559665,548.048936
3.494278,-97.640643,544.011578
16.508478,-87.430553,541.785410
29.117064,-70.592047,541.223534
40.253782,-55.879396,541.716346
48.855273,-36.201460,542.425967
53.016145,-10.938836,542.650182
51.249192,15.712335,542.064814
44.243293,37.860047,540.845819
33.965971,54.415619,539.615377
21.957471,67.150432,539.227296
9.113670,77.831639,540.457209
-4.017160,87.753385,543.698591
-17.005659,97.986673,548.770729
-29.378157,109.691445,554.910147
-40.426772,124.410734,560.952127
-48.928455,144.048213,565.642116
-53.020601,169.168507,567.977140
-51.264434,-164.372693,567.475904
-44.336398,-142.340826,564.304209
-34.154777,-125.824099,559.224106
-22.228008,-113.097702,553.380418
-9.437115,-102.419157,547.981772
3.676673,-92.503264,543.967939
16.686471,-82.281546,541.767184
29.282713,-65.412637,541.225094
40.394327,-50.644550,541.726621
48.948361,-30.885981,542.433685
53.033529,-5.562236,542.647780
51.183574,21.059715,542.051229
44.118507,43.125400,540.826967
33.808357,59.613983,539.602180
21.783269,72.309379,539.231823
8.932214,82.972052,540.488161
-4.199503,92.890942,543.757641
-17.182980,103.136155,548.851048
-29.542763,114.871057,554.997693
-40.565946,129.645472,561.029285
-49.020243,149.362497,565.692483
-53.037524,174.542444,567.989979
-51.199550,-159.027612,567.448997
-44.212921,-137.076421,564.244380
-33.998442,-120.625975,559.145287
-22.054761,-107.938799,553.299762
-9.256152,-97.278792,547.914884
3.859049,-87.365827,543.924659
16.864356,-77.132262,541.749285
29.448119,-60.232648,541.226856
40.534391,-45.408729,541.736933
49.040584,-25.569333,542.441301
53.049722,-0.185343,542.645214
51.116929,26.406104,542.037516
43.993107,48.389637,540.808112
33.650424,64.811622,539.589150
21.608912,77.467942,539.236672
8.750706,88.112325,540.519512
-4.381819,98.028560,543.817053
-17.360185,108.285919,548.931576
-29.707121,120.051246,555.085218
-40.704637,134.881178,561.106175
-49.111171,154.677929,565.742386
-53.053275,179.916662,568.002259
-51.133652,-153.683503,567.421566
-44.088833,-131.813117,564.184179
-33.841784,-115.428571,559.066324
-21.881353,-102.780278,553.219200
-9.075129,-92.138568,547.848273
4.041404,-82.228330,543.881739
17.042131,-71.982698,541.731712
29.613278,-55.052074,541.228817
40.673972,-40.171926,541.747281
49.131936,-20.251518,542.448814
53.064723,5.191822,542.642482
51.049263,31.751491,542.023674
43.867098,53.652764,540.789255
33.492174,70.008540,539.576288
21.434404,82.626125,539.241842
8.569147,93.252462,540.551261
-4.564105,103.166243,543.876824
-17.537271,113.435966,549.012311
-29.871226,125.232017,555.172719
-40.842841,140.117856,561.182793
-49.201235,159.994505,565.791821
-53.067850,-174.708858,568.013981
-51.066746,-148.340377,567.393612
-43.964138,-126.550908,564.123609
-33.684807,-110.231883,558.987219
-21.707788,-97.622137,553.138734
-8.894049,-86.998482,547.781942
4.223737,-77.090770,543.839179
17.219795,-66.832850,541.714464
29.778189,-49.870913,541.230975
40.813063,-34.934137,541.757662
49.222411,-14.932540,542.456222
53.078531,10.569240,542.639585
50.980582,37.095868,542.009707
43.740485,58.914783,540.770399
33.333609,75.204744,539.563597
21.259744,87.783933,539.247336
8.387538,98.392464,540.583408
-4.746361,108.303993,543.936955
-17.714237,118.586302,549.093251
-30.035077,130.413376,555.260192
-40.980554,145.355512,561.259137
-49.290428,165.312223,565.840788
-53.081249,-169.334137,568.025144
-50.998838,-142.998243,567.365138
-43.838842,-121.289792,564.062673
-33.527512,-105.035904,558.907976
-21.534066,-92.464371,553.058368
-8.712911,-81.858531,547.715892
4.406048,-71.953144,543.796979
17.397346,-61.682716,541.697540
29.942849,-44.689157,541.233328
40.951661,-29.695356,541.768073
49.312004,-9.612402,542.463525
53.091144,15.946888,542.636523
50.910890,42.439224,541.995615
43.613273,64.175699,540.751545
33.174734,80.400239,539.551080
21.084936,92.941369,539.253155
8.205880,103.532335,540.615955
-4.928587,113.441812,543.997443
-17.891083,123.736928,549.174392
-30.198671,135.595326,555.347633
-41.117771,150.594151,561.335203
-49.378744,170.631078,565.889282
-53.093470,-163.959195,568.035747
-50.929932,-137.657110,567.336144
-43.712949,-116.029765,564.001374
-33.369903,-99.840629,558.828598
-21.360190,-87.306975,552.978104
-8.531718,-76.718711,547.650126
4.588335,-66.815449,543.755141
17.574784,-56.532291,541.680939
30.107256,-39.506803,541.235872
41.089762,-24.455576,541.778513
49.400708,-4.291108,542.470720
53.102561,21.324748,542.633295
50.840193,47.781551,541.981399
43.485467,69.435518,540.732696
33.015551,85.595030,539.538738
20.909980,98.098437,539.259301
8.024174,108.672078,540.648900
-5.110779,118.579705,544.058287
-18.067806,128.887850,549.255732
-30.362006,140.777875,555.435041
-41.254489,155.833778,561.410987
-49.466178,175.951068,565.937304
-53.104513,-158.584052,568.045790
-50.860034,-132.316989,567.306631
-43.586466,-110.770821,563.939714
-33.211983,-94.646053,558.749089
-21.186161,-82.149947,552.897946
-8.350469,-71.579021,547.584645
4.770597,-61.677683,543.713663
17.752106,-51.381572,541.664659
30.271406,-34.323845,541.238607
41.227360,-19.214794,541.788980
49.488517,1.031339,542.477806
53.112781,26.702797,542.629902
50.768497,53.122839,541.967061
43.357073,74.694242,540.713854
32.856062,90.789122,539.526574
20.734879,103.255141,539.265776
7.842421,113.811695,540.682245
-5.292939,123.717672,544.119486
-18.244405,134.039069,549.337267
-30.525079,145.961025,555.522410
-41.390702,161.074400,561.486488
-49.552725,-178.727812,565.984850
-53.114375,-153.208727,568.055273
-50.789149,-126.977886,567.276603
-43.459395,-105.512956,563.877696
-33.053755,-89.452170,558.669451
-21.011980,-76.993283,552.817897
-8.169168,-66.439457,547.519452
4.952834,-56.539843,543.672547
17.929311,-46.230556,541.648699
30.435299,-29.140278,541.241531
41.364452,-13.973003,541.799471
49.575426,6.354934,542.484782
53.121803,32.081016,542.626343
50.695807,58.463080,541.952601
43.228095,79.951878,540.695021
32.696271,95.982522,539.514591
20.559634,108.411484,539.272582
7.660624,118.951190,540.715990
-5.475063,128.855718,544.181038
-18.420878,139.190591,549.418996
-30.687888,151.144782,555.609737
-41.526407,166.316020,561.561701
-49.638377,-173.405567,566.031919
-53.123057,-147.833243,568.064196
-50.717283,-121.639811,567.246059
-43.331744,-100.256167,563.815323
-32.895221,-84.258975,558.589689
-20.837649,-71.836978,552.737959
-7.987813,-61.300015,547.454546
5.135043,-51.401926,543.631792
18.106398,-41.079238,541.633058
30.598930,-23.956097,541.244640
41.501033,-8.730198,541.809984
49.661428,11.679674,542.491646
53.129626,37.459383,542.622618
50.622128,63.802266,541.938022
43.098538,85.208428,540.676199
32.536181,101.175234,539.502791
20.384246,113.567471,539.279719
7.478782,124.090566,540.750134
-5.657152,133.993845,544.242941
-18.597225,144.342418,549.500914
-30.850430,156.329152,555.697019
-41.661598,171.558645,561.636623
-49.723130,-168.082199,566.078508
-53.130557,-142.457618,568.072558
-50.644441,-116.302773,567.215001
-43.203516,-95.000449,563.752599
-32.736384,-79.066464,558.509806
-20.663170,-66.681029,552.658136
-7.806408,-56.160695,547.389932
5.317224,-46.263929,543.591398
18.283364,-35.927616,541.617734
30.762298,-18.771297,541.247932
41.637098,-3.486373,541.820516
49.746518,17.005553,542.498398
53.136249,42.837877,542.618728
50.547467,69.140388,541.923324
42.968408,90.463899,540.657392
32.375795,106.367264,539.491176
20.208718,118.723106,539.287190
7.296897,129.229824,540.784679
-5.839205,139.132056,544.305195
-18.773443,149.494554,549.583020
-31.012704,161.514139,555.784252
-41.796272,176.802279,561.711251
-49.806978,-162.757714,566.124616
-53.136874,-137.081873,568.080359
-50.570629,-110.966778,567.183431
-43.074716,-89.745796,563.689524
-32.577247,-73.874630,558.429805
-20.488545,-61.525432,552.578431
-7.624952,-51.021491,547.325610
5.499375,-41.125849,543.551367
18.460210,-30.775686,541.602726
30.925400,-13.585873,541.251406
41.772643,1.758476,541.831067
49.830690,22.332567,542.505035
53.141672,48.216477,542.614671
50.471829,74.477438,541.908508
42.837709,95.718294,540.638600
32.215115,111.558618,539.479749
20.033051,123.878392,539.294996
7.114970,134.368970,540.819623
-6.021219,144.270353,544.367797
-18.949530,154.647002,549.665309
-31.174705,166.699748,555.871433
-41.930423,-177.953073,561.785583
-49.889914,-157.432117,566.170241
-53.142009,-131.706030,568.087599
-50.495852,-105.631836,567.151351
-42.945349,-84.492205,563.626104
-32.417813,-68.683468,558.349690
-20.313775,-56.370183,552.498847
-7.443448,-45.882402,547.261582
5.681496,-35.987683,543.511697
18.636932,-25.623444,541.588033
31.088233,-8.399820,541.255060
41.907663,7.004354,541.841632
49.913937,27.660710,542.511556
53.145894,53.595163,542.610449
50.395220,79.813410,541.893577
42.706447,100.971619,540.619826
32.054144,116.749299,539.468511
19.857246,129.033333,539.303139
6.933003,139.508004,540.854968
-6.203194,149.408740,544.430746
-19.125487,159.799767,549.747781
-31.336432,171.885985,555.958559
-42.064048,-172.707405,561.859615
-49.971934,-152.105414,566.215381
-53.145960,-126.330108,568.094278
-50.420115,-100.297952,567.118762
-42.815421,-79.239672,563.562340
-32.258085,-63.492973,558.269464
-20.138861,-51.215278,552.419386
-7.261895,-40.743425,547.197851
5.863586,-30.849429,543.472390
18.813530,-20.470886,541.573654
31.250794,-3.213133,541.258890
42.042154,12.251268,541.852211
49.996254,32.989978,542.517960
53.148914,58.973912,542.606061
50.317645,85.148296,541.878532
42.574625,106.223878,540.601073
31.892884,121.939315,539.457466
19.681306,134.187932,539.311620
6.750996,144.646930,540.890713
-6.385129,154.547219,544.494040
-19.301310,164.952851,549.830430
-31.497882,177.072854,556.045625
-42.197142,-167.460712,561.933343
-50.053032,-146.777608,566.260033
-53.148727,-120.954128,568.100395
-50.343424,-94.965135,567.085665
-42.684935,-73.988190,563.498236
-32.098066,-58.303140,558.189130
-19.963806,-46.060715,552.340052
-7.080296,-35.604557,547.134416
6.045642,-25.711084,543.433444
18.990002,-15.318010,541.559586
31.413082,1.974195,541.262896
42.176111,17.499223,541.862801
50.077636,38.320365,542.524246
53.150733,64.352705,542.601507
50.239110,90.482089,541.863373
42.442250,111.475077,540.582343
31.731340,127.128670,539.446616
19.505232,139.342195,539.320442
6.568950,149.785751,540.926859
-6.567023,159.685794,544.557678
-19.476998,170.106259,549.913255
-31.659053,-177.739639,556.132629
-42.329699,-162.212989,562.006765
-50.133201,-141.448707,566.304197
-53.150310,-115.578111,568.105951
-50.265785,-89.633391,567.052062
-42.553897,-68.737756,563.433794
-31.937757,-53.113964,558.108692
-19.788610,-40.906488,552.260847
-6.898651,-30.465794,547.071282
6.227665,-20.572646,543.394861
19.166346,-10.164810,541.545829
31.575093,7.162167,541.267073
42.309528,22.748222,541.873400
50.158075,43.651865,542.530412
53.151350,69.731520,542.596788
50.159622,95.814782,541.848102
42.309325,116.725219,540.563638
31.569513,132.317370,539.435963
19.329025,144.496123,539.329604
6.386867,154.924470,540.963405
-6.748874,164.824466,544.621658
-19.652551,175.259994,549.996252
-31.819941,-172.551489,556.219566
-42.461717,-156.964232,562.079878
-50.212436,-136.118716,566.347870
-53.150708,-110.202077,568.110945
-50.187203,-84.302727,567.017956
-42.422311,-63.488365,563.369017
-31.777162,-47.925439,558.028153
-19.613276,-35.752595,552.181775
-6.716962,-25.327135,547.008448
6.409653,-15.434110,543.356639
19.342561,-5.011285,541.532382
31.736825,12.350789,541.271422
42.442402,27.998272,541.884005
50.237567,48.984471,542.536457
53.150765,75.110335,542.591902
50.079184,101.146368,541.832722
42.175856,121.974312,540.544960
31.407406,137.505419,539.425509
19.152687,149.649721,539.339110
6.204748,160.063090,541.000351
-6.930681,169.963239,544.685979
-19.827966,-179.585940,550.079419
-31.980545,-167.362692,556.306433
-42.593189,-151.714436,562.152678
-50.290732,-130.787642,566.391050
-53.149923,-104.826046,568.115377
-50.107684,-78.973149,566.983347
-42.290182,-58.240012,563.303908
-31.616284,-42.737560,557.947517
-19.437805,-30.599031,552.102838
-6.535230,-20.188576,546.945916
6.591604,-10.295474,543.318780
19.518646,0.142571,541.519242
31.898274,17.540067,541.275938
42.574727,33.249378,541.894615
50.316105,54.318178,542.542380
53.148978,80.489131,542.586851
49.997805,106.476843,541.817232
42.041847,127.222358,540.526311
31.245023,142.692824,539.415257
18.976220,154.802993,539.348960
6.022595,165.201613,541.037698
-7.112444,175.102116,544.750639
-20.003241,-174.431540,550.162753
-32.140861,-162.173241,556.393228
-42.724111,-146.463595,562.225163
-50.368083,-125.455490,566.433736
-53.147953,-99.450041,568.119247
-50.027234,-73.644663,566.948237
-42.157514,-52.992691,563.238471
-31.455125,-37.550322,557.866787
-19.262199,-25.445794,552.024040
-6.353456,-15.050114,546.883689
6.773519,-5.156736,543.281284
19.694598,5.296761,541.506408
32.059439,22.730005,541.280620
42.706499,38.501544,541.905228
50.393684,59.652978,542.548179
53.145989,85.867884,542.581635
49.915488,111.806199,541.801634
41.907303,132.469364,540.507695
31.082364,147.879588,539.405209
18.799625,159.955943,539.359156
5.840407,170.340042,541.075446
-7.294161,-179.758900,544.815635
-20.178376,-169.276802,550.246250
-32.300886,-156.983133,556.479945
-42.854478,-141.211705,562.297329
-50.444484,-120.122267,566.475926
-53.144798,-94.074080,568.122555
-49.945858,-68.317275,566.912628
-42.024313,-47.746399,563.172708
-31.293687,-32.363720,557.785966
-19.086459,-20.292878,551.945382
-6.171640,-9.911747,546.821768
6.955395,-0.017893,543.244149
19.870416,10.451288,541.493879
32.220317,27.920609,541.285466
42.837713,43.754775,541.915841
50.470299,64.988866,542.553854
53.141799,91.246576,542.576253
49.832241,117.134431,541.785931
41.772229,137.715335,540.489112
30.919434,153.065718,539.395368
18.622903,165.108573,539.369700
5.658187,175.478380,541.113593
-7.475831,-174.619807,544.880968
-20.353368,-164.121723,550.329907
-32.460619,-151.792360,556.566583
-42.984286,-135.958761,562.369173
-50.519928,-114.787981,566.517618
-53.140461,-88.698185,568.125301
-49.863562,-62.990991,566.876522
-41.890583,-42.501129,563.106622
-31.131974,-27.177749,557.705058
-18.910586,-15.140282,551.866869
-5.989785,-4.773472,546.760155
7.137231,5.121058,543.207376
20.046099,15.606156,541.481653
32.380904,33.111885,541.290473
42.968364,49.009077,541.926452
50.545942,70.325832,542.559403
53.136408,96.625183,542.570705
49.748069,122.461534,541.770123
41.636630,142.960276,540.470566
30.756235,158.251218,539.385735
18.446057,170.260888,539.380592
5.475935,-179.383369,541.152141
-7.657453,-169.480602,544.946633
-20.528216,-158.966297,550.413722
-32.620056,-146.600919,556.653136
-43.113530,-130.704759,562.440693
-50.594410,-109.452638,566.558810
-53.134939,-83.322377,568.127486
-49.780352,-57.665816,566.839920
-41.756327,-37.256877,563.040216
-30.969988,-21.992404,557.624067
-18.734583,-9.988000,551.788503
-5.807891,0.364714,546.698850
7.319027,10.260121,543.170966
20.221645,20.761370,541.469730
32.541197,38.303837,541.295639
43.098447,54.264454,541.937058
50.620610,75.663871,542.564824
53.129816,102.003686,542.564993
49.662978,127.787503,541.754213
41.500509,148.204192,540.452060
30.592769,163.436094,539.376313
18.269088,175.412891,539.391834
5.293652,-174.245204,541.191090
-7.839025,-164.341281,545.012631
-20.702918,-153.810522,550.497691
-32.779195,-141.408804,556.739603
-43.242205,-125.449693,562.511886
-50.667925,-104.116247,566.599501
-53.128236,-77.946675,568.129109
-49.696233,-52.341755,566.802825
-41.621552,-32.013638,562.973493
-30.807731,-16.807679,557.542995
-18.558450,-4.836030,551.710286
-5.625959,5.502814,546.637856
7.500781,15.399298,543.134917
20.397052,25.916932,541.458106
32.701195,43.496471,541.300962
43.227957,59.520910,541.947659
50.694295,81.002974,542.570118
53.122025,107.382063,542.559116
49.576973,133.112333,541.738200
41.363873,153.447088,540.433594
30.429039,168.620351,539.367105
18.091997,-179.435414,539.403429
5.111341,-169.107122,541.230438
-8.020547,-159.201843,545.078959
-20.877473,-148.654394,550.581812
-32.938032,-136.216009,556.825978
-43.370307,-120.193560,562.582747
-50.740467,-98.778815,566.639689
-53.120349,-72.571101,568.130170
-49.611211,-47.018813,566.765237
-41.486262,-26.771407,562.906457
-30.645206,-11.623570,557.461846
-18.382189,0.315632,551.632222
-5.443991,10.640831,546.577174
7.682491,20.538591,543.099230
20.572318,31.072847,541.446782
32.860894,48.689792,541.306440
43.356889,64.778451,541.958252
50.766993,86.343133,542.575281
53.113034,112.760294,542.553074
49.490062,138.436019,541.722088
41.226724,158.688971,540.415171
30.265047,173.803994,539.358112
17.914786,-174.284024,539.415376
4.929001,-163.969118,541.270187
-8.202017,-154.062284,545.145615
-21.051879,-143.497909,550.666081
-33.096566,-131.022530,556.912259
-43.497829,-114.936355,562.653275
-50.812031,-93.440350,566.679372
-53.111282,-67.195674,568.130669
-49.525292,-41.696995,566.727160
-41.350460,-21.530178,562.839109
-30.482416,-6.440072,557.380623
-18.205802,5.466989,551.554314
-5.261987,15.778767,546.516805
7.864158,25.678005,543.063905
20.747443,36.229118,541.435754
33.020292,53.883806,541.312070
43.485238,70.037081,541.968834
50.838697,91.684340,542.580314
53.102846,118.138357,542.546867
49.402249,143.758556,541.705877
41.089068,163.929844,540.396795
30.100797,178.987028,539.349338
17.737456,-169.132935,539.427678
4.746634,-158.831192,541.310335
-8.383435,-148.922600,545.212597
-21.226135,-138.341064,550.750495
-33.254792,-125.828361,556.998443
-43.624768,-109.678072,562.723466
-50.882611,-88.100860,566.718549
-53.101034,-61.820416,568.130607
-49.438482,-36.376304,566.688593
-41.214151,-16.289946,562.771454
-30.319363,-1.257178,557.299330
-18.029290,10.618046,551.476563
-5.079949,20.916626,546.456752
8.045779,30.817541,543.028942
20.922424,41.385750,541.425023
33.179385,59.078518,541.317850
43.613000,75.296805,541.979404
50.909403,97.026586,542.585216
53.091460,123.516232,542.540497
49.313541,149.079942,541.689570
40.950910,169.169714,540.378467
29.936290,-175.830542,539.340783
17.560009,-163.982143,539.440336
4.564241,-153.693340,541.350883
-8.564798,-143.782790,545.279905
-21.400238,-133.183854,550.835051
-33.412709,-120.633497,557.084525
-43.751118,-104.418709,562.793318
-50.952203,-82.760354,566.757218
-53.089607,-56.445346,568.129983
-49.350786,-31.056745,566.649541
-41.077340,-11.050706,562.703494
-30.156049,3.925114,557.217971
-17.852655,15.768806,551.398974
-4.897878,26.054410,546.397015
8.227354,35.957202,542.994340
21.097260,46.542745,541.414585
33.338170,64.273933,541.323778
43.740168,80.557627,541.989959
50.979105,102.369863,542.589984
53.078878,128.893897,542.533962
49.223943,154.400172,541.673167
40.812253,174.408586,540.360189
29.771530,-170.648711,539.332451
17.382447,-158.831645,539.453350
4.381823,-148.555558,541.391831
-8.746107,-138.642851,545.347534
-21.574188,-128.026275,550.919747
-33.570313,-115.437932,557.170502
-43.876875,-99.158261,562.862827
-51.020800,-77.418841,566.795377
-53.077001,-51.070485,568.128798
-49.262211,-25.738322,566.610004
-40.940032,-5.812453,562.635233
-29.992478,9.106811,557.136548
-17.675898,20.919271,551.321548
-4.715775,31.192122,546.337595
8.408881,41.096993,542.960098
21.271948,51.700109,541.404440
33.496645,69.470058,541.329851
43.866738,85.819551,542.000498
51.047797,107.714161,542.594618
53.065101,134.271333,542.527264
49.133462,159.719242,541.656670
40.673102,179.646465,540.341964
29.606518,-165.467473,539.324344
17.204770,-153.681437,539.466724
4.199381,-143.417845,541.433177
-8.927359,-133.502779,545.415485
-21.747982,-122.868324,551.004578
-33.727601,-110.241661,557.256371
-44.002033,-93.896723,562.931990
-51.088397,-72.076330,566.833025
-53.063218,-45.695852,568.127052
-49.172761,-20.421039,566.569984
-40.802229,-0.575182,562.566673
-29.828650,14.287917,557.055065
-17.499020,26.069447,551.244289
-4.533641,36.329764,546.278496
8.590359,46.236914,542.926218
21.446488,56.857844,541.394586
33.654806,74.666897,541.336067
43.992705,91.082583,542.011019
51.115473,113.059470,542.599118
53.050131,139.648518,542.520402
49.042103,165.037149,541.640081
40.533462,-175.116642,540.323794
29.441257,-160.286825,539.316464
17.026981,-148.531516,539.480457
4.016917,-138.280198,541.474923
-9.108553,-128.362571,545.483755
-21.921618,-117.709997,551.089542
-33.884571,-105.044679,557.342128
-44.126587,-88.634091,563.000805
-51.154990,-66.732831,566.870161
-53.048259,-40.321469,568.124746
-49.082444,-15.104898,566.529483
-40.663938,4.661114,562.497817
-29.664570,19.468438,556.973526
-17.322024,31.219335,551.167200
-4.351476,41.467340,546.219716
8.771787,51.376970,542.892699
21.620878,62.015956,541.385021
33.812651,79.864456,541.342424
44.118064,96.346725,542.021518
51.182129,118.405781,542.603481
53.033968,145.025433,542.513377
48.949873,170.353890,541.623402
40.393337,-169.880731,540.305682
29.275750,-155.106761,539.308813
16.849080,-143.381879,539.494551
3.834432,-133.142614,541.517067
-9.289690,-123.222225,545.552342
-22.095096,-112.551290,551.174636
-34.041219,-99.846979,557.427770
-44.250533,-83.370362,563.069269
-51.220572,-61.388353,566.906782
-53.032126,-34.947355,568.121878
-48.991264,-9.789903,566.488504
-40.525161,9.896439,562.428669
-29.500239,24.648377,556.891933
-17.144910,36.368941,551.090282
-4.169284,46.604852,546.161259
8.953164,56.517163,542.859539
21.795115,67.174447,541.375744
33.970177,85.062740,541.348920
44.242809,101.611983,542.031995
51.247759,123.753084,542.607707
53.016615,150.402056,542.506189
48.856777,175.669462,541.606634
40.252731,-164.645796,540.287629
29.109998,-149.927275,539.301394
16.671069,-138.232522,539.509007
3.651926,-128.005089,541.559610
-9.470766,-118.081738,545.621243
-22.268413,-107.392199,551.259856
-34.197543,-94.648558,557.513293
-44.373865,-78.105531,563.137378
-51.285139,-56.042906,566.942887
-53.014820,-29.573529,568.118451
-48.899227,-4.476056,566.447047
-40.385904,15.130799,562.359232
-29.335660,29.827741,556.810290
-16.967680,41.518266,551.013539
-3.987063,51.742303,546.103126
9.134489,61.657496,542.826740
21.969199,72.333321,541.366753
34.127380,90.261756,541.355552
44.366935,106.878360,542.042447
51.312358,129.101369,542.611795
52.998074,155.778368,542.498839
48.762822,-179.016138,541.589778
40.111649,-159.411831,540.269639
28.944005,-144.748363,539.294209
16.492951,-133.083441,539.523827
3.469401,-122.867621,541.602551
-9.651781,-112.941106,545.690458
-22.441568,-102.232720,551.345200
-34.353540,-89.449409,557.598694
-44.496579,-72.839595,563.205131
-51.348686,-50.696500,566.978475
-52.996343,-24.200012,568.114463
-48.806340,0.836639,566.405116
-40.246170,20.364199,562.289509
-29.170834,35.006534,556.728601
-16.790335,46.667315,550.936974
-3.804816,56.879696,546.045317
9.315760,66.797972,542.794301
22.143127,77.492584,541.358046
34.284258,95.461508,541.362318
44.490437,112.145860,542.052872
51.375921,134.450624,542.615743
52.978345,161.154348,542.491328
48.668013,-173.702911,541.572837
39.970094,-154.178831,540.251714
28.777773,-139.570021,539.287259
16.314725,-127.934633,539.539012
3.286857,-117.730208,541.645889
-9.832734,-107.800327,545.759984
-22.614559,-97.072849,551.430663
-34.509206,-84.249527,557.683969
-44.618668,-67.572549,563.272523
-51.411207,-45.349147,567.013545
-52.976696,-18.826824,568.109916
-48.712608,6.148180,566.362712
-40.105964,25.596644,562.219503
-29.005765,40.184761,556.646869
-16.612877,51.816091,550.860589
-3.622544,62.017034,545.987834
9.496976,71.938595,542.762221
22.316898,82.652237,541.349622
34.440806,100.662002,541.369216
44.613310,117.414487,542.063269
51.438442,139.800840,542.619551
52.957431,166.529976,542.483654
48.572356,-168.390861,541.555812
39.828072,-148.946791,540.233856
28.611304,-134.392243,539.280548
16.136394,-122.786094,539.554563
3.104297,-112.592847,541.689625
-10.013624,-102.659398,545.829819
-22.787384,-91.912582,551.516244
-34.664538,-79.048906,557.769115
-44.740128,-62.304390,563.339552
-51.472697,-40.000856,567.048094
-52.955882,-13.453983,568.104810
-48.618036,11.458564,566.319837
-39.965290,30.828141,562.149216
-28.840455,45.362426,556.565097
-16.435307,56.964597,550.784386
-3.440247,67.154319,545.930678
9.678137,77.079366,542.730500
22.490510,87.812287,541.341479
34.597024,105.863244,541.376243
44.735548,122.684246,542.073635
51.499916,145.152004,542.623219
52.935335,171.905233,542.475819
48.475858,-163.079989,541.538705
39.685586,-143.715703,540.216067
28.444600,-129.215024,539.274078
15.957958,-117.637822,539.570481
2.921721,-107.455534,541.733758
-10.194449,-97.518316,545.899961
-22.960042,-86.751915,551.601938
-34.819534,-73.847542,557.854127
-44.860954,-57.035115,563.406216
-51.533152,-34.651639,567.082122
-52.933902,-8.081509,568.099144
-48.522632,16.767791,566.276493
-39.824152,36.058694,562.078653
-28.674905,50.539534,556.483289
-16.257626,62.112837,550.708370
-3.257927,72.291554,545.873851
9.859240,82.220290,542.699137
22.663961,92.972736,541.333615
34.752906,111.065239,541.383397
44.857146,127.955139,542.083968
51.560338,150.504106,542.626744
52.912057,177.280098,542.467824
48.378524,-157.770297,541.521518
39.542640,-138.485564,540.198350
28.277664,-124.038360,539.267850
15.779421,-112.489813,539.586768
2.739130,-102.318268,541.778287
-10.375208,-92.377077,545.970408
-23.132530,-81.590844,551.687744
-34.974190,-68.645428,557.939004
-44.981140,-51.764720,563.472512
-51.592567,-29.301508,567.115627
-52.910759,-2.709422,568.092920
-48.426400,22.075858,566.232683
-39.682554,41.288310,562.007817
-28.509119,55.716091,556.401448
-16.079837,67.260814,550.632541
-3.075585,77.428742,545.817354
10.040285,87.361369,542.668133
22.837250,98.133589,541.326029
34.908450,116.267993,541.390676
44.978099,133.227170,542.094266
51.619703,155.857133,542.630125
52.887601,-177.345447,542.459668
48.280360,-152.461786,541.504251
39.399239,-133.256367,540.180708
28.110498,-118.862246,539.261867
15.600781,-107.342063,539.603424
2.556525,-97.181045,541.823212
-10.555900,-87.235680,546.041158
-23.304847,-76.429365,551.773656
-35.128504,-63.442558,558.023740
-45.100681,-46.493201,563.538436
-51.650936,-23.950473,567.148607
-52.886454,2.662260,568.086138
-48.329346,27.382763,566.188408
-39.540500,46.516993,561.936710
-28.343099,60.892100,556.319577
-15.901940,72.408532,550.556903
-2.893222,82.565886,545.761187
10.221270,92.502605,542.637487
23.010374,103.294850,541.318718
35.063653,121.471511,541.398078
45.098400,138.500343,542.104527
51.678007,161.211074,542.633363
52.861968,-171.971423,542.451353
48.181373,-147.154458,541.486908
39.255387,-128.028106,540.163142
27.943104,-113.686676,539.256131
15.422043,-102.194569,539.620450
2.373907,-92.043862,541.868533
-10.736525,-82.094120,546.112209
-23.476991,-71.267475,551.859673
-35.282471,-58.238928,558.108334
-45.219572,-41.220555,563.603986
-51.708255,-18.598548,567.181062
-52.860991,8.033517,568.078798
-48.231477,32.688505,566.143670
-39.397994,51.744749,561.865335
-28.176846,66.067567,556.237680
-15.723936,77.555993,550.481458
-2.710839,87.702988,545.705353
10.402195,97.644003,542.607198
23.183332,108.456522,541.311682
35.218511,126.675800,541.405599
45.218046,143.774662,542.114749
51.735243,166.565916,542.636456
52.835161,-166.597848,542.442878
48.081567,-141.848315,541.469489
39.111088,-122.800776,540.145655
27.775485,-108.511647,539.250644
15.243205,-97.047328,539.637849
2.191278,-86.906717,541.914249
-10.917079,-76.952395,546.183558
-23.648960,-66.105168,551.945790
-35.436089,-53.034533,558.192781
-45.337808,-35.946779,563.669159
-51.764520,-13.245743,567.212990
-52.834371,13.404331,568.070902
-48.132797,37.993082,566.098472
-39.255041,56.971584,561.793697
-28.010363,71.242497,556.155760
-15.545828,82.703202,550.406210
-2.528437,92.840051,545.649852
10.583057,102.785565,542.577266
23.356122,113.618611,541.304918
35.373021,131.880864,541.413239
45.337030,149.050129,542.124931
51.791408,171.921646,542.639403
52.807184,-161.224742,542.434245
47.980950,-136.543356,541.451997
38.966345,-117.574371,540.128249
27.607643,-103.337153,539.245409
15.064271,-91.900336,539.655620
2.008638,-81.769608,541.960360
-11.097564,-71.810502,546.255204
-23.820753,-60.942440,552.032005
-35.589355,-47.829365,558.277077
-45.455383,-30.671870,563.733952
-51.819725,-7.892072,567.244389
-52.806597,18.774683,568.062448
-48.033314,43.296495,566.052815
-39.111643,62.197503,561.721798
-27.843653,76.416893,556.073820
-15.367616,87.850161,550.331160
-2.346017,97.977079,545.594686
10.763857,107.927293,542.547690
23.528742,118.781120,541.298424
35.527181,137.086710,541.420994
45.455347,154.326747,542.135071
51.846496,177.278253,542.642204
52.778037,-155.852124,542.425453
47.879527,-131.239582,541.434433
38.821163,-112.348885,540.110927
27.439580,-98.163190,539.240428
14.885241,-86.753590,539.673766
1.825990,-76.632530,542.006864
-11.277976,-66.668438,546.327144
-23.992367,-55.779289,552.118315
-35.742265,-42.623420,558.361220
-45.572292,-25.395825,563.798363
-51.873865,-2.537548,567.275259
-52.777671,24.144555,568.053438
-47.933032,48.598741,566.006703
-38.967806,67.422512,561.649641
-27.676717,81.590761,555.991865
-15.189302,92.996874,550.256311
-2.163581,103.114073,545.539855
10.944592,113.069192,542.518471
23.701190,123.944053,541.292199
35.680985,142.293342,541.428862
45.572991,159.604521,542.145165
51.900503,-177.364278,542.644857
52.747725,-150.480012,542.416504
47.777304,-125.936995,541.416799
38.675547,-107.124314,540.093692
27.271299,-92.989753,539.235702
14.706116,-81.607086,539.692286
1.643333,-71.495482,542.053762
-11.458315,-61.526199,546.399377
-24.163802,-50.615709,552.204715
-35.894816,-37.416693,558.445206
-45.688529,-20.118642,563.862389
-51.926937,2.817818,567.305599
-52.747597,29.513928,568.043873
-47.831957,53.899821,565.960136
-38.823532,72.646617,561.577229
-27.509558,86.764105,555.909896
-15.010887,98.143344,550.181666
-1.981129,108.251036,545.485361
11.125261,118.211264,542.489606
23.873465,129.107414,541.286241
35.834433,147.500768,541.436842
45.689958,164.883452,542.155213
51.953424,-172.005960,542.647362
52.716249,-145.108424,542.407398
47.674287,-120.635594,541.399097
38.529499,-101.900650,540.076545
27.102801,-87.816838,539.231234
14.526899,-76.460822,539.711182
1.460668,-66.358461,542.101053
-11.638580,-56.383783,546.471899
-24.335054,-45.451696,552.291204
-36.047005,-32.209177,558.529031
-45.804089,-14.840316,563.926028
-51.978935,8.174011,567.335406
-52.716377,34.882784,568.033752
-47.730096,59.199734,565.913118
-38.678827,77.869823,561.504567
-27.342177,91.936930,555.827918
-14.832373,103.289575,550.107227
-1.798662,113.387972,545.431204
11.305863,123.353512,542.461097
24.045564,134.271208,541.280548
35.987519,152.708992,541.444930
45.806240,170.163543,542.165213
52.005255,-166.646807,542.649717
52.683614,-139.737380,542.398135
47.570482,-115.335380,541.381328
38.383024,-96.677888,540.059489
26.934088,-82.644439,539.227026
14.347590,-71.314795,539.730456
1.277998,-61.221463,542.148737
-11.818770,-51.241187,546.544709
-24.506122,-40.287246,552.377777
-36.198828,-27.000867,558.612692
-45.918967,-9.560846,563.989275
-52.029856,13.531017,567.364680
-52.684013,40.251105,568.023077
-47.627453,64.498479,565.865651
-38.533693,83.092135,561.431656
-27.174577,97.109241,555.745933
-14.653761,108.435569,550.032996
-1.616183,118.524882,545.377386
11.486397,128.495940,542.432942
24.217486,139.435439,541.275118
36.140241,157.918020,541.453124
45.921833,175.444798,542.175162
52.055990,-161.286832,542.651923
52.649821,-134.366897,542.388716
47.465895,-110.036353,541.363496
38.236125,-91.456022,540.042527
26.765164,-77.472552,539.223081
14.168191,-66.168999,539.750107
1.095323,-56.084487,542.196812
-11.998882,-46.098408,546.617805
-24.677004,-35.122355,552.464431
-36.350282,-21.791758,558.696185
-46.033157,-4.280230,564.052130
-52.079695,18.888824,567.393419
-52.650510,45.618874,568.011849
-47.524035,69.796057,565.817736
-38.388135,88.313560,561.358501
-27.006761,102.281042,555.663946
-14.475051,113.581330,549.958977
-1.433690,123.661771,545.323909
11.666862,133.638549,542.405140
24.389229,144.600112,541.269950
36.292594,163.127858,541.461422
46.036731,-179.272782,542.185059
52.105626,-155.926050,542.653977
52.614875,-128.996994,542.379142
47.360531,-104.738512,541.345600
38.088807,-86.235047,540.025660
26.596029,-72.301173,539.219399
13.988703,-61.023434,539.770137
0.912644,-50.947530,542.245277
-12.178917,-40.955442,546.691184
-24.847699,-29.957019,552.551164
-36.501364,-16.581844,558.779507
-46.146654,1.001536,564.114589
-52.128447,24.247417,567.421623
-52.615870,50.986074,568.000067
-47.419847,75.092468,565.769376
-38.242156,93.534103,561.285104
-26.838730,107.452337,555.581959
-14.296247,118.726861,549.885172
-1.251187,128.798639,545.270772
11.847256,138.781344,542.377691
24.560790,149.765229,541.265041
36.444577,168.338511,541.469822
46.150929,-173.989193,542.194903
52.154158,-150.564475,542.655881
52.578779,-123.627688,542.369413
47.254397,-99.441856,541.327644
37.941074,-81.014957,540.008892
26.426687,-67.130296,539.215984
13.809128,-55.878095,539.790548
0.729962,-45.810588,542.294134
-12.358872,-35.812286,546.764844
-25.018204,-24.791234,552.637971
-36.652071,-11.371119,558.862655
-46.259452,6.284453,564.176649
-52.176109,29.606781,567.449291
-52.580095,56.352686,567.987732
-47.314896,80.387712,565.720573
-38.095760,98.753769,561.211468
-26.670486,112.623132,555.499976
-14.117348,123.872166,549.811582
-1.068673,133.935491,545.217976
12.027579,143.924328,542.350595
24.732169,154.930796,541.260390
36.596184,173.549986,541.478321
46.264420,-168.704434,542.204690
52.201582,-145.202123,542.657632
52.541535,-118.258996,542.359531
47.147498,-94.146386,541.309628
37.792928,-75.795747,539.992225
26.257139,-61.959918,539.212837
13.629466,-50.732979,539.811339
0.547278,-40.673659,542.343379
-12.538747,-30.668938,546.838783
-25.188518,-19.624994,552.724849
-36.802398,-6.159577,558.945626
-46.371546,11.568524,564.238308
-52.222676,34.966903,567.476420
-52.543191,61.718694,567.974846
-47.209186,85.681790,565.671330
-37.948951,103.972565,561.137598
-26.502031,117.793430,555.418000
-13.938356,129.017247,549.738212
-0.886151,139.072329,545.165524
12.207828,149.067503,542.323850
24.903362,160.096818,541.255995
