52.462225,-116.931354,542.339126
46.927646,-92.969418,541.271723
37.490225,-74.772975,539.956392
25.911506,-61.035332,539.204050
13.263604,-49.858942,539.850883
0.175512,-39.815623,542.440447
-12.904560,-29.797189,546.985707
-25.534541,-18.705832,552.897775
-37.107173,-5.147075,559.110469
-46.597496,12.729689,564.360011
-52.314059,36.281577,567.528548
-52.464597,63.041142,567.946725
-46.991707,86.856164,565.570808
-37.648881,104.994637,560.988754
-26.158533,118.717935,555.254392
-13.573785,129.891255,549.593496
-0.514668,139.930192,545.064167
12.574413,149.938887,542.274889
25.251155,161.015495,541.251912
36.903516,174.562283,541.499358
46.493151,-167.541967,542.226955
52.294640,-143.883067,542.662133
52.421521,-111.564632,542.328763
46.818463,-87.677540,541.253523
37.340852,-69.556396,539.940030
25.741347,-55.866439,539.201719
13.083689,-44.714483,539.872828
-0.007170,-34.678717,542.490868
-13.084183,-24.653237,547.060479
-25.704262,-13.538188,552.984857
-37.256328,0.066979,559.192889
-46.707418,18.017273,564.420451
-52.357278,41.643905,567.554055
-52.424281,68.405213,567.932186
-46.883731,92.146706,565.520260
-37.500840,110.210824,560.914205
-25.989452,123.886753,555.172470
-13.394520,135.035677,549.520812
-0.332124,145.067004,545.012764
12.754432,155.082662,542.249205
25.421775,166.182921,541.248275
37.053965,179.776285,541.508133
46.604465,-162.253643,542.236546
52.338675,-138.518447,542.663402
52.379685,-106.198592,542.318250
46.708538,-82.386843,541.235273
37.191083,-64.340674,539.923779
25.570990,-50.698025,539.199665
12.903692,-39.570234,539.895157
-0.189850,-29.541812,542.541675
-13.263720,-19.509079,547.135521
-25.873782,-8.370073,553.071996
-37.405091,5.281872,559.275118
-46.816613,23.306017,564.480480
-52.399387,47.006928,567.579020
-52.382850,73.768613,567.917098
-46.775020,97.436084,565.469280
-37.352402,115.426163,560.839434
-25.820168,129.055094,555.090568
-13.215167,140.179889,549.448356
-0.149576,150.203813,544.961707
12.934373,160.226642,542.223871
25.592202,171.350818,541.244886
37.204024,-175.008868,541.516999
46.715049,-156.964140,542.246075
52.381585,-133.153113,542.664515
52.336719,-100.833253,542.307586
46.597878,-77.097326,541.216972
37.040921,-59.125801,539.907640
25.400438,-45.530088,539.197889
12.723616,-34.426192,539.917872
-0.372525,-24.404907,542.592868
-13.443171,-14.364713,547.210829
-26.043102,-3.201483,553.159190
-37.553457,10.497610,559.357151
-46.925076,28.595923,564.540094
-52.440381,52.370631,567.603443
-52.340305,79.131326,567.901463
-46.665579,102.724301,565.417872
-37.203568,120.640659,560.764445
-25.650684,134.222960,555.008689
-13.035728,145.323894,549.376130
0.032975,155.340622,544.910997
13.114234,165.370829,542.198884
25.762433,176.519191,541.241743
37.353690,-169.793171,541.525952
46.824898,-151.673458,542.255537
52.423367,-127.787079,542.665473
52.292629,-95.468628,542.296773
46.486489,-71.808987,541.198625
36.890369,-53.911773,539.891617
25.229693,-40.362622,539.196395
12.543462,-29.282355,539.940973
-0.555196,-19.267998,542.644445
-13.622533,-9.220136,547.286402
-26.212218,1.967588,553.246435
-37.701422,15.714198,559.438986
-47.032800,33.886993,564.599293
-52.480256,57.734998,567.627321
-52.296652,84.493336,567.885280
-46.555414,108.011358,565.366038
-37.054343,125.854319,560.689241
-25.481002,139.390357,554.926837
-12.856203,150.467694,549.304137
0.215529,160.477433,544.860636
13.294014,170.515226,542.174245
25.932468,-178.311956,541.238844
37.502960,-164.576618,541.534991
46.934006,-146.381595,542.264933
52.464016,-122.420361,542.666274
52.247418,-90.104734,542.285811
46.374375,-66.521824,541.180232
36.739431,-48.698584,539.875712
25.058756,-35.195623,539.195183
12.363230,-24.138717,539.964461
-0.737861,-14.131083,542.696407
-13.801805,-4.075344,547.362237
-26.381128,7.137144,553.333728
-37.848983,20.931642,559.520619
-47.139780,39.179227,564.658072
-52.519011,63.100013,567.650654
-52.251894,89.854629,567.868551
-46.444531,113.297257,565.313779
-36.904730,131.067148,560.613825
-25.311124,144.557288,554.845016
-12.676595,155.611293,549.232380
0.398084,165.614249,544.810623
13.473712,175.659838,542.149952
26.102303,-173.142617,541.236188
37.651830,-159.359203,541.544112
47.042368,-141.088548,542.274260
52.503529,-117.052978,542.666919
52.201090,-84.741588,542.274701
46.261544,-61.235836,541.161796
36.588111,-43.486227,539.859927
24.887630,-30.029087,539.194256
12.182923,-18.995278,539.988336
-0.920518,-8.994158,542.748752
-13.980987,1.069666,547.438332
-26.549831,12.307188,553.421066
-37.996137,26.149948,559.602047
-47.246012,44.472626,564.716430
-52.556639,68.465658,567.673442
-52.206035,95.215187,567.851277
-46.332935,118.581999,565.261100
-36.754734,136.279151,560.538199
-25.141051,149.723759,554.763227
-12.496905,160.754695,549.160860
0.580640,170.751073,544.760959
13.653327,-179.195334,542.126005
26.271938,-167.972789,541.233772
37.800296,-154.140920,541.553315
47.149978,-135.794318,542.283517
52.541902,-111.684945,542.667406
52.153649,-79.379203,542.263444
46.148000,-55.951021,541.143318
36.436412,-38.274697,539.844265
24.716317,-24.863008,539.193616
12.002542,-13.852033,540.012600
-1.103168,-3.857222,542.801479
-14.160077,6.214898,547.514684
-26.718324,17.477726,553.508444
-38.142880,31.369121,559.683266
-47.351488,49.767191,564.774363
-52.593140,73.831918,567.695683
-52.159078,100.574998,567.833458
-46.220631,123.865586,565.208002
-36.604356,141.490334,560.462369
-24.970785,154.889773,554.681475
-12.317133,165.897901,549.089579
0.763195,175.887908,544.711646
13.832857,-174.050286,542.102402
26.441369,-162.802467,541.231594
37.948354,-148.921765,541.562595
47.256829,-130.498904,542.292701
52.579131,-106.316279,542.667735
52.105100,-74.017595,542.252042
46.033749,-50.667376,541.124801
36.284338,-33.063989,539.828728
24.544819,-19.697384,539.193265
11.822087,-8.708979,540.037253
-1.285808,1.279729,542.854588
-14.339073,11.360353,547.591290
-26.886606,22.648762,553.595861
-38.289207,36.589167,559.764274
-47.456203,55.062922,564.831870
-52.628508,79.198774,567.717376
-52.111029,105.934045,567.815096
-46.107626,129.148020,565.154487
-36.453601,146.700703,560.386337
-24.800330,160.055334,554.599763
-12.137281,171.040916,549.018541
0.945748,-178.975243,544.662684
14.012301,-168.905014,542.079143
26.610594,-157.631647,541.229652
38.096002,-143.701730,541.571952
47.362917,-125.202304,542.301811
52.615214,-100.946998,542.667905
52.055446,-68.656780,542.240494
45.918797,-45.384900,541.106247
36.131892,-27.854096,539.813319
24.373137,-14.532209,539.193205
11.641560,-3.566113,540.062296
-1.468438,6.416697,542.908076
-14.517975,16.506036,547.668149
-27.054673,27.820300,553.683311
-38.435115,41.810091,559.845065
-47.560152,60.359821,564.888949
-52.662741,84.566211,567.738521
-52.061891,111.292314,567.796192
-45.993925,134.429304,565.100559
-36.302472,151.910264,560.310106
-24.629685,165.220448,554.518094
-11.957351,176.183742,548.947748
1.128298,-173.838378,544.614073
14.191657,-163.759516,542.056228
26.779612,-152.460324,541.227945
38.243234,-138.480810,541.581383
47.468234,-119.904518,542.310846
52.650146,-95.577120,542.667917
52.004692,-63.296771,542.228801
45.803150,-40.103589,541.087657
35.979078,-22.645013,539.798039
24.201274,-9.367480,539.193437
11.460962,1.576568,540.087730
-1.651056,11.553686,542.961944
-14.696780,21.651950,547.745257
-27.222525,32.992345,553.770793
-38.580601,47.031899,559.925638
-47.663328,65.657886,564.945596
-52.695835,89.934211,567.759117
-52.011669,116.649792,567.776746
-45.879533,139.709439,565.046219
-36.150973,157.119021,560.233679
-24.458854,170.385117,554.436471
-11.777343,-178.673618,548.877201
1.310844,-168.701495,544.565815
14.370924,-158.613788,542.033654
26.948421,-147.288493,541.226469
38.390047,-133.259000,541.590885
47.572776,-114.605545,542.319802
52.683925,-90.206661,542.667769
51.952843,-57.937582,542.216966
45.686813,-34.823441,541.069034
35.825898,-17.436734,539.782892
24.029231,-4.203191,539.193964
11.280295,6.719066,540.113554
-1.833662,16.690697,543.016190
-14.875488,26.798099,547.822613
-27.390159,38.164902,553.858302
-38.725661,52.254598,560.005989
-47.765726,70.957119,565.001809
-52.727788,95.302755,567.779163
-51.960367,122.006464,567.756759
-45.764456,144.988428,564.991470
-35.999106,162.326981,560.157061
-24.287838,175.549347,554.354898
-11.597259,-173.531160,548.806902
1.493385,-163.564589,544.517910
14.550102,-153.467827,542.011421
27.117018,-142.116150,541.225225
38.536437,-128.036294,541.600457
47.676536,-109.305386,542.328680
52.716547,-84.835640,542.667461
51.899904,-52.579229,542.204988
45.569792,-29.544454,541.050379
35.672357,-12.229254,539.767880
23.857011,0.960660,539.194788
11.099560,11.861386,540.139771
-2.016254,21.827734,543.070814
-15.054098,31.944484,547.900213
-27.557573,43.337975,553.945835
-38.870291,57.478191,560.086115
-47.867341,76.257519,565.057587
-52.758597,100.671827,567.798658
-51.907988,127.362316,567.736234
-45.648699,150.266274,564.936315
-35.846876,167.534149,560.080253
-24.116639,-179.286859,554.273378
-11.417099,-168.388882,548.736855
1.675919,-158.427659,544.470359
14.729188,-148.321630,541.989529
27.285400,-136.943290,541.224208
38.682400,-122.812685,541.610095
47.779508,-104.004040,542.337476
52.748010,-79.464075,542.666992
51.845878,-47.221723,542.192869
45.452091,-24.266624,541.031695
35.518458,-7.022567,539.753005
23.684615,6.124080,539.195911
10.918758,17.003530,540.166380
-2.198831,26.964799,543.125814
-15.232607,37.091110,547.978055
-27.724764,48.511568,554.033389
-39.014486,62.702686,560.166011
-47.968166,81.559085,565.112926
-52.788259,106.041408,567.817602
-51.854539,132.717336,567.715170
-45.532267,155.542979,564.880757
-35.694285,172.740531,560.003261
-23.945259,-174.123496,554.191913
-11.236866,-163.246780,548.667060
1.858447,-153.290702,544.423162
14.908181,-143.175193,541.967976
27.453567,-131.769909,541.223417
38.827933,-117.588169,541.619799
47.881687,-98.701507,542.346190
52.778309,-74.091984,542.666362
51.790770,-41.865080,542.180609
45.333718,-18.989949,541.012984
35.364204,-1.816666,539.738269
23.512045,11.287070,539.197333
10.737890,22.145501,540.193382
-2.381393,32.101895,543.181188
-15.411015,42.237980,548.056136
-27.891731,53.685687,554.120960
-39.158243,67.928088,560.245675
-48.068195,86.861818,565.167824
-52.816770,111.411481,567.835993
-51.800023,138.071509,567.693568
-45.415167,160.818546,564.824797
-35.541337,177.946132,559.926086
-23.773699,-168.960559,554.110507
-11.056561,-158.104852,548.597521
2.040966,-148.153715,544.376320
15.087079,-138.028513,541.946761
27.621516,-126.596002,541.222851
38.973031,-112.362739,541.629564
47.983067,-93.397789,542.354820
52.807443,-68.719387,542.665571
51.734585,-36.509312,542.168209
45.214677,-13.714426,540.994247
35.209599,3.388453,539.723676
23.339303,16.449637,539.199058
10.556958,27.287302,540.220778
-2.563937,37.239025,543.236937
-15.589320,47.385097,548.134455
-28.058471,58.860336,554.208544
-39.301559,73.154401,560.325104
-48.167424,92.165717,565.222279
-52.844129,116.782026,567.853832
-51.744445,143.424823,567.671431
-45.297403,166.092979,564.768439
-35.388035,-176.849042,559.848733
-23.601962,-163.798046,554.029164
-10.876184,-152.963094,548.528240
2.223475,-143.016695,544.329834
15.265883,-132.881587,541.925883
27.789243,-121.421564,541.222507
39.117691,-107.136389,541.639390
48.083641,-88.092884,542.363364
52.835408,-63.346301,542.664618
51.677328,-31.154432,542.155671
45.094974,-8.440051,540.975488
35.054645,8.592796,539.709228
23.166391,21.611783,539.201088
10.375963,32.428937,540.248567
-2.746464,42.376192,543.293059
-15.767521,52.532464,548.213007
-28.224982,64.035520,554.296139
-39.444429,78.381632,560.404294
-48.265846,97.470780,565.276289
-52.870333,122.153025,567.871117
-51.687809,148.777265,567.648758
-45.178981,171.366279,564.711684
-35.234382,-171.644985,559.771205
-23.430050,-158.635952,553.947886
-10.695737,-147.821503,548.459218
2.405974,-137.879640,544.283703
15.444589,-127.734411,541.905341
27.956748,-116.246590,541.222382
39.261908,-101.909115,541.649273
48.183404,-82.786794,542.371820
52.862203,-57.972745,542.663503
51.619004,-25.800453,542.142996
44.974614,-3.166821,540.956707
34.899346,13.796369,539.694926
22.993311,26.773514,539.203423
10.194905,37.570407,540.276752
-2.928971,47.513398,543.349552
-15.945616,57.680086,548.291791
-28.391262,69.211243,554.383741
-39.586848,83.609787,560.483242
-48.363455,102.777007,565.329851
-52.895379,127.524460,567.887848
-51.630120,154.128824,567.625552
-45.059906,176.638450,564.654537
-35.080382,-166.441693,559.693504
-23.257964,-153.474273,553.866677
-10.515221,-142.680077,548.390457
2.588461,-132.742547,544.237929
15.623197,-122.586982,541.885135
28.124029,-111.071076,541.222476
39.405679,-96.680909,541.659212
48.282350,-77.479521,542.380188
52.887823,-52.598739,542.662225
51.559618,-20.447387,542.130184
44.853602,2.105267,540.937908
34.743706,18.999177,539.680774
22.820064,31.934833,539.206066
10.013787,42.711717,540.305331
-3.111458,52.650646,543.406416
-16.123604,62.827964,548.370804
-28.557308,74.387510,554.471347
-39.728814,88.838871,560.561944
-48.460245,108.084396,565.382963
-52.919265,132.896311,567.904025
-51.571384,159.479486,567.601813
-44.940183,-178.090504,564.596999
-34.926037,-161.239159,559.615635
-23.085706,-148.313004,553.785539
-10.334637,-137.538812,548.321961
2.770936,-127.605412,544.192512
15.801706,-117.439298,541.865263
28.291081,-105.895017,541.222785
39.548998,-91.451768,541.669204
48.380472,-72.171064,542.388464
52.912268,-47.224302,542.660784
51.499174,-15.095245,542.117237
44.731945,7.376216,540.919092
34.587727,24.201227,539.666773
22.646653,37.095744,539.209019
9.832609,47.852870,540.334307
-3.293924,57.787939,543.463649
-16.301484,67.976103,548.450043
-28.723119,79.564326,554.558952
-39.870323,94.068889,560.640398
-48.556211,113.392946,565.435623
-52.941989,138.268561,567.919646
-51.511605,164.829240,567.577543
-44.819818,-172.820581,564.539072
-34.771351,-156.037378,559.537601
-22.913278,-143.152141,553.704476
-10.153987,-132.397705,548.253730
2.953396,-122.468234,544.147452
15.980113,-112.291353,541.845723
28.457905,-100.718408,541.223308
39.691863,-86.221684,541.679247
48.477765,-66.861425,542.396648
52.935534,-41.849454,542.659180
51.437678,-9.744041,542.104156
44.609647,12.646031,540.900261
34.431412,29.402524,539.652927
22.473078,42.256252,539.212284
9.651373,52.993867,540.363678
-3.476368,62.925280,543.521251
-16.479254,73.124506,548.529505
-28.888692,84.741696,554.646554
-40.011369,99.299847,560.718600
-48.651347,118.702656,565.487829
-52.963548,143.641188,567.934711
-51.450787,170.178075,567.552742
-44.698816,-167.551776,564.480761
-34.616327,-150.836344,559.459405
-22.740681,-137.991682,553.623491
-9.973271,-127.256754,548.185766
3.135842,-117.331009,544.102751
16.158418,-107.143146,541.826516
28.624496,-95.541245,541.224043
39.834269,-80.990652,541.689339
48.574224,-61.550607,542.404738
52.957619,-36.474213,542.657413
51.375135,-4.393784,542.090941
44.486714,17.914715,540.881418
34.274765,34.603072,539.639238
22.299343,47.416360,539.215861
9.470079,58.134713,540.393446
-3.658788,68.062671,543.579219
-16.656914,78.273176,548.609189
-29.054025,89.919624,554.734149
-40.151949,104.531750,560.796546
-48.745647,124.013522,565.539578
-52.983941,149.014175,567.949219
-51.388936,175.525979,567.527413
-44.577182,-162.284087,564.422067
-34.460967,-145.636053,559.381051
-22.567918,-132.831621,553.542588
-9.792492,-122.115955,548.118073
3.318271,-112.193735,544.058408
16.336619,-101.994672,541.807640
28.790853,-90.363522,541.224987
39.976211,-75.758667,541.699477
48.669841,-56.238610,542.412733
52.978522,-31.098600,542.655481
51.311550,0.955512,542.077595
44.363151,23.182272,540.862564
34.117790,39.802879,539.625707
22.125449,52.576073,539.219754
9.288730,63.275410,540.423611
-3.841183,73.200116,543.637553
-16.834460,83.422117,548.689090
-29.219115,95.098115,554.821734
-40.292059,109.764605,560.874234
-48.839105,129.325544,565.590869
-53.003165,154.387502,567.963171
-51.326057,-179.127058,567.501556
-44.454921,-157.017509,564.362993
-34.305276,-140.436498,559.302542
-22.394989,-127.671954,553.461768
-9.611649,-116.975306,548.050652
3.500683,-107.056409,544.014423
16.514714,-96.845928,541.789093
28.956974,-85.185235,541.226138
40.117687,-70.525723,541.709659
48.764610,-50.925436,542.420630
52.998239,-25.722634,542.653386
51.246928,6.303839,542.064117
44.238963,28.448705,540.843703
33.960488,45.001949,539.612338
21.951396,57.735394,539.223964
9.107326,68.415961,540.454173
-4.023552,78.337616,543.696251
-17.011893,88.571332,548.769207
-29.383961,100.277174,554.909304
-40.431694,114.998416,560.951660
-48.931716,134.638719,565.641698
-53.021220,159.761149,567.976565
-51.262154,-173.781048,567.475172
-44.332039,-151.752040,564.303542
-34.149256,-135.237674,559.223881
-22.221898,-122.512678,553.381036
-9.430745,-111.834803,547.983504
3.683077,-101.919028,543.970798
16.692703,-91.696911,541.770874
29.122855,-80.006379,541.227495
40.258690,-65.291814,541.719884
48.858527,-45.611089,542.428429
53.016770,-20.346336,542.651126
51.181274,11.651184,542.050510
44.114156,33.714019,540.824835
33.802863,50.200288,539.599133
21.777189,62.894327,539.228492
8.925868,73.556370,540.485134
-4.205895,83.475176,543.755312
-17.189210,93.720825,548.849536
-29.548559,105.456806,554.996858
-40.570851,120.233188,561.028821
-49.023473,139.953043,565.692065
-53.038102,165.135096,567.989401
-51.197234,-168.436001,567.448264
-44.208540,-146.487674,564.243716
-33.992910,-130.039575,559.145071
-22.048645,-117.353789,553.300394
-9.249780,-106.694443,547.916632
3.865452,-96.781590,543.927532
16.870583,-86.547618,541.752984
29.288496,-74.826948,541.229055
40.399218,-60.056935,541.730148
48.951585,-40.295569,542.436128
53.034112,-14.969725,542.648701
51.114594,16.997538,542.036775
43.988734,38.978218,540.805963
33.644918,55.397902,539.586095
21.602827,68.052877,539.233341
8.744358,78.696638,540.516492
-4.388210,88.612796,543.814735
-17.366411,98.870598,548.930076
-29.712907,110.637015,555.084390
-40.709525,125.468928,561.105713
-49.114371,145.268516,565.741967
-53.053811,170.509324,568.001679
-51.131300,-163.091927,567.420831
-44.084430,-141.224409,564.183519
-33.836241,-124.842197,559.066117
-21.875232,-112.195282,553.219846
-9.068756,-101.554224,547.850037
4.047806,-91.644091,543.884626
17.048354,-81.398044,541.735419
29.453892,-69.646939,541.230816
40.539265,-54.821080,541.740449
49.043778,-34.978881,542.443725
53.050263,-9.592823,542.646112
51.046893,22.342890,542.022912
43.862704,44.241306,540.787090
33.486657,60.594795,539.573224
21.428312,73.211048,539.238511
8.562797,83.836770,540.548248
-4.570495,93.750482,543.874518
-17.543493,104.020656,549.010822
-29.877004,115.817808,555.171898
-40.847712,130.705641,561.182334
-49.204404,150.585132,565.791401
-53.068345,175.883812,568.013398
-51.064359,-157.748836,567.392877
-43.959714,-135.962239,564.122953
-33.679253,-119.645534,558.987022
-21.701662,-107.037154,553.139394
-8.887674,-96.414143,547.783723
4.230139,-86.506528,543.842081
17.226014,-76.248187,541.718179
29.619043,-64.466345,541.232776
40.678828,-49.584243,541.750786
49.135100,-29.661026,542.451219
53.065223,-4.215648,542.643357
50.978176,27.687232,542.008923
43.736070,49.503287,540.768217
33.328081,65.790975,539.560525
21.253647,78.368843,539.244006
8.381186,88.976768,540.580404
-4.752751,98.888234,543.934659
-17.720456,109.171002,549.091772
-30.040846,120.999187,555.259379
-40.985408,135.943332,561.258681
-49.293566,155.902890,565.840366
-53.081702,-178.741458,568.024558
-50.996415,-152.406737,567.364401
-43.834397,-130.701162,564.062020
-33.521947,-114.449580,558.907788
-21.527935,-101.879401,553.059042
-8.706534,-91.274197,547.717689
4.412449,-81.368900,543.799895
17.403562,-71.098043,541.701263
29.783945,-59.285163,541.234932
40.817902,-44.346420,541.761155
49.225544,-24.342007,542.458608
53.078989,1.161778,542.640437
50.908449,33.030552,541.994809
43.608837,54.764166,540.749346
33.169195,70.986445,539.548000
21.078834,83.526266,539.249826
8.199526,94.116634,540.612958
-4.934975,104.026056,543.995159
-17.897297,114.321639,549.172924
-30.204431,126.181159,555.346828
-41.122608,141.182006,561.334749
-49.381851,161.221786,565.888859
-53.093881,-173.366508,568.035158
-50.927474,-147.065641,567.335406
-43.708484,-125.441173,564.000724
-33.364327,-109.254330,558.828419
-21.354053,-96.722019,552.978793
-8.525339,-86.134382,547.651939
4.594735,-76.231204,543.758071
17.580995,-65.947608,541.684669
29.948596,-54.103387,541.237283
40.956483,-39.107604,541.771556
49.315106,-19.021829,542.465892
53.091561,6.539434,542.637352
50.837717,38.372843,541.980571
43.481011,60.023946,540.730481
33.010001,76.181211,539.535650
20.903873,88.683321,539.255973
8.017818,99.256373,540.645911
-5.117167,109.163951,544.056014
-18.074016,119.472571,549.254275
-30.367757,131.363729,555.434242
-41.259308,146.421669,561.410536
-49.469255,166.541816,565.936879
-53.104882,-167.991358,568.045199
-50.857541,-141.725555,567.305893
-43.581979,-120.182267,563.939068
-33.206396,-104.059778,558.748919
-21.180018,-91.565004,552.898650
-8.344089,-80.994696,547.586475
4.776996,-71.093435,543.716607
17.758313,-60.796879,541.668397
30.112994,-48.921012,541.239826
41.094566,-33.867790,541.781984
49.403779,-13.700495,542.473068
53.102936,11.917300,542.634102
50.765986,43.714095,541.966211
43.352596,65.282633,540.711623
32.850502,81.375280,539.523479
20.728766,93.840012,539.262449
7.836064,104.395986,540.679264
-5.299325,114.301922,544.117224
-18.250611,124.623802,549.335821
-30.530821,136.546901,555.521618
-41.395503,151.662326,561.486039
-49.555769,171.862976,565.984424
-53.114703,-162.616028,568.054679
-50.786622,-136.386489,567.275864
-43.454888,-114.924441,563.877054
-33.048157,-98.865920,558.669292
-21.005832,-86.408353,552.818615
-8.162785,-75.855136,547.521297
4.959231,-65.955592,543.675505
17.935514,-55.645852,541.652444
30.277135,-43.738033,541.242559
41.232147,-28.626973,541.792440
49.491557,-8.378008,542.480135
53.113115,17.295356,542.630686
50.693262,49.054300,541.951730
43.223598,70.540230,540.692774
32.690701,86.568656,539.511488
20.553516,98.996344,539.269256
7.654264,109.535477,540.713017
-5.481449,119.439970,544.178787
-18.427080,129.775334,549.417560
-30.693621,141.730680,555.608953
-41.531190,156.903982,561.561254
-49.641390,177.185262,566.031491
-53.123343,-157.240538,568.063599
-50.714721,-131.048450,567.245319
-43.327216,-109.667690,563.814685
-32.889612,-93.672750,558.589539
-20.831497,-81.252060,552.738692
-7.981430,-70.715700,547.456408
5.141439,-60.817672,543.634764
18.112596,-50.494524,541.636810
30.441018,-38.554445,541.245480
41.369221,-23.385146,541.802919
49.578434,-3.054373,542.487092
53.122095,22.673580,542.627104
50.619549,54.393448,541.937129
43.094021,75.796743,540.673937
32.530600,91.761344,539.499680
20.378123,104.152319,539.276395
7.472421,114.674849,540.747170
-5.663537,124.578100,544.240702
-18.603422,134.927172,549.499489
-30.856154,146.915072,555.696242
-41.666363,162.146642,561.636179
-49.726111,-177.491331,566.078079
-53.130801,-151.864908,568.071959
-50.641845,-125.711449,567.214261
-43.198968,-104.412009,563.751964
-32.730765,-88.480263,558.509666
-20.657013,-76.096124,552.658883
-7.800023,-65.576383,547.391810
5.323618,-55.679672,543.594384
18.289558,-45.342892,541.621494
30.604640,-33.370243,541.248587
41.505784,-18.142306,541.813420
49.664405,2.270406,542.493937
53.129876,28.051951,542.623356
50.544854,59.731533,541.922409
42.963871,81.052176,540.655113
32.370203,96.953351,539.488058
20.202590,109.307941,539.283867
7.290534,119.814104,540.781722
-5.845588,129.716314,544.302967
-18.779636,140.079319,549.581605
-31.018418,152.100081,555.783482
-41.801018,167.390312,561.710809
-49.809927,-172.166806,566.124185
-53.137076,-146.489160,568.079757
-50.567998,-120.375491,567.182690
-43.070148,-99.157395,563.688894
-32.571618,-83.288453,558.429675
-20.482382,-70.940539,552.579193
-7.618565,-60.437184,547.327505
5.505768,-50.541590,543.554366
18.466399,-40.190951,541.606493
30.767999,-28.185422,541.251877
41.641831,-12.898446,541.823941
49.749463,7.596324,542.500669
53.136458,33.430449,542.619443
50.469182,65.068547,541.907572
42.833153,86.306534,540.636306
32.209513,102.144681,539.476623
20.026918,114.463215,539.291675
7.108606,124.953245,540.816675
-6.027601,134.854615,544.365580
-18.955719,145.231779,549.663906
-31.180410,157.285712,555.870670
-41.935152,172.634997,561.785143
-49.892831,-166.841170,566.169809
-53.142169,-141.113313,568.086995
-50.493186,-115.040586,567.150609
-42.940762,-93.903842,563.625478
-32.412174,-78.097315,558.349570
-20.307607,-65.785303,552.499623
-7.437059,-55.298099,547.263493
5.687888,-45.403421,543.514710
18.643117,-35.038698,541.591807
30.931091,-22.999976,541.255349
41.777358,-7.653562,541.834479
49.833602,12.923377,542.507286
53.141839,38.809053,542.615363
50.392539,70.404481,541.892620
42.701870,91.559822,540.617516
32.048531,107.335340,539.465379
19.851109,119.618144,539.299819
6.926637,130.092276,540.852028
-6.209575,139.993005,544.428541
-19.131671,150.384555,549.746387
-31.342127,162.471971,555.957802
-42.068758,177.880701,561.859177
-49.974819,-161.514427,566.214947
-53.146078,-135.737389,568.093671
-50.417416,-109.706740,567.118019
-42.810813,-88.651345,563.561718
-32.252436,-72.906843,558.269353
-20.132689,-60.630411,552.420177
-7.255505,-50.159126,547.199778
5.869976,-40.265165,543.475416
18.819710,-29.886130,541.577434
31.093914,-17.813901,541.259000
41.912360,-2.407647,541.845032
49.916817,18.251560,542.513788
53.146019,44.187741,542.611118
50.314931,75.739329,541.877553
42.570030,96.812045,540.598748
31.887262,112.525333,539.454327
19.675163,124.772732,539.308302
6.744628,135.231199,540.887782
-6.391509,145.131488,544.491846
-19.307490,155.537651,549.829047
-31.503568,167.658863,556.044875
-42.201833,-176.872570,561.932907
-50.055883,-156.186583,566.259598
-53.148803,-130.361407,568.099785
-50.340691,-104.373961,567.084922
-42.680308,-83.399901,563.497618
-32.092406,-67.717034,558.189029
-19.957629,-55.475859,552.340857
-7.073905,-45.020262,547.136360
6.052031,-35.126817,543.436484
18.996178,-24.733242,541.563374
31.256466,-12.627191,541.262828
42.046832,2.839303,541.855599
49.999102,23.580867,542.520172
53.148998,49.566492,542.606707
50.236363,81.073084,541.862373
42.437635,102.063207,540.580002
31.725708,117.714665,539.443470
19.499084,129.926983,539.317125
6.562581,140.370016,540.923936
-6.573401,150.270066,544.555496
-19.483174,160.691070,549.911883
-31.664729,172.846392,556.131886
-42.334371,-171.624811,562.006331
-50.136020,-150.857643,566.303760
-53.150344,-124.985388,568.105338
-50.263019,-99.042255,567.051319
-42.549250,-78.149504,563.433180
-31.932087,-62.527881,558.108602
-19.782429,-50.321644,552.261667
-6.892259,-39.881503,547.073241
6.234053,-29.988375,543.397914
19.172517,-19.580031,541.549623
31.418744,-7.439841,541.266830
42.180769,8.087293,541.866176
50.080450,28.911292,542.526438
53.150775,54.945286,542.602130
50.156841,86.405738,541.847081
42.304691,107.313313,540.561282
31.563871,122.903342,539.432810
19.322873,135.080900,539.326290
6.380497,145.508732,540.960490
-6.755251,155.408742,544.619488
-19.658722,165.844817,549.994891
-31.825607,178.034565,556.218830
-42.466370,-166.376017,562.079446
-50.215222,-145.527613,566.347431
-53.150701,-119.609354,568.110329
-50.184404,-93.711629,567.017212
-42.417645,-72.900150,563.368408
-31.771482,-57.339379,558.028073
-19.607090,-45.167763,552.182610
-6.710569,-34.742848,547.010423
6.416039,-24.849836,543.359706
19.348727,-14.426494,541.536182
31.580745,-2.251847,541.271005
42.314168,13.336329,541.876762
50.160857,34.242830,542.532584
53.151350,60.324101,542.597388
50.076371,91.737286,541.831679
42.171203,112.562369,540.542588
31.401754,128.091369,539.422350
19.146530,140.234487,539.335798
6.198376,150.647348,540.997445
-6.937057,160.547519,544.683820
-19.834132,170.998894,550.078068
-31.986201,-176.776614,556.305704
-42.597822,-161.126183,562.152248
-50.293485,-140.196500,566.390610
-53.149873,-114.233324,568.114759
-50.104852,-88.382090,566.982603
-42.285497,-67.651833,563.303304
-31.610594,-52.151523,557.947447
-19.431615,-40.014211,552.103688
-6.528835,-29.604292,546.947908
6.597989,-19.711197,543.321861
19.524807,-9.272627,541.523048
31.742467,2.936798,541.275350
42.447022,18.586415,541.887355
50.240316,39.575475,542.538610
53.150723,65.702916,542.592479
49.994959,97.067722,541.816168
42.037175,117.810379,540.523925
31.239361,133.278751,539.412091
18.970058,145.387748,539.345650
6.016221,155.785868,541.034801
-7.118819,165.686400,544.748491
-20.009403,176.153306,550.161412
-32.146507,-171.587141,556.392505
-42.728725,-155.875305,562.224735
-50.370802,-134.864310,566.433294
-53.147861,-108.857320,568.118626
-50.024369,-83.053643,566.947493
-42.152811,-62.404549,563.237871
-31.449425,-46.964308,557.866727
-19.256004,-34.860985,552.024904
-6.347059,-24.465834,546.885698
6.779902,-14.572455,543.284377
19.700754,-4.118426,541.510221
31.903907,8.126098,541.279864
42.579328,23.837558,541.897952
50.318821,44.909220,542.544513
53.148894,71.081710,542.587405
49.912610,102.397039,541.800550
41.902613,123.057349,540.505293
31.076693,138.465493,539.402037
18.793458,150.540686,539.355848
5.834032,160.924294,541.072557
-7.300534,170.825388,544.813499
-20.184532,-178.691944,550.244919
-32.306522,-166.397008,556.479229
-42.859073,-150.623378,562.296902
-50.447169,-129.531050,566.475482
-53.144665,-103.481361,568.121932
-49.942960,-77.726294,566.911884
-42.019591,-57.158293,563.172112
-31.287978,-41.777728,557.785917
-19.080259,-29.708081,551.946262
-6.165243,-19.327471,546.823793
6.961776,-9.433608,543.247256
19.876568,1.036113,541.497698
32.065061,13.316060,541.284542
42.711081,29.089760,541.908552
50.396366,50.244058,542.550292
53.145864,76.460462,542.582166
49.829330,107.725232,541.784825
41.767521,128.303284,540.486696
30.913753,143.651601,539.392189
18.616732,155.693305,539.366394
5.651810,166.062629,541.110713
-7.482203,175.964485,544.878843
-20.359520,-173.536852,550.328587
-32.466245,-161.206212,556.565872
-42.988862,-145.370397,562.368749
-50.522579,-124.196726,566.517172
-53.140285,-98.105469,568.124676
-49.860632,-72.400049,566.875777
-41.885842,-51.913060,563.106031
-31.126255,-36.591780,557.705020
-18.904382,-24.555496,551.867764
-5.983386,-14.189199,546.762195
7.143611,-4.294653,543.210496
20.052245,6.190993,541.485478
32.225928,18.506687,541.289385
42.842275,34.343029,541.919152
50.472947,55.579983,542.555946
53.141632,81.839151,542.576761
49.745126,113.052296,541.768997
41.631903,133.548190,540.468136
30.750544,148.837080,539.382550
18.439882,160.845609,539.377289
5.469557,171.200877,541.149270
-7.663823,-178.896306,544.944520
-20.534363,-168.381414,550.412412
-32.625672,-156.014747,556.652432
-43.118086,-140.116357,562.440270
-50.597027,-118.861346,566.558362
-53.134722,-92.729664,568.126858
-49.777389,-67.074914,566.839176
-41.751568,-46.668844,563.039630
-30.964259,-31.406457,557.624038
-18.728374,-19.403226,551.789412
-5.801491,-9.051016,546.700907
7.325405,0.844413,543.174099
20.227786,11.346219,541.473561
32.386505,23.697986,541.294388
42.972906,39.597368,541.929749
50.548557,60.916987,542.561475
53.136199,87.217755,542.571190
49.660003,118.378226,541.753065
41.495764,138.792070,540.449614
30.587069,154.021935,539.373123
18.262908,165.997602,539.388534
5.287273,176.339039,541.188228
-7.845394,-173.756981,545.010529
-20.709060,-163.225626,550.496391
-32.784800,-150.822608,556.738905
-43.246741,-134.861253,562.511464
-50.670508,-113.524918,566.599051
-53.127977,-87.353966,568.128478
-49.693238,-61.750893,566.802080
-41.616775,-41.425641,562.972912
-30.801993,-26.221754,557.542977
-18.552237,-14.251267,551.711211
-5.619558,-3.912919,546.639929
7.507157,5.983594,543.138063
20.403188,16.501793,541.461943
32.546788,28.889961,541.299551
43.102969,44.852782,541.940343
50.623190,66.255062,542.566876
53.129566,92.596254,542.565455
49.573967,123.703016,541.737032
41.359110,144.034931,540.431134
30.423330,159.206170,539.363908
18.085813,171.149286,539.400131
5.104960,-178.522881,541.227585
-8.026914,-168.617538,545.076868
-20.883610,-158.069486,550.580522
-32.943627,-145.629789,556.825286
-43.374821,-129.605082,562.582327
-50.743016,-108.187448,566.639237
-53.120049,-81.978397,568.129536
-49.608185,-56.427990,566.764492
-41.481466,-36.183445,562.905881
-30.639459,-21.037667,557.461839
-18.375972,-9.099616,551.633162
-5.437589,1.225095,546.579263
7.688866,11.122891,543.102389
20.578449,21.657720,541.450624
32.706776,34.082619,541.304870
43.232459,50.109276,541.950931
50.696841,71.594202,542.572149
53.121732,97.974626,542.559555
49.487024,129.026662,541.720899
41.221943,149.276778,540.412697
30.259329,164.389792,539.354910
17.908597,176.300666,539.412082
4.922619,-173.384880,541.267343
-8.208383,-163.477975,545.143536
-21.058011,-152.912988,550.664801
-33.102150,-140.436285,556.911574
-43.502324,-124.347838,562.652856
-50.814545,-102.848947,566.678919
-53.110939,-76.602976,568.130033
-49.522234,-51.106212,566.726415
-41.345646,-30.942252,562.838538
-30.476660,-15.854190,557.380627
-18.199581,-3.948269,551.555268
-5.255584,6.363028,546.518910
7.870531,16.262309,543.067077
20.753569,26.814004,541.439602
32.866464,39.275964,541.310343
43.361371,55.366854,541.961510
50.769504,76.934398,542.577292
53.112700,103.352851,542.553490
49.399180,134.349160,541.704667
41.084270,154.517617,540.394306
30.095070,169.572805,539.346130
17.731263,-178.548255,539.424386
4.740251,-168.246956,541.307500
-8.389799,-158.338287,545.210530
-21.232262,-147.756129,550.749226
-33.260366,-135.242092,556.997763
-43.629242,-119.089518,562.723049
-50.885090,-97.509421,566.718093
-53.100650,-71.227723,568.129968
-49.435392,-45.785561,566.687849
-41.209320,-25.702055,562.770888
-30.313598,-10.671318,557.299345
-18.023065,1.202777,551.477533
-5.073545,11.500884,546.458873
8.052150,21.401849,543.032126
20.928544,31.970648,541.428876
33.025851,44.470002,541.315969
43.489700,60.625522,541.972078
50.841174,82.275641,542.582305
53.102470,108.730908,542.547260
49.310441,139.670505,541.688339
40.946094,159.757452,540.375964
29.930554,174.755214,539.337570
17.553812,-173.397473,539.437047
4.557857,-163.109106,541.348057
-8.571161,-153.198472,545.277849
-21.406360,-142.598906,550.833792
-33.418271,-130.047203,557.083851
-43.755571,-113.830116,562.792901
-50.954647,-92.168879,566.756760
-53.089181,-65.852661,568.129342
-49.347665,-40.466043,566.648796
-41.072491,-20.462851,562.702934
-30.150275,-5.489047,557.217997
-17.846425,6.353526,551.399959
-4.891473,16.638665,546.399152
8.233723,26.541515,542.997536
21.103375,37.127656,541.418444
33.184933,49.664738,541.321745
43.617440,65.885284,541.982634
50.911845,87.617923,542.587186
53.091042,114.108776,542.540866
49.220812,144.990695,541.671915
40.807420,164.996290,540.357672
29.765784,179.937025,539.329232
17.376245,-168.246985,539.450065
4.375438,-157.971327,541.389014
-8.752467,-148.058528,545.345490
-21.580304,-137.441314,550.918497
-33.575864,-124.851613,557.169835
-43.881307,-108.569629,562.862412
-51.023208,-86.827330,566.794917
-53.076533,-60.477807,568.128154
-49.259059,-35.147660,566.609259
-40.935165,-15.224633,562.634678
-29.986694,-0.307371,557.136585
-17.669664,11.503981,551.322549
-4.709369,21.776374,546.339749
8.415248,31.681309,542.963308
21.278058,42.285032,541.408304
33.343707,54.860178,541.327668
43.744588,71.146144,541.993176
50.981511,92.961235,542.591933
53.078419,119.486433,542.534309
49.130300,150.309724,541.655398
40.668252,170.234135,540.339433
29.600764,-174.881758,539.321120
17.198564,-163.096787,539.463441
4.192996,-152.833617,541.430370
-8.933718,-142.918451,545.413452
-21.754093,-132.283350,551.003339
-33.733142,-119.655316,557.255710
-44.006444,-103.308052,562.931576
-51.090770,-81.484784,566.832563
-53.062708,-55.103183,568.126406
-49.169579,-29.830417,566.569240
-40.797345,-9.987396,562.566123
-29.822858,4.873714,557.055113
-17.492782,16.654146,551.245305
-4.527234,26.914014,546.280665
8.596725,36.821235,542.929440
21.452593,47.442781,541.398455
33.502171,60.056327,541.333736
43.871137,76.408107,542.003701
51.050168,98.305567,542.596547
53.064601,124.863861,542.527587
49.038911,155.627591,541.638789
40.528595,175.470993,540.321249
29.435494,-169.701130,539.313235
17.020771,-157.946876,539.477178
4.010531,-147.695971,541.472125
-9.114911,-137.778238,545.481734
-21.927724,-127.125010,551.088313
-33.890101,-114.458309,557.341473
-44.130977,-98.045381,563.000392
-51.157327,-76.141250,566.869697
-53.047708,-49.728809,568.124097
-49.079230,-24.514316,566.528739
-40.659037,-4.751135,562.497273
-29.658769,10.054214,556.973585
-17.315782,21.804025,551.168231
-4.345069,32.051588,546.221902
8.778151,41.961296,542.895933
21.626977,52.600905,541.388895
33.660321,65.253191,541.339948
43.997083,81.671177,542.014207
51.117809,103.650912,542.601026
53.049589,130.241037,542.520703
48.946651,160.944292,541.622089
40.388453,-179.293130,540.303123
29.269978,-164.521086,539.305579
16.842866,-152.797249,539.491276
3.828044,-142.558389,541.514279
-9.296045,-132.637887,545.550332
-22.101197,-121.966289,551.173416
-34.046738,-109.260584,557.427120
-44.254901,-92.781613,563.068857
-51.222874,-70.796737,566.906316
-53.031533,-44.354704,568.121227
-48.988020,-19.199362,566.487760
-40.520243,0.484156,562.428130
-29.494430,15.234133,556.892003
-17.138664,26.953620,551.091328
-4.162876,37.189097,546.163461
8.959526,47.101493,542.862786
21.801209,57.759409,541.379623
33.818155,70.450775,541.346300
44.122420,86.935358,542.024692
51.184430,108.997257,542.605368
53.033385,135.617942,542.513655
48.853525,166.259823,541.605300
40.247830,-174.058228,540.285057
29.104218,-159.341620,539.298155
16.664852,-147.647901,539.505736
3.645537,-137.420866,541.556831
-9.477119,-127.497395,545.619245
-22.274509,-116.807184,551.258646
-34.203050,-104.062137,557.512649
-44.378212,-87.516743,563.136968
-51.287405,-65.451256,566.942419
-53.014186,-38.980889,568.117797
-48.895953,-13.885556,566.446304
-40.380969,5.718482,562.358699
-29.329842,20.413477,556.810372
-16.961430,32.102935,551.014601
-3.980655,42.326546,546.105343
9.140848,52.241831,542.829999
21.975287,62.918297,541.370636
33.975669,75.649085,541.352791
44.247143,92.200654,542.035155
51.250024,114.344595,542.609573
53.015991,140.994554,542.506444
48.759540,171.574183,541.588425
40.106731,-168.824297,540.267054
28.938216,-154.162729,539.290965
16.486729,-142.498829,539.520559
3.463011,-132.283400,541.599781
-9.658133,-122.356758,545.688472
-22.447658,-111.647691,551.344000
-34.359035,-98.862962,557.598055
-44.500903,-82.250767,563.204721
-51.350915,-60.104816,566.978005
-52.995667,-33.607384,568.113807
-48.803036,-8.572902,566.404373
-40.241219,10.951848,562.288981
-29.165008,25.592249,556.728694
-16.784081,37.251974,550.938051
-3.798407,47.463937,546.047550
9.322117,57.382313,542.797572
22.149209,68.077573,541.361934
34.132861,80.848126,541.359418
44.371248,97.467070,542.045593
51.314587,119.692913,542.613640
52.997408,146.370855,542.499071
48.664701,176.887368,541.571463
39.965160,-163.591331,540.249115
28.771975,-148.984406,539.284011
16.308499,-137.350031,539.535748
3.280467,-127.145989,541.643129
-9.839084,-117.215973,545.758009
-22.620643,-106.487806,551.429473
-34.514690,-93.663054,557.683336
-44.622971,-76.983682,563.272114
-51.413400,-54.757429,567.013072
-52.975979,-28.234207,568.109258
-48.709274,-3.261402,566.361970
-40.100996,16.184259,562.218981
-28.999930,30.770456,556.646974
-16.606619,42.400740,550.861681
-3.616134,52.601273,545.990083
9.503331,62.522940,542.765504
22.322975,73.237240,541.353514
34.289727,86.047904,541.366179
44.494728,102.734609,542.056003
51.378113,125.042202,542.617567
52.977638,151.746823,542.491536
48.569015,-177.800622,541.554418
39.823122,-158.359323,540.231244
28.605498,-143.806647,539.277295
16.130164,-132.201502,539.551303
3.097906,-122.008629,541.686875
-10.019971,-112.075039,545.827856
-22.793462,-101.327525,551.515063
-34.670011,-88.462407,557.768487
-44.744409,-71.715484,563.339144
-51.474854,-49.409105,567.047619
-52.955123,-22.861379,568.104149
-48.614673,2.048942,566.319095
-39.960306,21.415722,562.148700
-28.834612,35.948101,556.565213
-16.429046,47.549237,550.785495
-3.433837,57.738556,545.932943
9.684490,67.663717,542.733795
22.496581,78.397304,541.345376
34.446264,91.248423,541.373071
44.617579,108.003275,542.066385
51.440598,130.392450,542.621355
52.956683,157.122438,542.483840
48.472488,-172.489791,541.537291
39.680619,-153.128269,540.213442
28.438786,-138.629448,539.270821
15.951725,-127.053239,539.567225
2.915329,-116.871318,541.731017
-10.200794,-106.933951,545.898009
-22.966114,-96.166844,551.600768
-34.824995,-83.261016,557.853505
-44.865212,-66.446169,563.405809
-51.535272,-44.059856,567.081645
-52.933102,-17.488918,568.098481
-48.519239,7.358127,566.275752
-39.819151,26.646242,562.078143
-28.669054,41.125190,556.483417
-16.251361,52.697468,550.709493
-3.251516,62.875789,545.876132
9.865591,72.804646,542.702445
22.670026,83.557767,541.337516
34.602469,96.449691,541.380093
44.739794,113.273073,542.076736
51.502036,135.743647,542.625001
52.934545,162.497682,542.475982
48.375125,-167.180140,541.520084
39.537658,-147.898162,540.195712
28.271842,-133.452803,539.264588
15.773184,-121.905238,539.583515
2.732737,-111.734053,541.775556
-10.381552,-101.792707,545.968468
-23.138596,-91.005758,551.686582
-34.979639,-78.058875,557.938387
-44.985375,-61.175734,563.472105
-51.594650,-38.709692,567.115147
-52.909918,-12.116845,568.092255
-48.422978,12.666152,566.231943
-39.677537,31.875824,562.007313
-28.503260,46.301727,556.401587
-16.073568,57.845435,550.633680
-3.069173,68.012975,545.819651
10.046633,77.945730,542.671452
22.843308,88.718633,541.329934
34.758340,101.651712,541.387241
44.861370,118.544005,542.087054
51.562421,141.095781,542.628504
52.911227,167.872533,542.467964
48.276932,-161.871670,541.502797
39.394241,-142.668997,540.178056
28.104667,-128.276707,539.258601
15.594541,-116.757497,539.600176
2.550131,-106.596831,541.820491
-10.562242,-96.651303,546.039229
-23.310908,-85.844265,551.772504
-35.133941,-72.855978,558.023129
-45.104894,-55.904175,563.538030
-51.652982,-33.358626,567.148125
-52.885573,-6.745178,568.085470
-48.325896,17.973016,566.187668
-39.535467,37.104475,561.936212
-28.337231,51.477717,556.319728
-15.895668,62.993144,550.558058
-2.886810,73.150117,545.763500
10.227616,83.086972,542.640818
23.016426,93.879908,541.322627
34.913872,106.854493,541.394514
44.982300,123.816076,542.097337
51.621749,146.448840,542.631865
52.886729,173.246973,542.459785
48.177916,-156.564384,541.485434
39.250373,-137.440769,540.160477
27.937266,-123.101156,539.252862
15.415798,-111.610012,539.617207
2.367513,-101.459650,541.865822
-10.742864,-91.509738,546.110291
-23.483046,-80.682359,551.858530
-35.287896,-67.652321,558.107727
-45.223762,-50.631489,563.603580
-51.710264,-28.006669,567.180578
-52.860068,-1.373936,568.078128
-48.227997,23.278717,566.142931
-39.392946,42.332198,561.864844
-28.170970,56.653164,556.237843
-15.717661,68.140596,550.482629
-2.704426,78.287218,545.707682
10.408538,88.228375,542.610541
23.189378,99.041595,541.315594
35.069062,112.058038,541.401910
45.102579,129.089289,542.107583
51.680016,151.802813,542.635081
52.861056,178.620982,542.451447
48.078083,-151.258281,541.467996
39.106058,-132.213471,540.142977
27.769639,-117.926146,539.247371
15.236957,-106.462779,539.634609
2.184884,-96.322506,541.911548
-10.923416,-86.368007,546.181652
-23.655009,-75.520038,551.944657
-35.441502,-62.447898,558.192179
-45.341975,-45.357673,563.668754
-51.766491,-22.653833,567.212503
-52.833407,3.996862,568.070229
-48.129289,28.583253,566.097734
-39.249976,47.559000,561.793211
-28.004480,61.828075,556.155935
-15.539549,73.287796,550.407396
-2.522024,83.424280,545.652197
10.589398,93.369942,542.580620
23.362162,104.203698,541.308834
35.223908,117.262353,541.409425
45.222202,134.363647,542.117791
51.737215,157.157686,542.638153
52.834208,-176.005459,542.442949
47.977437,-145.953363,541.450484
38.961300,-126.987098,540.125559
27.601789,-112.751670,539.242132
15.058019,-101.315796,539.652385
2.002243,-91.185397,541.957668
-11.103898,-81.226107,546.253310
-23.826796,-70.357295,552.030882
-35.594755,-57.242703,558.276481
-45.459526,-40.082724,563.733548
-51.821659,-17.300131,567.243901
-52.805592,9.367197,568.061773
-48.029777,33.886624,566.052079
-39.106563,52.784887,561.721318
-27.837761,67.002452,556.074007
-15.361334,78.434746,550.332362
-2.339604,88.561306,545.597046
10.770195,98.511677,542.551056
23.534776,109.366222,541.302343
35.378406,122.467444,541.417059
45.341162,139.639154,542.127957
51.793342,162.513447,542.641079
52.806190,-170.632370,542.434293
47.875986,-140.649631,541.432900
38.816103,-121.761644,540.108225
27.433718,-107.577726,539.237147
14.878986,-96.169058,539.670535
1.819594,-86.048321,542.004183
-11.284308,-76.084037,546.325261
-23.998404,-65.194128,552.117201
-35.747652,-52.036731,558.360628
-45.576411,-34.806638,563.797960
-51.875761,-11.945577,567.274768
-52.776626,14.737051,568.052761
-47.929467,39.188829,566.005967
-38.962710,58.009864,561.649168
-27.670818,72.176302,555.992064
-15.183016,83.581450,550.257529
-2.157167,93.698298,545.542231
10.950928,103.653581,542.521848
23.707218,114.529169,541.296122
35.532553,127.673317,541.424807
45.459456,144.915813,542.138081
51.848393,167.870083,542.643858
52.777003,-165.259769,542.425478
47.773736,-135.347085,541.415247
38.670471,-116.537104,540.090977
27.265429,-102.404307,539.232418
14.699858,-91.022563,539.689060
1.636936,-80.911273,542.051091
-11.464645,-70.941792,546.397505
-24.169832,-60.030533,552.203611
-35.900191,-46.829975,558.444619
-45.692625,-29.529414,563.861986
-51.928795,-6.590182,567.305105
-52.746511,20.106406,568.043193
-47.828365,44.489868,565.959402
-38.818422,63.233937,561.576763
-27.503651,77.349627,555.910107
-15.004598,88.727912,550.182899
-1.974715,98.835261,545.487752
11.131594,108.795659,542.492995
23.879486,119.692546,541.290167
35.686346,132.879977,541.432669
45.577076,150.193626,542.148160
51.902362,173.227582,542.646489
52.746650,-159.887674,542.416506
47.670691,-130.045726,541.397525
38.524408,-111.313471,540.073818
27.096923,-97.231409,539.227947
14.520637,-85.876307,539.707961
1.454272,-75.774253,542.098392
-11.644908,-65.799370,546.470039
-24.341078,-54.866505,552.290109
-36.052367,-41.622431,558.528449
-45.808161,-24.251048,563.925625
-51.980756,-1.233960,567.334910
-52.715250,25.475244,568.033071
-47.726475,49.789739,565.912385
-38.673701,68.457111,561.504107
-27.336262,82.522434,555.828141
-14.826081,93.874134,550.108476
-1.792248,103.972195,545.433612
11.312194,113.937913,542.464496
24.051579,124.856355,541.284477
35.839780,138.087430,541.440642
45.694019,155.472597,542.158192
51.955245,178.585929,542.648972
52.715134,-154.516106,542.407376
47.566859,-124.745553,541.379737
38.377918,-106.090741,540.056750
26.928203,-92.059028,539.223735
14.341325,-80.730287,539.727239
1.271601,-70.637256,542.146085
-11.825095,-60.656767,546.542861
-24.512140,-49.702039,552.376691
-36.204177,-36.414093,558.612115
-45.923015,-18.971537,563.988873
-52.031638,4.123076,567.364181
-52.682847,30.843546,568.022394
-47.623805,55.088443,565.864918
-38.528552,73.679392,561.431203
-27.168655,87.694727,555.746169
-14.647465,99.020120,550.034261
-1.609768,109.109105,545.379810
11.492726,119.080347,542.436352
24.223495,130.020601,541.279050
35.992854,143.295682,541.448723
45.810277,160.752729,542.168176
52.007038,-176.054889,542.651306
52.682458,-149.145081,542.398091
47.462244,-119.446566,541.361885
38.231005,-100.868906,540.039776
26.759271,-86.887159,539.219787
14.161922,-75.584500,539.746896
1.088925,-65.500280,542.194170
-12.005205,-55.513981,546.615968
-24.683016,-44.537133,552.463354
-36.355619,-31.204956,558.695613
-46.037181,-13.690880,564.051727
-52.081439,9.480911,567.392919
-52.649303,36.211296,568.011163
-47.520360,60.385980,565.817005
-38.382979,78.900785,561.358054
-27.000831,92.866509,555.664194
-14.468752,104.165872,549.960258
-1.427275,114.245992,545.326347
11.673188,124.222963,542.408561
24.395231,135.185289,541.273885
36.145562,148.504738,541.456910
45.925846,166.034024,542.178110
52.057735,-170.694886,542.653490
52.648626,-143.774618,542.388649
47.356853,-114.148766,541.343970
38.083672,-95.647962,540.022897
26.590130,-81.715797,539.216102
13.982431,-70.438942,539.766931
0.906246,-60.363323,542.242647
-12.185237,-50.371008,546.689359
-24.853704,-39.371781,552.550096
-36.506688,-25.995013,558.778940
-46.150653,-8.409073,564.114186
-52.130152,14.839531,567.421120
-52.614622,41.578474,567.999379
-47.416145,65.682349,565.768646
-38.236986,84.121297,561.284664
-26.832793,98.037787,555.582219
-14.289945,109.311395,549.886468
-1.244772,119.382860,545.273226
11.853579,129.365764,542.381124
24.566786,140.350422,541.268979
36.297903,153.714604,541.465201
46.040720,171.316485,542.187991
52.107333,-165.334076,542.655523
52.613640,-138.404735,542.379052
47.250692,-108.852152,541.325995
37.935924,-90.427903,540.006117
26.420780,-76.544938,539.212684
13.802852,-65.293611,539.787347
0.723564,-55.226382,542.291513
-12.365190,-45.227845,546.763030
-25.024203,-34.205979,552.636912
-36.657381,-20.784259,558.862093
-46.263426,-3.126115,564.176247
-52.177775,20.198923,567.448785
-52.578808,46.945065,567.987042
-47.311167,70.977552,565.719845
-38.090575,89.340932,561.211036
-26.664541,103.208564,555.500249
-14.111043,114.456692,549.812895
-1.062258,124.519711,545.220446
12.033899,134.508754,542.354038
24.738158,145.516004,541.264331
36.449872,158.925286,541.473594
46.154893,176.600114,542.197818
52.155826,-159.972475,542.657405
52.577503,-133.035450,542.369301
47.143767,-103.556723,541.307960
37.787764,-85.208722,539.989438
26.251225,-71.374577,539.209535
13.623187,-60.148503,539.808143
0.540880,-50.089453,542.340769
-12.545062,-40.084490,546.836980
-25.194510,-29.039723,552.723800
-36.807696,-15.572688,558.945067
-46.375495,2.157997,564.237906
-52.224304,25.559071,567.475912
-52.541863,52.311051,567.974154
-47.205431,76.271588,565.670603
-37.943752,94.559697,561.137172
-26.496080,108.378844,555.418285
-13.932048,119.601765,549.739540
-0.879736,129.656549,545.168009
12.214145,139.651936,542.327304
24.909345,150.682041,541.259938
36.601467,164.136789,541.482086
46.268360,-178.115086,542.207589
52.203211,-154.610096,542.659134
52.540219,-127.666780,542.359395
47.036083,-98.262479,541.289869
37.639197,-79.990415,539.972862
26.081466,-66.204710,539.206656
13.443438,-55.003614,539.829322
0.358196,-44.952535,542.390414
-12.724852,-34.940939,546.911207
-25.364623,-23.873009,552.810755
-36.957627,-10.360295,559.027860
-46.486853,7.443264,564.299162
-52.269733,30.919961,567.502500
-52.503792,57.676416,567.960715
-47.098942,81.564459,565.620924
-37.796519,99.777597,561.063077
-26.327409,113.548633,555.336332
-13.752962,124.746618,549.666406
-0.697205,134.793375,545.115916
12.394317,144.795312,542.300921
25.080345,155.848537,541.255799
36.752682,169.349119,541.490674
46.381114,-172.829114,542.217302
52.249484,-149.246955,542.660711
52.501792,-122.298742,542.349337
