52.417125,-116.542590,542.327653
46.806807,-92.663488,541.251581
37.324943,-74.550334,539.938288
25.723238,-60.865425,539.201475
13.064549,-49.716052,539.875169
-0.026599,-39.681077,542.496236
-13.103281,-29.654836,547.068431
-25.722300,-18.537252,552.994106
-37.272169,-4.927127,559.201631
-46.719066,13.031006,564.426845
-52.361809,36.665561,567.556731
-52.419928,63.426974,567.930607
-46.872204,87.160617,565.514862
-37.485072,105.216846,560.906272
-25.971457,118.887759,555.163771
-13.375449,130.034104,549.513110
-0.312710,140.064634,545.007334
12.773573,150.081044,542.246511
25.439910,161.183834,541.247918
37.069942,174.782174,541.509085
46.616260,-167.239830,542.237572
52.343292,-143.496547,542.663533
52.375169,-111.176625,542.317123
46.696804,-87.372917,541.233324
37.175132,-69.334702,539.922048
25.552860,-55.697063,539.199450
12.884544,-44.571826,539.897540
-0.209278,-34.544173,542.547084
-13.282810,-24.510656,547.143501
-25.891800,-13.369087,553.081251
-37.420889,0.287856,559.283839
-46.828184,18.319874,564.486830
-52.403800,42.028657,567.581638
-52.378378,68.790302,567.915461
-46.763415,92.449872,565.463837
-37.336591,110.432095,560.831478
-25.802152,124.056049,555.081871
-13.196087,135.178294,549.440678
-0.130161,145.201442,544.956314
12.953506,155.225046,542.221214
25.610316,166.351781,541.244556
37.219960,179.997111,541.517960
46.726767,-161.950202,542.247094
52.386083,-138.131138,542.664629
52.332084,-105.811360,542.306443
46.586066,-82.083525,541.215019
37.024928,-64.119920,539.905922
25.382288,-50.529176,539.197704
12.704460,-39.427806,539.920295
-0.391953,-29.407267,542.598318
-13.462251,-19.366268,547.218838
-26.061098,-8.200445,553.168451
-37.569213,5.503684,559.365851
-46.936568,23.609904,564.546401
-52.444675,47.392432,567.606003
-52.335715,74.152941,567.899767
-46.653896,97.737966,565.412384
-37.187716,115.646502,560.756466
-25.632647,129.223865,554.999995
-13.016638,140.322276,549.368477
0.052390,150.338251,544.905641
13.133358,160.369255,542.196264
25.780527,171.520205,541.241439
37.369584,-174.787101,541.526922
46.836537,-156.659395,542.256550
52.427744,-132.765030,542.665571
52.287874,-100.446813,542.295614
46.474599,-76.795311,541.196667
36.874335,-58.905981,539.889911
25.211522,-45.361760,539.196240
12.524297,-34.283990,539.943437
-0.574624,-24.270358,542.649937
-13.641603,-14.221668,547.294439
-26.230192,-3.031323,553.255701
-37.717135,10.720363,559.447665
-47.044213,28.901097,564.605555
-52.484432,52.756868,567.629823
-52.291944,79.514875,567.883526
-46.543655,103.024899,565.360504
-37.038449,120.860073,560.681239
-25.462944,134.391212,554.918146
-12.837105,145.466055,549.296509
0.234944,155.475063,544.855317
13.313130,165.513675,542.171662
25.950540,176.689110,541.238566
37.518812,-169.570457,541.535970
46.945567,-151.367405,542.265938
52.468272,-127.398241,542.666355
52.242544,-95.082998,542.284636
46.362409,-71.508274,541.178269
36.723356,-53.692880,539.874019
25.040565,-40.194810,539.195058
12.344058,-29.140374,539.966966
-0.757288,-19.133441,542.701939
-13.820867,-9.076853,547.370301
-26.399080,2.138284,553.342999
-37.864653,15.937898,559.529276
-47.151114,34.193455,564.664289
-52.523066,58.121951,567.653099
-52.247069,84.876090,567.866739
-46.432696,108.310675,565.308201
-36.888796,126.072814,560.605800
-25.293045,139.558094,554.836328
-12.657488,150.609633,549.224777
0.417500,160.611880,544.805341
13.492819,170.658309,542.147406
26.120354,-178.141499,541.235935
37.667639,-164.352950,541.545100
47.053849,-146.074233,542.275258
52.507664,-122.030788,542.666983
52.196097,-89.719931,542.273511
46.249502,-66.222410,541.159828
36.571996,-48.480612,539.858247
24.869419,-35.028323,539.194162
12.163742,-23.996955,539.990883
-0.939944,-13.996516,542.754325
-14.000039,-3.931819,547.446424
-26.567761,7.308381,553.430341
-38.011764,21.156296,559.610682
-47.257266,39.486978,564.722602
-52.560575,63.487662,567.675828
-52.201093,90.236570,567.849407
-46.321024,113.595294,565.255477
-36.738758,131.284729,560.530153
-25.122951,144.724516,554.754543
-12.477789,155.753014,549.153282
0.600055,165.748705,544.755714
13.672425,175.803161,542.123495
26.289967,-172.971619,541.233544
37.816062,-159.134575,541.554311
47.161378,-140.779877,542.284507
52.545916,-116.662687,542.667453
52.148538,-84.357629,542.262239
46.135882,-60.937720,541.141346
36.420257,-43.269170,539.842598
24.698086,-29.862293,539.193552
11.983353,-18.853730,540.015188
-1.122593,-8.859578,542.807093
-14.179119,1.213436,547.522803
-26.736232,12.478972,553.517724
-38.158462,26.375561,559.691879
-47.362661,44.781667,564.780490
-52.596955,68.853986,567.698011
-52.154020,95.596300,567.831531
-46.208646,118.878758,565.202334
-36.588340,136.495826,560.454301
-24.952666,149.890482,554.672795
-12.298009,160.896199,549.082028
0.782610,170.885541,544.706439
13.851946,-179.051767,542.099929
26.459376,-167.801245,541.231391
37.964077,-153.915326,541.563600
47.268149,-135.484337,542.293683
52.583023,-111.293955,542.667766
52.099871,-78.996104,542.250820
46.021557,-55.654199,541.122825
36.268143,-38.058548,539.827074
24.526568,-24.696717,539.193232
11.802890,-13.710696,540.039883
-1.305232,-3.722625,542.860242
-14.358105,6.358916,547.599436
-26.904491,17.650061,553.605145
-38.304745,31.595700,559.772864
-47.467295,50.077523,564.837952
-52.632203,74.220905,567.719646
-52.105855,100.955265,567.813111
-46.095566,124.161070,565.148776
-36.437545,141.706108,560.378247
-24.782190,155.055995,554.591088
-12.118149,166.039194,549.011016
0.965163,176.022391,544.657514
14.031380,-173.906472,542.076707
26.628580,-162.630371,541.229475
38.111680,-148.695198,541.572965
47.374154,-130.187610,542.302785
52.618984,-105.924609,542.667919
52.050100,-73.635374,542.239257
45.906531,-50.371847,541.104267
36.115657,-32.848742,539.811678
24.354867,-19.531589,539.193203
11.622356,-8.567850,540.064967
-1.487861,1.414345,542.913771
-14.536996,11.504623,547.676321
-27.072536,22.821653,553.692599
-38.450609,36.816718,559.853632
-47.571162,55.374545,564.894985
-52.666315,79.588403,567.740733
-52.056601,106.313451,567.794149
-45.981791,129.442231,565.094803
-36.286377,146.915583,560.301995
-24.611525,160.221061,554.509424
-11.938210,171.182000,548.940248
1.147713,-178.840742,544.608941
14.210727,-168.760949,542.053827
26.797576,-157.458994,541.227792
38.258868,-143.474183,541.582403
47.479390,-124.889698,542.311811
52.653794,-100.554668,542.667914
51.999230,-68.275451,542.227550
45.790810,-45.090660,541.085673
35.962804,-27.639745,539.796413
24.182985,-14.366907,539.193466
11.441751,-3.425189,540.090442
-1.670478,6.551335,542.967679
-14.715791,16.650562,547.753456
-27.240364,27.993752,553.780083
-38.596050,42.038621,559.934182
-47.674256,60.672735,564.951586
-52.699288,84.956461,567.761270
-52.006264,111.670844,567.774646
-45.867326,134.722245,565.040420
-36.134838,152.124255,560.225548
-24.440674,165.385684,554.427806
-11.758194,176.324621,548.869727
1.330258,-173.703856,544.560720
14.389985,-163.615197,542.031290
26.966362,-152.287109,541.226342
38.405636,-138.252278,541.591913
47.583848,-119.590600,542.320759
52.687450,-95.184149,542.667748
51.947265,-62.916351,542.215699
45.674400,-39.810636,541.067046
35.809586,-22.431551,539.781280
24.010923,-9.202665,539.194025
11.261077,1.717290,540.116309
-1.853082,11.688349,543.021965
-14.894489,21.796735,547.830838
-27.407975,33.166363,553.867595
-38.741064,47.261415,560.014509
-47.776571,65.972092,565.007753
-52.731120,90.325063,567.781258
-51.954847,117.027429,567.754602
-45.752176,140.001112,564.985628
-35.982933,157.332131,560.148910
-24.269638,170.549867,554.346238
-11.578101,-178.532941,548.799456
1.512798,-168.566948,544.512853
14.569153,-158.469211,542.009093
27.134936,-147.114711,541.225121
38.551981,-133.029476,541.601492
47.687525,-114.290314,542.329628
52.719949,-89.813069,542.667423
51.894209,-57.558087,542.203706
45.557306,-34.531772,541.048388
35.656007,-17.224156,539.766282
23.838684,-4.038860,539.194881
11.080334,6.859591,540.142567
-2.035672,16.825389,543.076629
-15.073088,26.943146,547.908464
-27.575365,38.339492,553.955131
-38.885647,52.485104,560.094610
-47.878102,71.272616,565.063484
-52.761806,95.694189,567.800695
-51.902355,122.383193,567.734019
-45.636348,145.278836,564.930430
-35.830664,162.539215,560.072083
-24.098420,175.713615,554.264724
-11.397934,-173.390682,548.729435
1.695332,-163.430016,544.465339
14.748229,-153.322988,541.987237
27.303296,-141.941796,541.224128
38.697899,-127.805771,541.611137
47.790413,-108.988842,542.338416
52.751287,-84.441448,542.666937
51.840068,-52.200673,542.191571
45.439534,-29.254065,541.029701
35.502070,-12.017552,539.751422
23.666269,1.124514,539.196035
10.899525,12.001716,540.169218
-2.218248,21.962457,543.131668
-15.251586,32.089798,547.986331
-27.742532,43.513141,554.042686
-39.029796,57.709695,560.174482
-47.978842,76.574306,565.118776
-52.791346,101.063824,567.819580
-51.848792,127.738123,567.712898
-45.519845,150.555420,564.874829
-35.678035,167.745514,559.995071
-23.927021,-179.123067,554.183265
-11.217693,-168.248598,548.659668
1.877859,-158.293055,544.418180
14.927212,-148.176525,541.965720
27.471440,-136.768359,541.223362
38.843386,-122.581158,541.620847
47.892508,-103.686183,542.347121
52.781463,-79.069302,542.666290
51.784845,-46.844122,542.179296
45.321089,-23.977513,541.010987
35.347778,-6.811735,539.736701
23.493681,6.287459,539.197490
10.718650,17.143669,540.196261
-2.400808,27.099557,543.187083
-15.429983,37.236694,548.064438
-27.909475,48.687316,554.130259
-39.173507,62.935193,560.254122
-48.078787,81.877163,565.173628
-52.819735,106.433947,567.837912
-51.794162,133.092206,567.691240
-45.402674,155.830867,564.818827
-35.525049,172.951032,559.917877
-23.755443,-173.960176,554.101866
-11.037380,-163.106688,548.590156
2.060377,-153.156065,544.371376
15.106101,-143.029819,541.944541
27.639365,-131.594396,541.222819
38.988437,-117.355630,541.630619
47.993802,-98.382338,542.355742
52.810473,-73.696652,542.665482
51.728547,-41.488448,542.166882
45.201977,-18.702111,540.992248
35.193135,-1.606699,539.722123
23.320921,11.449981,539.199247
10.537711,22.285452,540.223699
-2.583351,32.236691,543.242872
-15.608277,42.383837,548.142781
-28.076191,53.862022,554.217845
-39.316775,68.161604,560.333525
-48.177930,87.181186,565.228035
-52.846971,111.804541,567.855692
-51.738471,138.445428,567.669045
-45.284839,161.105178,564.762426
-35.371710,178.155776,559.840505
-23.583687,-168.797708,554.020529
-10.856996,-157.964948,548.520902
2.242885,-148.019042,544.324927
15.284894,-137.882867,541.923699
27.807069,-126.419901,541.222498
39.133050,-112.129183,541.640451
48.094290,-93.077308,542.364277
52.838314,-68.323515,542.664512
51.671176,-36.133663,542.154329
45.082204,-13.427859,540.973486
35.038145,3.597562,539.707690
23.147991,16.612083,539.201309
10.356709,27.427069,540.251531
-2.765875,37.373861,543.299033
-15.786467,47.531231,548.221358
-28.242678,59.037263,554.305441
-39.459597,73.388933,560.412690
-48.276266,92.486373,565.281998
-52.873052,117.175588,567.872919
-51.681723,143.797777,567.646316
-45.166348,166.378358,564.705630
-35.218020,-176.640249,559.762958
-23.411756,-163.635658,553.939259
-10.676541,-152.823375,548.451908
2.425383,-142.881982,544.278835
15.463590,-132.735664,541.903193
27.974550,-121.244870,541.222397
39.277220,-106.901810,541.650340
48.193966,-87.771092,542.372723
52.864983,-62.949911,542.663379
51.612739,-30.779780,542.141639
44.961774,-8.154751,540.954704
34.882810,8.801054,539.693404
22.974893,21.773770,539.203676
10.175645,32.568523,540.279757
-2.948380,42.511072,543.355566
-15.964551,52.678880,548.300167
-28.408933,64.213043,554.393043
-39.601969,78.617186,560.491612
-48.373788,97.792723,565.335512
-52.897975,122.547068,567.889591
-51.623923,149.149241,567.623053
-45.047203,171.650410,564.648441
-35.063982,-171.437037,559.685240
-23.239652,-158.474022,553.858057
-10.496018,-147.681966,548.383175
2.607869,-137.744885,544.233098
15.642187,-127.588209,541.883022
28.141806,-116.069298,541.222513
39.420943,-101.673505,541.660284
48.292825,-82.463692,542.381081
52.890479,-57.575858,542.662084
51.553240,-25.426812,542.128813
44.840694,-2.882784,540.935902
34.727133,14.003781,539.679268
22.801629,26.935045,539.206352
9.994521,37.709816,540.308379
-3.130865,47.648325,543.412469
-16.142528,57.826786,548.379204
-28.574954,69.389369,554.480649
-39.743886,83.846369,560.570288
-48.470491,103.100236,565.388577
-52.921737,127.918963,567.905708
-51.565076,154.499807,567.599258
-44.927412,176.921336,564.590861
-34.909601,-166.234583,559.607353
-23.067375,-153.312797,553.776927
-10.315427,-142.540718,548.314707
2.790342,-132.607746,544.187719
15.820685,-122.440496,541.863185
28.308835,-110.893181,541.222846
39.564214,-96.444263,541.670282
48.390859,-77.155110,542.389347
52.914798,-52.201376,542.660626
51.492684,-20.074770,542.115852
44.718968,2.388045,540.917085
34.571118,19.205750,539.665284
22.628200,32.095913,539.209338
9.813337,42.850952,540.337396
-3.313329,52.785623,543.469741
-16.320396,62.974953,548.458467
-28.740740,74.566243,554.568254
-39.885346,89.076487,560.648715
-48.566369,108.408910,565.441189
-52.944337,133.291253,567.921270
-51.505185,159.849464,567.574931
-44.806979,-177.808860,564.532894
-34.754879,-161.032882,559.529302
-22.894929,-148.151978,553.695872
-10.134770,-137.399628,548.246504
2.972801,-127.470563,544.142698
15.999081,-117.292524,541.843681
28.475633,-105.716514,541.223391
39.707030,-91.214079,541.680330
48.488064,-71.845346,542.397521
52.937939,-46.826485,542.659004
51.431076,-14.723666,542.102756
44.596603,7.657739,540.898252
34.414768,24.406967,539.651454
22.454609,37.256378,539.212636
9.632094,47.991933,540.366810
-3.495770,57.922969,543.527382
-16.498155,68.123384,548.537953
-28.906288,79.743672,554.655855
-40.026342,94.307545,560.726890
-48.661416,113.718742,565.493346
-52.965772,138.663920,567.936276
-51.444258,165.198200,567.550074
-44.685909,-172.540174,564.474542
-34.599819,-155.831928,559.451089
-22.722315,-142.991560,553.614896
-9.954047,-132.258693,548.178570
3.155245,-122.333333,544.098035
16.177375,-112.144289,541.824509
28.642200,-100.539291,541.224148
39.849387,-85.982946,541.690427
48.584433,-66.534402,542.405601
52.959899,-41.451204,542.657219
51.368422,-9.373511,542.089527
44.473602,12.926303,540.879408
34.258086,29.607437,539.637781
22.280856,42.416444,539.216247
9.450795,53.132763,540.396620
-3.678187,63.060366,543.585389
-16.675802,73.272083,548.617660
-29.071595,84.921660,554.743450
-40.166873,99.539549,560.804809
-48.755627,119.029732,565.545047
-52.986041,144.036944,567.950725
-51.382297,170.546005,567.524689
-44.564208,-167.272603,564.415808
-34.444424,-150.631715,559.372718
-22.549534,-137.831541,553.534001
-9.773261,-127.117910,548.110905
3.337672,-117.196053,544.053729
16.355565,-106.995786,541.805668
28.808532,-95.361508,541.225115
39.991280,-80.750859,541.700570
48.679960,-61.222280,542.413586
52.980675,-36.075552,542.655270
51.304726,-4.024317,542.076167
44.349972,18.193740,540.860553
34.101075,34.807165,539.624268
22.106945,47.576115,539.220173
9.269440,58.273444,540.426827
-3.860580,68.197816,543.643761
-16.853337,78.421053,548.697584
-29.236659,90.100211,554.831033
-40.306932,104.772505,560.882469
-48.848995,124.341876,565.596288
-53.005141,149.410305,567.964618
-51.319309,175.892866,567.498775
-44.441881,-162.006144,564.356693
-34.288698,-145.432238,559.294193
-22.376588,-132.671917,553.453191
-9.592412,-121.977277,548.043513
3.520083,-112.058722,544.009783
16.533649,-101.847014,541.787156
28.974627,-90.183161,541.226288
40.132705,-75.517813,541.710757
48.774639,-55.908981,542.421473
53.000266,-30.699550,542.653157
51.239994,1.323906,542.062676
44.225719,23.460055,540.841691
33.943739,40.006157,539.610916
21.932876,52.735394,539.224417
9.088030,63.413980,540.457432
-4.042947,73.335323,543.702498
-17.030757,83.570297,548.777724
-29.401478,95.279331,554.918602
-40.446517,110.006418,560.959867
-48.941515,129.655173,565.647069
-53.023071,154.783985,567.977953
-51.255298,-178.761225,567.472336
-44.318933,-156.740791,564.297202
-34.132643,-140.233491,559.215516
-22.203479,-127.512682,553.372468
-9.411501,-116.836789,547.976394
3.702475,-106.921335,543.966196
16.711626,-96.697968,541.768973
29.140483,-85.004244,541.227666
40.273658,-70.283801,541.720986
48.868465,-50.594509,542.429261
53.018671,-25.323217,542.650880
51.174231,6.671146,542.049055
44.100846,28.725250,540.822822
33.786080,45.204418,539.597729
21.758652,57.894287,539.228979
8.906566,68.554374,540.488434
-4.225286,78.472888,543.761598
-17.208062,88.719819,548.858076
-29.566050,100.459024,555.006153
-40.585623,115.241294,561.036999
-49.033181,134.969620,565.697386
-53.039829,160.157963,567.990729
-51.190269,-173.416281,567.445372
-44.195369,-151.476543,564.237337
-33.976263,-135.035470,559.136691
-22.030209,-122.353834,553.291836
-9.230530,-111.696445,547.909552
3.884847,-101.783890,543.922969
16.889495,-91.548644,541.751117
29.306098,-79.824752,541.229248
40.414135,-65.048818,541.731254
48.961431,-45.278865,542.436949
53.035886,-19.946575,542.648437
51.107442,12.017394,542.035305
43.975360,33.989330,540.803950
33.628102,50.401955,539.584708
21.584274,63.052796,539.233862
8.725051,73.694628,540.519834
-4.407598,83.610516,543.821059
-17.385250,93.869623,548.938637
-29.730372,105.639295,555.093683
-40.724245,120.477137,561.113863
-49.123988,140.285214,565.747238
-53.055412,165.532220,568.002948
-51.124228,-168.072311,567.417884
-44.071195,-146.213394,564.177100
-33.819560,-129.838168,559.057722
-21.856780,-117.195367,553.211298
-9.049500,-106.556240,547.842987
4.067199,-96.646384,543.880101
17.067255,-86.399041,541.733586
29.471469,-74.644681,541.231030
40.554132,-59.812859,541.741559
49.053532,-39.962052,542.444535
53.051911,-14.569642,542.645830
51.039633,17.362639,542.021429
43.849265,39.252300,540.785077
33.469807,55.598773,539.571856
21.409743,68.210927,539.239067
8.543484,78.834745,540.551633
-4.589881,88.748208,543.880880
-17.562320,99.019711,549.019405
-29.894441,110.820149,555.181189
-40.862380,125.713953,561.190455
-49.213928,145.601953,565.796622
-53.069821,170.906735,568.014608
-51.057180,-162.729325,567.389874
-43.946415,-140.951341,564.116495
-33.662537,-124.641580,558.978611
-21.683192,-112.037280,553.130857
-8.868411,-101.416174,547.776702
4.249529,-91.508815,543.837594
17.244903,-81.249153,541.716381
29.636593,-69.464025,541.233010
40.693643,-54.575918,541.751899
49.144760,-34.644073,542.452018
53.066744,-9.192440,542.643058
50.970808,22.706873,542.007426
43.722567,44.514164,540.766204
33.311198,60.794876,539.559175
21.235062,73.368682,539.244596
8.361868,83.974728,540.583831
-4.772133,93.885968,543.941060
-17.739270,104.170088,549.100377
-30.058256,116.001592,555.268666
-41.000023,130.951748,561.266772
-49.302997,150.919832,565.845537
-53.083053,176.281489,568.025708
-50.989130,-157.387333,567.361343
-43.821034,-135.690380,564.055524
-33.505198,-119.445701,558.899363
-21.509449,-106.879566,553.050516
-8.687266,-96.276241,547.710699
4.431837,-86.371180,543.795447
17.422438,-76.098978,541.699499
29.801468,-64.282780,541.235187
40.832665,-49.337989,541.762272
49.235112,-29.324931,542.459396
53.080383,-3.814989,542.640121
50.900974,28.050084,541.993299
43.595271,49.774925,540.747334
33.152279,65.990271,539.546668
21.060233,78.526066,539.250451
8.180203,89.114581,540.616428
-4.954354,99.023798,544.001597
-17.916098,109.320756,549.181550
-30.221814,121.183627,555.356112
-41.137170,136.190527,561.342811
-49.391189,156.238848,565.893981
-53.095107,-178.343539,568.036249
-50.920083,-152.046343,567.332293
-43.695057,-130.430506,563.994190
-33.347545,-114.250526,558.819980
-21.335551,-101.722223,552.970278
-8.506065,-91.136441,547.644979
4.614120,-81.233476,543.753661
17.599859,-70.948512,541.682940
29.966093,-59.100940,541.237559
40.971193,-44.099067,541.772675
49.324579,-24.004630,542.466668
53.092827,1.562691,542.637018
50.830136,33.392265,541.979048
43.467382,55.034589,540.728469
32.993052,71.184963,539.534337
20.885256,83.683082,539.256633
7.998490,94.254306,540.649424
-5.136542,104.161700,544.062490
-18.092804,114.471720,549.262922
-30.385112,126.366261,555.443522
-41.273817,141.430296,561.418568
-49.478498,161.558998,565.941950
-53.105983,-172.968369,568.046230
-50.850045,-146.706365,567.302725
-43.568490,-125.171716,563.932495
-33.189581,-109.056048,558.740467
-21.161500,-96.565247,552.890146
-8.324809,-85.996768,547.579545
4.796378,-76.095699,543.712235
17.777164,-65.797752,541.666701
30.130463,-53.918501,541.240122
41.109222,-38.859147,541.783107
49.413157,-18.683173,542.473833
53.104076,6.940578,542.633750
50.758299,38.733406,541.964675
43.338905,60.293160,540.709612
32.833521,76.378958,539.522185
20.710135,88.839735,539.263144
7.816731,99.393907,540.682819
-5.318697,109.299679,544.123738
-18.269385,119.622982,549.344489
-30.548148,131.549497,555.530894
-41.409958,146.671059,561.494040
-49.564918,166.880278,565.989444
-53.115678,-167.593020,568.055651
-50.779021,-141.367408,567.272641
-43.441337,-119.914004,563.870444
-33.031309,-103.862264,558.660826
-20.987298,-91.408634,552.810123
-8.143500,-80.857222,547.514398
4.978611,-70.957849,543.671171
17.954353,-60.646693,541.650783
30.294577,-48.735458,541.242875
41.246750,-33.618222,541.793565
49.500840,-13.360564,542.480888
53.114127,12.318652,542.630316
50.685469,44.073499,541.950181
43.209845,65.550642,540.690764
32.673687,81.572261,539.510213
20.534869,93.996028,539.269986
7.634927,104.533385,540.716614
-5.500817,114.437736,544.185339
-18.445841,124.774547,549.426248
-30.710920,136.733341,555.618224
-41.545590,151.912821,561.569225
-49.650444,172.202684,566.036461
-53.124192,-162.217514,568.064512
-50.707016,-136.029480,567.242042
-43.313604,-114.657367,563.808037
-32.872732,-98.669167,558.581060
-20.812946,-86.252380,552.730212
-7.962139,-75.717798,547.449540
5.160816,-65.819920,543.630469
18.131422,-55.495333,541.635183
30.458433,-43.551805,541.245816
41.383770,-28.376289,541.804046
49.587621,-8.036807,542.487833
53.122980,17.696893,542.626717
50.611652,49.412535,541.935567
43.080207,70.807040,540.671928
32.513555,86.764876,539.498425
20.359461,99.151966,539.277160
7.453078,109.672744,540.750809
-5.682901,119.575875,544.247291
-18.622170,129.926418,549.508197
-30.873425,141.917798,555.705508
-41.680709,157.155589,561.644118
-49.735069,177.526210,566.082998
-53.131524,-156.841871,568.072812
-50.634037,-130.692589,567.210929
-43.185294,-109.401800,563.745279
-32.713853,-93.476751,558.501174
-20.638447,-81.096481,552.650416
-7.780726,-70.578494,547.384973
5.342992,-60.681912,543.590128
18.308372,-50.343668,541.619900
30.622027,-38.367537,541.248943
41.520278,-23.133340,541.814550
49.673495,-2.711907,542.494666
53.130633,23.075279,542.622951
50.536853,54.750506,541.920835
42.949996,76.062358,540.653106
32.353127,91.956811,539.486823
20.183913,104.307551,539.284668
7.271187,114.811986,540.785405
-5.864948,124.714098,544.309593
-18.798369,135.078598,549.590333
-31.035660,147.102873,555.792743
-41.815309,162.399366,561.718718
-49.818788,-177.149147,566.129053
-53.137674,-151.466112,568.080550
-50.560087,-125.356743,567.179304
-43.056414,-104.147298,563.682172
-32.554674,-88.285013,558.421171
-20.463801,-75.940934,552.570738
-7.599264,-65.439307,547.320699
5.525139,-55.543820,543.550148
18.485200,-45.191694,541.604933
30.785357,-33.182649,541.252253
41.656270,-17.889372,541.825072
49.758455,2.614133,542.501386
53.137087,28.453789,542.619020
50.461077,60.087405,541.905986
42.819217,81.316602,540.634300
32.192405,97.148069,539.475408
20.008226,109.462788,539.292511
7.089254,119.951116,540.820400
-6.046957,129.852408,544.372243
-18.974439,140.231091,549.672653
-31.197622,152.288571,555.879925
-41.949386,167.644159,561.793020
-49.901595,-171.823393,566.174625
-53.142641,-146.090256,568.087728
-50.485173,-120.021950,567.147169
-42.926968,-98.893858,563.618719
-32.395199,-83.093946,558.341054
-20.289011,-70.785734,552.491181
-7.417752,-60.300235,547.256719
5.707256,-50.405642,543.510531
18.661904,-40.039408,541.590280
30.948421,-27.997137,541.255744
41.791741,-12.644378,541.835612
49.842497,7.941306,542.507991
53.142340,33.832403,542.614923
50.384331,65.423224,541.891021
42.687875,86.569777,540.615513
32.031393,102.338657,539.464184
19.832403,114.617680,539.300692
6.907281,125.090135,540.855796
-6.228927,134.990808,544.435240
-19.150377,145.383901,549.755154
-31.359311,157.474897,555.967051
-42.082936,172.889972,561.867021
-49.983484,-166.496532,566.219711
-53.146424,-140.714324,568.094344
-50.409301,-114.688217,567.114525
-42.796960,-93.641474,563.554923
-32.235429,-77.903546,558.260826
-20.114077,-65.630878,552.411748
-7.236194,-55.161273,547.193035
5.889340,-45.267376,543.471275
18.838484,-34.886805,541.575941
31.111215,-22.810995,541.259413
41.926686,-7.398353,541.846167
49.925613,13.269609,542.514480
53.146393,39.211099,542.610660
50.306621,70.757956,541.875942
42.555975,91.821886,540.596747
31.870094,107.528579,539.453152
19.656443,119.772232,539.309211
6.725268,130.229046,540.891592
-6.410856,140.129301,544.498583
-19.326181,150.537031,549.837833
-31.520721,162.661856,556.054118
-42.215954,178.136811,561.940719
-50.064450,-161.168571,566.264310
-53.149023,-135.338337,568.100399
-50.332475,-109.355552,567.081374
-42.666395,-88.390141,563.490787
-32.075369,-72.713806,558.180491
-19.939002,-60.476363,552.332443
-7.054588,-50.022420,547.129648
6.071392,-40.129018,543.432382
19.014938,-29.733884,541.561913
31.273738,-17.624217,541.263260
42.061102,-2.151293,541.856735
50.007798,18.599035,542.520852
53.149244,44.589856,542.606231
50.227951,76.091594,541.860750
42.423522,97.072935,540.578004
31.708509,112.717842,539.442316
19.480350,124.926447,539.318070
6.543217,135.367853,540.927788
-6.592744,145.267889,544.562269
-19.501851,155.690485,549.920686
-31.681852,167.849454,556.141121
-42.348436,-176.615320,562.014111
-50.144488,-155.839515,566.308420
-53.150438,-129.962316,568.105892
-50.254702,-104.023961,567.047718
-42.535279,-83.139855,563.426314
-31.915019,-67.524723,558.100052
-19.763787,-55.322183,552.253267
-6.872937,-44.883673,547.066562
6.253410,-34.990566,543.393850
19.191264,-24.580639,541.548195
31.435987,-12.436799,541.267281
42.194982,3.096808,541.867313
50.089047,23.929579,542.527105
53.150893,49.968653,542.601637
50.148328,81.424131,541.845446
42.290520,102.322930,540.559286
31.546643,117.906449,539.431677
19.304124,130.080329,539.327271
6.361129,140.506558,540.964385
-6.774589,150.406576,544.626297
-19.677384,160.844267,550.003713
-31.842701,173.037695,556.228058
-42.480376,-171.366416,562.087192
-50.223590,-150.509370,566.352039
-53.150669,-124.586282,568.110824
-50.175987,-98.693450,567.013557
-42.403616,-77.890612,563.361506
-31.754384,-62.336290,558.019513
-19.588434,-50.168337,552.174224
-6.691242,-39.745028,547.003776
6.435392,-29.852016,543.355681
19.367461,-19.427066,541.534787
31.597958,-7.248736,541.271474
42.328323,8.345955,541.877900
50.169353,29.261235,542.533239
53.151340,55.347469,542.596877
50.067757,86.755561,541.830032
42.156974,107.571874,540.540595
31.384496,123.094407,539.421238
19.127768,135.233881,539.336815
6.179005,145.645164,541.001383
-6.956391,155.545364,544.690665
-19.852779,165.998379,550.086908
-32.003264,178.226585,556.314924
-42.611771,-166.116472,562.159961
-50.301753,-145.178142,566.395165
-53.149715,-119.210253,568.115194
-50.096336,-93.364026,566.978894
-42.271410,-72.642405,563.296367
-31.593466,-57.148502,557.938877
-19.412944,-45.014820,552.095316
-6.509504,-34.606483,546.941294
6.617338,-24.713367,543.317874
19.543526,-14.273164,541.521686
31.759650,-2.060021,541.275837
42.461120,13.596154,541.888494
50.248710,34.593997,542.539251
53.150585,60.726283,542.591950
49.986245,92.085878,541.814510
42.022890,112.819774,540.521935
31.222073,128.281721,539.411001
18.951282,140.387108,539.346704
5.996846,150.783673,541.038781
-7.138147,160.684256,544.755372
-20.028035,171.152827,550.170269
-32.163539,-176.583871,556.401717
-42.742615,-160.865482,562.232414
-50.378969,-139.845838,566.437797
-53.147577,-113.834253,568.119002
-50.015755,-88.035696,566.943731
-42.138667,-67.395231,563.230899
-31.432268,-51.961355,557.858148
-19.237319,-39.861629,552.016548
-6.327724,-29.468035,546.879115
6.799247,-19.574614,543.280429
19.719459,-9.118927,541.508891
31.921060,3.129349,541.280368
42.593367,18.847409,541.899091
50.327114,39.927858,542.545140
53.148629,66.105073,542.586859
49.903797,97.415076,541.798880
41.888271,118.066634,540.503307
31.059376,133.468396,539.400969
18.774669,145.540012,539.356939
5.814654,155.922090,541.076580
-7.319858,165.823255,544.820416
-20.203150,176.307614,550.253794
-32.323524,-171.393669,556.488433
-42.872903,-155.613443,562.304548
-50.455235,-134.512464,566.479932
-53.144256,-108.458300,568.122248
-49.934248,-82.708465,566.908069
-42.005391,-62.149084,563.165106
-31.270791,-46.774843,557.777328
-19.061560,-34.708759,551.937920
-6.145903,-24.329681,546.817243
6.981117,-14.435756,543.243346
19.895258,-3.964352,541.496400
32.082184,8.319381,541.285064
42.725061,24.099725,541.909691
50.404557,45.262812,542.550906
53.145471,71.483819,542.581601
49.820419,102.743150,541.783145
41.753122,123.312459,540.484714
30.896408,138.654436,539.391143
18.597930,150.692597,539.367522
5.632428,161.060416,541.114779
-7.501521,170.962364,544.885795
-20.378122,-178.537258,550.337478
-32.483215,-166.202802,556.575068
-43.002632,-150.360349,562.376360
-50.530543,-129.178027,566.521569
-53.139750,-103.082416,568.124932
-49.851822,-77.382338,566.871910
-41.871586,-56.903959,563.098991
-31.109039,-41.588961,557.696422
-18.885669,-29.556207,551.859438
-5.964043,-19.191419,546.755678
7.162948,-9.296789,543.206625
20.070921,1.190565,541.484213
32.243020,13.510079,541.289924
42.856195,29.353107,541.920290
50.481034,50.598852,542.556548
53.141111,76.862500,542.576179
49.736117,108.070093,541.767305
41.617449,128.557255,540.466157
30.733171,143.839849,539.381527
18.421066,155.844868,539.378454
5.450172,166.198654,541.153378
-7.683136,176.101585,544.951508
-20.552950,-173.381783,550.421320
-32.642610,-161.011265,556.661619
-43.131796,-145.106196,562.447846
-50.604888,-123.842536,566.562707
-53.134061,-97.706622,568.127054
-49.768482,-72.057320,566.835256
-41.737257,-51.659851,563.032556
-30.947014,-36.403704,557.615432
-18.709647,-24.403970,551.781102
-5.782143,-14.053245,546.694423
7.344737,-4.157711,543.170266
20.246447,6.345827,541.472327
32.403566,18.701450,541.294944
42.986766,34.607560,541.930888
50.556541,55.935970,542.562063
53.135550,82.241094,542.570591
49.650896,113.395901,541.751362
41.481255,133.801027,540.447640
30.569667,149.024637,539.372122
18.244079,160.996828,539.389737
5.267885,171.336807,541.192378
-7.864702,-178.759078,545.017552
-20.727631,-168.225958,550.505316
-32.801707,-155.819054,556.748082
-43.260390,-139.850980,562.519005
-50.678266,-118.505996,566.603342
-53.127190,-92.330937,568.128614
-49.684235,-66.733418,566.798108
-41.602408,-46.416755,562.965805
-30.784720,-31.219067,557.534362
-18.533496,-19.252044,551.702917
-5.600207,-8.915157,546.633478
7.526485,0.981482,543.134269
20.421834,11.501439,541.460741
32.563818,23.893498,541.300123
43.116768,39.863088,541.941481
50.631070,61.274160,542.567450
53.128790,87.619580,542.564838
49.564763,118.720570,541.735318
41.344546,139.043780,540.429164
30.405900,154.208807,539.362930
18.066971,166.148479,539.401371
5.085569,176.474879,541.231778
-8.046217,-173.619622,545.083926
-20.902166,-163.069779,550.589463
-32.960501,-150.626163,556.834454
-43.388410,-134.594694,562.589833
-50.750670,-113.168417,566.643475
-53.119136,-86.955382,568.129613
-49.599086,-61.410635,566.760468
-41.467045,-41.174666,562.898740
-30.622157,-26.035045,557.453216
-18.357218,-14.100426,551.624884
-5.418233,-3.777152,546.572845
7.708189,6.120792,543.098633
20.597081,16.657404,541.449454
32.723774,29.086228,541.305459
43.246197,45.119698,541.952067
50.704616,66.613412,542.572709
53.120829,92.997938,542.558920
49.477724,124.044094,541.719175
41.207325,144.285519,540.410732
30.241872,159.392364,539.353955
17.889743,171.299827,539.413359
4.903225,-178.387129,541.271578
-8.227680,-168.480045,545.150629
-21.076551,-157.913244,550.673757
-33.118991,-145.432586,556.920731
-43.515850,-129.337336,562.660326
-50.822095,-107.829806,566.683102
-53.109901,-81.579978,568.130050
-49.513040,-56.088976,566.722338
-41.331171,-35.933579,562.831365
-30.459330,-20.851632,557.371997
-18.180813,-8.949111,551.547007
-5.236225,1.360773,546.512526
7.889849,11.260223,543.063359
20.772185,21.813725,541.438464
32.883430,34.279647,541.310949
43.375047,50.377392,541.962645
50.777174,71.953719,542.577839
53.111669,98.376146,542.552837
49.389785,129.366470,541.702933
41.069598,149.526251,540.392346
30.077585,164.575313,539.345198
17.712396,176.450875,539.425702
4.720854,-173.249213,541.311778
-8.409090,-163.340344,545.217657
-21.250785,-152.756346,550.758197
-33.277174,-140.238318,557.006910
-43.642706,-124.078901,562.730483
-50.892535,-102.490171,566.722223
-53.099486,-76.204745,568.129926
-49.426104,-50.768446,566.683721
-41.194791,-30.693489,562.763682
-30.296240,-15.668825,557.290708
-18.004284,-3.798097,551.469289
-5.054183,6.498621,546.452522
8.071464,16.399776,543.028447
20.947145,26.970408,541.427769
33.042784,39.473759,541.316590
43.503313,55.636176,541.973213
50.848738,77.295073,542.582837
53.101312,103.754184,542.546590
49.300951,134.687692,541.686594
40.931369,154.765980,540.374009
29.913042,169.757658,539.336661
17.534933,-178.398375,539.438400
4.538457,-168.111370,541.352378
-8.590446,-158.200516,545.285010
-21.424867,-147.599084,550.842778
-33.435047,-135.043355,557.092987
-43.768972,-118.819384,562.800300
-50.961986,-97.149522,566.760836
-53.087891,-70.829703,568.129240
-49.338283,-45.449048,566.644617
-41.057909,-25.454389,562.695696
-30.132890,-10.486617,557.209352
-17.827632,1.352621,551.391732
-4.872107,11.636394,546.392835
8.253032,21.539456,542.993896
21.121960,32.127455,541.417368
33.201834,44.668569,541.322382
43.630991,60.896054,541.983767
50.919302,82.637465,542.587704
53.089757,109.132030,542.540179
49.211228,140.007759,541.670160
40.792642,160.004711,540.355722
29.748246,174.939405,539.328348
17.357354,-173.247918,539.451456
4.356036,-162.973599,541.393377
-8.771747,-153.060557,545.352686
-21.598795,-142.441453,550.927498
-33.592607,-129.847690,557.178959
-43.894644,-113.558781,562.869773
-51.030442,-91.807867,566.798939
-53.075119,-65.454873,568.127993
-49.249584,-40.130786,566.605028
-40.920531,-20.216276,562.627408
-29.969282,-5.305005,557.127934
-17.650857,6.503045,551.314340
-4.690000,16.774095,546.333466
8.434552,26.679264,542.959706
21.296628,37.284871,541.407259
33.360575,49.864085,541.328321
43.758075,66.157031,541.994307
50.988861,87.980886,542.592437
53.077006,114.509664,542.533604
49.120622,145.326665,541.653633
40.653422,165.242451,540.337489
29.583198,-179.879441,539.320259
17.179661,-168.097751,539.464871
4.173591,-157.835895,541.434776
-8.952991,-147.920466,545.420682
-21.772567,-137.283449,551.012354
-33.749850,-124.651319,557.264822
-44.019717,-108.297089,562.938901
-51.097897,-86.465215,566.836530
-53.061169,-60.080275,568.126185
-49.160011,-34.813664,566.564958
-40.782659,-14.979143,562.558822
-29.805419,-0.123982,557.046456
-17.473963,11.653179,551.237114
-4.507861,21.911728,546.274416
8.616023,31.819204,542.925876
21.471146,42.442659,541.397441
33.519006,55.060310,541.334404
43.884560,71.419112,542.004830
51.057410,93.325327,542.597037
53.063061,119.887066,542.526865
49.029140,150.644408,541.637014
40.513713,170.479205,540.319311
29.417902,-174.698875,539.312398
17.001855,-162.947871,539.478646
3.991124,-152.698257,541.476573
-9.134178,-142.780239,545.488997
-21.946182,-132.125068,551.097342
-33.906775,-119.454235,557.350573
-44.144186,-103.034301,563.007680
-51.164347,-81.121576,566.873609
-53.046043,-54.705929,568.123816
-49.069570,-29.497685,566.524406
-40.644298,-9.742985,562.489940
-29.641303,5.056456,556.964922
-17.296950,16.803027,551.160058
-4.325693,27.049294,546.215687
8.797443,36.959279,542.892407
21.645514,47.600824,541.387912
33.677123,60.257250,541.340631
44.010442,76.682299,542.015334
51.124943,98.670778,542.601501
53.047922,125.264214,542.519963
48.936788,155.960984,541.620305
40.373520,175.714978,540.301192
29.252360,-169.518893,539.304767
16.823939,-157.798273,539.492782
3.808635,-147.560681,541.518769
-9.315306,-137.639873,545.557629
-22.119637,-126.966307,551.182459
-34.063378,-114.256434,557.436208
-44.268045,-97.770416,563.076107
-51.229785,-75.776960,566.910173
-53.029744,-49.331854,568.120887
-48.978269,-24.182853,566.483376
-40.505453,-4.507797,562.420767
-29.476937,10.236314,556.883335
-17.119820,21.952593,551.083174
-4.143497,32.186798,546.157281
8.978813,42.099491,542.859299
21.819730,52.759368,541.378670
33.834923,65.454911,541.346998
44.135714,81.946599,542.025817
51.191455,104.017230,542.605828
53.031592,130.641089,542.512898
48.843570,161.276391,541.603507
40.232846,-179.050224,540.283132
29.086574,-164.339488,539.297368
16.645913,-152.648955,539.507280
3.626126,-142.423164,541.561364
-9.496374,-132.499365,545.626576
-22.292932,-121.807161,551.267702
-34.219656,-109.057909,557.521724
-44.391290,-92.505429,563.144180
-51.294208,-70.431376,566.946222
-53.012272,-43.958071,568.117397
-48.886111,-18.869170,566.441870
-40.366129,0.726426,562.351305
-29.312322,15.415596,556.801699
-16.942573,27.101878,551.006466
-3.961273,37.324240,546.099197
9.160130,47.239844,542.826550
21.993792,57.918297,541.369713
33.992403,70.653298,541.353503
44.260372,87.212014,542.036277
51.256940,109.364672,542.610019
53.014071,136.017669,542.505670
48.749494,166.590626,541.586622
40.091697,-173.816396,540.265135
28.920547,-159.160657,539.290203
16.467779,-147.499912,539.522143
3.443598,-137.285704,541.604356
-9.677381,-127.358713,545.695836
-22.466064,-116.647626,551.353068
-34.375606,-103.858657,557.607117
-44.513916,-87.239335,563.211895
-51.357610,-65.084836,566.981753
-52.993629,-38.584599,568.113348
-48.793104,-13.556638,566.399889
-40.226328,5.959690,562.281557
-29.147462,20.594308,556.720016
-16.765213,32.250888,550.929935
-3.779023,42.461625,546.041439
9.341393,52.380341,542.794161
22.167698,63.077614,541.361041
34.149560,75.852417,541.360145
44.384410,92.478549,542.046712
51.321393,114.713094,542.614071
52.995362,141.393935,542.498279
48.654565,171.903687,541.569652
39.950076,-168.583531,540.247204
28.754281,-153.982395,539.283274
16.289538,-142.351142,539.537370
3.261052,-132.148299,541.647747
-9.858325,-122.217912,545.765406
-22.639031,-111.487699,551.438555
-34.531225,-98.658670,557.692384
-44.635916,-81.972132,563.279250
-51.419985,-59.737348,567.016765
-52.973816,-33.211459,568.108739
-48.699252,-8.245261,566.357435
-40.086055,11.192001,562.211527
-28.982359,25.772455,556.638291
-16.587739,37.399626,550.853584
-3.596747,47.598955,545.984007
9.522601,57.520984,542.762131
22.341446,68.237324,541.352652
34.306391,81.052273,541.366919
44.507823,97.746208,542.057120
51.384809,120.062486,542.617983
52.975466,146.769867,542.490727
48.558789,177.215571,541.552598
39.807988,-163.351625,540.229339
28.587779,-148.804696,539.276584
16.111191,-137.202642,539.552964
3.078489,-127.010944,541.691534
-10.039206,-117.076962,545.835285
-22.811833,-106.327376,551.524157
-34.686510,-93.457944,557.777521
-44.757287,-76.703815,563.346241
-51.481329,-54.388926,567.051256
-52.952837,-27.838669,568.103571
-48.604563,-2.935041,566.314511
-39.945315,16.423363,562.141217
-28.817015,30.950041,556.556527
-16.410153,42.548094,550.777417
-3.414447,52.736233,545.926902
9.703753,62.661777,542.730461
22.515035,73.397429,541.344542
34.462893,86.252872,541.373826
44.630607,103.014995,542.067498
51.447182,125.412836,542.621755
52.954385,152.145444,542.483013
48.462173,-177.473723,541.535462
39.665437,-158.120672,540.211545
28.421042,-143.627556,539.270135
15.932741,-132.054407,539.568925
2.895910,-121.873638,541.735719
-10.220022,-111.935857,545.905471
-22.984467,-101.166652,551.609873
-34.841458,-88.256473,557.862525
-44.878022,-71.434381,563.412867
-51.541637,-49.039578,567.085226
-52.930692,-22.466248,568.097844
-48.509040,2.374022,566.271118
-39.804112,21.653783,562.070631
-28.651432,36.127070,556.474727
-16.232457,47.696296,550.701436
-3.232124,57.873461,545.870126
9.884848,67.802722,542.699148
22.688463,78.557935,541.336712
34.619063,91.454220,541.380861
44.752755,108.284913,542.077846
51.508508,130.764133,542.625386
52.932121,157.520647,542.475139
48.364721,-172.164198,541.518246
39.522427,-152.890666,540.193823
28.254073,-138.450969,539.263928
15.754189,-126.906434,539.585255
2.713317,-116.736378,541.780300
-10.400772,-106.794596,545.975962
-23.156931,-96.005523,551.695699
-34.996066,-83.054252,557.947392
-44.998118,-66.163826,563.479124
-51.600904,-43.689318,567.118673
-52.907384,-17.094217,568.091558
-48.412692,7.681923,566.227259
-39.662449,26.883266,561.999771
-28.485613,41.303549,556.392894
-16.054653,52.844236,550.625643
-3.049779,63.010642,545.813679
10.065884,72.943823,542.668194
22.861728,83.718845,541.329159
34.774897,96.656322,541.388023
44.874262,113.555966,542.088160
51.568781,136.116366,542.628875
52.908677,162.895455,542.467103
48.266441,-166.855854,541.500951
39.378961,-147.661601,540.176175
28.086875,-133.274932,539.257967
15.575536,-121.758720,539.601955
2.530710,-111.599160,541.825277
-10.581455,-101.653176,546.046756
-23.329224,-90.843986,551.781633
-35.150331,-77.851276,558.032119
-45.117567,-60.892148,563.545009
-51.659125,-38.338156,567.151596
-52.882915,-11.722595,568.084714
-48.315522,12.988664,566.182935
-39.520331,32.111817,561.928642
-28.319559,46.479481,556.311032
-15.876741,57.991917,550.550041
-2.867413,68.147780,545.757564
10.246861,78.085082,542.637598
23.034829,88.880164,541.321882
34.930393,101.859183,541.395309
44.995123,118.828158,542.098439
51.627997,141.469522,542.632220
52.884055,168.269850,542.458907
48.167337,-161.548693,541.483580
39.235046,-142.433472,540.158604
27.919449,-128.099439,539.252254
15.396782,-116.611262,539.619025
2.348090,-106.461983,541.870650
-10.762070,-96.511593,546.117850
-23.501343,-85.682036,551.867670
-35.304249,-72.647537,558.116702
-45.236366,-55.619342,563.610520
-51.716295,-32.986105,567.183992
-52.857287,-6.351399,568.077313
-48.217538,18.294240,566.138149
-39.377761,37.339442,561.857245
-28.153274,51.654872,556.229144
-15.698723,63.139343,550.474633
-2.685028,73.284876,545.701781
10.427776,83.226502,542.607358
23.207763,94.041895,541.314878
35.085547,107.062810,541.402717
45.115332,124.101493,542.108681
51.686150,146.823591,542.635421
52.858256,173.643812,542.450552
48.067417,-156.242717,541.466133
39.090684,-137.206273,540.141113
27.751798,-122.924485,539.246790
15.217931,-111.464056,539.636468
2.165459,-101.324843,541.916418
-10.942615,-91.369844,546.189242
-23.673288,-80.519670,551.953807
-35.457818,-67.443032,558.201139
-45.354508,-50.345405,563.675653
-51.772409,-27.633177,567.215862
-52.830504,-0.980650,568.069355
-48.118744,23.598653,566.092903
-39.234745,42.566147,561.785585
-27.986759,56.829725,556.147234
-15.520600,68.286516,550.399421
-2.502623,78.421934,545.646332
10.608630,88.368087,542.577476
23.380528,99.204042,541.308146
35.240356,112.267207,541.410245
45.234885,129.375973,542.118884
51.743235,152.178559,542.638477
52.831284,179.017322,542.442037
47.966686,-150.937925,541.448614
38.945879,-131.979998,540.123704
27.583924,-117.750067,539.241578
15.038983,-106.317099,539.654283
1.982818,-96.187738,541.962580
-11.123089,-86.227927,546.260931
-23.845056,-75.356883,552.040042
-35.611033,-62.237755,558.285424
-45.471989,-45.070336,563.740406
-51.827463,-22.279384,567.247203
-52.802566,4.389635,568.060840
-48.019147,28.901900,566.047199
-39.091285,47.791937,561.713665
-27.820017,62.004046,556.065305
-15.342374,73.433440,550.324408
-2.320202,83.558956,545.591217
10.789420,93.509840,542.547950
23.553124,104.366610,541.301685
35.394817,117.472381,541.417891
45.353775,134.651602,542.129046
51.799248,157.534414,542.641387
52.803141,-175.609640,542.433364
47.865150,-145.634319,541.431022
38.800635,-126.754641,540.106378
27.415830,-112.576178,539.236620
14.859939,-101.170387,539.672473
1.800168,-91.050665,542.009136
-11.303491,-81.085838,546.332914
-24.016645,-70.193671,552.126371
-35.763893,-57.031700,558.369555
-45.588803,-39.794129,563.804777
-51.881453,-16.924739,567.278014
-52.773478,9.759437,568.051768
-47.918752,34.203981,566.001040
-38.947385,53.016817,561.641487
-27.653049,67.177840,555.983359
-15.164045,78.580118,550.249596
-2.137763,88.695945,545.536437
10.970145,98.651763,542.518779
23.725548,109.529604,541.295492
35.548927,122.678337,541.425652
45.471997,139.928383,542.139165
51.854184,162.891143,542.644151
52.773830,-170.237092,542.424533
47.762814,-140.331899,541.413362
38.654957,-121.530198,540.089140
27.247518,-107.402815,539.231918
14.680801,-96.023918,539.691038
1.617510,-85.913620,542.056086
-11.483820,-75.943574,546.405189
-24.188054,-65.030029,552.212790
-35.916393,-51.824861,558.453529
-45.704945,-34.516784,563.868763
-51.934373,-11.569255,567.308294
-52.743241,15.128738,568.042142
-47.817565,39.504895,565.954426
-38.803050,58.240794,561.569056
-27.485858,72.351110,555.901402
-14.985617,83.726554,550.174989
-1.955309,93.832905,545.481995
11.150805,103.793859,542.489964
23.897798,114.693026,541.289565
35.702681,127.885082,541.433525
45.589546,145.206320,542.149239
51.908038,168.248732,542.646766
52.743353,-164.865052,542.415543
47.659685,-135.030666,541.395633
38.508849,-116.306661,540.071990
27.078989,-102.229972,539.227474
14.501571,-90.877687,539.709979
1.434844,-80.776602,542.103429
-11.664075,-70.801133,546.477754
-24.359280,-59.865955,552.299297
-36.068530,-46.617232,558.537342
-45.820409,-29.238296,563.932360
-51.986219,-6.212946,567.338043
-52.711858,20.497520,568.031960
-47.715593,44.804643,565.907361
-38.658284,63.463873,561.496373
-27.318447,77.523862,555.819435
-14.807089,88.872750,550.100588
-1.772841,98.969836,545.427890
11.331398,108.936132,542.461503
24.069872,119.856881,541.283903
35.856077,133.092619,541.441510
45.706416,150.485414,542.159267
51.960805,173.607169,542.649234
52.711714,-159.493541,542.406397
47.555769,-129.730619,541.377838
38.362314,-111.084026,540.054932
26.910247,-97.057646,539.223291
14.322249,-85.731692,539.729297
1.252173,-75.639608,542.151164
-11.844254,-65.658511,546.550606
-24.530322,-54.701443,552.385888
-36.220302,-41.408810,558.620990
-45.935190,-23.958663,563.995566
-52.036986,-0.855825,567.367257
-52.679333,25.865764,568.021224
-47.612840,50.103222,565.859847
-38.513090,68.686059,561.423443
-27.150817,82.696100,555.737462
-14.628463,94.018711,550.026395
-1.590360,104.106743,545.374124
11.511922,114.078585,542.433397
24.241768,125.021174,541.278504
36.009112,138.300956,541.449602
45.822601,155.765669,542.169245
52.012482,178.966439,542.651551
52.678915,-154.122575,542.397095
47.451072,-124.431759,541.359979
38.215355,-105.862287,540.037968
26.741292,-91.885831,539.219370
14.142837,-80.585930,539.748994
1.069497,-70.502635,542.199291
-12.024356,-60.515705,546.623743
-24.701179,-49.536489,552.472560
-36.371704,-36.199586,558.704470
-46.049282,-18.677884,564.058379
-52.086671,4.502094,567.395938
-52.645668,31.233454,568.009935
-47.509313,55.400635,565.811886
-38.367472,73.907359,561.350268
-26.982970,87.867829,555.655487
-14.449740,99.164439,549.952415
-1.407866,109.243629,545.320698
11.692376,119.221221,542.405643
24.413485,130.185909,541.273367
36.161782,143.510098,541.457800
45.938096,161.047088,542.179173
52.063062,-175.673472,542.653719
52.644960,-148.752173,542.387637
47.345599,-119.134085,541.342058
38.067979,-100.641437,540.021100
26.572129,-86.714523,539.215714
13.963336,-75.440396,539.769070
0.886817,-65.365679,542.247809
-12.204380,-55.372712,546.697164
-24.871847,-44.371089,552.559310
-36.522733,-30.989557,558.787779
-46.162680,-13.395955,564.120796
-52.135269,9.860797,567.424082
-52.610867,36.600571,567.998092
-47.405016,60.696880,565.763481
-38.221434,79.127777,561.276853
-26.814908,93.039053,555.573513
-14.270922,104.309938,549.878648
-1.225361,114.380495,545.267613
11.872760,124.364042,542.378243
24.585021,135.351090,541.268488
36.314083,148.720051,541.466102
46.052896,166.329673,542.189049
52.112543,-170.312577,542.655736
52.609851,-143.382353,542.378023
47.239357,-113.837597,541.324076
37.920186,-95.421471,540.004330
26.402757,-81.543717,539.212324
13.783748,-70.295089,539.789526
0.704135,-60.228739,542.296716
-12.384324,-50.229529,546.770865
-25.042325,-39.205239,552.646134
-36.673386,-25.778717,558.870912
-46.275379,-8.112874,564.182814
-52.182776,15.220270,567.451690
-52.574932,41.967098,567.985697
-47.299957,65.991959,565.714633
-38.074979,84.347319,561.203199
-26.646635,98.209776,555.491543
-14.092010,109.455211,549.805098
-1.042847,119.517344,545.214870
12.053072,129.507052,542.351195
24.756373,140.516721,541.263867
36.466013,153.930820,541.474506
46.166994,171.613427,542.198870
52.160918,-164.950892,542.657602
52.573592,-138.013132,542.368255
47.132350,-108.542294,541.306035
37.771983,-90.202384,539.987662
26.233180,-76.373409,539.209204
13.604074,-65.150004,539.810363
0.521451,-55.091812,542.346014
-12.564187,-45.086153,546.844845
-25.212612,-34.038935,552.733029
-36.823660,-20.567059,558.953868
-46.387372,-2.828639,564.244430
-52.229187,20.580498,567.478760
-52.537868,47.333019,567.972750
-47.194141,71.285871,565.665344
-37.928112,89.565992,561.129311
-26.478150,103.380005,555.409581
-13.913006,114.600261,549.731767
-0.860323,124.654180,545.162469
12.233311,134.650254,542.324499
24.927540,145.682806,541.259501
36.617567,159.142411,541.483008
46.280385,176.898351,542.208634
52.208186,-159.588431,542.659315
52.536187,-132.644528,542.358334
47.024586,-103.248176,541.287938
37.623372,-84.984169,539.971097
26.063400,-71.203594,539.206354
13.424316,-60.005138,539.831582
0.338766,-49.954894,542.395700
-12.743969,-39.942581,546.919100
-25.382704,-28.872172,552.819991
-36.973551,-15.354578,559.036642
-46.498655,2.456751,564.305643
-52.274500,25.941465,567.505290
-52.499677,52.698316,567.959252
-47.087572,76.578617,565.615618
-37.780836,94.783800,561.055192
-26.309458,108.549741,555.327629
-13.733910,119.745090,549.658656
-0.677792,129.791005,545.110413
12.413474,139.793652,542.298153
25.098520,150.849351,541.255389
36.768742,164.354830,541.491607
46.393064,-177.815552,542.218341
52.254340,-154.225210,542.660875
52.497638,-127.276559,542.348259
46.916070,-97.955241,541.269786
37.474358,-79.766821,539.954638
25.893419,-66.034267,539.203777
13.244474,-54.860489,539.853184
0.156083,-44.817984,542.445775
-12.923668,-34.798810,546.993630
-25.552601,-23.704946,552.907018
-37.123055,-10.141270,559.119230
-46.609222,7.743299,564.366449
-52.318708,31.303158,567.531281
-52.460362,58.062973,567.945204
-46.980258,81.870199,565.565457
-37.633155,100.000749,560.980844
-26.140560,113.718991,555.245691
-13.554724,124.889704,549.585770
-0.495253,134.927822,545.058701
12.593562,144.937247,542.272157
25.269310,156.016358,541.251529
36.919535,169.568082,541.500300
46.505024,-172.528279,542.227988
52.299376,-148.861244,542.662281
52.457950,-121.909241,542.338032
