51.830763,-112.326169,542.189494
45.419459,-89.393131,541.026470
35.475882,-72.168661,539.748809
23.636961,-59.033904,539.196119
10.868800,-48.160285,540.173614
-2.249266,-38.200382,543.140872
-15.281903,-28.071392,547.999401
-27.770913,-16.643433,554.057396
-39.054245,-2.438186,560.187891
-47.995880,16.439552,565.128028
-52.796251,40.940548,567.822683
-51.839584,67.612216,567.709258
-45.499983,90.416172,564.865396
-35.652066,107.594358,559.982070
-23.897881,120.718509,554.169572
-11.187062,131.589395,548.648009
1.908869,141.544087,544.410387
14.957611,151.662252,541.962281
27.499984,163.075028,541.223422
38.868059,177.270962,541.622642
47.909773,-163.820778,542.348691
52.786474,-139.192160,542.666215
51.775357,-106.969767,542.177194
45.300901,-84.116775,541.007750
35.321531,-66.962977,539.734112
23.464343,-53.871031,539.197624
10.687915,-43.018361,540.200725
-2.431822,-33.063277,543.196351
-15.460283,-22.924454,548.077548
-27.937817,-11.469168,554.144971
-39.197880,2.787467,560.267491
-48.095689,21.742608,565.182805
-52.824444,46.310753,567.840923
-51.784774,72.966153,567.687509
-45.382699,95.691425,564.809327
-35.499020,112.799745,559.904846
-23.726272,125.881328,554.088184
-11.006737,136.731276,548.578541
2.091386,146.681083,544.363643
15.136484,156.809000,541.941159
27.667872,168.249082,541.222917
39.013037,-177.503354,541.632424
48.010930,-158.516731,542.357296
52.815285,-133.819425,542.665378
51.718876,-101.614243,542.164756
45.181676,-78.841569,540.989007
35.166829,-61.758073,539.719558
23.291554,-48.708580,539.199433
10.506965,-37.876606,540.228229
-2.614362,-27.926137,543.252202
-15.638559,-17.777268,548.155932
-28.104494,-6.294372,554.232560
-39.341073,8.014034,560.346855
-48.194695,27.046828,565.237138
-52.851484,51.681425,567.858609
-51.728904,78.319228,567.665224
-45.264753,100.965544,564.752859
-35.345621,118.004358,559.827445
-23.554487,131.043725,554.006859
-10.826341,141.872987,548.509332
2.273892,151.818112,544.317255
15.315260,161.955995,541.920375
27.835538,173.423668,541.222633
39.157574,-172.276750,541.642265
48.111281,-153.211499,542.365815
52.842927,-128.446208,542.664380
51.661324,-96.259610,542.152179
45.061791,-73.567511,540.970240
35.011780,-56.553943,539.705149
23.118595,-43.546549,539.201546
10.325952,-32.735017,540.256127
-2.796884,-22.788960,543.308427
-15.816731,-12.629831,548.234548
-28.270941,-1.119040,554.320157
-39.483819,13.241520,560.425979
-48.292893,32.352213,565.291025
-52.877368,57.052547,567.875742
-51.671976,83.671427,567.642405
-45.146149,106.238532,564.695997
-35.191872,123.208202,559.749869
-23.382527,136.205704,553.925600
-10.645874,147.014532,548.440382
2.456388,156.955178,544.271223
15.493940,167.103240,541.899926
28.002982,178.598790,541.222569
39.301668,-167.049219,541.652163
48.210819,-147.905082,542.374246
52.869398,-123.072526,542.663219
51.602706,-90.905882,542.139465
44.941250,-68.294597,540.951454
34.856386,-51.350582,539.690887
22.945469,-38.384933,539.203966
10.144878,-27.593591,540.284421
-2.979386,-17.651742,543.365023
-15.994797,-7.482139,548.313396
-28.437157,4.056833,554.407761
-39.626114,18.469930,560.504860
-48.390276,37.658761,565.344464
-52.902094,62.424098,567.892321
-51.613998,89.022740,567.619052
-45.026895,111.510392,564.638742
-35.037776,128.411285,559.672123
-23.210393,141.367270,553.844411
-10.465340,152.155914,548.371695
2.638872,162.092282,544.225548
15.672520,172.250739,541.879812
28.170199,-176.225546,541.222722
39.445315,-161.820756,541.662116
48.309538,-142.597482,542.382588
52.894694,-117.698399,542.661895
51.543027,-85.553070,542.126615
44.820060,-63.022824,540.932649
34.700652,-46.147984,539.676776
22.772177,-33.223727,539.206694
9.963743,-22.452325,540.313109
-3.161867,-12.514482,543.421989
-16.172755,-2.334189,548.392472
-28.603139,9.233251,554.495367
-39.767954,23.699272,560.583494
-48.486840,42.966471,565.397452
-52.925659,67.796062,567.908345
-51.554973,94.373152,567.595167
-44.906994,116.781128,564.581097
-34.883336,133.613610,559.594208
-23.038087,146.528426,553.763294
-10.284737,157.297135,548.303271
2.821342,167.229428,544.180230
15.851001,177.398495,541.860031
28.337189,-171.049336,541.223090
39.588509,-156.591354,541.672122
48.407432,-137.288698,542.390838
52.918813,-112.323846,542.660409
51.482292,-80.201186,542.113630
44.698225,-57.752188,540.913828
34.544580,-40.946143,539.662818
22.598720,-28.062927,539.209732
9.782549,-17.311216,540.342194
-3.344327,-7.377176,543.479323
-16.350605,2.814023,548.471773
-28.768884,14.410220,554.582972
-39.909335,28.929549,560.661879
-48.582577,48.275342,565.449988
-52.948061,73.168417,567.923813
-51.494906,99.722654,567.570751
-44.786453,122.050742,564.523065
-34.728557,138.815184,559.516130
-22.865613,151.689177,553.682253
-10.104069,162.438198,548.235114
3.003799,172.366619,544.135269
16.029380,-177.453488,541.840584
28.503948,-165.872574,541.223671
39.731248,-151.361009,541.682178
48.504495,-131.978734,542.398996
52.941753,-106.948887,542.658759
51.420506,-74.850242,542.100511
44.575751,-52.482686,540.894993
34.388173,-35.745053,539.649014
22.425101,-22.902531,539.213082
9.601297,-12.170261,540.371674
-3.526764,-2.239822,543.537026
-16.528345,7.962499,548.551297
-28.934391,19.587743,554.670573
-40.050253,34.160767,560.740011
-48.677483,53.585371,565.502068
-52.969299,78.541146,567.938725
-51.433803,105.071232,567.545805
-44.665275,127.319238,564.464648
-34.573440,144.016012,559.437891
-22.692970,156.849526,553.601290
-9.923336,167.579107,548.167226
3.186240,177.503857,544.090667
16.207656,-172.305208,541.821468
28.670475,-160.695257,541.224464
39.873526,-146.129715,541.692283
48.600721,-126.667589,542.407059
52.963512,-101.573542,542.656945
51.357675,-69.500250,542.087259
44.452644,-47.214314,540.876146
34.231435,-30.544710,539.635367
22.251322,-17.742532,539.216746
9.419988,-7.029456,540.401551
-3.709177,2.897584,543.595095
-16.705973,13.111244,548.631041
-29.099657,24.765826,554.758165
-40.190703,39.392933,560.817887
-48.771551,58.896557,565.553692
-52.989369,83.914229,567.953080
-51.371667,110.418877,567.520331
-44.543468,132.586619,564.405850
-34.417988,149.216100,559.359494
-22.520161,162.009477,553.520410
-9.742539,172.719864,548.099608
3.368665,-177.358855,544.046422
16.385828,-167.156660,541.802682
28.836767,-155.517378,541.225465
40.015340,-140.897465,541.702433
48.696105,-121.355267,542.415026
52.984087,-96.197829,542.654968
51.293802,-64.151220,542.073875
44.328907,-41.947068,540.857289
34.074369,-25.345107,539.621881
22.077383,-12.582928,539.220726
9.238623,-1.888800,540.431826
-3.891565,8.035044,543.653530
-16.883489,18.260260,548.711002
-29.264680,29.944474,554.845747
-40.330682,44.626051,560.895503
-48.864775,64.208897,565.604856
-53.008270,89.287646,567.966879
-51.308505,115.765578,567.494329
-44.421035,137.852891,564.346672
-34.262206,154.415452,559.280943
-22.347187,167.169036,553.439615
-9.561679,177.860473,548.032262
3.551072,-172.221514,544.002537
16.563894,-162.007841,541.784226
29.002822,-150.338935,541.226673
40.156685,-135.664255,541.712626
48.790640,-116.041769,542.422896
53.003477,-90.821769,542.652826
51.228895,-58.803164,542.060361
44.204548,-36.680944,540.838424
33.916978,-20.146240,539.608556
21.903288,-7.423714,539.225023
9.057204,3.251712,540.462498
-4.073927,13.172560,543.712328
-17.060890,23.409551,548.791178
-29.429457,35.123691,554.933314
-40.470186,49.860127,560.972857
-48.957151,69.522390,565.655558
-53.026001,94.661378,567.980120
-51.244320,121.111323,567.467801
-44.297982,143.118055,564.287118
-34.106096,159.614075,559.202241
-22.174051,172.328204,553.358908
-9.380758,-176.999064,547.965190
3.733461,-167.084117,543.959011
16.741853,-156.858748,541.766098
29.168637,-145.159920,541.228086
40.297558,-130.430079,541.722861
48.884320,-110.727098,542.430667
53.021679,-85.445383,542.650520
51.162957,-53.456092,542.046718
44.079571,-31.415938,540.819554
33.759264,-14.948102,539.595396
21.729038,-2.264887,539.229639
8.875732,8.392082,540.493567
-4.256263,18.310136,543.771489
-17.238175,28.559121,548.871566
-29.593987,40.303482,555.020862
-40.609210,55.095167,561.049944
-49.048671,74.837032,565.705797
-53.042559,100.035405,567.992802
-51.179119,126.456102,567.440748
-44.174314,148.382116,564.227190
-33.949660,164.811974,559.123392
-22.000754,177.486988,553.278292
-9.199777,-171.858744,547.898395
3.915830,-161.946662,543.915845
16.919704,-151.709377,541.748297
29.334210,-139.980330,541.229701
40.437953,-125.194931,541.733135
48.977139,-105.411255,542.438337
53.038692,-80.068690,542.648049
51.095994,-48.110013,542.032946
43.953981,-26.152047,540.800681
33.601232,-9.750687,539.582403
21.554633,2.893558,539.234576
8.694207,13.532312,540.525035
-4.438569,23.447775,543.831012
-17.415343,33.708973,548.952163
-29.758266,45.483852,555.108388
-40.747750,60.331175,561.126763
-49.139331,80.152821,565.755571
-53.057944,105.409706,568.004927
-51.112907,131.799905,567.413172
-44.050036,153.645078,564.166891
-33.792903,170.009154,559.044399
-21.827297,-177.354611,553.197771
-9.018736,-166.718563,547.831878
4.098178,-156.809146,543.873039
17.097444,-146.559726,541.730822
29.499539,-134.800160,541.231517
40.577867,-119.958805,541.743446
49.069092,-100.094244,542.445905
53.054515,-74.691710,542.645413
51.028012,-42.764939,542.019047
43.827783,-20.889265,540.781807
33.442883,-4.553992,539.569579
21.380077,8.051624,539.239836
8.512632,18.672406,540.556902
-4.620847,28.585478,543.890894
-17.592392,38.859110,549.032966
-29.922292,50.664806,555.195890
-40.885802,65.568157,561.203309
-49.229124,85.469753,565.804876
-53.072152,110.784264,568.016492
-51.045688,137.142723,567.385075
-43.925153,158.906946,564.106225
-33.635826,175.205621,558.965266
-21.653683,-172.196587,553.117347
-8.837638,-161.578519,547.765641
4.280505,-151.671566,543.830593
17.275073,-141.409790,541.713672
29.664622,-129.619405,541.233530
40.717296,-114.721696,541.753792
49.160172,-94.776067,542.453370
53.069145,-69.314464,542.642612
50.959015,-37.420879,542.005023
43.700983,-15.627589,540.762934
33.284222,0.641991,539.556927
21.205371,13.209316,539.245419
8.331007,23.812368,540.589167
-4.803094,33.723249,543.951135
-17.769322,44.009536,549.113972
-30.086064,55.846348,555.283362
-41.023361,70.806119,561.279579
-49.318044,90.787826,565.853712
-53.085184,116.159056,568.027498
-50.977468,142.484546,567.356456
-43.799671,164.167722,564.045192
-33.478433,-179.598620,558.885995
-21.479913,-167.038937,553.037024
-8.656483,-156.438610,547.699687
4.462808,-146.533919,543.788507
17.452589,-136.259565,541.696845
29.829454,-124.438059,541.235740
40.856234,-109.483599,541.764169
49.250373,-89.456728,542.460729
53.082581,-63.936973,542.639646
50.889010,-32.077842,541.990874
43.573586,-10.367014,540.744064
33.125250,5.837266,539.544449
21.030516,18.366637,539.251329
8.149334,28.952199,540.621831
-4.985309,38.861092,544.011732
-17.946129,49.160254,549.195180
-30.249577,61.028485,555.370802
-41.160423,76.045066,561.355571
-49.406086,96.107035,565.902075
-53.097038,121.534063,568.037945
-50.908253,147.825364,567.327319
-43.673593,169.427411,563.983797
-33.320727,-174.403563,558.806590
-21.305989,-161.881656,552.956804
-8.475273,-151.298831,547.634016
4.645087,-141.396203,543.746782
17.629990,-131.109050,541.680340
29.994036,-119.256118,541.238144
40.994678,-104.244508,541.774577
49.339690,-84.136231,542.467982
53.094823,-58.559256,542.636514
50.818002,-26.735837,541.976601
43.445597,-5.107537,540.725199
32.965971,11.031840,539.532148
20.855515,23.523591,539.257567
7.967613,34.091902,540.654895
-5.167492,43.999007,544.072686
-18.122814,54.311268,549.276585
-30.412831,66.211220,555.458207
-41.296984,81.285003,561.431280
-49.493245,101.427378,565.949965
-53.107713,126.909265,568.047832
-50.838047,153.165170,567.297664
-43.546926,174.686018,563.922043
-33.162711,-169.209204,558.727056
-21.131913,-156.724742,552.876691
-8.294008,-146.159180,547.568630
4.827341,-136.258414,543.705418
17.807276,-125.958239,541.664156
30.158363,-114.073576,541.240739
41.132622,-99.004417,541.785013
49.428117,-78.814578,542.475128
53.105868,-53.181335,542.633217
50.745996,-21.394873,541.962207
43.317020,0.150849,540.706343
32.806388,16.225716,539.520026
20.680369,28.680183,539.264133
7.785847,39.231481,540.688358
-5.349641,49.136999,544.133993
-18.299374,59.462582,549.358185
-30.575823,71.394560,555.545572
-41.433039,86.525935,561.506704
-49.579513,106.748849,565.997379
-53.117208,132.284642,568.057158
-50.766856,158.503953,567.267492
-43.419675,179.943547,563.859931
-33.004387,-164.015537,558.647394
-20.957685,-151.568190,552.796687
-8.112690,-141.019655,547.503533
5.009569,-131.120550,543.664416
17.984444,-120.807129,541.648291
30.322433,-108.890430,541.243524
41.270064,-93.763322,541.795474
49.515646,-73.491773,542.482164
53.115715,-47.803231,542.629755
50.672998,-16.054960,541.947692
43.187862,5.408146,540.687496
32.646504,21.418902,539.508085
20.505079,33.836415,539.271031
7.604035,44.370939,540.722221
-5.531755,54.275070,544.195654
-18.475809,64.614198,549.439977
-30.738549,76.578508,555.632895
-41.568585,91.767868,561.581840
-49.664886,112.071445,566.044314
-53.125521,137.660172,568.065924
-50.694685,163.841705,567.236806
-43.291843,-174.799998,563.797465
-32.845759,-158.822556,558.567608
-20.783308,-146.411997,552.716796
-7.931320,-135.880252,547.438724
5.191769,-125.982609,543.623775
18.161494,-115.655718,541.632745
30.486244,-103.706673,541.246497
41.406997,-88.521216,541.805959
49.602274,-68.167822,542.489089
53.124364,-42.424965,542.626126
50.599014,-10.716104,541.933057
43.058126,10.664360,540.668662
32.486321,26.611401,539.496327
20.329647,38.992293,539.278261
7.422179,49.510278,540.756484
-5.713833,59.413223,544.257665
-18.652115,69.766121,549.521958
-30.901008,81.763069,555.720171
-41.703615,97.010807,561.656685
-49.749357,117.395162,566.090770
-53.132653,143.035837,568.074129
-50.621540,169.178419,567.205607
-43.163436,-169.544612,563.734649
-32.686828,-153.630256,558.487703
-20.608784,-141.256158,552.637020
-7.749899,-130.740968,547.374207
5.373941,-120.844586,543.583495
18.338423,-110.504000,541.617516
30.649794,-98.522300,541.249654
41.543418,-83.278095,541.816465
49.687993,-62.842727,542.495902
53.131814,-37.046556,542.622332
50.524048,-5.378314,541.918304
42.927818,15.919496,540.649842
32.325843,31.803220,539.484756
20.154076,44.147818,539.285826
7.240281,54.649502,540.791147
-5.895873,64.551460,544.320027
-18.828293,74.918354,549.604126
-31.063197,86.948250,555.807398
-41.838127,102.254757,561.731234
-49.832922,122.719994,566.136744
-53.138601,148.411614,568.081773
-50.547426,174.514086,567.173897
-43.034459,-164.290292,563.671483
-32.527599,-148.438632,558.407680
-20.434113,-136.100670,552.557363
-7.568428,-125.601801,547.309983
5.556083,-115.706480,543.543577
18.515230,-105.351973,541.602602
30.813079,-93.337307,541.252994
41.679322,-78.033953,541.826991
49.772798,-57.516495,542.502602
53.138064,-31.668027,542.618372
50.448108,-0.041598,541.903434
42.796944,21.173558,540.631038
32.165072,36.994365,539.473373
19.978365,49.302997,539.293726
7.058341,59.788612,540.826210
-6.077876,69.689786,544.382736
-19.004340,80.070901,549.686476
-31.225113,92.134054,555.894571
-41.972115,107.499723,561.805486
-49.915573,128.045936,566.182234
-53.143367,153.787485,568.088856
-50.472349,179.848700,567.141676
-42.904917,-159.037031,563.607973
-32.368073,-143.247679,558.327545
-20.259298,-130.945529,552.477827
-7.386908,-120.462747,547.246053
5.738194,-110.568288,543.504021
18.691913,-100.199634,541.588002
30.976097,-88.151688,541.256516
41.814704,-72.788784,541.837533
49.856682,-52.189129,542.509187
53.143114,-26.289398,542.614246
50.371197,5.294037,541.888449
42.665507,26.426551,540.612254
32.004011,42.184839,539.462181
19.802518,54.457831,539.301963
6.876361,64.927613,540.861673
-6.259839,74.828201,544.445792
-19.180256,85.223765,549.769008
-31.386755,97.320487,555.981688
-42.105575,112.745710,561.879437
-49.997306,133.372984,566.227239
-53.146949,159.163427,568.095378
-50.396314,-174.817748,567.108946
-42.774815,-153.784826,563.544119
-32.208254,-138.057391,558.247299
-20.084341,-125.790731,552.398416
-7.205342,-115.323804,547.182420
5.920273,-105.430006,543.464827
18.868472,-95.046977,541.573716
31.138846,-82.965438,541.260215
41.949560,-67.542584,541.848089
49.939641,-46.860636,542.515655
53.146962,-20.910690,542.609954
50.293323,10.628583,541.873350
42.533512,31.678480,540.593491
31.842663,47.374649,539.451182
19.626536,59.612326,539.310540
6.694342,70.066506,540.897537
-6.441761,79.966710,544.509193
-19.356037,90.376950,549.851717
-31.548118,102.507555,556.068744
-42.238502,117.992723,561.953083
-50.078115,138.701132,566.271755
-53.149347,164.539421,568.101338
-50.319328,-169.485265,567.075710
-42.644156,-148.533671,563.479926
-32.048144,-132.867763,558.166947
-19.909242,-120.636273,552.319133
-7.023728,-110.184969,547.119085
6.102319,-100.291632,543.425995
19.044904,-89.894001,541.559741
31.301322,-77.778552,541.264091
42.083884,-62.295347,541.858658
50.021667,-41.531019,542.522007
53.149609,-15.531925,542.605497
50.214491,15.962035,541.858138
42.400965,36.929350,540.574751
31.681030,52.563800,539.440378
19.450420,64.766484,539.319456
6.512284,75.205295,540.933801
-6.623642,85.105315,544.572937
-19.531684,95.530460,549.934600
-31.709201,107.695262,556.155737
-42.370892,123.240767,562.026423
-50.157994,144.030373,566.315783
-53.150561,169.915446,568.106737
-50.241394,-164.153857,567.041968
-42.512947,-143.283563,563.415396
-31.887746,-127.678791,558.086491
-19.734003,-115.482151,552.239980
-6.842070,-105.046239,547.056049
6.284331,-95.153164,543.387525
19.221208,-84.740701,541.546076
31.463524,-72.591025,541.268141
42.217674,-57.047069,541.869238
50.102756,-36.200286,542.528239
53.151054,-10.153123,542.600873
50.134707,21.294384,541.842815
42.267871,42.179166,540.556037
31.519116,57.752296,539.429773
19.274172,69.920309,539.328715
6.330190,80.343983,540.970466
-6.805480,90.244018,544.637023
-19.707194,100.684297,550.017656
-31.870001,112.883613,556.242662
-42.502740,128.489848,562.099452
-50.236937,149.360703,566.359319
-53.150590,175.291481,568.111574
-50.162520,-158.823530,567.007723
-42.381191,-138.034496,563.350533
-31.727063,-122.490468,558.005936
-19.558627,-110.328361,552.160960
-6.660368,-99.907612,546.993315
6.466307,-90.014597,543.349418
19.397382,-79.587073,541.532719
31.625448,-67.402851,541.272363
42.350922,-51.797743,541.879826
50.182902,-30.868441,542.534351
53.151297,-4.774306,542.596084
50.053976,26.625626,541.827382
42.134233,47.427932,540.537351
31.356922,62.940145,539.419367
19.097794,75.073806,539.338318
6.148060,85.482572,541.007532
-6.987274,95.382824,544.701449
-19.882566,105.838467,550.100879
-32.030516,118.072613,556.329517
-42.634041,133.739970,562.172168
-50.314940,154.692114,566.402362
-53.149436,-179.332494,568.115849
-50.082710,-153.494292,566.972976
-42.248894,-132.786465,563.285338
-31.566097,-117.302789,557.925285
-19.383114,-105.174899,552.082076
-6.478622,-94.769084,546.930884
6.648247,-84.875930,543.311672
19.573426,-74.433114,541.519670
31.787092,-62.214025,541.276754
42.483626,-46.547365,541.890419
50.262097,-25.535492,542.540342
53.150338,0.604506,542.591129
49.972304,31.955753,541.811840
42.000057,52.675655,540.518695
31.194452,68.127350,539.409164
18.921286,80.226977,539.348265
5.965895,90.621066,541.044998
-7.169023,100.521734,544.766213
-20.057797,110.992972,550.184269
-32.190742,123.262268,556.416297
-42.764791,138.991137,562.244567
-50.391995,160.024601,566.444910
-53.147097,-173.956500,568.119562
-50.001971,-148.166148,566.937729
-42.116060,-127.539465,563.219816
-31.404851,-112.115750,557.844540
-19.207466,-100.021763,552.003332
-6.296835,-89.630652,546.868758
6.830149,-79.737160,543.274289
19.749336,-69.278819,541.506927
31.948453,-57.024543,541.281313
42.615780,-41.295931,541.901017
50.340338,-20.201445,542.546210
53.148177,5.983290,542.586008
49.889698,37.284760,541.796192
41.865348,57.922339,540.500072
31.031709,73.313916,539.399166
18.744651,85.379827,539.358559
5.783697,95.759467,541.082864
-7.350726,105.660751,544.831314
-20.232888,116.147816,550.267821
-32.350677,128.452584,556.503000
-42.894985,144.243355,562.316647
-50.468098,165.358156,566.486961
-53.143573,-168.580558,568.122713
-49.920307,-142.839104,566.901983
-41.982693,-122.293492,563.153969
-31.243327,-106.929346,557.763706
-19.031684,-94.868947,551.924729
-6.115007,-84.492314,546.806938
7.012013,-74.598284,543.237267
19.925112,-64.124187,541.494488
32.109529,-51.834398,541.286036
42.747378,-36.043434,541.911616
50.417618,-14.866306,542.551954
53.144815,11.362027,542.580722
49.806162,42.612642,541.780438
41.730110,63.167989,540.481484
30.868695,78.499850,539.389375
18.567891,90.532359,539.369200
5.601466,100.897778,541.121131
-7.532381,110.799879,544.896750
-20.407836,121.303003,550.351533
-32.510318,133.643564,556.589621
-43.024618,149.496628,562.388405
-50.543243,170.692772,566.528514
-53.138867,-163.204688,568.125302
-49.837726,-137.513165,566.865740
-41.848799,-117.048541,563.087800
-31.081529,-101.743570,557.682786
-18.855771,-89.716449,551.846272
-5.933140,-79.354067,546.745426
7.193836,-69.459298,543.200608
20.100752,-58.969211,541.482351
32.270316,-46.643586,541.290923
42.878418,-30.789870,541.922215
50.493931,-9.530082,542.557573
53.140251,16.740694,542.575271
49.721704,47.939393,541.764580
41.594348,68.412610,540.462934
30.705412,83.685156,539.379794
18.391006,95.684576,539.380191
5.419204,106.036001,541.159798
-7.713988,115.939120,544.962519
-20.582639,126.458537,550.435401
-32.669663,138.835215,556.676158
-43.153685,154.750962,562.459836
-50.617424,176.028442,566.569567
-53.132977,-157.828910,568.127330
-49.754232,-132.188337,566.829003
-41.714381,-111.804605,563.021312
-30.919458,-96.558419,557.601783
-18.679727,-84.564265,551.767962
-5.751234,-74.215908,546.684224
7.375619,-64.320200,543.164310
20.276255,-53.813890,541.470517
32.430812,-41.452101,541.295970
43.008892,-25.535235,541.932811
50.569271,-4.192781,542.563066
53.134487,22.119271,542.569654
49.636328,53.265008,541.748619
41.458066,73.656208,540.444422
30.541864,88.869839,539.370424
18.213999,100.836483,539.391533
5.236913,111.174141,541.198866
-7.895545,121.078477,545.028620
-20.757296,131.614422,550.519423
-32.828708,144.027541,556.762606
-43.282182,160.006360,562.530940
-50.690637,-178.634841,566.610118
-53.125904,-152.453246,568.128796
-49.669831,-126.864624,566.791772
-41.579445,-106.561681,562.954507
-30.757118,-91.373887,557.520700
-18.503554,-79.412392,551.689803
-5.569291,-69.077834,546.623332
7.557359,-59.180988,543.128374
20.451618,-48.658219,541.458981
32.591014,-36.259938,541.301176
43.138797,-20.279523,541.943403
50.643634,1.145589,542.568431
53.127522,27.497737,542.563872
49.550041,58.589482,541.732557
41.321270,78.898789,540.425953
30.378052,94.053904,539.361269
18.036870,105.988083,539.403227
5.054592,116.312198,541.238334
-8.077051,126.217953,545.095050
-20.931805,136.770661,550.603595
-32.987451,149.220549,556.848963
-43.410104,165.262827,562.601711
-50.762875,-173.297086,566.650165
-53.117650,-147.077715,568.129700
-49.584529,-121.542032,566.754049
-41.443994,-101.319763,562.887390
-30.594510,-86.189969,557.439542
-18.327254,-74.260825,551.611797
-5.387312,-63.939843,546.562753
7.739056,-54.041657,543.092800
20.626840,-43.502193,541.447744
32.750919,-31.067091,541.306538
43.268128,-15.022730,541.953987
50.717012,6.485021,542.573668
53.119357,32.876071,542.557926
49.462848,63.912812,541.716396
41.183963,84.140357,540.407528
30.213979,99.237357,539.352330
17.859621,111.139380,539.415275
4.872243,121.450178,541.278202
-8.258505,131.357551,545.161808
-21.106164,141.927258,550.687915
-33.145889,154.414242,556.935224
-43.537445,170.520368,562.672149
-50.834133,-167.958300,566.689707
-53.108215,-141.702339,568.130042
-49.498331,-116.220565,566.715837
-41.308034,-96.078845,562.819964
-30.431638,-81.006659,557.358311
-18.150829,-69.109562,551.533947
-5.205298,-58.801931,546.502487
7.920708,-48.902206,543.057588
20.801920,-38.345811,541.436804
32.910524,-25.873555,541.312053
43.396879,-9.764851,541.964563
50.789402,11.825507,542.578774
53.109994,38.254252,542.551814
49.374756,69.234992,541.700137
41.046150,89.380918,540.389150
30.049649,104.420203,539.343610
17.682255,116.290376,539.427677
4.689868,126.588081,541.318469
-8.439906,136.497274,545.228892
-21.280373,147.084217,550.772379
-33.304020,159.608628,557.021386
-43.664201,175.778987,562.742248
-50.904406,-162.618493,566.728743
-53.097599,-136.327137,568.129823
-49.411245,-110.900226,566.677138
-41.171569,-90.838923,562.752230
-30.268503,-75.823954,557.277011
-17.974278,-63.958598,551.456257
-5.023250,-53.664096,546.442537
8.102315,-43.762632,543.022737
20.976856,-33.189066,541.426159
33.069827,-20.679324,541.317720
43.525046,-4.505881,541.975128
50.860796,17.167038,542.583750
53.099433,43.632258,542.545539
49.285770,74.556018,541.683781
40.907836,94.620477,540.370820
29.885063,109.602446,539.335110
17.504772,121.441077,539.440436
4.507467,131.725911,541.359137
-8.621253,141.637124,545.296300
-21.454429,152.241542,550.856985
-33.461840,164.803710,557.107446
-43.790367,-178.961312,562.812007
-50.973688,-157.277672,566.767270
-53.085804,-130.952130,568.129042
-49.323274,-105.581021,566.637952
-41.034602,-85.599992,562.684192
-30.105109,-70.641848,557.195645
-17.797605,-58.807931,551.378728
-4.841169,-48.526336,546.382904
8.283875,-38.622931,542.988247
21.151646,-28.031957,541.415808
33.228824,-15.484394,541.323536
43.652623,0.754184,541.985680
50.931190,22.509605,542.588593
53.087675,49.010070,542.539099
49.195897,79.875888,541.667331
40.769025,99.859040,540.352542
29.720224,114.784092,539.326834
17.327173,126.591484,539.453552
4.325041,136.863671,541.400203
-8.802544,146.777104,545.364030
-21.628330,157.399236,550.941728
-33.619346,169.999494,557.193400
-43.915938,-173.700525,562.881423
-51.041974,-151.935847,566.805287
-53.072831,-125.577338,568.127701
-49.234425,-100.262953,566.598282
-40.897139,-80.362045,562.615854
-29.941458,-65.460336,557.114217
-17.620811,-53.657556,551.301364
-4.659056,-43.388646,546.323589
8.465387,-33.483100,542.954118
21.326288,-22.874478,541.405748
33.387513,-10.288759,541.329499
43.779606,6.015348,541.996216
51.000578,27.853200,542.593303
53.074721,54.387666,542.532495
49.105143,85.194597,541.650787
40.629722,105.096612,540.334317
29.555134,119.965146,539.318784
17.149461,131.741602,539.467028
4.142592,142.001363,541.441669
-8.983779,151.917219,545.432081
-21.802076,162.557304,551.026606
-33.776535,175.195987,557.279245
-44.040908,-168.438646,562.950492
-51.109259,-146.593027,566.842792
-53.058682,-120.202781,568.125798
-49.144705,-94.946025,566.558130
-40.759184,-75.125079,562.547218
-29.777552,-60.279413,557.032730
-17.443896,-48.507471,551.224167
-4.476913,-38.251025,546.264594
8.646849,-28.343137,542.920350
21.500781,-17.716626,541.395979
33.545891,-5.092413,541.335607
43.905989,11.277616,542.006736
51.068955,33.197813,542.597879
53.060573,59.765026,542.525728
49.013512,90.512141,541.634152
40.489930,110.333199,540.316149
29.389796,125.145613,539.310961
16.971637,136.891435,539.480864
3.960121,147.138991,541.483534
-9.164956,157.057469,545.500450
-21.975663,167.715749,551.111617
-33.933406,-179.606808,557.364977
-44.165274,-163.175673,563.019212
-51.175537,-141.249221,566.879784
-53.043357,-114.828479,568.123335
-49.054118,-89.630241,566.517498
-40.620741,-69.889086,562.478288
-29.613393,-55.099074,556.951187
-17.266863,-43.357671,551.147141
-4.294740,-33.113469,546.205920
8.828261,-23.203039,542.886943
21.675123,-12.558398,541.386498
33.703954,0.104650,541.341857
44.031767,16.540992,542.017236
51.136315,38.543435,542.602319
53.045232,65.142129,542.518797
48.921012,95.828519,541.617427
40.349655,115.568806,540.298038
29.224212,130.325497,539.303369
16.793701,142.040985,539.495061
3.777629,152.276557,541.525798
-9.346073,162.197859,545.569135
-22.149092,172.874575,551.196756
-34.089953,-174.408884,557.450592
-44.289029,-157.911600,563.087580
-51.240803,-135.904440,566.916261
-53.026858,-109.454453,568.120311
-48.962670,-84.315604,566.476388
-40.481814,-64.654063,562.409066
-29.448985,-49.919314,556.869592
-17.089713,-38.208153,551.070287
-4.112539,-27.975976,546.147569
9.009622,-18.062803,542.853895
21.849313,-7.399788,541.377305
33.861700,5.302433,541.348248
44.156935,21.805481,542.027714
51.202652,43.890056,542.606623
53.028699,70.518955,542.511703
48.827648,101.143727,541.600613
40.208900,120.803438,540.279989
29.058385,135.504803,539.296008
16.615657,147.190256,539.509621
3.595117,157.414063,541.568460
-9.527131,167.338391,545.638135
-22.322359,178.033787,551.282021
-34.246176,-169.210237,557.536088
-44.412169,-152.646425,563.155593
-51.305053,-130.558693,566.952223
-53.009187,-104.080721,568.116727
-48.870368,-79.002116,566.434802
-40.342408,-59.420003,562.339556
-29.284329,-44.740129,556.787949
-16.912447,-33.058915,550.993609
-3.930310,-22.838544,546.089541
9.190930,-12.922426,542.821208
22.023348,-2.240793,541.368397
34.019125,10.500945,541.354776
44.281488,27.071086,542.038169
51.267962,49.237665,542.610790
53.010976,75.895484,542.504447
48.733427,106.457763,541.583713
40.067671,126.037103,540.262002
28.892317,140.683537,539.288883
16.437504,152.339252,539.524545
3.412585,162.551514,541.611520
-9.708127,172.479069,545.707448
-22.495463,-176.806612,551.367408
-34.402070,-164.010860,557.621460
-44.534689,-147.380143,563.223247
-51.368280,-125.211990,566.987666
-52.990345,-98.707304,568.112583
-48.777217,-73.689780,566.392741
-40.202527,-54.186901,562.269760
-29.119427,-39.561513,556.706259
-16.735067,-27.909951,550.917109
-3.748055,-17.701169,546.031838
9.372184,-7.781904,542.788880
22.197228,2.918590,541.359773
34.176227,15.700188,541.361439
44.405421,32.337812,542.048599
51.332239,54.586253,542.614817
52.992065,81.271694,542.497028
48.638354,111.770624,541.566727
39.925970,131.269804,540.244081
28.726011,145.861704,539.281994
16.259246,157.487975,539.539834
3.230036,167.688911,541.654978
-9.889061,177.619894,545.777071
-22.668402,-171.646618,551.452914
-34.557633,-158.810748,557.706706
-44.656583,-142.112751,563.290541
-51.430481,-119.864343,567.022591
-52.970334,-93.334222,568.107880
-48.683222,-68.378600,566.350208
-40.062175,-48.954752,562.199683
-28.954283,-34.383463,556.624528
-16.557574,-22.761260,550.840790
-3.565775,-12.563848,545.974461
9.553382,-2.641236,542.756911
22.370949,8.078367,541.351430
34.333002,20.900171,541.368236
44.528727,37.605662,542.059002
51.395479,59.935808,542.618705
52.971968,86.647567,542.489448
48.542435,117.082308,541.549659
39.783803,136.501547,540.226228
28.559468,151.039307,539.275344
16.080882,162.636431,539.555490
3.047471,172.826257,541.698833
-10.069931,-177.239129,545.847003
-22.841176,-166.486227,551.538536
-34.712861,-153.609896,557.791821
-44.777846,-136.844244,563.357471
-51.491649,-114.515763,567.056994
-52.949156,-87.961493,568.102618
-48.588391,-63.068576,566.307205
-39.921356,-43.723550,562.129327
-28.788898,-29.205972,556.542758
-16.379969,-17.612837,550.764654
-3.383472,-7.426579,545.917412
9.734525,2.499582,542.725301
22.544511,13.238540,541.343369
34.489448,26.100897,541.375164
44.651403,42.874640,542.069374
51.457674,65.286319,542.622453
52.950686,92.023082,542.481706
48.445676,122.392814,541.532508
39.641173,141.732339,540.208445
28.392692,156.216353,539.268935
15.902414,167.784621,539.571513
2.864889,177.963555,541.743084
-10.250736,-172.097998,545.917241
-23.013781,-161.325434,551.624272
-34.867751,-148.408298,557.876802
-44.898473,-131.574620,563.424035
-51.551781,-109.166259,567.090876
-52.926814,-82.589138,568.096796
-48.492728,-57.759711,566.263733
-39.780074,-38.493289,562.058694
-28.623275,-24.029036,556.460952
-16.202255,-12.464680,550.688705
-3.201145,-2.289359,545.860692
9.915610,7.640554,542.694050
22.717911,18.399114,541.335585
34.645561,31.302372,541.382220
44.773443,48.144751,542.079716
51.518822,70.637776,542.626059
52.928222,97.398219,542.473803
48.348083,127.702138,541.515278
39.498086,146.962185,540.190734
28.225684,161.392846,539.262770
15.723844,172.932549,539.587905
2.682294,-176.899192,541.787733
-10.431475,-166.956711,545.987783
-23.186216,-156.164237,551.710117
-35.022301,-143.205949,557.961646
-45.018459,-126.303875,563.490229
-51.610870,-103.815845,567.124235
-52.903308,-77.217175,568.090417
-48.396239,-52.452006,566.219795
-39.638333,-33.263965,561.987789
-28.457415,-18.852650,556.379115
-16.024432,-7.316784,550.612945
-3.018796,2.847815,545.804302
10.096636,12.781681,542.663156
22.891148,23.560093,541.328079
34.801338,36.504602,541.389403
44.894840,53.415998,542.090024
51.578916,75.990167,542.629523
52.904577,102.772959,542.465740
48.249662,133.010281,541.497970
39.354544,152.191091,540.173099
28.058447,166.568791,539.256851
15.545174,178.080220,539.604667
2.499684,-171.761982,541.832777
-10.612146,-161.815263,546.058628
-23.358479,-151.002630,551.796068
-35.176507,-138.002843,558.046349
-45.137798,-121.032005,563.556052
-51.668913,-98.464531,567.157069
-52.878642,-71.845624,568.083479
-48.298931,-47.145463,566.175394
-39.496138,-28.035572,561.916615
-28.291322,-13.676811,556.297249
-15.846502,-2.169147,550.537376
-2.836427,7.984945,545.748244
10.277602,17.922967,542.632620
23.064221,28.721482,541.320848
34.956776,41.707593,541.396710
45.015591,58.688384,542.100296
51.637951,81.343479,542.632843
52.879755,108.147282,542.457516
48.150420,138.317241,541.480585
39.210552,157.419062,540.155541
27.890983,171.744192,539.251179
15.366404,-176.772365,539.621801
2.317063,-166.624811,541.878217
-10.792749,-156.673652,546.129773
-23.530569,-145.840610,551.882122
-35.330366,-132.798975,558.130908
-45.256486,-115.759007,563.621499
-51.725904,-93.112330,567.189377
-52.852818,-66.474503,568.075984
-48.200808,-41.840084,566.130530
-39.353493,-22.808104,561.845174
-28.124998,-8.501512,556.215358
-15.668466,2.978236,550.462002
-2.654038,13.122035,545.692518
10.458507,23.064415,542.602442
23.237126,33.883283,541.313890
35.111872,46.911350,541.404138
45.135689,63.961913,542.110531
51.695923,86.697702,542.636019
52.853757,113.521168,542.449133
48.050361,143.623016,541.463125
39.066114,162.646103,540.138063
27.723294,176.919054,539.245757
15.187536,-171.625202,539.639306
2.134430,-161.487677,541.924051
-10.973282,-151.531874,546.201216
-23.702484,-140.678172,551.968277
-35.483875,-127.594339,558.215320
-45.374516,-110.484879,563.686569
-51.781838,-87.759254,567.221157
-52.825838,-61.103831,568.067931
-48.101878,-36.535870,566.085207
-39.210400,-17.581555,561.773471
-27.958444,-3.326749,556.133444
-15.490326,8.125366,550.386824
-2.471631,18.259086,545.637125
10.639350,28.206029,542.572620
23.409863,39.045502,541.307205
35.266622,52.115879,541.411686
45.255130,69.236588,542.120727
51.752827,92.052821,542.639049
52.826586,118.894599,542.440591
47.949493,148.927607,541.445592
38.921235,167.872222,540.120667
27.555383,-177.906618,539.240588
15.008572,-166.478286,539.657185
1.951788,-156.350578,541.970281
-11.153744,-146.389928,546.272955
-23.874222,-135.515313,552.054528
-35.637030,-122.388930,558.299579
-45.491884,-105.209616,563.751258
-51.836712,-82.405316,567.252409
-52.797705,-55.733626,568.059323
-48.002145,-31.232821,566.039426
-39.066865,-12.355920,561.701507
-27.791663,1.847482,556.051513
-15.312082,13.272248,550.311845
-2.289206,23.396103,545.582067
10.820129,33.347810,542.543154
23.582430,44.208142,541.300788
35.421024,57.321186,541.419351
45.373907,74.512412,542.130881
51.808657,97.408826,542.641934
52.798244,124.267556,542.431890
47.847821,154.231011,541.427988
38.775917,173.097423,540.103355
27.387251,-172.732819,539.235672
14.829512,-161.331616,539.675438
1.769136,-151.213509,542.016904
-11.334134,-141.247810,546.344988
-24.045781,-130.352028,552.140873
-35.789829,-117.182742,558.383685
-45.608584,-99.933216,563.815564
-51.890520,-77.050527,567.283131
-52.768421,-50.363908,568.050158
-47.901615,-25.930938,565.993190
-38.922892,-7.131193,561.629286
-27.624658,7.021186,555.969566
-15.133737,18.418885,550.237068
-2.106765,28.533087,545.527345
11.000844,38.489762,542.514044
23.754824,49.371208,541.294640
35.575073,62.527276,541.427131
45.492015,79.789389,542.140992
51.863409,102.765702,542.644671
52.768735,129.640018,542.423031
47.745350,159.533230,541.410315
38.630166,178.321712,540.086131
27.218902,-167.559544,539.231013
14.650358,-156.185188,539.694066
1.586476,-146.076470,542.063920
-11.514451,-136.105516,546.417312
-24.217159,-125.188313,552.227308
-35.942268,-111.975769,558.467632
-45.724611,-94.655677,563.879484
-51.943258,-71.694902,567.313321
-52.737989,-44.994694,568.040438
-47.800294,-20.630222,565.946500
-38.778484,-1.907369,561.556813
-27.457429,12.194368,555.887607
-14.955291,23.565280,550.162496
-1.924309,33.670041,545.472960
11.181492,43.631888,542.485289
23.927044,54.534703,541.288759
35.728767,67.734154,541.435023
45.609449,85.067522,542.151058
51.917079,108.123436,542.647261
52.738060,135.011969,542.414014
47.642087,164.834261,541.392574
38.483984,-176.454905,540.068996
27.050337,-162.386790,539.226613
14.471112,-151.038997,539.713071
1.403810,-140.939456,542.111330
-11.694693,-130.963044,546.489926
-24.388354,-120.024165,552.313829
-36.094343,-106.768006,558.551417
-45.839960,-89.376995,563.943016
-51.994921,-66.338454,567.342980
-52.706412,-39.626003,568.030162
-47.698189,-15.330673,565.899360
-38.633644,3.315557,561.484088
-27.289981,17.367032,555.805639
-14.776746,28.711436,550.088130
-1.741838,38.806969,545.418913
11.362073,48.774192,542.456888
24.099088,59.698633,541.283141
35.882102,72.941827,541.443025
45.726203,90.346814,542.161076
51.969661,113.482015,542.649702
52.706224,140.383390,542.404841
47.538038,170.134106,541.374768
38.337377,-171.232423,540.051953
26.881558,-157.214550,539.222474
14.291775,-145.893042,539.732453
1.221137,-135.802466,542.159131
-11.874859,-125.820391,546.562826
-24.559365,-114.859578,552.400435
-36.246052,-101.559448,558.635037
-45.954624,-84.097167,564.006156
-52.045505,-60.981197,567.372104
-52.673693,-34.257852,568.019333
-47.595304,-10.032291,565.851770
-38.488378,8.537592,561.411117
-27.122313,22.539184,555.723667
-14.598103,33.857357,550.013974
-1.559354,43.943872,545.365205
11.542585,53.916675,542.428842
24.270955,64.863000,541.277787
36.035075,78.150300,541.451135
45.842271,95.627267,542.171046
52.021152,118.841425,542.651994
52.673228,145.754261,542.395511
47.433208,175.432765,541.356897
38.190348,-166.010835,540.035004
26.712568,-152.042822,539.218597
14.112348,-140.747319,539.752214
1.038461,-130.665495,542.207324
-12.054947,-120.677554,546.636012
-24.730189,-109.694549,552.487121
-36.397391,-96.350088,558.718489
-46.068599,-78.816193,564.068902
-52.095005,-55.623143,567.400694
-52.639835,-28.890258,568.007950
-47.491646,-4.735077,565.803734
-38.342688,13.758742,561.337902
-26.954430,27.710826,555.641692
-14.419365,39.003046,549.940030
-1.376859,49.080754,545.311837
11.723028,59.059342,542.401148
24.442641,70.027810,541.272693
36.187682,83.359580,541.459351
45.957649,100.908883,542.180964
52.071546,124.201652,542.654136
52.639077,151.124565,542.386026
47.327604,-179.269762,541.338965
38.042900,-160.790136,540.018152
26.543369,-146.871599,539.214986
13.932832,-135.601824,539.772354
0.855780,-125.528543,542.255908
-12.234958,-115.534529,546.709481
-24.900825,-104.529073,552.573883
-36.548357,-91.139922,558.801769
-46.181878,-73.534068,564.131252
-52.143418,-50.264308,567.428749
-52.604841,-23.523240,567.996014
-47.387219,0.560970,565.755254
-38.196579,18.979011,561.264446
-26.786332,32.881965,555.559719
-14.240531,44.148506,549.866301
-1.194352,54.217617,545.258810
11.903400,64.202195,542.373808
24.614146,75.193067,541.267858
36.339921,88.569670,541.467670
46.072329,106.191667,542.190830
52.120839,129.562682,542.656126
52.603772,156.494285,542.376385
47.221232,-173.973476,541.320972
37.895038,-155.570320,540.001399
26.373962,-141.700878,539.211641
13.753229,-130.456554,539.792874
0.673098,-120.391605,542.304882
-12.414888,-110.391313,546.783229
-25.071271,-99.363146,552.660720
-36.698946,-85.928943,558.884873
-46.294457,-68.250791,564.193203
-52.190739,-44.904706,567.456266
-52.568714,-18.156814,567.983526
-47.282031,5.855850,565.706332
-38.050054,24.198405,561.190753
-26.618023,38.052604,555.477750
-14.061603,49.293741,549.792788
-1.011836,59.354464,545.206125
12.083699,69.345238,542.346820
24.785466,80.358775,541.263280
36.491787,93.780579,541.476090
46.186308,111.475619,542.200641
52.169027,134.924500,542.657965
52.567318,161.863402,542.366591
47.114096,-168.678374,541.302921
37.746765,-150.351381,539.984748
26.204351,-136.530654,539.208566
13.573541,-125.311507,539.813775
0.490413,-115.254679,542.354245
-12.594738,-105.247904,546.857256
-25.241525,-94.196764,552.747627
-36.849154,-80.717145,558.967798
-46.406330,-62.966361,564.254751
-52.236964,-39.544352,567.483245
-52.531458,-12.790998,567.970486
-47.176086,11.149564,565.656970
-37.903117,29.416930,561.116826
-26.449503,43.222749,555.395790
-13.882583,54.438753,549.719494
-0.829311,64.491298,545.153783
12.263925,74.488473,542.320183
24.956602,85.524938,541.258957
36.643277,98.992310,541.484608
46.299578,116.760743,542.210395
52.216105,140.287091,542.659651
52.529719,167.231899,542.356642
47.006204,-163.384457,541.284814
37.598085,-145.133314,539.968200
26.034536,-131.360923,539.205762
13.393768,-120.166678,539.835059
0.307729,-110.117763,542.403998
-12.774506,-100.104299,546.931559
-25.411584,-89.029922,552.834601
-36.998980,-75.504525,559.050542
-46.517492,-57.680774,564.315896
-52.282089,-34.183260,567.509684
-52.493076,-7.425809,567.956896
-47.069391,16.442113,565.607170
-37.755772,34.634592,561.042669
-26.280775,48.392402,555.313841
-13.703471,59.583546,549.646422
-0.646779,69.628121,545.101785
12.444076,79.631904,542.293896
25.127549,90.691561,541.254888
36.794388,104.204870,541.493223
46.412135,122.047039,542.220091
52.262070,145.650440,542.661185
52.490976,172.599759,542.346541
46.897560,-158.091723,541.266651
37.449002,-139.916112,539.951759
25.864521,-126.191679,539.203231
13.213912,-115.022065,539.856726
0.125046,-104.980854,542.454138
-12.954190,-94.960493,547.006135
-25.581448,-83.862617,552.921638
-37.148418,-70.291074,559.133099
-46.627936,-52.394029,564.376633
-52.326110,-28.821445,567.535584
-52.453571,-2.061262,567.942755
-46.961951,21.733496,565.556936
-37.608022,39.851396,560.968283
-26.111842,53.561570,555.231906
-13.524270,64.728123,549.573574
-0.464240,74.764937,545.050132
12.624151,84.775534,542.267960
25.298308,95.858648,541.251070
36.945115,109.418265,541.501931
46.523973,127.334511,542.229727
52.306916,151.014532,542.662564
52.451094,177.966965,542.336287
46.788171,-152.800171,541.248437
37.299520,-134.699771,539.935427
25.694307,-121.022919,539.200975
13.033974,-109.877665,539.878777
-0.057636,-99.843948,542.504665
-13.133789,-89.816484,547.080981
-25.751113,-78.694844,553.008736
-37.297465,-65.076789,559.215467
-46.737658,-47.106125,564.436960
-52.369022,-23.458924,567.560942
-52.412947,3.302625,567.928065
-46.853771,27.023717,565.506269
-37.459872,45.067348,560.893674
-25.942705,58.730256,555.149989
-13.344981,69.872487,549.500953
-0.281695,79.901747,544.998824
12.804149,89.919365,542.242373
25.468874,101.026203,541.247501
37.095456,114.632500,541.510731
46.635086,132.623161,542.239301
52.350641,156.379350,542.663789
52.410077,-176.666500,542.325882
46.678043,-147.509800,541.230171
37.149642,-129.484284,539.919205
25.523896,-115.854638,539.198997
12.853955,-104.733474,539.901212
-0.240314,-94.707043,542.555579
-13.313303,-84.672270,547.156097
-25.920579,-73.526597,553.095891
-37.446118,-59.861663,559.297642
-46.846651,-41.817059,564.496875
-52.410823,-18.095711,567.585758
-52.371207,8.665837,567.912827
-46.744857,32.312774,565.455171
-37.311323,50.282454,560.818843
-25.773366,63.898465,555.068094
-13.165604,75.016641,549.428561
-0.099146,85.038556,544.947863
12.984068,95.063402,542.217135
25.639247,106.194232,541.244180
37.245407,119.847581,541.519621
46.745467,137.912989,542.248810
52.393240,161.744880,542.664859
52.367929,-171.300652,542.315326
46.567181,-142.220609,541.211857
36.999371,-124.269645,539.903098
25.353290,-110.686831,539.197299
12.673857,-99.589489,539.924033
-0.422989,-89.570137,542.606878
-13.492729,-79.527846,547.231479
-26.089842,-68.357875,553.183100
-37.594374,-54.645691,559.379622
-46.954910,-36.526832,564.556376
-52.451509,-12.731823,567.610031
-52.328356,14.028358,567.897041
-46.635216,37.600671,565.403646
-37.162381,55.496718,560.743795
-25.603827,69.066201,554.986223
-12.986141,80.160589,549.356400
0.083406,90.175365,544.897250
13.163907,100.207647,542.192244
25.809425,111.362737,541.241105
37.394965,125.063514,541.528597
46.855112,143.203997,542.258254
52.434709,167.111104,542.665772
52.324652,-165.935508,542.304620
46.455591,-136.932595,541.193496
36.848713,-119.055849,539.887107
25.182492,-105.519494,539.195882
12.493681,-94.445706,539.947240
-0.605658,-84.433227,542.658562
-13.672067,-74.383209,547.307125
-26.258901,-63.188670,553.270359
-37.742228,-49.428867,559.461402
-47.062429,-31.235441,564.615459
-52.491075,-7.367275,567.633760
-52.284397,19.390171,567.880708
-46.524852,42.887408,565.351695
-37.013049,60.710148,560.668532
-25.434091,74.233469,554.904380
-12.806593,85.304334,549.284472
0.265961,95.312177,544.846984
13.343664,105.352103,542.167701
25.979404,116.531724,541.238273
37.544125,130.280304,541.537659
46.964015,148.496187,542.267631
52.475045,172.478007,542.666530
52.280252,-160.571084,542.293764
46.343279,-131.645757,541.175091
36.697669,-113.842890,539.871234
25.011503,-100.352624,539.194748
12.313429,-89.302124,539.970835
-0.788321,-79.296309,542.710629
-13.851314,-69.238357,547.383032
-26.427755,-58.018980,553.357665
-37.889677,-44.211186,559.542979
-47.169204,-25.942885,564.674123
-52.529519,-2.002085,567.656943
-52.239334,24.751262,567.863829
-46.413771,48.172986,565.299321
-36.863330,65.922748,560.593059
-25.264158,79.400273,554.822567
-12.626962,90.447878,549.212780
0.448516,100.448996,544.797068
13.523340,110.496774,542.143503
26.149184,121.701197,541.235682
37.692883,135.497958,541.546802
47.072170,153.789560,542.276938
52.514243,177.845572,542.667130
52.234732,-155.207395,542.282761
46.230250,-126.360093,541.156642
36.546244,-108.630762,539.855482
24.840325,-95.186214,539.193899
12.133101,-84.158738,539.994817
-0.970976,-74.159382,542.763080
-14.030471,-64.093286,547.459198
-26.596400,-52.848800,553.445015
-38.036718,-38.992641,559.624351
-47.275227,-20.649164,564.732365
-52.566836,3.363732,567.679581
-52.193172,30.111616,567.846405
-46.301979,53.457409,565.246526
-36.713227,71.134524,560.517377
-25.094032,84.566617,554.740789
-12.447249,95.591225,549.141327
0.631072,105.585823,544.747501
13.702931,115.641662,542.119651
26.318763,126.871161,541.233332
37.841237,140.716481,541.556026
47.179571,159.084118,542.286174
52.552301,-176.786219,542.667573
52.188096,-149.844457,542.271610
46.116510,-121.075602,541.138153
36.394441,-103.419460,539.839853
24.668960,-90.020262,539.193339
11.952699,-79.015546,540.019188
-1.153623,-69.022442,542.815912
-14.209535,-58.947993,547.535620
-26.764835,-47.678125,553.532405
-38.183346,-33.773227,559.705512
-47.380493,-15.354277,564.790181
-52.603024,8.730158,567.701671
-52.145913,35.471217,567.828437
-46.189482,58.740677,565.193313
-36.562745,76.345482,560.441491
-24.923714,89.732505,554.659049
-12.267455,100.734378,549.070113
0.813626,110.722661,544.698285
13.882437,120.786772,542.096143
26.488137,132.041620,541.231219
37.989182,145.935879,541.565328
47.286212,164.379860,542.295337
52.589214,-171.417381,542.667858
52.140348,-144.482286,542.260312
46.002065,-115.792280,541.119624
36.242263,-98.208978,539.824350
24.497411,-84.854762,539.193067
11.772224,-73.872545,540.043949
-1.336261,-63.885486,542.869125
-14.388505,-53.802475,547.612297
-26.933057,-42.506951,553.619831
-38.329558,-28.552939,559.786461
-47.484997,-10.058223,564.847571
-52.638079,14.097177,567.723214
-52.097563,40.830050,567.809926
-46.076284,64.022793,565.139685
-36.411887,81.555627,560.365404
-24.753206,94.897942,554.577349
-12.087582,105.877340,548.999143
0.996178,115.859514,544.649420
14.061857,125.932106,542.072979
26.657306,137.212579,541.229342
38.136715,151.156158,541.574705
47.392087,169.676787,542.304426
52.624979,-166.047933,542.667983
52.091494,-139.120896,542.248868
45.886920,-110.510125,541.101059
36.089715,-92.999309,539.808976
24.325679,-79.689711,539.193087
11.591677,-68.729730,540.069099
-1.518887,-58.748513,542.922719
-14.567380,-48.656728,547.689225
-27.101066,-37.335273,553.707291
-38.475350,-23.331771,559.867193
-47.588733,-4.761002,564.904531
-52.671998,19.464771,567.744208
-52.048125,46.188103,567.790872
-45.962391,69.303760,565.085643
-36.260655,86.764965,560.289120
-24.582509,100.062933,554.495693
-11.907630,111.020115,548.928418
1.178727,120.996383,544.600907
14.241189,131.077667,542.050158
26.826266,142.384042,541.227699
38.283832,156.377323,541.584155
47.497191,174.974901,542.313438
52.659593,-160.677893,542.667950
52.041536,-133.760301,542.237279
45.771082,-105.229136,541.082459
35.936800,-87.790449,539.793732
24.153766,-74.525103,539.193400
11.411061,-63.587100,540.094640
-1.701502,-53.611518,542.976691
-14.746159,-43.510750,547.766402
-27.268857,-32.163087,553.794781
-38.620719,-18.109718,559.947705
-47.691695,0.537386,564.961059
-52.704777,24.832923,567.764653
-51.997604,51.545359,567.771278
-45.847809,74.583578,565.031191
-36.109054,91.973501,560.212641
-24.411627,105.227480,554.414084
-11.727601,116.162704,548.857939
1.361272,126.133273,544.552747
14.420431,136.223459,542.027679
26.995016,147.556014,541.226287
38.430528,161.599380,541.593676
47.601517,-179.725799,542.322372
52.693052,-155.307277,542.667757
51.990479,-128.400517,542.225547
45.654555,-99.949309,541.063826
35.783520,-82.582391,539.778621
23.981674,-69.360936,539.194009
11.230375,-58.444651,540.120573
-1.884104,-48.474500,543.031042
-14.924840,-38.364537,547.843825
-27.436431,-26.990388,553.882297
-38.765660,-12.886772,560.027995
-47.793877,5.836941,565.017153
-52.736414,30.201615,567.784547
-51.946004,56.901806,567.751143
-45.732544,79.862251,564.976331
-35.957087,97.181242,560.135970
-24.240560,110.391589,554.332525
-11.547495,121.305112,548.787710
1.543811,131.270185,544.504939
14.599583,141.369485,542.005540
27.163554,152.728499,541.225105
38.576801,166.822335,541.603266
47.705060,-174.425312,542.331227
52.725354,-149.936104,542.667404
51.938328,-123.041558,542.213671
45.537346,-94.670642,541.045162
35.629880,-77.375131,539.763646
23.809405,-64.197204,539.194914
11.049621,-53.302381,540.146897
-2.066692,-43.337456,543.085769
-15.103422,-33.218085,547.921493
-27.603783,-21.817172,553.969837
-38.910170,-7.662930,560.108058
-47.895274,11.137664,565.072810
-52.766906,35.570829,567.803891
-51.893329,62.257429,567.730470
-45.616600,85.139781,564.921065
-35.804756,102.388192,560.059112
-24.069311,115.555264,554.251020
-11.367316,126.447341,548.717733
1.726344,136.407122,544.457486
14.778644,146.515748,541.983741
27.331878,157.901502,541.224151
38.722646,172.046194,541.612922
47.807814,-169.123638,542.340000
52.756496,-144.564392,542.666890
51.885088,-117.683438,542.201653
