51.706723,-111.572577,542.162091
45.156231,-88.817021,540.985007
35.133878,-71.748431,539.716462
23.254779,-58.707922,539.199831
10.468467,-47.880317,540.234099
-2.653188,-37.930803,543.264097
-15.676467,-27.779770,548.172601
-28.139918,-16.290964,554.251161
-39.371474,-1.971497,560.363680
-48.215651,17.077847,565.248620
-52.857087,41.726488,567.862291
-51.716883,68.360377,567.660416
-45.239579,90.989865,564.740807
-35.312946,108.013940,559.810977
-23.517924,121.044373,553.989594
-10.787959,131.869267,548.494675
2.312712,141.813422,544.307467
15.353275,151.953452,541.916030
27.871174,163.427030,541.222631
39.188262,177.737728,541.644391
48.132522,-163.180263,542.367634
52.848656,-138.400603,542.664155
51.648944,-106.218136,542.149485
45.036206,-83.543207,540.966236
34.978755,-66.544465,539.702084
23.081784,-53.545979,539.202009
10.287441,-42.738763,540.262081
-2.835705,-32.793618,543.320401
-15.854616,-22.632279,548.251267
-28.306317,-11.115517,554.338761
-39.514124,3.256185,560.442753
-48.313676,22.383480,565.302412
-52.882725,47.097703,567.879306
-51.659732,73.712388,567.637483
-45.120837,96.262612,564.683861
-35.159123,113.217622,559.733365
-23.345926,126.206264,553.908350
-10.607479,137.010777,548.425780
2.495205,146.950496,544.261511
15.531933,157.100751,541.895652
28.038569,168.602268,541.222613
39.332261,-177.034543,541.654301
48.231886,-157.873595,542.376046
52.874877,-133.026825,542.662960
51.590100,-100.864601,542.136742
44.915527,-78.270536,540.947445
34.823289,-61.341266,539.687854
22.908622,-48.384451,539.204494
10.106354,-37.597371,540.290459
-3.018203,-27.656391,543.377075
-16.032659,-17.484532,548.330164
-28.472483,-5.939529,554.426365
-39.656323,8.484794,560.521582
-48.410885,27.690275,565.355755
-52.907204,52.469343,567.895767
-51.601530,79.063510,567.614017
-45.001445,101.534233,564.626523
-35.004954,118.420543,559.655582
-23.173756,131.367742,553.827176
-10.426929,142.152124,548.357149
2.677686,152.087609,544.215912
15.710493,162.248304,541.875609
28.205738,173.778048,541.222812
39.475811,-171.805881,541.664265
48.330430,-152.565742,542.384368
52.899923,-127.652606,542.661601
51.530196,-95.511986,542.123863
44.794199,-72.999005,540.928636
34.667482,-56.138829,539.673775
22.735295,-43.223332,539.207288
9.925206,-32.456139,540.319231
-3.200680,-22.519122,543.434120
-16.210595,-12.336527,548.409288
-28.638414,-0.762994,554.513971
-39.798066,13.714333,560.600164
-48.507273,32.998232,565.408648
-52.930522,57.841392,567.911673
-51.542283,84.413730,567.590019
-44.881407,106.804729,564.568796
-34.850441,123.622708,559.577633
-23.001414,136.528811,553.746075
-10.246313,147.293311,548.288782
2.860154,157.224764,544.170670
15.888952,167.396116,541.855900
28.372679,178.954375,541.223226
39.618909,-166.576279,541.674282
48.428147,-147.256708,542.392599
52.923791,-122.277965,542.660080
51.469238,-90.160301,542.110849
44.672228,-67.728610,540.909812
34.511339,-50.937149,539.659849
22.561804,-38.062618,539.210392
9.744000,-27.315063,540.348400
-3.383135,-17.381806,543.491533
-16.388421,-7.188259,548.488637
-28.804109,4.414092,554.601576
-39.939348,18.944810,560.678495
-48.602834,38.307349,565.461087
-52.952676,63.213829,567.927023
-51.481995,89.763036,567.565491
-44.760730,112.074105,564.510682
-34.695590,128.824123,559.499520
-22.828904,141.689476,553.665051
-10.065631,152.434342,548.220683
3.042607,162.361965,544.125785
16.067309,172.544188,541.836523
28.539389,-175.868746,541.223852
39.761550,-161.345733,541.684348
48.525033,-141.946492,542.400736
52.946480,-116.902922,542.658395
51.407229,-84.809559,542.097702
44.549618,-62.459349,540.890974
34.354861,-45.736218,539.646078
22.388150,-32.902306,539.213809
9.562735,-22.174140,540.377965
-3.565567,-12.244440,543.549314
-16.566138,-2.039726,548.568208
-28.969565,9.591734,554.689175
-40.080167,24.176230,560.756573
-48.697562,43.617625,565.513070
-52.973666,68.586634,567.941817
-51.420672,95.111417,567.540432
-44.639418,117.342364,564.452184
-34.540401,134.024793,559.421247
-22.656225,146.849740,553.584106
-9.884884,157.575218,548.152851
3.225045,167.499214,544.081259
16.245564,177.692525,541.817477
28.705866,-170.691310,541.224689
39.903730,-156.114236,541.694463
48.621081,-136.635097,542.408779
52.967987,-111.527497,542.656546
51.344175,-79.459770,542.084422
44.426376,-57.191217,540.872124
34.198053,-40.536033,539.632466
22.214337,-27.742392,539.217540
9.381415,-17.033367,540.407926
-3.747975,-7.107023,543.607461
-16.743742,3.109076,548.647998
-29.134780,14.769937,554.776766
-40.220518,29.408598,560.834394
-48.791451,48.929056,565.564596
-52.993487,73.959790,567.956054
-51.358317,100.458862,567.514845
-44.517477,122.609509,564.393305
-34.384879,139.224724,559.342817
-22.483381,152.009608,553.503244
-9.704073,162.715944,548.085291
3.407466,172.636513,544.037091
16.423713,-177.158869,541.798762
28.872108,-165.513311,541.225735
40.045444,-150.881782,541.704622
48.716284,-131.322524,542.416725
52.988311,-106.151709,542.654534
51.280083,-74.110947,542.071010
44.302507,-51.924210,540.853266
34.040918,-35.336587,539.619013
22.040365,-22.582871,539.221587
9.200038,-11.892741,540.438285
-3.930357,-1.969552,543.665973
-16.921233,8.258151,548.728005
-29.299750,19.948705,554.864345
-40.360396,34.641919,560.911955
-48.884496,54.241642,565.615663
-53.012140,79.333275,567.969734
-51.294937,105.805360,567.488732
-44.394912,127.875545,564.334047
-34.229027,144.423921,559.264234
-22.310373,157.169083,553.422467
-9.523200,167.856521,548.018003
3.589870,177.773865,543.993282
16.601757,-172.009992,541.780376
29.038112,-160.334747,541.226986
40.186689,-145.648367,541.714825
48.810638,-126.008777,542.424574
53.007448,-100.775578,542.652357
51.214955,-68.763099,542.057468
44.178016,-46.658324,540.834400
33.883458,-30.137875,539.605723
21.866237,-17.423740,539.225951
9.018608,-6.752260,540.469042
-4.112714,3.167977,543.724848
-17.098610,13.407501,548.808227
-29.464475,25.128044,554.951908
-40.499798,39.876200,560.989252
-48.976690,59.555380,565.666267
-53.029621,84.707072,567.982856
-51.230536,111.150901,567.462092
-44.271728,133.140474,564.274413
-34.072847,149.622389,559.185501
-22.137202,162.328170,553.341779
-9.342266,172.996953,547.950991
3.772254,-177.088726,543.949833
16.779693,-166.860841,541.762318
29.203876,-155.155610,541.228442
40.327461,-140.413985,541.725068
48.904135,-120.693856,542.432323
53.025398,-95.399125,542.650016
51.148799,-63.416237,542.043797
44.052908,-41.393555,540.815529
33.725676,-24.939892,539.592598
21.691953,-12.264995,539.230636
8.837124,-1.611921,540.500196
-4.295043,8.305566,543.784086
-17.275870,18.557130,548.888659
-29.628952,30.307958,555.039452
-40.638720,45.111445,561.066283
-49.068028,64.870266,565.716407
-53.045930,90.081159,567.995420
-51.165120,116.495473,567.434928
-44.147929,138.404301,564.214406
-33.916343,154.820135,559.106621
-21.963871,167.486871,553.261183
-9.161272,178.137244,547.884255
3.954619,-171.951258,543.906743
16.957520,-161.711411,541.744586
29.369398,-149.975897,541.230100
40.467754,-135.178629,541.735350
48.996771,-115.377764,542.439972
53.042158,-90.022369,542.647510
51.081619,-58.070371,542.029998
43.927188,-36.129900,540.796655
33.567576,-19.742631,539.579641
21.517517,-7.106631,539.235641
8.655589,3.528281,540.531749
-4.477344,13.443218,543.843685
-17.453013,23.707043,548.969300
-29.793177,35.488451,555.126973
-40.777156,50.347660,561.143044
-49.158503,70.186298,565.766081
-53.061064,95.455516,568.007426
-51.098693,121.839068,567.407241
-44.023522,143.667030,564.154029
-33.759518,160.017163,559.027598
-21.790381,172.645192,553.180683
-8.980220,-176.722605,547.817797
4.136963,-166.813729,543.864014
17.135237,-156.561699,541.727180
29.534674,-144.795603,541.231958
40.607565,-129.942295,541.745668
49.088538,-110.060505,542.447518
53.057727,-84.645331,542.644839
51.013421,-52.725512,542.016073
43.800862,-30.867354,540.777781
33.409161,-14.546087,539.566854
21.342929,-1.948644,539.240969
8.474003,8.668346,540.563700
-4.659615,18.580936,543.903644
-17.630037,28.857241,549.050147
-29.957149,40.669530,555.214469
-40.915103,55.584850,561.219531
-49.248111,75.503473,565.815287
-53.075023,100.830125,568.018873
-51.031261,127.181675,567.379033
-43.898512,148.928665,564.093284
-33.602373,165.213479,558.948435
-21.616734,177.803136,553.100280
-8.799109,-171.582590,547.751620
4.319284,-161.676135,543.821644
17.312842,-151.411702,541.710099
29.699704,-139.614722,541.234014
40.746890,-124.704976,541.756021
49.179432,-104.742081,542.454960
53.072103,-79.268031,542.642002
50.944209,-47.381668,542.002021
43.673935,-25.605913,540.758908
33.250433,-9.350255,539.554238
21.168191,3.208968,539.246622
8.292368,13.808280,540.596050
-4.841855,23.718722,543.963961
-17.806941,34.007729,549.131196
-30.120866,45.851199,555.301935
-41.052557,60.823021,561.295743
-49.336845,80.821788,565.864023
-53.087805,106.204965,568.029760
-50.962829,132.523285,567.350304
-43.772902,154.189210,564.032175
-33.444914,170.409088,558.869136
-21.442931,-177.039292,553.019978
-8.617942,-166.442708,547.685725
4.501583,-156.538473,543.779635
17.490333,-146.261416,541.693340
29.864483,-134.433250,541.236265
40.885723,-119.466668,541.766405
49.269446,-99.422495,542.462297
53.085285,-73.890490,542.639001
50.873990,-42.038850,541.987846
43.546411,-20.345572,540.740039
33.091396,-4.155130,539.541798
20.993305,8.366211,539.252601
8.110685,18.948083,540.628799
-5.024064,28.856579,544.024634
-17.983722,39.158510,549.212446
-30.284325,51.033463,555.389368
-41.189513,66.062178,561.371675
-49.424700,86.141239,565.912286
-53.099408,111.580015,568.040088
-50.893402,137.863888,567.321057
-43.646699,159.448669,563.970703
-33.287141,175.603995,558.789704
-21.268974,-171.882090,552.939781
-8.436720,-161.302957,547.620115
4.683857,-151.400742,543.737987
17.667710,-141.110838,541.676903
30.029011,-129.251182,541.238710
41.024061,-114.227365,541.776819
49.358574,-94.101751,542.469527
53.097272,-68.512728,542.635834
50.802769,-36.697066,541.973547
43.418297,-15.086327,540.721176
32.932052,1.039295,539.529534
20.818272,13.523088,539.258909
7.928954,24.087760,540.661948
-5.206239,33.994511,544.085663
-18.160381,44.309587,549.293893
-30.447523,56.216326,555.476764
-41.325967,71.302326,561.447324
-49.511670,91.461822,565.960074
-53.109832,116.955256,568.049855
-50.822986,143.203476,567.291292
-43.519907,164.707046,563.908873
-33.129059,-179.201793,558.710142
-21.094865,-166.725254,552.859691
-8.255444,-156.163333,547.554791
4.866105,-146.262937,543.696700
17.844971,-135.959964,541.660787
30.193283,-124.068512,541.241346
41.161899,-108.987061,541.787260
49.446810,-88.779853,542.476650
53.108063,-63.134767,542.632502
50.730552,-31.356325,541.959127
43.289596,-9.828173,540.702321
32.772405,6.233024,539.517450
20.643095,18.679603,539.265546
7.747178,29.227313,540.695496
-5.388381,39.132519,544.147046
-18.336914,49.460965,549.375534
-30.610459,61.399794,555.564121
-41.461914,76.543471,561.522687
-49.597748,96.783533,566.007387
-53.119075,122.330667,568.059063
-50.751586,148.542041,567.261011
-43.392532,169.964346,563.846686
-32.970670,-174.008272,558.630453
-20.920606,-161.568778,552.779711
-8.074115,-151.023834,547.489755
5.048327,-141.125057,543.655775
18.022114,-130.808790,541.644991
30.357299,-118.885236,541.244170
41.299233,-103.745751,541.797726
49.534148,-83.456804,542.483662
53.117655,-57.756626,542.629004
50.657344,-26.016636,541.944586
43.160314,-4.571107,540.683477
32.612457,11.426063,539.505548
20.467775,23.835759,539.272514
7.565356,34.366746,540.729443
-5.570487,44.270607,544.208781
-18.513321,54.612646,549.457366
-30.773128,66.583872,555.651434
-41.597350,81.785618,561.597761
-49.682930,102.106368,566.054221
-53.127137,127.706228,568.067710
-50.679208,153.879573,567.230216
-43.264577,175.220573,563.784145
-32.811978,-168.815436,558.550642
-20.746197,-156.412661,552.699844
-7.892734,-145.884456,547.425008
5.230521,-135.987099,543.615210
18.199138,-125.657314,541.629512
30.521055,-113.701349,541.247182
41.436058,-98.503430,541.808216
49.620583,-78.132609,542.490563
53.126049,-52.378328,542.625340
50.583150,-20.678006,541.929926
43.030456,0.684878,540.664645
32.452211,16.618418,539.493830
20.292314,28.991562,539.279815
7.383492,39.506060,540.763791
-5.752558,49.408778,544.270867
-18.689601,59.764635,549.539387
-30.935530,71.768565,555.738700
-41.732271,87.028771,561.672543
-49.767209,107.430322,566.100574
-53.134017,133.081918,568.075796
-50.605856,159.216065,567.198908
-43.136049,-179.524268,563.721254
-32.652983,-163.623281,558.470712
-20.571642,-151.256897,552.620093
-7.711302,-140.745198,547.360553
5.412687,-130.849059,543.575008
18.376041,-120.505531,541.614350
30.684548,-108.516844,541.250379
41.572369,-93.260092,541.818726
49.706108,-72.807273,542.497353
53.133244,-46.999892,542.621510
50.507977,-15.340444,541.915148
42.900028,5.939785,540.645828
32.291670,21.810093,539.482298
20.116712,34.147013,539.287450
7.201584,44.645259,540.798539
-5.934590,54.547034,544.333303
-18.865751,64.916934,549.621594
-31.097661,76.953878,555.825916
-41.866672,92.272936,561.747030
-49.850579,112.755391,566.146445
-53.139714,138.457717,568.083321
-50.531537,164.551509,567.167088
-43.006952,-174.270173,563.658015
-32.493691,-158.431800,558.390665
-20.396940,-146.101483,552.540462
-7.529821,-135.606055,547.296391
5.594822,-125.710934,543.535167
18.552822,-115.353438,541.599503
30.847777,-103.331718,541.253758
41.708162,-88.015732,541.829255
49.790718,-67.480799,542.504028
53.139239,-41.621339,542.617515
50.431829,-10.003958,541.900253
42.769033,11.193619,540.627028
32.130837,27.001094,539.470955
19.940973,39.302118,539.295422
7.019636,49.784346,540.833688
-6.116584,59.685378,544.396086
-19.041770,70.069548,549.703984
-31.259519,82.139816,555.913077
-42.000548,97.518119,561.821218
-49.933036,118.081569,566.191832
-53.144228,143.833605,568.090284
-50.456256,169.885897,567.134759
-42.877290,-169.017138,563.594431
-32.334102,-153.240989,558.310506
-20.222095,-140.946415,552.460953
-7.348291,-130.467025,547.232525
5.776926,-120.572723,543.495688
18.729479,-110.201031,541.584970
31.010738,-98.145966,541.257317
41.843433,-82.770344,541.839800
49.874406,-62.153193,542.510588
53.144033,-36.242692,542.613353
50.354713,-4.668554,541.885244
42.637477,16.446385,540.608248
31.969715,32.191426,539.459804
19.765097,44.456880,539.303731
6.837647,54.923323,540.869236
-6.298539,64.823813,544.459215
-19.217657,75.222480,549.786553
-31.421102,87.326383,556.000182
-42.133895,102.764324,561.895104
-50.014573,123.408851,566.236733
-53.147558,149.209560,568.096687
-50.380018,175.219223,567.101922
-42.747068,-163.765156,563.530506
-32.174221,-148.050842,558.230237
-20.047107,-135.791690,552.381569
-7.166715,-125.328105,547.168955
5.958999,-115.434422,543.456571
18.906011,-105.048307,541.570750
31.173429,-92.959581,541.261054
41.978176,-77.523924,541.850360
49.957167,-56.824460,542.517032
53.147625,-30.863970,542.609026
50.276635,0.665761,541.870120
42.505365,21.698088,540.589490
31.808306,37.381096,539.448846
19.589086,49.611302,539.312380
6.655620,60.062194,540.905185
-6.480452,69.962342,544.522689
-19.393410,80.375734,549.869300
-31.582406,92.513586,556.087225
-42.266708,108.011556,561.968686
-50.095184,128.737232,566.281146
-53.149705,154.585562,568.102527
-50.302829,-179.448522,567.068578
-42.616292,-158.514225,563.466241
-32.014050,-142.861354,558.149863
-19.871978,-130.637303,552.302313
-6.985092,-120.189293,547.105683
6.141037,-110.296029,543.417816
19.082416,-99.895262,541.556841
31.335847,-87.772559,541.264967
42.112387,-72.276466,541.860931
50.038994,-51.494605,542.523358
53.150017,-25.485195,542.604533
50.197600,5.998978,541.854885
42.372701,26.948734,540.570755
31.646613,42.570107,539.438085
19.412942,54.765389,539.321369
6.473554,65.200962,540.941535
-6.662324,75.100968,544.586506
-19.569028,85.529313,549.952220
-31.743429,97.701430,556.174203
-42.398983,113.259821,562.041960
-50.174865,134.066705,566.325069
-53.150666,159.961591,568.107807
-50.224695,-174.117343,567.034730
-42.484966,-153.264338,563.401640
-31.853591,-137.672520,558.069386
-19.696710,-125.483252,552.223188
-6.803424,-115.050585,547.042712
6.323042,-105.157539,543.379423
19.258693,-94.741892,541.543242
31.497990,-82.584895,541.269054
42.246062,-67.027965,541.871512
50.119883,-46.163635,542.529564
53.151206,-20.106389,542.599874
50.117614,11.331093,541.839538
42.239490,32.198326,540.552047
31.484639,47.758465,539.427521
19.236666,59.919145,539.330701
6.291452,70.339628,540.978285
-6.844153,80.239693,544.650665
-19.744509,90.683221,550.035311
-31.904169,102.889918,556.261114
-42.530715,118.509122,562.114923
-50.253608,139.397265,566.368501
-53.150444,165.337625,568.112524
-50.145621,-168.787248,567.000378
-42.353095,-148.015492,563.336706
-31.692847,-132.484334,557.988810
-19.521305,-120.329532,552.144197
-6.621712,-109.911979,546.980042
6.505010,-100.018952,543.341392
19.434839,-89.588194,541.529951
31.659855,-77.396583,541.273312
42.379195,-61.778416,541.882102
50.199827,-40.831555,542.535651
53.151193,-14.727571,542.595050
50.036682,16.662098,541.824081
42.105738,37.446870,540.533367
31.322387,52.946176,539.417159
19.060260,65.072572,539.340377
6.109315,75.478197,541.015435
-7.025937,85.378521,544.715163
-19.919851,95.837461,550.118571
-32.064622,108.079058,556.347953
-42.661900,123.759466,562.187572
-50.331410,144.728906,566.411439
-53.149037,170.713645,568.116680
-50.065613,-163.458242,566.965524
-42.220683,-142.767681,563.271442
-31.531821,-127.296792,557.908138
-19.345763,-115.176140,552.065343
-6.439958,-104.773472,546.917676
6.686942,-94.880263,543.303724
19.610854,-84.434164,541.516967
31.821439,-72.207618,541.277739
42.511782,-56.527814,541.892696
50.278820,-35.498372,542.541615
53.149979,-9.348763,542.590059
49.954811,21.991987,541.808517
41.971448,42.694371,540.514718
31.159859,58.133245,539.406999
18.883725,70.225674,539.350397
5.927143,80.616671,541.052986
-7.207677,90.517453,544.779999
-20.095053,100.992038,550.201995
-32.224786,113.268853,556.434718
-42.792532,129.010856,562.259904
-50.408263,150.061620,566.453881
-53.146446,176.089630,568.120273
-49.984677,-158.130332,566.930171
-42.087735,-137.520900,563.205850
-31.370516,-122.109889,557.827375
-19.170086,-110.023072,551.986628
-6.258162,-99.635060,546.855615
6.868837,-89.741471,543.266417
19.786736,-79.279798,541.504288
31.982739,-67.017995,541.282333
42.643818,-51.276154,541.903294
50.356857,-30.164091,542.547457
53.147562,-3.969987,542.584903
49.872007,27.320755,541.792845
41.836626,47.940834,540.496102
30.997057,63.319677,539.397045
18.707064,75.378456,539.360765
5.744938,85.755052,541.090938
-7.389369,95.656494,544.845171
-20.270113,106.146955,550.285581
-32.384659,118.459309,556.521403
-42.922607,134.263299,562.331915
-50.484162,155.395402,566.495827
-53.142671,-178.534441,568.123305
-49.902818,-152.803522,566.894319
-41.954256,-132.275145,563.139934
-31.208934,-116.923619,557.746522
-18.994277,-104.870325,551.908057
-6.076326,-94.496742,546.793860
7.050692,-84.602571,543.229473
19.962484,-74.125093,541.491914
32.143754,-61.827709,541.287091
42.775298,-46.023431,541.913893
50.433931,-24.828721,542.553175
53.143945,1.408736,542.579582
49.788274,32.648397,541.777069
41.701276,53.186265,540.477522
30.833986,68.505476,539.387298
18.530276,80.530921,539.371481
5.562700,90.893344,541.129290
-7.571014,100.795646,544.910678
-20.445030,111.302216,550.369327
-32.544237,123.650432,556.608007
-43.052120,139.516797,562.403604
-50.559103,160.730243,566.537274
-53.137713,-173.158589,568.125775
-49.820042,-147.477819,566.857972
-41.820250,-127.030410,563.073697
-31.047077,-111.737976,557.665584
-18.818335,-99.717894,551.829630
-5.894450,-89.358514,546.732414
7.232507,-79.463562,543.192890
20.138094,-68.970044,541.479841
32.304479,-56.636754,541.292012
42.906218,-40.769639,541.924492
50.510038,-19.492268,542.558767
53.139125,6.787386,542.574095
49.703620,37.974907,541.761189
41.565403,58.430669,540.458979
30.670646,73.690649,539.377761
18.353365,85.683072,539.382546
5.380432,96.031550,541.168043
-7.752610,105.934911,544.976518
-20.619802,116.457824,550.453228
-32.703518,128.842226,556.694525
-43.181066,144.771357,562.474966
-50.633079,166.066136,566.578220
-53.131572,-167.782834,568.127683
-49.736354,-142.153228,566.821129
-41.685722,-121.786690,563.007142
-30.884949,-106.552957,557.584564
-18.642264,-94.565776,551.751352
-5.712536,-84.220373,546.671277
7.414280,-74.324440,543.156670
20.313567,-63.814649,541.468070
32.464913,-51.445125,541.297093
43.036572,-35.514776,541.935087
50.585171,-14.154739,542.564233
53.133106,12.165941,542.568443
49.618050,43.300280,541.745206
41.429012,63.674050,540.440476
30.507042,78.875201,539.368437
18.176332,90.834914,539.393963
5.198134,101.169672,541.207195
-7.934157,111.074293,545.042689
-20.794428,121.613784,550.537282
-32.862500,134.034697,556.780954
-43.309441,150.026982,562.545999
-50.706084,171.403075,566.618664
-53.124248,-162.407196,568.129030
-49.651761,-136.829753,566.783793
-41.550676,-116.543980,562.940271
-30.722552,-101.368556,557.503465
-18.466064,-89.413969,551.673226
-5.530586,-79.082317,546.610452
7.596011,-69.185203,543.120811
20.488901,-58.658902,541.456599
32.625052,-46.252817,541.302332
43.166355,-30.258834,541.945677
50.659324,-8.816142,542.569570
53.125886,17.544381,542.562626
49.531570,48.624511,541.729123
41.292106,68.916415,540.422016
30.343174,84.059135,539.359327
17.999178,95.986449,539.405732
5.015807,106.307712,541.246748
-8.115652,116.213795,545.109189
-20.968905,126.770099,550.621486
-33.021178,139.227850,556.867291
-43.437239,155.283677,562.616700
-50.778114,176.741050,566.658605
-53.115742,-157.031697,568.129814
-49.566268,-131.507400,566.745967
-41.415117,-111.302275,562.873088
-30.559888,-96.184768,557.422291
-18.289737,-84.262467,551.595253
-5.348599,-73.944343,546.549940
7.777699,-64.045847,543.085314
20.664093,-53.502801,541.445425
32.784893,-41.059824,541.307726
43.295563,-25.001810,541.956260
50.732493,-3.476485,542.574779
53.117466,22.922684,542.556644
49.444185,53.947596,541.712941
41.154692,74.157768,540.403601
30.179047,89.242459,539.350435
17.821904,101.137681,539.417855
4.833453,111.445675,541.286701
-8.297095,121.353419,545.176016
-21.143233,131.926772,550.705837
-33.179551,144.421690,556.953531
-43.564457,160.541446,562.687066
-50.849163,-177.919946,566.698039
-53.106055,-151.656356,568.130037
-49.479881,-126.186172,566.707651
-41.279049,-106.061570,562.805595
-30.396959,-91.001588,557.341046
-18.113285,-79.111267,551.517437
-5.166577,-68.806448,546.489741
7.959342,-58.906370,543.050178
20.839142,-48.346342,541.434548
32.944435,-35.866141,541.313274
43.424190,-19.743699,541.966833
50.804671,1.864224,542.579858
53.107848,28.300829,542.550498
49.355903,59.269531,541.696661
41.016772,79.398116,540.385232
30.014662,94.425176,539.341761
17.644513,106.288614,539.430333
4.651072,116.583563,541.327054
-8.478485,126.493168,545.243169
-21.317409,137.083809,550.790331
-33.337616,149.616223,557.039672
-43.691087,165.800295,562.757093
-50.919226,-172.579923,566.736967
-53.095189,-146.281194,568.129699
-49.392606,-120.866075,566.668848
-41.142476,-100.821859,562.737797
-30.233769,-85.819010,557.259731
-17.936708,-73.960367,551.439781
-4.984522,-63.668629,546.429859
8.140938,-53.766768,543.015404
21.014047,-43.189521,541.423965
33.103673,-30.671762,541.318973
43.552232,-14.484497,541.977396
50.875853,7.205976,542.584805
53.097032,33.678796,542.544187
49.266728,64.590312,541.680285
40.878352,84.637462,540.366914
29.850022,99.607292,539.333309
17.467005,111.439252,539.443167
4.468665,121.721378,541.367806
-8.659820,131.633046,545.310646
-21.491432,142.241212,550.874966
-33.495369,154.811454,557.125710
-43.817127,171.060227,562.826780
-50.988296,-167.238887,566.775385
-53.083143,-140.906231,568.128799
-49.304448,-115.547111,566.629559
-41.005404,-95.583138,562.669695
-30.070320,-80.637031,557.178352
-17.760009,-68.809762,551.362287
-4.802434,-58.530884,546.370293
8.322488,-48.627040,542.980991
21.188806,-38.032333,541.413676
33.262605,-25.476682,541.324820
43.679683,-9.224199,541.987944
50.946034,12.548763,542.589620
53.085020,39.056564,542.537712
49.176667,69.909935,541.663814
40.739436,89.875814,540.348646
29.685129,104.788811,539.325081
17.289382,116.589598,539.456360
4.286235,126.859123,541.408958
-8.841099,136.773055,545.378444
-21.665301,147.398985,550.959739
-33.652808,160.007389,557.211641
-43.942571,176.321246,562.896122
-51.056370,-161.896850,566.813294
-53.069920,-135.531487,568.127339
-49.215414,-110.229285,566.589787
-40.867836,-90.345400,562.601294
-29.906615,-75.455644,557.096911
-17.583189,-63.659449,551.284958
-4.620315,-53.393209,546.311046
8.503989,-43.487182,542.946939
21.363417,-32.874775,541.403678
33.421227,-20.280896,541.330815
43.806539,-3.962800,541.998477
51.015207,17.892575,542.594302
53.071812,44.434112,542.531074
49.085725,75.228396,541.647251
40.600028,95.113176,540.330433
29.519986,109.969740,539.317078
17.111646,121.739655,539.469912
4.103781,131.996801,541.450509
-9.022322,141.913198,545.446563
-21.839013,152.557133,551.044646
-33.809930,165.204033,557.297462
-44.067413,-178.416642,562.965117
-51.123441,-156.553819,566.850690
-53.055520,-130.156983,568.125317
-49.125508,-104.912600,566.549533
-40.729777,-85.108641,562.532595
-29.742655,-70.274846,557.015412
-17.406249,-58.509425,551.207797
-4.438165,-48.255602,546.252119
8.685441,-38.347190,542.913248
21.537878,-27.716843,541.393970
33.579538,-15.084398,541.336953
43.932794,1.299703,542.008992
51.083368,23.237403,542.598849
53.057410,49.811419,542.524271
48.993910,80.545693,541.630596
40.460133,100.349554,540.312277
29.354596,115.150082,539.309304
16.933798,126.889427,539.483824
3.921305,137.134416,541.492458
-9.203486,147.053478,545.515000
-22.012567,157.715659,551.129684
-33.966732,170.401390,557.383170
-44.191649,-173.153436,563.033763
-51.189505,-151.209805,566.887573
-53.039945,-124.782738,568.122735
-49.034738,-99.597060,566.508799
-40.591230,-79.872855,562.463603
-29.578443,-65.094631,556.933858
-17.229191,-53.359685,551.130807
-4.255986,-43.118060,546.193514
8.866843,-33.207063,542.879917
21.712188,-22.558534,541.384551
33.737534,-9.887183,541.343233
44.058442,6.563316,542.019488
51.150511,28.583238,542.603260
53.041815,55.188465,542.517306
48.901225,85.861822,541.613852
40.319756,105.584953,540.294179
29.188960,120.329843,539.301761
16.755839,132.038917,539.498098
3.738809,142.271969,541.534807
-9.384591,152.193898,545.583752
-22.185961,162.874567,551.214850
-34.123211,175.599467,557.468760
-44.315274,-167.889129,563.102055
-51.254555,-145.864818,566.923941
-53.023197,-119.408772,568.119592
-48.943108,-94.282667,566.467588
-40.452201,-74.638037,562.394319
-29.413981,-59.914994,556.852253
-17.052016,-48.210227,551.053991
-4.073779,-37.980580,546.135231
9.048192,-28.066797,542.846946
21.886345,-17.399843,541.375418
33.895212,-4.689245,541.349653
44.183480,11.828041,542.029962
51.216630,33.930070,542.607534
53.025029,60.565229,542.510177
48.807679,91.176781,541.597020
40.178900,110.819379,540.276142
29.023082,125.509027,539.294450
16.577771,137.188129,539.512736
3.556292,147.409463,541.577553
-9.565636,157.334460,545.652819
-22.359193,168.033861,551.300141
-34.279364,-179.201730,557.554230
-44.438283,-162.623719,563.169992
-51.318588,-140.518867,566.959792
-53.005277,-114.035106,568.115889
-48.850624,-88.969424,566.425900
-40.312694,-69.404181,562.324748
-29.249273,-54.735930,556.770599
-16.874726,-43.061048,550.977350
-3.891545,-32.843160,546.077272
9.229489,-22.926390,542.814335
22.060347,-12.240766,541.366571
34.052569,0.509422,541.356210
44.307902,17.093884,542.040412
51.281721,39.277889,542.611671
53.007053,65.941692,542.502887
48.713275,96.490567,541.580101
40.037569,116.052838,540.258170
28.856963,130.687640,539.287375
16.399596,142.337067,539.527737
3.373757,152.546902,541.620698
-9.746619,162.475169,545.722198
-22.532263,173.193545,551.385554
-34.435188,-174.002197,557.639576
-44.560670,-157.357201,563.237570
-51.381597,-135.171963,566.995125
-52.986186,-108.661759,568.111626
-48.757293,-83.657334,566.383739
-40.172712,-64.171282,562.254893
-29.084319,-49.557435,556.688901
-16.697322,-37.912142,550.900889
-3.709285,-27.705797,546.019639
9.410731,-17.785837,542.782083
22.234193,-7.081299,541.358007
34.209602,5.708822,541.362902
44.431701,22.360849,542.050836
51.345778,44.626683,542.615669
52.987890,71.317832,542.495433
48.618022,101.803178,541.563098
39.895769,121.285335,540.240263
28.690606,135.865686,539.280536
16.221315,147.485733,539.543104
3.191205,157.684288,541.664240
-9.927539,167.616027,545.791886
-22.705167,178.353624,551.471085
-34.590679,-168.801929,557.724794
-44.682430,-152.089572,563.304787
-51.443579,-129.824116,567.029939
-52.965927,-103.288750,568.106804
-48.663121,-78.346399,566.341106
-40.032260,-58.939335,562.184756
-28.919124,-44.379503,556.607161
-16.519805,-32.763509,550.824609
-3.527000,-22.568487,545.962332
9.591918,-12.645137,542.750191
22.407880,-1.921438,541.349724
34.366307,10.908962,541.369727
44.554874,27.628939,542.061232
51.408795,49.976442,542.619527
52.967540,76.693630,542.487818
48.521923,107.114612,541.546011
39.753503,126.516876,540.222424
28.524013,141.043171,539.273937
16.042929,152.634132,539.558838
3.008635,162.821623,541.708179
-10.108395,172.757036,545.861883
-22.877904,-176.485900,551.556732
-34.745836,-163.600918,557.809881
-44.803558,-146.820828,563.371640
-51.504527,-124.475338,567.064232
-52.944501,-97.916099,568.101423
-48.568112,-73.036621,566.298003
-39.891342,-53.708334,562.114340
-28.753688,-39.202131,556.525383
-16.342177,-27.615142,550.748513
-3.344691,-17.431229,545.905353
9.773048,-7.504287,542.718657
22.581408,3.238820,541.341722
34.522683,16.109847,541.376682
44.677415,32.898158,542.071598
51.470769,55.327156,542.623245
52.946007,82.069066,542.480042
48.424987,112.424866,541.528844
39.610776,131.747466,540.204656
28.357187,146.220099,539.267580
15.864439,157.782266,539.574940
2.826051,167.958912,541.752515
-10.289186,177.898200,545.932186
-23.050474,-171.325022,551.642491
-34.900654,-158.399161,557.894833
-44.924049,-141.550966,563.438125
-51.564437,-119.125640,567.098003
-52.921911,-92.543826,568.095483
-48.472273,-67.728003,566.254432
-39.749962,-48.478273,562.043650
-28.588014,-34.025313,556.443571
-16.164439,-22.467041,550.672603
-3.162359,-12.294019,545.848703
9.954121,-2.363282,542.687482
22.754774,8.399480,541.333998
34.678724,21.311482,541.383765
44.799319,38.168510,542.081932
51.531692,60.678812,542.626820
52.923291,87.444121,542.472105
48.327217,117.733940,541.511597
39.467591,136.977112,540.186961
28.190131,151.396475,539.261467
15.685848,162.930140,539.591410
2.643452,173.096155,541.797248
-10.469911,-176.960479,546.002793
-23.222872,-166.163738,551.728358
-35.055131,-153.196652,557.979648
-45.043898,-136.279981,563.504241
-51.623304,-113.775034,567.131250
-52.898159,-87.171949,568.088984
-48.375609,-62.420545,566.210396
-39.608125,-43.249148,561.972688
-28.422105,-28.849044,556.361727
-15.986594,-17.319200,550.596884
-2.980006,-7.156854,545.792383
10.135134,2.777879,542.656665
22.927976,13.560546,541.326550
34.834430,26.513874,541.390975
44.920579,43.439999,542.092233
51.591562,66.031400,542.630253
52.899396,92.818773,542.464007
48.228622,123.041831,541.494272
39.323953,142.205818,540.169342
28.022845,156.572303,539.255600
15.507156,168.077755,539.608251
2.460840,178.233357,541.842376
-10.650568,-171.818996,546.073702
-23.395099,-161.002043,551.814332
-35.209264,-147.993384,558.064321
-45.163099,-131.007872,563.569984
-51.681124,-108.423530,567.163973
-52.873246,-81.800487,568.081928
-48.278127,-57.114250,566.165896
-39.465834,-38.020951,561.901457
-28.255963,-23.673319,556.279855
-15.808641,-12.171618,550.521356
-2.797633,-2.019733,545.736395
10.316088,7.919199,542.626205
23.101013,18.722021,541.319377
34.989795,31.717028,541.398307
45.041192,48.712627,542.102497
51.650371,71.384907,542.633543
52.874323,98.193005,542.455750
48.129205,128.348539,541.476870
39.179866,147.433591,540.151801
27.855333,161.747589,539.249981
15.328366,173.225117,539.625463
2.278216,-176.629481,541.887900
-10.831156,-166.677350,546.144911
-23.567152,-155.839934,551.900408
-35.363048,-142.789353,558.148849
-45.281647,-125.734634,563.635351
-51.737890,-103.071142,567.196168
-52.847176,-76.429460,568.074314
-48.179832,-51.809119,566.120935
-39.323093,-32.793679,561.829960
-28.089589,-18.498135,556.197959
-15.630582,-7.024289,550.446023
-2.615240,3.117348,545.680740
10.496980,13.060682,542.596102
23.273883,23.883911,541.312477
35.144818,36.920948,541.405761
45.161150,53.986400,542.112724
51.708116,76.739321,542.636688
52.848075,103.566796,542.447332
48.028974,133.654062,541.459395
39.035334,152.660436,540.134340
27.687597,166.922338,539.244613
15.149477,178.372227,539.643048
2.095581,-171.492354,541.933819
-11.011674,-161.535537,546.216417
-23.739029,-150.677407,551.986584
-35.516482,-137.584553,558.233228
-45.399537,-120.460264,563.700340
-51.793600,-97.717881,567.227837
-52.819950,-71.058886,568.066144
-48.080730,-46.505152,566.075514
-39.179906,-27.567325,561.758201
-27.922987,-13.323486,556.116042
-15.452420,-1.877212,550.370888
-2.432829,8.254392,545.625418
10.677809,18.202331,542.566356
23.446584,29.046219,541.305849
35.299494,42.125642,541.413334
45.280450,59.261319,542.122911
51.764792,82.094630,542.639687
52.820655,108.940128,542.438756
47.927934,138.958400,541.441847
38.890361,157.886358,540.116961
27.519638,172.096553,539.239497
14.970492,-176.480910,539.661006
1.912937,-166.355261,541.980132
-11.192121,-156.393555,546.288219
-23.910729,-145.514458,552.072855
-35.669562,-132.378979,558.317455
-45.516764,-115.184760,563.764948
-51.848247,-92.363761,567.258976
-52.791572,-65.688784,568.057417
-47.980827,-41.202351,566.029636
-39.036277,-22.341884,561.686182
-27.756158,-8.149367,556.034107
-15.274155,3.269618,550.295952
-2.250401,13.391401,545.570432
10.858574,23.344148,542.536966
23.619114,34.208950,541.299490
35.453821,47.331115,541.421024
45.399085,64.537389,542.133056
51.820394,87.450821,542.642540
52.792065,114.312981,542.430021
47.826091,144.261553,541.424228
38.744951,163.111365,540.099668
27.351460,177.270240,539.234636
14.791412,-171.334291,539.679339
1.730283,-161.218200,542.026839
-11.372495,-151.251399,546.360313
-24.082250,-140.351082,552.159219
-35.822284,-127.172624,558.401527
-45.633321,-109.908118,563.829173
-51.901828,-87.008793,567.289585
-52.762044,-60.319171,568.048134
-47.880129,-35.900716,565.983304
-38.892211,-17.117350,561.613908
-27.589105,-2.975774,555.952157
-15.095788,8.416203,550.221218
-2.067956,18.528379,545.515781
11.039275,28.486137,542.507931
23.791471,39.372106,541.293399
35.607795,52.537372,541.428827
45.517051,69.814612,542.143157
51.874916,92.807881,542.645247
52.762307,119.685336,542.421129
47.723451,149.563518,541.406540
38.599108,168.335461,540.082463
27.183065,-177.556597,539.230032
14.612239,-166.187914,539.698047
1.547622,-156.081166,542.073939
-11.552796,-146.109068,546.432700
-24.253589,-135.187276,552.245673
-35.974646,-121.965484,558.485440
-45.749204,-104.630336,563.893010
-51.954337,-81.652992,567.319663
-52.731368,-54.950067,568.038296
-47.778641,-30.600249,565.936518
-38.747711,-11.893717,561.541380
-27.421830,2.197297,555.870196
-14.917321,13.562547,550.146690
-1.885497,23.665327,545.461468
11.219909,33.628301,542.479252
23.963654,44.535694,541.287573
35.761413,57.744419,541.436743
45.634340,75.092991,542.153213
51.928355,98.165796,542.647805
52.731386,125.057176,542.412078
47.620021,154.864298,541.388785
38.452836,173.558652,540.065347
27.014454,-172.383952,539.225687
14.432973,-161.041774,539.717132
1.364954,-150.944157,542.121432
-11.733022,-140.966558,546.505375
-24.424745,-130.023034,552.332213
-36.126644,-116.757552,558.569191
-45.864407,-99.351410,563.956459
-52.005771,-76.296371,567.349208
-52.699548,-49.581489,568.027903
-47.676369,-25.300948,565.889282
-38.602780,-6.670981,561.468603
-27.254334,7.369852,555.788227
-14.738755,18.708653,550.072369
-1.703023,28.802249,545.407493
11.400475,38.770642,542.450926
24.135661,49.699716,541.282012
35.914671,62.952262,541.444768
45.750949,80.372529,542.163221
51.980705,103.524553,542.650214
52.699302,130.428481,542.402872
47.515805,160.163891,541.370964
38.306138,178.780943,540.048324
26.845631,-167.211822,539.221603
14.253617,-155.895868,539.736595
1.182281,-145.807171,542.169316
-11.913172,-135.823866,546.578336
-24.595716,-124.858354,552.418835
-36.278274,-111.548824,558.652776
-45.978925,-94.071339,564.019516
-52.056125,-70.938943,567.378219
-52.666587,-44.213455,568.016956
-47.573319,-20.002815,565.841597
-38.457423,-1.449135,561.395580
-27.086621,12.541894,555.706254
-14.560092,23.854524,549.998258
-1.520537,33.939148,545.353857
11.580973,43.913165,542.422955
24.307489,54.864178,541.276713
36.067566,68.160906,541.452901
45.866871,85.653229,542.173180
52.031963,108.884138,542.652474
52.666061,135.799233,542.393509
47.410810,165.462297,541.353081
38.159019,-175.997658,540.031395
26.676596,-162.040201,539.217783
14.074171,-150.750194,539.756436
0.999603,-140.670205,542.217593
-12.093244,-130.680989,546.651582
-24.766501,-119.693230,552.505538
-36.429534,-106.339293,558.736191
-46.092753,-88.790120,564.082178
-52.105395,-65.580722,567.406695
-52.632487,-38.845982,568.005456
-47.469497,-14.705849,565.793467
-38.311644,3.771827,561.322314
-26.918692,17.713430,555.624279
-14.381333,29.000164,549.924359
-1.338039,39.076025,545.300562
11.761401,49.055871,542.395337
24.479137,60.029082,541.271674
36.220096,73.370357,541.461139
45.982101,90.935094,542.183087
52.082123,114.244537,542.654583
52.631664,141.169415,542.383990
47.305042,170.759517,541.335135
38.011483,-170.777147,540.014564
26.507352,-156.869086,539.214228
13.894636,-145.604747,539.776657
0.816922,-135.533256,542.266259
-12.273237,-125.537924,546.725110
-24.937097,-114.527658,552.592317
-36.580420,-101.128954,558.819434
-46.205884,-83.507751,564.144443
-52.153576,-60.221723,567.434635
-52.597251,-33.479089,567.993402
-47.364908,-9.410050,565.744892
-38.165446,8.991909,561.248808
-26.750549,22.884462,555.542307
-14.202479,34.145576,549.850675
-1.155530,44.212885,545.247608
11.941757,54.198764,542.368071
24.650602,65.194435,541.266894
36.372255,78.580622,541.469479
46.096632,96.218126,542.192941
52.131181,119.605736,542.656541
52.596114,146.539008,542.374317
47.198507,176.055552,541.317129
37.863533,-165.557518,539.997832
26.337902,-151.698471,539.210940
13.715015,-140.459525,539.797258
0.634239,-130.396321,542.315316
-12.453151,-120.394667,546.798919
-25.107502,-109.361635,552.679169
-36.730929,-95.917802,558.902501
-46.318313,-78.224229,564.206309
-52.200664,-54.861959,567.462038
-52.560884,-28.112791,567.980797
-47.259558,-4.115418,565.695876
-38.018834,14.211118,561.175065
-26.582194,28.054995,555.460340
-14.023531,39.290763,549.777209
-0.973012,49.349729,545.194996
12.122041,59.341847,542.341158
24.821884,70.360239,541.262371
36.524041,83.791704,541.477920
46.210461,101.502327,542.202740
52.179134,124.967720,542.658348
52.559417,151.907994,542.364489
47.091210,-178.649599,541.299066
37.715174,-160.338766,539.981202
26.168247,-146.528352,539.207922
13.535309,-135.314524,539.818241
0.451555,-125.259397,542.364762
-12.632983,-115.251217,546.873004
-25.277714,-104.195155,552.766090
-36.881056,-90.705830,558.985388
-46.430035,-72.939552,564.267772
-52.246655,-49.501447,567.488903
-52.523388,-22.747107,567.967640
-47.153454,1.178048,565.646421
-37.871810,19.429459,561.101088
-26.413630,33.225035,555.378382
-13.844492,44.435728,549.703962
-0.790485,54.486560,545.142727
12.302251,64.485124,542.314596
24.992979,75.526500,541.258102
36.675451,89.003612,541.486459
46.323580,106.787700,542.212482
52.225975,130.330473,542.660001
52.521573,157.276358,542.354508
46.983157,-173.355933,541.280947
37.566408,-155.120883,539.964677
25.998389,-141.358725,539.205176
13.355518,-130.169742,539.839606
0.268871,-120.122483,542.414597
-12.812733,-110.107569,546.947365
-25.447732,-99.028216,552.853078
-37.030799,-85.493033,559.068091
-46.541045,-67.653719,564.328830
-52.291545,-44.140200,567.515228
-52.484766,-17.382053,567.953933
-47.046599,6.470349,565.596529
-37.724378,24.646938,561.026882
-26.244859,38.394585,555.296435
-13.665361,49.580475,549.630938
-0.607951,59.623382,545.090802
12.482386,69.628597,542.288384
25.163887,80.693221,541.254086
36.826481,94.216349,541.495094
46.435984,112.074246,542.222166
52.271703,135.693981,542.661502
52.482588,162.644080,542.344374
46.874355,-168.063451,541.262773
37.417240,-149.903865,539.948259
25.828332,-136.189584,539.202703
13.175644,-125.025174,539.861354
0.086188,-114.985574,542.464820
-12.992399,-104.963720,547.021999
-25.617554,-93.860811,552.940129
-37.180154,-80.279406,559.150609
-46.651336,-62.366728,564.389480
-52.335331,-38.778233,567.541012
-52.445023,-12.017645,567.939675
-46.939001,11.761485,565.546203
-37.576543,29.863561,560.952449
-26.075882,43.563650,555.214505
-13.486141,54.725006,549.558138
-0.425411,64.760196,545.039222
12.662445,74.772269,542.262522
25.334605,85.860407,541.250321
36.977126,99.429922,541.503822
46.547668,117.361969,542.231788
52.316311,141.058229,542.662848
52.442465,168.011144,542.334088
46.764808,-162.772150,541.244548
37.267673,-144.687706,539.931950
25.658075,-131.020926,539.200507
12.995689,-119.880819,539.883486
-0.096493,-109.848669,542.515429
-13.171981,-99.819668,547.096903
-25.787177,-88.692938,553.027239
-37.329118,-75.064942,559.232936
-46.760903,-57.078576,564.449720
-52.378007,-33.415564,567.566256
-52.404161,-6.653900,567.924869
-46.830665,17.051458,565.495444
-37.428307,35.079332,560.877792
-25.906702,48.732234,555.132592
-13.306833,59.869326,549.485566
-0.242865,69.897006,544.987988
12.842426,79.916144,542.237009
25.505130,91.028063,541.246805
37.127385,104.644336,541.512641
46.658626,122.650869,542.241348
52.359797,146.423200,542.664040
52.401207,173.377535,542.323650
46.654523,-157.482030,541.226271
37.117711,-139.472400,539.915752
25.487623,-125.852746,539.198588
12.815653,-114.736672,539.906004
-0.279171,-104.711764,542.566425
-13.351476,-94.675409,547.172076
-25.956600,-83.524590,553.114406
-37.477687,-69.849637,559.315071
-46.869740,-51.789264,564.509548
-52.419571,-28.052206,567.590956
-52.362185,-1.290834,567.909514
-46.721596,22.340268,565.444255
-37.279675,40.294259,560.802915
-25.737320,53.900342,555.050702
-13.127437,65.013436,549.413222
-0.060316,75.033815,544.937101
13.022328,85.060225,542.211845
25.675462,96.196192,541.243537
37.277252,109.859598,541.521549
46.768851,127.940948,542.250844
52.402155,151.788879,542.665077
52.358818,178.743234,542.313062
46.543506,-152.193089,541.207947
36.967358,-134.257941,539.899669
25.316976,-120.685040,539.196949
12.635539,-109.592730,539.928907
-0.461844,-99.574858,542.617806
-13.530883,-89.530940,547.247514
-26.125820,-78.355765,553.201626
-37.625858,-64.633484,559.397008
-46.977843,-46.498789,564.568960
-52.460019,-22.688176,567.615114
-52.319098,4.071537,567.893611
-46.611801,27.627918,565.392639
-37.130649,45.508345,560.727821
-25.567739,59.067978,554.968836
-12.947956,70.157340,549.341111
0.122237,80.170624,544.886562
13.202149,90.204514,542.187028
25.845597,101.364800,541.240513
37.426726,115.075713,541.530544
46.878339,133.232207,542.260273
52.443384,157.155249,542.665957
52.315302,-175.891774,542.302324
46.431762,-146.905326,541.189576
36.816617,-129.044323,539.883703
25.146137,-115.517803,539.195592
12.455347,-104.448991,539.952196
-0.644512,-94.437946,542.669571
-13.710202,-84.386258,547.323215
-26.294835,-73.186458,553.288895
-37.773626,-59.416478,559.478745
-47.085204,-41.207150,564.627954
-52.499347,-17.323490,567.638726
-52.274904,9.433198,567.877162
-46.501284,32.914408,565.340598
-36.981234,50.721598,560.652513
-25.397961,64.235147,554.887000
-12.768391,75.301042,549.269233
0.304792,85.307437,544.836371
13.381890,95.349016,542.162558
26.015535,106.533890,541.237733
37.575800,120.292687,541.539623
46.987083,138.524649,542.269635
52.483478,162.522294,542.666681
52.270663,-170.527505,542.291437
46.319296,-141.618738,541.171161
36.665491,-123.831542,539.867855
24.975108,-110.351030,539.194518
12.275078,-99.305450,539.975873
-0.827174,-89.301026,542.721720
-13.889430,-79.241359,547.399178
-26.463645,-68.016664,553.376211
-37.920989,-54.198613,559.560279
-47.191819,-35.914347,564.686528
-52.537551,-11.958165,567.661794
-52.229607,14.794134,567.860168
-46.390051,38.199741,565.288135
-36.831433,55.934022,560.576995
-25.227987,69.401852,554.805194
-12.588743,80.444544,549.197592
0.487347,90.444257,544.786528
13.561547,100.493733,542.138434
26.185272,111.703467,541.235194
37.724473,125.510525,541.548784
47.095078,143.818274,542.278927
52.522434,167.889997,542.667248
52.224905,-165.163974,542.280402
46.206116,-136.333324,541.152704
36.513986,-118.619590,539.852129
24.803890,-105.184718,539.193731
12.094734,-94.162106,539.999938
-1.009828,-84.164096,542.774252
-14.068567,-74.096241,547.475399
-26.632245,-62.846379,553.463569
-38.067942,-48.979884,559.641606
-47.297682,-30.620378,564.744680
-52.574628,-6.592218,567.684315
-52.183211,20.154329,567.842628
-46.278109,43.483918,565.235251
-36.681250,61.145624,560.501270
-25.057820,74.568099,554.723424
-12.409012,85.587849,549.126189
0.669903,95.581086,544.737036
13.741121,105.638668,542.114656
26.354807,116.873536,541.232894
37.872740,130.729233,541.558024
47.202318,149.113083,542.288148
52.560248,173.258342,542.667657
52.178033,-159.801198,542.269219
46.092226,-131.049081,541.134206
36.362103,-113.408462,539.836527
24.632486,-100.018863,539.193231
11.914316,-89.018955,540.024392
-1.192473,-79.027153,542.827166
-14.247611,-68.950901,547.551875
-26.800635,-57.675598,553.550967
-38.214482,-43.760285,559.722723
-47.402786,-25.325242,564.802406
-52.610575,-1.225664,567.706289
-52.135720,25.513768,567.824544
-46.165462,48.766941,565.181950
-36.530687,66.356408,560.425341
-24.887461,79.733891,554.641692
-12.229201,90.730962,549.055027
0.852457,100.717928,544.687895
13.920608,110.783825,542.091221
26.524138,122.044101,541.230831
38.020598,135.948818,541.567342
47.308796,154.409077,542.297295
52.596917,178.627310,542.667908
52.130049,-154.439192,542.257890
45.977631,-125.766008,541.115669
36.209846,-108.198154,539.821051
24.460898,-94.853459,539.193022
11.733826,-83.875993,540.049235
-1.375108,-73.890194,542.880460
-14.426562,-63.805334,547.628606
-26.968812,-52.504318,553.638401
-38.360605,-38.539810,559.803626
-47.507127,-20.028940,564.859705
-52.645389,4.141479,567.727716
-52.087138,30.872436,567.805918
-46.052115,54.048812,565.128234
-36.379749,71.566381,560.349212
-24.716912,84.899233,554.560001
-12.049311,95.873884,548.984109
1.035009,105.854784,544.639105
14.100010,115.929207,542.068130
26.693262,127.215166,541.229004
38.168043,141.169285,541.576734
47.414508,159.706257,542.306368
52.632438,-176.003114,542.667999
52.080959,-149.077970,542.246415
45.862339,-120.484101,541.097096
36.057220,-102.988658,539.805704
24.289127,-89.688502,539.193104
11.553265,-78.733218,540.074468
-1.557732,-68.753216,542.934134
-14.605416,-58.659539,547.705587
-27.136775,-47.332532,553.725868
-38.506307,-33.318454,559.884311
-47.610699,-14.731471,564.916573
-52.679066,9.509193,567.748593
-52.037469,36.230320,567.786750
-45.938076,59.329534,565.074105
-36.228439,76.775548,560.272886
-24.546176,90.064129,554.478355
-11.869342,101.016618,548.913436
1.217557,110.991657,544.590667
14.279323,121.074817,542.045381
26.862178,132.386737,541.227410
38.315070,146.390639,541.586200
47.519447,165.004623,542.315363
52.666807,-170.632950,542.667932
52.030767,-143.717546,542.234796
45.746354,-115.203360,541.078489
35.904227,-97.779969,539.790488
24.117176,-84.523989,539.193479
11.372633,-73.590627,540.100093
-1.740344,-63.616217,542.988187
-14.784174,-53.513511,547.782817
-27.304520,-42.160237,553.813364
-38.651585,-28.096211,559.964777
-47.713496,-9.432835,564.973009
-52.711602,14.877461,567.768921
-51.986718,41.587406,567.767040
-45.823348,64.609109,565.019565
-36.076759,81.983915,560.196366
-24.375255,95.228583,554.396757
-11.689297,106.159169,548.843011
1.400100,116.128551,544.542581
14.458546,126.220659,542.022974
27.030884,137.558818,541.226047
38.461677,151.612887,541.595736
47.623607,170.304176,542.324281
52.700020,-165.262214,542.667705
51.979478,-138.357937,542.223032
45.629681,-109.923780,541.059849
35.750870,-92.572081,539.775406
23.945046,-79.359914,539.194151
11.191933,-68.448216,540.126108
-1.922944,-58.479194,543.042618
-14.962834,-48.367247,547.860292
-27.472047,-36.987429,553.900885
-38.796435,-22.873076,560.045018
-47.815512,-4.133031,565.029010
-52.742996,20.246266,567.788699
-51.934889,46.943679,567.746791
-45.707938,69.887539,564.964619
-35.924715,87.191487,560.119656
-24.204149,100.392599,554.315209
-11.509176,111.301539,548.772835
1.582638,121.265468,544.494849
14.637679,131.366735,542.000908
27.199376,142.731413,541.224914
38.607859,156.836034,541.605340
47.726983,175.604915,542.333118
52.732076,-159.890925,542.667317
51.927095,-132.999155,542.211126
45.512327,-104.645359,541.041179
35.597153,-87.364989,539.760460
23.772739,-74.196275,539.195120
11.011164,-63.305983,540.152516
-2.105529,-53.342144,543.097425
-15.141395,-43.220744,547.938011
-27.639352,-31.814102,553.988429
-38.940853,-17.649042,560.125033
-47.916741,1.167939,565.084575
-52.773245,25.615589,567.807925
-51.881986,52.299125,567.726003
-45.591850,75.164826,564.909267
-35.772308,92.398270,560.042758
-24.032861,105.556182,554.233716
-11.328980,116.443730,548.702911
1.765170,126.402411,544.447471
14.816719,136.513049,541.979181
27.367653,147.904527,541.224007
38.753613,162.060086,541.615009
47.829568,-179.093159,542.341874
52.762970,-154.519101,542.666769
51.873623,-127.641214,542.199078
45.394297,-99.368094,541.022480
35.443080,-82.158687,539.745652
23.600258,-69.033066,539.196388
10.830330,-58.163924,540.179317
-2.288098,-48.205064,543.152608
-15.319855,-38.074000,548.015970
-27.806434,-26.640252,554.075992
-39.084834,-12.424105,560.204817
-48.017178,6.470076,565.139699
-52.802344,30.985413,567.826600
-51.828015,57.653732,567.704677
-45.475091,80.440975,564.853513
-35.619542,97.604269,559.965677
-23.861393,110.719336,554.152281
-11.148711,121.585747,548.633242
1.947693,131.539383,544.400448
14.995667,141.659604,541.957794
27.535714,153.078165,541.223326
38.898934,167.285048,541.624743
47.931357,-173.790046,542.350546
52.792700,-149.146760,542.666060
51.819068,-122.284129,542.186889
45.275597,-94.091982,541.003755
35.288654,-76.953170,539.730985
23.427604,-63.870283,539.197958
10.649431,-53.022037,540.206511
-2.470652,-43.067951,543.208166
-15.498212,-32.927009,548.094168
-27.973290,-21.465874,554.163571
-39.228376,-7.198258,560.284367
-48.116816,11.773379,565.194382
-52.830292,36.355718,567.844722
-51.772979,63.007487,567.682814
-45.357666,85.715986,564.797359
-35.466420,102.809491,559.888416
-23.689747,115.882065,554.070906
-10.968371,126.727591,548.563829
2.130207,136.676385,544.353780
15.174519,146.806404,541.936744
27.703554,158.252331,541.222868
39.043818,172.510927,541.634537
48.032343,-168.485747,542.359133
52.821263,-143.773921,542.665188
51.763433,-116.927912,542.174560
