50.912983,-107.418842,541.995695
43.617072,-85.679902,540.750417
33.179465,-69.453410,539.548549
21.090126,-56.911141,539.249099
8.211256,-46.319645,540.610444
-4.923213,-36.410096,543.990817
-17.885887,-26.115346,549.167263
-30.193882,-14.257856,555.340810
-41.113769,0.739322,561.329546
-49.376181,20.773922,565.885539
-53.093131,46.182040,568.034400
-50.931952,72.485129,567.337322
-43.716626,94.114832,564.004838
-33.374507,110.305840,558.833799
-21.365279,122.840583,552.984309
-8.537035,133.429345,547.656573
4.582969,143.332653,543.761185
17.569544,153.615418,541.686147
29.937973,165.457605,541.237500
40.947550,-179.550308,541.771185
49.309349,-159.469794,542.465630
53.090785,-133.912216,542.637648
50.842316,-102.076485,541.981463
43.489284,-80.420051,540.731549
33.020290,-64.258598,539.536186
20.915174,-51.754062,539.255224
8.029551,-41.179898,540.643372
-5.105407,-31.272206,544.051649
-18.062614,-20.964433,549.248601
-30.357224,-9.075325,555.428228
-41.250502,5.978920,561.405353
-49.463642,26.093879,565.933591
-53.104208,51.557178,568.044478
-50.862083,77.825280,567.307844
-43.590159,99.373807,563.943207
-33.216596,115.500436,558.754309
-21.191254,127.997621,552.904160
-8.355789,138.569039,547.591091
4.765232,148.470417,543.719698
17.746869,158.766128,541.669854
30.102387,170.639941,541.240030
41.085665,-174.310559,541.781611
49.398080,-154.148535,542.472812
53.102238,-128.534362,542.634407
50.770649,-96.735166,541.967109
43.360907,-75.161294,540.712689
32.860811,-59.064484,539.524002
20.740077,-46.597347,539.261678
7.847800,-36.040277,540.676698
-5.287567,-26.134240,544.112836
-18.239217,-15.813222,549.330135
-30.520305,-3.892192,555.515607
-41.386730,11.219513,561.480875
-49.550214,31.414966,565.981168
-53.114105,56.932497,568.053996
-50.791227,83.164412,567.277850
-43.463106,104.631703,563.881217
-33.058377,120.694338,558.674691
-21.017078,133.154296,552.824119
-8.174489,143.708607,547.525895
4.947468,153.608255,543.678572
17.924077,163.917135,541.653880
30.266545,175.822881,541.242750
41.223278,-169.069807,541.792064
49.485916,-148.826122,542.479884
53.112494,-123.156318,542.631000
50.697989,-91.394893,541.952634
43.231946,-69.903626,540.693838
32.701029,-53.871064,539.511998
20.564836,-41.440993,539.268462
7.666003,-30.900778,540.710425
-5.469693,-20.996197,544.174377
-18.415694,-10.661709,549.411862
-30.683123,1.291548,555.602945
-41.522449,16.461104,561.556110
-49.635893,36.737180,566.028268
-53.122821,62.307978,568.062954
-50.719390,88.502517,567.247340
-43.335471,109.888523,563.818873
-32.899852,125.887553,558.594948
-20.842752,138.310611,552.744190
-7.993136,148.848051,547.460988
5.129678,158.746169,543.637808
18.101167,169.068444,541.638226
30.430445,-178.993570,541.245658
41.360385,-163.828046,541.802540
49.572851,-143.502561,542.486847
53.121551,-117.778105,542.627427
50.624340,-86.055676,541.938039
43.102407,-64.647043,540.674998
32.540948,-48.678331,539.500177
20.389453,-36.284995,539.275579
7.484162,-25.761399,540.744551
-5.651784,-15.858072,544.236268
-18.592044,-5.509891,549.493779
-30.845673,6.475900,555.690238
-41.657656,21.703700,561.631055
-49.720672,42.060515,566.074888
-53.130355,67.683599,568.071351
-50.646576,93.839586,567.216316
-43.207260,115.144273,563.756176
-32.741024,131.080084,558.515084
-20.668277,143.466570,552.664375
-7.811732,153.987376,547.396372
5.311859,163.884164,543.597405
18.278137,174.220057,541.622888
30.594084,-173.809408,541.248752
41.496981,-158.585271,541.813039
49.658881,-138.177856,542.493697
53.129410,-112.399742,542.623688
50.549708,-80.717522,541.923326
42.972294,-59.391540,540.656172
32.380570,-43.486281,539.488541
20.213928,-31.129350,539.283028
7.302278,-20.622136,540.779077
-5.833837,-10.719864,544.298511
-18.768266,-0.357764,549.575884
-31.007954,11.660869,555.777482
-41.792345,26.947304,561.705706
-49.804546,47.384967,566.121027
-53.136707,73.059340,568.079188
-50.572792,99.175611,567.184780
-43.078477,120.398956,563.693130
-32.581896,136.271938,558.435101
-20.493656,148.622178,552.584677
-7.630278,159.126582,547.332048
5.494012,169.022241,543.557364
18.454986,179.371977,541.607867
30.757459,-168.624627,541.252030
41.633062,-153.341477,541.823557
49.743998,-132.852011,542.500435
53.136069,-107.021252,542.619784
50.474099,-75.380439,541.908495
42.841612,-54.137113,540.637362
32.219898,-38.294907,539.477093
20.038265,-25.974053,539.290813
7.120353,-15.482988,540.814003
-6.015853,-5.581569,544.361102
-18.944358,4.794676,549.658173
-31.169964,16.846460,555.864675
-41.926512,32.191923,561.780060
-49.887509,52.710532,566.166683
-53.141876,78.435181,568.086463
-50.498042,104.510584,567.152734
-42.949127,125.652577,563.629738
-32.422471,141.463119,558.355005
-20.318891,153.777437,552.505101
-7.448775,164.265674,547.268018
5.676133,174.160404,543.517685
18.631712,-175.475790,541.593160
30.920569,-163.439222,541.255489
41.768622,-148.096659,541.834093
49.828197,-127.525031,542.507059
53.141528,-101.642654,542.615714
50.397518,-70.044435,541.893548
42.710366,-48.883756,540.618570
32.058936,-33.104205,539.465835
19.862465,-20.819102,539.298935
6.938386,-10.343950,540.849330
-6.197829,-0.443184,544.424039
-19.120319,9.947431,549.740643
-31.331699,22.032679,555.951812
-42.060152,37.437562,561.854115
-49.969556,58.037204,566.211854
-53.145861,83.811101,568.093177
-50.422333,109.844499,567.120179
-42.819215,130.905142,563.566002
-32.262752,146.653633,558.274797
-20.143981,158.932351,552.425648
-7.267225,169.404654,547.204284
5.858223,179.298655,543.478368
18.808313,-170.323242,541.578767
31.083409,-158.253187,541.259128
41.903658,-142.850811,541.844644
49.911471,-122.196921,542.513566
53.145785,-96.263971,542.611478
50.319972,-64.709516,541.878486
42.578561,-43.631465,540.599799
31.897685,-27.914169,539.454769
19.686528,-15.664492,539.307395
6.756380,-5.205021,540.885057
-6.379766,4.695293,544.487323
-19.296146,15.100506,549.823293
-31.493158,27.219529,556.038889
-42.193262,42.684225,561.927866
-50.050681,63.364977,566.256538
-53.148663,89.187080,568.099329
-50.345670,115.177347,567.087116
-42.688745,136.156654,563.501925
-32.102741,151.843485,558.194481
-19.968930,164.086924,552.346321
-7.085627,174.543526,547.140847
6.040281,-175.563003,543.439412
18.984789,-165.170375,541.564686
31.245979,-153.066519,541.262944
42.038164,-137.603929,541.855209
49.993816,-116.867687,542.519957
53.148841,-90.885223,542.607076
50.241466,-59.375691,541.863312
42.446202,-38.380235,540.581050
31.736149,-22.724795,539.443898
19.510458,-10.510220,539.316195
6.574335,-0.066196,540.921185
-6.561661,9.833864,544.550950
-19.471839,20.253905,549.906117
-31.654337,32.407018,556.125905
-42.325835,47.931917,562.001311
-50.130877,68.693846,566.300733
-53.150280,94.563097,568.104920
-50.268059,120.509123,567.053547
-42.557723,141.407118,563.437510
-31.942441,157.032680,558.114061
-19.793739,169.241160,552.267123
-6.903984,179.682291,547.077710
6.222304,-170.424567,543.400819
19.161137,-160.017185,541.550915
31.408275,-147.879211,541.266934
42.172137,-132.356006,541.865784
50.075225,-111.537333,542.526229
53.150696,-85.506431,542.602508
50.162005,-54.042965,541.848026
42.313293,-33.130060,540.562326
31.574330,-17.536076,539.433224
19.334254,-5.356282,539.325337
6.392253,5.072526,540.957713
-6.743514,14.972534,544.614920
-19.647395,25.407630,549.989114
-31.815233,37.595148,556.212854
-42.457868,53.180644,562.074447
-50.210140,74.023806,566.344438
-53.150713,99.939131,568.109949
-50.189504,125.839818,567.019474
-42.426153,146.656539,563.372761
-31.781854,162.221224,558.033540
-19.618410,174.395063,552.188058
-6.722297,-175.179047,547.014873
6.404293,-165.286035,543.362588
19.337355,-154.863670,541.537453
31.570294,-142.691258,541.271097
42.305570,-127.107037,541.876369
50.155693,-106.205867,542.532381
53.151349,-80.127617,542.597774
50.081596,-48.711345,541.832629
42.179840,-27.880937,540.543629
31.412232,-12.348007,539.422749
19.157920,-0.202673,539.334822
6.210135,10.211149,540.994641
-6.925323,20.111305,544.679230
-19.822814,30.561686,550.072281
-31.975845,42.783927,556.299733
-42.589357,58.430411,562.147271
-50.288463,79.354849,566.387649
-53.149962,105.315161,568.114416
-50.110013,131.169428,566.984899
-42.294040,151.904923,563.307680
-31.620984,167.409122,557.952922
-19.442943,179.548636,552.109128
-6.540566,-170.040485,546.952339
6.586245,-160.147402,543.324719
19.513443,-149.709824,541.524299
31.732034,-137.502655,541.275430
42.438460,-121.857019,541.886960
50.235213,-100.873293,542.538413
53.150800,-74.748801,542.592875
50.000245,-43.380838,541.817123
42.045847,-22.632859,540.524962
31.249856,-7.160583,539.412477
18.981457,4.950608,539.344651
6.027982,15.349675,541.031971
-7.107087,25.250179,544.743879
-19.998094,35.716076,550.155615
-32.136170,47.973359,556.386540
-42.720295,63.681221,562.219779
-50.365842,84.686970,566.430367
-53.148027,110.691168,568.118322
-50.029590,136.497946,566.949823
-42.161388,157.152273,563.242270
-31.459833,172.596378,557.872209
-19.267341,-175.298117,552.030337
-6.358793,-164.902021,546.890109
6.768161,-155.008668,543.287212
19.689399,-144.555644,541.511452
31.893491,-132.313397,541.279932
42.570802,-116.605945,541.897556
50.313780,-95.539620,542.544322
53.149048,-69.370005,542.587810
49.917956,-38.051448,541.801510
41.911319,-17.385822,540.506327
31.087205,-1.973800,539.402408
18.804865,10.103567,539.354826
5.845795,20.488107,541.069700
-7.288806,30.389159,544.808866
-20.173233,40.870805,550.239112
-32.296205,53.163448,556.473270
-42.850679,68.933081,562.291969
-50.442270,90.020162,566.472589
-53.144907,116.067130,568.121665
-49.948241,141.825365,566.914248
-42.028202,162.398595,563.176534
-31.298404,177.782998,557.791406
-19.091604,-170.145192,551.951686
-6.176979,-159.763651,546.828185
6.950037,-149.869828,543.250067
19.865221,-139.401127,541.498909
32.054665,-127.123479,541.284599
42.702590,-111.353811,541.908154
50.391388,-90.204852,542.550108
53.146096,-63.991250,542.582579
49.834737,-32.723182,541.785791
41.776261,-12.139820,540.487726
30.924283,3.212349,539.392545
18.628147,15.256207,539.365348
5.663576,25.626448,541.107831
-7.470477,35.528249,544.874188
-20.348230,46.025875,550.322770
-32.455946,58.354201,556.559920
-42.980503,74.185994,562.363837
-50.517742,95.354417,566.514313
-53.140604,121.443027,568.124447
-49.865971,147.151681,566.878175
-41.894487,167.643895,563.110475
-31.136699,-177.031013,557.710515
-18.915736,-164.992587,551.873179
-5.995125,-154.625374,546.766568
7.131875,-144.730879,543.213284
20.040908,-134.246269,541.486669
32.215550,-121.932895,541.289430
42.833820,-106.100611,541.918752
50.468031,-84.868997,542.555769
53.141941,-58.612557,542.577183
49.750592,-27.396045,541.769967
41.640677,-6.894849,540.469162
30.761092,8.397868,539.382892
18.451305,20.408532,539.376219
5.481324,30.764701,541.146361
-7.652101,40.667451,544.939844
-20.523082,51.181290,550.406586
-32.615392,63.545623,556.646486
-43.109764,79.439965,562.435381
-50.592253,100.689729,566.555537
-53.135117,126.818839,568.126667
-49.782788,152.476889,566.841607
-41.760248,172.888176,563.044096
-30.974721,-171.845649,557.629541
-18.739736,-159.840296,551.794819
-5.813232,-149.487185,546.705260
7.313671,-139.591820,543.176863
20.216457,-129.091066,541.474732
32.376146,-116.741640,541.294422
42.964488,-100.846342,541.929349
50.543703,-79.532063,542.561304
53.136586,-53.233946,542.571622
49.665528,-22.070043,541.754040
41.504572,-1.650902,540.450636
30.597633,13.582763,539.373449
18.274339,25.560544,539.387441
5.299043,35.902869,541.185292
-7.833675,45.806768,545.005831
-20.697789,56.337055,550.490556
-32.774540,68.737719,556.732965
-43.238456,84.695000,562.506597
-50.665796,106.026090,566.596260
-53.128447,132.194544,568.128325
-49.698695,157.800982,566.804544
-41.625488,178.131444,562.977400
-30.812472,-166.660907,557.548486
-18.563608,-154.688317,551.716609
-5.631302,-144.349083,546.644263
7.495426,-134.452647,543.140805
20.391868,-123.935515,541.463094
32.536448,-111.549708,541.299574
43.094588,-95.590997,541.939942
50.618400,-74.194056,542.566712
53.130030,-47.855440,542.565895
49.579551,-16.745179,541.738012
41.367950,3.592025,540.432151
30.433911,18.767039,539.364220
18.097251,30.712248,539.399014
5.116732,41.040954,541.224623
-8.015198,50.946203,545.072149
-20.872349,61.493173,550.574677
-32.933386,73.930494,556.819354
-43.366574,89.951102,562.577483
-50.738367,111.363492,566.636480
-53.120596,137.570122,568.129421
-49.613700,163.123956,566.766990
-41.490212,-176.626295,562.910390
-30.649955,-161.476780,557.467354
-18.387351,-149.536647,551.638551
-5.449335,-139.211063,546.583577
7.677138,-129.313357,543.105107
20.567139,-118.779610,541.451756
32.696455,-106.357095,541.304882
43.224115,-90.334573,541.950528
50.692114,-68.854985,542.571992
53.122275,-42.477059,542.560004
49.492666,-11.421459,541.721884
41.230817,8.833937,540.413710
30.269927,23.950700,539.355206
17.920043,35.863648,539.410941
4.934392,46.178960,541.264355
-8.196671,56.085759,545.138796
-21.046759,66.649647,550.658947
-33.091929,79.123953,556.905649
-43.494114,95.208277,562.648035
-50.809959,116.701928,566.676195
-53.111563,142.945554,568.129956
-49.527807,168.445808,566.728946
-41.354425,-171.385037,562.843069
-30.487173,-156.293264,557.386148
-18.210968,-144.385280,551.560648
-5.267332,-134.073125,546.523205
7.858806,-124.173948,543.069772
20.742267,-113.623350,541.440714
32.856163,-101.163794,541.310345
43.353064,-85.077065,541.961107
50.764842,-63.514857,542.577142
53.113320,-37.098824,542.553948
49.404880,-6.098887,541.705657
41.093176,14.074841,540.395315
30.105684,29.133752,539.346410
17.742717,41.014746,539.423222
4.752026,51.316888,541.304486
-8.378090,61.225439,545.205769
-21.221020,71.806482,550.743363
-33.250164,84.318102,556.991845
-43.621070,100.466528,562.718250
-50.880568,122.041388,566.715404
-53.101349,148.320817,568.129929
-49.441022,173.766531,566.690413
-41.218131,-166.144777,562.775440
-30.324128,-151.110353,557.304872
-18.034460,-139.234215,551.482904
-5.085296,-128.935264,546.463147
8.040428,-119.034415,543.034798
20.917252,-108.466729,541.429969
33.015569,-95.969801,541.315960
43.481431,-79.818467,541.971675
50.836576,-58.173681,542.582162
53.103167,-31.720756,542.547728
49.316199,-0.777466,541.689333
40.955032,19.314741,540.376967
29.941185,34.316200,539.337835
17.565273,46.165547,539.435858
4.569633,56.454743,541.345017
-8.559455,66.365245,545.273067
-21.395128,76.963682,550.827921
-33.408090,89.512946,557.077941
-43.747437,105.725860,562.788127
-50.950189,127.381865,566.754105
-53.089956,153.695893,568.129341
-49.353352,179.086123,566.651393
-41.081335,-160.905508,562.707507
-30.160822,-145.928044,557.223529
-17.857828,-134.083447,551.405320
-4.903226,-123.797478,546.403407
8.222004,-113.894758,543.000185
21.092092,-103.309745,541.419517
33.174670,-90.775110,541.321725
43.609209,-74.558776,541.982231
50.907311,-52.831466,542.587049
53.091817,-26.342875,542.541343
49.226627,4.542798,541.672914
40.816390,24.553642,540.358671
29.776432,39.498049,539.329482
17.387714,51.316054,539.448852
4.387216,61.592527,541.385947
-8.740766,71.505181,545.340687
-21.569082,82.121250,550.912618
-33.565704,94.708491,557.163932
-43.873211,110.986277,562.857660
-51.018815,132.723348,566.792297
-53.077385,159.070761,568.128191
-49.264802,-175.595421,566.611889
-40.944041,-155.667227,562.639272
-29.997258,-140.746329,557.142122
-17.681075,-128.932973,551.327900
-4.721124,-118.659765,546.343983
8.403532,-108.754972,542.965933
21.266785,-98.152392,541.409358
33.333465,-85.579716,541.327638
43.736395,-69.297987,541.992772
50.977043,-47.488221,542.591804
53.079270,-20.965203,542.534794
49.136172,9.861903,541.656401
40.677254,29.791552,540.340427
29.611427,44.679304,539.321353
17.210040,56.466270,539.462205
4.204775,66.730242,541.427277
-8.922020,76.645250,545.408629
-21.742881,87.279190,550.997451
-33.723002,99.904741,557.249815
-43.998387,116.247783,562.926849
-51.086441,138.065831,566.829978
-53.063636,164.445400,568.126481
-49.175378,-170.278104,566.571903
-40.806253,-150.429927,562.570738
-29.833438,-135.565206,557.060656
-17.504201,-123.782789,551.250647
-4.538991,-113.522121,546.284879
8.585011,-103.615054,542.932042
21.441329,-92.994668,541.399490
33.491949,-80.383612,541.333696
43.862983,-64.036096,542.003297
51.045765,-42.143953,542.596425
53.065529,-15.587760,542.528081
49.044840,15.179844,541.639796
40.537628,35.028474,540.322238
29.446174,49.859970,539.313452
17.032254,61.616199,539.475917
4.022311,71.867891,541.469006
-9.103216,81.785454,545.476890
-21.916523,92.437506,551.082417
-33.879981,105.101703,557.335586
-44.122960,121.510383,562.995689
-51.153063,143.409301,566.867146
-53.048711,169.819791,568.124209
-49.085086,-164.961930,566.531435
-40.667976,-145.193603,562.501908
-29.669365,-130.384669,556.979132
-17.327208,-118.632892,551.173562
-4.356828,-108.384543,546.226096
8.766441,-98.475003,542.898511
21.615723,-87.836568,541.389911
33.650119,-75.186795,541.339897
43.988968,-58.773098,542.013803
51.113472,-36.798674,542.600911
53.050594,-10.210567,542.521205
48.952635,20.496620,541.623100
40.397518,40.264414,540.304106
29.280673,55.040052,539.305780
16.854356,66.765845,539.489990
3.839826,77.005478,541.511133
-9.284354,86.925796,545.545468
-22.090005,97.596202,551.167513
-34.036639,110.299381,557.421242
-44.246923,126.774080,563.064177
-51.218675,148.753751,566.903800
-53.032612,175.193914,568.121377
-48.993931,-159.646901,566.490488
-40.529213,-139.958250,562.432786
-29.505042,-125.204712,556.897555
-17.150098,-113.483279,551.096650
-4.174636,-103.247029,546.167635
8.947819,-93.334814,542.865341
21.789965,-82.678089,541.380619
33.807974,-69.989258,541.346240
44.114345,-53.508989,542.024288
51.180158,-31.452393,542.605260
53.034467,-4.833644,542.514166
48.859565,25.812227,541.606316
40.256926,45.499378,540.286035
29.114929,60.219555,539.298340
16.676349,71.915211,539.504426
3.657321,82.143004,541.553659
-9.465433,92.066279,545.614361
-22.263328,102.755282,551.252735
-34.192973,115.497781,557.506780
-44.370274,132.038879,563.132312
-51.283272,154.099171,566.939938
-53.015340,-179.432252,568.117985
-48.901919,-154.333022,566.449065
-40.389970,-134.723862,562.363374
-29.340470,-120.025332,556.815928
-16.972871,-108.333946,551.019912
-3.992417,-98.109577,546.109496
9.129145,-88.194485,542.832531
21.964053,-77.519226,541.371614
33.965508,-64.790995,541.352721
44.239108,-48.243765,542.034751
51.245819,-26.105119,542.609473
53.017150,0.542988,542.506965
48.765635,31.126663,541.589444
40.115858,50.733372,540.268026
28.948943,65.398484,539.291133
16.498233,77.064300,539.519226
3.474796,87.280474,541.596583
-9.646450,97.206907,545.683567
-22.436487,107.914750,551.338081
-34.348979,120.696909,557.592195
-44.493005,137.304783,563.200090
-51.346848,159.445548,566.975559
-52.996897,-174.058726,568.114033
-48.809057,-149.020293,566.407166
-40.250250,-129.490434,562.293677
-29.175652,-114.846523,556.734255
-16.795530,-103.184889,550.943351
-3.810171,-92.972182,546.051683
9.310418,-83.054013,542.800080
22.137985,-72.359975,541.362893
34.122721,-59.592001,541.359338
44.363252,-42.977421,542.045189
51.310449,-20.756864,542.613547
52.998644,5.919309,542.499600
48.670852,36.439925,541.572487
39.974317,55.966400,540.250082
28.782718,70.576843,539.284163
16.320010,82.213117,539.534390
3.292253,92.417888,541.639905
-9.827405,102.347681,545.753084
-22.609483,113.074610,551.423548
-34.504655,125.896770,557.677485
-44.615113,142.571797,563.267508
-51.409399,164.792875,567.010661
-52.977285,-168.685527,568.109521
-48.715349,-143.708719,566.364795
-40.110058,-124.257961,562.223696
-29.010590,-109.668280,556.652538
-16.618075,-98.036105,550.866971
-3.627899,-87.834843,545.994195
9.491635,-77.913395,542.767989
22.311761,-67.200333,541.354454
34.279608,-54.392271,541.366089
44.486773,-37.709955,542.055600
51.374042,-15.407638,542.617482
52.978951,11.295299,542.492074
48.575220,41.752010,541.555445
39.832308,61.198470,540.232204
28.616255,75.754638,539.277431
16.141682,87.361663,539.549920
3.109692,97.555251,541.683625
-10.008297,107.488606,545.822911
-22.782313,118.234865,551.509131
-34.659998,131.097369,557.762645
-44.736592,147.839923,563.334563
-51.470920,170.141138,567.045243
-52.956504,-163.312676,568.104450
-48.620802,-138.398300,566.321952
-39.969398,-119.026437,562.153435
-28.845287,-104.490599,556.570781
-16.440509,-92.887591,550.790773
-3.445603,-82.697557,545.937035
9.672797,-72.772628,542.736257
22.485377,-62.040296,541.346297
34.436167,-49.191800,541.372972
44.609664,-32.441361,542.065983
51.436594,-10.057451,542.621277
52.958072,16.670938,542.484387
48.478747,47.062917,541.538322
39.689836,66.429586,540.214396
28.449558,80.931873,539.270939
15.963250,92.509943,539.565817
2.927116,102.692566,541.727741
-10.189124,112.629684,545.893045
-22.954976,123.395520,551.594828
-34.815003,136.298712,557.847673
-44.857436,153.109166,563.401252
-51.531405,175.490329,567.079304
-52.934558,-157.940191,568.098820
-48.525422,-133.089040,566.278641
-39.828273,-113.795857,562.082897
-28.679744,-99.313474,556.488988
-16.262832,-87.739344,550.714760
-3.263284,-77.560320,545.880203
9.853902,-67.631710,542.704883
22.658833,-56.879859,541.338419
34.592393,-43.990580,541.379984
44.731921,-27.171637,542.076334
51.498100,-4.706315,542.624930
52.936011,22.046206,542.476538
48.381438,52.372645,541.521118
39.546904,71.659753,540.196660
28.282629,86.108554,539.264690
15.784715,97.657961,539.582083
2.744525,107.829834,541.772254
-10.369886,117.770918,545.963484
-23.127469,128.556579,551.680637
-34.969670,141.500805,557.932565
-44.977641,158.379529,563.467574
-51.590850,-179.159566,567.112842
-52.911449,-152.568093,568.092632
-48.429214,-127.780940,566.234863
-39.686688,-108.566214,562.012085
-28.513965,-94.136902,556.407162
-16.085046,-82.591359,550.638936
-3.080943,-72.423131,545.823700
10.034948,-62.490636,542.673868
22.832126,-51.719018,541.330818
34.748285,-38.788608,541.387124
44.853538,-21.900778,542.086653
51.558553,0.645759,542.628442
52.912768,27.421084,542.468528
48.283299,57.681191,541.503835
39.403516,76.888979,540.178998
28.115469,91.284685,539.258686
15.606078,102.805718,539.598719
2.561921,112.967058,541.817163
-10.550580,122.912311,546.034226
-23.299792,133.718046,551.766552
-35.123993,146.703652,558.017317
-45.097201,163.651015,563.533524
-51.649250,-173.808558,567.145855
-52.887178,-147.196399,568.085885
-48.332184,-122.474001,566.190620
-39.544648,-103.337504,561.941003
-28.347952,-88.960877,556.325306
-15.907152,-77.443634,550.563302
-2.898581,-67.285986,545.767529
10.215935,-57.349404,542.643210
23.005255,-46.557769,541.323493
34.903839,-33.585877,541.394388
44.974510,-16.628781,542.096937
51.617950,5.998759,542.631810
52.888347,32.795551,542.460358
48.184336,62.988554,541.486475
39.259677,82.117267,540.161413
27.948082,96.460271,539.252929
15.427342,107.953220,539.615725
2.379303,118.104242,541.862468
-10.731207,128.053866,546.105269
-23.471941,138.879925,551.852572
-35.277971,151.907260,558.101926
-45.216112,168.923628,563.599100
-51.706600,-168.456658,567.178343
-52.861749,-141.825129,568.078580
-48.234338,-117.168225,566.145915
-39.402155,-98.109721,561.869654
-28.181706,-83.785394,556.243424
-15.729152,-72.296165,550.487861
-2.716199,-62.148883,545.711689
10.396861,-52.208011,542.612910
23.178217,-41.396109,541.316442
35.059052,-28.382382,541.401775
45.094831,-11.355642,542.107185
51.676285,11.352672,542.635034
52.862749,38.169588,542.452028
48.084555,68.294733,541.469039
39.115391,87.344625,540.143906
27.780470,101.635316,539.247421
15.248507,113.100469,539.633103
2.196674,123.241388,541.908168
-10.911764,133.195586,546.176611
-23.643916,144.042220,551.938693
-35.431599,157.111633,558.186388
-45.334367,174.197371,563.664299
-51.762895,-163.103878,567.210305
-52.835162,-136.454302,568.070719
-48.135682,-111.863614,566.100749
-39.259215,-92.882859,561.798040
-28.015230,-78.610449,556.161518
-15.551047,-67.148949,550.412616
-2.533797,-57.011819,545.656183
10.577725,-47.066455,542.582966
23.351012,-36.234033,541.309663
35.213920,-23.178116,541.409282
45.214497,-6.081357,542.117393
51.733553,16.707487,542.638114
52.835978,43.543176,542.443539
47.983962,73.599727,541.451530
38.970662,92.571058,540.126481
27.612634,106.809826,539.242164
15.069576,118.247469,539.650854
2.014035,128.378499,541.954263
-11.092250,138.337475,546.248249
-23.815714,149.204935,552.024912
-35.584876,162.316778,558.270701
-45.451961,179.472247,563.729119
-51.818131,-157.750232,567.241738
-52.807422,-131.083936,568.062300
-48.036222,-106.560167,566.055124
-39.115830,-87.656914,561.726166
-27.848526,-73.436037,556.079593
-15.372838,-62.001983,550.337570
-2.351379,-51.874791,545.601011
10.758526,-41.924731,542.553379
23.523637,-31.071537,541.303155
35.368441,-17.973075,541.416906
45.333500,-0.805925,542.127561
51.789750,22.063192,542.641047
52.808035,48.916297,542.434891
47.882563,78.903536,541.433950
38.825493,97.796571,540.109140
27.444578,111.983805,539.237161
14.890548,123.394222,539.668979
1.831386,133.515578,542.000751
-11.272665,143.479534,546.320182
-23.987334,154.368075,552.111226
-35.737796,167.522700,558.354859
-45.568889,-175.251741,563.793557
-51.872303,-152.395732,567.272641
-52.778530,-125.714050,568.053326
-47.935963,-101.257887,566.009044
-38.972006,-82.431878,561.654033
-27.681597,-68.262154,555.997651
-15.194527,-56.855263,550.262725
-2.168943,-46.737796,545.546175
10.939263,-36.782838,542.524148
23.696090,-25.908617,541.296916
35.522611,-12.767253,541.424647
45.451837,4.470659,542.137686
51.844870,27.419772,542.643834
52.778923,54.288930,542.426085
47.780363,84.206159,541.416299
38.679889,103.021170,540.091885
27.276303,117.157258,539.232414
14.711426,128.540733,539.687479
1.648729,138.652627,542.047634
-11.453007,148.621768,546.392407
-24.158774,159.531642,552.197631
-35.890358,172.729405,558.438861
-45.685146,-169.974590,563.857610
-51.925406,-147.040391,567.303014
-52.748489,-120.344662,568.043796
-47.834912,-95.956773,565.962509
-38.827745,-77.207747,561.581646
-27.514444,-63.088795,555.915697
-15.016116,-51.708786,550.188083
-1.986492,-41.600832,545.491675
11.119934,-31.640771,542.495272
23.868370,-20.745269,541.290943
35.676426,-7.560644,541.432500
45.569501,9.748398,542.147767
51.898909,32.777215,542.646474
52.748645,59.661057,542.417121
47.677370,89.507595,541.398580
38.533854,108.244861,540.074718
27.107811,122.330189,539.227925
14.532212,133.687004,539.706355
1.466064,143.789649,542.094909
-11.633274,153.764179,546.464923
-24.330031,164.695643,552.284124
-36.042558,177.936898,558.522703
-45.800726,-164.696298,563.921275
-51.977436,-141.684222,567.332854
-52.717302,-114.975791,568.033711
-47.733073,-90.656827,565.915523
-38.683052,-71.984516,561.509007
-27.347071,-57.915955,555.833732
-14.837604,-46.562549,550.113647
-1.804026,-36.463896,545.437513
11.300538,-26.498528,542.466750
24.040474,-15.581487,541.285236
35.829884,-2.353243,541.440465
45.686488,15.027294,542.157801
51.951863,38.135508,542.648965
52.717205,65.032661,542.408000
47.573588,94.807844,541.380795
38.387391,113.467650,540.057643
26.939105,127.502603,539.223696
14.352905,138.833039,539.725608
1.283394,148.926647,542.142577
-11.813466,158.906769,546.537726
-24.501105,169.860080,552.370701
-36.194392,-176.854815,558.606380
-45.915624,-159.416861,563.984549
-52.028388,-136.327238,567.362162
-52.684972,-109.607454,568.023071
-47.630453,-85.358047,565.868087
-38.537931,-66.762177,561.436121
-27.179477,-52.743629,555.751762
-14.658995,-41.416548,550.039420
-1.621546,-31.326985,545.383689
11.481074,-21.356106,542.438583
24.212401,-10.417270,541.279791
35.982981,2.854957,541.448538
45.802790,20.307351,542.167787
52.003726,43.494637,542.651307
52.684604,70.403721,542.398723
47.469024,100.106907,541.362945
38.240505,118.689542,540.040661
26.770186,132.674505,539.219729
14.173508,143.978841,539.745239
1.100719,154.063624,542.190636
-11.993581,164.049544,546.610815
-24.671993,175.024958,552.457360
-36.345857,-171.645729,558.689890
-46.029835,-154.136278,564.047431
-52.078258,-130.969455,567.390935
-52.651501,-104.239668,568.011878
-47.527058,-80.060435,565.820204
-38.392385,-61.540727,561.362989
-27.011667,-47.571814,555.669788
-14.480289,-36.270780,549.965404
-1.439055,-26.190096,545.330205
11.661540,-16.213502,542.410770
24.384149,-5.252611,541.274609
36.135713,8.063961,541.456717
45.918404,25.588570,542.177722
52.054494,48.854587,542.653499
52.650846,75.774221,542.389290
47.363683,105.404784,541.345033
38.093199,123.910543,540.023775
26.601058,137.845900,539.216026
13.994023,149.124413,539.765249
0.918039,159.200582,542.239087
-12.173618,169.192504,546.684187
-24.842694,-179.809719,552.544097
-36.496951,-166.435838,558.773230
-46.143352,-148.854545,564.109917
-52.127042,-125.610884,567.419173
-52.616894,-98.872452,568.000131
-47.422892,-74.763991,565.771876
-38.246419,-56.320158,561.289616
-26.843643,-42.400504,555.587815
-14.301487,-31.125243,549.891601
-1.256552,-21.053227,545.277062
11.841936,-11.070713,542.383309
24.555716,-0.087507,541.269685
36.288077,13.273775,541.465001
46.033323,30.870956,542.187605
52.104163,54.215345,542.655540
52.615934,81.144142,542.379701
47.257572,110.701475,541.327060
37.945478,129.130660,540.006987
26.431722,143.016791,539.212590
13.814450,154.269759,539.785639
0.735357,164.337525,542.287928
-12.353576,174.335655,546.757841
-25.013205,-174.643946,552.630910
-36.647668,-161.225137,558.856395
-46.256170,-143.571661,564.172004
-52.174736,-120.251542,567.446874
-52.581153,-93.505822,567.987832
-47.317963,-69.468713,565.723105
-38.100035,-51.100467,561.216004
-26.675405,-37.229695,555.505845
-14.122591,-25.979931,549.818014
-1.074039,-15.916374,545.224261
12.022260,-5.927735,542.356201
24.727099,5.078047,541.265020
36.440071,18.484404,541.473386
46.147541,36.154510,542.197435
52.152728,59.576896,542.657430
52.579872,86.513466,542.369958
47.150695,115.996980,541.309027
37.797345,134.349897,539.990300
26.262180,148.187184,539.209422
13.634790,159.414882,539.806410
0.552674,169.474454,542.337159
-12.533454,179.478997,546.831773
-25.183524,-169.477720,552.717793
-36.798007,-156.013619,558.939382
-46.368285,-138.287624,564.233691
-52.221335,-114.891442,567.474037
-52.544281,-88.139797,567.974981
-47.212276,-64.174601,565.673893
-37.953238,-45.881646,561.142157
-26.506957,-32.059382,555.423882
-13.943603,-20.834844,549.744646
-0.891517,-10.779536,545.171802
12.202511,-0.784566,542.329444
24.898298,10.244055,541.260610
36.591689,23.695854,541.481870
46.261054,41.439234,542.207208
52.200185,64.939225,542.659168
52.542662,91.882176,542.360061
47.043060,121.291301,541.290938
37.648803,139.568260,539.973716
26.092434,153.357083,539.206525
13.455046,164.559785,539.827563
0.369989,174.611373,542.386778
-12.713250,-175.377464,546.905982
-25.353650,-164.311036,552.804745
-36.947963,-150.801280,559.022188
-46.479689,-133.002431,564.294974
-52.266835,-109.530600,567.500662
-52.506282,-82.774392,567.961579
-47.105835,-58.881656,565.624243
-37.806032,-40.663691,561.068079
-26.338300,-26.889562,555.341929
-13.764522,-15.689977,549.671499
-0.708987,-5.642710,545.119687
12.382688,4.358798,542.303038
25.069310,15.410520,541.256454
36.742930,28.908131,541.490452
46.373855,46.725130,542.216923
52.246529,70.302317,542.660752
52.504308,97.250256,542.350011
46.934672,126.584438,541.272794
37.499857,144.785756,539.957237
25.922487,158.526492,539.203900
13.275218,169.704471,539.849099
0.187305,179.748285,542.436786
-12.892963,-170.233727,546.980465
-25.523581,-159.143889,552.891762
-37.097534,-145.588113,559.104810
-46.590379,-127.716081,564.355851
-52.311232,-104.169030,567.526746
-52.467159,-77.409624,567.947626
-46.998648,-53.589875,565.574158
-37.658419,-35.446595,560.993771
-26.169436,-21.720229,555.259990
-13.585352,-10.545327,549.598575
-0.526450,-0.505892,545.067916
12.562789,9.502359,542.276983
25.240133,20.577449,541.252550
36.893788,34.121240,541.499128
46.485938,52.012202,542.226579
52.291757,75.666158,542.662183
52.464815,102.617686,542.339808
46.825537,131.876393,541.254596
37.350511,150.002390,539.940867
25.752340,163.695417,539.201550
13.095308,174.848943,539.871018
0.004623,-175.114808,542.487181
-13.072591,-165.089788,547.055220
-25.693314,-153.976275,552.978840
-37.246715,-140.374113,559.187243
-46.700347,-122.428572,564.416319
-52.354523,-98.806748,567.552290
-52.426916,-72.045510,567.933125
-46.890720,-48.299259,565.523639
-37.510405,-30.230353,560.919239
-26.000369,-16.551379,555.178067
-13.406092,-5.400890,549.525876
-0.343907,4.630920,545.016491
12.742813,14.646122,542.251277
25.410765,25.744844,541.248896
37.044262,39.335188,541.507897
46.597298,57.300449,542.236173
52.335865,81.030730,542.663460
52.424184,107.984452,542.329453
46.715660,137.167166,541.236347
37.200767,155.218168,539.924607
25.581996,168.863861,539.199476
12.915316,179.993205,539.893322
-0.178057,-169.977904,542.537963
-13.252134,-159.945644,547.130245
-25.862848,-148.808191,553.065976
-37.395503,-135.159274,559.269485
-46.809589,-117.139903,564.476376
-52.396703,-93.443769,567.577292
-52.385557,-66.682066,567.918074
-46.782056,-43.009805,565.472688
-37.361992,-25.014960,560.844484
-25.831098,-11.383008,555.096165
-13.226745,-0.256665,549.453406
-0.161359,9.767729,544.965412
12.922759,19.790088,542.225920
25.581204,30.912710,541.245491
37.194346,44.549980,541.516755
46.707930,62.589876,542.245704
52.378848,86.396019,542.664582
52.382421,113.350536,542.318948
46.605047,142.456759,541.218048
37.050630,160.433095,539.908459
25.411457,174.031829,539.197681
12.735245,-174.862740,539.916011
-0.360733,-164.840998,542.589131
-13.431590,-154.801292,547.205536
-26.032180,-143.639631,553.153167
-37.543894,-129.943591,559.351532
-46.918099,-111.850071,564.536019
-52.437769,-88.080109,567.601751
-52.343084,-61.319309,567.902475
-46.672662,-37.721513,565.421309
-37.213183,-19.800409,560.769510
-25.661627,-6.215111,555.014286
-13.047311,4.887353,549.381166
0.021192,14.904538,544.914680
13.102625,24.934261,542.200911
25.751448,36.081052,541.242332
37.344038,49.765622,541.525702
46.817827,67.880482,542.255170
52.420703,91.762009,542.665548
52.339528,118.715921,542.308292
46.493704,147.745174,541.199702
36.900103,165.647178,539.892427
25.240724,179.199325,539.196167
12.555096,-169.718889,539.939086
-0.543404,-159.704090,542.640683
-13.610958,-149.656728,547.281092
-26.201309,-138.470591,553.240410
-37.691886,-124.727058,559.433381
-47.025871,-106.559077,564.595245
-52.477717,-82.715784,567.625666
-52.299502,-55.957252,567.886329
-46.562544,-32.434381,565.369504
-37.063984,-14.586695,560.694321
-25.491958,-1.047684,554.932433
-12.867792,10.031167,549.309159
0.203746,20.041349,544.864296
13.282411,30.078645,542.176249
25.921496,41.249875,541.239416
37.493334,54.982120,541.534734
46.926983,73.172269,542.264569
52.461425,97.128682,542.666358
52.295511,124.080592,542.297487
46.381638,153.032413,541.181310
36.749190,170.860421,539.876513
25.069800,-175.633646,539.194936
12.374869,-164.575239,539.962548
-0.726069,-154.567175,542.692620
-13.790236,-144.511950,547.356911
-26.370233,-133.301067,553.327701
-37.839473,-119.509669,559.515029
-47.132900,-101.266918,564.654053
-52.516544,-77.350811,567.649036
-52.254815,-50.595913,567.869637
-46.451707,-27.148408,565.317275
-36.914396,-9.373813,560.618920
-25.322092,4.119277,554.850610
-12.688189,15.174779,549.237387
0.386301,25.178165,544.814261
13.462114,35.223243,542.151933
26.091344,46.419182,541.236744
37.642229,60.199479,541.543849
47.035393,78.465239,542.273899
52.501012,102.496023,542.667011
52.250372,129.444534,542.286533
46.268852,158.318476,541.162875
36.597895,176.072831,539.860719
24.898686,-170.467080,539.193990
12.194567,-159.431786,539.986398
-0.908727,-149.430251,542.744940
-13.969424,-139.366954,547.432989
-26.538949,-128.131055,553.415036
-37.986653,-114.291419,559.596471
-47.239180,-95.973594,564.712439
-52.554246,-71.985206,567.671860
-52.209027,-45.235307,567.852400
-46.340156,-21.863591,565.264624
-36.764424,-4.161757,560.543309
-25.152032,9.285777,554.768821
-12.508504,20.318193,549.165853
0.568856,30.314988,544.764575
13.641735,40.368057,542.127963
26.260991,51.588978,541.234311
37.790722,65.417705,541.553045
47.143052,83.759392,542.283158
52.539458,107.864015,542.667507
52.204116,134.807729,542.275431
46.155354,163.603367,541.144399
36.446220,-178.715586,539.845047
24.727385,-165.300972,539.193330
12.014190,-154.288528,540.010636
-1.091377,-144.293315,542.797642
-14.148520,-134.221737,547.509325
-26.707456,-122.960549,553.502413
-38.133422,-109.072302,559.677705
-47.344705,-90.679105,564.770402
-52.590819,-66.618985,567.694138
-52.162141,-39.875448,567.834618
-46.227898,-16.579930,565.211555
-36.614071,1.049479,560.467494
-24.981779,14.451820,554.687068
-12.328738,25.461411,549.094558
0.751411,35.451823,544.715239
13.821270,45.513091,542.104338
26.430436,56.759268,541.232117
37.938806,70.636804,541.562320
47.249952,89.054730,542.292346
52.576762,113.232640,542.667844
52.156746,140.170163,542.264182
46.041149,168.887088,541.125882
36.294170,-173.504824,539.829501
24.555898,-160.135318,539.192959
11.833740,-149.145462,540.035263
-1.274018,-139.156366,542.850726
-14.327522,-129.076296,547.585915
-26.875752,-117.789545,553.589828
-38.279777,-103.852313,559.758727
-47.449469,-85.383448,564.827938
-52.626260,-61.252167,567.715869
-52.114162,-34.516351,567.816293
-46.114938,-11.297421,565.158068
-36.463340,6.259900,560.391476
-24.811335,19.617411,554.605354
-12.148891,30.604438,549.023505
0.933965,40.588670,544.666255
14.000719,50.658348,542.081057
26.599675,61.930056,541.230160
38.086480,75.856782,541.571671
47.356089,94.351254,542.301459
52.612918,118.601882,542.668024
52.108268,145.531822,542.252787
45.926242,174.169640,541.107329
36.141748,-168.294879,539.814081
24.384228,-154.970115,539.192879
11.653218,-144.002584,540.060280
-1.456648,-134.019398,542.904190
-14.506430,-123.930627,547.662758
-27.043833,-112.618039,553.677277
-38.425713,-98.631445,559.839534
-47.553467,-80.086625,564.885046
-52.660566,-55.884767,567.737051
-52.065095,-29.158031,567.797425
-46.001282,-6.016064,565.104168
-36.312235,11.469513,560.315259
-24.640703,24.782553,554.523683
-11.968966,35.747276,548.952696
1.116515,45.725534,544.617622
14.180081,55.803831,542.058119
26.768706,67.101346,541.228437
38.233739,81.077644,541.581096
47.461456,99.648963,542.310497
52.647925,123.971722,542.668044
52.058686,150.892689,542.241247
45.810640,179.451026,541.088739
35.988957,-163.085744,539.798792
24.212377,-149.805356,539.193092
11.472625,-138.859892,540.085688
-1.639267,-128.882412,542.958033
-14.685242,-118.784728,547.739850
-27.211699,-107.446027,553.764757
-38.571226,-93.409694,559.920122
-47.656694,-74.788635,564.941722
-52.693734,-50.516803,567.757684
-52.014942,-23.800502,567.778016
-45.886934,-0.735854,565.049856
-36.160760,16.678322,560.238846
-24.469883,29.947251,554.442059
-11.788963,40.889928,548.882133
1.299061,50.862416,544.569341
14.359354,60.949544,542.035523
26.937528,72.273144,541.226946
38.380579,86.299397,541.590593
47.566048,104.947859,542.319458
52.681779,129.342144,542.667904
52.008003,156.252751,542.229562
45.694347,-175.268751,541.070116
35.835801,-157.877414,539.783635
24.040346,-144.641040,539.193599
11.291962,-133.717382,540.111487
-1.821874,-123.745402,543.012255
-14.863956,-113.638595,547.817190
-27.379347,-102.273503,553.852265
-38.716313,-88.187053,560.000489
-47.759143,-69.489478,564.997965
-52.725761,-45.148293,567.777767
-51.963709,-18.443777,567.758066
-45.771901,4.543209,564.995136
-36.008917,21.886333,560.162241
-24.298879,35.111509,554.360483
-11.608883,46.032398,548.811820
1.481602,55.999320,544.521414
14.538537,66.095490,542.013268
27.106139,77.445454,541.225686
38.526997,91.522045,541.600159
47.669859,110.247941,542.328339
52.714476,134.713129,542.667605
51.956225,161.611992,542.217734
45.577370,-169.989689,541.051462
35.682284,-152.669882,539.768612
23.868137,-139.477160,539.194402
11.111231,-128.575050,540.137677
-2.004467,-118.608367,543.066854
-15.042572,-108.492225,547.894775
-27.546775,-97.100464,553.939798
-38.860971,-82.963518,560.080630
-47.860808,-64.189153,565.053772
-52.756644,-39.779255,567.797299
-51.911400,-13.087872,567.737577
-45.656188,9.821128,564.940008
-35.856710,27.093552,560.085448
-24.127692,40.275331,554.278960
-11.428729,51.174688,548.741757
1.664137,61.136248,544.473840
14.717629,71.241672,541.991353
27.274535,82.618280,541.224654
38.672988,96.745595,541.609792
47.772883,115.549211,542.337139
52.746013,140.084660,542.667145
51.903355,166.970400,542.205763
45.459713,-164.711785,541.032778
35.528407,-147.463143,539.753727
23.695752,-134.313713,539.195504
10.930433,-123.432895,540.164260
-2.187045,-113.471304,543.121829
-15.221088,-103.345615,547.972601
-27.713980,-91.926904,554.027351
-39.005194,-77.739081,560.160542
-47.961684,-58.887662,565.109141
-52.786380,-34.409706,567.816280
-51.858020,-7.732798,567.716549
-45.539800,15.097907,564.884477
-35.704142,32.299984,560.008468
-23.956323,45.438722,554.197493
-11.248500,56.316801,548.671947
1.846665,66.273203,544.426620
14.896628,76.388093,541.969778
27.442716,87.791628,541.223848
38.818549,101.970053,541.619490
47.875113,120.851667,542.345857
52.776388,145.456717,542.666524
51.849399,172.327961,542.193651
45.341383,-159.435035,541.014067
35.374176,-142.257192,539.738981
23.523193,-129.150695,539.196906
10.749570,-118.290913,540.191236
-2.369608,-108.334209,543.177179
-15.399502,-98.198761,548.050668
-27.880962,-86.752819,554.114922
-39.148980,-72.513738,560.240223
-48.061765,-53.585004,565.164069
-52.814965,-29.039665,567.834709
-51.803572,-2.378570,567.694984
-45.422743,20.373547,564.828545
-35.551217,37.505636,559.931307
-23.784776,50.601686,554.116085
-11.068200,61.458740,548.602392
2.029185,71.410189,544.379756
15.075533,81.534757,541.948541
27.610679,92.965501,541.223266
38.963675,107.195424,541.629250
47.976544,126.155309,542.354491
52.805597,150.829282,542.665742
51.794361,177.684660,542.181399
45.222385,-154.159438,540.995331
35.219593,-137.052023,539.724377
23.350462,-123.988101,539.198611
10.568642,-113.149101,540.218606
-2.552154,-103.197082,543.232904
-15.577814,-93.051660,548.128971
-28.047716,-81.578204,554.202506
-39.292324,-67.287484,560.319668
-48.161046,-48.281180,565.218554
-52.842399,-23.669149,567.852585
-51.748063,2.974800,567.672883
-45.305021,25.648053,564.772214
-35.397937,42.710512,559.853966
-23.613050,55.764226,554.034738
-10.887827,66.600509,548.533094
2.211695,76.547206,544.333246
15.254343,86.681668,541.927641
27.778421,98.139905,541.222907
39.108363,112.421714,541.639071
48.077171,131.460137,542.363039
52.833638,156.202337,542.664798
51.738246,-176.959515,542.169007
45.102724,-148.884989,540.976571
35.064662,-131.847630,539.709918
23.177561,-118.825927,539.200619
10.387650,-108.007456,540.246369
-2.734681,-98.059917,543.289001
-15.756021,-87.904309,548.207509
-28.214242,-76.403055,554.290102
-39.435223,-62.060312,560.398875
-48.259519,-42.976192,565.272594
-52.868677,-18.298179,567.869907
-51.691495,8.327299,567.650246
-45.186641,30.921426,564.715487
-35.244307,47.914618,559.776451
-23.441149,60.926347,553.953457
-10.707385,71.742110,548.464056
2.394194,81.684259,544.287093
15.433055,91.828827,541.907078
27.945940,103.314843,541.222768
39.252609,117.648928,541.648949
48.176986,136.766150,542.371500
52.860508,161.575863,542.663691
51.681059,-171.604577,542.156476
44.982406,-143.611685,540.957790
34.909385,-126.644007,539.695605
23.004492,-113.664170,539.202933
10.206597,-102.865975,540.274528
-2.917190,-92.922714,543.345470
-15.934124,-82.756704,548.286278
-28.380537,-71.227367,554.377704
-39.577672,-56.832217,560.477839
-48.357181,-37.670040,565.326187
-52.893798,-12.926772,567.886676
-51.633874,13.678915,567.627076
-45.067608,36.193670,564.658366
-35.090329,53.117959,559.698763
-23.269074,66.088053,553.872244
-10.526873,76.883547,548.395279
2.576682,86.821350,544.241296
15.611670,96.976239,541.886850
28.113235,108.490322,541.222846
39.396408,122.877073,541.658883
48.275985,142.073347,542.379871
52.886204,166.949840,542.662422
51.622803,-166.250540,542.143808
44.861437,-138.339524,540.938991
34.753767,-121.441150,539.681442
22.831256,-108.502824,539.205556
10.025482,-97.724655,540.303081
-3.099678,-87.785468,543.402310
-16.112119,-77.608842,548.365276
-28.546599,-66.051135,554.465310
-39.719667,-51.603193,560.556559
-48.454024,-32.362726,565.379330
-52.917759,-7.554946,567.902889
-51.575205,19.029635,567.603373
-44.947927,41.464788,564.600855
-34.936006,58.320542,559.620906
-23.096827,71.249348,553.791103
-10.346294,82.024823,548.326766
2.759158,91.958482,544.195856
15.790185,102.123907,541.866955
28.280302,113.666346,541.223141
39.539757,128.106154,541.668871
48.374161,147.381728,542.388152
52.910725,172.324250,542.660990
51.563485,-160.897414,542.131003
44.739821,-133.068501,540.920174
34.597809,-116.239051,539.667430
22.657855,-103.341887,539.208487
9.844308,-92.583492,540.332030
-3.282146,-82.648178,543.459519
-16.290006,-72.460720,548.444501
-28.712425,-60.874355,554.552916
-39.861205,-46.373236,560.635030
-48.550044,-27.054251,565.432020
-52.940558,-2.182722,567.918548
-51.515493,24.379449,567.579139
-44.827604,46.734784,564.542955
-34.781342,63.522372,559.542884
-22.924410,76.410237,553.710036
-10.165648,87.165939,548.258519
2.941619,97.095657,544.150774
15.968599,107.271835,541.847394
28.447141,118.842919,541.223650
39.682652,133.336177,541.678910
48.471508,152.691290,542.396341
52.934067,177.699073,542.659395
51.503110,-155.545212,542.118063
44.617564,-127.798613,540.901342
34.441517,-111.037706,539.653573
22.484291,-98.181353,539.211731
9.663076,-87.442485,540.361375
-3.464591,-77.510841,543.517097
-16.467783,-67.312334,548.523950
-28.878014,-55.697021,554.640519
-40.002281,-41.142339,560.713249
-48.645234,-21.744616,565.484257
-52.962192,3.189882,567.933650
-51.454742,29.728343,567.554374
-44.706642,52.003660,564.484670
-34.626340,68.723453,559.464700
-22.751824,81.570722,553.629047
-9.984937,92.306901,548.190539
3.124066,102.232879,544.106049
16.146910,112.420025,541.828165
28.613747,124.020047,541.224370
39.825087,138.567147,541.688997
48.568020,158.002032,542.404435
52.956229,-176.925711,542.657637
51.441682,-150.193947,542.104989
44.494672,-122.529856,540.882498
34.284891,-105.837109,539.639872
22.310566,-93.021220,539.215287
9.481786,-82.301629,540.391117
-3.647012,-72.373453,543.575041
-16.645450,-62.163681,548.603619
-29.043362,-50.519129,554.728115
-40.142891,-35.910496,560.791213
-48.739588,-16.433824,565.536037
-52.982660,8.562846,567.948196
-51.392958,35.076308,567.529081
-44.585049,57.271421,564.426002
-34.471002,73.923793,559.386357
-22.579071,86.730809,553.548139
-9.804161,97.447709,548.122829
3.306496,107.370149,544.061683
16.325118,117.568482,541.809267
28.780119,129.197733,541.225300
39.967060,143.799071,541.699131
48.663691,163.313953,542.412435
52.977207,-171.550122,542.655714
51.379206,-144.843629,542.091781
44.371149,-117.262226,540.863644
34.127936,-100.637255,539.626330
22.136682,-87.861482,539.219158
9.300440,-77.160923,540.421256
-3.829409,-67.236012,543.633351
-16.823004,-57.014758,548.683507
-29.208468,-45.340675,554.815702
-40.283032,-30.677703,560.868919
-48.833100,-11.121877,565.587359
-53.001960,13.936151,567.962186
-51.330145,40.423331,567.503259
-44.462829,62.538071,564.366954
-34.315332,79.123395,559.307859
-22.406154,91.890501,553.467315
-9.623323,102.588368,548.055390
3.488909,112.507472,544.017676
16.503220,122.717208,541.790699
28.946255,134.375984,541.226437
40.108565,149.031953,541.709310
48.758516,168.627051,542.420337
52.997001,-166.174178,542.653628
51.315688,-139.494270,542.078441
44.247002,-111.995721,540.844781
33.970656,-95.438137,539.612949
21.962640,-82.702135,539.223346
9.119040,-72.020362,540.451792
-4.011780,-62.098515,543.692026
-17.000444,-51.865561,548.763610
-29.373329,-40.161652,554.903274
-40.422698,-25.443954,560.946363
-48.925766,-5.808777,565.638220
-53.020090,19.309778,567.975617
-51.266308,45.769403,567.476911
-44.339986,67.803612,564.307529
-34.159333,84.322266,559.229209
-22.233073,97.049802,553.386579
-9.442422,107.728880,547.988225
3.671305,117.644849,543.974028
16.681216,127.866207,541.772459
29.112152,139.554803,541.227780
40.249599,154.265799,541.719530
48.852488,173.941323,542.428141
53.015609,-160.797901,542.651377
51.251133,-134.145881,542.064971
44.122234,-106.730334,540.825912
33.813052,-90.239751,539.599732
21.788442,-77.543177,539.227853
8.937585,-66.879944,540.482726
-4.194125,-56.960959,543.751063
-17.177769,-46.716086,548.843926
-29.537944,-34.982058,554.990829
-40.561886,-20.209244,561.023542
-49.017578,-0.494526,565.688618
-53.037048,24.683706,567.988491
-51.201453,51.114512,567.450038
-44.216527,73.068049,564.247729
-34.003008,89.520411,559.150410
-22.059830,102.208716,553.305932
-9.261461,112.869249,547.921336
3.853681,122.782284,543.930739
16.859103,133.015482,541.754547
29.277808,144.734196,541.229326
40.390158,159.500615,541.729791
48.945602,179.256766,542.435845
53.033028,-155.421310,542.648961
51.185545,-128.798472,542.051370
43.996853,-101.466063,540.807039
33.655128,-85.042091,539.586681
21.614090,-72.384602,539.232680
8.756079,-61.739667,540.514057
-4.376441,-51.823343,543.810462
-17.354977,-41.566331,548.924452
-29.702308,-29.801885,555.078364
-40.700591,-14.973566,561.100453
-49.108532,4.820872,565.738551
-53.052833,30.057917,568.000807
-51.135585,56.458649,567.422641
-44.092457,78.331385,564.187557
-33.846360,94.717835,559.071467
-21.886428,107.367247,553.225379
-9.080441,118.009477,547.854724
4.036036,127.919779,543.887810
17.036881,138.165038,541.736961
29.443221,149.914168,541.231073
40.530237,164.736407,541.740089
49.037850,-175.426620,542.443447
53.049256,-150.044425,542.646380
51.118931,-123.452054,542.037641
43.870862,-96.202904,540.788164
33.496886,-79.845151,539.573798
21.439585,-67.226407,539.237829
8.574521,-56.599526,540.545788
-4.558729,-46.685662,543.870222
-17.532067,-36.416291,549.005186
-29.866421,-24.621131,555.165875
-40.838810,-9.736916,561.177093
-49.198621,10.137415,565.788017
-53.067442,35.432389,568.012564
-51.068708,61.801804,567.394722
-43.967779,83.593625,564.127016
-33.689392,99.914545,558.992381
-21.712868,112.525400,553.144922
-8.899362,123.149567,547.788392
4.218370,133.057337,543.845241
17.214548,143.314877,541.719700
29.608387,155.094723,541.233019
40.669831,169.973180,541.750422
49.129228,-170.108841,542.450946
53.064293,-144.667268,542.643635
51.051296,-118.106636,542.023785
43.744266,-90.940852,540.769289
33.338331,-74.648926,539.561087
21.264930,-62.068588,539.243301
8.392913,-51.459520,540.577917
-4.740987,-41.547914,543.930341
-17.709038,-31.265964,549.086124
-30.030280,-19.439789,555.253358
-40.976537,-4.499289,561.253459
-49.287839,15.455100,565.837013
-53.080876,40.807104,568.023761
-51.000829,67.143967,567.366282
-43.842501,88.854772,564.066109
-33.532107,105.110544,558.913158
-21.539151,117.683177,553.064564
-8.718227,128.289522,547.722341
4.400681,138.194961,543.803032
17.392103,148.465002,541.702762
29.773306,160.275868,541.235162
40.808937,175.210940,541.760788
49.219730,-164.789897,542.458341
53.078136,-139.289858,542.640724
50.982644,-112.762229,542.009802
