50.572050,-105.890094,541.927716
43.011127,-84.539481,540.661755
32.428393,-68.615354,539.491945
20.266249,-56.247609,539.280715
7.356483,-45.735538,540.768679
-5.779590,-35.832972,544.279855
-18.715767,-25.475043,549.551328
-30.959624,-13.466229,555.751427
-41.752263,1.802693,561.683442
-49.779648,22.216253,566.107295
-53.134938,47.875448,568.076897
-50.594880,74.003675,567.194237
-43.116913,95.251260,563.711980
-32.629346,111.142924,558.458991
-20.545707,123.503931,552.608472
-7.684355,134.013198,547.351253
5.439735,143.909172,543.569330
18.402299,154.254759,541.612380
30.708802,166.248330,541.251097
41.592564,-178.486148,541.820470
49.718729,-158.021145,542.498473
53.134210,-132.205967,542.620979
50.496732,-100.552691,541.912920
42.880614,-79.284734,540.642939
32.267809,-63.423780,539.480441
20.090627,-51.092209,539.288400
7.174570,-40.596356,540.803486
-5.961617,-30.694703,544.342342
-18.891898,-20.322697,549.633562
-31.121715,-8.280824,555.838635
-41.886586,7.047009,561.757885
-49.862883,27.541487,566.153096
-53.140459,53.251262,568.084340
-50.520417,79.338963,567.162343
-42.987731,100.505198,563.648690
-32.470009,116.334305,558.378929
-20.370984,128.659293,552.528859
-7.502867,139.152324,547.287135
5.621865,149.047309,543.529543
18.579062,159.406899,541.597580
30.871991,171.433549,541.254502
41.728280,-173.241636,541.831001
49.803202,-152.694503,542.505130
53.140026,-126.827400,542.616958
50.420441,-95.216364,541.898007
42.749535,-74.031058,540.624141
32.106932,-58.232878,539.469125
19.914867,-45.937155,539.296421
6.992615,-35.457285,540.838693
-6.143606,-25.556345,544.405176
-19.067898,-15.170036,549.715979
-31.283532,-3.094793,555.925789
-42.020384,12.292343,561.832029
-49.945203,32.867829,566.198411
-53.144798,58.627160,568.091221
-50.444994,84.673193,567.129940
-42.857986,105.758077,563.585057
-32.310377,121.525017,558.298754
-20.196118,133.814310,552.449369
-7.321330,144.291337,547.223313
5.803965,154.185534,543.490118
18.755700,164.559352,541.583093
31.034912,176.619395,541.258087
41.863473,-167.996095,541.841548
49.886753,-147.366729,542.511672
53.144642,-121.448740,542.612771
50.343182,-89.881122,541.882980
42.617897,-68.778450,540.605363
31.945767,-53.042644,539.458002
19.738971,-40.782444,539.304780
6.810621,-30.318324,540.874301
-6.325554,-20.417896,544.468357
-19.243765,-10.017057,549.798575
-31.445073,2.091869,556.012885
-42.153652,17.538700,561.905871
-50.026603,38.195275,566.243241
-53.147952,64.003124,568.097541
-50.368615,90.006360,567.097028
-42.727682,111.009902,563.521081
-32.150453,126.715066,558.218470
-20.021109,138.968984,552.370005
-7.139747,149.430241,547.159788
5.986032,159.323848,543.451054
18.932213,169.712124,541.568919
31.197562,-178.194126,541.261850
41.998137,-162.749521,541.852108
49.969375,-142.037829,542.518097
53.148056,-116.070009,542.608418
50.264961,-84.546970,541.867838
42.485702,-63.526904,540.586607
31.784316,-47.853073,539.447072
19.562940,-35.628072,539.313479
6.628588,-25.179468,540.910309
-6.507462,-15.279353,544.531882
-19.419498,-4.863755,549.881348
-31.606336,7.279167,556.099920
-42.286386,22.786086,561.979408
-50.107077,43.523819,566.287582
-53.149922,69.379131,568.103300
-50.291285,95.338456,567.063610
-42.596824,116.260678,563.456767
-31.990239,131.904456,558.138081
-19.845959,144.123321,552.290769
-6.958117,154.569037,547.096561
6.168066,164.462256,543.412353
19.108599,174.865217,541.555056
31.359940,-173.007009,541.265788
42.132269,-157.501909,541.862681
50.051064,-136.707809,542.524405
53.150269,-110.691228,542.603899
50.185784,-79.213916,541.852585
42.352957,-58.276416,540.567875
31.622581,-42.664159,539.436339
19.386776,-30.474034,539.322518
6.446517,-20.040716,540.946718
-6.689327,-10.140713,544.595750
-19.595095,0.289873,549.964294
-31.767317,12.467106,556.186889
-42.418581,28.034504,562.052637
-50.186618,48.853454,566.331433
-53.150708,74.755162,568.108496
-50.213011,100.669474,567.029688
-42.465417,121.510409,563.392118
-31.829737,137.093194,558.057590
-19.670671,149.277322,552.211664
-6.776443,159.707730,547.033635
6.350065,169.600759,543.374014
19.284857,-179.981365,541.541502
31.522042,-167.819249,541.269900
42.265864,-152.253253,541.873263
50.131812,-131.376673,542.530593
53.151280,-105.312418,542.599215
50.105657,-73.881966,541.837221
42.219665,-53.026980,540.549170
31.460566,-37.475897,539.425805
19.210481,-25.320328,539.331900
6.264409,-14.902064,540.983527
-6.871149,-5.001973,544.659959
-19.770555,5.443830,550.047411
-31.928014,17.655691,556.273790
-42.550232,33.283960,562.125554
-50.265222,54.184175,566.374793
-53.150310,80.131196,568.113131
-50.133798,105.999408,566.995262
-42.333465,126.759102,563.327136
-31.668951,142.281283,557.977001
-19.495245,154.430993,552.132694
-6.594725,164.846321,546.971010
6.532029,174.739362,543.336037
19.460984,-174.827618,541.528257
31.683865,-162.630840,541.274183
42.398916,-147.003548,541.883852
50.211615,-126.044429,542.536660
53.151089,-99.933601,542.594365
50.024586,-68.551126,541.821747
42.085833,-47.778591,540.530494
31.298272,-32.288282,539.415471
19.034056,-20.166949,539.341626
6.082267,-9.763510,541.020736
-7.052927,0.136870,544.724507
-19.945877,10.598120,550.130695
-32.088425,22.844927,556.360619
-42.681334,38.534459,562.198157
-50.342883,59.515976,566.417658
-53.148727,85.507212,568.117205
-50.053652,111.328252,566.960336
-42.200973,132.006759,563.261823
-31.507884,147.468730,557.896316
-19.319683,159.584337,552.053861
-6.412964,169.984814,546.908690
6.713955,179.878066,543.298423
19.636979,-169.673538,541.515318
31.845407,-157.441778,541.278634
42.531422,-141.752789,541.894446
50.290467,-120.711083,542.542606
53.149696,-94.554797,542.589349
49.942576,-63.221402,541.806165
41.951464,-42.531244,540.511849
31.135703,-27.101308,539.405341
18.857502,-15.013894,539.351698
5.900090,-4.625050,541.058347
-7.234660,5.275819,544.789393
-20.121058,15.752747,550.214144
-32.248546,28.034820,556.447372
-42.811884,43.786005,562.270442
-50.419595,64.848849,566.460028
-53.145960,90.883190,568.120716
-49.972578,116.655999,566.924909
-42.067946,137.253387,563.196184
-31.346537,152.655539,557.815540
-19.143986,164.737357,551.975168
-6.231162,175.123211,546.846674
6.895843,-174.983126,543.261170
19.812841,-164.519122,541.502684
32.006665,-152.252057,541.283252
42.663375,-136.500971,541.905044
50.368361,-115.376640,542.548428
53.147101,-89.176027,542.584167
49.859633,-57.892801,541.790477
41.816563,-37.284934,540.493237
30.972862,-21.914971,539.395417
18.680822,-9.861160,539.362116
5.717880,0.513318,541.096358
-7.416345,10.414876,544.854615
-20.296097,20.907715,550.297755
-32.408375,33.225375,556.534046
-42.941876,49.038604,562.342407
-50.495353,70.182788,566.501900
-53.142010,96.259108,568.123665
-49.890583,121.982645,566.888985
-41.934388,142.498991,563.130222
-31.184914,157.841716,557.734675
-18.968157,169.890058,551.896618
-6.049320,-179.738484,546.784966
7.077693,-169.844210,543.224279
19.988568,-159.364366,541.490354
32.167637,-147.061672,541.288034
42.794773,-131.248090,541.915642
50.445292,-110.041108,542.554126
53.143305,-83.797313,542.578820
49.775764,-52.565327,541.774684
41.681135,-32.039656,540.474661
30.809750,-16.729264,539.385700
18.504016,-4.708742,539.372883
5.535638,5.651597,541.134769
-7.597983,15.554044,544.920172
-20.470993,26.063027,550.381524
-32.567910,38.416597,556.620638
-43.071305,54.292260,562.414048
-50.570150,75.517786,566.543274
-53.136876,101.634947,568.126053
-49.807671,127.308183,566.852564
-41.800304,147.743575,563.063938
-31.023017,163.027265,557.653725
-18.792196,175.042442,551.818214
-5.867439,-174.600269,546.723566
7.259501,-164.705185,543.187751
20.164159,-154.209266,541.478327
32.328319,-141.870618,541.292979
42.925608,-125.994140,541.926239
50.521255,-104.704495,542.559699
53.138308,-78.418676,542.573308
49.690973,-47.238986,541.758788
41.545185,-26.795405,540.456123
30.646371,-11.544184,539.376194
18.327087,0.443363,539.384000
5.353365,10.789790,541.173580
-7.779572,20.693327,544.986061
-20.645743,31.218687,550.465448
-32.727147,43.608491,556.707144
-43.200167,59.546977,562.485362
-50.643982,80.853835,566.584147
-53.130559,107.010686,568.127879
-49.723848,132.632609,566.815650
-41.665699,152.987145,562.997336
-30.860849,168.212192,557.572694
-18.616106,-179.805487,551.739959
-5.685519,-169.462141,546.662475
7.441269,-159.566046,543.151584
20.339611,-149.053819,541.466600
32.488709,-136.678888,541.298083
43.055878,-120.739116,541.936833
50.596243,-99.366807,542.565145
53.132109,-73.040136,542.567630
49.605267,-41.913782,541.742789
41.408717,-21.552175,540.437626
30.482727,-6.359724,539.366901
18.150035,5.595159,539.395469
5.171062,15.927900,541.212792
-7.961111,25.832726,545.052281
-20.820347,36.374700,550.549525
-32.886083,48.801063,556.793560
-43.328456,64.802761,562.556347
-50.716843,86.190928,566.624517
-53.123059,112.386305,568.129143
-49.639121,137.955917,566.778242
-41.530576,158.229705,562.930420
-30.698412,173.396502,557.491585
-18.439887,-174.653725,551.661856
-5.503563,-164.324097,546.601697
7.622993,-154.426791,543.115779
20.514924,-143.898020,541.455172
32.648804,-131.486478,541.303344
43.185576,-115.483014,541.947422
50.670250,-94.028052,542.570462
53.124711,-67.661716,542.561788
49.518652,-36.589721,541.726690
41.271736,-16.309960,540.419171
30.318821,-1.175881,539.357822
17.972863,10.746649,539.407289
4.988731,21.065929,541.252404
-8.142598,30.972246,545.118829
-20.994802,41.531067,550.633751
-33.044717,53.994318,556.879883
-43.456169,70.059615,562.626999
-50.788728,91.529056,566.664383
-53.114378,117.761782,568.129845
-49.553495,143.278103,566.740344
-41.394941,163.471261,562.863192
-30.535708,178.580200,557.410401
-18.263541,-169.502268,551.583907
-5.321571,-159.186135,546.541231
7.804674,-149.287417,543.080335
20.690095,-138.741866,541.444043
32.808602,-126.293383,541.308761
43.314698,-110.225829,541.958003
50.743273,-88.688239,542.575651
53.116114,-62.283435,542.555780
49.431134,-31.266806,541.710492
41.134246,-11.068757,540.400762
30.154655,4.007352,539.348961
17.795572,15.897837,539.419464
4.806373,26.203880,541.292416
-8.324034,36.111888,545.185705
-21.169107,46.687795,550.718124
-33.203044,59.188261,556.966109
-43.583299,75.317545,562.697315
-50.859631,96.868212,566.703744
-53.104516,123.137098,568.129986
-49.466976,148.599163,566.701956
-41.258798,168.711818,562.795655
-30.372741,-176.236710,557.329146
-18.087070,-164.351114,551.506115
-5.139545,-154.048252,546.481080
7.986310,-144.147922,543.045254
20.865123,-133.585353,541.433209
32.968098,-121.099597,541.314331
43.443239,-104.967557,541.968574
50.815303,-83.347374,542.580709
53.106318,-56.905315,542.549609
49.342719,-25.945042,541.694197
40.996251,-5.828558,540.382400
29.990232,9.189980,539.340320
17.618163,21.048726,539.431995
4.623988,31.341757,541.332828
-8.505415,41.251657,545.252907
-21.343261,51.844885,550.802640
-33.361062,64.382897,557.052236
-43.709843,80.576554,562.767293
-50.929546,102.208387,566.742597
-53.093474,128.512232,568.129565
-49.379569,153.919093,566.663082
-41.122151,173.951382,562.727812
-30.209512,-171.054221,557.247822
-17.910476,-159.200257,551.428483
-4.957484,-148.910444,546.421245
8.167900,-139.008302,543.010533
21.040006,-128.428478,541.422670
33.127291,-115.905115,541.320051
43.571193,-99.708192,541.979133
50.886337,-78.005468,542.585636
53.095324,-51.527376,542.543272
49.253412,-20.624433,541.677806
40.857757,-0.589360,540.364087
29.825554,14.372007,539.331900
17.440638,26.199320,539.444882
4.441578,36.479561,541.373639
-8.686742,46.391554,545.320431
-21.517261,57.002343,550.887296
-33.518769,69.578233,557.138259
-43.835794,85.836647,562.836929
-50.998469,107.549571,566.780941
-53.081254,133.887163,568.128583
-49.291281,159.237888,566.623723
-40.985005,179.189957,562.659667
-30.046025,-165.872330,557.166434
-17.733759,-154.049696,551.351014
-4.775392,-143.772709,546.361727
8.349443,-133.868555,542.976174
21.214743,-123.271235,541.412423
33.286177,-110.709930,541.325920
43.698556,-94.447731,541.989679
50.956368,-72.662528,542.590431
53.083134,-46.149640,542.536772
49.163220,-15.304983,541.661321
40.718768,4.648845,540.345827
29.660624,19.553438,539.323704
17.262998,31.349622,539.458127
4.259144,41.617296,541.414850
-8.868013,51.531582,545.388277
-21.691107,62.160172,550.972089
-33.676161,74.774272,557.224174
-43.961149,91.097829,562.906221
-51.066394,112.891757,566.818774
-53.067856,139.261873,568.127040
-49.202117,164.555544,566.583880
-40.847364,-175.572451,562.591222
-29.882281,-160.691032,557.084986
-17.556920,-148.899426,551.273711
-4.593268,-138.635044,546.302528
8.530937,-128.728677,542.942175
21.389331,-118.113622,541.402469
33.444754,-105.514039,541.331935
43.825323,-89.186168,542.000209
51.025392,-67.318565,542.595091
53.069749,-40.772127,542.530108
49.072148,-9.986694,541.644742
40.579288,9.886060,540.327621
29.495445,24.734279,539.315735
17.085245,36.499637,539.471732
4.076687,46.754965,541.456460
-9.049227,56.671745,545.456443
-21.864795,67.318376,551.057015
-33.833236,79.971021,557.309979
-44.085902,96.360102,562.975165
-51.133316,118.234934,566.856095
-53.053282,144.636340,568.124936
-49.112082,169.872060,566.543555
-40.709232,-170.335837,562.522480
-29.718284,-155.510320,557.003479
-17.379963,-143.749444,551.196576
-4.411114,-133.497447,546.243649
8.712381,-123.588665,542.908537
21.563770,-112.955635,541.392803
33.603018,-100.317435,541.338094
43.951488,-83.923501,542.010720
51.093402,-61.973586,542.599617
53.055170,-35.394857,542.523281
48.980203,-4.669570,541.628073
40.439321,15.122292,540.309472
29.330018,29.914535,539.307994
16.907381,41.649367,539.485698
3.894208,51.892570,541.498468
-9.230383,61.812046,545.524927
-22.038326,72.476958,551.142073
-33.989990,85.168486,557.395670
-44.210047,101.623472,563.043759
-51.199229,123.579093,566.892902
-53.037532,150.010545,568.122271
-49.021184,175.187430,566.502751
-40.570613,-165.100195,562.453445
-29.554035,-150.330191,556.921918
-17.202887,-138.599747,551.119612
-4.228931,-128.359915,546.185091
8.893775,-118.448518,542.875260
21.738058,-107.797269,541.383426
33.760967,-95.120113,541.344395
44.077047,-78.659723,542.021212
51.160393,-56.627602,542.604007
53.039398,-30.017852,542.516290
48.887390,0.646385,541.611315
40.298872,20.357547,540.291383
29.164346,35.094210,539.300484
16.729406,46.798816,539.500025
3.711708,57.030114,541.540876
-9.411479,66.952487,545.593726
-22.211696,77.635923,551.227258
-34.146421,90.366670,557.481244
-44.333581,106.887942,563.112000
-51.264129,128.924225,566.929195
-53.020610,155.384467,568.119046
-48.929427,-179.498348,566.461470
-40.431513,-159.865520,562.384120
-29.389536,-145.150639,556.840306
-17.025695,-133.450331,551.042822
-4.046719,-123.222444,546.126857
9.075117,-113.308231,542.842342
21.912192,-102.638520,541.374336
33.918597,-89.922067,541.350834
44.201993,-73.394832,542.031681
51.226360,-51.280624,542.608260
53.022435,-24.641131,542.509136
48.793716,5.961170,541.594469
40.157945,25.591829,540.273354
28.998432,40.273309,539.293208
16.551322,51.947987,539.514716
3.529189,62.167600,541.583681
-9.592514,72.093071,545.662839
-22.384904,82.795275,551.312568
-34.302525,95.565581,557.566696
-44.456497,112.153517,563.179885
-51.328010,134.270318,566.964970
-53.002515,160.758087,568.115261
-48.836817,-174.185276,566.419713
-40.291935,-154.631807,562.314507
-29.224791,-139.971661,556.758646
-16.848388,-128.301192,550.966208
-3.864481,-118.085033,546.068946
9.256405,-108.167802,542.809785
22.086171,-97.479386,541.365530
34.075906,-84.723291,541.357411
44.326323,-68.128822,542.042127
51.291297,-45.932660,542.612375
53.004283,-19.264715,542.501820
48.699186,11.274782,541.577536
40.016545,30.825145,540.255390
28.832277,45.451838,539.286166
16.373131,57.096884,539.529771
3.346651,67.305031,541.626885
-9.773488,77.233802,545.732264
-22.557949,87.955018,551.397999
-34.458300,100.765222,557.652023
-44.578792,117.420199,563.247410
-51.390867,139.617363,567.000227
-52.983251,166.131385,568.110916
-48.743361,-168.873358,566.377483
-40.151883,-149.399050,562.244611
-29.059802,-134.793249,556.676942
-16.670967,-123.152327,550.889774
-3.682217,-112.947677,546.011361
9.437639,-103.027228,542.777586
22.259993,-92.319861,541.357008
34.232890,-79.523782,541.364122
44.450030,-62.861691,542.052546
51.355200,-40.583722,542.616352
52.984943,-13.888624,542.494342
48.603807,16.587218,541.560519
39.874675,36.057500,540.237492
28.665885,50.629800,539.279363
16.194834,62.245511,539.545192
3.164096,72.442409,541.670485
-9.954399,82.374682,545.801999
-22.730829,93.115155,551.483548
-34.613742,105.965601,557.737223
-44.700458,122.687994,563.314574
-51.452696,144.965348,567.034965
-52.962819,171.504342,568.106012
-48.649063,-163.562594,566.334781
-40.011362,-144.167244,562.174433
-28.894570,-129.615401,556.595197
-16.493434,-118.003733,550.813521
-3.499929,-107.810376,545.954103
9.618818,-97.886506,542.745747
22.433657,-87.159942,541.348767
34.389547,-74.323531,541.370966
44.573109,-57.593434,542.062937
51.418063,-35.233820,542.620188
52.964418,-8.512878,542.486702
48.507584,21.898477,541.543420
39.732341,41.288899,540.219663
28.499258,55.807202,539.272799
16.016433,67.393870,539.560980
2.981525,77.579738,541.714483
-10.135246,87.515714,545.872042
-22.903542,98.275690,551.569212
-34.768849,111.166722,557.822291
-44.821492,127.956904,563.381373
-51.513490,150.314264,567.069182
-52.941220,176.876938,568.100549
-48.553931,-158.252989,566.291609
-39.870375,-138.936383,562.103978
-28.729099,-124.438112,556.513415
-16.315789,-112.855407,550.737454
-3.317617,-102.673125,545.897173
9.799940,-92.745633,542.714267
22.607161,-81.999624,541.340805
34.545873,-69.122536,541.377940
44.695556,-52.324047,542.073298
51.479881,-29.882965,542.623884
52.942709,-3.137497,542.478901
48.410523,27.208556,541.526239
39.589545,46.519349,540.201905
28.332398,60.984048,539.266477
15.837928,72.541965,539.577136
2.798938,82.717019,541.758878
-10.316027,92.656901,545.942390
-23.076086,103.436629,551.654987
-34.923616,116.368590,557.907224
-44.941888,133.226932,563.447805
-51.573246,155.664097,567.102876
-52.918457,-177.750846,568.094527
-48.457969,-152.944543,566.247970
-39.728927,-133.706461,562.033248
-28.563390,-119.261375,556.431598
-16.138036,-107.707344,550.661573
-3.135282,-97.535922,545.840573
9.981003,-87.604605,542.683145
22.780502,-76.838904,541.333122
34.701865,-63.920788,541.385042
44.817364,-47.053526,542.083626
51.540648,-24.531170,542.627437
52.919818,2.237499,542.470939
48.312631,32.517454,541.508979
39.446293,51.748854,540.184220
28.165306,66.160342,539.260400
15.659322,77.689800,539.593661
2.616337,87.854256,541.803669
-10.496742,97.798246,546.013042
-23.248459,108.597974,551.740871
-35.078042,121.571212,557.992018
-45.061641,138.498084,563.513866
-51.631957,161.014838,567.136046
-52.894532,-172.379030,568.087947
-48.361183,-147.637258,566.203866
-39.587022,-128.477474,561.962246
-28.397447,-114.085187,556.349751
-15.960174,-102.559542,550.585882
-2.952926,-92.398764,545.784303
10.162008,-82.463421,542.652380
22.953680,-71.677778,541.325715
34.857520,-58.718284,541.392269
44.938529,-41.781868,542.093921
51.600361,-19.178445,542.630848
52.895748,7.612090,542.462816
48.213912,37.825170,541.491642
39.302588,56.977421,540.166612
27.997987,71.336089,539.254568
15.480615,82.837378,539.610556
2.433724,92.991452,541.848856
-10.677388,102.939753,546.083996
-23.420660,113.759729,551.826861
-35.232123,126.774593,558.076670
-45.180746,143.770360,563.579554
-51.689621,166.366474,567.168691
-52.869447,-167.007632,568.080809
-48.263580,-142.331135,566.159299
-39.444663,-123.249415,561.890976
-28.231270,-108.909543,556.267876
-15.782205,-97.411997,550.510384
-2.770549,-87.261649,545.728364
10.342952,-77.322076,542.621974
23.126693,-66.516241,541.318582
35.012835,-53.515017,541.399619
45.059044,-36.509070,542.104179
51.659012,-13.824802,542.634115
52.870500,12.986257,542.454534
48.114375,43.131702,541.474229
39.158435,62.205056,540.149081
27.830442,76.511295,539.248986
15.301810,87.984702,539.627823
2.251098,98.128609,541.894438
-10.857966,108.081423,546.155249
-23.592687,118.921900,551.912952
-35.385856,131.978737,558.161177
-45.299197,149.043766,563.644866
-51.746231,171.718992,567.200810
-52.843205,-161.636671,568.073113
-48.165165,-137.026177,566.114270
-39.301856,-118.022280,561.819441
-28.064862,-103.734439,556.185977
-15.604131,-92.264706,550.435081
-2.588154,-82.124573,545.672758
10.523835,-72.180569,542.591924
23.299538,-61.354289,541.311723
35.167806,-48.310981,541.407090
45.178906,-31.235127,542.114399
51.716599,-8.470254,542.637238
52.844078,18.359982,542.446092
48.014023,48.437049,541.456741
39.013837,67.431764,540.131631
27.662672,81.685964,539.243654
15.122907,93.131775,539.645462
2.068461,103.265730,541.940415
-11.038474,113.223261,546.226799
-23.764538,124.084489,551.999142
-35.539238,137.183652,558.245534
-45.416988,154.318304,563.709800
-51.801783,177.072381,567.232400
-52.815809,-156.266165,568.064861
-48.065944,-131.722383,566.068782
-39.158603,-112.796061,561.747644
-27.898226,-98.559869,556.104058
-15.425954,-87.117666,550.359975
-2.405740,-76.987534,545.617487
10.704655,-67.038895,542.562230
23.472213,-56.191918,541.305134
35.322431,-43.106172,541.414680
45.298107,-25.960038,542.124579
51.773116,-3.114814,542.640214
52.816484,23.733243,542.437491
47.912863,53.741211,541.439181
38.868799,72.657550,540.114265
27.494681,86.860101,539.238575
14.943908,98.278602,539.663476
1.885815,108.402818,541.986787
-11.218910,118.365269,546.298644
-23.936211,129.247502,552.085428
-35.692265,142.389342,558.329739
-45.534116,159.593978,563.774352
-51.856272,-177.573372,567.263462
-52.787259,-150.896135,568.056053
-47.965923,-126.419755,566.022838
-39.014910,-107.570755,561.675588
-27.731364,-93.385829,556.022121
-15.247673,-81.970873,550.285070
-2.223309,-71.850530,545.562550
10.885411,-61.897053,542.532893
23.644718,-51.029125,541.298815
35.476706,-37.900584,541.422386
45.416643,-20.683797,542.134717
51.828557,2.241507,542.643045
52.787720,29.106024,542.428732
47.810902,59.044188,541.421551
38.723324,77.882421,540.096983
27.326471,92.033710,539.233752
14.764814,103.425184,539.681863
1.703160,113.539876,542.033552
-11.399274,123.507451,546.370783
-24.107705,134.410941,552.171806
-35.844934,147.595813,558.413789
-45.650573,164.870789,563.838520
-51.909694,-172.218280,567.293993
-52.757561,-145.526596,568.046688
-47.865107,-121.118294,565.976439
-38.870779,-102.346356,561.603277
-27.564278,-88.212314,555.940170
-15.069291,-76.824324,550.210367
-2.040862,-66.713557,545.507950
11.066102,-56.755038,542.503911
23.817049,-45.865905,541.292763
35.630627,-32.694210,541.430206
45.534508,-15.406403,542.144811
51.882919,7.598694,542.645728
52.757790,34.478304,542.419814
47.708144,64.345977,541.403852
38.577417,83.106382,540.079790
27.158043,97.206796,539.229185
14.585627,108.571526,539.700627
1.520498,118.676906,542.080710
-11.579563,128.649808,546.443212
-24.279017,139.574812,552.258273
-35.997242,152.803070,558.497678
-45.766356,170.148741,563.902301
-51.962044,-166.862356,567.323993
-52.726715,-140.157569,568.036769
-47.763502,-115.817999,565.929587
-38.726214,-97.122856,561.530713
-27.396969,-83.039319,555.858208
-14.890810,-71.678015,550.135870
-1.858401,-61.576613,545.453687
11.246726,-51.612848,542.475284
23.989206,-40.702253,541.286976
35.784191,-27.487045,541.438137
45.651697,-10.127852,542.154859
51.936197,12.956735,542.648263
52.726695,39.850065,542.410740
47.604597,69.646580,541.386086
38.431081,88.329439,540.062687
26.989401,102.379364,539.224878
14.406347,113.717631,539.719768
1.337829,123.813911,542.128261
-11.759778,133.792345,546.515930
-24.450146,144.739119,552.344826
-36.149185,158.011120,558.581405
-45.881458,175.427836,563.965692
-52.013318,-161.505614,567.353460
-52.694725,-134.789071,568.026295
-47.661114,-110.518872,565.882285
-38.581220,-91.900252,561.457901
-27.229441,-77.866841,555.776240
-14.712229,-66.531944,550.061580
-1.675925,-56.439694,545.399763
11.427282,-46.470480,542.447012
24.161186,-35.538166,541.281454
35.937396,-22.279083,541.446178
45.768204,-4.848141,542.164859
51.988385,18.315616,542.650649
52.694440,45.221289,542.401509
47.500265,74.945997,541.368255
38.284321,93.551598,540.045677
26.820546,107.551418,539.220832
14.226977,118.863503,539.739286
1.155155,128.950894,542.176204
-11.939916,138.935065,546.588934
-24.621090,149.903865,552.431461
-36.300761,163.219967,558.664966
-45.995874,-179.291923,564.028692
-52.063511,-156.148067,567.382392
-52.661594,-129.421119,568.015267
-47.557949,-105.220912,565.834535
-38.435800,-86.678538,561.384842
-27.061696,-72.694874,555.694267
-14.533552,-61.386107,549.987501
-1.493437,-51.302799,545.346178
11.607770,-41.327931,542.419093
24.332987,-30.373639,541.276193
36.090237,-17.070320,541.454326
45.884024,0.432732,542.174809
52.039480,23.675323,542.652886
52.661026,50.591958,542.392122
47.395155,80.244227,541.350361
38.137140,98.772864,540.028761
26.651480,112.722964,539.217051
14.047518,124.009143,539.759183
0.972477,134.087857,542.224538
-12.119977,144.077970,546.662222
-24.791846,155.069055,552.518175
-36.451965,168.429618,558.748356
-46.109598,-174.010533,564.091296
-52.112619,-150.789730,567.410790
-52.627325,-124.053731,568.003685
-47.454013,-99.924120,565.786340
-38.289959,-81.457707,561.311541
-26.893735,-67.523414,555.612293
-14.354778,-56.240502,549.913634
-1.310938,-46.165925,545.292933
11.788187,-36.185197,542.391527
24.504608,-25.208668,541.271192
36.242712,-11.860748,541.462578
45.999150,5.714770,542.184708
52.089477,29.035842,542.654972
52.626458,55.962053,542.382579
47.289273,85.541271,541.332405
37.989542,103.993244,540.011944
26.482205,117.894004,539.213534
13.867971,129.154556,539.779460
0.789796,139.224804,542.273262
-12.299959,149.221063,546.735792
-24.962414,160.234693,552.604966
-36.602795,173.640077,558.831574
-46.222625,-168.727992,564.153503
-52.160638,-145.430616,567.438651
-52.591922,-118.686925,567.991551
-47.349310,-94.628494,565.737701
-38.143699,-76.237755,561.238000
-26.725560,-62.352456,555.530322
-14.175911,-51.095123,549.839983
-1.128428,-41.029068,545.240030
11.968532,-31.042276,542.364314
24.676047,-20.043248,541.266450
36.394816,-6.650363,541.470933
46.113578,10.997975,542.194553
52.138371,34.397158,542.656907
52.590738,61.331557,542.372882
47.182624,90.837130,541.314390
37.841531,109.212742,539.995226
26.312724,123.064545,539.210286
13.688337,134.299745,539.800117
0.607113,144.361737,542.322377
-12.479860,154.364348,546.809641
-25.132791,165.400784,552.691828
-36.753247,178.851351,558.914615
-46.334950,-163.444299,564.215309
-52.207563,-140.070740,567.465975
-52.555387,-113.320718,567.978864
-47.243848,-89.334035,565.688620
-37.997025,-71.018675,561.164223
-26.557175,-57.181996,555.448357
-13.996949,-45.949969,549.766550
-0.945908,-35.892226,545.187469
12.148805,-25.899164,542.337452
24.847301,-14.877377,541.261964
36.546547,-1.439158,541.479388
46.227301,16.282350,542.204343
52.186159,39.759257,542.658689
52.553870,66.700452,542.363030
47.075215,96.131804,541.296318
37.693111,114.431366,539.978611
26.143039,128.234591,539.207308
13.508618,139.444713,539.821156
0.424428,149.498659,542.371881
-12.659680,159.507828,546.883768
-25.302974,170.567332,552.778760
-36.903318,-175.936555,558.997475
-46.446567,-158.159451,564.276713
-52.253391,-134.710118,567.492761
-52.517723,-107.955126,567.965627
-47.137632,-84.040742,565.639101
-37.849940,-65.800463,561.090213
-26.388580,-52.012029,555.366401
-13.817896,-40.805037,549.693337
-0.763380,-30.755396,545.135251
12.329004,-20.755858,542.310942
25.018369,-9.711048,541.257733
36.697900,3.772872,541.487941
46.340315,21.567897,542.214076
52.232835,45.122124,542.660319
52.515857,72.068721,542.353025
46.967050,101.425293,541.278189
37.544285,119.649119,539.962101
25.973152,133.404146,539.204601
13.328815,144.589463,539.842577
0.241744,154.635573,542.421773
-12.839418,164.651505,546.958170
-25.472963,175.734340,552.865758
-37.053004,-170.723635,559.080152
-46.557470,-152.873446,564.337712
-52.298118,-129.348763,567.519007
-52.478935,-102.590167,567.951839
-47.030667,-78.748615,565.589145
-37.702449,-60.583111,561.015974
-26.219778,-46.842552,555.284457
-13.638752,-35.660322,549.620346
-0.580845,-25.618576,545.083378
12.509128,-15.612356,542.284782
25.189248,-4.544258,541.253754
36.848873,8.985733,541.496589
46.452613,26.854618,542.223749
52.278397,50.485743,542.661796
52.476703,77.436347,542.342867
46.858137,106.717600,541.260007
37.395057,124.866010,539.945697
25.803064,138.573214,539.202169
13.148929,149.733999,539.864382
0.059061,159.772481,542.472053
-13.019072,169.795384,547.032844
-25.642756,-179.098186,552.952818
-37.202301,-165.509884,559.162642
-46.667653,-147.586282,564.398302
-52.341739,-123.986691,567.544712
-52.439025,-97.225857,567.937501
-46.922959,-73.457651,565.538755
-37.554553,-55.366616,560.941508
-26.050770,-41.673558,555.202530
-13.459519,-30.515823,549.547580
-0.398304,-20.481762,545.031850
12.689175,-10.468654,542.258972
25.359937,0.622998,541.250026
36.999462,14.199431,541.505330
46.564189,32.142515,542.233362
52.322839,55.850098,542.663119
52.436411,82.803313,542.332558
46.748480,112.008725,541.241772
37.245432,130.082042,539.929404
25.632779,143.741801,539.200012
12.968961,154.878324,539.886571
-0.123619,164.909386,542.522719
-13.198640,174.939467,547.107789
-25.812349,-173.930242,553.039938
-37.351207,-160.295296,559.244942
-46.777113,-142.297959,564.458482
-52.384250,-118.623918,567.569876
-52.397998,-91.862211,567.922614
-46.814513,-68.167851,565.487934
-37.406259,-50.150970,560.866819
-25.881560,-36.505045,555.120621
-13.280198,-25.371535,549.475042
-0.215758,-15.344952,544.980667
12.869144,-5.324749,542.233511
25.530434,5.790723,541.246546
37.149662,19.413971,541.514162
46.675038,37.431590,542.242911
52.366157,61.215176,542.664286
52.394984,88.169601,542.322097
46.638086,117.298670,541.223488
37.095412,135.297222,539.913222
25.462297,148.909910,539.198134
12.788914,160.022440,539.909145
-0.306297,170.046290,542.573772
-13.378122,-179.916243,547.183001
-25.981742,-168.761824,553.127113
-37.499717,-155.079865,559.327048
-46.885841,-137.008474,564.518249
-52.425649,-113.260460,567.594497
-52.355856,-86.499247,567.907178
-46.705336,-62.879213,565.436683
-37.257568,-44.936169,560.791911
-25.712149,-31.337007,555.038735
-13.100790,-20.227455,549.402733
-0.033207,-10.208144,544.929832
13.049035,-0.180637,542.208398
25.700737,10.958923,541.243314
37.299471,24.629359,541.523082
46.785155,42.721844,542.252396
52.408348,66.580958,542.665299
52.352428,93.535197,542.311485
46.526960,122.587436,541.205156
36.945000,140.511555,539.897156
25.291622,154.077547,539.196536
12.608788,165.166352,539.932105
-0.488969,175.183198,542.625210
-13.557517,-174.771743,547.258478
-26.150932,-163.592928,553.214341
-37.647828,-149.863586,559.408957
-46.993834,-131.717826,564.577600
-52.465931,-107.896331,567.618574
-52.312605,-81.136981,567.891196
-46.595433,-57.591736,565.385004
-37.108484,-39.722206,560.716786
-25.542538,-26.169441,554.956874
-12.921296,-15.083581,549.330657
0.149346,-5.071334,544.879344
13.228844,4.963684,542.183633
25.870843,16.127602,541.240326
37.448886,29.845601,541.532089
46.894532,48.013279,542.261815
52.449409,71.947429,542.666155
52.308745,98.900082,542.300724
46.415109,127.875025,541.186777
36.794202,145.725048,539.881206
25.120754,159.244715,539.195220
12.428584,170.310061,539.955452
-0.671636,-179.679889,542.677032
-13.736822,-169.627029,547.334219
-26.319917,-158.423549,553.301618
-37.795536,-144.646453,559.490665
-47.101085,-126.426014,564.636533
-52.505092,-102.531550,567.642107
-52.268247,-75.775426,567.874667
-46.484810,-52.305417,565.332901
-36.959012,-34.509077,560.641448
-25.372731,-21.002341,554.875043
-12.741718,-9.939910,549.258815
0.331901,0.065480,544.829205
13.408572,10.108217,542.159214
26.040751,21.296764,541.237581
37.597901,35.062702,541.541180
47.003166,53.305896,542.271166
52.489334,77.314573,542.666855
52.263940,104.264243,542.289814
46.302537,133.161439,541.168354
36.643020,150.937706,539.865375
24.949697,164.411418,539.194189
12.248304,175.453572,539.979186
-0.854297,-174.542969,542.729238
-13.916037,-164.482098,547.410220
-26.488695,-153.253682,553.388941
-37.942838,-139.428460,559.572169
-47.207588,-121.133038,564.695045
-52.543129,-97.166131,567.665094
-52.222786,-70.414600,567.857592
-46.373471,-47.020256,565.280376
-36.809154,-29.296775,560.565900
-25.202728,-15.835704,554.793243
-12.562058,-4.796437,549.187209
0.514456,5.202301,544.779415
13.588218,15.252966,542.135141
26.210458,26.466414,541.235077
37.746514,40.280669,541.550352
47.111049,58.599697,542.280447
52.528121,82.682373,542.667397
52.218016,109.627662,542.278756
46.189251,138.446679,541.149890
36.491458,156.149535,539.849667
24.778452,169.577662,539.193443
12.067949,-179.403112,540.003308
-1.036949,-169.406037,542.781826
-14.095160,-159.336947,547.486479
-26.657265,-148.083324,553.476306
-38.089730,-134.209602,559.653465
-47.313339,-115.838895,564.753134
-52.580039,-91.800092,567.687535
-52.176227,-65.054516,567.839973
-46.261424,-41.736251,565.227432
-36.658914,-24.085296,560.490145
-25.032532,-10.669525,554.711479
-12.382315,0.346840,549.115843
0.697011,10.339132,544.729975
13.767778,20.397934,542.111414
26.379963,31.636556,541.232812
37.894720,45.499508,541.559603
47.218176,63.894682,542.289655
52.565765,88.050811,542.667782
52.170979,114.990325,542.267550
46.075256,143.730748,541.131385
36.339520,161.360541,539.834082
24.607020,174.743451,539.192986
11.887521,-174.259989,540.027819
-1.219593,-164.269091,542.834796
-14.274191,-154.191573,547.562994
-26.825623,-142.912469,553.563709
-38.236208,-128.989873,559.734551
-47.418330,-110.543587,564.810798
-52.615817,-86.433450,567.709429
-52.128574,-59.695191,567.821809
-46.148672,-36.453399,565.174069
-36.508295,-18.874632,560.414187
-24.862145,-5.503800,554.629753
-12.202492,5.489923,549.044717
0.879565,15.475975,544.680886
13.947253,25.543124,542.088030
26.549264,36.807195,541.230784
38.042517,50.719223,541.568931
47.324541,69.190852,542.298791
52.602264,93.419871,542.668008
52.122831,120.352216,542.256199
45.960557,149.013648,541.112842
36.187208,166.570729,539.818624
24.435405,179.908788,539.192819
11.707020,-169.117056,540.052720
-1.402226,-159.132130,542.888147
-14.453127,-149.045973,547.639762
-26.993769,-137.741113,553.651149
-38.382269,-123.769268,559.815422
-47.522558,-105.247111,564.868034
-52.650462,-81.066221,567.730775
-52.079830,-54.336638,567.803104
-46.035223,-31.171699,565.120293
-36.357302,-13.664779,560.338029
-24.691569,-0.338525,554.548070
-12.022590,10.632817,548.973836
1.062116,20.612834,544.632148
14.126641,30.688540,542.064990
26.718357,41.978336,541.228991
38.189900,55.939821,541.578334
47.430138,74.488208,542.307851
52.637614,98.789535,542.668075
52.073577,125.713321,542.244701
45.845162,154.295381,541.094262
36.034527,171.780105,539.803296
24.263607,-174.926321,539.192943
11.526448,-163.974308,540.078011
-1.584849,-153.995149,542.941877
-14.631967,-143.900143,547.716780
-27.161699,-132.569253,553.738620
-38.527909,-118.547781,559.896076
-47.626015,-99.949469,564.924839
-52.683970,-75.698424,567.751572
-52.030000,-48.978871,567.783856
-45.921081,-25.891148,565.066104
-36.205936,-8.455731,560.261675
-24.520805,4.826305,554.466431
-11.842610,15.775525,548.903200
1.244664,25.749710,544.583763
14.305941,35.834184,542.042292
26.887242,47.149982,541.227431
38.336865,61.161308,541.587810
47.534962,79.786750,542.316835
52.671811,104.159785,542.667983
52.023222,131.073624,542.233059
45.729074,159.575950,541.075649
35.881479,176.988674,539.788099
24.091629,-169.761874,539.193362
11.345806,-158.831744,540.103693
-1.767459,-148.858146,542.995986
-14.810711,-138.754080,547.794046
-27.329412,-127.396882,553.826121
-38.673123,-113.325405,559.976509
-47.728696,-94.650659,564.981212
-52.716337,-70.330075,567.771819
-51.979089,-43.621906,567.764067
-45.806251,-20.611743,565.011505
-36.054202,-3.247483,560.185127
-24.349856,9.990693,554.384841
-11.662553,20.918048,548.832812
1.427207,30.886607,544.535730
14.485151,40.980060,542.019935
27.055916,52.322139,541.226102
38.483409,66.383689,541.597355
47.639006,85.086479,542.325740
52.704853,109.530604,542.667731
51.971769,136.433111,542.221274
45.612300,164.855358,541.057004
35.728069,-177.803557,539.773036
23.919473,-164.597864,539.194077
11.165095,-153.689360,540.129766
-1.950057,-143.721119,543.050473
-14.989356,-133.607781,547.871558
-27.496906,-122.223996,553.913646
-38.817909,-108.102137,560.056718
-47.830595,-89.350682,565.037149
-52.747561,-64.961192,567.791516
-51.927100,-38.265755,567.743739
-45.690740,-15.333483,564.956499
-35.902104,1.959972,560.108390
-24.178723,15.154645,554.303302
-11.482421,26.060391,548.762674
1.609744,36.023528,544.488051
14.664270,46.126172,541.997919
27.224376,57.494810,541.225002
38.629528,71.606970,541.606968
47.742264,90.387395,542.334564
52.736736,114.901974,542.667319
51.919224,141.791769,542.209345
45.494845,170.133607,541.038328
35.574300,-172.596582,539.758109
23.747140,-159.434289,539.195090
10.984317,-148.547153,540.156232
-2.132639,-138.584065,543.105336
-15.167902,-128.461243,547.949313
-27.664178,-117.050592,554.001194
-38.962262,-102.877969,560.136699
-47.931707,-84.049539,565.092649
-52.777639,-59.591793,567.810662
-51.874038,-32.910432,567.722872
-45.574553,-10.056365,564.901088
-35.749643,7.166638,560.031466
-24.007408,20.318164,554.221818
-11.302215,31.202556,548.692788
1.792274,41.160475,544.440726
14.843297,51.272521,541.976243
27.392622,62.668002,541.224129
38.775217,76.831156,541.616647
47.844732,95.689497,542.343307
52.767458,120.273876,542.666746
51.865592,147.149584,542.197275
45.376715,175.410700,541.019625
35.420174,-167.390397,539.743321
23.574633,-154.271143,539.196402
10.803473,-143.405119,540.183091
-2.315207,-133.446980,543.160575
-15.346347,-123.314462,548.027309
-27.831226,-111.876664,554.088760
-39.106179,-97.652897,560.216450
-48.032025,-78.747228,565.147709
-52.806568,-54.221897,567.829256
-51.819908,-27.555951,567.701467
-45.457694,-4.780385,564.845275
-35.596824,12.372521,559.954358
-23.835914,25.481255,554.140392
-11.121935,36.344547,548.623157
1.974796,46.297451,544.393755
15.022230,56.419113,541.954905
27.560649,67.841718,541.223481
38.920474,82.056254,541.626389
47.946402,100.992786,542.351965
52.797015,125.646292,542.666011
51.810876,152.506541,542.185064
45.257916,-179.313359,541.000895
35.265695,-162.184996,539.728675
23.401954,-149.108423,539.198016
10.622564,-138.263257,540.210343
-2.497758,-128.309863,543.216188
-15.524689,-118.167435,548.105542
-27.998049,-106.702208,554.176341
-39.249655,-92.426915,560.295965
-48.131545,-73.443752,565.202327
-52.834345,-48.851521,567.847297
-51.764715,-22.202324,567.679526
-45.340170,0.494458,564.789063
-35.443650,17.577628,559.877071
-23.664241,30.643921,554.059027
-10.941584,41.486367,548.553783
2.157309,51.434458,544.347140
15.201069,61.565949,541.933905
27.728457,73.015963,541.223056
39.065293,87.282270,541.636191
48.047269,106.297261,542.360539
52.825404,131.019203,542.665115
51.755081,157.862628,542.172713
45.138452,-174.038568,540.982142
35.110868,-156.980372,539.714172
23.229103,-143.946125,539.199933
10.441592,-133.121562,540.237989
-2.680291,-123.172709,543.272174
-15.702928,-113.020159,548.184010
-28.164643,-101.527218,554.263933
-39.392687,-87.200017,560.375244
-48.230260,-68.139111,565.256500
-52.860967,-43.480684,567.864784
-51.708462,-16.849564,567.657049
-45.221986,5.768168,564.732454
-35.290124,22.781963,559.799608
-23.492392,35.806166,553.977726
-10.761162,46.628018,548.484667
2.339812,56.571500,544.300880
15.379810,66.713034,541.913241
27.896044,78.190742,541.222851
39.209671,92.509208,541.646053
48.147326,111.602921,542.369025
52.852623,136.392591,542.664057
51.698212,163.217831,542.160223
45.018329,-168.764924,540.963367
34.955693,-151.776520,539.699815
23.056084,-138.784244,539.202156
10.260556,-127.980033,540.266029
-2.862805,-118.035518,543.328533
-15.881062,-107.872630,548.262710
-28.331007,-96.351691,554.351534
-39.535270,-81.972198,560.454281
-48.328164,-62.833306,565.310226
-52.886433,-38.109405,567.881718
-51.651154,-11.497683,567.634038
-45.103147,11.040748,564.675450
-35.136249,27.985531,559.721971
-23.320369,40.967996,553.896493
-10.580671,51.769503,548.415813
2.522303,61.708580,544.254977
15.558454,71.860371,541.892913
28.063405,83.366060,541.222865
39.353604,97.737075,541.655970
48.246569,116.909765,542.377423
52.878670,141.766435,542.662836
51.640275,168.572138,542.147596
44.897553,-163.492422,540.944573
34.800176,-146.573435,539.685606
22.882897,-133.622776,539.204686
10.079460,-122.838665,540.294465
-3.045300,-112.898285,543.385262
-16.059089,-102.724845,548.341641
-28.497139,-91.175622,554.439139
-39.677401,-76.743452,560.533074
-48.425252,-57.526338,565.363504
-52.910740,-32.737703,567.898098
-51.592797,-6.146695,567.610494
-44.983658,16.312201,564.618055
-34.982029,33.188340,559.644164
-23.148173,46.129413,553.815330
-10.400112,56.910826,548.347221
2.704783,66.845699,544.209431
15.736999,77.007962,541.872920
28.230541,88.541920,541.223095
39.497087,102.965877,541.665942
48.344991,122.217793,542.385731
52.903541,147.140718,542.661452
51.581273,173.925537,542.134831
44.776130,-158.221060,540.925760
34.644320,-141.371111,539.671549
22.709545,-128.461717,539.207526
9.898304,-117.697456,540.323296
-3.227774,-107.761009,543.442361
-16.237008,-97.576800,548.420799
-28.663035,-85.999005,554.526746
-39.819076,-71.513773,560.611620
-48.521518,-52.218208,565.416330
-52.933886,-27.365595,567.913922
-51.533395,-0.796610,567.586418
-44.863526,21.582531,564.560272
-34.827466,38.390393,559.566191
-22.975806,51.290422,553.734241
-10.219486,62.051990,548.278894
2.887248,71.982861,544.164242
15.915443,82.155812,541.853259
28.397448,93.718329,541.223540
39.640117,108.195618,541.675966
48.442585,127.527003,542.393947
52.927234,152.515420,542.659906
51.521212,179.278015,542.121931
44.654063,-152.950834,540.906933
34.488126,-136.169542,539.657645
22.536030,-123.301064,539.210676
9.717088,-112.556402,540.352523
-3.410226,-102.623685,543.499829
-16.414819,-92.428494,548.500181
-28.828695,-80.821837,554.614351
-39.960290,-66.283156,560.689914
-48.616955,-46.908919,565.468702
-52.955867,-21.993103,567.929190
-51.472953,4.552559,567.561812
-44.742754,26.851741,564.502101
-34.672564,43.591697,559.488055
-22.803271,56.451027,553.653229
-10.038794,67.192997,548.210834
3.069699,77.120068,544.119411
16.093785,87.303924,541.833932
28.564123,98.895291,541.224197
39.782690,113.426305,541.686039
48.539347,132.837394,542.402070
52.949748,157.890521,542.658196
51.460097,-175.370439,542.108896
44.531360,-147.681741,540.888092
34.331600,-130.968723,539.643897
22.362353,-118.140811,539.214138
9.535815,-107.415502,540.382146
-3.592654,-97.486313,543.557664
-16.592518,-87.279921,548.579785
-28.994115,-75.644112,554.701949
-40.101040,-61.051596,560.767955
-48.711559,-41.598472,565.520619
-52.976683,-16.620244,567.943903
-51.411476,9.900802,567.536676
-44.621348,32.119834,564.443548
-34.517326,48.792257,559.409760
-22.630567,61.611232,553.572297
-9.858037,72.333851,548.143044
3.252135,82.257324,544.074938
16.272024,92.452301,541.814935
28.730566,104.072811,541.225065
39.924801,118.657944,541.696159
48.635270,138.148964,542.410097
52.971080,163.266001,542.656322
51.397933,-170.019838,542.095728
44.408025,-142.413776,540.869240
34.174743,-125.768648,539.630307
22.188515,-112.980956,539.217915
9.354486,-102.274751,540.412166
-3.775058,-92.348888,543.615866
-16.770106,-82.131078,548.659608
-29.159294,-70.465826,554.789539
-40.241321,-55.819087,560.845738
-48.805323,-36.286869,565.572078
-52.996332,-11.247038,567.958058
-51.348969,15.248107,567.511012
-44.499314,37.386814,564.384613
-34.361755,53.992078,559.331308
-22.457699,66.771041,553.491447
-9.677218,77.474554,548.075524
3.434553,87.394631,544.030824
16.450157,97.600946,541.796268
28.896772,109.250892,541.226141
40.066446,123.890540,541.706324
48.730347,143.461711,542.418029
52.991227,168.641842,542.654284
51.334725,-164.670192,542.082427
44.284063,-137.146936,540.850379
34.017559,-120.569311,539.616878
22.014520,-107.821493,539.222009
9.173102,-97.134147,540.442584
-3.957437,-87.211408,543.674431
-16.947580,-76.981963,548.739647
-29.324228,-65.286973,554.877116
-40.381129,-50.585623,560.923261
-48.898241,-30.974112,565.623076
-53.014810,-5.873505,567.971656
-51.285437,20.594464,567.484821
-44.376657,42.652685,564.325300
-34.205854,59.191167,559.252703
-22.284666,71.930459,553.410684
-9.496336,82.615110,548.008278
3.616954,92.531992,543.987068
16.628185,102.749863,541.777931
29.062741,114.429542,541.227422
40.207621,129.124098,541.716532
48.824574,148.775634,542.425862
53.010188,174.018022,542.652081
51.270478,-159.321512,542.068995
44.159480,-131.881216,540.831511
33.860051,-115.370708,539.603611
21.840369,-102.662419,539.226420
8.991663,-91.993687,540.473399
-4.139790,-82.073870,543.733361
-17.124940,-71.832571,548.819900
-29.488916,-60.107549,554.964677
-40.520459,-45.351200,561.000520
-48.990309,-25.660204,565.673613
-53.032118,-0.499664,567.984697
-51.220885,25.939861,567.458105
-44.253381,47.917451,564.265612
-34.049626,64.389527,559.173949
-22.111472,77.089488,553.330011
-9.315393,87.755521,547.941306
3.799336,97.669409,543.943672
16.806105,107.899056,541.759921
29.228469,119.608763,541.228908
40.348322,134.358625,541.726781
48.917944,154.090728,542.433595
53.027961,179.394521,542.649715
51.205198,-153.973810,542.055433
44.034280,-126.616613,540.812639
33.702222,-110.172832,539.590510
21.666062,-97.503731,539.231151
8.810172,-86.853368,540.504612
-4.322115,-76.936272,543.792653
-17.302183,-66.682900,548.900364
-29.653355,-54.927550,555.052218
-40.659309,-40.115811,561.077511
-49.081519,-20.345147,565.723685
-53.048252,4.874464,567.997179
-51.155318,31.284289,567.430864
-44.129492,53.181115,564.205551
-33.893073,69.587166,559.095048
-21.938117,82.248132,553.249430
-9.134390,92.895791,547.874612
3.981698,102.806886,543.900636
16.983916,113.048528,541.742238
29.393954,124.788562,541.230595
40.488544,139.594126,541.737068
49.010451,159.406993,542.441228
53.044545,-175.228680,542.647183
51.138889,-148.627096,542.041742
43.908470,-121.353123,540.793764
33.544075,-104.975677,539.577577
21.491603,-92.345423,539.236204
8.628629,-81.713187,540.536223
-4.504411,-71.798611,543.852305
-17.479308,-61.532946,548.981036
-29.817543,-49.746969,555.139737
-40.797673,-34.879452,561.154233
-49.171866,-15.028945,565.773290
-53.063212,10.248861,568.009103
-51.088742,36.627737,567.403101
-44.004995,58.443681,564.145120
-33.736200,74.784088,559.016005
-21.764603,87.406397,553.168944
-8.953328,98.035922,547.808196
4.164038,107.944425,543.857960
17.161616,118.198282,541.724880
29.559194,129.968943,541.232482
40.628283,144.830606,541.747390
49.102089,164.724426,542.448758
53.059937,-169.851602,542.644486
51.071558,-143.281379,542.027923
43.782054,-116.090741,540.774889
33.385613,-99.779240,539.564814
21.316993,-87.187492,539.241580
8.447036,-76.573141,540.568233
-4.686678,-66.660883,543.912317
-17.656314,-56.382705,549.061913
-29.981478,-44.565803,555.227229
-40.935547,-29.642116,561.230680
-49.261345,-9.711600,565.822427
-53.076996,15.623505,568.020467
-51.021161,41.970197,567.374816
-43.879895,63.705153,564.084322
-33.579009,79.980298,558.936822
-21.590933,92.564286,553.088557
-8.772210,103.175917,547.742061
4.346356,113.082029,543.815644
17.339204,123.348321,541.707846
29.724187,135.149912,541.234566
40.767535,150.068071,541.757747
49.192853,170.043023,542.456183
53.074136,-164.474265,542.641625
51.003208,-137.936670,542.013978
43.655038,-110.829464,540.756015
33.226839,-94.583513,539.552224
21.142233,-82.029935,539.247280
8.265394,-71.433227,540.600642
-4.868914,-61.523086,543.972686
-17.833200,-51.232174,549.142993
-30.145157,-39.384046,555.314690
-41.072928,-24.403799,561.306851
-49.349948,-4.393116,565.871094
-53.089602,20.998377,568.031272
-50.952581,47.311658,567.346011
-43.754197,68.965537,564.023159
-33.421503,85.175803,558.857504
-21.417107,97.721802,553.008271
-8.591034,108.315779,547.676209
4.528651,118.219700,543.773689
17.516679,128.498651,541.691135
29.888929,140.331472,541.236846
40.906295,155.306526,541.768135
49.282735,175.362781,542.463504
53.087141,-159.096690,542.638598
50.933847,-132.592978,541.999907
43.527427,-105.569286,540.737146
33.067756,-89.388492,539.539809
20.967325,-76.872747,539.253307
8.083703,-66.293443,540.633450
-5.051118,-56.385218,544.033413
-18.009963,-46.081349,549.224272
-30.308577,-34.201694,555.402119
-41.209809,-19.164495,561.382742
-49.437672,0.926503,565.919287
-53.101030,26.373457,568.041518
-50.883007,52.652111,567.316688
-43.627906,74.224834,563.961635
-33.263684,90.370607,558.778053
-21.243128,102.878949,552.928090
-8.409804,113.455511,547.610642
4.710921,123.357442,543.732094
17.694039,133.649273,541.674746
30.053419,145.513629,541.239319
41.044559,160.545978,541.778552
49.371731,-179.316304,542.470717
53.098950,-153.718897,542.635405
50.863479,-127.250313,541.985712
43.399225,-100.310203,540.718283
32.908367,-84.194171,539.527571
20.792271,-71.715924,539.259663
7.901966,-61.153784,540.666658
-5.233288,-51.247275,544.094494
-18.186603,-40.930227,549.305748
-30.471736,-29.018741,555.489510
-41.346188,-13.924199,561.458350
-49.524510,6.247254,565.967006
-53.111279,31.748725,568.051204
-50.812444,57.991548,567.286847
-43.501028,79.483051,563.899752
-33.105557,95.564716,558.698473
-21.068996,108.035732,552.848016
-8.228520,118.595116,547.545360
4.893166,128.495258,543.690861
17.871282,138.800191,541.658677
30.217653,150.696388,541.241982
41.182323,165.786431,541.788997
49.459835,-173.994235,542.477822
53.109563,-148.340908,542.632047
50.792110,-121.908683,541.971394
43.270437,-95.052211,540.699429
32.748675,-79.000545,539.515513
20.617072,-66.559462,539.266348
7.720182,-56.014249,540.700265
-5.415425,-46.109255,544.155929
-18.363118,-35.778804,549.387418
-30.634632,-23.835183,555.576861
-41.482060,-8.682906,561.533671
-49.610455,11.569132,566.014249
-53.120347,37.124159,568.060329
-50.740899,63.329960,567.256491
-43.373566,84.740192,563.837513
-32.947122,100.758135,558.618767
-20.894715,113.192154,552.768054
-8.047183,123.734597,547.480367
5.075384,133.633150,543.649989
18.048408,143.951409,541.642927
30.381630,155.879755,541.244835
41.319581,171.027890,541.799466
49.547039,-168.671016,542.484817
53.118977,-142.962742,542.628524
50.719745,-116.568098,541.956955
43.141070,-89.795305,540.680585
32.588683,-73.807608,539.503637
20.441731,-61.403359,539.273365
7.538355,-50.874835,540.734272
-5.597526,-40.971155,544.217717
-18.539507,-30.627078,549.469279
-30.797262,-18.651014,555.664168
-41.617420,-3.440611,561.608703
-49.695503,16.892133,566.061012
-53.128234,42.499741,568.068893
-50.668375,68.667338,567.225620
-43.245526,89.996260,563.774922
-32.788385,105.950869,558.538939
-20.720284,118.348219,552.688205
-7.865794,128.873957,547.415664
5.257574,138.771120,543.609479
18.225414,149.102931,541.627496
30.545347,161.063734,541.247873
41.456330,176.270362,541.809958
49.633339,-163.346651,542.491701
53.127194,-137.584422,542.624834
50.646390,-111.228565,541.942395
