46.230448,-92.354696,541.156411
36.546508,-74.625235,539.854987
24.840621,-61.180605,539.193161
12.133409,-50.153087,539.993880
-0.970667,-40.153717,542.762010
-14.030172,-30.087632,547.458085
-26.596122,-18.843185,553.443960
-38.036478,-4.987102,559.623456
-47.275056,13.356256,564.731719
-52.566777,37.369038,567.679248
-52.193247,64.116933,567.846416
-46.302160,87.462848,565.246875
-36.713471,105.140078,560.518022
-25.094310,118.572242,554.741661
-12.447546,129.596885,549.142339
0.630767,139.591490,544.748563
13.702628,149.647314,542.120675
26.318473,160.876766,541.234245
37.840981,174.721999,541.556771
47.179385,-166.910500,542.286708
52.552235,-142.780967,542.667868
52.188179,-115.839196,542.271646
46.116709,-87.070202,541.137918
36.394705,-69.413931,539.839354
24.669257,-56.014652,539.192597
11.953007,-45.009895,540.018248
-1.153314,-35.016777,542.814841
-14.209236,-24.942340,547.534508
-26.764557,-13.672511,553.531352
-38.183107,0.232310,559.704621
-47.380323,18.651141,564.789540
-52.602967,42.735464,567.701344
-52.145990,69.476535,567.828453
-46.189663,92.746118,565.193666
-36.562989,110.351037,560.442140
-24.923992,123.738131,554.659923
-12.267752,134.740038,549.071127
0.813322,144.728329,544.699347
13.882134,154.792423,542.097166
26.487848,166.047225,541.232130
37.988927,179.941396,541.566070
47.286027,-161.614760,542.295868
52.589150,-137.412131,542.668149
52.140433,-110.477024,542.260344
46.002266,-81.786878,541.119386
36.242529,-64.203447,539.823848
24.497708,-50.849151,539.192323
11.772533,-39.866893,540.043006
-1.335952,-29.879822,542.868053
-14.388206,-19.796822,547.611184
-26.932780,-8.501338,553.618780
-38.329320,5.452596,559.785572
-47.484829,23.947193,564.846934
-52.638023,48.102481,567.722891
-52.097641,74.835370,567.809947
-46.076466,98.028236,565.140042
-36.412131,115.561184,560.366056
-24.753484,128.903569,554.578226
-12.087878,139.883001,549.000158
0.995874,149.865182,544.650482
14.061554,159.937756,542.074001
26.657017,171.218182,541.230251
38.136461,-174.838327,541.575444
47.391903,-156.317834,542.304954
52.624917,-132.042684,542.668271
52.091580,-105.115632,542.248897
45.887122,-76.504722,541.100817
36.089981,-58.993777,539.808470
24.325976,-45.684099,539.192340
11.591986,-34.724078,540.068154
-1.518579,-24.742848,542.921646
-14.567082,-14.651076,547.688112
-27.100789,-3.329661,553.706241
-38.475113,10.673763,559.866307
-47.588566,29.244412,564.903898
-52.671944,53.470075,567.743890
-52.048205,80.193424,567.790898
-45.962575,103.309204,565.086005
-36.260900,120.770523,560.289775
-24.582788,134.068560,554.496572
-11.907927,145.025775,548.929434
1.178423,155.002051,544.601969
14.240886,165.083317,542.051179
26.825978,176.389644,541.228606
38.283578,-169.617164,541.584891
47.497008,-151.019723,542.313963
52.659533,-126.672644,542.668235
52.041624,-99.755036,542.237305
45.771285,-71.223730,541.082213
35.937066,-53.784916,539.793223
24.154063,-40.519491,539.192650
11.411369,-29.581448,540.093693
-1.701194,-19.605854,542.975617
-14.745861,-9.505098,547.765290
-27.268581,1.842525,553.793732
-38.620482,15.895815,559.946823
-47.691529,34.542798,564.960430
-52.704725,58.838226,567.764339
-51.997686,85.550682,567.771309
-45.847994,108.589024,565.031558
-36.109300,125.979061,560.213300
-24.411906,139.233108,554.414966
-11.727898,150.168365,548.858957
1.360967,160.138940,544.553808
14.420128,170.229109,542.028698
26.994728,-178.438385,541.227192
38.430275,-164.395108,541.594410
47.601336,-145.720424,542.322894
52.692995,-121.302029,542.668038
51.990569,-94.395251,542.225568
45.654760,-65.943901,541.063576
35.783787,-48.576857,539.778108
23.981971,-35.355323,539.193255
11.230684,-24.438999,540.119624
-1.883796,-14.468836,543.029966
-14.924542,-4.358885,547.842713
-27.436154,7.015223,553.881250
-38.765424,21.118759,560.027115
-47.793713,39.842352,565.016528
-52.736364,64.206917,567.784239
-51.946087,90.907130,567.751179
-45.732730,113.867699,564.976702
-35.957333,131.186803,560.136633
-24.240839,144.397218,554.333410
-11.547793,155.310773,548.788729
1.543507,165.275852,544.506001
14.599281,175.375134,542.006558
27.163266,-173.265900,541.226008
38.576549,-159.172155,541.603997
47.704881,-140.419940,542.331746
52.725299,-115.930857,542.667681
51.938421,-89.036290,542.213689
45.537551,-60.665232,541.044909
35.630148,-43.369595,539.763129
23.809703,-30.191590,539.194158
11.049930,-19.296728,540.145946
-2.066384,-9.331791,543.084692
-15.103124,0.787566,547.920381
-27.603507,12.188438,553.968792
-38.909934,26.342600,560.107181
-47.895111,45.143072,565.072189
-52.766858,69.576130,567.803587
-51.893415,96.262755,567.730510
-45.616787,119.145232,564.921440
-35.805003,136.393754,560.059779
-24.069591,149.560894,554.251907
-11.367613,160.453003,548.718753
1.726039,170.412789,544.458548
14.778341,-179.478603,541.984758
27.331590,-168.092898,541.225052
38.722394,-153.948297,541.613650
47.807636,-135.118268,542.340516
52.756442,-110.559146,542.667164
51.885182,-83.678168,542.201667
45.419666,-55.387720,541.026212
35.476151,-38.163124,539.748289
23.637259,-25.028289,539.195359
10.869110,-14.154631,540.172661
-2.248957,-4.194718,543.139795
-15.281606,5.934259,547.998289
-27.770637,17.362176,554.056352
-39.054010,31.567343,560.187017
-47.995718,50.444959,565.127411
-52.796204,74.945848,567.822384
-51.839672,101.617543,567.709303
-45.500171,124.421624,564.865776
-35.652314,141.599921,559.982740
-23.898161,154.724139,554.170462
-11.187360,165.595057,548.649031
1.908564,175.549754,544.411449
14.957308,-174.332100,541.963297
27.499697,-162.919373,541.224321
38.867808,-148.723531,541.623368
47.909596,-129.815410,542.349203
52.786422,-105.186915,542.666485
51.830859,-78.320898,542.189504
45.301109,-50.111361,541.007489
35.321800,-32.957438,539.733588
23.464641,-19.865415,539.196862
10.688224,-9.012707,540.199769
-2.431514,0.942387,543.195272
-15.459985,11.081196,548.076437
-27.937542,22.536440,554.143929
-39.197646,36.792994,560.266620
-48.095528,55.748012,565.182192
-52.824400,80.316052,567.840628
-51.784863,106.971481,567.687559
-45.382888,129.696879,564.809711
-35.499268,146.805309,559.905520
-23.726553,159.886958,554.089076
-11.007035,170.736938,548.579564
2.091081,-179.313250,544.364705
15.136181,-169.185352,541.942174
27.667585,-157.745320,541.223813
39.012787,-143.497849,541.633147
48.010755,-124.511365,542.357805
52.815236,-99.814181,542.665645
51.775455,-72.964494,542.177201
45.181885,-44.836153,540.988742
35.167098,-27.752533,539.719030
23.291852,-14.702964,539.198667
10.507274,-3.870952,540.227271
-2.614054,6.079527,543.251122
-15.638262,16.228382,548.154820
-28.104219,27.711235,554.231519
-39.340840,42.019559,560.345987
-48.194536,61.052231,565.236529
-52.851441,85.686724,567.858319
-51.728994,112.324557,567.665279
-45.264943,134.971000,564.753248
-35.345870,152.009923,559.828122
-23.554768,165.049356,554.007753
-10.826638,175.878650,548.510355
2.273587,-174.176221,544.318317
15.314958,-164.038358,541.921388
27.835252,-152.570736,541.223528
39.157325,-138.271246,541.642985
48.111107,-119.206136,542.366321
52.842880,-94.440965,542.664643
51.718976,-67.608969,542.164759
45.062001,-39.562093,540.969972
35.012050,-22.548402,539.704618
23.118894,-9.540932,539.200777
10.326261,1.270637,540.255167
-2.796575,11.216705,543.307346
-15.816434,21.375819,548.233437
-28.270667,32.886567,554.319119
-39.483587,47.247044,560.425114
-48.292735,66.357614,565.290420
-52.877327,91.057845,567.875457
-51.672069,117.676758,567.642465
-45.146341,140.243990,564.696390
-35.192121,157.213769,559.750550
-23.382808,170.211336,553.926497
-10.646172,-178.979805,548.441407
2.456083,-169.039155,544.272284
15.493637,-158.891113,541.900938
28.002695,-147.395614,541.223461
39.301420,-133.043717,541.652881
48.210646,-113.899721,542.374749
52.869352,-89.067284,542.663479
51.661425,-62.254335,542.152179
44.941462,-34.289177,540.951182
34.856657,-17.345039,539.690353
22.945768,-4.379315,539.203194
10.145187,6.412063,540.283458
-2.979077,16.353922,543.363940
-15.994500,26.523511,548.312285
-28.436883,38.062439,554.406724
-39.625882,52.475453,560.503998
-48.390120,71.664160,565.343863
-52.902055,96.429396,567.892040
-51.614092,123.028072,567.619117
-45.027088,145.515851,564.639139
-35.038026,162.416853,559.672807
-23.210674,175.372902,553.845310
-10.465638,-173.838423,548.372720
2.638567,-163.902051,544.226609
15.672218,-153.743615,541.880823
28.169913,-142.219951,541.223612
39.445067,-127.815255,541.662831
48.309366,-108.592122,542.383087
52.894650,-83.693158,542.662152
51.602809,-56.900605,542.139461
44.820272,-29.017402,540.932373
34.700923,-12.142439,539.676239
22.772476,0.781892,539.205919
9.964052,11.553330,540.312144
-3.161559,21.491182,543.420905
-16.172459,31.671460,548.391361
-28.602866,43.238856,554.494332
-39.767723,57.704793,560.582636
-48.486684,76.971868,565.396856
-52.925622,101.801359,567.908069
-51.555069,128.378486,567.595236
-44.907188,150.786589,564.581499
-34.883587,167.619179,559.594896
-23.038369,-179.465941,553.764195
-10.285036,-168.697202,548.304298
2.821037,-158.764905,544.181291
15.850699,-148.595859,541.861041
28.336903,-137.043742,541.223978
39.588262,-122.585856,541.672834
48.407262,-103.283341,542.391335
52.918772,-78.318606,542.660662
51.543132,-51.547791,542.126607
44.698439,-23.746764,540.913548
34.544851,-6.940597,539.662276
22.599019,5.942692,539.208954
9.782858,16.694439,540.341227
-3.344019,26.628488,543.478239
-16.350309,36.819672,548.470663
-28.768611,48.415824,554.581939
-39.909105,62.935069,560.661024
-48.582423,82.280737,565.449395
-52.948026,107.173714,567.923541
-51.495004,133.727989,567.570825
-44.786647,156.056204,564.523471
-34.728808,172.820754,559.516821
-22.865894,-174.305190,553.683157
-10.104368,-163.556139,548.236143
3.003494,-153.627714,544.136330
16.029078,-143.447843,541.841593
28.503663,-131.866981,541.224558
39.731001,-117.355512,541.682888
48.504326,-97.973379,542.399489
52.941714,-72.943647,542.659008
51.482399,-46.195906,542.113618
44.575966,-18.477260,540.894709
34.388445,-1.739506,539.648469
22.425401,11.103089,539.212301
9.601606,21.835395,540.370705
-3.526456,31.765843,543.535941
-16.528049,41.968148,548.550187
-28.934119,53.593346,554.669541
-40.050023,68.166286,560.739159
-48.677330,87.590765,565.501480
-52.969265,112.546442,567.938458
-51.433902,139.076569,567.545884
-44.665471,161.324702,564.465059
-34.573691,178.021584,559.438585
-22.693252,-169.144840,553.602197
-9.923634,-158.415230,548.168255
3.185935,-148.490476,544.091727
16.207354,-138.299563,541.822475
28.670190,-126.689665,541.225348
39.873280,-112.124219,541.692989
48.600554,-92.662236,542.407549
52.963475,-67.568302,542.657191
51.420615,-40.844960,542.100496
44.452859,-13.208886,540.875859
34.231708,3.460838,539.634819
22.251622,16.263088,539.215962
9.420297,26.976200,540.400580
-3.708869,36.903248,543.594009
-16.705677,47.116892,548.629932
-29.099385,58.771429,554.757136
-40.190475,73.398450,560.817038
-48.771399,92.901949,565.553108
-52.989338,117.919524,567.952818
-51.371768,144.424216,567.520414
-44.543665,166.592086,564.406265
-34.418241,-176.778328,559.360192
-22.520443,-163.984888,553.521319
-9.742837,-153.274472,548.100638
3.368360,-143.353188,544.047483
16.385526,-133.151015,541.803689
28.836482,-121.511787,541.226347
40.015095,-106.891972,541.703137
48.695939,-87.349916,542.415513
52.984052,-62.192591,542.655210
51.357786,-35.494966,542.087240
44.329124,-7.941638,540.856998
34.074642,8.660442,539.621329
22.077684,21.422693,539.219939
9.238933,32.116857,540.430852
-3.891258,42.040708,543.652442
-16.883193,52.265908,548.709893
-29.264409,63.950075,554.844719
-40.330455,78.631567,560.894657
-48.864625,98.214287,565.604276
-53.008241,123.292941,567.966622
-51.308607,149.770917,567.494417
-44.421233,171.858359,564.347091
-34.262459,-171.578974,559.281645
-22.347470,-158.825329,553.440526
-9.561978,-148.133863,548.033293
3.550767,-138.215847,544.003598
16.563593,-128.002197,541.785231
29.002538,-116.333345,541.227553
40.156441,-101.658763,541.713328
48.790476,-82.036420,542.423379
53.003444,-56.816532,542.653065
51.293915,-30.145935,542.073853
44.204766,-2.675512,540.838130
33.917251,13.859311,539.608001
21.903588,26.581908,539.224233
9.057514,37.257368,540.461522
-4.073620,47.178225,543.711240
-17.060594,57.415199,548.790070
-29.429186,69.129291,554.932288
-40.469959,83.865641,560.972014
-48.957002,103.527778,565.654983
-53.025973,128.666672,567.979867
-51.244424,155.116664,567.467894
-44.298181,177.123525,564.287541
-34.106349,-166.380350,559.202946
-22.174334,-153.666159,553.359821
-9.381057,-142.993400,547.966223
3.733156,-133.078451,543.960071
16.741552,-122.853105,541.767102
29.168353,-111.154331,541.228963
40.297314,-96.424589,541.723560
48.884157,-76.721751,542.431147
53.021648,-51.440146,542.650755
51.229009,-24.797877,542.060335
44.079790,2.589496,540.819256
33.759539,19.057451,539.594837
21.729338,31.740736,539.228846
8.876041,42.397738,540.492590
-4.255955,52.315800,543.770400
-17.237880,62.564768,548.870458
-29.593716,74.309081,555.019838
-40.608984,89.100679,561.049105
-49.048524,108.842418,565.705226
-53.042534,134.040699,567.992555
-51.179225,160.461445,567.440846
-44.174514,-177.612412,564.227618
-33.949914,-161.182450,559.124101
-22.001037,-148.507376,553.279208
-9.200076,-137.853079,547.899429
3.915525,-127.940996,543.916905
16.919403,-117.703735,541.749300
29.333927,-105.974742,541.230576
40.437711,-91.189442,541.733831
48.976978,-71.405910,542.438814
53.038664,-46.063453,542.648281
51.163073,-19.450803,542.046688
43.954201,7.853389,540.800379
33.601507,24.254866,539.581841
21.554934,36.899181,539.233780
8.694517,47.537969,540.524056
-4.438262,57.453439,543.829921
-17.415048,67.714619,548.951055
-29.757996,79.489450,555.107366
-40.747525,94.336686,561.125926
-49.139185,114.158205,565.755003
-53.057920,139.415000,568.004684
-51.113014,165.805250,567.413275
-44.050237,-172.349448,564.167323
-33.793157,-155.985269,559.045111
-21.827581,-143.348973,553.198689
-9.019036,-132.712899,547.832913
4.097873,-122.803480,543.874098
17.097143,-112.554083,541.731823
29.499256,-100.794573,541.232390
40.577626,-85.953318,541.744139
49.068932,-66.088901,542.446379
53.054488,-40.686474,542.645641
51.096112,-14.104722,542.032912
43.828004,13.116173,540.781501
33.443159,29.451563,539.569014
21.380378,42.057248,539.239037
8.512942,52.678064,540.555920
-4.620540,62.591142,543.889803
-17.592098,72.864756,549.031859
-29.922023,84.670403,555.194870
-40.885577,99.573667,561.202476
-49.228979,119.475136,565.804313
-53.072131,144.789557,568.016254
-51.045797,171.148069,567.385182
-43.925355,-167.087579,564.106661
-33.636081,-150.788801,558.965981
-21.653967,-138.190949,553.118267
-8.837938,-127.572855,547.766677
4.280200,-117.665900,543.831652
17.274772,-107.404148,541.714672
29.664339,-95.613819,541.234402
40.717055,-80.716211,541.754482
49.160014,-60.770727,542.453840
53.069121,-35.309228,542.642837
51.028132,-8.759647,542.019010
43.701205,18.377851,540.762624
33.284498,34.647547,539.556358
21.205672,47.214941,539.244618
8.331317,57.818025,540.588183
-4.802787,67.728913,543.950042
-17.769027,78.015181,549.112866
-30.085794,89.851945,555.282344
-41.023137,104.811627,561.278749
-49.317901,124.793207,565.853153
-53.085164,150.164349,568.027265
-50.977579,176.489894,567.356568
-43.799873,-161.826801,564.045633
-33.478689,-145.593041,558.886714
-21.480198,-133.033298,553.037946
-8.656783,-122.432945,547.700723
4.462503,-112.528253,543.789566
17.452288,-102.253924,541.697843
29.829172,-90.432474,541.236609
40.855994,-75.478116,541.764856
49.250217,-55.451390,542.461196
53.082559,-29.931737,542.639867
50.959137,-3.415584,542.004982
43.573809,23.638427,540.743751
33.125526,39.842824,539.543877
21.030818,52.372262,539.250525
8.149644,62.957856,540.620845
-4.985002,72.866755,544.010639
-17.945835,83.165899,549.194074
-30.249309,95.034081,555.369786
-41.160200,110.050572,561.354744
-49.405945,130.112414,565.901521
-53.097020,155.539356,568.037716
-50.908365,-178.169286,567.327436
-43.673797,-156.567110,563.984242
-33.320983,-140.397983,558.807313
-21.306274,-127.876017,552.957728
-8.475572,-117.293166,547.635053
4.644782,-107.390537,543.747841
17.629690,-97.103409,541.681337
29.993754,-85.250534,541.239011
40.994438,-70.239027,541.775261
49.339535,-50.130894,542.468446
53.094802,-24.554021,542.636732
50.889134,1.927454,541.990829
43.445821,28.897907,540.724883
32.966248,45.037398,539.531572
20.855817,57.529217,539.256759
7.967923,68.097560,540.653907
-5.167185,78.004671,544.071592
-18.122520,88.316913,549.275479
-30.412563,100.216816,555.457193
-41.296762,115.290508,561.430457
-49.493105,135.432755,565.949414
-53.107697,160.914558,568.047608
-50.838160,-172.829480,567.297785
-43.547131,-151.308502,563.922492
-33.162967,-135.203623,558.727781
-21.132198,-122.719103,552.877617
-8.294308,-112.153515,547.569668
4.827036,-102.252749,543.706477
17.806976,-91.952599,541.665151
30.158081,-80.067994,541.241604
41.132384,-64.998938,541.785694
49.427963,-44.809243,542.475588
53.105849,-19.176101,542.633431
50.818127,7.269461,541.976553
43.317245,34.156294,540.706022
32.806666,50.231276,539.519446
20.680670,62.685810,539.263323
7.786156,73.237140,540.687368
-5.349334,83.142663,544.132899
-18.299081,93.468226,549.357080
-30.575555,105.400154,555.544560
-41.432818,120.531438,561.505884
-49.579374,140.754225,565.996832
-53.117193,166.289934,568.056939
-50.766971,-167.490695,567.267619
-43.419880,-146.050971,563.860384
-33.004644,-130.009954,558.648123
-20.957970,-117.562550,552.797616
-8.112990,-107.013989,547.504572
5.009264,-97.114885,543.665474
17.984144,-86.801490,541.649285
30.322152,-74.884848,541.244387
41.269826,-59.757844,541.796153
49.515495,-39.486441,542.482621
53.115699,-13.797997,542.629965
50.746123,12.610426,541.962155
43.188088,39.413594,540.687172
32.646782,55.424463,539.507502
20.505381,67.842043,539.270218
7.604345,78.376598,540.721229
-5.531448,88.280733,544.194558
-18.475515,98.619842,549.438872
-30.738282,110.584101,555.631885
-41.568364,125.773370,561.581023
-49.664749,146.076819,566.043772
-53.125509,171.665464,568.065710
-50.694802,-162.152941,567.236937
-43.292049,-140.794515,563.797923
-32.846016,-124.816972,558.568341
-20.783594,-112.406356,552.717727
-7.931620,-101.874586,547.439764
5.191464,-91.976944,543.624832
18.161194,-81.650079,541.633738
30.485964,-69.701092,541.247357
41.406760,-54.515740,541.806635
49.602124,-34.162491,542.489543
53.124350,-8.419731,542.626333
50.673127,17.950342,541.947636
43.058353,44.669810,540.668334
32.486600,60.616964,539.495741
20.329949,72.997921,539.277445
7.422489,83.515937,540.755489
-5.713526,93.418886,544.256569
-18.651822,103.771765,549.520854
-30.900741,115.768661,555.719163
-41.703396,131.016307,561.655871
-49.749222,151.400534,566.090232
-53.132642,177.041129,568.073920
-50.621658,-156.816225,567.205743
-43.163644,-135.539127,563.735110
-32.687086,-119.624671,558.488439
-20.609070,-107.250517,552.637953
-7.750199,-96.735302,547.375248
5.373636,-86.838921,543.584552
18.338123,-76.498362,541.618507
30.649514,-64.516721,541.250512
41.543182,-49.272621,541.817138
49.687844,-28.837399,542.496353
53.131802,-3.041322,542.622535
50.599144,23.289200,541.932997
42.928046,49.924948,540.649510
32.326122,65.808784,539.484166
20.154378,78.153447,539.285006
7.240591,88.655161,540.790150
-5.895567,98.557124,544.318929
-18.828000,108.923997,549.603022
-31.062931,120.953841,555.806392
-41.837908,136.260255,561.730424
-49.832788,156.725364,566.136211
-53.138593,-177.583094,568.081569
-50.547546,-151.480556,567.174037
-43.034668,-130.284805,563.671949
-32.527857,-114.433046,558.408419
-20.434399,-102.095028,552.558298
-7.568728,-91.596135,547.311024
5.555778,-81.700815,543.544634
18.514930,-71.346335,541.603592
30.812799,-59.331728,541.253850
41.679087,-44.028480,541.827661
49.772651,-23.511169,542.503049
53.138054,2.337207,542.618572
50.524180,28.626991,541.918241
42.797173,55.179011,540.630703
32.165351,70.999929,539.472780
19.978668,83.308626,539.292904
7.058651,93.794271,540.825211
-6.077570,103.695449,544.381638
-19.004048,114.076543,549.685374
-31.224848,126.139644,555.893567
-41.971897,141.505219,561.804679
-49.915441,162.051305,566.181705
-53.143360,-172.207224,568.088656
-50.472471,-146.145941,567.141821
-42.905127,-125.031542,563.608443
-32.368332,-109.242092,558.328287
-20.259585,-96.939886,552.478765
-7.387209,-86.457081,547.247095
5.737889,-76.562623,543.505078
18.691614,-66.193996,541.588991
30.975818,-54.146111,541.257369
41.814470,-38.783313,541.838200
49.856537,-18.183805,542.509631
53.143106,7.715835,542.614442
50.448241,33.963709,541.903367
42.665737,60.432006,540.611915
32.004291,76.190405,539.461584
19.802821,88.463461,539.301138
6.876671,98.933272,540.860673
-6.259533,108.833864,544.444693
-19.179963,119.229407,549.767906
-31.386489,131.326077,555.980686
-42.105358,146.751205,561.878633
-49.997175,167.378351,566.226714
-53.146944,-166.831282,568.095183
-50.396437,-140.812387,567.109096
-42.775025,-119.779335,563.544594
-32.208514,-104.051803,558.248045
-20.084627,-91.785088,552.399356
-7.205642,-81.318138,547.183463
5.919968,-71.424342,543.465883
18.868172,-61.041341,541.574703
31.138567,-48.959862,541.261066
41.949326,-33.537115,541.848754
49.939497,-12.855313,542.516096
53.146956,13.094543,542.610147
50.371333,39.299346,541.888378
42.533743,65.683937,540.593148
31.842943,81.380216,539.450582
19.626839,93.617956,539.309712
6.694652,104.072166,540.896535
-6.441455,113.972373,544.508093
-19.355745,124.382591,549.850616
-31.547853,136.513143,556.067744
-42.238286,151.998216,561.952283
-50.077985,172.706497,566.271235
-53.149344,-161.455288,568.101148
-50.319452,-135.479902,567.075865
-42.644367,-114.528179,563.480405
-32.048404,-98.862174,558.167696
-19.909529,-86.630630,552.320074
-7.024029,-76.179303,547.120129
6.102014,-66.285968,543.427051
19.044605,-55.888365,541.560726
31.301044,-43.772977,541.264940
42.083652,-28.289880,541.859320
50.021525,-7.525699,542.522444
53.149605,18.473308,542.605686
50.293460,44.633894,541.873276
42.401197,70.934809,540.574405
31.681311,86.569368,539.439775
19.450723,98.772115,539.318626
6.512594,109.210955,540.932797
-6.623336,119.110978,544.571837
-19.531392,129.536100,549.933500
-31.708937,141.700849,556.154739
-42.370677,157.246259,562.025626
-50.157866,178.035737,566.315266
-53.150560,-156.079263,568.106551
-50.241520,-130.148492,567.042128
-42.513159,-109.278069,563.415879
-31.888007,-93.673201,558.087243
-19.734291,-81.476507,552.240923
-6.842371,-71.040573,547.057094
6.284026,-61.147500,543.388581
19.220909,-50.735065,541.547060
31.463246,-38.585451,541.268987
42.217442,-23.041604,541.869896
50.102616,-2.194967,542.528673
53.151052,23.852110,542.601059
50.214630,49.967348,541.858060
42.268103,76.184626,540.555687
31.519397,91.757866,539.429166
19.274475,103.925941,539.327882
6.330500,114.349643,540.969460
-6.805174,124.249681,544.635922
-19.706902,134.689937,550.016556
-31.869738,146.889199,556.241667
-42.502526,162.495338,562.098659
-50.236811,-176.633935,566.358807
-53.150591,-150.703228,568.111393
-50.162647,-124.818164,567.007887
-42.381404,-104.029001,563.351020
-31.727324,-88.484877,558.006691
-19.558914,-76.322716,552.161906
-6.660669,-65.901945,546.994361
6.466002,-56.008934,543.350473
19.397083,-45.581438,541.533702
31.625171,-33.397278,541.273207
42.350692,-17.792280,541.880481
50.182763,3.136875,542.534782
53.151297,29.230927,542.596266
50.134847,55.299699,541.842733
42.134467,81.433395,540.536997
31.357204,96.945715,539.418757
19.098097,109.079438,539.337481
6.148370,119.488233,541.006524
-6.986968,129.388486,544.700347
-19.882274,139.844106,550.099780
-32.030253,152.078198,556.328524
-42.633828,167.745458,562.171378
-50.314814,-171.302526,566.401854
-53.149438,-145.327203,568.115672
-50.082839,-119.488924,566.973145
-42.249108,-98.780968,563.285830
-31.566358,-83.297197,557.926043
-19.383401,-71.169254,552.083024
-6.478924,-60.763417,546.931931
6.647942,-50.870267,543.312726
19.573127,-40.427479,541.520651
31.786815,-28.208454,541.277596
42.483396,-12.541904,541.891072
50.261960,8.469822,542.540770
53.150340,34.609738,542.591307
50.054118,60.630943,541.827296
42.000292,86.681119,540.518338
31.194735,102.132921,539.408551
18.921590,114.232610,539.347426
5.966205,124.626727,541.043988
-7.168717,134.527396,544.765111
-20.057507,144.998611,550.183171
-32.190479,157.267853,556.415306
-42.764579,172.996624,562.243781
-50.391871,-165.970041,566.444406
-53.147101,-139.951209,568.119390
-50.002101,-114.160779,566.937902
-42.116274,-93.533967,563.220311
-31.405113,-78.110157,557.845302
-19.207754,-66.016117,552.004282
-6.297137,-55.624985,546.869805
6.829844,-45.731497,543.275342
19.749037,-35.273186,541.507906
31.948177,-23.018973,541.282152
42.615551,-7.290471,541.901667
50.340202,13.803868,542.546635
53.148182,39.988523,542.586183
49.972448,65.961072,541.811751
41.865584,91.927805,540.499711
31.031992,107.319489,539.398549
18.744955,119.385460,539.357717
5.784007,129.765128,541.081852
-7.350420,139.666414,544.830211
-20.232597,150.153455,550.266723
-32.350415,162.458167,556.502011
-42.894774,178.248840,562.315864
-50.467976,-160.636488,566.486462
-53.143580,-134.575266,568.122546
-49.920439,-108.833733,566.902161
-41.982908,-88.287992,563.154468
-31.243590,-72.923752,557.764471
-19.031972,-60.863301,551.925681
-6.115309,-50.486647,546.807986
7.011708,-40.592621,543.238320
19.924814,-30.118553,541.495466
32.109253,-17.828829,541.286874
42.747151,-2.037976,541.912263
50.417484,19.139005,542.552375
53.144822,45.367260,542.580893
49.889843,71.290081,541.796099
41.730347,97.173457,540.481120
30.868978,112.505424,539.388755
18.568195,124.537993,539.368356
5.601776,134.903439,541.120118
-7.532076,144.805541,544.895647
-20.407545,155.308642,550.350436
-32.510056,167.649146,556.588635
-43.024408,-176.497888,562.387625
-50.543122,-155.301873,566.528019
-53.138875,-129.199396,568.125140
-49.837859,-103.507792,566.865923
-41.849015,-83.043039,563.088303
-31.081792,-67.737975,557.683554
-18.856059,-55.710803,551.847225
-5.933442,-45.348400,546.746475
7.193531,-35.453635,543.201660
20.100454,-24.963579,541.483328
32.270040,-12.638018,541.291758
42.878191,3.215585,541.922859
50.493798,24.475226,542.557991
53.140260,50.745927,542.575438
49.806309,76.617965,541.780341
41.594585,102.418080,540.462565
30.705696,117.690731,539.379170
18.391310,129.690211,539.379344
5.419514,140.041662,541.158783
-7.713682,149.944782,544.961415
-20.582349,160.464175,550.434305
-32.669402,172.840796,556.675173
-43.153476,-171.243556,562.459060
-50.617305,-149.966204,566.569077
-53.132987,-123.823618,568.127173
-49.754367,-98.182962,566.829190
-41.714598,-77.799102,563.021819
-30.919722,-62.552823,557.602554
-18.680016,-50.558619,551.768918
-5.751536,-40.210241,546.685273
7.375314,-30.314538,543.165362
20.275957,-19.808258,541.471492
32.430536,-7.446534,541.296803
43.008666,8.470219,541.933452
50.569141,29.812525,542.563481
53.134498,56.124504,542.569818
49.721852,81.944718,541.764479
41.458305,107.661680,540.444050
30.542147,122.875415,539.369797
18.214303,134.842119,539.390683
5.237223,145.179802,541.197849
-7.895240,155.084139,545.027515
-20.757006,165.620059,550.518328
-32.828447,178.033121,556.761624
-43.281974,-165.988160,562.530167
-50.690519,-144.629489,566.609632
-53.125917,-118.447954,568.128643
-49.669967,-92.859248,566.791964
-41.579663,-72.556176,562.955019
-30.757382,-57.368290,557.521475
-18.503843,-45.406745,551.690760
-5.569593,-35.072167,546.624382
7.557054,-25.175325,543.129426
20.451320,-14.652587,541.459955
32.590739,-2.254372,541.302006
43.138573,13.725929,541.944041
50.643505,35.150894,542.568842
53.127535,61.502971,542.564033
49.636478,87.270335,541.748514
41.321509,112.904263,540.425577
30.378336,128.059482,539.360638
18.037174,139.993719,539.402374
5.054902,150.317860,541.237315
-8.076746,160.223615,545.093945
-20.931515,170.776298,550.602501
-32.987191,-176.773872,556.847983
-43.409896,-160.731695,562.600942
-50.762759,-139.291736,566.649684
-53.117664,-113.072423,568.129552
-49.584667,-87.536654,566.754246
-41.444213,-67.314256,562.887906
-30.594774,-52.184371,557.440320
-18.327544,-40.255178,551.612756
-5.387614,-29.934176,546.563803
7.738751,-20.035995,543.093852
20.626542,-9.496563,541.448716
32.750644,2.938473,541.307365
43.267904,18.982720,541.954622
50.716885,40.490324,542.574076
53.119373,66.881305,542.558082
49.550192,92.594811,541.732449
41.184203,118.145832,540.407149
30.214264,133.242936,539.351696
17.859926,145.145016,539.414419
4.872553,155.455839,541.277181
-8.258200,165.363213,545.160702
-21.105875,175.932894,550.686822
-33.145630,-171.580180,556.934246
-43.537239,-155.474155,562.671383
-50.834019,-133.952952,566.689230
-53.108231,-107.697046,568.129899
-49.498471,-82.215184,566.716039
-41.308254,-62.073337,562.820484
-30.431903,-47.001061,557.359092
-18.151118,-35.103914,551.534909
-5.205600,-24.796264,546.503538
7.920403,-14.896544,543.058639
20.801623,-4.340181,541.437775
32.910250,8.132008,541.312878
43.396656,24.240597,541.965195
50.789276,45.830808,542.579179
53.110011,72.259486,542.551967
49.463001,97.918143,541.716284
41.046391,123.386395,540.388767
30.049934,138.425783,539.342972
17.682560,150.296013,539.426819
4.690178,160.593743,541.317447
-8.439602,170.502935,545.227786
-21.280084,-178.910148,550.771287
-33.303761,-166.385796,557.020411
-43.663996,-150.215538,562.741486
-50.904293,-128.613146,566.728270
-53.097617,-102.321844,568.129685
-49.411385,-76.894844,566.677344
-41.171789,-56.833414,562.752754
-30.268769,-41.818355,557.277795
-17.974568,-29.952950,551.457220
-5.023552,-19.658429,546.443589
8.102010,-9.756970,543.023787
20.976558,0.816563,541.427128
33.069553,13.326237,541.318543
43.524824,29.499565,541.975757
50.860672,51.172337,542.584151
53.099452,77.637492,542.545688
49.374911,103.240325,541.700021
40.908078,128.625956,540.370433
29.885348,143.608027,539.334470
17.505077,155.446714,539.439575
4.507777,165.731573,541.358112
-8.620948,175.642785,545.295193
-21.454140,-173.752824,550.855893
-33.461581,-161.190714,557.106473
-43.790163,-144.955839,562.811249
-50.973577,-123.272326,566.766801
-53.085824,-96.946837,568.128909
-49.323416,-71.575637,566.638163
-41.034824,-51.594481,562.684721
-30.105375,-36.636247,557.196432
-17.797895,-24.802282,551.379693
-4.841471,-14.520668,546.383956
8.283570,-4.617269,542.989297
21.151348,5.973672,541.416775
33.228551,18.521166,541.324357
43.652402,34.759628,541.986306
50.931068,56.514903,542.588991
53.087697,83.015305,542.539245
49.285927,108.561353,541.683662
40.769268,133.864520,540.352152
29.720510,148.789674,539.326190
17.327478,160.597122,539.452689
4.325351,170.869333,541.399178
-8.802240,-179.217235,545.362923
-21.628042,-168.595130,550.940637
-33.619088,-155.994931,557.192429
-43.915734,-139.695053,562.880668
-51.041864,-117.930503,566.804823
-53.072853,-91.572044,568.127572
-49.234569,-66.257567,566.598498
-40.897362,-46.356532,562.616386
-29.941724,-31.454734,557.115007
-17.621101,-19.651907,551.302331
-4.659358,-9.382978,546.324642
8.465082,0.522561,542.955167
21.325991,11.131150,541.406714
33.387241,23.716800,541.330317
43.779386,40.020790,541.996840
51.000458,61.858496,542.593698
53.074745,88.392901,542.532637
49.196055,113.881225,541.667208
40.629965,139.102094,540.333923
29.555420,153.970729,539.318137
17.149766,165.747241,539.466161
4.142902,176.007025,541.440642
-8.983475,-174.077121,545.430973
-21.801788,-163.437063,551.025517
-33.776278,-150.798440,557.278277
-44.040706,-134.433176,562.949741
-51.109151,-112.587684,566.842332
-53.058705,-86.197487,568.125675
-49.144850,-60.940638,566.558351
-40.759407,-41.119564,562.547755
-29.777818,-26.273810,557.033523
-17.444186,-14.501821,551.225136
-4.477215,-4.245357,546.265648
8.646544,5.662524,542.921398
21.500484,16.289001,541.396943
33.545619,28.913145,541.336423
43.905770,45.283056,542.007356
51.068836,67.203107,542.598270
53.060599,93.770262,542.525866
49.105302,119.199936,541.650660
40.490175,144.338683,540.315751
29.390083,159.151196,539.310311
16.971942,170.897074,539.479994
3.960431,-178.855347,541.482505
-9.164652,-168.936870,545.499342
-21.975376,-158.278618,551.110528
-33.933149,-145.601236,557.364011
-44.165073,-129.170204,563.018464
-51.175431,-107.243880,566.879329
-53.043382,-80.823185,568.123216
-49.054264,-55.624852,566.517724
-40.620965,-35.883570,562.478828
-29.613660,-21.093470,556.951983
-17.267154,-9.352021,551.148111
-4.295042,0.892199,546.206974
8.827956,10.802621,542.887990
21.674827,21.447229,541.387461
33.703682,34.110206,541.342671
44.031549,50.546430,542.017853
51.136198,72.548727,542.602707
53.045260,99.147365,542.518932
49.013673,124.517483,541.634021
40.349900,149.574291,540.297637
29.224500,164.331081,539.302715
16.794007,176.046624,539.494189
3.777939,-173.717781,541.524767
-9.345769,-163.796481,545.568027
-22.148804,-153.119792,551.195668
-34.089697,-140.403313,557.449629
-44.288829,-123.906134,563.086836
-51.240699,-101.899100,566.915811
-53.026885,-75.449158,568.120197
-48.962818,-50.310213,566.476618
-40.482039,-30.648545,562.409610
-29.449252,-15.913710,556.870391
-17.090004,-4.202503,551.071259
-4.112841,6.029691,546.148623
9.009317,15.942857,542.854942
21.849017,26.605838,541.378265
33.861429,39.307989,541.349059
44.156719,55.810917,542.028329
51.202537,77.895346,542.607007
53.028729,104.524192,542.511835
48.921175,129.833863,541.617292
40.209146,154.808926,540.279584
29.058673,169.510389,539.295351
16.615963,-178.804104,539.508746
3.595427,-168.580274,541.567427
-9.526827,-158.655949,545.637026
-22.322072,-147.960581,551.280934
-34.245920,-135.204667,557.535127
-44.411970,-118.640960,563.154852
-51.304950,-96.553355,566.951777
-53.009216,-70.075426,568.116618
-48.870517,-44.996723,566.435036
-40.342634,-25.414484,562.340104
-29.284597,-10.734524,556.788751
-16.912738,0.946737,550.994583
-3.930613,11.167124,546.090596
9.190625,21.083234,542.822254
22.023052,31.764832,541.369356
34.018854,44.506499,541.355584
44.281273,61.076520,542.038781
51.267849,83.242953,542.611170
53.011008,109.900721,542.504575
48.827813,135.149073,541.600475
40.067918,160.042592,540.261593
28.892605,174.689124,539.288222
16.437810,-173.655108,539.523667
3.412895,-163.442823,541.610486
-9.707824,-153.515271,545.706339
-22.495176,-142.800981,551.366322
-34.401815,-130.005291,557.620502
-44.534490,-113.374680,563.222511
-51.368179,-91.206654,566.987225
-52.990376,-64.702008,568.112479
-48.777367,-39.684386,566.392980
-40.202753,-20.181380,562.270313
-29.119696,-5.555907,556.707064
-16.735358,6.095700,550.918085
-3.748358,16.304499,546.032893
9.371879,26.223755,542.789925
22.196932,36.924215,541.360730
34.175957,49.705741,541.362245
44.405206,66.343244,542.049208
51.332128,88.591539,542.615195
52.992099,115.276932,542.497153
48.733593,140.463110,541.583571
39.926218,165.275295,540.243669
28.726299,179.867292,539.281330
16.259552,-168.506384,539.538954
3.230346,-158.305426,541.653942
-9.888758,-148.374446,545.775961
-22.668116,-137.640987,551.451829
-34.557378,-124.805180,557.705750
-44.656385,-108.107290,563.289808
-51.430382,-85.859009,567.022153
-52.970367,-59.328925,568.107781
-48.683374,-34.373203,566.350451
-40.062402,-14.949230,562.200239
-28.954552,-0.377856,556.625336
-16.557865,11.244392,550.841767
-3.566078,21.441820,545.975517
9.553078,31.364423,542.757956
22.370653,42.083990,541.352386
34.332733,54.905722,541.369040
44.528514,71.611092,542.059607
51.395369,93.941093,542.619079
52.972004,120.652805,542.489569
48.638521,145.775973,541.566582
39.784051,170.507040,540.225812
28.559757,-174.955104,539.274677
16.081188,-163.357928,539.554607
3.047781,-153.168080,541.697795
-10.069628,-143.233470,545.845893
-22.840890,-132.480597,551.537453
-34.712607,-119.604329,557.790867
-44.777650,-102.838785,563.356742
-51.491552,-80.510429,567.056562
-52.949191,-53.956196,568.102523
-48.588544,-29.063177,566.307453
-39.921584,-9.718026,562.129887
-28.789167,4.799636,556.543569
-16.380261,16.392815,550.765634
-3.383775,26.579089,545.918469
9.734220,36.505241,542.726345
22.544215,47.244163,541.344322
34.489179,60.106447,541.375965
44.651191,76.880069,542.069977
51.457567,99.291602,542.622824
52.950724,126.028321,542.481823
48.542603,151.087660,541.549510
39.641423,175.737834,540.208025
28.392981,-169.778057,539.268265
15.902720,-158.209737,539.570628
2.865199,-148.030782,541.742045
-10.250433,-138.092339,545.916130
-23.013495,-127.319805,551.623189
-34.867498,-114.402733,557.875851
-44.898278,-97.569163,563.423309
-51.551685,-75.160928,567.090448
-52.926850,-48.583840,568.096706
-48.492882,-23.754310,566.263986
-39.780302,-4.487765,562.059259
-28.623544,9.976573,556.461766
-16.202547,21.540973,550.689686
-3.201448,31.716309,545.861749
9.915305,41.646212,542.695093
22.717616,52.404737,541.336537
34.645293,65.307921,541.383019
44.773231,82.150177,542.080315
51.518716,104.643058,542.626426
52.928262,131.403459,542.473917
48.445846,156.398167,541.532356
39.498336,-179.032319,540.190311
28.225973,-164.601563,539.262096
15.724151,-153.061808,539.587017
2.682603,-142.893529,541.786692
-10.431172,-132.951051,545.986672
-23.185931,-122.158608,551.709035
-35.022048,-109.200385,557.960698
-45.018265,-92.298419,563.489507
-51.610776,-69.810515,567.123811
-52.903347,-43.211877,568.090332
-48.396395,-18.446604,566.220053
-39.638563,0.741561,561.988358
-28.457685,15.152959,556.379932
-16.024724,26.688869,550.613928
-3.019100,36.853483,545.805359
10.096331,46.787339,542.664198
22.890854,57.565715,541.329029
34.801071,70.510150,541.390199
44.894630,87.421422,542.090620
51.578812,109.995447,542.629886
52.904620,136.778199,542.465849
48.348255,161.707494,541.515122
39.354795,-173.803411,540.172672
28.058737,-159.425617,539.256173
15.545480,-147.914137,539.603777
2.499994,-137.756318,541.831734
-10.611843,-127.809604,546.057517
-23.358194,-116.997002,551.794988
-35.176255,-103.997280,558.045403
-45.137605,-87.026551,563.555333
-51.668820,-64.459202,567.156650
-52.878683,-37.840325,568.083399
-48.299088,-13.140059,566.175656
-39.496368,5.969956,561.917187
-28.291593,20.328800,556.298069
-15.846795,31.836507,550.538360
-2.836730,41.990613,545.749301
10.277298,51.928625,542.633662
23.063926,62.727102,541.321797
34.956509,75.713139,541.397504
45.015382,92.693806,542.100889
51.637849,115.348758,542.633203
52.879799,142.152523,542.457622
48.249835,167.015639,541.497809
39.210803,-168.575439,540.155111
27.891273,-154.250215,539.250498
15.366711,-142.766722,539.620907
2.317373,-132.619148,541.877172
-10.792447,-122.667993,546.128662
-23.530285,-111.834982,551.881043
-35.330115,-98.793413,558.129965
-45.256294,-81.753555,563.620784
-51.725813,-59.107003,567.188962
-52.852861,-32.469203,568.075908
-48.200967,-7.834678,566.130797
-39.353723,11.197426,561.845750
-28.125269,25.504100,556.216180
-15.668759,36.983890,550.462988
-2.654342,47.127703,545.693575
10.458203,57.070073,542.603482
23.236832,67.888903,541.314837
35.111605,80.916895,541.404930
45.135481,97.967333,542.111121
51.695823,120.702978,542.636376
52.853803,147.526410,542.449235
48.150594,172.322601,541.480421
39.066366,-163.348396,540.137629
27.723584,-149.075352,539.245073
15.187843,-137.619558,539.638410
2.134740,-127.482014,541.923006
-10.972980,-117.526216,546.200104
-23.702200,-106.672545,551.967199
-35.483624,-93.588779,558.214379
-45.374325,-76.479428,563.685858
-51.781749,-53.753928,567.220747
-52.825882,-27.098530,568.067861
-48.102037,-2.530462,566.085479
-39.210632,16.423976,561.774051
-27.958715,30.678863,556.134270
-15.490618,42.131021,550.387811
-2.471934,52.264755,545.638183
10.639046,62.211686,542.573660
23.409569,73.051121,541.308149
35.266356,86.121423,541.412475
45.254923,103.242006,542.121314
51.752728,126.058096,542.639403
52.826634,152.899842,542.440689
48.050537,177.628378,541.462957
38.921488,-158.122275,540.120229
27.555674,-143.901023,539.239901
15.008879,-132.472642,539.656286
1.952097,-122.344914,541.969233
-11.153442,-112.384270,546.271843
-23.873938,-101.509687,552.053451
-35.636780,-88.383371,558.298641
-45.491694,-71.204167,563.750551
-51.836624,-48.399991,567.252003
-52.797751,-21.728325,568.059257
-48.002306,2.772589,566.039702
-39.067098,21.649613,561.702091
-27.791935,35.853095,556.052341
-15.312375,47.277903,550.312834
-2.289510,57.401771,545.583125
10.819825,67.353467,542.544193
23.582136,78.213760,541.301732
35.420758,91.326728,541.420137
45.373701,108.517828,542.131465
51.808560,131.414099,542.642284
52.798295,158.272799,542.431985
47.949670,-177.067029,541.445421
38.776171,-152.897073,540.102914
27.387543,-138.727223,539.234982
14.829819,-127.325971,539.674537
1.769445,-117.207846,542.015855
-11.333832,-107.242152,546.343876
-24.045497,-96.346402,552.139797
-35.789579,-83.177184,558.382749
-45.608396,-65.927769,563.814861
-51.890434,-43.045204,567.282730
-52.768469,-16.358606,568.050097
-47.901777,8.074473,565.993471
-38.923125,26.874341,561.629874
-27.624930,41.026800,555.970397
-15.134030,52.424540,550.238059
-2.107069,62.538755,545.528404
11.000539,72.495419,542.515082
23.754530,83.376825,541.295582
35.574808,96.532816,541.427914
45.491810,113.794803,542.141573
51.863315,136.770973,542.645018
52.768787,163.645263,542.423122
47.847999,-171.763623,541.427813
38.630420,-147.672782,540.085686
27.219194,-133.553947,539.230320
14.650665,-122.179542,539.693163
1.586786,-112.070806,542.062870
-11.514149,-102.099858,546.416200
-24.216875,-91.182688,552.226233
-35.942018,-77.970212,558.466699
-45.724424,-60.650232,563.878785
-51.943174,-37.689580,567.312925
-52.738039,-10.989391,568.040381
-47.800458,13.375191,565.946786
-38.778717,32.098166,561.557404
-27.457702,46.199983,555.888441
-14.955584,57.570935,550.163488
-1.924612,67.675709,545.474019
11.181188,77.637545,542.486326
23.926751,88.540320,541.289698
35.728502,101.739693,541.435804
45.609245,119.072934,542.151636
51.916986,142.128706,542.647604
52.738115,169.017214,542.414102
47.745530,-166.461402,541.410136
38.484240,-142.449398,540.068548
27.050629,-128.381192,539.225917
14.471419,-117.033352,539.712165
1.404119,-106.933792,542.110278
-11.694391,-96.957387,546.488813
-24.388071,-86.018540,552.312757
-36.094095,-72.762451,558.550487
-45.839773,-55.371551,563.942320
-51.994838,-32.333133,567.342588
-52.706464,-5.620699,568.030111
-47.698354,18.674742,565.899650
-38.633879,37.321094,561.484684
-27.290253,51.372648,555.806476
-14.777040,62.717092,550.089124
-1.742142,72.812637,545.419972
11.361769,82.779848,542.457925
24.098795,93.704249,541.284079
35.881838,106.947365,541.443804
45.726000,124.352224,542.161651
51.969571,147.487284,542.650042
52.706281,174.388636,542.404925
47.642268,-161.160368,541.392392
38.337633,-137.226914,540.051501
26.881850,-123.208952,539.221774
14.292082,-111.887396,539.731545
1.221447,-101.796802,542.158078
-11.874557,-91.814734,546.561714
-24.559082,-80.853954,552.399363
-36.245804,-67.553894,558.634110
-45.954439,-50.091726,564.005464
-52.045424,-26.975877,567.371717
-52.673747,-0.252547,568.019287
-47.595470,23.973125,565.852065
-38.488613,42.543130,561.411716
-27.122587,56.544800,555.724506
-14.598397,67.863014,550.014970
-1.559658,77.949540,545.366264
11.542281,87.922331,542.429877
24.270662,98.868616,541.278723
36.034812,112.155837,541.451911
45.842070,129.632674,542.171618
52.021063,152.846693,542.652331
52.673287,179.759508,542.395592
47.538221,-155.860521,541.374581
38.190604,-132.005324,540.034549
26.712861,-118.037222,539.217894
14.112655,-106.741672,539.751303
1.038770,-96.659831,542.206270
-12.054646,-86.671897,546.634900
-24.729907,-75.688926,552.486050
-36.397144,-62.344535,558.717564
-46.068414,-44.810753,564.068214
-52.094927,-21.617825,567.400312
-52.639891,5.115048,568.007909
-47.491813,29.270342,565.804033
-38.342924,47.764281,561.338505
-26.954703,61.716443,555.642534
-14.419659,73.008703,549.941027
-1.377163,83.086422,545.312897
11.722724,93.064998,542.402183
24.442348,104.033425,541.273627
36.187420,117.365114,541.460125
45.957449,134.914289,542.181533
52.071459,158.206918,542.654469
52.639137,-174.870187,542.386103
47.433393,-150.561860,541.356707
38.043157,-126.784623,540.017693
26.543662,-112.865999,539.214279
13.933140,-101.596177,539.771440
0.856090,-91.522879,542.254852
-12.234657,-81.528872,546.708368
-24.900543,-70.523450,552.572814
-36.548110,-57.134370,558.800846
-46.181695,-39.528630,564.130568
-52.143341,-16.258991,567.428370
-52.604898,10.482067,567.995978
-47.387388,34.566390,565.755557
-38.196816,52.984551,561.265053
-26.786606,66.887583,555.560564
-14.240825,78.154163,549.867299
-1.194656,88.223285,545.259870
11.903096,98.207851,542.374842
24.613853,109.198681,541.268790
36.339659,122.575204,541.468441
46.072131,140.197070,542.191396
52.120754,163.567947,542.656456
52.603835,-169.500466,542.376458
47.327790,-145.264386,541.338771
37.895296,-121.564806,540.000936
26.374255,-107.695277,539.210932
13.753537,-96.450907,539.791958
0.673407,-86.385941,542.303825
-12.414587,-76.385657,546.782116
-25.070989,-65.357524,552.659652
-36.698700,-51.923392,558.883953
-46.294276,-34.245355,564.192522
-52.190664,-10.899390,567.455892
-52.568773,15.848493,567.983494
-47.282201,39.861273,565.706640
-38.050291,58.203947,561.191364
-26.618297,72.058223,555.478598
-14.061897,83.299398,549.793788
-1.012140,93.360132,545.207185
12.083395,103.350893,542.347853
24.785174,114.364388,541.264210
36.491525,127.786110,541.476858
46.186110,145.481021,542.201204
52.168943,168.929763,542.658291
52.567383,-164.131348,542.366660
47.221418,-139.968097,541.320774
37.747023,-116.345865,539.984281
26.204644,-102.525052,539.207853
13.573849,-91.305859,539.812857
0.490723,-81.249015,542.353187
-12.594437,-71.242248,546.856143
-25.241243,-60.191143,552.746560
-36.848909,-46.711596,558.966882
-46.406150,-28.960926,564.254075
-52.236891,-5.539037,567.482876
-52.531519,21.214310,567.970459
-47.176257,45.154988,565.657282
-37.903355,63.422474,561.117441
-26.449778,77.228368,555.396640
-13.882878,88.444411,549.720496
-0.829615,98.496966,545.154843
12.263621,108.494128,542.321215
24.956310,119.530551,541.259886
36.643016,132.997840,541.485374
46.299382,150.766142,542.210955
52.216024,174.292353,542.659974
52.529785,-158.762850,542.356708
47.114284,-134.672993,541.302720
37.598344,-111.127797,539.967730
26.034830,-97.355320,539.205046
13.394076,-86.161030,539.834138
0.308038,-76.112099,542.402937
-12.774205,-66.098643,546.930446
-25.411303,-55.024302,552.833536
-36.998735,-41.498977,559.049627
-46.517312,-23.675341,564.315223
-52.282017,-0.177946,567.509320
-52.493138,26.579501,567.956874
-47.069563,50.447539,565.607487
-37.756011,68.640137,561.043287
-26.281051,82.398022,555.314694
-13.703766,93.589204,549.647425
-0.647083,103.633789,545.102846
12.443772,113.637558,542.294928
25.127258,124.697173,541.255814
36.794127,138.210399,541.493986
46.411940,156.052437,542.220648
52.261990,179.655701,542.661504
52.491045,-153.394988,542.346603
47.006393,-129.379074,541.284608
37.449262,-105.910594,539.951285
25.864815,-92.186075,539.202512
13.214220,-81.016417,539.855803
0.125355,-70.975189,542.453076
-12.953890,-60.954837,547.005022
-25.581167,-49.856998,552.920575
-37.148174,-36.285528,559.132187
-46.627758,-18.388598,564.375964
-52.326040,5.183867,567.535224
-52.453635,31.944049,567.942738
-46.962124,55.738924,565.557257
-37.608262,73.856942,560.968905
-26.112118,87.567191,555.232762
-13.524566,98.733781,549.574579
-0.464544,108.770605,545.051193
12.623847,118.781187,542.268990
25.298016,129.864259,541.251994
36.944856,143.423792,541.502692
46.523779,161.339907,542.230280
52.306839,-174.980209,542.662880
52.451165,-148.027781,542.336345
46.897751,-124.086338,541.266443
37.299780,-100.694251,539.934949
25.694601,-87.017314,539.200253
13.034282,-75.872016,539.877851
-0.057327,-65.838284,542.503602
-13.133489,-55.810829,547.079868
-25.750833,-44.689225,553.007674
-37.297222,-31.071244,559.214558
-46.737481,-13.100696,564.436295
-52.368954,10.546388,567.560587
-52.413013,37.307937,567.928053
-46.853945,61.029146,565.506595
-37.460112,79.072896,560.894300
-25.942981,92.735878,555.150848
-13.345276,103.878145,549.501959
-0.281999,113.907416,544.999885
12.803845,123.925018,542.243402
25.468583,135.031813,541.248424
37.095197,148.638026,541.511489
46.634893,166.628554,542.239851
52.350566,-169.615392,542.664101
52.410150,-142.661245,542.325936
46.788363,-118.794784,541.248224
37.149903,-95.478762,539.918725
25.524190,-81.849032,539.198272
12.854263,-70.727824,539.900284
-0.240005,-60.701379,542.554514
-13.313003,-50.666615,547.154984
-25.920299,-39.520980,553.094831
-37.445876,-25.856119,559.296737
-46.846475,-7.811632,564.496215
-52.410757,15.909599,567.585408
-52.371275,42.671150,567.912819
-46.745033,66.318206,565.455502
-37.311564,84.288003,560.819473
-25.773642,97.904088,555.068955
-13.165899,109.022300,549.429568
-0.099450,119.044224,544.948924
12.983764,129.069055,542.218163
25.638956,140.199840,541.245101
37.245149,153.853105,541.520376
46.745276,171.918380,542.249357
52.393167,-164.249864,542.665167
52.368004,-137.295396,542.315377
46.678236,-113.504411,541.229955
36.999633,-90.264122,539.902614
25.353585,-76.681224,539.196570
12.674165,-65.583839,539.923103
-0.422680,-55.564473,542.605812
-13.492429,-45.522191,547.230366
-26.089563,-34.352257,553.182041
-37.594132,-20.640149,559.378719
-46.954735,-2.521407,564.555719
-52.451444,21.273487,567.609685
-52.328426,48.033672,567.897038
-46.635393,71.606104,565.403981
-37.162623,89.502269,560.744428
-25.604104,103.071824,554.987087
-12.986437,114.166248,549.357408
0.083102,124.181033,544.898311
13.163603,134.213299,542.193271
25.809134,145.368345,541.242023
37.394707,159.069037,541.529350
46.854922,177.209386,542.258798
52.434638,-158.883640,542.666078
52.324729,-131.930251,542.304667
46.567376,-108.215217,541.211637
36.848975,-85.050325,539.886619
25.182787,-71.513887,539.195150
12.493990,-60.440056,539.946307
-0.605349,-50.427562,542.657495
-13.671767,-40.377555,547.306012
-26.258622,-29.183054,553.269302
-37.741987,-15.423326,559.460502
-47.062256,2.769983,564.614806
-52.491012,26.638033,567.633418
-52.284469,53.395486,567.880709
-46.525030,76.892843,565.352034
-37.013291,94.715700,560.669169
-25.434368,108.239093,554.905246
-12.806889,119.309993,549.285482
0.265656,129.317845,544.848046
13.343361,139.357755,542.168727
25.979114,150.537331,541.239190
37.543867,164.285826,541.538409
46.963827,-177.498426,542.268171
52.474975,-153.516739,542.666832
52.280331,-126.565826,542.293808
46.455787,-102.927201,541.193273
36.697932,-79.837364,539.870742
25.011798,-66.347015,539.194013
12.313737,-55.296473,539.969900
-0.788012,-45.290645,542.709561
-13.851015,-35.232703,547.381919
-26.427476,-24.013365,553.356609
-37.889437,-10.205646,559.542082
-47.169031,8.062536,564.673474
-52.529458,32.003222,567.656606
-52.239408,58.756579,567.863835
-46.413951,82.178424,565.299665
-36.863572,99.928301,560.593699
-25.264436,113.405897,554.823436
-12.627259,124.453538,549.213791
0.448212,134.454663,544.798129
13.523036,144.502425,542.144528
26.148895,155.706803,541.236597
37.692627,169.503478,541.547550
47.071983,-172.205055,542.277475
52.514176,-148.149175,542.667429
52.234813,-121.202136,542.282801
46.343476,-97.640362,541.174863
