46.072967,-91.982719,541.130820
36.336475,-74.354383,539.833390
24.603585,-60.972373,539.192442
11.883904,-49.976262,540.027664
-1.223255,-39.985484,542.835153
-14.277783,-29.907793,547.563820
-26.829002,-18.628172,553.564808
-38.239148,-4.704588,559.735630
-47.420433,13.743223,564.811558
-52.616525,37.854791,567.709654
-52.127604,64.592890,567.821430
-46.146398,87.833139,565.173186
-36.505263,105.410456,560.413039
-24.858719,118.780386,554.628648
-12.198880,129.773656,549.043940
0.883229,139.759583,544.680613
13.950852,149.826899,542.088276
26.552654,161.091481,541.231402
38.045473,175.004494,541.569667
47.326662,-166.522346,542.299368
52.602983,-142.291877,542.668221
52.121856,-115.359690,542.255978
45.958255,-86.699842,541.112273
36.184156,-69.144211,539.817933
24.431966,-55.807044,539.192279
11.703402,-44.833332,540.052571
-1.405889,-34.848522,542.888510
-14.456717,-24.762188,547.640593
-26.997143,-13.456806,553.652249
-38.385200,0.516035,559.816499
-47.524645,19.039722,564.868787
-52.651147,43.222031,567.730991
-52.078838,69.951427,567.802716
-46.032934,93.114816,565.119404
-36.354262,110.620293,560.336879
-24.688139,123.945653,554.546967
-12.018976,134.916546,548.973065
1.065780,144.896441,544.631883
14.130238,154.972320,542.065242
26.721744,166.262631,541.229613
38.192848,-179.774891,541.579069
47.432244,-161.224966,542.308424
52.638309,-136.922201,542.668282
52.072580,-109.998601,542.244475
45.842845,-81.418132,541.093690
36.031467,-63.934851,539.802604
24.260164,-50.642163,539.192408
11.522829,-39.690589,540.077869
-1.588511,-29.711541,542.942248
-14.635555,-19.616353,547.717617
-27.165069,-8.284935,553.739723
-38.530831,5.737541,559.897150
-47.628087,24.337388,564.925586
-52.684632,48.589840,567.751780
-52.028987,75.309177,567.783460
-45.918778,98.395344,565.065209
-36.202889,115.829324,560.260524
-24.517372,129.110474,554.465332
-11.838995,140.059250,548.902435
1.248328,150.033318,544.583505
14.309536,160.117968,542.042551
26.890624,171.434288,541.228056
38.339804,-174.553386,541.588544
47.537052,-155.926400,542.317404
52.672484,-131.551939,542.668184
52.022203,-104.638314,542.232827
45.726744,-76.137586,541.075074
35.878412,-58.726298,539.787407
24.088183,-45.477724,539.192831
11.342185,-34.548028,540.103558
-1.771121,-24.574538,542.996364
-14.814297,-14.470286,547.794888
-27.332778,-3.112554,553.827225
-38.676037,10.959934,559.977581
-47.730752,29.636221,564.981953
-52.716976,53.958200,567.772019
-51.978054,80.666127,567.763664
-45.803935,103.674725,565.010605
-36.051148,121.037557,560.183974
-24.346419,134.274854,554.383744
-11.658936,145.201770,548.832053
1.430870,155.170216,544.535480
14.488744,165.263849,542.020201
27.059294,176.606455,541.226731
38.486340,-169.330987,541.598089
47.641080,-150.626648,542.326305
52.705502,-126.181108,542.667926
51.970729,-99.278843,542.221036
45.609956,-70.858202,541.056425
35.724995,-53.518545,539.772345
23.916023,-40.313723,539.193549
11.161473,-29.405647,540.129638
-1.953718,-19.437510,543.050858
-14.992940,-9.323982,547.872406
-27.500267,2.060342,553.914752
-38.820814,16.183220,560.057787
-47.832636,34.936222,565.037884
-52.748177,59.327093,567.791707
-51.926043,86.022261,567.743327
-45.688410,108.952962,564.955593
-35.899042,126.244995,560.107236
-24.175282,139.438797,554.302208
-11.478803,150.344109,548.761922
1.613407,160.307137,544.487808
14.667862,170.409965,541.998191
27.227750,-178.220863,541.225634
38.632450,-164.107688,541.607702
47.744323,-145.325708,542.335125
52.737362,-120.809728,542.667508
51.918162,-93.920202,542.209102
45.492488,-65.579976,541.037746
35.571218,-48.311586,539.757418
23.743687,-35.150156,539.194566
10.980694,-24.263444,540.156110
-2.136301,-14.300455,543.105728
-15.171484,-4.177439,547.950166
-27.667535,7.233757,554.002301
-38.965159,21.407406,560.137765
-47.933732,40.237389,565.093377
-52.778232,64.696502,567.810844
-51.872960,91.377567,567.722452
-45.572209,114.230058,564.900177
-35.746574,131.451646,560.030310
-24.003964,144.602307,554.220727
-11.298595,155.486271,548.692042
1.795937,165.444085,544.440490
14.846887,175.556320,541.976521
27.395991,-173.047661,541.224764
38.778131,-158.883484,541.617380
47.846775,-140.023582,542.343864
52.768061,-115.437815,542.666929
51.864507,-88.562404,542.197026
45.374344,-60.302905,541.019039
35.417085,-43.105417,539.742631
23.571177,-29.987019,539.195883
10.799848,-19.121414,540.182976
-2.318868,-9.163369,543.160974
-15.349927,0.969347,548.028166
-27.834579,12.407696,554.089869
-39.109067,26.632496,560.217513
-48.034034,45.539723,565.148430
-52.807138,70.066408,567.829430
-51.818809,96.732032,567.701040
-45.455337,119.506014,564.844359
-35.593748,136.657514,559.953202
-23.832466,149.765389,554.139304
-11.118314,160.628258,548.622418
1.978459,170.581061,544.393527
15.025818,-179.297084,541.955190
27.564014,-167.873934,541.224119
38.923378,-153.658367,541.627121
47.948429,-134.720270,542.352518
52.797594,-110.065389,542.666188
51.809770,-83.205465,542.184809
45.255532,-55.026988,541.000307
35.262599,-37.900031,539.727985
23.398493,-24.824307,539.197501
10.618938,-13.979555,540.210235
-2.501419,-4.026251,543.216594
-15.528267,6.116380,548.106405
-28.001397,17.582163,554.177451
-39.252534,31.858497,560.297026
-48.133538,50.843222,565.203042
-52.834891,75.436794,567.847463
-51.763594,102.085641,567.679090
-45.337800,124.780835,564.788142
-35.440567,141.862605,559.875913
-23.660790,154.928046,554.057942
-10.937961,165.770074,548.553050
2.160972,175.718069,544.346920
15.204654,-174.150243,541.934196
27.731818,-162.699679,541.223697
39.068189,-148.432333,541.636923
48.049280,-129.415771,542.361088
52.825960,-104.692468,542.665286
51.753953,-77.849395,542.172453
45.136054,-49.752220,540.981550
35.107765,-32.695423,539.713482
23.225639,-19.662017,539.199423
10.437964,-8.837863,540.237887
-2.683952,1.110903,543.272588
-15.706504,11.263661,548.184878
-28.167987,22.757163,554.265045
-39.395557,37.085413,560.376301
-48.232236,56.147887,565.257208
-52.861491,80.807640,567.864942
-51.707319,107.438384,567.656606
-45.219602,130.054522,564.731527
-35.287034,147.066924,559.798448
-23.488937,160.090283,553.976645
-10.757538,170.911722,548.483940
2.343474,-179.144888,544.300668
15.383394,-169.003153,541.913538
27.899399,-157.524889,541.223495
39.212558,-143.205377,541.646784
48.149321,-124.110088,542.369570
52.853156,-99.319072,542.664222
51.697063,-72.494210,542.159957
45.015919,-44.478598,540.962772
34.952584,-27.491586,539.699126
23.052617,-14.500145,539.201650
10.256928,-3.696337,540.265935
-2.866466,6.248095,543.328953
-15.884636,16.411195,548.263584
-28.334346,27.932701,554.352647
-39.538131,42.313251,560.455335
-48.330124,61.453716,565.310928
-52.886934,86.178927,567.881867
-51.649991,112.790246,567.633587
-45.100750,135.327080,564.674519
-35.133152,152.270477,559.720811
-23.316910,165.252104,553.895415
-10.577046,176.053204,548.415092
2.525966,-174.007808,544.254772
15.562035,-163.855811,541.893216
28.066757,-152.349561,541.223512
39.356481,-137.977491,541.656700
48.248547,-118.803220,542.377964
52.879179,-93.945218,542.662995
51.639105,-67.139920,542.147324
44.895130,-39.206120,540.943975
34.797060,-22.288516,539.684918
22.879427,-9.338685,539.204184
10.075830,1.445028,540.294377
-3.048960,11.385329,543.385690
-16.062661,21.558985,548.342519
-28.500473,33.108781,554.440254
-39.680253,47.542016,560.534126
-48.427196,66.760707,565.364199
-52.911217,91.550638,567.898238
-51.591613,118.141217,567.610035
-44.981249,140.598510,564.617119
-34.978925,157.473270,559.643003
-23.144711,170.413513,553.814255
-10.396485,-178.805476,548.346507
2.708444,-168.870688,544.209233
15.740578,-158.708215,541.873229
28.233888,-147.173689,541.223746
39.499956,-132.748671,541.666671
48.346952,-113.495168,542.386267
52.904027,-88.570927,542.661606
51.580082,-61.786540,542.134554
44.773693,-33.934780,540.925159
34.641196,-17.086207,539.670862
22.706071,-4.177635,539.207028
9.894672,6.586234,540.323215
-3.231433,16.522606,543.442796
-16.240578,26.707035,548.421682
-28.666365,38.285409,554.527862
-39.821919,52.771714,560.612668
-48.523445,72.068860,565.417018
-52.934339,96.922754,567.914054
-51.532190,123.491283,567.585952
-44.861103,145.868818,564.559330
-34.824355,162.675309,559.565029
-22.972341,175.574514,553.733169
-10.215858,-173.664316,548.278186
2.890910,-163.733525,544.164052
15.919020,-153.560359,541.853575
28.400790,-141.997269,541.224194
39.642977,-127.518910,541.676694
48.444530,-108.185934,542.394479
52.927697,-83.196217,542.660053
51.520000,-56.434080,542.121648
44.651614,-28.664577,540.906329
34.484996,-11.884653,539.656959
22.532553,0.983011,539.210182
9.713456,11.727284,540.352449
-3.413885,21.659930,543.500271
-16.418386,31.855347,548.501069
-28.832020,43.462588,554.615468
-39.963123,58.002349,560.690960
-48.618866,77.378172,565.469384
-52.956297,102.295254,567.929314
-51.471727,128.840434,567.561337
-44.740318,151.138005,564.501154
-34.669446,167.876598,559.486892
-22.799802,-179.264889,553.652160
-10.035165,-168.523311,548.210133
3.073360,-158.596317,544.119228
16.097360,-148.412243,541.834253
28.567461,-136.820296,541.224854
39.785540,-122.288204,541.686766
48.541275,-102.875520,542.402597
52.950187,-77.821108,542.658337
51.458863,-51.082554,542.108608
44.528898,-23.395506,540.887485
34.328463,-6.683849,539.643211
22.358872,6.143255,539.213649
9.532182,16.868182,540.382079
-3.596313,26.797304,543.558113
-16.596084,37.003925,548.580678
-28.997435,48.640324,554.703067
-40.103864,63.233928,560.768997
-48.713452,82.688643,565.521294
-52.977090,107.668120,567.944018
-51.410229,134.188658,567.536194
-44.618900,156.406075,564.442596
-34.514202,173.077143,559.408596
-22.627095,-174.104692,553.571232
-9.854407,-163.382461,548.142349
3.255795,-153.459060,544.074763
16.275597,-143.263860,541.815263
28.733898,-131.642766,541.225725
39.927642,-117.056546,541.696885
48.637181,-97.563926,542.410621
52.971494,-72.445620,542.656457
51.396678,-45.731971,542.095434
44.405550,-18.127564,540.868630
34.171600,-1.483789,539.629622
22.185032,11.303103,539.217431
9.350851,22.008929,540.412106
-3.778717,31.934730,543.616322
-16.773669,42.152773,548.660506
-29.162609,53.818622,554.790658
-40.244135,68.466457,560.846777
-48.807200,88.000270,565.572746
-52.996715,113.041333,567.958165
-51.347702,139.535944,567.510522
-44.496853,161.673033,564.383656
-34.358624,178.276949,559.330143
-22.454223,-168.944890,553.490386
-9.673586,-158.241761,548.074836
3.438214,-148.321752,544.030656
16.453728,-138.115210,541.796602
28.900100,-126.464672,541.226803
40.069278,-111.823931,541.707049
48.732242,-92.251156,542.418547
52.991618,-67.069773,542.654413
51.333450,-40.382344,542.082128
44.281576,-12.860746,540.849766
34.014409,3.715533,539.616193
22.011034,16.462558,539.221529
9.169466,27.149530,540.442531
-3.961095,37.072211,543.674895
-16.951141,47.301894,548.740550
-29.327538,58.997486,554.878236
-40.383933,73.699939,560.924296
-48.900101,93.313050,565.623738
-53.015170,118.414872,567.971755
-51.284149,144.882281,567.484323
-44.374183,166.938882,564.324338
-34.202716,-176.523977,559.251538
-22.281188,-163.785481,553.409627
-9.492703,-153.101208,548.007596
3.620614,-143.184390,543.986908
16.631754,-132.966287,541.778271
29.066064,-121.286012,541.228088
40.210443,-106.590354,541.717256
48.826451,-86.937210,542.426376
53.010555,-61.693586,542.652205
51.269182,-35.033685,542.068691
44.156980,-7.595049,540.830896
33.856894,8.914122,539.602928
21.836879,21.621624,539.225945
8.988026,32.289987,540.473353
-4.143447,42.209750,543.733831
-17.128498,52.451291,548.820808
-29.492221,64.176921,554.965798
-40.523255,78.934382,561.001552
-48.992151,98.626981,565.674267
-53.032454,123.788719,567.984787
-51.219576,150.227659,567.457599
-44.250895,172.203625,564.264645
-34.046481,-171.325631,559.172783
-22.107990,-158.626460,553.328957
-9.311758,-147.960800,547.940631
3.802995,-138.046972,543.943520
16.809671,-127.817089,541.760267
29.231787,-116.106778,541.229576
40.351135,-101.355807,541.727504
48.919804,-81.622092,542.434105
53.028305,-56.317081,542.649832
51.203881,-29.686002,542.055123
44.031769,-2.330468,540.812021
33.699059,14.111983,539.589828
21.662569,26.780305,539.230681
8.806534,37.430304,540.504573
-4.325772,47.347349,543.793130
-17.305739,57.600968,548.901277
-29.656656,69.356933,555.053340
-40.662095,84.169791,561.078540
-49.083344,103.942061,565.724333
-53.048564,129.162853,567.997261
-51.153989,155.572068,567.430351
-44.126994,177.467267,564.204579
-33.889923,-166.128007,559.093882
-21.934632,-153.467823,553.248379
-9.130755,-142.820533,547.873943
3.985357,-132.909494,543.900491
16.987480,-122.667611,541.742590
29.397268,-110.926968,541.231266
40.491347,-96.120287,541.737789
49.012294,-76.305803,542.441733
53.044864,-50.940276,542.647294
51.137552,-24.339307,542.041427
43.905946,2.933000,540.793143
33.540906,19.309123,539.576896
21.488107,31.938605,539.235738
8.624990,42.570482,540.536191
-4.508068,52.485012,543.852789
-17.482862,62.750928,548.981953
-29.820839,74.537525,555.140860
-40.800449,89.406170,561.155258
-49.173674,109.258286,565.773931
-53.063501,134.537254,568.009176
-51.087392,160.915496,567.402580
-44.002485,-177.270189,564.144143
-33.733043,-160.931100,559.014838
-21.761115,-148.309566,553.167897
-8.949692,-137.680405,547.807534
4.167697,-127.771954,543.857822
17.165178,-117.517852,541.725238
29.562503,-105.746575,541.233156
40.631076,-90.883788,541.748111
49.103915,-70.988347,542.449258
53.060233,-45.563192,542.644591
51.070200,-18.993611,542.027602
43.779518,8.195359,540.774265
33.382437,24.505547,539.564134
21.313494,37.096528,539.241119
8.443396,47.710525,540.568208
-4.690334,57.622741,543.912808
-17.659866,67.901175,549.062835
-29.984768,79.718703,555.228352
-40.938313,94.643525,561.231702
-49.263135,114.575654,565.823061
-53.077261,139.911903,568.020532
-51.019791,166.257936,567.374287
-43.877373,-172.008738,564.083341
-33.575846,-155.734903,558.935655
-21.587442,-143.151685,553.087513
-8.768572,-132.540413,547.741406
4.350014,-122.634348,543.815514
17.342764,-112.367806,541.708210
29.727490,-100.565595,541.235243
40.770319,-85.646303,541.758466
49.194661,-65.669727,542.456680
53.074408,-40.185850,542.641724
51.001830,-13.648922,542.013651
43.652490,13.456615,540.755389
33.223657,29.701259,539.551545
21.138731,42.254078,539.246824
8.261752,52.850437,540.600624
-4.872569,62.760539,543.973184
-17.836749,73.051712,549.143920
-30.148442,84.900472,555.315815
-41.075684,99.881862,561.307869
-49.351721,119.894160,565.871721
-53.089844,145.286780,568.031329
-50.951191,171.599377,567.345475
-43.751663,-166.748377,564.022174
-33.418333,-150.539413,558.856336
-21.413613,-137.994176,553.007232
-8.587396,-127.400553,547.675561
4.532309,-117.496676,543.773566
17.520236,-107.217471,541.691505
29.892227,-95.384023,541.237525
40.909069,-80.407827,541.768853
49.284525,-60.349946,542.463995
53.087389,-34.808271,542.638691
50.932449,-8.305250,541.999575
43.524867,18.716771,540.736517
33.064568,34.896266,539.539131
20.963820,47.411259,539.252856
8.080061,57.990219,540.633439
-5.054772,67.898409,544.033918
-18.013510,78.202543,549.225203
-30.311857,90.082836,555.403244
-41.212555,105.121186,561.383756
-49.439427,125.213802,565.919907
-53.101248,150.661864,568.041566
-50.881597,176.939810,567.316144
-43.625361,-161.489101,563.960645
-33.260509,-145.344623,558.776885
-21.239630,-132.837036,552.927054
-8.406165,-122.260824,547.610000
4.714578,-112.358932,543.731979
17.697594,-102.066843,541.675122
30.056712,-90.201854,541.240000
41.047323,-75.168356,541.779268
49.373504,-55.029008,542.471204
53.099174,-29.430474,542.635492
50.862061,-2.962606,541.985375
43.396653,23.975832,540.717652
32.905173,40.090573,539.526895
20.788763,52.568075,539.259217
7.898322,63.129875,540.666653
-5.236942,73.036353,544.095006
-18.190148,83.353671,549.306684
-30.475011,95.265801,555.490636
-41.348924,110.361501,561.459360
-49.526247,130.534576,565.967619
-53.111473,156.037135,568.051243
-50.811015,-177.720774,567.286296
-43.498470,-156.230906,563.898758
-33.102375,-140.150528,558.697304
-21.065496,-127.680260,552.846985
-8.224879,-117.121221,547.544726
4.896822,-107.221115,543.690753
17.874835,-96.915919,541.659059
30.220941,-85.019082,541.242666
41.185076,-69.927883,541.789711
49.461589,-49.706916,542.478304
53.109763,-24.052481,542.632128
50.790672,2.379003,541.971052
43.267854,29.233802,540.698795
32.745475,45.284186,539.514838
20.613562,57.724529,539.265907
7.716538,68.269407,540.700267
-5.419078,78.174375,544.156448
-18.366660,88.505099,549.388358
-30.637902,100.449372,555.577987
-41.484785,115.602815,561.534678
-49.612174,135.856477,566.014854
-53.120517,161.412573,568.060359
-50.739450,-172.382383,567.255932
-43.370996,-150.973787,563.836514
-32.943934,-134.957123,558.617598
-20.891211,-122.523846,552.767026
-8.043541,-111.981743,547.479739
5.079040,-102.083222,543.649889
18.051958,-91.764695,541.643315
30.384913,-79.835704,541.245521
41.322324,-64.686403,541.800179
49.548775,-44.383673,542.485295
53.119154,-18.674312,542.628598
50.718287,7.719567,541.956607
43.138475,34.490686,540.679949
32.585477,50.477109,539.502963
20.438217,62.880626,539.272929
7.534710,73.408819,540.734281
-5.601178,83.312477,544.218242
-18.543046,93.656832,549.470224
-30.800526,105.633553,555.665295
-41.620135,120.845131,561.609706
-49.697204,141.179501,566.061611
-53.128380,166.788157,568.068916
-50.666907,-167.045026,567.225054
-43.242945,-145.717740,563.773918
-32.785190,-129.764402,558.537770
-20.716778,-117.367788,552.687181
-7.862152,-106.842385,547.415043
5.261229,-96.945250,543.609386
18.228962,-86.613167,541.627888
30.548625,-74.651713,541.248562
41.459063,-59.443911,541.810669
49.635057,-39.059286,542.492174
53.127346,-13.295989,542.624903
50.644912,13.059079,541.942042
43.008521,39.746489,540.661116
32.425181,55.669349,539.491273
20.262732,68.036368,539.280284
7.352837,78.548114,540.768695
-5.783242,88.450662,544.280387
-18.719304,98.808873,549.552277
-30.962883,110.818350,555.752554
-41.754968,126.088454,561.684441
-49.781330,146.503643,566.107887
-53.135061,172.163867,568.076911
-50.593392,-161.708710,567.193664
-43.114320,-140.462761,563.710972
-32.626146,-124.572361,558.457822
-20.542198,-112.212083,552.607453
-7.680712,-101.703146,547.350639
5.443389,-91.807196,543.569244
18.405844,-81.461332,541.612779
30.712074,-69.467104,541.251787
41.595287,-54.200401,541.821180
49.720428,-33.733757,542.498941
53.134338,-7.917532,542.621041
50.570553,18.397529,541.927358
42.877996,45.001215,540.642298
32.264591,60.860910,539.479770
20.087107,73.191761,539.287974
7.170923,83.687294,540.803509
-5.965268,93.588933,544.342881
-18.895432,103.961225,549.634516
-31.124968,116.003768,555.839763
-41.889281,131.332791,561.758880
-49.864547,151.828899,566.153680
-53.140558,177.539682,568.084345
-50.518910,-156.373443,567.161762
-42.985127,-135.208845,563.647678
-32.466803,-119.380994,558.377759
-20.367472,-107.056728,552.527844
-7.499222,-96.564023,547.286528
5.625519,-86.669057,543.529465
18.582604,-76.309187,541.597984
30.875257,-64.281873,541.255195
41.730992,-48.955868,541.831709
49.804883,-28.407092,542.505593
53.140131,-2.538962,542.617014
50.495215,23.734911,541.912557
42.746906,50.254869,540.623498
32.103709,66.051798,539.468457
19.911345,78.346808,539.296000
6.988968,88.826362,540.838724
-6.147256,98.727292,544.405723
-19.071429,109.113893,549.716937
-31.286780,121.189812,555.926917
-42.023068,136.578146,561.833021
-49.946849,157.155264,566.198989
-53.144873,-177.084417,568.091218
-50.443467,-151.039234,567.129351
-42.855371,-129.955988,563.584040
-32.307165,-114.190295,558.297585
-20.192603,-101.901718,552.448358
-7.317685,-91.425012,547.222713
5.807618,-81.530831,543.490047
18.759240,-71.156727,541.583503
31.038173,-59.096014,541.258782
41.866174,-43.710307,541.842254
49.888415,-23.079296,542.512130
53.144722,2.839699,542.612821
50.418904,29.071215,541.897639
42.615256,55.507455,540.604718
31.942538,71.242019,539.457335
19.735446,83.501513,539.304364
6.806973,93.965322,540.874339
-6.329204,103.865743,544.468910
-19.247294,114.266879,549.799538
-31.448316,126.376486,556.014013
-42.156325,141.824524,561.906859
-50.028231,162.482732,566.243811
-53.148003,-171.708453,568.097529
-50.367068,-145.706089,567.096432
-42.725056,-124.704184,563.520061
-32.147235,-109.000259,558.217301
-20.017591,-96.747050,552.368998
-7.136100,-86.286111,547.159194
5.989685,-76.392515,543.450991
18.935751,-66.003949,541.569334
31.200818,-53.909522,541.262547
42.000828,-38.463713,541.852813
49.971019,-17.750374,542.518551
53.148112,8.218431,542.608462
50.341626,34.406436,541.882606
42.483051,60.758980,540.585960
31.781081,76.431577,539.446407
19.559413,88.655878,539.313068
6.624938,99.104175,540.910354
-6.511110,109.004288,544.532442
-19.423024,119.420187,549.882315
-31.609573,131.563797,556.101048
-42.289048,147.071930,561.980391
-50.108685,167.811297,566.288145
-53.149950,-166.332445,568.103279
-50.289720,-140.374014,567.063007
-42.594187,-119.453429,563.455743
-31.987015,-103.810882,558.136912
-19.842439,-91.592721,552.289766
-6.954470,-81.147316,547.095974
6.171718,-71.254105,543.412297
19.112134,-60.850849,541.555477
31.363190,-48.722393,541.266488
42.134950,-33.216079,541.863383
50.052689,-12.420331,542.524853
53.150301,13.597213,542.603937
50.263386,39.740566,541.867460
42.350294,66.009448,540.567226
31.619340,81.620478,539.435675
19.383246,93.809909,539.322112
6.442867,104.242925,540.946770
-6.692975,114.142930,544.596316
-19.598619,124.573821,549.965265
-31.770548,136.751749,556.188018
-42.421232,152.320369,562.053616
-50.188208,173.140955,566.331989
-53.150712,-160.956414,568.108468
-50.211427,-135.043018,567.029077
-42.462768,-114.203718,563.391089
-31.826508,-98.622158,558.056421
-19.667147,-86.438726,552.210665
-6.772794,-76.008626,547.033055
6.353716,-66.115600,543.373966
19.288389,-55.697425,541.541929
31.525287,-43.534620,541.270601
42.268533,-27.967402,541.873963
50.133419,-7.089173,542.531036
53.151288,18.976023,542.599246
50.184190,45.073598,541.852201
42.216992,71.258863,540.548518
31.457319,86.808727,539.425143
19.206948,98.963609,539.331500
6.260759,109.381575,540.983586
-6.874796,119.281672,544.660532
-19.774076,129.727785,550.048386
-31.931240,141.940347,556.274918
-42.552872,157.569846,562.126529
-50.266793,178.471697,566.375340
-53.150290,-155.580380,568.113094
-50.132195,-129.713106,566.994645
-42.330806,-108.955047,563.326103
-31.665716,-93.434081,557.975832
-19.491719,-81.285062,552.131699
-6.591076,-70.870036,546.970438
6.535679,-60.976995,543.335996
19.464514,-50.543671,541.528689
31.687104,-38.346198,541.274886
42.401575,-22.717676,541.884551
50.213203,-1.756907,542.537099
53.151073,24.354840,542.594390
50.104044,50.405526,541.836832
42.083149,76.507231,540.529840
31.295020,91.996329,539.414811
19.030520,104.116981,539.341231
6.078615,114.520128,541.020803
-7.056573,124.420517,544.725087
-19.949395,134.882082,550.131674
-32.091645,147.129596,556.361747
-42.683964,162.820365,562.199128
-50.344435,-176.196480,566.418198
-53.148683,-150.204364,568.117159
-50.052030,-124.384284,566.959711
-42.198303,-103.707410,563.260787
-31.504643,-88.246647,557.895148
-19.316154,-76.131724,552.052871
-6.409314,-65.731545,546.908124
6.717605,-55.838290,543.298389
19.640506,-45.389585,541.515755
31.848641,-33.157123,541.279339
42.534069,-17.466896,541.895143
50.292035,3.576462,542.543039
53.149656,29.733644,542.589368
50.022954,55.736344,541.821353
41.948769,81.754557,540.511193
31.132446,97.183290,539.404683
18.853964,109.270029,539.351308
5.896437,119.658586,541.058420
-7.238305,129.559468,544.789980
-20.124573,140.036716,550.215127
-32.251760,152.319503,556.448501
-42.814502,168.071933,562.271408
-50.421128,-170.863585,566.460561
-53.145893,-144.828388,568.120662
-49.970938,-119.056559,566.924277
-42.065265,-98.460802,563.195144
-31.343291,-83.059851,557.814372
-19.140455,-70.978711,551.974183
-6.227512,-60.593150,546.846116
6.899492,-50.699479,543.261143
19.816366,-40.235162,541.503127
32.009893,-27.967389,541.283959
42.666012,-12.215057,541.905739
50.369910,8.910926,542.548857
53.147037,35.112413,542.584180
49.940925,61.066045,541.805767
41.813858,87.000846,540.492579
30.969599,102.369615,539.394760
18.677281,114.422758,539.361732
5.714227,124.796952,541.096438
-7.419989,134.698527,544.855209
-20.299610,145.191691,550.298742
-32.411583,157.510071,556.535175
-42.944483,173.324553,562.343369
-50.496866,-165.529625,566.502426
-53.141918,-139.452470,568.123603
-49.888924,-113.729936,566.888345
-41.931697,-93.215219,563.129177
-31.181662,-77.873687,557.733508
-18.964623,-65.826017,551.895637
-6.045669,-55.454847,546.784414
7.081341,-45.560561,543.224260
19.992090,-35.080399,541.490802
32.170859,-22.776990,541.288743
42.797398,-6.962155,541.916335
50.446822,14.246479,542.554550
53.143217,40.491125,542.578827
49.857964,66.394624,541.790074
41.678420,92.246103,540.474001
30.806482,107.555308,539.385046
18.500473,119.575169,539.372504
5.531984,129.935229,541.134857
-7.601626,139.837698,544.920772
-20.474502,150.347010,550.382514
-32.571112,162.701306,556.621766
-43.073901,178.578230,562.415005
-50.571644,-160.194606,566.543792
-53.136760,-134.076633,568.125982
-49.805994,-108.404420,566.851918
-41.797602,-87.970656,563.062890
-31.019760,-72.688150,557.652559
-18.788660,-60.673639,551.817238
-5.863787,-50.316634,546.723021
7.263149,-40.421533,543.187739
20.167678,-29.925292,541.478780
32.331536,-17.585922,541.293689
42.928222,-1.708183,541.926930
50.522765,19.583114,542.560117
53.138195,45.869761,542.573309
49.774076,71.722075,541.774276
41.542459,97.490334,540.455462
30.643097,112.740376,539.375542
18.323541,124.727268,539.383627
5.349711,135.073421,541.173676
-7.783214,144.976983,544.986668
-20.649250,155.502677,550.466443
-32.730343,167.893214,556.708272
-43.202751,-176.167031,562.486315
-50.645457,-154.858535,566.584657
-53.130419,-128.700896,568.127799
-49.722153,-103.080016,566.814996
-41.662987,-82.727107,562.996284
-30.857586,-67.503236,557.571528
-18.612567,-55.521574,551.738987
-5.681867,-45.178508,546.661938
7.444915,-35.282392,543.151579
20.343127,-24.769838,541.467059
32.491920,-12.394179,541.298795
43.058480,3.546862,541.937522
50.597734,24.920823,542.565558
53.131973,51.248298,542.567625
49.689267,77.048393,541.758375
41.405981,102.733544,540.436963
30.479448,117.924823,539.366251
18.146487,129.879058,539.395101
5.167408,140.211529,541.212895
-7.964752,150.116385,545.052894
-20.823851,160.658696,550.550523
-32.889273,173.085800,556.794688
-43.331029,-170.911226,562.557295
-50.718299,-149.521422,566.625020
-53.122896,-123.325281,568.129054
-49.637408,-97.756731,566.777581
-41.527854,-77.484567,562.929364
-30.695144,-62.318938,557.490419
-18.436345,-50.369818,551.660889
-5.499910,-40.040466,546.601167
7.626639,-30.143135,543.115782
20.518437,-19.614032,541.455636
32.652009,-7.201756,541.304058
43.188167,8.802986,541.948108
50.671722,30.259600,542.570871
53.124551,56.626716,542.561777
49.603543,82.373574,541.742371
41.268989,107.975738,540.418506
30.315537,123.108655,539.357174
17.969313,135.030542,539.406927
4.985076,145.349556,541.252514
-8.146239,155.255907,545.119449
-20.998303,165.815071,550.634754
-33.047900,178.279068,556.881010
-43.458730,-165.654350,562.627943
-50.790164,-144.183273,566.664879
-53.114191,-117.949806,568.129748
-49.551764,-92.434567,566.739676
-41.392208,-72.243031,562.862132
-30.532435,-57.135253,557.409236
-18.259997,-45.218368,551.582944
-5.317917,-34.902505,546.540708
7.808319,-25.003759,543.080346
20.693605,-14.457871,541.444512
32.811800,-2.008647,541.309476
43.317277,14.060192,541.958686
50.744724,35.599434,542.576054
53.115929,62.004994,542.555763
49.516910,87.697613,541.726268
41.131489,113.216921,540.400095
30.151366,128.291876,539.348315
17.792019,140.181723,539.419107
4.802717,150.487506,541.292533
-8.327673,160.395552,545.186332
-21.172605,170.971806,550.719130
-33.206222,-176.526975,556.967236
-43.585849,-160.396398,562.698255
-50.861046,-138.844096,566.704232
-53.104306,-112.574494,568.129880
-49.465227,-87.113530,566.701282
-41.256055,-67.002494,562.794592
-30.369462,-51.952175,557.327982
-18.083524,-40.067219,551.505157
-5.135890,-29.764623,546.480564
7.989954,-19.864261,543.045271
20.868630,-9.301351,541.433683
32.971290,3.185153,541.315048
43.445807,19.318487,541.969255
50.816735,40.940319,542.581107
53.106109,67.383111,542.549585
49.429374,93.020504,541.710065
40.993484,118.457100,540.381731
29.986937,133.474491,539.339676
17.614608,145.332607,539.431644
4.620332,155.625381,541.332952
-8.509054,165.535323,545.253540
-21.346756,176.128904,550.803649
-33.364234,-171.332324,557.053362
-43.712380,-155.137367,562.768228
-50.930942,-133.503901,566.743077
-53.093240,-107.199364,568.129451
-49.377802,-81.793623,566.662400
-41.119398,-61.762950,562.726745
-30.206229,-46.769698,557.246659
-17.906927,-34.916369,551.427530
-4.953829,-24.626817,546.420736
8.171543,-14.724639,543.010558
21.043510,-4.144468,541.423149
33.130477,8.379650,541.320769
43.573749,24.577873,541.979812
50.887748,46.282246,542.586029
53.095092,72.761045,542.543243
49.340941,98.342245,541.693765
40.854980,123.696278,540.363417
29.822255,138.656507,539.331259
17.437080,150.483195,539.444536
4.437921,160.763184,541.373771
-8.690379,170.675223,545.321071
-21.520753,-178.713631,550.888309
-33.521934,-166.136975,557.139384
-43.838320,-149.877252,562.837860
-50.999845,-128.162696,566.781413
-53.080996,-101.824437,568.128461
-49.289496,-76.474851,566.623034
-40.982242,-56.524395,562.658597
-30.042736,-41.587819,557.165272
-17.730207,-29.765813,551.350066
-4.771736,-19.489084,546.361225
8.353084,-9.584889,542.976205
21.218244,1.012782,541.412908
33.289357,13.574848,541.326640
43.701100,29.838356,541.990355
50.957760,51.625207,542.590818
53.082878,78.138777,542.536737
49.251616,103.662831,541.677369
40.715981,128.934463,540.345156
29.657320,143.837926,539.323065
17.259438,155.633492,539.457787
4.255486,165.900918,541.414988
-8.871649,175.815254,545.388923
-21.694595,-173.555795,550.973105
-33.679320,-160.940921,557.225300
-43.963663,-144.616049,562.907147
-51.067750,-122.820491,566.819239
-53.067574,-96.449732,568.126909
-49.200314,-71.157217,566.583184
-40.844591,-51.286822,562.590148
-29.878987,-36.406532,557.083824
-17.553367,-24.615549,551.272768
-4.589611,-14.351420,546.302033
8.534577,-4.445008,542.942214
21.392830,6.170402,541.402958
33.447927,18.770754,541.332656
43.827855,35.099941,542.000882
51.026763,56.969191,542.595473
53.069469,83.516286,542.530067
49.161406,108.982259,541.660879
40.576491,134.171659,540.326948
29.492135,149.018755,539.315098
17.081683,160.783500,539.471398
4.073029,171.038585,541.456606
-9.052862,-179.044580,545.457096
-21.868281,-168.397583,551.058036
-33.836389,-155.744158,557.311104
-44.088403,-139.353753,562.976086
-51.134652,-117.477294,566.856552
-53.052976,-91.075270,568.124797
-49.110263,-65.840725,566.542853
-40.706449,-46.050228,562.521403
-29.714985,-31.225833,557.002318
-17.376407,-19.465573,551.195638
-4.407457,-9.213825,546.243161
8.716021,0.695006,542.908583
21.567265,11.328397,541.393298
33.606185,23.967372,541.338816
43.954008,40.362631,542.011392
51.094752,62.314189,542.599994
53.054866,88.893550,542.523233
49.070317,114.300524,541.644296
40.436515,139.407871,540.308798
29.326703,154.198999,539.307360
16.903816,165.933225,539.485369
3.890550,176.176189,541.498621
-9.234016,-173.904277,545.525586
-22.041808,-163.238993,551.143097
-33.993136,-150.546679,557.396794
-44.212537,-134.090361,563.044675
-51.200545,-112.133115,566.893352
-53.037203,-85.701071,568.122124
-49.019347,-60.525378,566.502042
-40.567821,-40.814606,562.452365
-29.550731,-26.045715,556.920758
-17.199329,-14.315882,551.118679
-4.225273,-4.076293,546.184611
8.897413,5.835156,542.875313
21.741550,16.486771,541.383926
33.764128,29.164709,541.345118
44.079554,45.626430,542.021881
51.161723,67.660193,542.604378
53.039070,94.270550,542.516236
48.978354,119.617624,541.627622
40.296056,144.643106,540.290707
29.161026,159.378663,539.299853
16.725839,171.082668,539.499702
3.708049,-178.686268,541.541036
-9.415111,-168.763833,545.594392
-22.215175,-158.080020,551.228285
-34.149560,-145.348480,557.482367
-44.336058,-128.825869,563.112911
-51.265424,-106.787964,566.929636
-53.020257,-80.327154,568.118890
-48.927572,-55.211179,566.460754
-40.428711,-35.579950,562.383036
-29.386227,-20.866175,556.839147
-17.022134,-9.166471,551.041894
-4.043061,1.061176,546.126384
9.078754,10.975446,542.842403
21.915681,21.645527,541.374840
33.921752,34.362769,541.351559
44.204488,50.891344,542.032347
51.227670,73.007192,542.608626
53.022083,99.647265,542.509076
48.885524,124.933557,541.610859
40.155120,149.877369,540.272678
28.995107,164.557750,539.292579
16.547753,176.231834,539.514399
3.525530,-173.548783,541.583849
-9.596146,-163.623246,545.663511
-22.388380,-152.920660,551.313598
-34.305658,-140.149555,557.567818
-44.458962,-123.560272,563.180791
-51.329284,-101.441851,566.965404
-53.002139,-74.953540,568.115097
-48.834946,-49.898130,566.418990
-40.289123,-30.346256,562.313421
-29.221477,-15.687208,556.757489
-16.844825,-4.017338,550.965285
-3.860823,6.198586,546.068481
9.260041,16.115877,542.809852
22.089657,26.804669,541.366039
34.079054,39.561559,541.358137
44.328805,56.157376,542.042790
51.292587,78.355175,542.612736
53.003908,105.023675,542.501754
48.791833,130.248318,541.594008
40.013710,155.110666,540.254712
28.828948,169.736268,539.285540
16.369560,-178.619274,539.529460
3.342992,-168.411353,541.627059
-9.777118,-158.482512,545.732942
-22.561422,-147.760910,551.399032
-34.461426,-134.949898,557.653145
-44.581244,-118.293567,563.248311
-51.392121,-96.094787,567.000654
-52.982852,-69.580249,568.110744
-48.741472,-44.586235,566.376753
-40.149062,-25.113518,562.243521
-29.056483,-10.508808,556.675786
-16.667402,1.131522,550.888856
-3.678558,11.335941,546.010903
9.441274,21.256454,542.777661
22.263476,31.964202,541.357521
34.236032,44.761084,541.364849
44.452500,61.424530,542.053207
51.356469,83.704133,542.616707
52.984544,110.399759,542.494270
48.697286,135.561906,541.577072
39.871831,160.343001,540.236813
28.662551,174.914219,539.278739
16.191261,-173.470653,539.544887
3.160436,-163.273976,541.670667
-9.958028,-153.341629,545.802683
-22.734298,-142.600765,551.484585
-34.616862,-129.749505,557.738343
-44.702898,-113.025750,563.315470
-51.453928,-90.746783,567.035383
-52.962396,-64.207299,568.105831
-48.647158,-39.275495,566.334045
-40.008531,-19.881731,562.173340
-28.891247,-5.330971,556.594043
-16.489866,6.280110,550.812609
-3.496269,16.473241,545.953652
9.622452,26.397180,542.745829
22.437137,37.124129,541.349285
34.392682,49.961349,541.371694
44.575567,66.692810,542.063595
51.419311,89.054054,542.620538
52.963995,115.775498,542.486624
48.601890,140.874319,541.560050
39.729487,165.574382,540.218983
28.495919,-179.908390,539.272178
16.012857,-168.322299,539.560680
2.977864,-158.136648,541.714673
-10.138873,-148.200594,545.872732
-22.907008,-137.440221,551.570252
-34.771961,-124.548369,557.823410
-44.823919,-107.756818,563.382264
-51.514702,-85.397849,567.069592
-52.940773,-58.834711,568.100359
-48.552009,-33.965913,566.290866
-39.867535,-14.650889,562.102882
-28.725771,-0.153693,556.512262
-16.312220,11.428431,550.736546
-3.313956,21.610491,545.896730
9.803572,31.538056,542.714356
22.610637,42.284455,541.341328
34.549001,55.162359,541.378669
44.698001,71.962219,542.073953
51.481107,94.404927,542.624228
52.942262,121.150871,542.478817
48.505650,146.185554,541.542946
39.586683,170.804812,540.201223
28.329054,-174.731556,539.265859
15.834351,-163.174209,539.576842
2.795277,-152.999368,541.759075
-10.319653,-143.059404,545.943087
-23.079548,-132.279275,551.656031
-34.926722,-119.346485,557.908342
-44.944302,-102.486767,563.448690
-51.574437,-80.047997,567.103278
-52.917987,-53.462503,568.094329
-48.456030,-28.657490,566.247221
-39.726078,-9.420986,562.032149
-28.560057,5.023033,556.430446
-16.134464,16.576489,550.660671
-3.131621,26.747693,545.840136
9.984635,36.679086,542.683241
22.783975,47.445183,541.333650
34.704987,60.364122,541.385771
44.819796,77.232763,542.084278
51.541854,99.756741,542.627776
52.919348,126.525859,542.470848
48.408572,151.495610,541.525761
39.443421,176.034299,540.183538
28.161958,-169.555273,539.259784
15.655742,-158.026380,539.593373
2.612676,-147.862132,541.803873
-10.500367,-137.918055,546.013745
-23.251918,-127.117921,551.741918
-35.081142,-114.143848,557.993135
-45.064042,-97.215593,563.514746
-51.633127,-74.697238,567.136441
-52.894039,-48.090694,568.087740
-48.359228,-23.350228,566.203110
-39.584164,-4.192018,561.961145
-28.394109,10.199209,556.348601
-15.956600,21.724286,550.584985
-2.949265,31.884850,545.783874
10.165638,41.820274,542.652484
22.957150,52.606317,541.326247
34.860635,65.566641,541.392999
44.940948,82.504443,542.094570
51.601545,105.109485,542.631181
52.895254,131.900442,542.462720
48.310663,156.804484,541.508497
39.299707,-178.737152,540.165928
27.994634,-164.379536,539.253956
15.477034,-152.878807,539.610275
2.430062,-142.724937,541.849067
-10.681012,-132.776545,546.084705
-23.424116,-121.956157,551.827910
-35.235216,-108.940452,558.077786
-45.183133,-91.943293,563.580429
-51.690770,-69.345585,567.169078
-52.868931,-42.719305,568.080594
-48.261609,-18.044129,566.158536
-39.441796,1.036022,561.889872
-28.227927,15.374842,556.266727
-15.778629,26.871825,550.509492
-2.766888,37.021964,545.727942
10.346581,46.961621,542.622084
23.130159,57.767863,541.319119
35.015943,70.769924,541.400350
45.061450,87.777264,542.104825
51.660175,110.463145,542.634443
52.869983,137.274601,542.454431
48.211929,162.112176,541.491155
39.155545,-173.509536,540.148397
27.827084,-159.204341,539.248377
15.298226,-147.731488,539.627548
2.247436,-137.587780,541.894657
-10.861589,-127.634871,546.155964
-23.596139,-116.793978,551.914005
-35.388942,-103.736292,558.162291
-45.301571,-86.669865,563.645736
-51.747358,-63.993049,567.201188
-52.842666,-37.348353,568.072890
-48.163178,-12.739194,566.113501
-39.298980,6.263139,561.818334
-28.061515,20.549936,556.184830
-15.600553,32.019111,550.434194
-2.584492,42.159039,545.672344
10.527463,52.103132,542.592041
23.303000,62.929823,541.312264
35.170907,75.973974,541.407822
45.181299,93.051230,542.115042
51.717741,115.817711,542.637560
52.843538,142.648316,542.445983
48.112374,167.418685,541.473738
39.010938,-168.282847,540.130946
27.659310,-154.029682,539.243048
15.119321,-142.584420,539.645193
2.064799,-132.450660,541.940641
-11.042095,-122.493030,546.227520
-23.767987,-111.631381,552.000198
-35.542316,-98.531362,558.246647
-45.419350,-81.395304,563.710664
-51.802889,-58.639642,567.232771
-52.815246,-31.977857,568.064630
-48.063940,-7.435424,566.068007
-39.155718,11.489339,561.746534
-27.894875,25.724496,556.102913
-15.422373,37.166146,550.359094
-2.402078,47.296077,545.617080
10.708281,57.244809,542.562355
23.475672,68.092201,541.305680
35.325525,81.178799,541.415413
45.300487,98.326343,542.125219
51.774236,121.173170,542.640531
52.815920,148.021568,542.437376
48.012007,172.724008,541.456246
38.865891,-163.057079,540.113578
27.491315,-148.855556,539.237972
14.940320,-137.437598,539.663212
1.882153,-127.313572,541.987020
-11.222530,-117.351018,546.299372
-23.939657,-106.468360,552.086486
-35.695336,-93.325656,558.330851
-45.536464,-76.119608,563.775211
-51.857357,-53.285378,567.263825
-52.786673,-26.607836,568.055813
-47.963903,-2.132819,566.022056
-39.012016,16.714627,561.674476
-27.728008,30.898525,556.020977
-15.244091,42.312934,550.284194
-2.219647,52.433081,545.562151
10.889036,62.386655,542.533024
23.648174,73.255003,541.299365
35.479792,86.384404,541.423119
45.419009,103.602606,542.135354
51.829656,126.529508,542.643356
52.787133,153.394339,542.428611
47.910831,178.028147,541.438682
38.720408,-157.832226,540.096296
27.323100,-143.681958,539.233151
14.761224,-132.291020,539.681607
1.699498,-122.176515,542.033792
-11.402892,-112.208833,546.371516
-24.111147,-101.304911,552.172867
-35.847998,-88.119169,558.414899
-45.652908,-70.842774,563.839373
-51.910757,-47.930269,567.294348
-52.756951,-21.238308,568.046440
-47.863071,3.168618,565.975651
-38.867876,21.939008,561.602162
-27.560917,36.072030,555.939028
-15.065707,47.459479,550.209497
-2.037200,57.570053,545.507558
11.069725,67.528673,542.504049
23.820502,78.418232,541.293317
35.633706,91.590793,541.430940
45.536861,108.880023,542.145445
51.883996,131.886712,542.646034
52.757179,158.766609,542.419688
47.808853,-176.668901,541.421048
38.574492,-152.608283,540.079102
27.154668,-138.508882,539.228588
14.582035,-127.144683,539.700376
1.516836,-117.039486,542.080958
-11.583180,-107.066472,546.443951
-24.282455,-96.141032,552.259337
-36.000298,-82.911896,558.498787
-45.768677,-65.564799,563.903149
-51.963086,-42.574329,567.324340
-52.726083,-15.869291,568.036513
-47.761450,8.468889,565.928793
-38.723303,27.162489,561.529596
-27.393604,41.245014,555.857069
-14.887223,52.605782,550.135005
-1.854738,62.706997,545.453303
11.250348,72.670867,542.475429
23.992655,83.581893,541.287535
35.787264,96.797974,541.438872
45.654036,114.158598,542.155489
51.937252,137.244770,542.648563
52.726061,164.138359,542.410608
47.706080,-171.367135,541.403344
38.428148,-147.385244,540.061999
26.986022,-133.336325,539.224284
14.402754,-121.998582,539.719523
1.334167,-111.902481,542.128516
-11.763393,-101.923932,546.516675
-24.453580,-90.976716,552.345893
-36.152234,-77.703830,558.582512
-45.883765,-60.285680,563.966535
-52.014338,-37.217570,567.353798
-52.694070,-10.500803,568.026030
-47.659047,13.767993,565.881485
-38.578300,32.385075,561.456781
-27.226072,46.417482,555.775102
-14.708641,57.751848,550.060721
-1.672262,67.843915,545.399386
11.430903,77.813238,542.447163
24.164631,88.745989,541.282017
35.940461,102.005951,541.446913
45.770530,119.438331,542.165486
51.989418,142.603668,542.650944
52.693783,169.509573,542.401371
47.602517,-166.066555,541.385574
38.281379,-142.163104,540.044988
26.817162,-128.164281,539.220242
14.223382,-116.852716,539.739047
1.151493,-106.765499,542.176466
-11.943530,-96.781209,546.589685
-24.624520,-85.811961,552.432530
-36.303803,-72.494967,558.666071
-45.998167,-55.005416,564.029528
-52.064509,-31.860007,567.382723
-52.660916,-5.132863,568.014994
-47.555866,19.065929,565.833729
-38.432872,37.606772,561.383720
-27.058322,51.589438,555.693131
-14.529962,62.897680,549.986647
-1.489774,72.980809,545.345808
11.611389,82.955791,542.419251
24.336429,93.910525,541.276760
36.093295,107.214731,541.455061
45.886335,124.719228,542.175433
52.040491,147.963391,542.653174
52.660346,174.880230,542.391978
47.498170,-160.767163,541.367739
38.134190,-136.941855,540.028072
26.648092,-122.992745,539.216463
14.043921,-111.707080,539.758951
0.968814,-101.628535,542.224807
-12.123589,-91.638300,546.662979
-24.795273,-80.646762,552.519247
-36.455000,-67.285300,558.749460
-46.111877,-49.724003,564.092127
-52.113595,-26.501654,567.411113
-52.626625,0.234513,568.003404
-47.451914,24.362699,565.785527
-38.287022,42.827585,561.310416
-26.890357,56.760888,555.611159
-14.351187,68.043282,549.912787
-1.307274,78.117683,545.292571
11.791805,88.098529,542.391692
24.508046,99.075504,541.271764
36.245762,112.424319,541.463314
46.001448,130.001289,542.185329
52.090466,153.323926,542.655255
52.625755,-179.749686,542.382429
47.393044,-155.468956,541.349841
37.986584,-131.721493,540.011254
26.478813,-117.821715,539.212951
13.864372,-106.561671,539.779234
0.786133,-96.491589,542.273539
-12.303569,-86.495203,546.736555
-24.965837,-75.481115,552.606040
-36.605822,-62.074825,558.832676
-46.224890,-44.441439,564.154328
-52.161592,-21.142525,567.438966
-52.591198,5.601307,567.991261
-47.347197,29.658301,565.736882
-38.140754,48.047520,561.236873
-26.722178,61.931836,555.529190
-14.172317,73.188655,549.839141
-1.124764,83.254540,545.239675
11.972149,93.241454,542.364486
24.679481,104.240933,541.267026
36.397859,117.634721,541.471669
46.115862,135.284517,542.195171
52.139338,158.685258,542.657184
52.590012,-174.380194,542.372726
47.287146,-150.171936,541.331881
37.838564,-126.502012,539.994536
26.309328,-112.651184,539.209706
13.684737,-101.416487,539.799897
0.603449,-91.354656,542.322661
-12.483469,-81.351914,546.810411
-25.136210,-70.315015,552.692905
-36.756267,-56.863534,558.915715
-46.337201,-39.157723,564.216129
-52.208496,-15.782634,567.466282
-52.554640,10.967503,567.978567
-47.241719,34.952736,565.687795
-37.994072,53.266582,561.163094
-26.553788,67.102286,555.447227
-13.993354,78.333805,549.765714
-0.942244,88.391382,545.187121
12.152420,98.384570,542.337631
24.850731,109.406814,541.262544
36.549582,122.845942,541.480124
46.229571,140.568916,542.204957
52.187104,164.047372,542.658961
52.553121,-169.011312,542.362868
47.180482,-144.876101,541.313862
37.690136,-121.283406,539.977920
26.139639,-107.481148,539.206731
13.505016,-96.271523,539.820943
0.420765,-86.217734,542.372172
-12.663288,-76.208430,546.884543
-25.306390,-65.148458,552.779840
-36.906330,-51.651424,558.998574
-46.448803,-33.872851,564.277527
-52.254302,-10.421997,567.493059
-52.516954,16.333082,567.965321
-47.135488,40.246006,565.638270
-37.846979,58.484777,561.089082
-26.385189,72.272243,555.365273
-13.814299,83.478733,549.692506
-0.759717,93.528211,545.134911
12.332618,103.527879,542.311128
25.021795,114.573151,541.258316
36.700928,128.057988,541.488677
46.342570,145.854486,542.214686
52.233758,169.410254,542.660585
52.515085,-163.643055,542.352857
47.073057,-139.581451,541.295786
37.541302,-116.065670,539.961409
25.969748,-102.311603,539.204028
13.325211,-91.126777,539.842370
0.238081,-81.080821,542.422071
-12.843024,-71.064748,546.958951
-25.476375,-59.981440,552.866840
-37.056008,-46.438487,559.081249
-46.559692,-28.586823,564.338519
-52.299006,-5.060627,567.519297
-52.478143,21.698028,567.951524
-47.028508,45.538110,565.588308
-37.699479,63.702111,561.014840
-26.216383,77.441710,555.283332
-13.635153,88.623443,549.619521
-0.577181,98.665031,545.083045
12.512740,108.671385,542.284975
25.192671,119.739951,541.254342
36.851893,133.270866,541.497325
46.454853,151.141231,542.224356
52.279297,174.773888,542.662056
52.475908,-158.275443,542.342694
46.964878,-134.287985,541.277653
37.392066,-110.848797,539.945006
25.799656,-97.142544,539.201599
13.145323,-85.982246,539.864182
0.055398,-75.943913,542.472358
-13.022676,-65.920866,547.033631
-25.646163,-54.813957,552.953903
-37.205297,-41.224719,559.163737
-46.669861,-23.299636,564.399104
-52.342605,0.301459,567.544994
-52.438211,27.062325,567.937178
-46.920785,50.829050,565.537912
-37.551576,68.918590,560.940373
-26.047372,82.610694,555.201407
-13.455918,93.767938,549.546761
-0.394640,103.801845,545.031525
12.692785,113.815091,542.259171
25.363356,124.907216,541.250617
37.002474,138.484580,541.506066
46.566415,156.429151,542.233965
52.323716,-179.861742,542.663373
52.435593,-152.908490,542.332378
46.855950,-128.995701,541.259467
37.242433,-105.632782,539.928712
25.629367,-91.973967,539.199446
12.965354,-80.837925,539.886377
-0.127283,-70.807008,542.523032
-13.202243,-60.776779,547.108581
-25.815753,-49.646004,553.041024
-37.354195,-36.010114,559.246035
-46.779306,-18.011289,564.459278
-52.385094,5.664246,567.570149
-52.397161,32.425957,567.922283
-46.812325,56.118826,565.487085
-37.403273,74.134218,560.865682
-25.878157,87.779198,555.119500
-13.276595,98.912222,549.474229
-0.212094,108.938654,544.980350
12.872753,118.959001,542.233717
25.533849,130.074951,541.247142
37.152667,143.699137,541.514898
46.677250,161.718250,542.243511
52.367013,-174.496650,542.664535
52.394144,-147.542216,542.321911
46.746278,-123.704600,541.241229
37.092405,-100.417619,539.912531
25.458881,-86.805867,539.197572
12.785305,-75.693813,539.908958
-0.309960,-65.670103,542.574092
-13.381723,-55.632485,547.183799
-25.985141,-44.477576,553.128202
-37.502697,-30.794666,559.328138
-46.888020,-12.721781,564.519039
-52.426470,11.027718,567.594762
-52.354997,37.788907,567.906840
-46.703133,61.407441,565.435828
-37.254574,79.349002,560.790771
-25.708742,92.947226,555.037617
-13.097185,104.056297,549.401926
-0.029543,114.075463,544.929522
13.052642,124.103116,542.208611
25.704148,135.243160,541.243913
37.302468,148.914542,541.523819
46.787351,167.008528,542.252992
52.409181,-169.130854,542.665541
52.351565,-142.176634,542.311294
46.635870,-118.414679,541.222941
36.941986,-95.203302,539.896464
25.288202,-81.638240,539.195977
12.605178,-70.549906,539.931924
-0.492632,-60.533196,542.625537
-13.561116,-50.487980,547.259282
-26.154327,-39.308670,553.215432
-37.650800,-25.578370,559.410045
-46.995997,-7.431110,564.578384
-52.466729,16.391859,567.618831
-52.311723,43.151160,567.890849
-46.593215,66.694895,565.384144
-37.105483,84.562948,560.715644
-25.539128,98.114783,554.955759
-12.917690,109.200167,549.329856
0.153010,119.212273,544.879042
13.232450,129.247441,542.183852
25.874250,140.411849,541.240929
37.451874,154.130801,541.532825
46.896714,172.299986,542.262407
52.450219,-163.764369,542.666392
52.307860,-136.811763,542.300527
46.524729,-113.125936,541.204605
36.791180,-89.989826,539.880514
25.117331,-76.471081,539.194665
12.424972,-65.406200,539.955277
-0.675299,-55.396283,542.677367
-13.740419,-45.343262,547.335028
-26.323308,-34.139281,553.302711
-37.798500,-20.361219,559.491750
-47.103233,-2.139274,564.637311
-52.505868,21.756654,567.642356
-52.267343,48.512700,567.874312
-46.482577,71.981190,565.332035
-36.956003,89.776061,560.640304
-25.369316,103.281873,554.873929
-12.738111,114.343835,549.258019
0.335565,124.349087,544.828910
13.412176,134.391979,542.159440
26.044154,145.581020,541.238188
37.600881,159.347920,541.541916
47.005333,177.592627,542.271754
52.490121,-158.397212,542.667085
52.263032,-131.447617,542.289611
46.412863,-107.838371,541.186223
36.639990,-84.777184,539.864683
24.946269,-71.304387,539.193637
12.244691,-60.262693,539.979018
-0.857959,-50.259362,542.729580
-13.919633,-40.198326,547.411035
-26.492083,-28.969405,553.390035
-37.945794,-15.143209,559.573252
-47.209722,3.153726,564.695817
-52.543882,27.122085,567.665335
-52.221860,53.873511,567.857229
-46.371225,77.266328,565.279504
-36.806137,94.988346,560.564755
-25.199310,108.448501,554.792132
-12.558448,119.487304,549.186420
0.518120,129.485908,544.779127
13.591819,139.536732,542.135374
26.213857,150.750680,541.235688
37.749486,164.565905,541.551088
47.113201,-177.113548,542.281031
52.528885,-153.029399,542.667622
52.217086,-126.084213,542.278547
46.300277,-102.551981,541.167796
36.488421,-79.565372,539.848975
24.775020,-66.138152,539.192896
12.064334,-55.119381,540.003146
-1.040612,-45.122430,542.782175
-14.098754,-35.053171,547.487299
-26.660648,-23.799036,553.477402
-38.092678,-9.924334,559.654546
-47.315457,8.447891,564.753900
-52.580769,32.488137,567.687768
-52.175279,59.233579,567.839601
-46.259163,82.550310,565.226554
-36.655889,100.199809,560.488998
-25.029110,113.614671,554.710371
-12.378704,124.630576,549.115060
0.700675,134.622739,544.729695
13.771378,144.681705,542.111653
26.383358,155.920832,541.233426
37.897684,169.784761,541.560339
47.220312,-171.818540,542.290236
52.566507,-147.660949,542.668001
52.170026,-120.721565,542.267336
46.186976,-97.266764,541.149328
