26.999895,167.011197,541.222214
38.434777,-178.943964,541.590600
47.604538,-160.266880,542.320233
52.694009,-135.846280,542.666501
51.988976,-108.939852,542.225206
45.767700,-85.770774,541.083173
35.932349,-68.334189,539.795698
24.148777,-55.070134,539.196778
11.405834,-44.132776,540.099434
-1.706769,-34.157366,542.982660
-14.751297,-24.056349,547.773032
-27.273663,-12.707943,553.801340
-38.624868,1.346844,559.953371
-47.694620,19.996115,564.965077
-52.705694,44.293619,567.766488
-51.996149,71.005720,567.770722
-45.844535,94.041733,565.028393
-36.104725,111.429639,560.208065
-24.406740,124.682378,554.408405
-11.722440,135.616989,548.851892
1.366520,145.587410,544.546979
14.425599,155.677869,542.022645
27.168427,172.183698,541.221046
38.581038,-173.720983,541.600204
47.708058,-154.966358,542.329100
52.726277,-130.475091,542.666160
51.936793,-103.580917,542.213344
45.651154,-80.490981,541.064556
35.779059,-63.126155,539.780606
23.976680,-49.905979,539.197407
11.225147,-38.990332,540.125385
-1.889370,-29.020347,543.037024
-14.929975,-18.910129,547.850459
-27.441230,-7.535230,553.888849
-38.769796,6.569814,560.033642
-47.796780,25.295704,565.021143
-52.737299,49.662326,567.786350
-51.944519,76.362144,567.750554
-45.729250,99.320373,564.973504
-35.952747,116.637357,560.131374
-24.235668,129.846475,554.326836
-11.542332,140.759392,548.781662
1.549059,150.724323,544.499179
14.604749,160.823902,542.000519
27.336744,177.356716,541.220106
38.726870,-168.497097,541.609873
47.810789,-149.664650,542.337886
52.757385,-125.103364,542.665658
51.883521,-98.222821,542.201340
45.533924,-75.212347,541.045908
35.625409,-57.918917,539.765650
23.804406,-44.742260,539.198332
11.044391,-33.848067,540.151729
-2.071958,-23.883302,543.091765
-15.108554,-13.763670,547.928131
-27.608576,-2.361999,553.976382
-38.914294,11.793682,560.113687
-47.898155,30.596459,565.076773
-52.767758,55.031554,567.805661
-51.891814,81.717744,567.729848
-45.613287,104.597871,564.918210
-35.800406,121.844285,560.054496
-24.064413,135.010138,554.245321
-11.362150,145.901616,548.711685
1.731592,155.861261,544.451733
14.783807,165.970172,541.978732
27.504845,-177.469742,541.219391
38.872271,-163.272302,541.619607
47.912725,-144.361755,542.346589
52.787329,-119.731116,542.664995
51.829165,-92.865578,542.189194
45.416018,-69.934871,541.027232
35.471401,-52.712471,539.750831
23.631956,-39.578973,539.199557
10.863569,-28.705976,540.178464
-2.254530,-18.746228,543.146881
-15.287032,-8.616971,548.006044
-27.775699,2.811754,554.063934
-39.058356,17.018452,560.193502
-47.998738,35.898381,565.131964
-52.797070,60.401287,567.824421
-51.838039,87.072506,567.708603
-45.496651,109.874230,564.862512
-35.647706,127.050429,559.977434
-23.892978,140.173371,554.163863
-11.181895,151.043665,548.641961
1.914117,160.998227,544.404642
14.962772,171.116683,541.957285
27.672726,-172.295673,541.218900
39.017236,-158.046592,541.629402
48.013859,-139.057674,542.355207
52.816106,-114.358367,542.664171
51.773727,-87.509200,542.176908
45.297440,-64.658548,541.008529
35.317040,-47.506810,539.736153
23.459334,-34.416112,539.201083
10.682682,-23.564057,540.205593
-2.437086,-13.609122,543.202372
-15.465408,-3.470026,548.084195
-27.942596,7.986034,554.151502
-39.201979,22.244131,560.273083
-48.098524,41.201469,565.186713
-52.825230,65.771505,567.842628
-51.783198,92.426419,567.686821
-45.379348,115.149451,564.806415
-35.494649,132.255793,559.900190
-23.721364,145.336177,554.082465
-11.001567,156.185542,548.572494
2.096634,166.135224,544.357906
15.141642,176.263438,541.936176
27.840387,-167.121072,541.218630
39.161761,-152.819961,541.639257
48.114186,-133.752407,542.363738
52.843714,-108.985136,542.663185
51.717215,-82.153702,542.164483
45.178196,-59.383376,540.989801
35.162327,-42.301928,539.721618
23.286540,-29.253674,539.202911
10.501730,-18.422307,540.233116
-2.619625,-8.471981,543.258237
-15.643682,1.677167,548.162582
-28.109266,13.160846,554.239083
-39.345159,27.470723,560.352428
-48.197507,46.505722,565.241018
-52.852237,71.142191,567.860282
-51.727297,97.779469,567.664504
-45.261383,120.423538,564.749919
-35.341240,137.460384,559.822769
-23.549574,150.498562,554.001131
-10.821168,161.327248,548.503284
2.279140,171.272254,544.311526
15.320416,-178.589560,541.915403
28.007823,-161.945933,541.218580
39.305842,-147.592403,541.649168
48.213700,-128.445956,542.372182
52.870151,-103.611441,542.662036
51.659632,-76.799096,542.151920
45.058292,-54.109351,540.971051
35.007268,-37.097821,539.707228
23.113577,-24.091655,539.205045
10.320716,-13.280723,540.261032
-2.802146,-3.334803,543.314474
-15.821850,6.824611,548.241202
-28.275707,18.336193,554.326673
-39.487892,32.698235,560.431533
-48.295682,51.811140,565.294877
-52.878088,76.513325,567.877382
-51.670340,103.131643,567.641652
-45.142761,125.696494,564.693029
-35.187481,142.664208,559.745174
-23.377608,155.660530,553.919862
-10.640700,166.468789,548.434335
2.461636,176.409321,544.265502
15.499093,-173.442308,541.894967
28.175035,-156.770253,541.218747
39.449476,-142.363912,541.659135
48.312395,-123.138320,542.380536
52.895412,-98.237301,542.660725
51.600983,-71.445394,542.139220
44.937733,-48.836470,540.952281
34.851865,-31.894482,539.692986
22.940446,-18.930051,539.207484
10.139640,-8.139302,540.289344
-2.984647,1.802416,543.371082
-15.999913,11.972311,548.320054
-28.441916,23.512082,554.414269
-39.630173,37.926672,560.510395
-48.393042,57.117721,565.348288
-52.902781,81.884888,567.893927
-51.612332,108.482930,567.618266
-45.023488,130.968322,564.635746
-35.033375,147.867268,559.667408
-23.205469,160.822084,553.838664
-10.460163,171.610166,548.365648
2.644119,-178.453573,544.219835
15.677671,-168.294801,541.874865
28.342018,-151.594027,541.219129
39.592657,-137.134483,541.669154
48.410265,-117.829502,542.388798
52.919497,-92.862736,542.659251
51.541273,-66.092609,542.126383
44.816523,-43.564730,540.933492
34.696121,-26.691906,539.678893
22.767149,-13.768857,539.210233
9.958504,-2.998041,540.318051
-3.167128,6.939677,543.428061
-16.177868,17.120268,548.399133
-28.607891,28.688515,554.501867
-39.772000,43.156040,560.589011
-48.489581,62.425464,565.401248
-52.926313,87.256863,567.909918
-51.553277,113.833317,567.594349
-44.903569,136.239025,564.578073
-34.878926,153.069573,559.589474
-23.033159,165.983229,553.757538
-10.279559,176.751382,548.297226
2.826590,-173.316426,544.174525
15.856149,-163.147037,541.855098
28.508771,-146.417249,541.219724
39.735382,-131.904110,541.679224
48.507304,-112.519503,542.396968
52.942403,-87.487766,542.657613
51.480508,-60.740753,542.113412
44.694670,-38.294128,540.914687
34.540039,-21.490087,539.664954
22.593688,-8.608069,539.213291
9.777308,2.143064,540.347153
-3.349587,12.076984,543.485408
-16.355714,22.268487,548.478437
-28.773629,33.865499,554.589465
-39.913368,48.386344,560.667376
-48.585295,67.734368,565.453756
-52.948682,92.629229,567.925353
-51.493181,119.182792,567.569900
-44.783009,141.508607,564.520014
-34.724136,158.271125,559.511377
-22.860679,171.143968,553.676488
-10.098888,-178.107559,548.229069
3.009046,-168.179233,544.129573
16.034525,-157.999013,541.835663
28.675291,-141.239915,541.220531
39.877647,-126.672788,541.689342
48.603506,-107.208324,542.405044
52.964127,-82.112409,542.655812
51.418691,-55.389836,542.100307
44.572177,-33.024659,540.895868
34.383623,-16.289020,539.651169
22.420064,-3.447684,539.216661
9.596054,7.284014,540.376652
-3.532023,17.214340,543.543124
-16.533451,27.416971,548.557964
-28.939129,39.043038,554.677057
-40.054272,53.617589,560.745489
-48.680177,73.044430,565.505808
-52.969886,98.001968,567.940233
-51.432048,124.531345,567.544921
-44.661814,146.777072,564.461569
-34.569009,163.471932,559.433118
-22.688031,176.304306,553.595517
-9.918153,-172.966654,548.161182
3.191487,-163.041994,544.084978
16.212798,-152.850724,541.816559
28.841576,-136.062021,541.221546
40.019448,-121.440511,541.699505
48.698865,-101.895968,542.413024
52.984668,-76.736686,542.653847
51.355829,-50.039872,542.087069
44.449051,-27.756319,540.877038
34.226875,-11.088698,539.637541
22.246280,1.712303,539.220345
9.414744,12.424814,540.406548
-3.714435,22.351747,543.601205
-16.711076,32.565723,548.637711
-29.104388,44.221137,554.764641
-40.194709,58.849782,560.823345
-48.774221,78.355648,565.557403
-52.989923,103.375061,567.954555
-51.369883,129.878963,567.519414
-44.539988,152.044422,564.402743
-34.413549,168.671999,559.354703
-22.515217,-178.535754,553.514628
-9.737354,-167.825901,548.093565
3.373912,-157.904704,544.040743
16.390968,-147.702168,541.797787
29.007624,-130.883560,541.222768
40.160780,-116.207272,541.709712
48.793375,-96.582435,542.420906
53.004023,-71.360616,542.651717
51.291927,-44.690870,542.073699
44.325297,-22.489106,540.858197
34.069800,-5.889117,539.624074
22.072338,6.871895,539.224345
9.233378,17.565467,540.436840
-3.896822,27.489208,543.659652
-16.888587,37.714747,548.717675
-29.269404,49.399801,554.852214
-40.334675,64.082927,560.900942
-48.867421,83.668022,565.608539
-53.008792,108.748487,567.968321
-51.306691,135.225636,567.493379
-44.417538,157.310661,564.343538
-34.257757,173.871331,559.276133
-22.342239,-173.376206,553.433824
-9.556492,-162.685296,548.026220
3.556319,-152.767361,543.996866
16.569031,-142.553341,541.779343
29.173433,-125.704529,541.224195
40.301639,-110.973068,541.719961
48.887031,-91.267730,542.428689
53.022191,-65.984220,542.649423
51.226989,-39.342843,542.060199
44.200920,-17.223015,540.839349
33.912399,-0.690271,539.610768
21.898238,12.031097,539.228662
9.051958,22.705974,540.467530
-4.079184,32.626726,543.718462
-17.065985,42.864046,548.797854
-29.434174,54.579034,554.939772
-40.474165,69.317030,560.978276
-48.959772,88.981547,565.659213
-53.026489,114.122227,567.981528
-51.242478,140.571354,567.466819
-44.294467,162.575794,564.283957
-34.101637,179.069933,559.197413
-22.169098,-168.217048,553.353109
-9.375569,-157.544837,547.959150
3.738707,-147.629963,543.953349
16.746987,-137.404240,541.761228
29.338999,-120.524922,541.225824
40.442020,-105.737891,541.730248
48.979825,-85.951853,542.436371
53.039170,-60.607518,542.646965
51.161021,-33.995799,542.046569
44.075925,-11.958042,540.820496
33.754677,4.507846,539.597627
21.723983,17.189913,539.233299
8.870484,27.846339,540.498618
-4.261518,37.764304,543.777635
-17.243267,48.013624,548.878244
-29.598696,59.758841,555.027312
-40.613175,74.552097,561.055343
-49.051268,94.296221,565.709423
-53.043014,119.496262,567.994178
-51.177248,145.916106,567.439734
-44.170782,167.839824,564.224001
-33.945192,-175.732189,559.118545
-21.995796,-163.058276,553.272485
-9.194586,-152.404521,547.892356
3.921076,-142.492506,543.910191
16.924835,-132.254861,541.743440
29.504321,-115.344735,541.227653
40.581921,-100.501737,541.740572
49.071753,-80.634807,542.443952
53.054958,-55.230530,542.644341
51.094029,-28.649750,542.032811
43.950317,-6.694183,540.801639
33.596635,9.705239,539.584654
21.549575,22.348347,539.238256
8.688959,32.986566,540.530103
-4.443823,42.901944,543.837169
-17.420431,53.163483,548.958843
-29.762967,64.939228,555.114829
-40.751701,79.788133,561.132142
-49.141903,99.612043,565.759168
-53.058364,124.870571,568.006269
-51.111007,151.259881,567.412125
-44.046486,173.102756,564.163676
-33.788425,-170.535029,559.039534
-21.822335,-157.899885,553.191956
-9.013544,-147.264344,547.825841
4.103424,-137.354988,543.867394
17.102572,-127.105202,541.725978
29.669397,-110.163962,541.229681
40.721335,-95.264599,541.750931
49.162807,-75.316597,542.451429
53.069553,-49.853277,542.641553
51.026017,-23.304705,542.018926
43.824102,-1.431434,540.782782
33.438277,14.901914,539.571849
21.375014,27.506402,539.243535
8.507382,38.126656,540.561988
-4.626100,48.039649,543.897063
-17.597477,58.313629,549.039649
-29.926986,70.120198,555.202321
-40.889738,85.025143,561.208668
-49.231671,104.929007,565.808445
-53.072540,130.245135,568.017802
-51.043760,156.602671,567.383995
-43.921586,178.364592,564.102982
-33.631340,-165.338582,558.960382
-21.648716,-152.741872,553.111524
-8.832443,-142.124304,547.759605
4.285750,-132.217406,543.824957
17.280198,-121.955257,541.708840
29.834222,-104.982599,541.231905
40.860259,-90.026473,541.761322
49.252983,-69.997224,542.458801
53.082955,-44.475779,542.638599
50.956991,-17.960674,542.004916
43.697284,3.830210,540.763925
33.279607,20.097876,539.559216
21.200304,32.664083,539.249139
8.325756,43.266613,540.594271
-4.808346,53.177422,543.957315
-17.774403,63.464063,549.120657
-30.090750,75.301758,555.289785
-41.027283,90.263133,561.284918
-49.320566,110.247112,565.857251
-53.085538,135.619934,568.028775
-50.975511,161.944465,567.355344
-43.796087,-176.374663,564.041922
-33.473938,-160.142843,558.881093
-21.474941,-147.584232,553.031192
-8.651287,-136.984398,547.693652
4.468053,-127.079757,543.782880
17.457711,-116.805024,541.692026
29.998797,-99.800641,541.234323
40.998688,-84.787353,541.771743
49.342274,-64.676692,542.466066
53.095161,-39.098056,542.635480
50.886957,-12.617667,541.990781
43.569870,9.090753,540.745072
33.120626,25.293131,539.546758
21.025445,37.821393,539.255069
8.144082,48.406440,540.626953
-4.990560,58.315266,544.017925
-17.951207,68.614789,549.201866
-30.254257,80.483911,555.377215
-41.164331,95.502108,561.360889
-49.408584,115.566354,565.905586
-53.097359,140.994947,568.039188
-50.906268,167.285255,567.326175
-43.669993,-171.115004,563.980501
-33.316223,-154.947806,558.801671
-21.301013,-142.426962,552.950965
-8.470074,-131.844623,547.627983
4.650332,-121.942038,543.741164
17.635109,-111.654500,541.675534
30.163116,-94.618081,541.236932
41.136619,-79.547233,541.782192
49.430675,-59.355006,542.473224
53.106171,-33.720130,542.632195
50.815920,-7.275693,541.976522
43.441863,14.350198,540.726224
32.961339,30.487683,539.534476
20.850440,42.978337,539.261327
7.962360,53.546140,540.660034
-5.172741,63.453184,544.078890
-18.127887,73.765812,549.283273
-30.417503,85.666664,555.464610
-41.300877,100.742073,561.436577
-49.495716,120.886728,565.953447
-53.108000,146.370154,568.049042
-50.836033,172.625031,567.296487
-43.543309,-165.856428,563.918719
-33.158197,-149.753467,558.722118
-21.126932,-137.270058,552.870844
-8.288808,-126.704975,547.562600
4.832585,-116.804247,543.699809
17.812392,-106.503680,541.659363
30.327180,-89.434917,541.239731
41.274045,-74.306108,541.792666
49.518178,-54.032168,542.480272
53.115984,-28.342020,542.628745
50.743885,-1.934760,541.962142
43.313270,19.608552,540.707384
32.801747,35.681540,539.522373
20.675290,48.134918,539.267913
7.780592,58.685715,540.693514
-5.354889,68.591178,544.140208
-18.304444,78.917134,549.364875
-30.580486,90.850020,555.551966
-41.436918,105.983033,561.511981
-49.581959,126.208232,566.000831
-53.117461,151.745535,568.058335
-50.764814,177.963785,567.266284
-43.416040,-160.598930,563.856581
-32.999865,-144.559819,558.642439
-20.952699,-132.113517,552.790833
-8.107488,-121.565453,547.497504
5.014812,-111.666381,543.658816
17.989557,-101.352562,541.643511
30.490983,-84.251142,541.242717
41.410964,-69.063973,541.803165
49.604779,-48.708183,542.487210
53.124598,-22.963749,542.625129
50.670858,3.405123,541.947641
43.184095,24.865818,540.688555
32.641855,40.874705,539.510451
20.499996,53.291140,539.274831
7.598779,63.825170,540.727395
-5.537002,73.729251,544.201880
-18.480874,84.068759,549.446668
-30.743205,96.033985,555.639278
-41.572449,111.224995,561.587096
-49.667307,131.530860,566.047738
-53.125741,157.121070,568.067068
-50.692616,-176.698492,567.235566
-43.288192,-155.342505,563.794089
-32.841227,-139.366857,558.562636
-20.778318,-126.957333,552.710934
-7.926116,-116.426053,547.432698
5.197012,-106.528437,543.618184
18.166603,-96.201141,541.627978
30.654525,-79.066751,541.245889
41.547370,-63.820821,541.813684
49.690472,-43.383055,542.494035
53.132013,-17.585337,542.621347
50.596845,8.743948,541.933020
43.054343,30.122000,540.669737
32.481663,46.067185,539.498713
20.324560,58.447007,539.282081
7.416922,68.964505,540.761675
-5.719078,78.867406,544.263903
-18.657177,89.220691,549.528651
-30.905656,101.218565,555.726544
-41.707464,116.467962,561.661919
-49.751752,136.854608,566.094164
-53.132838,162.496738,568.075240
-50.619443,-171.361808,567.204334
-43.159769,-150.087150,563.731246
-32.682288,-134.174577,558.482713
-20.603789,-121.801504,552.631152
-7.744694,-111.286773,547.368183
5.379183,-101.390412,543.577914
18.343529,-91.049415,541.612762
30.817803,-73.881740,541.249243
41.683259,-58.576649,541.824222
49.775250,-38.056789,542.500747
53.138228,-12.206804,542.617400
50.521851,14.081707,541.918281
42.924018,35.377105,540.650934
32.321177,51.258984,539.487161
20.148985,63.602522,539.289666
7.235023,74.103725,540.796355
-5.901118,84.005646,544.326275
-18.833351,94.372932,549.610820
-31.067837,106.403763,555.813761
-41.841961,121.711940,561.736447
-49.835291,142.179472,566.140109
-53.138754,167.872518,568.082851
-50.545302,-166.026170,567.172591
-43.030776,-144.832859,563.668054
-32.523050,-128.982972,558.402673
-20.429115,-116.646026,552.551488
-7.563221,-106.147609,547.303962
5.561324,-96.252303,543.538005
18.520332,-85.897379,541.597861
30.980814,-68.696102,541.252778
41.818626,-53.331451,541.834777
49.859108,-32.729391,542.507345
53.143243,-6.828172,542.613286
50.445882,19.418391,541.903426
42.793127,40.631135,540.632147
32.160397,56.450108,539.475797
19.973271,68.757690,539.297586
7.053082,79.242832,540.831436
-6.083119,89.143973,544.388995
-19.009394,99.525488,549.693172
-31.229746,111.589585,555.900924
-41.975934,126.956935,561.810678
-49.917916,147.505445,566.185569
-53.143485,173.248391,568.089900
-50.470197,-160.691587,567.140338
-42.901218,-139.579629,563.604517
-32.363516,-123.792037,558.322520
-20.254295,-111.490895,552.471945
-7.381700,-101.008558,547.240034
5.743434,-91.114108,543.498459
18.697012,-80.745030,541.583275
31.143555,-63.509834,541.256492
41.953467,-48.085220,541.845347
49.942040,-27.400864,542.513825
53.147056,-1.449463,542.609007
50.368943,24.753994,541.888455
42.661674,45.884097,540.613380
31.999328,61.640563,539.464625
19.797420,73.912515,539.305843
6.871101,84.381829,540.866917
-6.265080,94.282391,544.452062
-19.185305,104.678361,549.775704
-31.391379,116.776036,555.988030
-42.109379,132.202951,561.884607
-49.999623,152.832524,566.230544
-53.147034,178.624335,568.096389
-50.394136,-155.358065,567.107577
-42.771099,-134.327453,563.540638
-32.203688,-118.601768,558.242257
-20.079334,-106.336106,552.392528
-7.200132,-95.869618,547.176404
5.925513,-85.975823,543.459274
18.873568,-75.592364,541.569002
31.306023,-58.322929,541.260382
42.087776,-42.837953,541.855930
50.024039,-22.071215,542.520189
53.149668,3.929304,542.604562
50.291041,30.088509,541.873370
42.529663,51.135995,540.594634
31.837971,66.830354,539.453645
19.621434,79.066999,539.314440
6.689081,89.520719,540.902798
-6.447001,99.420903,544.515473
-19.361083,109.831555,549.858414
-31.552734,121.963121,556.075075
-42.242290,137.449994,561.958232
-50.080405,158.160703,566.275031
-53.149398,-175.999670,568.102316
-50.317122,-150.025612,567.074309
-42.640425,-129.076329,563.476419
-32.043570,-113.412159,558.161888
-19.904230,-101.181658,552.313238
-7.018517,-90.730786,547.113072
6.107558,-80.837447,543.420452
19.049996,-70.439378,541.555040
31.468217,-53.135383,541.264446
42.221550,-37.589644,541.866522
50.105101,-16.740449,542.526434
53.151078,9.308107,542.599951
50.212181,35.421929,541.858172
42.397101,56.386834,540.575911
31.676331,72.019485,539.442861
19.445314,84.221147,539.323377
6.507023,94.659506,540.939079
-6.628881,104.559510,544.579228
-19.536725,114.985074,549.941298
-31.713809,127.150846,556.162057
-42.374665,142.698067,562.031550
-50.160257,163.489976,566.319029
-53.150578,-170.623645,568.107681
-50.239161,-144.694235,567.040535
-42.509200,-123.826250,563.411863
-31.883164,-108.223205,558.081416
-19.728988,-96.027545,552.234078
-6.836857,-85.592059,547.050039
6.289569,-75.698975,543.381992
19.226297,-65.286068,541.541388
31.630134,-47.947190,541.268681
42.354783,-32.340288,541.877123
50.185218,-11.408572,542.532558
53.151286,14.686924,542.595174
50.132369,40.754246,541.842863
42.263990,61.636619,540.557214
31.514408,77.207963,539.432275
19.269063,89.374963,539.332655
6.324927,99.798190,540.975761
-6.810717,109.698217,544.643324
-19.712231,120.138920,550.024353
-31.874601,132.339216,556.248972
-42.506497,147.947177,562.104557
-50.239174,168.820336,566.362535
-53.150574,-165.247610,568.112484
-50.160260,-139.363939,567.006258
-42.377429,-118.577212,563.346974
-31.722472,-103.034900,558.000844
-19.553607,-90.873764,552.155052
-6.655153,-80.453434,546.987308
6.471545,-70.560406,543.343894
19.402468,-60.132430,541.528045
31.791770,-42.758346,541.273086
42.487471,-27.089879,541.887730
50.264387,-6.075591,542.538561
53.150292,20.065735,542.590231
50.051611,46.085455,541.827445
42.130337,66.885355,540.538545
31.352207,82.395792,539.421889
19.092681,94.528450,539.342278
6.142797,104.936777,541.012844
-6.992510,114.837025,544.707760
-19.887599,125.293099,550.107577
-32.035107,137.528235,556.335815
-42.637783,153.197329,562.177251
-50.317149,174.151778,566.405548
-53.149385,-159.871586,568.116726
-50.080424,-134.034732,566.971480
-42.245116,-113.329211,563.281754
-31.561498,-97.847240,557.920176
-19.378090,-85.720312,552.076162
-6.473407,-75.314909,546.924880
6.653484,-65.421736,543.306158
19.578507,-54.978461,541.515009
31.953123,-37.568844,541.277659
42.619608,-21.838413,541.898341
50.342599,-0.741511,542.544441
53.148096,25.444519,542.585123
49.969912,51.415550,541.811917
41.996146,72.133047,540.519907
31.189729,87.582979,539.411706
18.916170,99.681612,539.352245
5.960631,110.075267,541.050326
-7.174257,119.975938,544.772535
-20.062826,130.447614,550.190967
-32.195324,142.717908,556.422584
-42.768517,158.448526,562.249628
-50.394177,179.484295,566.448066
-53.147013,-154.495593,568.120406
-49.999658,-128.706619,566.936201
-42.112266,-108.082240,563.216206
-31.400244,-92.660219,557.839416
-19.202438,-80.567184,551.997412
-6.291618,-70.176480,546.862758
6.835385,-60.282963,543.268784
19.754414,-49.824157,541.502279
32.114190,-32.378680,541.282397
42.751191,-16.585886,541.908953
50.419851,4.593660,542.550198
53.144699,30.823254,542.579850
49.887278,56.744524,541.796283
41.861421,77.379701,540.501301
31.026978,92.769527,539.401727
18.739531,104.834452,539.362559
5.778432,115.213665,541.088210
-7.355958,125.114958,544.837646
-20.237913,135.602468,550.274519
-32.355251,147.908242,556.509275
-42.898694,163.700774,562.321686
-50.470253,-175.182120,566.490087
-53.143456,-149.119652,568.123523
-49.917969,-123.379607,566.900423
-41.978885,-102.836296,563.150333
-31.238712,-87.473833,557.758565
-19.026652,-75.414378,551.918804
-6.109789,-65.038144,546.800941
7.017248,-55.144083,543.231773
19.930186,-44.669515,541.489853
32.274969,-27.187848,541.287297
42.882214,-11.332291,541.919565
50.496136,9.929915,542.555829
53.140100,36.201919,542.574411
49.803716,62.072373,541.780544
41.726168,82.625321,540.482730
30.863956,97.955442,539.391956
18.562767,109.986975,539.373220
5.596201,120.351974,541.126494
-7.537612,130.254089,544.903091
-20.412856,140.757665,550.358230
-32.514883,153.099242,556.595885
-43.028311,168.954077,562.393421
-50.545371,-169.847474,566.531610
-53.138715,-143.743785,568.126079
-49.835361,-118.053699,566.864149
-41.844975,-97.591374,563.084138
-31.076906,-82.288075,557.677629
-18.850735,-70.261889,551.840340
-5.927920,-59.899900,546.739432
7.199070,-50.005094,543.195124
20.105823,-39.514529,541.477730
32.435457,-21.996343,541.292359
43.012672,-6.077624,541.930174
50.571448,15.267247,542.561334
53.134301,41.580493,542.568807
49.719231,67.399091,541.764700
41.590391,87.869912,540.464197
30.700666,103.140729,539.382394
18.385879,115.139183,539.384231
5.413938,125.490195,541.165178
-7.719217,135.393333,544.968870
-20.587655,145.913209,550.442098
-32.674219,158.290912,556.682409
-43.157362,174.208441,562.464830
-50.619524,-164.511774,566.572633
-53.132792,-138.368010,568.128074
-49.751841,-112.728903,566.827380
-41.710543,-92.347467,563.017625
-30.914827,-77.102941,557.596610
-18.674687,-65.109714,551.762025
-5.746013,-54.761743,546.678233
7.380852,-44.865993,543.158836
20.281321,-34.359198,541.465909
32.595650,-16.804160,541.297578
43.142561,-0.821881,541.940779
50.645782,20.605649,542.566712
53.127301,46.958955,542.563038
49.633828,72.724673,541.748754
41.454094,93.113481,540.445703
30.537110,108.325394,539.373044
18.208868,120.291081,539.395593
5.231646,130.628331,541.204262
-7.900772,140.532693,545.034980
-20.762307,151.069103,550.526120
-32.833256,163.483257,556.768845
-43.285843,179.463869,562.535911
-50.692709,-159.175028,566.613153
-53.125686,-132.992350,568.129506
-49.667414,-107.405222,566.790117
-41.575592,-87.104571,562.950796
-30.752479,-71.918427,557.515512
-18.498511,-59.957849,551.683860
-5.564069,-49.623671,546.617345
7.562591,-39.726776,543.122911
20.456681,-29.203516,541.454387
32.755547,-11.611293,541.302954
43.271875,4.434944,541.951376
50.719132,25.945112,542.571960
53.119102,52.337285,542.557104
49.547515,78.049114,541.732707
41.317283,98.356032,540.427251
30.373291,113.509442,539.363908
18.031736,125.442672,539.407306
5.049325,135.766387,541.243746
-8.082277,145.672173,545.101420
-20.936812,156.225352,550.610291
-32.991990,168.676284,556.855190
-43.413748,-175.279634,562.606659
-50.764919,-153.837243,566.653170
-53.117398,-127.616823,568.130376
-49.582087,-102.082662,566.752363
-41.440126,-81.862681,562.883654
-30.589864,-66.734526,557.434338
-18.322207,-54.806291,551.605849
-5.382089,-44.485682,546.556770
7.744287,-34.587442,543.087347
20.631899,-24.047480,541.443163
32.915144,-6.417737,541.308483
43.400609,9.692855,541.961965
50.791493,31.285628,542.577079
53.109703,57.715461,542.551005
49.460296,83.372410,541.716560
41.179961,103.597570,540.408843
30.209211,118.692877,539.354989
17.854485,130.593960,539.419374
4.866975,140.904363,541.283631
-8.263729,150.811774,545.168187
-21.111167,161.381959,550.694610
-33.150419,173.869997,556.941438
-43.541072,-170.022062,562.677074
-50.836149,-148.498428,566.692682
-53.107929,-122.241451,568.130685
-49.495864,-96.761226,566.714120
-41.304152,-76.621792,562.816202
-30.426984,-61.551234,557.353092
-18.145778,-49.655036,551.527995
-5.200073,-39.347773,546.496509
7.925938,-29.447988,543.052145
20.806975,-18.891087,541.432237
33.074438,-1.223486,541.314164
43.528759,14.951857,541.972543
50.862858,36.627190,542.582067
53.099107,63.093462,542.544742
49.372178,88.694556,541.700316
41.042134,108.838102,540.390482
30.044873,123.875705,539.346289
17.677115,135.744947,539.431796
4.684599,146.042264,541.323915
-8.445128,155.951500,545.235280
-21.285371,166.538929,550.779073
-33.308541,179.064402,557.027588
-43.667811,-164.763413,562.747150
-50.906394,-143.158592,566.731687
-53.097279,-116.866255,568.130433
-49.408752,-91.440920,566.675389
-41.167672,-71.381899,562.748444
-30.263842,-56.368545,557.271777
-17.969224,-44.504081,551.450299
-5.018024,-34.209940,546.436563
8.107544,-24.308409,543.017304
20.981907,-13.734332,541.421605
33.233426,3.971465,541.319994
43.656319,20.211954,541.983108
50.933223,41.969787,542.586922
53.087315,68.471268,542.538315
49.283166,94.015549,541.683975
40.903805,114.077632,540.372170
29.880280,129.057931,539.337809
17.499629,140.895639,539.444575
4.502198,151.180092,541.364599
-8.626473,161.091353,545.302698
-21.459422,171.696264,550.863677
-33.466351,-175.740496,557.113635
-43.793960,-159.503681,562.816886
-50.975648,-137.817743,566.770183
-53.085451,-111.491254,568.129619
-49.320756,-86.121747,566.636172
-41.030691,-66.142995,562.680382
-30.100440,-51.186456,557.190396
-17.792547,-39.353422,551.372765
-4.835942,-29.072181,546.376934
8.289103,-19.168704,542.982825
21.156693,-8.577212,541.411267
33.392106,9.167121,541.325971
43.783285,25.473150,541.993657
51.002582,47.313412,542.591645
53.074326,73.848858,542.531724
49.193267,99.335385,541.667539
40.764980,119.316165,540.353909
29.715433,134.239559,539.329553
17.322027,146.046038,539.457711
4.319772,156.317850,541.405682
-8.807763,166.231338,545.370437
-21.633319,176.853968,550.948420
-33.623848,-170.544691,557.199577
-43.919514,-154.242862,562.886278
-51.043905,-132.475889,566.808169
-53.072445,-106.116468,568.128244
-49.231883,-80.803711,566.596471
-40.893214,-60.905076,562.612019
-29.936782,-46.004961,557.108953
-17.615748,-34.203055,551.295397
-4.653828,-23.934493,546.317623
8.470613,-14.028870,542.948707
21.331331,-3.419722,541.401221
33.550475,14.363488,541.332093
43.909650,30.735451,542.004189
51.070929,52.658055,542.596233
53.060143,79.226211,542.524969
49.102487,104.654060,541.651010
40.625662,124.553709,540.335702
29.550337,139.420596,539.321522
17.144312,151.196147,539.471206
4.137323,161.455540,541.447164
-8.988996,171.371456,545.438496
-21.807060,-177.987953,551.033297
-33.781029,-165.348179,557.285408
-44.044467,-148.980953,562.955324
-51.111161,-127.133041,566.845644
-53.058262,-100.741918,568.126308
-49.142137,-75.486816,566.556288
-40.755245,-55.668137,562.543359
-29.772868,-40.824054,557.027451
-17.438830,-29.052978,551.218195
-4.471683,-18.796874,546.258633
8.652074,-8.888903,542.914949
21.505820,1.738141,541.391465
33.708529,19.560571,541.338357
44.035411,35.998859,542.014702
51.138259,58.003706,542.600685
53.044767,84.603306,542.518051
49.010831,109.971570,541.634390
40.485857,129.790267,540.317551
29.384992,144.601045,539.313719
16.966484,156.345971,539.485062
3.954851,166.593166,541.489045
-9.170170,176.511710,545.506874
-21.980642,-172.829497,551.118305
-33.937890,-160.150953,557.371127
-44.168815,-143.717948,563.024021
-51.177411,-121.789208,566.882605
-53.042903,-95.367624,568.123811
-49.051526,-70.171064,566.515625
-40.616788,-50.432173,562.474404
-29.608702,-35.643732,556.945893
-17.261794,-23.903186,551.141164
-4.289509,-13.659320,546.199963
8.833485,-3.748801,542.881552
21.680158,6.896381,541.381998
33.866266,24.758376,541.344761
44.160562,41.263380,542.025194
51.204567,63.350356,542.605001
53.028200,89.980124,542.510970
48.918306,115.287914,541.617679
40.345568,135.025845,540.299458
29.219401,149.780912,539.306146
16.788546,161.495513,539.499278
3.772358,171.730730,541.531325
-9.351286,-178.347896,545.575568
-22.154066,-167.670660,551.203443
-34.094428,-154.953009,557.456729
-44.292553,-138.453845,563.092365
-51.242648,-116.444399,566.919052
-53.026371,-89.993606,568.120754
-48.960054,-64.856460,566.474484
-40.477848,-45.197176,562.405158
-29.444286,-30.463988,556.864284
-17.084640,-18.753676,551.064306
-4.107307,-8.521829,546.141616
9.014845,1.391439,542.848515
21.854344,12.055002,541.372818
34.023682,29.956909,541.351303
44.285097,46.529018,542.035662
51.269847,68.697994,542.609180
53.010442,95.356644,542.503727
48.824917,120.603088,541.600880
40.204799,140.260450,540.281427
29.053567,154.960202,539.298806
16.610499,166.644776,539.513858
3.589846,176.868235,541.574003
-9.532342,-173.207360,545.644577
-22.327328,-162.511437,551.288705
-34.250641,-149.754341,557.542212
-44.415675,-133.188638,563.160353
-51.306869,-111.098625,566.954982
-53.008666,-84.619883,568.117137
-48.867727,-59.543005,566.432866
-40.338428,-39.963144,562.335624
-29.279623,-25.284819,556.782626
-16.907371,-13.604445,550.987624
-3.925078,-3.384398,546.083593
9.196151,6.531821,542.815838
22.028375,17.214008,541.363924
34.180775,35.156174,541.357980
44.409011,51.795777,542.046105
51.334094,74.046610,542.613219
52.991497,100.732845,542.496321
48.730671,125.917090,541.583995
40.063556,145.494085,540.263458
28.887492,160.138919,539.291700
16.432343,171.793764,539.528802
3.407314,-177.994317,541.617079
-9.713336,-168.066679,545.713898
-22.500427,-157.351825,551.374090
-34.406525,-144.554943,557.627570
-44.538177,-127.922325,563.227984
-51.370067,-105.751895,566.990395
-52.989791,-79.246476,568.112959
-48.774552,-54.230702,566.390775
-40.198533,-34.730069,562.265804
-29.114715,-20.106220,556.700922
-16.729987,-8.455490,550.911120
-3.742822,1.752976,546.025895
9.377404,11.672347,542.783521
22.202250,22.373403,541.355313
34.337541,40.356178,541.364791
44.532300,57.063660,542.056520
51.397303,79.396193,542.617120
52.971365,106.108707,542.488754
48.635573,131.229916,541.567024
39.921842,150.726759,540.245554
28.721179,165.317069,539.284831
16.254081,176.942480,539.544111
3.224765,-172.856922,541.660552
-9.894268,-162.925849,545.783529
-22.673362,-152.191820,551.459594
-34.562078,-139.354811,557.712802
-44.660053,-122.654901,563.295254
-51.432238,-100.404222,567.025288
-52.969747,-73.873403,568.108223
-48.680533,-48.919554,566.348211
-40.058167,-29.497947,562.195703
-28.949563,-14.928185,556.619176
-16.552491,-3.306806,550.834797
-3.560541,6.890296,545.968523
9.558601,16.813019,542.751563
22.375967,27.533191,541.346985
34.493977,45.556926,541.371733
44.654957,62.332672,542.066906
51.459468,84.746733,542.620880
52.950049,111.484211,542.481025
48.539629,136.541566,541.549971
39.779661,155.958474,540.227719
28.554630,170.494656,539.278201
16.075715,-177.909073,539.559786
3.042199,-167.719577,541.704423
-10.075136,-157.784868,545.853469
-22.846130,-147.031418,551.545214
-34.717297,-134.153937,557.797903
-44.781298,-117.386363,563.362160
-51.493377,-95.055615,567.059661
-52.948536,-68.500685,568.102927
-48.585678,-43.609563,566.305177
-39.917335,-24.266772,562.125323
-28.784171,-9.750710,556.537392
-16.374883,1.841609,550.758658
-3.378236,12.027563,545.911479
9.739742,21.953842,542.719964
22.549524,32.693376,541.338937
34.650081,50.758423,541.378803
44.776978,67.602816,542.077260
51.520585,90.098217,542.624498
52.927550,116.859337,542.473135
48.442846,141.852037,541.532835
39.637018,161.189239,540.209954
28.387847,175.671686,539.271812
15.897244,-172.760890,539.575829
2.859618,-162.582280,541.748690
-10.255938,-152.643733,545.923715
-23.018730,-141.870614,551.630947
-34.872177,-128.952318,557.882870
-44.901906,-112.116707,563.428699
-51.553479,-89.706086,567.093511
-52.926160,-63.128340,568.097072
-48.489992,-38.300731,566.261675
-39.776040,-19.036538,562.054667
-28.618541,-4.573789,556.455573
-16.197165,6.989760,550.682705
-3.195909,17.164782,545.854764
9.920826,27.094818,542.688724
22.722920,37.853962,541.331167
34.805848,55.960676,541.386000
44.898357,72.874095,542.087581
51.580648,95.450635,542.627974
52.903871,122.234065,542.465084
48.345229,147.161327,541.515620
39.493917,166.419057,540.192261
28.220832,-179.151837,539.265667
15.718672,-167.612970,539.592241
2.677022,-157.445029,541.793354
-10.436675,-147.502441,545.994265
-23.191160,-136.709405,551.716789
-35.026717,-123.749948,557.967700
-45.021874,-106.845930,563.494869
-51.612539,-84.355646,567.126838
-52.902622,-57.756389,568.090659
-48.393479,-32.993059,566.217707
-39.634286,-13.807240,561.983739
-28.452675,0.602581,556.373722
-16.019339,12.137648,550.606941
-3.013559,22.301955,545.798380
10.101851,32.235950,542.657842
22.896153,43.014953,541.323674
34.961277,61.163689,541.393320
45.019089,78.146515,542.097866
51.639653,100.803974,542.631306
52.879014,127.608376,542.456873
48.246785,152.469436,541.498327
39.350363,171.647935,540.174644
28.053589,-173.975909,539.259767
15.539999,-162.465307,539.609022
2.494412,-152.307820,541.838414
-10.617344,-142.360988,546.065118
-23.363419,-131.547786,551.802738
-35.180913,-118.546821,558.052389
-45.141194,-101.574028,563.560667
-51.670551,-79.004307,567.159641
-52.877923,-52.384850,568.083688
-48.296148,-27.686550,566.173275
-39.492078,-8.578873,561.912541
-28.286575,5.778405,556.291842
-15.841406,17.285278,550.531369
-2.831189,27.439084,545.742326
10.282815,37.377241,542.627317
23.069220,48.176353,541.316457
35.116363,66.367469,541.400762
45.139169,83.420077,542.108114
51.697594,106.158223,542.634494
52.852982,132.982249,542.448503
48.147518,157.776361,541.480957
39.206358,176.875879,540.157104
27.886118,-168.800524,539.254116
15.361226,-157.317899,539.626175
2.311791,-147.170651,541.883869
-10.797945,-137.219373,546.136270
-23.535503,-126.385754,551.888789
-35.334762,-113.342931,558.136933
-45.259863,-96.300999,563.626089
-51.727512,-73.652081,567.191917
-52.852066,-47.013741,568.076159
-48.198002,-22.381204,566.128381
-39.349420,-3.351431,561.841077
-28.120244,10.953689,556.209938
-15.663366,22.432653,550.455991
-2.648800,32.576173,545.686605
10.463719,42.518695,542.597149
23.242121,53.338167,541.309513
35.271103,71.572020,541.408324
45.258590,88.694786,542.118322
51.754466,111.513369,542.637537
52.825777,138.355667,542.439973
48.047436,163.082102,541.463512
39.061907,-177.897107,540.139643
27.718423,-163.625677,539.248714
15.182356,-152.170743,539.643700
2.129158,-142.033518,541.929719
-10.978476,-132.077591,546.207721
-23.707413,-121.223305,551.974940
-35.488261,-108.138273,558.221330
-45.377875,-91.026838,563.691134
-51.783417,-68.298980,567.223666
-52.825053,-41.643082,568.068073
-48.099049,-17.077022,566.083027
-39.206314,1.875092,561.769350
-27.953684,16.128436,556.128011
-15.485223,27.579777,550.380810
-2.466392,37.713224,545.631218
10.644560,47.660313,542.567339
23.414854,58.500398,541.302841
35.425494,76.777350,541.416003
45.377348,93.970644,542.128489
51.810265,116.869399,542.640434
52.797401,143.728609,542.431285
47.946544,168.386657,541.445995
38.917015,-172.671015,540.122265
27.550506,-158.451364,539.243564
15.003389,-147.023835,539.661598
1.946515,-136.896419,541.975963
-11.158936,-126.935640,546.279467
-23.879145,-116.060434,552.061188
-35.641406,-102.932842,558.305575
-45.495224,-85.751543,563.755799
-51.838260,-62.945017,567.254887
-52.796887,-36.272892,568.059431
-47.999293,-11.774006,566.037216
-39.062767,7.100701,561.697364
-27.786896,21.302652,556.046066
-15.306976,32.726652,550.305829
-2.283966,42.850239,545.576166
10.825338,52.802099,542.537884
23.587415,63.663051,541.296439
35.579533,81.983463,541.423796
45.495436,99.247655,542.138613
51.864986,122.226300,542.643183
52.767858,149.101057,542.422439
47.844849,173.690027,541.428406
38.771685,-167.445841,540.104972
27.382368,-153.277581,539.238669
14.824326,-141.877172,539.679870
1.763863,-131.759352,542.022602
-11.339324,-121.793517,546.351507
-24.050699,-110.897137,552.147529
-35.794194,-97.726632,558.389665
-45.611905,-80.475111,563.820080
-51.892037,-57.590205,567.285577
-52.767570,-30.903188,568.050233
-47.898740,-6.472157,565.990950
-38.918781,12.325402,561.625120
-27.619884,26.476342,555.964106
-15.128628,37.873282,550.231049
-2.101524,47.987222,545.521450
11.006050,57.944056,542.508785
23.759805,68.826129,541.290304
35.733217,87.190364,541.431702
45.612851,104.525822,542.148691
51.918625,127.584059,542.645785
52.737150,154.472993,542.413436
47.742355,178.992211,541.410748
38.625921,-162.221578,540.087766
27.214013,-148.104322,539.234030
14.645170,-136.730751,539.698518
1.581204,-126.622314,542.069633
-11.519638,-116.651218,546.423838
-24.222071,-105.733410,552.233961
-35.946622,-92.519637,558.473597
-45.727912,-75.197539,563.883975
-51.944745,-52.234557,567.315736
-52.737106,-25.533988,568.040479
-47.797397,-1.171474,565.944230
-38.774360,17.549200,561.552624
-27.452649,31.649509,555.882134
-14.950179,43.019670,550.156474
-1.919067,53.124176,545.467070
11.186697,63.086188,542.480042
23.932020,73.989637,541.284436
35.886542,92.398061,541.439718
45.729585,109.805147,542.158722
51.971175,132.942663,542.648239
52.705279,159.844398,542.404276
47.639069,-175.706792,541.393023
38.479727,-156.998222,540.070649
27.045441,-142.931582,539.229650
14.465922,-131.584567,539.717542
1.398537,-121.485301,542.117058
-11.699877,-111.508741,546.496459
-24.393261,-100.569249,552.320478
-36.098687,-87.311851,558.557367
-45.843241,-69.918824,563.947481
-51.996377,-46.878086,567.345362
-52.705497,-20.165312,568.030171
-47.695270,4.128042,565.897059
-38.629508,22.772101,561.479877
-27.285194,36.822159,555.800154
-14.771631,48.165820,550.082106
-1.736596,58.261103,545.413029
11.367276,68.228497,542.451653
24.104059,79.153579,541.278833
36.039504,97.606557,541.447842
45.845633,115.085634,542.168705
52.022634,138.302097,542.650543
52.672250,165.215253,542.394959
47.534997,-170.406981,541.375231
38.333108,-151.775766,540.053624
26.876657,-137.759358,539.225530
14.286582,-126.438619,539.736944
1.215865,-116.348311,542.164874
-11.880041,-106.366083,546.569366
-24.564266,-95.404650,552.407080
-36.250385,-82.103270,558.640971
-45.957886,-64.638965,564.010596
-52.046930,-41.520805,567.374455
-52.672745,-14.797176,568.019308
-47.592363,9.426390,565.849440
-38.484230,27.994111,561.406883
-27.117520,41.994295,555.718169
-14.592985,53.311735,550.007947
-1.554112,63.398006,545.359327
11.547787,73.370986,542.423618
24.275921,84.317960,541.273492
36.192101,102.815860,541.456071
45.960991,120.367285,542.178636
52.072996,143.662348,542.652696
52.638065,170.585541,542.385487
47.430145,-165.108357,541.357376
38.186066,-146.554204,540.036694
26.707661,-132.587644,539.221674
14.107152,-121.292903,539.756723
1.033189,-111.211341,542.213082
-12.060127,-101.223241,546.642559
-24.735085,-90.239608,552.493761
-36.401713,-76.893888,558.724408
-46.071840,-59.357957,564.073317
-52.096400,-36.162729,567.403014
-52.638855,-9.429599,568.007892
-47.488682,14.723571,565.801374
-38.338528,33.215236,561.333646
-26.949631,47.165924,555.636182
-14.414244,58.457417,549.934001
-1.371616,68.534887,545.305965
11.728228,78.513658,542.395936
24.447602,89.482783,541.268412
36.344329,108.025975,541.464404
46.075651,125.650102,542.188514
52.122257,149.023401,542.654699
52.602727,175.955243,542.375859
47.324519,-159.810919,541.339459
38.038606,-141.333530,540.019860
26.538455,-127.416437,539.218082
13.927634,-116.147415,539.776883
0.850508,-106.074389,542.261681
-12.240135,-96.080210,546.716034
-24.905716,-85.074119,552.580520
-36.552668,-71.683698,558.807671
-46.185100,-54.075800,564.135641
-52.144782,-30.803873,567.431036
-52.603828,-4.062598,567.995923
-47.384234,20.019585,565.752864
-38.192407,38.435480,561.260168
-26.781527,52.337048,555.554196
-14.235407,63.602871,549.860269
-1.189109,73.671750,545.252945
11.908598,83.656517,542.368607
24.619101,94.648053,541.263591
36.496184,113.236907,541.472837
46.189609,130.934089,542.198338
52.170412,154.385242,542.656550
52.566240,-178.675658,542.366078
47.218124,-154.514667,541.321482
37.890732,-136.113740,540.003125
26.369043,-122.245730,539.214758
13.748029,-111.002152,539.797422
0.667826,-100.937452,542.310669
-12.420063,-90.936990,546.789789
-25.076156,-79.908180,552.667352
-36.703246,-66.472696,558.890760
-46.297659,-48.792491,564.197565
-52.192071,-25.444249,567.458521
-52.567669,1.303811,567.983401
-47.279024,25.314432,565.703912
-38.045870,43.654849,561.186453
-26.613211,57.507673,555.472216
-14.056476,68.748099,549.786754
-1.006592,78.808597,545.200266
12.088895,88.799565,542.341630
24.790417,99.813774,541.259027
36.647664,118.448663,541.481369
46.302859,136.219247,542.208105
52.217458,159.747856,542.658249
52.528607,-173.307179,542.356142
47.110966,-149.219600,541.303446
37.742447,-130.894827,539.986492
26.199426,-117.075521,539.211703
13.568339,-105.857111,539.818343
0.485142,-95.800527,542.360047
-12.599910,-85.793575,546.863822
-25.246404,-74.741785,552.754254
-36.853444,-61.260876,558.973669
-46.409512,-43.508027,564.259088
-52.238265,-20.083873,567.485468
-52.530381,6.669609,567.970328
-47.173058,30.608113,565.654520
-37.898922,48.873350,561.112504
-26.444685,62.677804,555.390243
-13.877453,73.893105,549.713459
-0.824067,83.945430,545.147931
12.269119,93.942806,542.315005
24.961547,104.979951,541.254718
36.798764,123.661247,541.489997
46.415396,141.505578,542.217814
52.263391,165.111227,542.659794
52.489831,-167.939338,542.346054
47.003052,-143.925718,541.285354
37.593756,-125.676785,539.969962
26.029605,-111.905804,539.208919
13.388563,-100.712289,539.839646
0.302458,-90.663611,542.409814
-12.779675,-80.649964,546.938130
-25.416457,-69.574930,552.841223
-37.003258,-56.048231,559.056396
-46.520653,-38.222408,564.320206
-52.283358,-14.722761,567.511876
-52.491966,12.034781,567.956704
-47.066341,35.900629,565.604691
-37.751565,54.090987,561.038324
-26.275952,67.847444,555.308282
-13.698339,79.037892,549.640385
-0.641534,89.082254,545.095939
12.449268,99.086243,542.288731
25.132490,110.146587,541.250662
36.949480,128.874666,541.498720
46.527212,146.793084,542.227462
52.308205,170.475340,542.661186
52.449916,-162.572151,542.335813
46.894386,-138.633018,541.267208
37.444662,-120.459609,539.953540
25.859584,-106.736574,539.206408
13.208705,-95.567682,539.861332
0.119775,-85.526702,542.459968
-12.959357,-75.506153,547.012712
-25.586315,-64.407612,552.928256
-37.152685,-50.834758,559.138937
-46.631077,-32.935630,564.380917
-52.327348,-9.360926,567.537743
-52.452429,17.399309,567.942531
-46.958880,41.191979,565.554427
-37.603803,59.307767,560.963917
-26.107012,73.016598,555.226336
-13.519135,84.182463,549.567536
-0.458994,94.219069,545.044292
12.629341,104.229878,542.262806
25.303243,115.313688,541.246858
37.099810,134.088926,541.507534
46.638304,152.081768,542.237048
52.351897,175.840179,542.662423
52.408866,-157.205636,542.325421
46.784976,-133.341501,541.249009
37.295168,-115.243293,539.937226
25.689365,-101.567828,539.204172
13.028765,-90.423288,539.883401
-0.062907,-80.389797,542.510510
-13.138953,-70.362138,547.087565
-25.755975,-59.239825,553.015349
-37.301721,-45.620449,559.221288
-46.740777,-27.647693,564.441219
-52.370229,-3.998385,567.563069
-52.411774,22.763177,567.927807
-46.850679,46.482167,565.503731
-37.455641,64.523695,560.889286
-25.937869,78.185271,555.144408
-13.339843,89.326821,549.494913
-0.276449,99.355880,544.992992
12.809337,109.373716,542.237231
25.473804,120.481257,541.243303
37.249750,139.304032,541.516437
46.748664,157.371630,542.246570
52.394463,-178.794271,542.663505
52.366685,-151.839808,542.314879
46.674826,-128.051164,541.230759
37.145278,-110.027830,539.921023
25.518948,-96.399561,539.202214
12.848744,-85.279103,539.905856
-0.245585,-75.252892,542.561438
-13.318464,-65.217918,547.162686
-25.925434,-54.071566,553.102499
-37.450363,-40.405299,559.303447
-46.849749,-22.358595,564.501108
-52.411998,1.364847,567.587853
-52.370002,28.126369,567.912536
-46.741745,51.771191,565.452604
-37.307081,69.738777,560.814434
-25.768524,83.353466,555.062501
-13.160463,94.470970,549.422519
-0.093900,104.492689,544.942037
12.989254,114.517759,542.212005
25.644172,125.649299,541.239996
37.399296,144.519990,541.525427
46.858288,162.662673,542.256027
52.435899,-173.428026,542.664431
52.323375,-146.474685,542.304186
46.563943,-122.762007,541.212461
36.994997,-104.813216,539.904934
25.348337,-91.231768,539.200536
12.668644,-80.135124,539.928696
-0.428259,-70.115986,542.612751
-13.497888,-60.073488,547.238074
-26.094691,-48.902829,553.189702
-37.598607,-35.189303,559.385410
-46.957987,-17.068334,564.560582
-52.452652,6.728754,567.612094
-52.327120,33.488870,567.896716
-46.632083,57.059055,565.401049
-37.158128,74.953018,560.739365
-25.598980,88.521189,554.980619
-12.980998,99.614912,549.350357
0.088653,109.629498,544.891431
13.169091,119.662010,542.187126
25.814343,130.817819,541.236935
37.548444,149.736805,541.534502
46.967169,167.954898,542.265416
52.476202,-168.061104,542.665200
52.278942,-141.110282,542.293344
46.452332,-117.474028,541.194115
36.844327,-99.599445,539.888961
25.177533,-86.064445,539.199139
12.488466,-74.991348,539.951922
-0.610928,-64.979076,542.664449
-13.677222,-54.928845,547.313725
-26.263745,-43.733611,553.276955
-37.746449,-29.972455,559.467173
-47.065486,-11.776910,564.619639
-52.492186,12.093320,567.635790
-52.283129,38.850663,567.880350
-46.521698,62.345759,565.349069
-37.008785,80.166424,560.664081
-25.429237,93.688444,554.898764
-12.801448,104.758651,549.278428
0.271207,114.766311,544.841172
13.348846,124.806472,542.162594
25.984318,135.986820,541.234117
37.697192,154.954485,541.543659
47.075302,173.248306,542.274736
52.515367,-162.693520,542.665813
52.233390,-135.746615,542.282354
46.339999,-112.187224,541.175725
36.693272,-94.386510,539.873107
25.006539,-80.897588,539.198025
12.308212,-69.847771,539.975535
-0.793590,-59.842158,542.716530
-13.856467,-49.783987,547.389637
-26.432592,-38.563907,553.364256
-37.893886,-24.754749,559.548733
-47.172238,-6.484321,564.678276
-52.530597,17.458528,567.658941
-52.238035,44.211734,567.863438
-46.410597,67.631305,565.296666
-36.859054,85.379000,560.588586
-25.259299,98.855234,554.816941
-12.621814,109.902189,549.206735
0.453763,119.903129,544.791263
13.528519,129.951150,542.138409
26.154092,141.156307,541.231540
37.845534,160.173033,541.552896
47.182681,178.542898,542.283984
52.553391,-157.325292,542.666268
52.186721,-130.383699,542.271216
46.226949,-106.901595,541.157293
36.541836,-89.174407,539.857373
24.835356,-75.731192,539.197197
12.127882,-64.704391,539.999536
-0.976245,-54.705230,542.768994
-14.035621,-44.638910,547.465808
-26.601231,-33.393713,553.451599
-38.040915,-19.536179,559.630087
-47.278240,-1.190567,564.736490
-52.567883,22.824363,567.681546
-52.191841,49.572066,567.845981
-46.298785,72.915695,565.243843
-36.708941,90.590753,560.512884
-25.089167,104.021565,554.735152
-12.442098,115.045531,549.135281
0.636319,125.039957,544.741703
13.708108,135.096045,542.114569
26.323665,146.326286,541.229204
37.993467,165.392457,541.562211
47.289300,-176.161326,542.293160
52.590271,-151.956436,542.666565
52.138941,-125.021550,542.259931
46.113189,-101.617137,541.138819
36.390022,-83.963129,539.841763
24.663986,-70.565253,539.196656
11.947478,-59.561205,540.023926
-1.158891,-49.568290,542.821840
-14.214682,-39.493611,547.542236
-26.769660,-28.223024,553.538983
-38.187531,-14.316741,559.711231
-47.383485,4.104353,564.794280
-52.604038,28.190806,567.703604
-52.144552,54.931645,567.827980
-46.186267,78.198930,565.190601
-36.558448,95.801688,560.436977
-24.918843,109.187441,554.653401
-12.262302,120.188679,549.064067
0.818874,130.176796,544.692495
13.887612,140.241161,542.091073
26.493034,151.496759,541.227105
38.140988,170.612761,541.571602
47.395153,-170.864363,542.302261
52.626003,-146.586971,542.666703
52.090054,-119.660183,542.248501
45.998723,-96.333849,541.120306
36.237834,-78.752670,539.826279
24.492432,-65.399766,539.196405
11.767001,-54.418209,540.048705
-1.341528,-44.431334,542.875067
-14.393649,-34.348087,547.618917
-26.937876,-23.051836,553.626403
-38.333731,-9.096428,559.792162
-47.487967,9.400440,564.851643
-52.639061,33.557841,567.725114
-52.096170,60.290457,567.809436
-46.073049,83.481014,565.136944
-36.407579,101.011810,560.360870
-24.748330,114.352865,554.571690
-12.082426,125.331636,548.993096
1.001426,135.313649,544.643637
14.067030,145.386502,542.067922
26.662196,156.667733,541.225242
38.288093,175.833952,541.581066
47.500234,-165.566215,542.311286
52.660583,-141.216913,542.666682
52.040064,-114.299612,542.236926
45.883559,-91.051729,541.101757
36.085275,-73.543025,539.810923
24.320695,-60.234728,539.196445
11.586453,-49.275400,540.073874
-1.524154,-39.294360,542.928674
-14.572522,-29.202333,547.695850
-27.105878,-17.880144,553.713857
-38.479511,-3.875235,559.872876
-47.591681,14.697694,564.908576
-52.672947,38.925451,567.746076
-52.046701,65.648487,567.790350
-45.959137,88.761947,565.082874
-36.256336,106.221125,560.284564
-24.577628,119.517843,554.490024
-11.902471,130.474405,548.922370
1.183975,140.450520,544.595131
14.246359,150.532070,542.045112
26.831151,161.839211,541.223612
