39.853869,-80.363767,540.234226
28.641506,-65.799392,539.277395
16.168718,-54.187948,539.546230
3.137359,-43.992675,541.675495
-9.980894,-34.059868,545.810787
-22.756144,-23.316549,551.494712
-34.636492,-10.460173,557.748503
-44.718237,6.272137,563.323475
-51.461671,28.561234,567.039457
-52.959725,55.103782,568.105091
-48.635171,80.027662,566.328740
-39.990726,99.411454,562.164774
-28.870335,113.955417,556.584203
-16.467410,125.562819,550.803612
-3.473221,135.754536,545.947149
9.645351,145.678920,542.742564
22.459076,156.408312,541.348960
34.412457,169.250652,541.373171
44.591074,-174.009266,542.065366
51.427177,-151.637720,542.621292
52.961314,-124.913108,542.485724
48.589775,-99.822347,541.557762
39.711467,-75.132507,540.216402
28.474844,-60.622072,539.270863
15.990302,-49.039628,539.562068
2.954785,-38.855353,541.719550
-10.161731,-28.918814,545.880875
-22.928832,-18.155954,551.580394
-34.791549,-5.258942,557.833554
-44.839178,11.541210,563.390225
-51.522314,33.910285,567.073603
-52.937956,60.476324,568.099552
-48.539916,85.337097,566.285506
-39.849671,104.642177,562.094284
-28.704829,119.132626,556.502420
-16.289750,130.711107,550.727575
-3.290905,140.891780,545.890269
9.826464,150.819816,542.711136
22.632556,161.568688,541.341038
34.568734,174.451758,541.380160
44.713428,-168.739714,542.075717
51.488842,-146.286727,542.624962
52.939432,-119.537783,542.477893
48.493429,-94.511261,541.540645
39.568604,-69.902196,540.198649
28.307950,-55.445307,539.264572
15.811782,-43.891571,539.578275
2.772197,-33.718078,541.764001
-10.342503,-23.777603,545.951268
-23.101351,-12.994957,551.666188
-34.946267,-0.056964,557.918470
-44.959480,16.811403,563.456607
-51.581917,39.260252,567.107225
-52.915023,65.848482,568.093454
-48.443833,90.645373,566.241804
-39.708156,109.871961,562.023519
-28.539085,124.309281,556.420603
-16.111980,135.859131,550.651725
-3.108567,146.028976,545.833718
10.007520,155.960866,542.680066
22.805873,166.729468,541.333393
34.724677,179.653616,541.387277
44.835142,-163.469027,542.086037
51.549455,-140.934795,542.628489
52.916368,-114.162845,542.469902
48.396246,-89.201355,541.523447
39.425285,-64.672828,540.180971
28.140825,-50.269093,539.258526
15.633161,-38.743774,539.594852
2.589594,-28.580847,541.808849
-10.523207,-18.636235,546.021964
-23.273699,-7.833552,551.752089
-35.100643,5.145769,558.003247
-45.079138,22.082719,563.522618
-51.640475,44.611125,567.140324
-52.890928,71.220239,568.086798
-48.346928,95.952488,566.197638
-39.566184,115.100812,561.952483
-28.373107,129.485389,556.338756
-15.934103,141.006895,550.576065
-2.926208,151.166128,545.777497
10.188515,161.102073,542.649354
22.979027,171.890654,541.326025
34.880282,-175.143769,541.394519
44.956212,-158.197202,542.096321
51.609012,-135.581935,542.631874
52.892126,-108.788314,542.461750
48.298232,-83.892629,541.506170
39.281514,-59.444397,540.163368
27.973472,-45.093425,539.252727
15.454440,-33.596233,539.611799
2.406978,-23.443657,541.854092
-10.703844,-13.494704,546.092962
-23.445875,-2.671735,551.838096
-35.254673,10.349261,558.087882
-45.198147,27.355162,563.588256
-51.697984,49.962891,567.172897
-52.865673,76.591574,568.079584
-48.249205,101.258440,566.153008
-39.423760,120.328735,561.881179
-28.206896,134.660954,556.256881
-15.756119,146.154402,550.500598
-2.743829,156.303237,545.721609
10.369451,166.243441,542.618999
23.152015,177.052251,541.318930
35.035547,-169.940390,541.401884
45.076632,-152.924237,542.106569
51.667509,-130.228159,542.635114
52.866706,-103.414210,542.453439
48.199394,-78.585087,541.488816
39.137296,-54.216899,540.145844
27.805894,-39.918298,539.247177
15.275620,-28.448946,539.629117
2.224351,-18.306506,541.899731
-10.884412,-8.353009,546.164259
-23.617876,2.490496,551.924204
-35.408355,15.553518,558.172370
-45.316502,32.628733,563.653517
-51.754440,55.315538,567.204944
-52.839262,81.962469,568.071812
-48.150672,106.563228,566.107918
-39.280887,125.555736,561.809610
-28.040455,139.835979,556.174984
-15.578030,151.301656,550.425326
-2.561431,161.440307,545.666054
10.550324,171.384973,542.589001
23.324835,-177.785736,541.312108
35.190468,-164.736242,541.409369
45.196397,-147.650127,542.116779
51.724939,-124.873480,542.638210
52.840112,-98.040553,542.444968
48.099736,-73.278728,541.471386
38.992633,-48.990326,540.128401
27.638092,-34.743707,539.241878
15.096703,-23.301909,539.646808
2.041713,-13.169389,541.945765
-11.064910,-3.211146,546.235853
-23.789702,7.653147,552.010410
-35.561685,20.758546,558.256709
-45.434197,37.903438,563.718400
-51.809836,60.669053,567.236463
-52.811696,87.332906,568.063484
-48.051333,111.866851,566.062369
-39.137570,130.781820,561.737780
-27.873786,145.010472,556.093066
-15.399837,156.448660,550.350253
-2.379014,166.577340,545.610832
10.731135,176.526671,542.559360
23.497486,-172.623304,541.305557
35.345041,-159.531319,541.416973
45.315502,-142.374869,542.126949
51.781298,-119.517910,542.641160
52.812347,-92.667360,542.436338
47.999266,-67.973554,541.453882
38.847531,-43.764674,540.111042
27.470069,-29.569648,539.236832
14.917689,-18.155119,539.664874
1.859065,-8.032306,541.992193
-11.245335,1.930887,546.307742
-23.961349,12.816222,552.096712
-35.714659,25.964351,558.340895
-45.551226,43.179277,563.782900
-51.864169,66.023425,567.267452
-52.782978,92.702866,568.054600
-47.951194,117.169307,566.016363
-38.993811,136.006993,561.665692
-27.706891,150.184434,556.011131
-15.221541,161.595417,550.275380
-2.196581,171.714340,545.555946
10.911881,-178.331462,542.530074
23.669965,-167.460449,541.299275
35.499264,-154.325615,541.424692
45.433940,-137.098459,542.137076
51.836582,-114.161461,542.643964
52.783412,-87.294652,542.427550
47.897989,-62.669566,541.436306
38.701992,-38.539937,540.093768
27.301826,-24.396116,539.232042
14.738582,-13.008571,539.683314
1.676409,-2.895253,542.039014
-11.425688,7.073094,546.379923
-24.132816,17.979725,552.183105
-35.867276,31.170936,558.424925
-45.667585,48.456256,563.847016
-51.917434,71.378640,567.297911
-52.753111,98.072330,568.045160
-47.850262,122.470598,565.969903
-38.849617,141.231260,561.593349
-27.539772,155.357873,555.929182
-15.043145,166.741931,550.200710
-2.014132,176.851308,545.501397
11.092562,-173.189421,542.501144
23.842271,-162.297165,541.293260
35.653133,-149.119126,541.432525
45.551706,-131.820896,542.147158
51.890786,-108.804148,542.646620
52.753311,-81.922447,542.418604
47.795910,-57.366763,541.418660
38.556022,-33.316108,540.076583
27.133367,-19.223106,539.227509
14.559381,-7.862264,539.702130
1.493746,2.241774,542.086229
-11.605967,12.215478,546.452395
-24.304102,23.143659,552.269587
-36.019530,36.378310,558.508794
-45.783268,53.734375,563.910745
-51.969627,76.734685,567.327838
-52.722097,103.441281,568.035165
-47.748543,127.770721,565.922991
-38.704989,146.454628,561.520753
-27.372431,160.530791,555.847223
-14.864649,171.888204,550.126245
-1.831669,-178.011752,545.447185
11.273176,-168.047206,542.472569
24.014402,-157.133450,541.287511
35.806645,-143.911845,541.440469
45.668796,-126.542175,542.157195
51.943904,-103.445983,542.649128
52.722047,-76.550763,542.409501
47.693037,-52.065147,541.400946
38.409624,-28.093183,540.059488
26.964693,-14.050614,539.223236
14.380088,-2.716193,539.721323
1.311076,7.378775,542.133836
-11.786171,17.358041,546.525156
-24.475203,28.308030,552.356154
-36.171420,41.586476,558.592500
-45.898270,59.013638,563.974084
-52.020742,82.091546,567.357232
-52.689940,108.809700,568.024615
-47.646041,133.069677,565.875629
-38.559932,151.677101,561.447909
-27.204871,165.703194,555.765258
-14.686054,177.034241,550.051989
-1.649192,-172.874837,545.393311
11.453722,-162.904811,542.444347
24.186356,-151.969299,541.282024
35.959797,-138.703767,541.448522
45.785202,-121.262295,542.167183
51.995933,-98.086981,542.651487
52.689621,-71.179619,542.400241
47.589374,-46.764717,541.383164
38.262802,-22.871155,540.042487
26.795807,-8.878634,539.219225
14.200705,2.429644,539.740893
1.128401,12.515755,542.181835
-11.966297,22.500788,546.598202
-24.646120,33.472841,552.442803
-36.322942,46.795441,558.676040
-46.012585,64.294048,564.037030
-52.070777,87.449209,567.386092
-52.656642,114.177571,568.013512
-47.542762,138.367466,565.827819
-38.414451,156.898685,561.374820
-27.037094,170.875087,555.683288
-14.507363,-177.819957,549.977944
-1.466702,-167.737945,545.339777
11.634200,-157.762235,542.416480
24.358131,-146.804707,541.276800
36.112585,-133.494885,541.456682
45.900921,-115.981252,542.177121
52.046867,-92.727154,542.653696
52.656039,-65.809033,542.390825
47.484928,-41.465474,541.365318
38.115560,-17.650019,540.025581
26.626710,-3.707163,539.215478
14.021233,7.575251,539.760843
0.945723,17.652716,542.230225
-12.146347,27.643720,546.671532
-24.816849,38.638097,552.529531
-36.474092,52.005209,558.759409
-46.126207,69.575606,564.099581
-52.119726,92.807661,567.414416
-52.622207,119.544874,568.001855
-47.438713,143.664087,565.779564
-38.268548,162.119387,561.301488
-26.869102,176.046473,555.601319
-14.328575,-172.674384,549.904112
-1.284201,-162.601073,545.286584
11.814606,-152.619474,542.388965
24.529725,-141.639671,541.271835
36.265005,-128.285195,541.464946
46.015945,-110.699043,542.187008
52.096703,-87.366518,542.655754
52.621302,-60.439023,542.381254
47.379705,-36.167418,541.347409
37.967901,-12.429769,540.008772
26.457405,1.463805,539.211997
13.841673,12.720631,539.781173
0.763041,22.789661,542.279005
-12.326317,32.786841,546.745144
-24.987389,43.803801,552.616334
-36.624867,57.215788,558.842604
-46.239132,74.858316,564.161734
-52.167585,98.166888,567.442204
-52.586637,124.911594,567.989645
-47.333899,148.959542,565.730866
-38.122227,167.339211,561.227918
-26.700896,-178.782643,555.519353
-14.149694,-167.529039,549.830495
-1.101689,-157.464219,545.233732
11.994941,-147.476525,542.361803
24.701137,-136.474186,541.267128
36.417055,-123.074690,541.473312
46.130270,-105.415667,542.196840
52.145435,-82.005086,542.657662
52.585414,-55.069607,542.371528
47.273710,-30.870547,541.329439
37.819830,-7.210399,539.992065
26.287894,6.634273,539.208784
13.662026,17.865787,539.801884
0.580357,27.926592,542.328176
-12.506207,37.930155,546.819035
-25.157737,48.969959,552.703209
-36.775263,62.427182,558.925622
-46.351353,80.142178,564.223487
-52.214349,103.526874,567.469455
-52.549936,130.277712,567.976884
-47.228326,154.253830,565.681727
-37.975492,172.558163,561.154112
-26.532480,-173.612255,555.437393
-13.970719,-162.383918,549.757096
-0.919169,-152.327379,545.181222
12.175203,-142.333385,542.334993
24.872364,-131.308247,541.262678
36.568731,-117.863365,541.481778
46.243890,-100.131121,542.206617
52.193061,-76.642874,542.659417
52.548378,-49.700803,542.361649
47.166949,-25.574862,541.311410
37.671350,-1.991903,539.975459
26.118179,11.804246,539.205841
13.482295,23.010723,539.822976
0.397673,33.063513,542.377735
-12.686015,43.073663,546.893203
-25.327893,54.136573,552.790153
-36.925278,67.639396,559.008460
-46.462866,85.427196,564.284836
-52.260016,108.887605,567.496167
-52.512108,135.643212,567.963571
-47.121999,159.546952,565.632149
-37.828348,177.776249,561.080073
-26.363854,-168.442361,555.355442
-13.791652,-157.239018,549.683918
-0.736640,-147.190550,545.129056
12.355391,-137.190051,542.308533
25.043404,-126.141851,541.258481
36.720028,-112.651213,541.490341
46.356799,-94.845402,542.216337
52.239574,-71.279896,542.661019
52.510197,-44.332627,542.351615
47.059429,-20.280362,541.293323
37.522465,3.225724,539.958960
25.948263,16.973730,539.203171
13.302479,28.155442,539.844451
0.214989,38.200425,542.427683
-12.865741,48.217370,546.967645
-25.497853,59.303650,552.877163
-37.074907,72.852438,559.091113
-46.573664,90.713371,564.345779
-52.304581,114.249065,567.522339
-52.473155,141.008077,567.949708
-47.014925,164.838909,565.582135
-37.680797,-177.006525,561.005805
-26.195022,-163.272954,555.273505
-13.612495,-152.094335,549.610963
-0.554104,-142.053731,545.077234
12.535504,-132.046520,542.282424
25.214256,-120.974993,541.254537
36.870945,-107.438230,541.499000
46.468992,-89.558509,542.225997
52.284972,-65.916169,542.662467
52.470876,-38.965097,542.341430
46.951155,-14.987045,541.275181
37.373179,8.442488,539.942567
25.778146,22.142728,539.200775
13.122581,33.299947,539.866309
0.032306,43.337333,542.478019
-13.045382,53.361279,547.042359
-25.667617,64.471193,552.964234
-37.224147,78.066311,559.173579
-46.683742,96.000704,564.406314
-52.348040,119.611241,567.547970
-52.433081,146.372291,567.935296
-46.907109,170.129701,565.531687
-37.532843,-171.790155,560.931312
-26.025985,-158.104032,555.191584
-13.433249,-146.949867,549.538233
-0.371562,-136.916919,545.025758
12.715540,-126.902788,542.256665
25.384917,-115.807669,541.250843
37.021477,-102.224410,541.507751
46.580462,-84.270440,542.235595
52.329250,-60.551706,542.663762
52.430418,-33.598229,542.331092
46.842132,-9.694911,541.256985
37.223495,13.658395,539.926285
25.607832,27.311244,539.198655
12.942602,38.444241,539.888552
-0.150374,48.474238,542.528741
-13.224938,58.505392,547.117344
-25.837181,69.639206,553.051364
-37.372995,83.281023,559.255855
-46.793094,101.289198,564.466439
-52.390388,124.974115,567.573060
-52.391890,151.735837,567.920334
-46.798556,175.419331,565.480808
-37.384490,-166.574633,560.856596
-25.856745,-152.935588,555.109682
-13.253915,-141.805610,549.465731
-0.189015,-131.780109,544.974627
12.895497,-121.758853,542.231254
25.555385,-110.639875,541.247398
37.171621,-97.009746,541.516592
46.691204,-78.981192,542.245131
52.372403,-55.186525,542.664901
52.388826,-28.232041,542.320603
46.732367,-4.403959,541.238738
37.073418,18.873451,539.910115
25.437322,32.479284,539.196814
12.762543,43.588327,539.911180
-0.333051,53.611143,542.579849
-13.404407,63.649712,547.192596
-26.006544,74.807693,553.138550
-37.521447,88.496578,559.337935
-46.901715,106.578853,564.526149
-52.431623,130.337673,567.597607
-52.349586,157.098700,567.904824
-46.689272,-179.292201,565.429500
-37.235741,-161.359955,560.781660
-25.687305,-147.767620,555.027804
-13.074495,-136.661560,549.393459
-0.006464,-126.643301,544.923844
13.075376,-116.614711,542.206191
25.725659,-105.471605,541.244199
37.321372,-91.794234,541.525522
46.801213,-73.690765,542.254602
52.414429,-49.820641,542.665886
52.346104,-22.866549,542.309964
46.621866,0.885813,541.220441
36.922950,24.087662,539.894061
25.266618,37.646852,539.195253
12.582405,48.732209,539.934194
-0.515723,58.748051,542.631343
-13.583789,68.794244,547.268113
-26.175704,79.976660,553.225787
-37.669499,93.712982,559.419819
-47.009600,111.869672,564.585444
-52.471741,135.701898,567.621610
-52.306172,162.460863,567.888767
-46.579263,-174.004894,565.377765
-37.086601,-156.146115,560.706508
-25.517665,-142.600122,554.945951
-12.894989,-131.517716,549.321419
0.176089,-121.506491,544.873408
13.255174,-111.470360,542.181476
25.895736,-100.302856,541.241245
37.470728,-86.577866,541.534537
46.910482,-68.399157,542.264006
52.455324,-44.454070,542.666713
52.302257,-17.501768,542.299175
46.510633,6.174407,541.202096
36.772095,29.301032,539.878123
25.095722,42.813951,539.193975
12.402190,53.875889,539.957594
-0.698389,63.884965,542.683220
-13.763081,73.938989,547.343892
-26.344659,85.146110,553.313073
-37.817148,98.930240,559.501501
-47.116741,117.161654,564.644321
-52.510737,141.066774,567.645068
-52.261652,167.822312,567.872164
-46.468534,-168.718745,565.325605
-36.937071,-150.933108,560.631144
-25.347829,-137.433091,554.864128
-12.715399,-126.374074,549.249614
0.358644,-116.369676,544.823321
13.434889,-106.325795,542.157108
26.065615,-95.133622,541.238533
37.619685,-81.360638,541.543636
47.019006,-63.106367,542.273342
52.495083,-39.086829,542.667385
52.257288,-12.137715,542.288238
46.398676,11.461824,541.183706
36.620857,34.513568,539.862305
24.924637,47.980587,539.192981
12.221899,59.019371,539.981383
-0.881048,69.021887,542.735481
-13.942283,79.083952,547.419932
-26.513407,90.316049,553.400405
-37.964390,104.148360,559.582978
-47.223135,122.454802,564.702776
-52.548610,146.432285,567.667981
-52.216030,173.183030,567.855015
-46.357092,-163.433754,565.273024
-36.787157,-145.720927,560.555571
-25.177798,-132.266521,554.782337
-12.535726,-121.230630,549.178046
0.541200,-111.232854,544.773583
13.614522,-101.181014,542.133085
26.235293,-89.963901,541.236062
37.768238,-76.142544,541.552816
47.126778,-57.812393,542.282607
52.533702,-33.718935,542.667898
52.211201,-6.774405,542.277152
46.285999,16.748065,541.165271
36.469240,39.725276,539.846610
24.753364,53.146764,539.192274
12.041533,64.162658,540.005559
-1.063700,74.158821,542.788125
-14.121393,84.229136,547.496229
-26.681946,95.486480,553.487778
-38.111222,109.367345,559.664248
-47.328774,127.749115,564.760808
-52.585354,151.798413,567.690348
-52.169310,178.543004,567.837322
-46.244941,-158.149917,565.220023
-36.636862,-140.509567,560.479791
-25.007574,-127.100409,554.700582
-12.355972,-116.087382,549.106717
0.723755,-106.096021,544.724195
13.794070,-96.036014,542.109407
26.404768,-84.793686,541.233830
37.916385,-70.923578,541.562075
47.233794,-52.517235,542.291801
52.571179,-28.350405,542.668254
52.164000,-1.411855,542.265919
46.172609,22.033134,541.146795
36.317246,44.936162,539.831039
24.581906,58.312487,539.191855
11.861094,69.305754,540.030125
-1.246342,79.295768,542.841149
-14.300409,89.374543,547.572782
-26.850273,100.657408,553.575189
-38.257639,114.587202,559.745306
-47.433654,133.044595,564.818414
-52.620967,157.165143,567.712167
-52.121497,-176.097783,567.819085
-46.132087,-152.867235,565.166606
-36.486188,-135.299023,560.403808
-24.837160,-121.934751,554.618866
-12.176137,-110.944326,549.035630
0.906308,-100.959176,544.675159
13.973533,-90.890791,542.086073
26.574038,-79.622974,541.231834
38.064121,-65.703733,541.571411
47.340047,-47.220891,542.300920
52.607510,-22.981255,542.668452
52.115690,3.949922,542.254540
46.058510,27.317032,541.128279
36.164880,50.146231,539.815595
24.410263,63.477758,539.191727
11.680583,74.448660,540.055080
-1.428974,84.432733,542.894555
-14.479332,94.520176,547.649588
-27.018388,105.828837,553.662636
-38.403638,119.807936,559.826150
-47.537769,138.341241,564.875591
-52.655445,162.532456,567.733438
-52.072593,-170.739345,567.800305
-46.018535,-147.585703,565.112774
-36.335140,-130.089288,560.327626
-24.666556,-116.769541,554.537193
-11.996224,-105.801460,548.964786
1.088859,-95.822315,544.626473
14.152908,-85.745342,542.063082
26.743101,-74.451760,541.230073
38.211443,-60.483006,541.580821
47.445532,-41.923362,542.309965
52.642691,-17.611504,542.668490
52.066275,9.310910,542.243016
45.943710,32.599761,541.109725
36.012145,55.355488,539.800281
24.238439,68.642584,539.191891
11.500000,79.591380,540.080426
-1.611595,89.569716,542.948340
-14.658158,99.666040,547.726643
-27.186286,111.000773,553.750114
-38.549216,125.029553,559.906775
-47.641113,143.639055,564.932338
-52.688786,167.900335,567.754160
-52.022605,-165.381695,567.780984
-45.904292,-142.305320,565.058530
-36.183720,-124.880358,560.251248
-24.495765,-111.604776,554.455565
-11.816233,-100.658780,548.894189
1.271406,-90.685436,544.578140
14.332194,-80.599664,542.040433
26.911955,-69.280039,541.228545
38.358347,-55.261389,541.590303
47.550241,-36.624646,542.318932
52.676720,-12.241170,542.668369
52.015759,14.671095,542.231347
45.828212,37.881323,541.091135
35.859045,60.563940,539.785098
24.066435,73.806967,539.192349
11.319348,84.733918,540.106163
-1.794204,94.706722,543.002503
-14.836887,104.812138,547.803947
-27.353967,116.173219,553.837621
-38.694368,130.252059,559.987179
-47.743680,148.938035,564.988652
-52.720985,173.268764,567.774332
-51.971535,-160.024848,567.761122
-45.789362,-137.026083,565.003877
-36.031933,-119.672226,560.174678
-24.324788,-106.440452,554.373986
-11.636165,-95.516283,548.823840
1.453948,-85.548535,544.530160
14.511391,-75.453753,542.018126
27.080597,-64.107808,541.227247
38.504829,-50.038876,541.599855
47.654171,-31.324743,542.327820
52.709592,-6.870269,542.668088
51.964146,20.030462,542.219535
45.712024,43.161722,541.072511
35.705581,65.771593,539.770050
23.894253,78.970913,539.193103
11.138627,89.876276,540.132292
-1.976799,99.843754,543.057044
-15.015518,109.958472,547.881495
-27.521429,121.346180,553.925153
-38.839091,135.475459,560.067359
-47.845464,154.238183,565.044530
-52.752042,178.637723,567.793954
-51.919389,-154.668817,567.740720
-45.673752,-131.747991,564.948817
-35.879780,-114.464888,560.097917
-24.153629,-101.276564,554.292459
-11.456022,-90.373967,548.753741
1.636484,-80.411611,544.482533
14.690497,-70.307607,541.996159
27.249026,-58.935060,541.226178
38.650885,-44.815463,541.609474
47.757314,-26.023654,542.336628
52.741306,-1.498820,542.667647
51.911442,25.388997,542.207580
45.595150,48.440960,541.053855
35.551759,70.978451,539.755139
23.721895,84.134425,539.194156
10.957840,95.018458,540.158813
-2.159380,104.980812,543.111962
-15.194049,115.105045,547.959287
-27.688668,126.519661,554.012705
-38.983381,140.699759,560.147310
-47.946460,159.539498,565.099971
-52.781951,-175.992804,567.813024
-51.866171,-149.313617,567.719780
-45.557465,-126.471040,564.893353
-35.727267,-109.258337,560.020971
-23.982288,-96.113108,554.210987
-11.275805,-85.231827,548.683895
1.819013,-75.274660,544.435261
14.869510,-65.161223,541.974531
27.417240,-53.761792,541.225335
38.796511,-39.591144,541.619158
47.859665,-20.721378,542.345353
52.771857,3.873158,542.667045
51.857650,30.746687,542.195483
45.477596,53.719040,541.035170
35.397582,76.184521,539.740367
23.549362,89.297508,539.195509
10.776986,100.160466,540.185726
-2.341945,110.117902,543.167255
-15.372479,120.251862,548.037318
-27.855684,131.693666,554.100276
-39.127233,145.924964,560.227030
-48.046662,164.841979,565.154971
-52.810711,-170.622836,567.831542
-51.811884,-143.959260,567.698302
-45.440509,-121.195227,564.837487
-35.574396,-104.052567,559.943842
-23.810767,-90.950080,554.129573
-11.095515,-80.089861,548.614304
2.001533,-70.137680,544.388343
15.048429,-60.014596,541.953242
27.585236,-48.587999,541.224717
38.941704,-34.365912,541.628905
47.961218,-15.417916,542.353995
52.801243,9.245648,542.666281
51.802776,36.103518,542.183246
45.359368,58.995965,541.016457
35.243052,81.389809,539.725736
23.376657,94.460166,539.197163
10.596067,105.302304,540.213034
-2.524493,115.255024,543.222922
-15.550807,125.398926,548.115586
-28.022473,136.868200,554.187862
-39.270644,151.151080,560.306515
-48.146064,170.145626,565.209529
-52.838319,-165.252391,567.849508
-51.756535,-138.605759,567.676288
-45.322888,-115.920550,564.781222
-35.421170,-98.847574,559.866534
-23.639068,-85.787476,554.048221
-10.915153,-74.948067,548.544970
2.184045,-65.000667,544.341781
15.227253,-54.867723,541.932291
27.753011,-43.413676,541.224322
39.086458,-29.139762,541.638713
48.061967,-10.113267,542.362551
52.829461,14.618630,542.665356
51.746824,41.459476,542.170869
45.240470,64.271737,540.997719
35.088173,86.594319,539.711250
23.203782,99.622403,539.199122
10.415085,110.443974,540.240735
-2.707024,120.392183,543.278962
-15.729030,130.546239,548.194090
-28.189034,142.043268,554.275458
-39.413611,156.378113,560.385762
-48.244660,175.450438,565.263641
-52.864773,-159.881488,567.866920
-51.700127,-133.253127,567.653739
-45.204608,-110.647006,564.724560
-35.267593,-93.643352,559.789049
-23.467194,-80.625291,553.966934
-10.734721,-69.806440,548.475895
2.366546,-59.863620,544.295574
15.405981,-49.720602,541.911675
27.920565,-38.238818,541.224147
39.230771,-23.912688,541.648579
48.161905,-4.807434,542.371020
52.856509,19.992085,542.664268
51.689798,46.814549,542.158353
45.120910,69.546360,540.978957
34.932949,91.798058,539.696910
23.030738,104.784224,539.201386
10.234041,115.585480,540.268831
-2.889536,125.529380,543.335374
-15.907148,135.693805,548.272825
-28.355364,147.218874,554.363062
-39.556128,161.606068,560.464768
-48.342445,-179.243586,565.317307
-52.890069,-154.510146,567.883778
-51.642666,-127.901377,567.630656
-45.085673,-105.374591,564.667505
-35.113667,-88.439895,559.711392
-23.295145,-75.463523,553.885714
-10.554220,-64.664979,548.407081
2.549036,-54.726535,544.249724
15.584610,-44.573228,541.891395
28.087893,-33.063422,541.224190
39.374639,-18.684684,541.658500
48.261028,0.499584,542.379400
52.882384,25.365995,542.663018
51.631705,52.168724,542.145700
45.000691,74.819837,540.960173
34.777382,97.001032,539.682718
22.857527,109.945631,539.203957
10.052936,120.726824,540.297323
-3.072028,130.666619,543.392157
-16.085160,140.841628,548.351790
-28.521461,152.395024,554.450671
-39.698192,166.834950,560.543529
-48.439413,-173.936447,565.370523
-52.914206,-149.138383,567.900082
-51.584155,-122.550520,567.607039
-44.966090,-100.103303,564.610058
-34.959397,-83.237198,559.633566
-23.122924,-70.302166,553.804566
-10.373651,-59.523679,548.338530
2.731513,-49.589410,544.204231
15.763140,-39.425599,541.871450
28.254996,-27.887481,541.224450
39.518056,-13.455746,541.668476
48.359329,5.807785,542.387689
52.907083,30.740341,542.661605
51.572548,57.521989,542.132909
44.879820,80.092171,540.941371
34.621475,102.203245,539.668679
22.684151,115.106630,539.206838
9.871771,125.868011,540.326209
-3.254498,135.803903,543.449310
-16.263064,145.989711,548.430982
-28.687324,157.571721,554.538280
-39.839800,172.064766,560.622042
-48.535558,-168.628148,565.423288
-52.937181,-143.766218,567.915830
-51.524601,-117.200569,567.582891
-44.845863,-94.833137,564.552223
-34.804784,-78.035255,559.555574
-22.950533,-65.141216,553.723491
-10.193015,-54.382539,548.270245
2.913976,-44.452241,544.159095
15.941569,-34.277711,541.851837
28.421868,-22.710992,541.224923
39.661019,-8.225866,541.678503
48.456802,11.117168,542.395887
52.930604,36.115102,542.660029
51.512332,62.874331,542.119984
44.758302,85.363367,540.922551
34.465233,107.404704,539.654793
22.510611,120.267225,539.210030
9.690547,131.009041,540.355492
-3.436947,140.941233,543.506831
-16.440858,151.138056,548.510398
-28.852948,162.748970,554.625886
-39.980946,177.295521,560.700304
-48.630873,-163.318689,565.475599
-52.958991,-138.393670,567.931023
-51.464007,-111.851535,567.558213
-44.724998,-89.564092,564.494002
-34.649833,-72.834060,559.477419
-22.777972,-59.980670,553.642494
-10.012314,-49.241554,548.202226
3.096425,-39.315027,544.114317
16.119896,-29.129561,541.832557
28.588510,-17.533949,541.225609
39.803525,-2.995040,541.688579
48.553441,16.427731,542.403991
52.952944,41.490260,542.658289
51.451063,68.225739,542.106924
44.636142,90.633427,540.903715
34.308658,112.605414,539.641063
22.336911,125.427419,539.213535
9.509266,136.149920,540.385171
-3.619372,146.078613,543.564720
-16.618541,156.286669,548.590035
-29.018333,167.926777,554.713487
-40.121627,-177.472780,560.778311
-48.725354,-158.008072,565.527453
-52.979636,-133.020759,567.945659
-51.402378,-106.503429,567.533005
-44.603500,-84.296162,564.435398
-34.494546,-67.633609,559.399105
-22.605245,-54.820523,553.561578
-9.831548,-44.100723,548.134477
3.278858,-34.177764,544.069897
16.298119,-23.981145,541.813608
28.754918,-12.356347,541.226504
39.945568,2.236739,541.698702
48.649241,21.739474,542.411999
52.974103,46.865794,542.656386
51.388746,73.576202,542.093730
44.513346,95.902355,540.884867
34.151753,117.805381,539.627491
22.163050,130.587217,539.217355
9.327928,141.290649,540.415248
-3.801773,151.216046,543.622974
-16.796113,161.435551,548.669891
-29.183476,173.105146,554.801077
-40.261839,-172.240132,560.856060
-48.818995,-152.696299,565.578850
-52.999113,-127.647504,567.959738
-51.339721,-101.156262,567.507270
-44.481374,-79.029344,564.376413
-34.338926,-62.433896,559.320635
-22.432352,-49.660772,553.480745
-9.650719,-38.960041,548.067000
3.461274,-29.040449,544.025836
16.476238,-18.832460,541.794988
28.921090,-7.178182,541.227608
40.087144,7.469475,541.708870
48.744194,27.052393,542.419911
52.994077,52.241685,542.654318
51.325386,78.925707,542.080404
44.389918,101.170155,540.866009
33.994521,123.004610,539.614081
21.989032,135.746623,539.221491
9.146536,146.431232,540.445721
-3.984148,156.353534,543.681592
-16.973570,166.584706,548.749963
-29.348375,178.284083,554.888655
-40.401578,-167.006528,560.933548
-48.911789,-147.383373,565.629786
-53.017420,-122.273925,567.973261
-51.276039,-95.810045,567.481007
-44.358626,-73.763636,564.317050
-34.182977,-57.234914,559.242013
-22.259296,-44.501412,553.399998
-9.469828,-33.819507,547.999796
3.643672,-23.903081,543.982134
16.654250,-13.683502,541.776698
29.087023,-1.999450,541.228917
40.228250,12.703175,541.719080
48.838296,32.366487,542.427725
53.012864,57.617913,542.652086
51.260987,84.274244,542.066948
44.265865,106.436831,540.847141
33.836966,128.203106,539.600834
21.814858,140.905640,539.225946
8.965089,151.571671,540.476593
-4.166497,161.491081,543.740574
-17.150913,171.734139,548.830248
-29.513026,-176.536410,554.976216
-40.540838,-161.771963,561.010772
-49.003731,-142.069297,565.680259
-53.034556,-116.900041,567.986225
-51.211338,-90.464790,567.454220
-44.235260,-68.499032,564.257312
-34.026701,-52.036660,559.163241
-22.086078,-39.342439,553.319342
-9.288876,-28.679117,547.932867
3.826051,-18.765655,543.938791
16.832154,-8.534269,541.758735
29.252716,3.179856,541.230429
40.368881,17.937844,541.729330
48.931540,37.681753,542.435439
53.030463,62.994458,542.649690
51.195556,89.621802,542.053361
44.141192,111.702387,540.828267
33.679090,133.400876,539.587753
21.640529,146.064272,539.230720
8.783590,156.711969,540.507862
-4.348818,166.628688,543.799918
-17.328139,176.883851,548.910744
-29.677429,-171.356325,555.063757
-40.679617,-156.536432,561.087728
-49.094815,-136.754072,565.730268
-53.050518,-111.525872,567.998631
-51.145622,-85.120505,567.426908
-44.111281,-63.235530,564.197202
-33.870102,-46.839127,559.084324
-21.912700,-34.183850,553.238778
-9.107865,-23.538868,547.866215
4.008409,-13.628169,543.895808
17.009948,-3.384756,541.741098
29.418165,8.359740,541.232143
40.509033,23.173487,541.739619
49.023920,42.998189,542.443051
53.046872,68.371299,542.647128
51.129097,94.968371,542.039645
44.015903,116.966826,540.809389
33.520897,138.597925,539.574840
21.466047,151.222525,539.235816
8.602040,161.852131,540.539529
-4.531110,171.766359,543.859623
-17.505247,-177.966153,548.991447
-29.841580,-166.175659,555.151274
-40.817910,-151.299930,561.164413
-49.185035,-131.437702,565.779810
-53.065306,-106.151438,568.010478
-51.078898,-79.777201,567.399074
-43.986696,-57.973124,564.136723
-33.713182,-41.642309,559.005265
-21.739163,-29.025641,553.158310
-8.926795,-18.398757,547.799843
4.190747,-8.490621,543.853185
17.187632,1.765039,541.723786
29.583369,13.540206,541.234057
40.648701,28.410111,541.749942
49.115431,48.315792,542.450561
53.062090,73.748416,542.644402
51.061617,100.313941,542.025802
43.890003,122.230154,540.790508
33.362389,143.794258,539.562097
21.291415,156.380400,539.241236
8.420439,166.992157,540.571596
-4.713372,176.904097,543.919687
-17.682235,-172.815869,549.072355
-30.005478,-160.994407,555.238765
-40.955712,-146.062451,561.240825
-49.274386,-126.120190,565.828883
-53.078917,-100.776759,568.021766
-51.011171,-74.434887,567.370719
-43.861508,-52.711811,564.075877
-33.555944,-36.446203,558.926067
-21.565470,-23.867807,553.077941
-8.745668,-13.258782,547.733751
4.373061,-3.353008,543.810923
17.365204,6.915121,541.706799
29.748325,18.721261,541.236167
40.787881,33.647721,541.760300
49.206065,53.634559,542.457966
53.076114,79.125789,542.641510
50.993119,105.658502,542.011832
43.763499,127.492374,540.771627
33.203570,148.989882,539.549528
21.116633,161.537904,539.246981
8.238790,172.132052,540.604061
-4.895603,-177.958096,543.980109
-17.859103,-167.665295,549.153466
-30.169119,-155.812563,555.326224
-41.093019,-140.823989,561.316959
-49.362861,-120.801539,565.877486
-53.091351,-95.401855,568.032495
-50.942444,-69.093573,567.341844
-43.735723,-47.451588,564.014666
-33.398392,-31.250801,558.846734
-21.391621,-18.710346,552.997674
-8.564485,-8.118939,547.667943
4.555352,1.784674,543.769021
17.542662,12.065493,541.690134
29.913031,23.902908,541.238472
40.926568,38.886322,541.770688
49.295819,58.954487,542.465266
53.088944,84.503398,542.638454
50.923610,111.002044,541.997737
43.636396,132.753491,540.752749
33.044442,154.184800,539.537134
20.941703,166.695038,539.253053
8.057092,177.271818,540.636926
-5.077802,-172.820217,544.040887
-18.035849,-162.514427,549.234775
-30.332501,-150.630123,555.413650
-41.229828,-135.584540,561.392812
-49.450455,-115.481754,565.925615
-53.102607,-90.026746,568.042664
-50.872725,-63.753268,567.312450
-43.609346,-42.192448,563.953095
-33.240528,-26.056099,558.767268
-21.217620,-13.553252,552.917512
-8.383247,-2.979226,547.602419
4.737619,6.922427,543.727480
17.720004,17.216158,541.673791
30.077483,29.085153,541.240970
41.064759,44.125919,541.781105
49.384684,64.275571,542.472459
53.100578,89.881220,542.635231
50.853095,116.344558,541.983519
43.508697,138.013508,540.733875
32.885008,159.379019,539.524917
20.766628,171.851808,539.259453
7.875348,-177.588542,540.670190
-5.259968,-167.682263,544.102020
-18.212471,-157.363261,549.316281
-30.495622,-145.447081,555.501039
-41.366132,-130.344099,561.468382
-49.537163,-110.160838,565.973269
-53.112682,-84.651453,568.052273
-50.802018,-58.413981,567.282539
-43.482381,-36.934390,563.891165
-33.082355,-20.862092,558.687674
-21.043466,-8.396522,552.837458
-8.201955,2.160361,547.537182
4.919860,12.060253,543.686300
17.897231,22.367120,541.657767
30.241680,34.268001,541.243659
41.202449,49.366519,541.791549
49.472656,69.597809,542.479543
53.111016,95.259237,542.631843
50.781580,121.686036,541.969177
43.380409,143.272431,540.715008
32.725272,164.572544,539.512881
20.591409,177.008217,539.266183
7.693558,-172.449025,540.703853
-5.442099,-162.544231,544.163506
-18.388967,-152.211794,549.397980
-30.658479,-140.263434,555.588386
-41.501929,-125.102659,561.543666
-49.622977,-104.838794,566.020447
-53.121577,-79.275995,568.061322
-50.730329,-53.075720,567.252114
-43.354834,-31.677407,563.828880
-32.923876,-15.668774,558.607955
-20.869163,-3.240153,552.757515
-8.020610,7.299824,547.472234
5.102073,17.198156,543.645481
18.074339,27.518382,541.642063
30.405619,39.451457,541.246536
41.339633,54.608127,541.802018
49.559729,74.921196,542.486516
53.120255,100.637426,542.628290
50.709070,127.026467,541.954714
43.251537,148.530263,540.696150
32.565236,169.765381,539.501027
20.416047,-177.835731,539.273246
7.511724,-167.309628,540.737917
-5.624195,-157.406119,544.225345
-18.565337,-147.060022,549.479871
-30.821070,-135.079175,555.675689
-41.637214,-119.860216,561.618659
-49.707893,-99.515629,566.067145
-53.129290,-73.900394,568.069810
-50.657663,-47.738494,567.221174
-43.226710,-26.421495,563.766242
-32.765094,-10.476140,558.528113
-20.694711,1.915860,552.677686
-7.839214,12.439166,547.407575
5.284259,22.336139,543.605024
18.251327,32.669948,541.626676
30.569298,44.635526,541.249599
41.476307,59.850747,541.812509
49.645896,80.245728,542.493379
53.128296,106.015767,542.624571
50.635570,132.365845,541.940131
43.122085,153.787011,540.677303
32.404903,174.957534,539.489359
20.240544,-172.680033,539.280641
7.329846,-162.170348,540.772380
-5.806255,-152.267923,544.287533
-18.741579,-141.907942,549.561948
-30.983392,-129.894299,555.762944
-41.771982,-114.616764,561.693359
-49.791904,-94.191345,566.113362
-53.135821,-68.524669,568.077737
-50.584025,-42.402311,567.189721
-43.098013,-21.166651,563.703254
-32.606012,-5.284184,558.448154
-20.520112,7.071520,552.597975
-7.657768,17.578390,547.343209
5.466416,27.474203,543.564928
18.428194,37.821822,541.611606
30.732713,49.820213,541.252846
41.612466,65.094386,541.823020
49.731152,85.571400,542.500129
53.135136,111.394239,542.620685
50.561087,137.704161,541.925430
42.992058,159.042677,540.658469
32.244275,-179.850990,539.477877
20.064901,-167.524684,539.288372
7.147927,-157.031182,540.807244
-5.988276,-147.129642,544.350071
-18.917690,-136.755551,549.644211
-31.145443,-124.708803,555.850148
-41.906228,-109.372299,561.767763
-49.875006,-88.865948,566.159097
-53.141169,-63.148842,568.085103
-50.509422,-37.067177,567.157758
-42.968748,-15.912869,563.639920
-32.446632,-0.092901,558.368079
-20.345368,12.226832,552.518383
-7.476272,22.717499,547.279136
5.648542,32.612352,543.525195
18.604939,42.974007,541.596850
30.895863,55.005523,541.256275
41.748105,70.339048,541.833549
49.815490,90.898209,542.506764
53.140777,116.772822,542.616634
50.485626,143.041407,541.910610
42.861462,164.297267,540.639650
32.083357,-174.660186,539.466585
19.889121,-162.369681,539.296439
6.965966,-151.892127,540.842508
-6.170259,-141.991271,544.412956
-19.093671,-131.602843,549.726656
-31.307220,-119.522679,555.937296
-42.039948,-104.126815,561.841867
-49.957192,-83.539444,566.204347
-53.145334,-57.772933,568.091908
-50.433858,-31.733102,567.125286
-42.838921,-10.660145,563.576241
-32.286957,5.097713,558.287892
-20.170481,17.381798,552.438914
-7.294729,27.856496,547.215359
5.830637,37.750590,543.485823
18.781559,48.126507,541.582408
31.058745,60.191462,541.259884
41.883221,75.584740,541.844094
49.898905,96.226147,542.513284
53.145217,122.151494,542.612417
50.409192,148.377575,541.895675
42.730301,169.550786,540.620850
31.922150,-169.470050,539.455486
19.713205,-157.215019,539.304844
6.783966,-146.753182,540.878173
-6.352201,-136.852808,544.476187
-19.269519,-126.449817,549.809279
-31.468721,-114.335925,556.024386
-42.173138,-98.880307,561.915669
-50.038456,-78.211837,566.249110
-53.148315,-52.396962,568.098151
-50.357339,-26.400092,567.092306
-42.708536,-5.408474,563.512221
-32.126990,10.287665,558.207597
-19.995451,22.536423,552.359572
-7.113139,32.995384,547.151879
6.012699,42.888918,543.446813
18.958053,53.279326,541.568278
31.221356,65.378034,541.263669
42.017808,80.831465,541.854652
49.981392,101.555212,542.519687
53.148455,127.530233,542.608035
50.331792,153.712658,541.880625
42.598581,174.803238,540.602069
31.760657,-164.280575,539.444580
19.537155,-152.060696,539.313589
6.601927,-141.614341,540.914238
-6.534103,-131.714251,544.539763
-19.445232,-121.296467,549.892079
-31.629942,-109.148533,556.111414
-42.305794,-93.632771,561.989165
-50.118794,-72.883133,566.293385
-53.150112,-47.020949,568.103833
-50.279870,-21.068154,567.058820
-42.577597,-0.157852,563.447863
-31.966733,15.476960,558.127198
-19.820281,27.690710,552.280358
-6.931502,38.134165,547.088698
6.194728,48.027339,543.408165
19.134421,58.432466,541.554459
31.383693,70.565244,541.267630
42.151861,86.079230,541.865222
50.062943,106.885396,542.525972
53.150492,132.909019,542.603486
50.253431,159.046650,541.865461
42.466305,-179.945371,540.583311
31.598880,-159.091757,539.433871
19.360972,-146.906707,539.322675
6.419850,-136.475604,540.950703
-6.715962,-126.575596,544.603680
-19.620809,-116.142792,549.975052
-31.790882,-103.960500,556.198377
-42.437909,-88.384201,562.062352
-50.198198,-67.553338,566.337169
-53.150724,-41.644917,568.108953
-50.201458,-15.737294,567.024829
-42.446110,5.091727,563.383170
-31.806190,20.665602,558.046697
-19.644973,32.844663,552.201276
-6.749822,43.272842,547.025818
6.376722,53.165857,543.369879
19.310659,63.585932,541.540949
31.545754,75.753099,541.271764
42.285377,91.328039,541.875801
50.143553,112.216694,542.532137
53.151327,138.287832,542.598772
50.174115,164.379543,541.850186
42.333480,-174.695037,540.564578
31.436824,-153.903590,539.423362
19.184657,-141.753049,539.332104
6.237738,-131.336966,540.987569
-6.897778,-121.436841,544.667939
-19.796249,-110.988786,550.058195
-31.951538,-98.771820,556.285270
-42.569480,-83.134592,562.135228
-50.276664,-62.222458,566.380461
-53.150152,-36.268884,568.113512
-50.122108,-10.407520,566.990336
-42.314078,10.340268,563.318145
-31.645363,25.853597,557.966097
-19.469527,37.998285,552.122329
-6.568097,48.411419,546.963240
6.558680,58.304474,543.331956
19.486767,68.739728,541.527747
31.707536,80.941603,541.276069
42.418349,96.577898,541.886387
50.223218,117.549099,542.538182
53.150960,143.666649,542.593891
50.093849,169.711331,541.834800
42.200109,-169.445754,540.545872
31.274490,-148.716069,539.413053
19.008213,-136.599718,539.341878
6.055590,-126.198426,541.024836
-7.079549,-116.297983,544.732537
-19.971550,-105.834446,550.141505
-32.111906,-93.582487,556.372091
-42.700502,-77.883940,562.207789
-50.354187,-56.890500,566.423259
-53.148396,-30.892872,568.117508
-50.041826,-5.078836,566.955341
-42.181508,15.587774,563.252790
-31.484254,31.040950,557.885404
-19.293945,43.151581,552.043520
-6.386331,53.549898,546.900966
6.740600,63.443193,543.294394
19.662743,73.893856,541.514852
31.869037,86.130761,541.280542
42.550774,101.828812,541.896977
50.301929,122.882607,542.544104
53.149391,149.045449,542.588845
50.012640,175.042008,541.819305
42.066197,-164.197518,540.527194
31.111881,-143.529188,539.402949
18.831641,-131.446710,539.351997
5.873408,-121.059980,541.062503
-7.261275,-111.159019,544.797472
-20.146711,-100.679769,550.224979
-32.271985,-88.392498,556.458836
-42.830970,-72.632240,562.280031
-50.430759,-51.557470,566.465562
-53.145455,-25.516902,568.120943
-49.960617,0.248750,566.919847
-42.048403,20.834252,563.187108
-31.322867,36.227666,557.804619
-19.118229,48.304555,551.964851
-6.204523,58.688281,546.838997
6.922483,68.582017,543.257195
19.838585,79.048322,541.502261
32.030253,91.320579,541.285181
42.682647,107.080785,541.907571
50.379683,128.217209,542.549903
53.146621,154.424212,542.583634
49.930493,-179.628433,541.803702
41.931750,-158.950323,540.508549
30.949000,-138.342943,539.393050
18.654942,-126.294022,539.362463
5.691193,-115.921625,541.100571
-7.442954,-106.019946,544.862743
-20.321729,-95.524751,550.308614
-32.431771,-83.201845,556.545502
-42.960880,-67.379486,562.351953
-50.506376,-46.223375,566.507366
-53.141331,-20.140994,568.123816
-49.878486,5.575233,566.883856
-41.914767,26.079706,563.121104
-31.161204,41.413750,557.723746
-18.942380,53.457208,551.886326
-6.022675,63.826573,546.777335
7.104326,73.720948,543.220357
20.014292,84.203128,541.489974
32.191183,96.511062,541.289984
42.813962,112.333822,541.918165
50.456473,133.552899,542.555578
53.142648,159.802916,542.578257
49.847415,-174.299996,541.787992
41.796772,-153.704165,540.489937
30.785849,-133.157329,539.383360
18.478118,-121.141650,539.373278
5.508946,-110.783358,541.139039
-7.624585,-100.880761,544.928348
-20.496604,-90.369388,550.392408
-32.591262,-78.010525,556.632084
-43.090226,-62.125675,562.423551
-50.581033,-40.888223,566.548672
-53.136024,-14.765168,568.126127
-49.795441,10.900609,566.847369
-41.780607,31.324141,563.054779
-30.999267,46.599208,557.642788
-18.766401,58.609546,551.807947
-5.840788,68.964775,546.715982
7.286129,78.859990,543.183882
20.189862,89.358278,541.477989
32.351822,101.702215,541.294949
42.944715,117.587929,541.928758
50.532293,138.889671,542.561127
53.137475,165.181540,542.572715
49.763410,-168.972688,541.772179
41.661268,-148.459037,540.471361
30.622431,-127.972340,539.373881
18.301171,-115.989591,539.384443
5.326669,-105.645178,541.177907
-7.806166,-95.741461,544.994286
-20.671333,-85.213677,550.476357
-32.750455,-72.818532,556.718580
-43.219005,-56.870802,562.494821
-50.654723,-35.552020,566.589476
-53.129533,-9.389445,568.127876
-49.711485,16.224871,566.810387
-41.645925,36.567562,562.988136
-30.837059,51.784044,557.561750
-18.590291,63.761572,551.729717
-5.658863,74.102890,546.654939
7.467890,83.999146,543.147768
20.365294,94.513777,541.466305
32.512169,106.894043,541.300073
43.074901,122.843110,541.939347
50.607137,144.227515,542.566549
53.131101,170.560063,542.567008
49.678485,-163.646513,541.756261
41.525241,-143.214936,540.452824
30.458748,-122.787971,539.364614
18.124101,-110.837840,539.395960
5.144362,-100.507080,541.217176
-7.987698,-90.602044,545.060554
-20.845915,-80.057613,550.560457
-32.909347,-67.625860,556.804986
-43.347210,-51.614861,562.565762
-50.727441,-30.214775,566.629778
-53.121861,-4.013846,568.129063
-49.626626,21.548015,566.772913
-41.510728,41.809975,562.921179
-30.674583,56.968264,557.480634
-18.414054,68.913289,551.651639
-5.476902,79.240921,546.594208
7.649609,89.138418,543.112016
20.540586,99.669627,541.454919
32.672221,112.086553,541.305355
43.204515,128.099371,541.949930
50.681001,149.566425,542.571842
53.123528,175.938465,542.561135
49.592646,-158.321476,541.740242
41.388698,-137.971855,540.434327
30.294804,-117.604217,539.355563
17.946912,-105.686394,539.407829
4.962027,-95.369063,541.256845
-8.169178,-85.462506,545.127151
-21.020348,-74.901192,550.644707
-33.067936,-62.432505,556.891298
-43.474837,-46.357850,562.636369
-50.799182,-24.876495,566.669576
-53.113006,1.361608,568.129689
-49.540869,26.870037,566.734949
-41.375018,47.051384,562.853910
-30.511840,62.151872,557.399444
-18.237690,74.064701,551.573716
-5.294905,84.378872,546.533790
7.831283,94.277809,543.076626
20.715736,104.825833,541.443831
32.831974,117.279749,541.310791
43.333553,133.356714,541.960505
50.753879,154.906393,542.577007
53.114755,-178.683277,542.555098
49.505898,-152.997582,541.724123
41.251641,-132.729789,540.415874
30.130600,-112.421072,539.346729
17.769603,-100.535250,539.420053
4.779665,-90.231122,541.296914
-8.350605,-80.322845,545.194074
-21.194632,-69.744412,550.729102
-33.226219,-57.238460,556.977513
-43.601882,-41.099762,562.706641
-50.869940,-19.537190,566.708867
-53.102971,6.736899,568.129753
-49.454219,32.190931,566.696496
-41.238800,52.291795,562.786334
-30.348835,67.334874,557.318183
-18.061201,79.215812,551.495951
-5.112874,89.516744,546.473687
8.012912,99.417322,543.041597
20.890743,109.982399,541.433039
32.991426,122.473637,541.316380
43.462008,138.615146,541.971070
50.825764,160.247411,542.582041
53.104783,-173.305182,542.548897
49.418249,-147.674836,541.707905
41.114077,-127.488732,540.397466
29.966140,-107.238533,539.338116
17.592177,-95.384405,539.432633
4.597276,-85.093256,541.337383
-8.531979,-75.183058,545.261323
-21.368763,-64.587268,550.813640
-33.384192,-52.043722,557.063628
-43.728339,-35.840594,562.776573
-50.939711,-14.196866,566.747651
-53.091757,12.112004,568.129255
-49.366683,37.510695,566.657556
-41.102080,57.531213,562.718452
-30.185568,72.517274,557.236854
-17.884588,84.366624,551.418346
-4.930809,94.654541,546.413900
8.194495,104.556961,543.006929
21.065605,115.139328,541.422542
33.150574,127.668221,541.322119
43.589876,143.874671,541.981623
50.896651,165.589469,542.586943
53.093615,-167.927272,542.542531
49.329702,-142.353241,541.691590
40.976009,-122.248681,540.379105
29.801425,-102.056594,539.329724
17.414635,-90.233853,539.445569
4.414862,-79.955462,541.378251
-8.713298,-70.043142,545.328895
-21.542741,-59.429756,550.898318
-33.541853,-46.848284,557.149638
-43.854204,-30.580341,562.846163
-51.008488,-8.855534,566.785925
-53.079364,17.486905,568.128197
-49.278266,42.829323,566.618131
-40.964861,62.769644,562.650267
-30.022043,77.699078,557.155461
-17.707853,89.517143,551.340904
-4.748711,99.792265,546.354430
8.376030,109.696727,542.972623
21.240320,120.296625,541.412336
33.309415,132.863509,541.328006
43.717152,149.135293,541.992162
50.966535,170.932559,542.591713
53.081250,-162.549567,542.536001
49.240266,-137.032801,541.675179
40.837443,-117.009628,540.360795
29.636458,-96.875249,539.321557
17.236979,-85.083593,539.458864
4.232425,-74.817737,541.419519
-8.894561,-64.903094,545.396788
-21.716563,-54.271872,550.983133
-33.699198,-41.652140,557.235541
-43.979470,-25.319000,562.915409
-51.076266,-3.513203,566.823689
-53.065793,22.861580,568.126577
-49.188973,48.146813,566.578223
-40.827148,68.007092,562.581784
-29.858262,82.880291,557.074008
-17.530998,94.667370,551.263628
-4.566583,104.929920,546.295279
8.557517,114.836624,542.938677
21.414887,125.454292,541.402422
33.467946,138.059504,541.334039
43.843831,154.397017,542.002685
51.035410,176.276671,542.596348
53.067689,-157.172088,542.529307
49.149944,-131.713520,541.658674
40.698381,-111.771569,540.342538
29.471242,-91.694494,539.313617
17.059209,-79.933620,539.472518
4.049964,-69.680078,541.461185
-9.075766,-59.762911,545.465001
-21.890229,-49.113613,551.068081
-33.856226,-36.455287,557.321333
-44.104134,-20.056566,562.984306
-51.143041,1.830119,566.860940
-53.051046,28.236010,568.124397
-49.098812,53.463160,566.537834
-40.688944,73.243564,562.513004
-29.694228,88.060916,556.992497
-17.354023,99.817310,551.186521
-4.384425,110.067507,546.236449
8.738954,119.976655,542.905092
21.589303,130.612335,541.392798
33.626164,143.256213,541.340216
43.969908,159.659847,542.013190
51.103272,-178.378202,542.600849
53.052936,-151.794856,542.522450
49.058744,-126.395402,541.642077
40.558829,-106.534497,540.324335
29.305779,-86.514324,539.305906
16.881328,-74.783932,539.486534
3.867482,-64.542482,541.503251
-9.256913,-54.622590,545.533531
-22.063736,-43.954975,551.153159
-34.012933,-31.257717,557.407010
-44.228191,-14.793035,563.052853
-51.208806,7.174422,566.897677
-53.035125,33.610174,568.121656
-49.007787,58.778362,566.496966
-40.550255,78.479063,562.443932
-29.529942,93.240961,556.910933
-17.176930,104.966966,551.109586
-4.202237,115.205030,546.177940
8.920340,125.116823,542.871867
21.763568,135.770756,541.383461
33.784067,148.453641,541.346534
44.095377,164.923787,542.023674
51.170113,-173.032072,542.605214
53.036989,-146.417891,542.515429
48.966672,-121.078449,541.625389
40.418792,-101.298408,540.306189
29.140071,-81.334733,539.298426
16.703337,-69.634524,539.500911
3.684980,-59.404946,541.545715
-9.438001,-49.482128,545.602377
-22.237083,-38.795953,551.238364
-34.169316,-26.059426,557.492569
-44.351634,-9.528403,563.121046
-51.273556,12.519695,566.933899
-53.018031,38.984054,568.118354
-48.915905,64.092416,566.455620
-40.411085,83.713597,562.374570
-29.365407,98.420428,556.829318
-16.999721,110.116342,551.032824
-4.020022,120.342492,546.119754
9.101674,130.257130,542.839002
21.937680,140.929561,541.374411
33.941650,153.651793,541.352990
44.220233,170.188842,542.034135
51.235930,-167.684949,542.609441
53.019852,-141.041213,542.508246
48.873733,-115.762664,541.608612
40.278273,-96.063297,540.288103
28.974122,-76.155718,539.291179
16.525238,-64.485393,539.515652
3.502458,-54.267468,541.588577
-9.619027,-44.341523,545.671536
-22.410267,-33.636544,551.323694
-34.325373,-20.860409,557.578007
-44.474460,-4.262667,563.188883
-51.337288,17.865928,566.969604
-52.999765,44.357628,568.114493
-48.823171,69.405319,566.413800
-40.271437,88.947169,562.304920
-29.200626,103.599323,556.747656
-16.822397,115.265440,550.956240
-3.837780,125.479895,546.061893
9.282955,135.397580,542.806497
22.111636,146.088752,541.365645
34.098912,158.850675,541.359584
44.344472,175.455015,542.044573
51.300716,-162.336842,542.613531
53.001526,-135.664843,542.500901
48.779933,-110.448051,541.591747
40.137276,-90.829156,540.270079
28.807932,-70.977272,539.284168
16.347031,-59.336535,539.530758
3.319917,-49.130045,541.631837
-9.799992,-39.200770,545.741007
-22.583288,-28.476744,551.409144
-34.481099,-15.660660,557.663319
-44.596662,1.004179,563.256360
-51.399994,23.213111,567.004790
-52.980329,49.730877,568.110072
-48.729591,74.717068,566.371506
-40.131316,94.179787,562.234988
-29.035601,108.777651,556.665950
-16.644960,120.414265,550.879835
-3.655513,130.617242,546.004358
9.464181,140.538176,542.774351
22.285435,151.248335,541.357162
34.255848,164.050293,541.366311
44.468087,-179.277689,542.054983
51.364467,-156.987762,542.617482
52.982013,-130.288802,542.493393
48.685278,-105.134611,541.574797
39.995807,-85.595981,540.252119
