30.029434,-68.281633,539.340763
17.660440,-56.415347,539.426931
4.667433,-46.119230,541.320835
-8.462225,-36.209791,545.234446
-21.301810,-25.620702,550.780177
-33.323474,-13.091651,557.029704
-43.679778,3.086657,562.749084
-50.912997,24.699187,566.732394
-53.096209,50.994827,568.129376
-49.400450,76.414910,566.672728
-41.154716,96.466308,562.744997
-30.248386,111.474247,557.268775
-17.952525,123.335707,551.448989
-5.000835,133.628600,546.437788
8.124660,143.530285,543.021190
20.998363,154.105971,541.427474
33.089392,166.620337,541.320707
43.540758,-177.198244,541.978198
50.869500,-155.515192,542.585472
53.098053,-129.045580,542.545133
49.363871,-103.449772,541.697735
41.029182,-83.313860,540.385755
29.864816,-63.099463,539.332283
17.482942,-51.264683,539.439728
4.485029,-40.981408,541.361549
-8.643565,-31.069925,545.301894
-21.475847,-20.463332,550.864803
-33.481256,-7.896482,557.115757
-43.805871,8.346492,562.818809
-50.982157,30.040132,566.770868
-53.084269,56.369809,568.128537
-49.312371,81.733975,566.633493
-41.017688,101.705117,562.676932
-30.084960,116.656280,557.187410
-17.775837,128.486338,551.371487
-4.818750,138.766352,546.378197
8.306213,148.670002,542.986744
21.173135,159.263125,541.417156
33.248352,171.815353,541.326536
43.668262,-171.938045,541.988740
50.939771,-150.172498,542.590289
53.086148,-123.667794,542.538662
49.274776,-98.128887,541.681357
40.890806,-78.074423,540.367422
29.699946,-57.917890,539.324027
17.305329,-46.114311,539.452883
4.302601,-35.843657,541.402662
-8.824850,-25.929928,545.369664
-21.649729,-15.305592,550.949566
-33.638723,-2.700610,557.201704
-43.931368,13.607414,562.888190
-51.050320,35.382081,566.808832
-53.071151,61.744573,568.127137
-49.223414,87.051903,566.593775
-40.880165,106.942943,562.608567
-29.921278,121.837719,557.105982
-17.599028,133.636676,551.294149
-4.636634,143.904033,546.318924
8.487719,153.809848,542.952660
21.347758,164.420650,541.407129
33.407002,177.011075,541.332511
43.795172,-166.676745,541.999266
51.009035,-144.828778,542.594973
53.073047,-118.290226,542.532028
49.184795,-92.809160,541.664885
40.751934,-72.835982,540.349140
29.534826,-52.736909,539.315996
17.127603,-40.964228,539.466397
4.120149,-30.705972,541.444174
-9.006078,-20.789797,545.437754
-21.823456,-10.147477,551.034464
-33.795874,2.495970,557.287541
-44.056264,18.869428,562.957225
-51.117481,40.725023,566.846284
-53.056856,67.119100,568.125176
-49.133586,92.368690,566.553574
-40.742149,112.179789,562.539904
-29.757340,127.018570,557.024496
-17.422099,138.786726,551.216979
-4.454487,149.041646,546.259971
8.669175,158.949827,542.918936
21.522233,169.578547,541.397392
33.565341,-177.792491,541.338631
43.921480,-161.414341,542.009775
51.077287,-139.484040,542.599523
53.058752,-112.912896,542.525230
49.093932,-87.490594,541.648319
40.612571,-67.598532,540.330913
29.369457,-47.556514,539.308194
16.949765,-35.814430,539.480271
3.937675,-25.568352,541.486085
-9.187247,-15.649530,545.506163
-21.997024,-4.988985,551.119494
-33.952705,7.693263,557.373265
-44.180555,24.132536,563.025910
-51.183635,46.068949,566.883222
-53.041387,72.493368,568.122655
-49.042893,97.684333,566.512894
-40.603646,117.415662,562.470948
-29.593151,132.198837,556.942955
-17.245051,143.936491,551.139979
-4.272311,154.179193,546.201340
8.850581,164.089942,542.885573
21.696556,174.736823,541.387944
33.723365,-172.595340,541.344892
44.047184,-156.150829,542.020264
51.144521,-134.138295,542.603936
53.043265,-107.535826,542.518268
49.002194,-82.173193,541.631662
40.472720,-62.362065,540.312741
29.203844,-42.376702,539.300622
16.771816,-30.664915,539.494508
3.755180,-20.430794,541.528395
-9.368358,-10.509122,545.574887
-22.170433,0.169889,551.204652
-34.109213,12.891276,557.458872
-44.304235,29.396744,563.094243
-51.248776,51.413850,566.919646
-53.024743,77.867360,568.119573
-48.951340,102.998829,566.471735
-40.464661,122.650566,562.401700
-29.428712,137.378525,556.861362
-17.067887,149.085974,551.063152
-4.090106,159.316678,546.143031
9.031935,169.230195,542.852569
21.870727,179.895479,541.378782
33.881072,-167.397467,541.351294
44.172277,-150.886203,542.030731
51.210733,-128.791553,542.608213
53.026586,-102.159036,542.511144
48.909588,-76.856958,541.614915
40.332385,-57.126578,540.294629
29.037987,-37.197465,539.293282
16.593758,-25.515677,539.509107
3.572665,-15.293294,541.571103
-9.549408,-5.368572,545.643926
-22.343680,5.329148,551.289935
-34.265395,18.090013,557.544359
-44.427299,34.662056,563.162220
-51.312900,56.759716,566.955553
-53.006927,83.241054,568.115930
-48.858933,108.312175,566.430101
-40.325196,127.884508,562.332164
-29.264025,142.557640,556.779720
-16.890607,154.235179,550.986501
-3.907874,164.454103,546.085046
9.213236,174.370590,542.819926
22.044743,-174.945478,541.369906
34.038457,-162.198867,541.357832
44.296753,-145.620461,542.041175
51.275916,-123.443823,542.612353
53.008717,-96.782545,542.503857
48.816118,-71.541894,541.598080
40.191572,-51.892065,540.276577
28.871889,-32.018801,539.286177
16.415592,-20.366715,539.524070
3.390132,-10.155850,541.614209
-9.730397,-0.227877,545.713277
-22.516764,10.488797,551.375341
-34.421249,23.289481,557.629722
-44.549741,39.928475,563.229839
-51.376002,62.106535,566.990943
-52.987941,88.614430,568.111728
-48.765677,113.624368,566.387992
-40.185256,133.117492,562.262344
-29.099094,147.736186,556.698034
-16.713213,159.384108,550.910029
-3.725617,169.591472,546.027386
9.394483,179.511129,542.787642
22.218603,-169.786047,541.361313
34.195519,-156.999532,541.364507
44.420609,-140.353597,542.051594
51.340066,-118.095116,542.616353
52.989660,-91.406375,542.496408
48.721792,-66.228003,541.581159
40.050284,-46.658519,540.258589
28.705554,-26.840704,539.279310
16.237320,-15.218024,539.539399
3.207580,-5.018460,541.657713
-9.911323,4.912967,545.782939
-22.689683,15.648840,551.460865
-34.576770,28.489683,557.714958
-44.671558,45.196004,563.297096
-51.438075,67.454298,567.025813
-52.967787,93.987470,568.106967
-48.671579,118.935406,566.345412
-40.044846,138.349524,562.192241
-28.933920,152.914167,556.616305
-16.535706,164.532766,550.833738
-3.543334,174.728786,545.970052
9.575675,-175.348184,542.755717
22.392305,-164.626222,541.353002
34.352254,-151.799459,541.371314
44.543839,-135.085609,542.061984
51.403177,-112.745443,542.620214
52.969417,-86.030545,542.488797
48.626614,-60.915286,541.564152
39.908526,-41.425936,540.240666
28.538982,-21.663169,539.272682
16.058943,-10.069602,539.555094
3.025013,0.118880,541.701614
-10.092185,10.053963,545.852909
-22.862436,20.809281,551.546505
-34.731957,33.690627,557.800063
-44.792743,50.464648,563.363990
-51.499116,72.802993,567.060163
-52.946465,99.360154,568.101646
-48.576645,124.245287,566.302361
-39.903970,143.580609,562.121860
-28.768506,158.091589,556.534538
-16.358088,169.681156,550.757631
-3.361027,179.866049,545.913046
9.756810,-170.207347,542.724151
22.565847,-159.466000,541.344971
34.508659,-146.598642,541.378251
44.666437,-129.816491,542.072345
51.465244,-107.394814,542.623935
52.947990,-80.655076,542.481024
48.530592,-55.603747,541.547063
39.766302,-36.194309,540.222812
28.372177,-16.486191,539.266295
15.880463,-4.921444,539.571157
2.842429,5.256173,541.745912
-10.272982,15.195113,545.923185
-23.035020,25.970123,551.632257
-34.886806,38.892317,557.885034
-44.913291,55.734410,563.430517
-51.559119,78.152609,567.093990
-52.923979,104.732462,568.095767
-48.480880,129.554010,566.258843
-39.762631,148.810754,562.051204
-28.602853,163.268457,556.452737
-16.180361,174.829281,550.681711
-3.178698,-174.996737,545.856370
9.937888,-165.066357,542.692943
22.739227,-154.305376,541.337219
34.664731,-141.397074,541.385317
44.788397,-124.546241,542.082674
51.526263,-102.043242,542.627513
52.925380,-75.279986,542.473091
48.433730,-50.293386,541.529892
39.623615,-30.963634,540.205028
28.205141,-11.309766,539.260152
15.701881,0.226453,539.587589
2.659832,10.393421,541.790607
-10.453713,20.336421,545.993765
-23.207435,31.131371,551.718119
-35.041314,44.094759,557.969867
-45.033198,61.005294,563.496674
-51.618080,83.503135,567.127294
-52.900331,110.104375,568.089329
-48.384290,134.861571,566.214859
-39.620835,154.039963,561.980275
-28.436965,168.444775,556.370904
-16.002525,179.977145,550.605979
-2.996347,-169.859569,545.800023
10.118907,-159.925210,542.662093
22.912444,-149.144347,541.329743
34.820467,-136.194750,541.392509
44.909716,-119.274855,542.092969
51.586227,-96.690738,542.630949
52.901591,-69.905297,542.464997
48.336035,-44.984206,541.512641
39.480472,-25.733904,540.187317
28.037875,-6.133889,539.254255
15.523198,5.374092,539.604392
2.477221,15.530626,541.835697
-10.634376,25.477889,546.064648
-23.379677,36.293029,551.804087
-35.195477,49.297959,558.054559
-45.152457,66.277303,563.562459
-51.675993,88.854559,567.160074
-52.875522,115.475874,568.082333
-48.286881,140.167970,566.170411
-39.478584,159.268242,561.909077
-28.270844,173.620548,556.289042
-15.824582,-174.875250,550.530440
-2.813976,-164.722444,545.744008
10.299865,-154.783904,542.631601
23.085496,-143.982908,541.322542
34.975863,-130.991666,541.399824
45.030387,-114.002329,542.103228
51.645132,-91.337313,542.634242
52.876624,-64.531027,542.456743
48.237513,-39.676209,541.495313
39.336874,-20.505113,540.169681
27.870383,-0.958554,539.248606
15.344416,10.521476,539.621565
2.294598,20.667792,541.881183
-10.814971,30.619520,546.135830
-23.551746,41.455100,551.890157
-35.349293,54.501921,558.139106
-45.271064,71.550440,563.627868
-51.732854,94.206869,567.192326
-52.849555,120.846941,568.074780
-48.188659,145.473206,566.125501
-39.335883,164.495597,561.837614
-28.104491,178.795780,556.207156
-15.646533,-169.727899,550.455095
-2.631584,-159.585359,545.688325
10.480763,-149.642436,542.601465
23.258380,-138.821056,541.315614
35.130916,-125.787814,541.407261
45.150404,-108.728659,542.113450
51.702973,-85.982980,542.637390
52.850482,-59.157195,542.448330
48.138170,-34.369394,541.477908
39.192827,-15.277257,540.152124
27.702667,4.216243,539.243207
15.165536,15.668609,539.639111
2.111963,25.804922,541.927064
-10.995495,35.761318,546.207310
-23.723639,46.617589,551.976328
-35.502759,59.706652,558.223505
-45.389013,76.824709,563.692900
-51.788658,99.560052,567.224052
-52.822433,126.217557,568.066670
-48.089629,150.777277,566.080132
-39.192736,169.722032,561.765887
-27.937909,-176.029523,556.125248
-15.468380,-164.580799,550.379946
-2.449175,-154.448312,545.632976
10.661598,-144.500803,542.571687
23.431096,-133.658786,541.308958
35.285623,-120.583190,541.414817
45.269763,-103.453843,542.123632
51.759745,-80.627751,542.640392
52.823167,-53.783821,542.439757
48.038012,-29.063765,541.460429
39.048335,-10.050329,540.134646
27.534729,9.390506,539.238061
14.986559,20.815494,539.657031
1.929319,30.942017,541.973339
-11.175949,40.903285,546.279086
-23.895355,51.780501,552.062594
-35.655870,64.912157,558.307753
-45.506300,82.100111,563.757550
-51.843401,104.914096,567.255249
-52.794158,131.587702,568.058003
-47.989797,156.080182,566.034305
-39.049147,174.947555,561.693901
-27.771101,-170.855357,556.043322
-15.290123,-159.433948,550.304998
-2.266748,-149.311300,545.577962
10.842369,-139.359001,542.542264
23.603642,-128.496094,541.302571
35.439982,-115.377788,541.422490
45.388458,-98.177877,542.133773
51.815443,-75.271639,542.643249
52.794681,-48.410925,542.431026
47.937044,-23.759320,541.442877
38.903401,-4.824323,540.117251
27.366570,14.564240,539.233170
14.807488,25.962134,539.675324
1.746666,36.079082,542.020008
-11.356330,46.045425,546.351156
-24.066891,56.943839,552.148954
-35.808625,70.118442,558.391845
-45.622917,87.376652,563.821818
-51.897077,110.268988,567.285915
-52.764732,136.957359,568.048781
-47.889170,161.381921,565.988024
-38.905120,-179.827830,561.621659
-27.604068,-165.681718,555.961381
-15.111766,-154.287341,550.230251
-2.084305,-144.174320,545.523284
11.023075,-134.217027,542.513197
23.776015,-123.332975,541.296452
35.593987,-110.171601,541.430277
45.506484,-92.900758,542.143869
51.870062,-69.914657,542.645958
52.765029,-43.038524,542.422137
47.835274,-18.456061,541.425254
38.758030,0.400765,540.099940
27.198194,19.737451,539.228535
14.628323,31.108533,539.693994
1.564006,41.216119,542.067071
-11.536637,51.187741,546.423517
-24.238247,62.107606,552.235404
-35.961019,75.325512,558.475779
-45.738861,92.654332,563.885699
-51.949683,115.624715,567.316050
-52.734159,142.326509,568.039003
-47.787752,166.682493,565.941289
-38.760658,-174.604117,561.549164
-27.436812,-160.508600,555.879428
-14.933308,-149.140975,550.155710
-1.901847,-139.037369,545.468942
11.203715,-129.074879,542.484485
23.948213,-118.169427,541.290600
35.747637,-104.964626,541.438177
45.623834,-87.622483,542.153921
51.923599,-64.556818,542.648520
52.734211,-37.666637,542.413090
47.732705,-13.153988,541.407561
38.612226,5.624943,540.082717
27.029603,24.910142,539.224159
14.449065,36.254695,539.713040
1.381338,46.353129,542.114526
-11.716870,56.330235,546.496167
-24.409420,67.271809,552.321940
-36.113050,80.533372,558.559551
-45.854125,97.933155,563.949191
-52.001213,120.981264,567.345653
-52.702441,147.695135,568.028670
-47.685550,171.981898,565.894103
-38.615766,-169.381301,561.476418
-27.269336,-155.335999,555.797468
-14.754751,-143.994848,550.081375
-1.719375,-133.900445,545.414939
11.384287,-123.932554,542.456127
24.120235,-113.005444,541.285011
35.900928,-99.756855,541.446186
45.740504,-82.343049,542.163925
51.976047,-59.198136,542.650932
52.702232,-32.295283,542.403887
47.629345,-7.853102,541.389802
38.465992,10.848215,540.065584
26.860798,30.082318,539.220044
14.269717,41.400621,539.732463
1.198665,51.490117,542.162374
-11.897027,61.472911,546.569103
-24.580408,72.436450,552.408559
-36.264714,85.742029,558.643157
-45.968705,103.213124,564.012292
-52.051664,126.338621,567.374722
-52.669582,153.063219,568.017783
-47.582570,177.280136,565.846469
-38.470447,-164.159375,561.403426
-27.101642,-150.163911,555.715502
-14.576097,-138.848956,550.007250
-1.536890,-128.763545,545.361275
11.564791,-118.790048,542.428123
24.292079,-107.841022,541.279685
36.053856,-94.548283,541.454303
45.856488,-77.062454,542.173880
52.027403,-53.838625,542.653196
52.669095,-26.924480,542.394527
47.525200,-2.553403,541.371977
38.319332,16.070587,540.048543
26.691782,35.253984,539.216192
14.090278,46.546317,539.752266
1.015988,56.627085,542.210613
-12.077106,66.615771,546.642325
-24.751209,77.601534,552.495258
-36.416007,90.951488,558.726594
-46.082594,108.494240,564.074998
-52.101031,131.696771,567.403256
-52.635583,158.430742,568.006343
-47.478816,-177.422794,565.798389
-38.324706,-158.938335,561.330191
-26.933732,-144.992331,555.633535
-14.397346,-133.703296,549.933337
-1.354393,-123.626666,545.307951
11.745225,-113.647359,542.400473
24.463743,-102.676157,541.274619
36.206418,-89.338904,541.462525
45.971780,-71.780694,542.183783
52.077662,-48.478298,542.655309
52.634801,-21.554247,542.385012
47.420275,2.745110,541.354088
38.172251,21.292066,540.031596
26.522557,40.425145,539.212606
13.910752,51.691784,539.772447
0.833307,61.764036,542.259243
-12.257107,71.758819,546.715829
-24.921822,82.767066,552.582034
-36.566926,96.161755,558.809859
-46.195788,113.776506,564.137307
-52.149309,137.055701,567.431255
-52.600450,163.797688,567.994350
-47.374296,-172.126891,565.749865
-38.178545,-153.718174,561.256715
-26.765609,-139.821254,555.551570
-14.218501,-128.557864,549.859639
-1.171886,-118.489805,545.254969
11.925588,-108.504483,542.373175
24.635225,-97.510845,541.269812
36.358611,-84.128713,541.470849
46.086375,-66.497767,542.193633
52.126819,-43.117171,542.657270
52.599355,-16.184600,542.375342
47.314576,8.042437,541.336138
38.024752,26.512656,540.014747
26.353125,45.595804,539.209287
13.731138,56.837026,539.793009
0.650624,66.900972,542.308262
-12.437028,76.902058,546.789613
-25.092245,87.933048,552.668884
-36.717469,101.372834,558.892948
-46.308280,119.059925,564.199217
-52.196495,142.415397,567.458716
-52.564183,169.164040,567.981804
-47.269014,-166.832154,565.700898
-38.031970,-148.498887,561.183003
-26.597273,-134.650676,555.469610
-14.039562,-123.412657,549.786158
-0.989369,-113.352960,545.202328
12.105878,-103.361417,542.346229
24.806523,-92.345082,541.265261
36.510431,-78.917704,541.479275
46.200267,-61.213671,542.203429
52.174871,-37.755257,542.659080
52.562761,-10.815559,542.365517
47.208110,13.338578,541.318127
37.876839,31.732364,539.997997
26.183488,50.765968,539.206237
13.551439,61.982046,539.813953
0.467940,72.037897,542.357672
-12.616868,82.045492,546.863675
-25.262475,93.099487,552.755803
-36.867631,106.584733,558.975858
-46.420066,124.344499,564.260725
-52.242585,147.775844,567.485638
-52.526788,174.529779,567.968708
-47.162977,-161.538584,565.651493
-37.884982,-143.280469,561.109056
-26.428728,-129.480592,555.387658
-13.860530,-118.267672,549.712897
-0.806843,-108.216127,545.150031
12.286095,-98.218158,542.319634
24.977636,-87.178862,541.260966
36.661874,-73.705872,541.487798
46.313450,-55.928404,542.213167
52.221813,-32.392572,542.660738
52.525020,-5.447139,542.355539
47.100881,18.633534,541.300058
37.728516,36.951196,539.981349
26.013649,55.935639,539.203459
13.371656,67.126848,539.835279
0.285255,77.174812,542.407470
-12.796625,87.189122,546.938012
-25.432510,98.266385,552.842789
-37.017408,111.797456,559.058585
-46.531140,129.630228,564.321828
-52.287574,153.137026,567.512022
-52.488267,179.894891,567.955060
-47.056189,-156.246179,565.601650
-37.737587,-138.062913,561.034880
-26.259975,-124.310999,555.305718
-13.681408,-113.122906,549.639858
-0.624310,-103.079305,545.098077
12.466236,-93.074703,542.293390
25.148560,-82.012183,541.256923
36.812938,-68.493209,541.496418
46.425919,-50.641963,542.222847
52.267640,-27.029131,542.662242
52.486137,-0.079358,542.345408
46.992896,23.927306,541.281934
37.579787,42.169156,539.964805
25.843609,61.104823,539.200955
13.191789,72.271435,539.856988
0.102572,82.311721,542.457655
-12.976299,92.332953,547.012623
-25.602350,103.433748,552.929839
-37.166799,117.011009,559.141126
-46.641495,134.917116,564.382524
-52.331458,158.498928,567.537865
-52.448624,-174.740643,567.940862
-46.948657,-150.954939,565.551373
-37.589788,-132.846214,560.960476
-26.091017,-119.141891,555.223793
-13.502196,-107.978355,549.567042
-0.441770,-97.942490,545.046468
12.646302,-87.931048,542.267496
25.319295,-76.845039,541.253132
36.963618,-63.279712,541.505131
46.537667,-45.354346,542.232467
52.312349,-21.664950,542.663592
52.446116,5.287766,542.335125
46.884160,29.219895,541.263755
37.430654,47.386252,539.948368
25.673370,66.273525,539.198726
13.011841,77.415810,539.879081
-0.080109,87.448627,542.508228
-13.155888,97.476986,547.087504
-25.771991,108.601580,553.016948
-37.315798,122.225397,559.223478
-46.751127,140.205163,564.442809
-52.374234,163.861536,567.563167
-52.407862,-169.376838,567.926115
-46.840387,-145.664862,565.500663
-37.441588,-127.630367,560.885848
-25.921855,-113.973264,555.141886
-13.322896,-102.834017,549.494454
-0.259225,-92.805680,544.995205
12.826289,-82.787192,542.241950
25.489837,-71.677425,541.249590
37.113911,-58.065373,541.513936
46.648690,-40.065552,542.242024
52.355936,-16.300043,542.664788
52.404960,10.654218,542.324690
46.774680,34.511301,541.245523
37.281123,52.602488,539.932039
25.502935,71.441747,539.196775
12.831813,82.559975,539.901559
-0.262788,92.585531,542.559188
-13.335391,102.621227,547.162654
-25.941432,113.769884,553.104114
-37.464402,127.440627,559.305636
-46.860030,145.494372,564.502683
-52.415898,169.224833,567.587926
-52.365986,-164.013710,567.910820
-46.731383,-140.375948,565.449523
-37.292991,-122.415365,560.811000
-25.752491,-108.805113,555.060001
-13.143508,-97.689889,549.422095
-0.076676,-87.668872,544.944289
13.006198,-77.643130,542.216754
25.660186,-66.509339,541.246295
37.263814,-52.850188,541.522829
46.758982,-34.775579,542.251516
52.398396,-10.934427,542.665828
52.362673,16.019980,542.314105
46.664461,39.801527,541.227241
37.131196,57.817871,539.915823
25.332305,76.609496,539.195103
12.651705,87.703935,539.924422
-0.445462,97.722438,542.610532
-13.514807,107.765677,547.238070
-26.110670,118.938667,553.191333
-37.612609,132.656704,559.387598
-46.968199,150.784743,564.562141
-52.456446,174.588803,567.612142
-52.322998,-158.651276,567.894977
-46.621653,-135.088194,565.397955
-37.144001,-117.201204,560.735934
-25.582928,-103.637435,554.978140
-12.964035,-92.545966,549.349967
0.105877,-82.532063,544.893720
13.186027,-72.498859,542.191905
25.830339,-61.340775,541.243245
37.413323,-47.634150,541.531810
46.868536,-29.484426,542.260943
52.439726,-5.568119,542.666712
52.319258,21.385036,542.303370
46.553510,45.090574,541.208911
36.980878,63.032405,539.899720
25.161483,81.776775,539.193714
12.471520,92.847693,539.947673
-0.628130,102.859349,542.662262
-13.694133,112.910340,547.313749
-26.279704,124.107930,553.278603
-37.760413,137.873633,559.469360
-47.075627,156.076278,564.621182
-52.495874,179.953431,567.635814
-52.278903,-153.289551,567.878588
-46.511200,-129.801600,565.345963
-36.994620,-111.987877,560.660655
-25.413167,-98.470225,554.896308
-12.784477,-87.402247,549.278073
0.288431,-77.395250,544.843500
13.365775,-67.354377,542.167403
26.000295,-56.171728,541.240439
37.562433,-42.417254,541.540874
46.977347,-24.192091,542.270302
52.479922,-0.201134,542.667440
52.274720,26.749371,542.292486
46.441830,50.378443,541.190534
36.830172,68.246098,539.883734
24.990471,86.943589,539.192608
12.291258,97.991251,539.971310
-0.810792,107.996268,542.714375
-13.873370,118.055219,547.389690
-26.448532,129.277681,553.365919
-37.907812,143.091421,559.550919
-47.182309,161.368977,564.679802
-52.534179,-174.681301,567.658940
-52.233704,-147.928550,567.861653
-46.400031,-124.516164,565.293547
-36.844854,-106.775379,560.585165
-25.243211,-93.303478,554.814507
-12.604836,-82.258727,549.206416
0.470987,-72.258431,544.793628
13.545440,-62.209680,542.143246
26.170050,-51.002195,541.237874
37.711142,-37.199493,541.550021
47.085409,-18.898572,542.279592
52.518981,5.166511,542.668011
52.229062,32.112968,542.281453
46.329430,55.665137,541.172112
36.679081,73.458955,539.867867
24.819270,92.109942,539.191787
12.110920,103.134613,539.995336
-0.993447,113.133197,542.766870
-14.052515,123.200317,547.465889
-26.617152,134.447922,553.453278
-38.054802,148.310073,559.632272
-47.288239,166.662842,564.738001
-52.571357,-169.315408,567.681521
-52.187406,-142.568288,567.844172
-46.288152,-119.231884,565.240711
-36.694705,-101.563704,560.509467
-25.073061,-88.137191,554.732741
-12.425113,-77.115404,549.134996
0.653542,-67.121603,544.744106
13.725020,-57.064764,542.119435
26.339603,-45.832171,541.235549
37.859446,-31.980863,541.559248
47.192717,-13.603870,542.288810
52.556898,10.534798,542.668424
52.182290,37.475812,542.270273
46.216313,60.950657,541.153648
36.527609,78.670981,539.852120
24.647883,97.275839,539.191255
11.930509,108.277781,540.019750
-1.176093,118.270139,542.819748
-14.231568,128.345638,547.542344
-26.785561,139.618658,553.540677
-38.201380,153.529594,559.713414
-47.393412,171.957873,564.795774
-52.607406,-163.948908,567.703554
-52.140013,-137.208781,567.826148
-46.175568,-113.948758,565.187458
-36.544176,-96.352847,560.433566
-24.902719,-82.971358,554.651012
-12.245310,-71.972275,549.063817
0.836096,-61.984763,544.694935
13.904516,-51.919627,542.095969
26.508952,-40.661651,541.233461
38.007341,-26.761357,541.568552
47.299264,-8.307982,542.297955
52.593670,15.903712,542.668679
52.134406,42.837889,542.258946
46.102486,66.235004,541.135143
36.375760,83.882182,539.836498
24.476311,102.441284,539.191012
11.750025,113.420760,540.044554
-1.358729,123.407097,542.873007
-14.410527,133.491184,547.619053
-26.953757,144.789894,553.628112
-38.347540,158.749990,559.794343
-47.497821,177.254071,564.853120
-52.642321,-158.581817,567.725040
-52.091528,-131.850043,567.807581
-46.062284,-108.666784,565.133788
-36.393271,-91.142802,560.357463
-24.732188,-77.805976,554.569325
-12.065426,-66.829336,548.992882
1.018648,-56.847908,544.646115
14.083925,-46.774266,542.072845
26.678095,-35.490630,541.231608
38.154822,-21.540970,541.577931
47.405045,-3.010909,542.307025
52.629294,21.273233,542.668775
52.085415,48.199182,542.247474
45.987955,71.518183,541.116600
36.223537,89.092564,539.821002
24.304556,107.606280,539.191060
11.569470,118.563552,540.069748
-1.541355,128.544073,542.926645
-14.589390,138.636959,547.696013
-27.121739,149.961634,553.715580
-38.493281,163.971267,559.875056
-47.601462,-177.448564,564.910036
-52.676099,-153.214153,567.745976
-52.041956,-126.492088,567.788472
-45.948306,-103.385959,565.079706
-36.241994,-85.933563,560.281163
-24.561469,-72.641041,554.487681
-11.885465,-61.686585,548.922191
1.201196,-51.711036,544.597647
14.263246,-41.628676,542.050065
26.847030,-30.319105,541.229989
38.301888,-16.319696,541.587383
47.510053,2.287351,542.316019
52.663766,26.643345,542.668712
52.035322,53.559678,542.235857
45.872725,76.800194,541.098020
36.070943,94.302133,539.805634
24.132621,112.770833,539.191403
11.388844,123.706159,540.095332
-1.723968,133.681070,542.980663
-14.768157,143.782966,547.773222
-27.289504,155.133884,553.803078
-38.638597,169.193430,559.955548
-47.704329,-172.150032,564.966520
-52.708738,-147.845934,567.766364
-51.991302,-121.134931,567.768821
-45.833640,-98.106282,565.025214
-36.090348,-80.725125,560.204670
-24.390564,-67.476548,554.406086
-11.705427,-56.544018,548.851748
1.383740,-46.574144,544.549532
14.442477,-36.482856,542.027626
27.015754,-25.147070,541.228601
38.448532,-11.097529,541.596905
47.614284,7.586797,542.324935
52.697084,32.014031,542.668489
51.984131,58.919361,542.224096
45.756802,82.081040,541.079405
35.917983,99.510895,539.790397
23.960507,117.934947,539.192040
11.208150,128.848586,540.121309
-1.906569,138.818091,543.035058
-14.946826,148.929209,547.850678
-27.457050,160.306646,553.890602
-38.783485,174.416486,560.035817
-47.806415,-166.850333,565.022569
-52.740234,-142.477176,567.786201
-51.939569,-115.778585,567.748631
-45.718290,-92.827750,564.970314
-35.938335,-75.517482,560.127985
-24.219474,-62.312492,554.324541
-11.525312,-51.401632,548.781554
1.566279,-41.437229,544.501770
14.621618,-31.336801,542.005527
27.184265,-19.974522,541.227443
38.594752,-5.874463,541.606496
47.717730,12.887429,542.333771
52.729243,37.385271,542.668105
51.931846,64.278218,542.212192
45.640191,87.360725,541.060758
35.764659,104.718854,539.775294
23.788216,123.098626,539.192976
11.027388,133.990835,540.147677
-2.089155,143.955139,543.089830
-15.125396,154.075690,547.928376
-27.624376,165.479927,553.978148
-38.927942,179.640439,560.115859
-47.907714,-161.549467,565.078181
-52.770585,-137.107899,567.805487
-51.886762,-110.423064,567.727902
-45.602263,-87.550361,564.915009
-35.785961,-70.310629,560.051113
-24.048203,-57.148871,554.243050
-11.345124,-46.259425,548.711613
1.748810,-36.300289,544.454361
14.800667,-26.190508,541.983769
27.352562,-14.801455,541.226512
38.740544,-0.650493,541.616153
47.820387,18.189249,542.342525
52.760242,42.757047,542.667561
51.878472,69.636234,542.200145
45.522898,92.639250,541.042080
35.610974,109.926017,539.760326
23.615750,128.261873,539.194210
10.846559,139.132910,540.174438
-2.271727,149.092216,543.144978
-15.303865,159.222413,548.006316
-27.791478,170.653730,554.065714
-39.071963,-175.134705,560.195670
-48.008222,-156.247434,565.133354
-52.799788,-131.738119,567.824221
-51.832886,-105.068381,567.706634
-45.485564,-82.274110,564.859300
-35.633227,-65.104559,559.974057
-23.876751,-51.985679,554.161616
-11.164862,-41.117393,548.641925
1.931334,-31.163321,544.407308
14.979622,-21.043975,541.962349
27.520642,-9.627864,541.225806
38.885904,4.574387,541.625874
47.922247,23.492255,542.351195
52.790077,48.129343,542.666856
51.824014,74.993397,542.187958
45.404928,97.916618,541.023374
35.456933,115.132390,539.745497
23.443112,133.424694,539.195746
10.665665,144.274813,540.201592
-2.454282,154.229326,543.200501
-15.482232,164.369381,548.084494
-27.958354,175.828060,554.153296
-39.215544,-169.908940,560.275249
-48.107933,-150.944235,565.188086
-52.827839,-126.367855,567.842403
-51.777945,-99.714549,567.684830
-45.368198,-76.998997,564.803192
-35.480137,-59.899269,559.896821
-23.705121,-46.822912,554.080242
-10.984527,-35.975533,548.572493
2.113850,-26.026321,544.360609
15.158483,-15.897197,541.941267
27.688502,-4.453745,541.225324
39.030828,9.800184,541.635656
48.023306,28.796447,542.359781
52.818744,53.502137,542.665989
51.768476,80.349693,542.175631
45.286288,103.192833,541.004641
35.302538,120.337978,539.730809
23.270301,138.587093,539.197585
10.484708,149.416547,540.229141
-2.636819,159.366470,543.256398
-15.660496,169.516598,548.162908
-28.125003,-178.997078,554.240891
-39.358682,-164.682260,560.354591
-48.206840,-145.639871,565.242373
-52.854737,-120.997127,567.860032
-51.721944,-94.361582,567.662491
-45.250171,-71.725018,564.746687
-35.326694,-54.694751,559.819407
-23.533314,-41.660567,553.998932
-10.804122,-30.833842,548.503319
2.296355,-20.889287,544.314266
15.337248,-10.750172,541.920522
27.856141,0.720906,541.225062
39.175311,15.026901,541.645497
48.123557,34.101824,542.368281
52.846243,58.875413,542.664960
51.711862,85.705108,542.163164
45.166982,108.467898,540.985885
35.147793,125.542787,539.716263
23.097322,143.749073,539.199729
10.303687,154.558116,540.257083
-2.819338,164.503653,543.312667
-15.838655,174.664067,548.241555
-28.291422,-173.821679,554.328494
-39.501373,-159.454660,560.433692
-48.304937,-140.334343,565.296214
-52.880478,-115.625951,567.877107
-51.664887,-89.009491,567.639616
-45.131487,-66.452169,564.689786
-35.172902,-49.491000,559.741819
-23.361332,-36.498639,553.917688
-10.623648,-25.692318,548.434406
2.478849,-15.752217,544.268279
15.515915,-5.602896,541.900112
28.023557,5.896094,541.225020
39.319350,20.254547,541.655395
48.222994,39.408386,542.376692
52.872569,64.249150,542.663769
51.654179,91.059630,542.150560
45.047016,113.741815,540.967105
34.992701,130.746822,539.701863
22.924175,148.910639,539.202179
10.122605,159.699522,540.285421
-3.001838,169.640875,543.369307
-16.016708,179.811791,548.320433
-28.457610,-168.645739,554.416103
-39.643612,-154.226135,560.512550
-48.402220,-135.027651,565.349607
-52.905061,-110.254347,567.893628
-51.606779,-83.658289,567.616209
-45.012153,-61.180448,564.632493
-35.018764,-44.288011,559.664060
-23.189177,-31.337124,553.836515
-10.443105,-20.550956,548.365756
2.661331,-10.615108,544.222649
15.694483,-0.455365,541.880038
28.190746,11.071825,541.225195
39.462941,25.483125,541.665348
48.321612,44.716132,542.385013
52.897720,69.623330,542.662415
51.595431,96.413246,542.137819
44.926395,119.014589,540.948306
34.837266,135.950089,539.687612
22.750862,154.071795,539.204938
9.941463,164.840769,540.314154
-3.184317,174.778141,543.426317
-16.194653,-175.040227,548.399539
-28.623562,-163.469253,554.503714
-39.785396,-148.996679,560.591161
-48.498682,-129.719798,565.402549
-52.928483,-104.882334,567.909594
-51.547626,-78.307988,567.592269
-44.892173,-55.909851,564.574811
-34.864283,-39.085779,559.586135
-23.016851,-26.176018,553.755414
-10.262495,-15.409755,548.297369
2.843800,-5.477956,544.177376
15.872951,4.692423,541.860296
28.357707,16.248103,541.225585
39.606080,30.712642,541.675353
48.419404,50.025061,542.393243
52.921695,74.997934,542.660898
51.535622,101.765945,542.124941
44.805125,124.286222,540.929489
34.681490,141.152594,539.673510
22.577385,159.232544,539.208008
9.760261,169.981859,540.343283
-3.366774,179.915453,543.483696
-16.372490,-169.891983,548.478869
-28.789279,-158.292217,554.591323
-39.926720,-143.766286,560.669523
-48.594317,-124.410785,565.455038
-52.950742,-99.509932,567.925004
-51.487431,-72.958600,567.567798
-44.771552,-50.640375,564.516741
-34.709461,-33.884297,559.508045
-22.844355,-21.015317,553.674389
-10.081818,-10.268711,548.229250
3.026254,-0.340760,544.132461
16.051317,9.840472,541.840888
28.524438,21.424933,541.226187
39.748762,35.943103,541.685407
48.516365,55.335170,542.401379
52.944490,80.372942,542.659218
51.474758,107.117714,542.111929
44.683211,129.556719,540.910656
34.525376,146.354343,539.659561
22.403747,164.392892,539.211390
9.579002,175.122796,540.372808
-3.549209,-174.947186,543.541443
-16.550216,-164.743474,548.558422
-28.954756,-153.114625,554.678928
-40.067580,-138.534950,560.747631
-48.689120,-119.100613,565.507071
-52.971835,-94.137158,567.939858
-51.426200,-67.610136,567.542798
-44.650297,-45.372017,564.458288
-34.554303,-28.683561,559.429795
-22.671692,-15.855018,553.593444
-9.901077,-5.127821,548.161398
3.208693,4.796484,544.087904
16.229581,14.988785,541.821811
28.690936,26.602319,541.227001
39.890983,41.174514,541.695510
48.612488,60.646459,542.409421
52.966103,85.748333,542.657373
51.412843,112.468541,542.098782
44.560659,134.826082,540.891809
34.368929,151.555340,539.645768
22.229947,169.552842,539.215086
9.397686,-179.736418,540.402730
-3.731619,-169.809774,543.599556
-16.727830,-159.594696,548.638195
-29.119992,-147.936472,554.766525
-40.207973,-133.302668,560.825482
-48.783084,-113.789284,565.558648
-52.991762,-88.764033,567.954155
-51.363937,-62.262606,567.517269
-44.528412,-40.104772,564.399452
-34.398811,-23.483564,559.351388
-22.498862,-10.695115,553.512581
-9.720272,0.012918,548.093818
3.391116,9.933778,544.043705
16.407739,20.137366,541.803064
28.857199,31.780266,541.228023
40.032739,46.406881,541.705658
48.707768,65.958926,542.417367
52.986533,91.124089,542.655365
51.349883,117.818416,542.085504
44.437474,140.094315,540.872950
34.212150,156.755592,539.632132
22.055990,174.712398,539.219098
9.216314,-174.595779,540.433050
-3.914004,-164.672307,543.658034
-16.905332,-154.445646,548.718185
-29.284985,-142.757755,554.854110
-40.347894,-128.069432,560.903074
-48.876205,-108.476802,565.609764
-53.010519,-83.390576,567.967895
-51.300649,-56.916023,567.491213
-44.405903,-34.838637,564.340238
-34.242988,-18.284302,559.272827
-22.325869,-5.535605,553.431803
-9.539405,5.153508,548.026510
3.573521,15.071126,543.999865
16.585792,25.286218,541.784646
29.023224,36.958780,541.229251
40.174027,51.640210,541.715850
48.802198,71.272568,542.425216
53.005777,96.500190,542.653193
51.285884,123.167326,542.072093
44.313661,145.361423,540.854082
34.055044,161.955104,539.618656
21.881875,179.871564,539.223428
9.034889,-169.455285,540.463766
-4.096363,-159.534783,543.716876
-17.082719,-149.296320,548.798390
-29.449732,-137.578467,554.941679
-40.487339,-122.835237,560.980402
-48.968475,-103.163167,565.660419
-53.028105,-78.016807,567.981078
-51.236339,-51.570397,567.464631
-44.282774,-29.573609,564.280648
-34.086838,-13.085769,559.194116
-22.152713,-0.376484,553.351114
-9.358477,10.293954,547.959476
3.755907,20.208529,543.956384
16.763738,30.435345,541.766557
29.189010,42.137864,541.230684
40.314841,56.874505,541.726082
48.895772,76.587384,542.432965
53.023834,101.876615,542.650856
51.220849,128.515263,542.058552
44.189225,150.627410,540.835207
33.897613,167.153882,539.605343
21.707605,-174.969656,539.228077
8.853410,-164.314933,540.494881
-4.278695,-154.397200,543.776081
-17.259990,-144.146716,548.878806
-29.614231,-132.398605,555.029230
-40.626304,-117.600078,561.057465
-49.059890,-97.848383,565.710610
-53.044519,-72.642745,567.993702
-51.171013,-46.225737,567.437525
-44.159030,-24.309684,564.220685
-33.930362,-7.887959,559.115258
-21.979396,4.782252,553.270516
-9.177488,15.434256,547.892719
3.938274,25.345992,543.913263
16.941575,35.584750,541.748794
29.354553,47.317525,541.232319
40.455177,62.109773,541.736353
48.988485,81.903370,542.440613
53.040701,107.253345,542.648354
51.154785,133.862213,542.044882
44.064172,155.892278,540.816326
33.739860,172.351931,539.592195
21.533182,-169.811258,539.233046
8.671879,-159.174719,540.526394
-4.460998,-149.259553,543.835647
-17.437144,-138.996829,548.959430
-29.778479,-127.218163,555.116759
-40.764784,-112.363950,561.134257
-49.150443,-92.532453,565.760336
-53.059758,-67.268410,568.005768
-51.104676,-40.882055,567.409895
-44.034677,-19.046857,564.160351
-33.773565,-2.690867,559.036256
-21.805920,9.940607,553.190013
-8.996441,20.574420,547.826240
4.120619,30.483515,543.870502
17.119302,40.734436,541.731357
29.519852,52.497767,541.234154
40.595032,67.346019,541.746661
49.080331,87.220525,542.448159
53.056377,112.630358,542.645688
51.087697,139.208169,542.031084
43.938507,161.156033,540.797442
33.581788,177.549257,539.579214
21.358608,-164.653237,539.238339
8.490298,-154.034641,540.558306
-4.643272,-144.121842,543.895572
-17.614178,-133.846656,549.040261
-29.942475,-122.037137,555.204262
-40.902775,-107.126847,561.210777
-49.240129,-87.215380,565.809593
-53.073822,-61.893823,568.017275
-51.037334,-35.539359,567.381744
-43.909721,-13.785124,564.099649
-33.616450,2.505512,558.957114
-21.632287,15.098585,553.109608
-8.815336,25.714447,547.760042
4.302943,35.621103,543.828101
17.296916,45.884407,541.714244
29.684903,57.678595,541.236187
40.734400,72.583249,541.757003
49.171304,92.538844,542.455602
53.070860,118.007636,542.642856
51.019590,144.553119,542.017159
43.812235,166.418679,540.778558
33.423401,-177.254135,539.566402
21.183883,-159.495591,539.243957
8.308667,-148.894696,540.590616
-4.825516,-138.984062,543.955856
-17.791093,-128.696194,549.121294
-30.106215,-116.855521,555.291736
-41.040273,-101.888764,561.287021
-49.328941,-81.897167,565.858380
-53.086709,-56.519003,568.028223
-50.968991,-30.197660,567.353072
-43.784165,-8.524482,564.038582
-33.459018,7.701184,558.877836
-21.458498,20.256189,553.029304
-8.634174,30.854340,547.694126
4.485243,40.758758,543.786061
17.474418,51.034667,541.697454
29.849705,62.860013,541.238416
40.873278,77.821468,541.767377
49.261397,97.858326,542.462939
53.084150,123.385156,542.639859
50.950469,149.897054,542.003108
43.685362,171.680220,540.759675
33.264701,-172.058240,539.553763
21.009010,-154.338315,539.249900
8.126987,-143.754880,540.623326
-5.007727,-133.846211,544.016497
-17.967886,-123.545440,549.202528
-30.269697,-111.673311,555.379177
-41.177274,-96.649696,561.362985
-49.416875,-76.577818,565.906695
-53.098418,-51.143971,568.038611
-50.899653,-24.856966,567.323882
-43.658014,-3.264927,563.977153
-33.301274,12.896155,558.798424
-21.284555,25.413424,552.949103
-8.452957,35.994103,547.628494
4.667519,45.896483,543.744381
17.651806,56.185219,541.680986
30.014255,68.042028,541.240838
41.011660,83.060681,541.777781
49.350604,103.178965,542.470169
53.096244,128.762898,542.636697
50.880340,155.239965,541.988933
43.557892,176.940659,540.740795
33.105691,-166.863051,539.541298
20.833991,-149.181406,539.256171
7.945261,-138.615192,540.656435
-5.189906,-128.708286,544.077494
-18.144555,-118.394389,549.283960
-30.432918,-106.490501,555.466582
-41.313773,-91.409636,561.438668
-49.503924,-71.257336,565.954535
-53.108947,-45.768746,568.048439
-50.829325,-19.517286,567.294174
-43.531275,1.993547,563.915364
-33.143220,18.090428,558.718882
-21.110460,30.570293,552.869010
-8.271686,41.133738,547.563148
4.849770,51.034281,543.703063
17.829077,61.336066,541.664839
30.178551,73.224643,541.243452
41.149543,88.300895,541.788212
49.438921,108.500760,542.477292
53.107142,134.140842,542.633369
50.809209,160.581842,541.974635
43.429830,-177.799997,540.721922
32.946375,-161.668563,539.529010
20.658826,-144.024858,539.262772
7.763488,-133.475628,540.689943
-5.372051,-123.570284,544.138844
-18.321100,-113.243038,549.365586
-30.595877,-101.307087,555.553947
-41.449766,-86.168581,561.514064
-49.590082,-65.935725,566.001900
-53.118296,-40.393349,568.057707
-50.758013,-14.178630,567.263950
-43.403952,7.250943,563.853219
-32.984858,23.284011,558.639213
-20.936214,35.726800,552.789026
-8.090361,46.273248,547.498089
5.031994,56.172154,543.662106
18.006230,66.487212,541.649012
30.342590,78.407865,541.246255
41.286922,93.542114,541.798669
49.526340,113.823705,542.484305
53.116842,139.518968,542.629875
50.737081,165.922677,541.960215
43.301181,-172.541746,540.703056
32.786755,-156.474772,539.516901
20.483519,-138.868670,539.269704
7.581671,-128.336185,540.723852
-5.554161,-118.432203,544.200547
-18.497519,-108.091384,549.447404
-30.758571,-96.123064,555.641270
-41.585248,-80.926524,561.589172
-49.675344,-60.612991,566.048786
-53.126464,-35.017801,568.066415
-50.685722,-8.841005,567.233211
-43.276049,12.507266,563.790720
-32.826192,28.476907,558.559421
-20.761819,40.882950,552.709156
-7.908985,51.412636,547.433320
5.214191,61.310106,543.621510
18.183265,71.638661,541.633502
30.506369,83.591697,541.249245
41.423793,98.784344,541.809149
49.612856,119.147797,542.491207
53.125344,144.897253,542.626216
50.663962,171.262461,541.945674
43.171952,-167.284582,540.684201
32.626834,-151.281671,539.504974
20.308070,-133.712836,539.276969
7.399810,-123.196860,540.758160
-5.736234,-113.294040,544.262601
-18.673810,-102.939423,549.529411
-30.920997,-90.938426,555.728546
-41.720215,-75.683461,561.663988
-49.759704,-55.289136,566.095192
-53.133450,-29.642122,568.074561
-50.612457,-3.504419,567.201959
-43.147572,17.762520,563.727870
-32.667225,33.669124,558.479510
-20.587277,46.038745,552.629401
-7.727558,56.551906,547.368843
5.396358,66.448138,543.581275
18.360179,76.790416,541.618309
30.669886,88.776146,541.252419
41.560150,104.027591,541.819650
49.698463,124.473032,542.497997
53.132647,150.275677,542.622391
50.589856,176.601187,541.931014
43.042146,-162.028500,540.665358
32.466614,-146.089255,539.493230
20.132481,-128.557353,539.284568
7.217906,-118.057651,540.792869
-5.918270,-108.155792,544.325005
-18.849972,-97.787151,549.611604
-31.083153,-85.753169,555.815771
-41.854663,-70.439386,561.738509
-49.843157,-49.964167,566.141116
-53.139253,-24.266331,568.082147
-50.538225,1.831118,567.170196
-43.018525,23.016710,563.664672
-32.507959,38.860664,558.399482
-20.412589,51.194190,552.549765
-7.546081,61.691059,547.304658
5.578496,71.586255,543.541402
18.536970,81.942481,541.603432
30.833138,93.961215,541.255777
41.695990,109.271859,541.830169
49.783155,129.799404,542.504673
53.138749,155.654220,542.618400
50.514771,-178.061155,541.916236
42.911768,-156.773496,540.646530
32.306100,-140.897519,539.481674
19.956754,-123.402217,539.292504
7.035961,-112.918554,540.827977
-6.100268,-103.017455,544.387756
-19.026003,-92.634566,549.693980
-31.245036,-80.567287,555.902943
-41.988586,-65.194295,561.812731
-49.925695,-44.638088,566.186556
-53.143873,-18.890451,568.089172
-50.463029,7.165601,567.137924
-42.888913,28.269840,563.601129
-32.348397,44.051535,558.319341
-20.237756,56.349289,552.470251
-7.364556,66.830098,547.240769
5.760603,76.724458,543.501892
18.713639,87.094860,541.588868
30.996123,99.146911,541.259314
41.831308,114.517154,541.840705
49.866926,135.126908,542.511234
53.143651,161.032860,542.614243
50.438710,-172.724571,541.901342
42.780824,-151.519566,540.627718
32.145293,-135.706458,539.470305
19.780890,-118.247424,539.300776
6.853976,-107.779567,540.863487
-6.282226,-97.879028,544.450854
-19.201902,-87.481662,549.776536
-31.406643,-75.380776,555.990058
-42.121981,-59.948181,561.886653
-50.007315,-39.310904,566.231510
-53.147309,-13.514501,568.095635
-50.386877,12.499022,567.105142
-42.758742,33.521916,563.537243
-32.188542,49.241741,558.239090
-20.062781,61.504044,552.390862
-7.182984,71.969027,547.177176
5.942678,81.862751,543.462743
18.890182,92.247555,541.574618
31.158838,104.333239,541.263030
41.966099,119.763481,541.851256
49.949771,140.455540,542.517679
53.147352,166.411576,542.609920
50.361682,-167.389070,541.886332
42.649318,-146.266704,540.608926
31.984196,-130.516065,539.459128
19.604891,-113.092971,539.309388
6.671952,-102.640686,540.899396
-6.464144,-92.740508,544.514297
-19.377668,-82.328437,549.859269
-31.567972,-70.193630,556.077112
-42.254842,-54.701041,561.960270
-50.088009,-33.982621,566.275976
-53.149561,-8.138502,568.101536
-50.309773,17.831373,567.071854
-42.628016,38.772941,563.473019
-32.028397,54.431288,558.158733
-19.887665,66.658461,552.311600
-7.001365,77.107849,547.113881
6.124720,87.001136,543.423956
19.066598,97.400571,541.560678
31.321281,109.520204,541.266922
42.100358,125.010845,541.861819
50.031682,145.785294,542.524006
53.149851,171.790346,542.605431
50.283689,-162.054657,541.871208
42.517255,-141.014905,540.590156
31.822813,-125.326336,539.448145
19.428759,-107.938854,539.318341
6.489890,-97.501909,540.935706
-6.646020,-87.601891,544.578083
-19.553298,-77.174888,549.942177
-31.729021,-65.005844,556.164103
-42.387165,-49.452869,562.033579
-50.167773,-28.653245,566.319952
-53.150629,-2.762475,568.106876
-50.231723,23.162648,567.038061
-42.496739,44.022921,563.408458
-31.867964,59.620180,558.078274
-19.712410,71.812542,552.232470
-6.819701,82.246566,547.050886
6.306727,92.139616,543.385531
19.242886,102.553911,541.547049
31.483449,114.707810,541.270988
42.234081,130.259252,541.872391
50.112655,151.116164,542.530214
53.151148,177.169151,542.600777
50.204740,-156.721341,541.855971
42.384641,-135.764165,540.571409
31.661145,-120.137266,539.437357
19.252494,-102.785069,539.327636
6.307791,-92.363234,540.972417
-6.827852,-82.463175,544.642211
-19.728791,-72.021009,550.025255
-31.889786,-59.817413,556.251025
-42.518946,-44.203660,562.106578
-50.246601,-23.322782,566.363438
-53.150512,2.613560,568.111654
-50.152733,28.492841,567.003765
-42.364916,49.271860,563.343563
-31.707245,64.808423,557.997715
-19.537016,76.966291,552.153473
-6.637994,87.385181,546.988193
6.488699,97.278194,543.347468
19.419044,107.707580,541.533728
31.645338,119.896063,541.275225
42.367263,135.508707,541.882972
50.192684,156.448144,542.536302
53.151244,-177.452031,542.595957
50.124839,-151.389127,541.840624
42.251479,-130.514479,540.552689
31.499197,-114.948849,539.426768
19.076100,-97.631613,539.337274
6.125656,-87.224656,541.009529
-7.009641,-77.324356,544.706678
-19.904145,-66.866799,550.108503
-32.050265,-54.628332,556.337876
-42.650180,-38.953410,562.179263
-50.324487,-17.991238,566.406429
-53.149211,7.989582,568.115871
-50.072809,33.821944,566.968967
-42.232552,54.519763,563.278338
-31.546245,69.996023,557.917060
-19.361487,82.119712,552.074612
-6.456243,92.523697,546.925803
6.670634,102.416874,543.309767
19.595071,112.861580,541.520713
31.806948,125.084969,541.279632
42.499899,140.759214,541.893558
50.271763,161.781228,542.542268
53.150137,-172.073222,542.590971
50.043992,-146.058022,541.825167
42.117775,-125.265841,540.533996
31.336969,-109.761080,539.416379
18.899576,-92.478481,539.347258
5.943487,-82.086174,541.047041
-7.191384,-72.185433,544.771484
-20.079360,-61.712252,550.191915
-32.210455,-49.438596,556.424653
-42.780862,-33.702113,562.251631
-50.401425,-12.658619,566.448926
-53.146726,13.365571,568.119525
-49.991955,39.149953,566.933669
-42.099652,59.766636,563.212785
-31.384964,75.182983,557.836313
-19.185822,87.272809,551.995891
-6.274451,97.662117,546.863717
6.852532,107.555657,543.272429
19.770965,118.015915,541.508005
31.968274,130.274532,541.284205
42.631984,146.010779,541.904148
50.349886,167.115410,542.548111
53.147829,-166.694442,542.585819
49.962205,-140.728032,541.809601
41.983534,-120.018246,540.515335
31.174465,-104.573954,539.406192
18.722926,-87.325671,539.357588
5.761285,-76.947784,541.084953
-7.373081,-67.046402,544.836626
-20.254433,-56.557365,550.275490
-32.370354,-44.248199,556.511352
-42.910987,-28.449765,562.323679
-50.477410,-7.324933,566.490926
-53.143057,18.741506,568.122618
-49.910178,44.476862,566.897872
-41.966220,65.012483,563.146908
-31.223407,80.369310,557.755476
-19.010024,92.425585,551.917313
-6.092619,102.800444,546.801939
7.034390,112.694546,543.235452
19.946724,123.170590,541.495600
32.129314,135.464759,541.288944
42.763515,151.263406,541.914740
50.427047,172.450683,542.553830
53.144319,-161.315713,542.580502
49.879484,-135.399163,541.793929
41.848759,-114.771689,540.496706
31.011689,-99.387465,539.396211
18.546150,-82.173177,539.368267
5.579050,-71.809484,541.123266
-7.554731,-61.907261,544.902103
-20.429363,-51.402135,550.359224
-32.529959,-39.057136,556.597968
-43.040550,-23.196362,562.395405
-50.552437,-1.990186,566.532427
-53.138205,24.117366,568.125149
-49.827484,49.802664,566.861579
-41.832261,70.257309,563.080709
-31.061575,85.555008,557.674554
-18.834095,97.578044,551.838879
-5.910747,107.938680,546.740468
7.216209,117.833546,543.198837
20.122347,128.325607,541.483498
32.290065,140.655653,541.293844
42.894485,156.517101,541.925330
50.503241,177.787039,542.559424
53.139607,-155.937056,542.575020
49.795835,-130.071420,541.778151
41.713456,-109.526166,540.478113
30.848641,-94.201609,539.386438
18.369250,-77.020998,539.379295
5.396784,-66.671271,541.161979
-7.736332,-56.768005,544.967913
-20.604149,-46.246558,550.443114
-32.689267,-33.865402,556.684500
-43.169548,-17.941897,562.466804
-50.626499,3.345614,566.573428
-53.132169,29.493130,568.127118
-49.743878,55.127355,566.824791
-41.697780,75.501119,563.014192
-30.899471,90.740082,557.593549
-18.658035,102.730189,551.760594
-5.728836,113.076828,546.679307
7.397986,122.972657,543.162585
20.297832,133.480971,541.471697
32.450525,145.847222,541.298906
43.024889,161.771868,541.935918
50.578461,-176.875528,542.564892
53.133695,-150.558491,542.569372
49.711264,-124.744808,541.762270
41.577630,-104.281670,540.459557
30.685325,-89.016380,539.376874
18.192227,-71.869129,539.390674
5.214489,-61.533142,541.201093
-7.917883,-51.628634,545.034054
-20.778788,-41.090630,550.527158
-32.848276,-28.672992,556.770943
-43.297974,-12.686367,562.537875
-50.699592,8.682459,566.613926
-53.124951,34.868779,568.128525
-49.659366,60.450929,566.787511
-41.562780,80.743919,562.947359
-30.737098,95.924539,557.512466
-18.481847,107.882025,551.682459
-5.546889,118.214891,546.618456
7.579721,128.111884,543.126694
20.473178,138.636686,541.460196
32.610690,151.039469,541.304125
43.154724,167.027713,541.946501
50.652703,-171.537027,542.570231
53.126583,-145.180041,542.563559
49.625775,-119.419333,541.746286
41.441285,-99.038197,540.441041
30.521744,-83.831773,539.367522
18.015084,-66.717566,539.402406
5.032164,-56.395094,541.240607
-8.099383,-46.489143,545.100524
-20.953279,-35.934347,550.611351
-33.006982,-23.479900,556.857294
-43.425824,-7.429768,562.608614
-50.771709,14.020342,566.653921
-53.116551,40.244292,568.129370
-49.573953,65.773383,566.749738
-41.427266,85.985714,562.880214
-30.574457,101.108381,557.431307
-18.305532,113.033554,551.604479
-5.364906,123.352872,546.557919
7.761412,133.251229,543.091164
20.648383,143.792755,541.448993
32.770559,156.232400,541.309500
43.283984,172.284639,541.957076
50.725961,-166.197465,542.575442
53.118271,-139.801725,542.557582
49.539377,-114.094999,541.730201
41.304426,-93.795741,540.422567
30.357900,-78.647783,539.358385
17.837821,-61.566307,539.414491
4.849812,-51.257124,541.280521
-8.280831,-41.349530,545.167322
-21.127620,-30.777706,550.695692
-33.165382,-18.286121,556.943549
-43.553094,-2.172095,562.679018
-50.842846,19.359254,566.693411
-53.106970,45.619648,568.129654
-49.487646,71.094711,566.711477
-41.291244,91.226508,562.812759
-30.411553,106.291616,557.350075
-18.129091,118.184780,551.526654
-5.182887,128.490774,546.497695
7.943059,138.390695,543.055996
20.823445,148.949182,541.438086
32.930127,161.426021,541.315028
43.412663,177.542652,541.967643
50.798228,-160.856851,542.580523
53.108761,-134.423564,542.551440
49.452073,-108.771811,541.714017
41.167056,-88.554297,540.404138
30.193796,-73.464405,539.349465
