26.237752,-64.635267,539.206932
13.608907,-53.411178,539.806907
0.526351,-43.352761,542.341491
-12.559376,-33.347269,546.839619
-25.208069,-22.300656,552.727683
-36.819663,-8.829983,558.949096
-46.384404,8.906512,564.240902
-52.227969,32.313645,567.476975
-52.538866,59.066038,567.972937
-47.196960,83.020806,565.667416
-37.932021,101.302915,561.132895
-26.482637,115.118204,555.414108
-13.917781,126.339118,549.736603
-0.865203,136.393246,545.167053
12.228481,146.389137,542.328443
24.922944,157.421061,541.262633
36.613491,170.879426,541.485334
46.277336,-171.366626,542.210260
52.206924,-147.855506,542.660338
52.537212,-120.911755,542.358763
47.135251,-96.807531,541.305761
37.775988,-78.465561,539.986488
26.067977,-59.465439,539.204066
13.429150,-48.266307,539.828109
0.343667,-38.215843,542.391164
-12.739160,-28.203702,546.913869
-25.378167,-17.133905,552.814648
-36.969564,-3.617525,559.031883
-46.495706,14.191872,564.302135
-52.273310,37.674594,567.503532
-52.500705,64.431352,567.959466
-47.090411,88.313584,565.617714
-37.784755,106.520746,561.058793
-26.313951,120.287953,555.332164
-13.738688,131.483954,549.663493
-0.682672,141.530071,545.114990
12.408646,151.532529,542.302087
25.093928,162.587593,541.258509
36.764677,176.091822,541.493923
46.390034,-166.080560,542.219958
52.253108,-142.492305,542.661890
52.498695,-115.543768,542.348679
47.027507,-91.513381,541.287652
37.627388,-73.247323,539.969909
25.898001,-54.296100,539.201473
13.249310,-43.121652,539.849695
0.160983,-33.078933,542.441226
-12.918861,-23.059936,546.988393
-25.548069,-11.966691,552.901678
-37.119078,1.595762,559.114485
-46.606291,19.478389,564.362963
-52.317548,43.036268,567.529549
-52.461420,69.796026,567.945446
-46.983117,93.605196,565.567577
-37.637085,111.737718,560.984462
-26.145058,125.457216,555.250235
-13.559504,136.628573,549.590607
-0.500134,146.666888,545.063271
12.588736,156.676119,542.276081
25.264724,167.754588,541.254637
36.915480,-178.694948,541.502605
46.502014,-160.793320,542.229596
52.298175,-137.128358,542.663288
52.459037,-110.176432,542.338443
46.919011,-86.220414,541.269489
37.478384,-68.029951,539.953436
25.727826,-49.127245,539.199155
13.069388,-37.977210,539.871665
-0.021699,-27.942026,542.491675
-13.098477,-17.915967,547.063188
-25.717774,-6.799010,552.988769
-37.268203,6.809883,559.196898
-46.716155,24.766066,564.423381
-52.360679,48.398651,567.555025
-52.421016,75.160044,567.930876
-46.875082,98.895645,565.517006
-37.489013,116.953837,560.909907
-25.975961,130.625996,555.168323
-13.380232,141.772978,549.517946
-0.317590,151.803699,545.011898
12.768749,161.819911,542.250424
25.435328,172.922051,541.251015
37.065897,-173.480879,541.511380
46.613269,-155.504903,542.239172
52.342121,-131.763682,542.664532
52.418243,-104.809764,542.328056
46.809768,-80.928629,541.251273
37.328980,-62.813441,539.937072
25.557453,-43.958869,539.197114
12.889385,-32.832977,539.894019
-0.204379,-22.805121,542.542510
-13.278008,-12.771793,547.138252
-25.887279,-1.630857,553.075918
-37.416934,12.024843,559.279119
-46.825292,30.054903,564.483387
-52.402699,53.761730,567.579960
-52.379495,80.523390,567.915757
-46.766312,104.184931,565.466005
-37.340542,122.169109,560.835130
-25.806661,135.794299,555.086432
-13.200872,146.917174,549.445514
-0.135042,156.940508,544.960871
12.948683,166.963907,542.225116
25.605739,178.089986,541.247641
37.215925,-168.265965,541.520245
46.723795,-150.215307,542.248684
52.384942,-126.398291,542.665620
52.376317,-99.443779,542.317517
46.699785,-75.638026,541.233006
37.179179,-57.597786,539.920818
25.386885,-38.790969,539.195352
12.709302,-27.688952,539.916759
-0.387054,-17.668216,542.593732
-13.457451,-7.627410,547.213583
-26.056582,3.537772,553.163122
-37.565268,17.240649,559.361145
-46.933696,35.344902,564.542980
-52.443604,59.125487,567.604351
-52.336862,85.886048,567.900091
-46.656814,109.473055,565.414575
-37.191677,127.383538,560.760135
-25.637162,140.962127,555.004564
-13.021426,152.061162,549.373313
0.047509,162.077316,544.910191
13.128538,172.108110,542.200155
25.775955,-176.741603,541.244512
37.365560,-163.050200,541.529196
46.833586,-144.924531,542.258131
52.426634,-121.032202,542.666553
52.333263,-94.078496,542.306829
46.589067,-70.348602,541.214689
37.028986,-52.382981,539.904677
25.216125,-33.623540,539.193871
12.529142,-22.545130,539.939885
-0.569725,-12.531306,542.645338
-13.636807,-2.482816,547.289179
-26.225682,8.706881,553.250376
-37.713201,22.457305,559.442973
-47.041361,40.636065,564.602155
-52.483390,64.489906,567.628198
-52.293120,91.248001,567.883877
-46.546591,114.760020,565.362720
-37.042421,132.597131,560.684925
-25.467464,146.129487,554.922723
-12.841895,157.204946,549.301344
0.230063,167.214128,544.859859
13.308312,177.252524,542.175542
25.945974,-171.572712,541.241628
37.514798,-157.833579,541.538234
46.942635,-139.632574,542.267511
52.467193,-115.665432,542.667330
52.289083,-88.713928,542.295990
46.477620,-65.060356,541.196325
36.878403,-47.169019,539.888653
25.045173,-28.456578,539.192673
12.348904,-17.401508,539.963397
-0.752389,-7.394390,542.697328
-13.816072,2.661994,547.365036
-26.394576,13.876475,553.337678
-37.860730,27.674818,559.524598
-47.148282,45.928392,564.660912
-52.522055,69.854971,567.651500
-52.248274,96.609235,567.867118
-46.435651,120.045826,565.310440
-36.892778,137.809894,560.609503
-25.297570,151.296381,554.840913
-12.662281,162.348529,549.229611
0.412618,172.350944,544.809876
13.488003,-177.602847,542.151275
26.115793,-166.403334,541.238985
37.663636,-152.616096,541.547353
47.050938,-134.339434,542.276822
52.506615,-110.297996,542.667950
52.243783,-83.350094,542.285004
46.365449,-59.773287,541.177917
36.727435,-41.955896,539.872746
24.874032,-23.290078,539.191760
12.168591,-12.258084,539.987298
-0.935046,-2.257465,542.749701
-13.995247,7.807022,547.441153
-26.563263,19.046559,553.425024
-38.007852,32.893193,559.606018
-47.254454,51.221884,564.719247
-52.559594,75.220667,567.674257
-52.202327,101.969735,567.849813
-46.323998,125.330475,565.257740
-36.742751,143.021831,560.533872
-25.127482,156.462815,554.759136
-12.482584,167.491915,549.158116
0.595174,177.487769,544.760243
13.667611,-172.458002,542.127354
26.285411,-161.233468,541.236583
37.812070,-147.397744,541.556554
47.158487,-129.045110,542.286062
52.544898,-104.929913,542.668412
52.197367,-77.987007,542.273869
46.252561,-54.487392,541.159465
36.576084,-36.743605,539.856959
24.702704,-18.124036,539.191134
11.988203,-7.114854,540.011587
-1.117695,2.879473,542.802457
-14.174330,12.952271,547.517527
-26.731739,24.217137,553.512411
-38.154561,38.112435,559.687229
-47.359869,56.516542,564.777157
-52.596004,80.586974,567.696466
-52.155284,107.329485,567.831964
-46.211639,130.613970,565.204621
-36.592343,148.232949,560.458037
-24.957201,161.628792,554.677396
-12.302806,172.635105,549.086861
0.777728,-177.375395,544.710960
13.847134,-167.312936,542.103777
26.454826,-156.063107,541.234419
37.960096,-142.178519,541.565832
47.265278,-123.749602,542.295229
52.582036,-99.561198,542.668716
52.149838,-72.624683,542.262588
46.138960,-49.202670,541.140971
36.424356,-31.532140,539.841296
24.531191,-12.958447,539.190798
11.807742,-1.971815,540.036266
-1.300334,8.016425,542.855593
-14.353319,18.097745,547.594155
-26.900004,29.388212,553.599835
-38.300856,43.332551,559.768227
-47.464524,61.812367,564.834641
-52.631281,85.953878,567.718128
-52.107147,112.688471,567.813572
-46.098578,135.896312,565.151086
-36.441558,153.443253,560.381999
-24.786731,166.794318,554.595696
-12.122948,177.778105,549.015848
0.960281,-172.238545,544.662028
14.026570,-162.167647,542.080544
26.624035,-150.892247,541.232491
38.107710,-136.958414,541.575187
47.371305,-118.452908,542.304323
52.618028,-94.191869,542.668862
52.101201,-67.263138,542.251161
46.024654,-43.919118,541.122439
36.272252,-26.321497,539.825758
24.359495,-7.793308,539.190752
11.627209,3.171036,540.061335
-1.482964,13.153395,542.909110
-14.532213,23.243446,547.671036
-27.068055,34.559791,553.687294
-38.446731,48.553546,559.849010
-47.568411,67.109358,564.891696
-52.665424,91.321361,567.739242
-52.057923,118.046677,567.794637
-45.984821,141.177504,565.097137
-36.290400,158.652749,560.305764
-24.616071,171.959396,554.514039
-11.943011,-177.079084,548.945079
1.142830,-167.101679,544.613447
14.205919,-157.022131,542.057654
26.793036,-145.720883,541.230796
38.254909,-131.737424,541.584615
47.476561,-113.155028,542.313340
52.652869,-88.821943,542.668848
52.051459,-61.902386,542.239589
45.909647,-38.636734,541.103869
36.119776,-21.111668,539.810348
24.187617,-2.628614,539.190999
11.446606,8.313702,540.086794
-1.665581,18.290385,542.963007
-14.711011,28.389379,547.748166
-27.235889,39.731877,553.774783
-38.592183,53.775425,559.929574
-47.671525,72.407517,564.948320
-52.698427,96.689405,567.759806
-52.007614,123.404091,567.775161
-45.870374,146.457548,565.042777
-36.138871,163.861443,560.229333
-24.445225,177.124030,554.432428
-11.762998,-171.936459,548.874557
1.325376,-161.964794,544.565219
14.385180,-151.876384,542.035105
26.961828,-140.549012,541.229334
38.401688,-126.515543,541.594114
47.581040,-107.855961,542.322280
52.686556,-83.451439,542.668675
52.000619,-56.542441,542.227872
45.793944,-33.355515,541.085264
35.966933,-15.902649,539.795068
24.015560,2.535640,539.191541
11.265934,13.456187,540.112644
-1.848186,23.427399,543.017281
-14.889711,33.535546,547.825543
-27.403506,44.904475,553.862300
-38.737208,58.998195,560.009915
-47.773861,77.706843,565.004509
-52.730289,102.057992,567.779821
-51.956226,128.760698,567.755145
-45.755243,151.736446,564.988008
-35.986975,169.069339,560.152710
-24.274195,-177.711775,554.350868
-11.582907,-166.794016,548.804284
1.507916,-156.827887,544.517344
14.564350,-146.730405,542.012898
27.130408,-135.376628,541.228102
38.548045,-121.292766,541.603683
47.684738,-102.555708,542.331140
52.719086,-78.080375,542.668342
51.948683,-51.183318,542.216012
45.677553,-28.075460,541.066625
35.813724,-10.694434,539.779920
23.843326,7.699457,539.192380
11.085193,18.598492,540.138886
-2.030777,28.564438,543.071933
-15.068313,38.681950,547.903164
-27.570902,50.077589,553.949840
-38.881804,64.221860,560.090031
-47.875413,83.007336,565.060263
-52.761006,107.427105,567.799285
-51.903762,134.116485,567.734589
-45.639432,157.014200,564.932833
-35.834716,174.276444,560.075899
-24.102981,-172.548016,554.269360
-11.402742,-161.651752,548.734262
1.690450,-151.690955,544.469823
14.743428,-141.584189,541.991030
27.298773,-130.203728,541.227098
38.693974,-116.069085,541.613318
47.787648,-97.254268,542.339919
52.750456,-72.708768,542.667848
51.895657,-45.825032,542.204010
45.560477,-22.796564,541.047956
35.660155,-5.487017,539.764908
23.670915,12.862842,539.193518
10.904386,23.740622,540.165521
-2.213353,33.701505,543.126961
-15.246814,43.828596,547.981027
-27.738075,55.251225,554.037401
-39.025964,69.446427,560.169918
-47.976175,88.308996,565.115578
-52.790576,112.796726,567.818197
-51.850227,139.471437,567.713495
-45.522947,162.290814,564.877255
-35.682097,179.482764,559.998902
-23.931587,-167.384687,554.187908
-11.222504,-156.509664,548.664493
1.872977,-146.553996,544.422656
14.922413,-136.437732,541.969502
27.466923,-125.030305,541.226320
38.839472,-110.844497,541.623018
47.889763,-91.951641,542.348616
52.780663,-67.336636,542.667193
51.841545,-40.467594,542.191866
45.442723,-17.518826,541.029257
35.506227,-0.280392,539.750033
23.498332,18.025799,539.194957
10.723512,28.882580,540.192549
-2.395914,38.838604,543.182364
-15.425214,48.975485,548.059130
-27.905024,60.425386,554.124979
-39.169687,74.671901,560.249572
-48.076141,93.611822,565.170451
-52.818996,118.166837,567.836557
-51.795626,144.825542,567.691864
-45.405793,167.566291,564.821275
-35.529120,-175.311697,559.921724
-23.760013,-162.221785,554.106516
-11.042192,-151.367749,548.594980
2.055495,-141.417006,544.375844
15.101305,-131.291033,541.948312
27.634853,-119.856356,541.225766
38.984536,-105.618994,541.632779
47.991079,-86.647828,542.357228
52.809705,-61.963999,542.666376
51.786352,-35.111020,542.179582
45.324297,-12.242243,541.010531
35.351945,4.925446,539.735298
23.325576,23.188333,539.196697
10.542575,34.024368,540.219971
-2.578457,43.975737,543.238140
-15.603511,54.122622,548.137469
-28.071746,65.600078,554.212570
-39.312967,79.898288,560.328991
-48.175306,98.915814,565.224882
-52.846263,123.537419,567.854364
-51.739963,150.178787,567.669696
-45.287977,172.840632,564.764898
-35.375790,-170.106933,559.844368
-23.588263,-157.059305,554.025186
-10.861810,-146.226005,548.525724
2.238003,-136.279984,544.329387
15.280100,-126.144087,541.927459
27.802563,-114.681875,541.225433
39.129160,-100.392571,541.642601
48.091589,-81.342830,542.365754
52.837577,-56.590875,542.665398
51.730082,-29.755322,542.167159
45.205203,-6.966810,540.991781
35.197312,10.130503,539.720706
23.152651,28.350446,539.198743
10.361574,39.165989,540.247787
-2.760982,49.112907,543.294290
-15.781703,59.270010,548.216042
-28.238239,70.775304,554.300172
-39.455801,85.125593,560.408170
-48.273663,104.220970,565.278867
-52.872374,128.908454,567.871617
-51.683243,155.531159,567.646994
-45.169502,178.113842,564.708125
-35.222110,-164.902938,559.766836
-23.416337,-151.897244,553.943922
-10.681358,-141.084427,548.456728
2.420501,-131.142926,544.283287
15.458798,-120.996892,541.906942
27.970051,-109.506859,541.225321
39.273342,-95.165223,541.652480
48.191287,-76.036646,542.374192
52.864279,-51.217284,542.664257
51.672740,-24.400513,542.154597
45.085447,-1.692526,540.973007
35.042330,15.334785,539.706258
22.979557,33.512144,539.201094
10.180512,44.307447,540.275998
-2.943488,54.250117,543.350812
-15.959790,64.417652,548.294846
-28.404501,75.951071,554.387780
-39.598185,90.353822,560.487108
-48.371206,109.527290,565.332405
-52.897328,134.279923,567.888317
-51.625471,160.882647,567.623758
-45.050375,-176.614076,564.650958
-35.068082,-159.699706,559.689133
-23.244237,-146.735598,553.862726
-10.500836,-135.943014,548.387994
2.602987,-126.005829,544.237543
15.637398,-115.849443,541.886760
28.137313,-104.331302,541.225426
39.417077,-89.936944,541.662415
48.290168,-70.729279,542.382541
52.889806,-45.843243,542.662954
51.614332,-19.046606,542.141898
44.965035,3.580613,540.954213
34.887004,20.538298,539.691957
22.806297,38.673431,539.203754
9.999389,49.448745,540.304604
-3.125974,59.387368,543.407703
-16.137770,69.565551,548.373879
-28.570529,81.127381,554.475391
-39.740115,95.582980,560.565799
-48.467931,114.834772,565.385492
-52.921121,139.651807,567.904461
-51.566651,166.233237,567.599990
-44.930601,-171.343120,564.593401
-34.913710,-154.497232,559.611262
-23.071965,-141.574362,553.781603
-10.320247,-130.801762,548.319523
2.785460,-120.868692,544.192156
15.815899,-110.701738,541.866912
28.304347,-99.155200,541.225747
39.560360,-84.707728,541.672402
48.388225,-65.420728,542.390799
52.914157,-40.468773,542.661488
51.554861,-13.693612,542.129063
44.843972,8.852610,540.935400
34.731337,25.741046,539.677806
22.632873,43.834310,539.206723
9.818206,54.589885,540.333606
-3.308438,64.524665,543.464965
-16.315642,74.713711,548.453139
-28.736321,86.304242,554.563002
-39.881586,100.813073,560.644242
-48.563832,120.143415,565.438127
-52.943752,145.024087,567.920050
-51.506789,171.582918,567.575690
-44.810185,-166.073287,564.535457
-34.758997,-149.295511,559.533225
-22.899524,-136.413532,553.700554
-10.139592,-125.660668,548.251319
2.967919,-115.731510,544.147126
15.994298,-105.553773,541.847397
28.471152,-93.978547,541.226281
39.703189,-79.477569,541.682440
48.485452,-60.110996,542.398964
52.937329,-35.093892,542.659858
51.494334,-8.341545,542.116092
44.722264,14.123470,540.916570
34.575331,30.943036,539.663807
22.459285,48.994786,539.210004
9.636965,59.730870,540.363004
-3.490880,69.662010,543.522594
-16.493403,79.862135,548.532621
-28.901875,91.481656,554.650609
-40.022595,106.044106,560.722432
-48.658901,125.453217,565.490308
-52.965218,150.396744,567.935083
-51.445888,176.931679,567.550860
-44.689133,-160.804571,564.477127
-34.603946,-144.094537,559.455027
-22.726914,-131.253104,553.619584
-9.958872,-120.519729,548.183382
3.150364,-110.594282,544.102455
16.172594,-100.405545,541.828214
28.637725,-88.801340,541.227026
39.845558,-74.246462,541.692527
48.581843,-54.800084,542.407036
52.959321,-29.718621,542.658065
51.432755,-2.990415,542.102987
44.599915,19.393195,540.897726
34.418990,36.144273,539.649963
22.285537,54.154862,539.213599
9.455667,64.871704,540.392798
-3.673298,74.799406,543.580590
-16.671054,85.010827,548.612325
-29.067189,96.659628,554.738209
-40.163138,111.276085,560.800367
-48.753134,130.764176,565.542032
-52.985518,155.769759,567.949560
-51.383955,-177.720491,567.525502
-44.567448,-155.536971,564.418415
-34.448560,-138.894305,559.376671
-22.554137,-126.093075,553.538695
-9.778087,-115.378942,548.115715
3.332792,-105.457004,544.058141
16.350787,-95.257050,541.809362
28.804063,-83.623572,541.227981
39.987463,-69.014402,541.702660
48.677393,-49.487994,542.415011
52.980129,-24.342979,542.656108
51.370129,2.359765,542.089749
44.476932,24.661789,540.878870
34.262317,41.344762,539.636275
22.111630,59.314544,539.217508
9.274313,70.012390,540.422990
-3.855692,79.936855,543.638951
-16.848592,90.159790,548.692246
-29.232260,101.838165,554.825799
-40.303211,116.509016,560.878043
-48.846525,136.076289,565.593297
-53.004649,161.143112,567.963480
-51.320994,-172.373605,567.499615
-44.445138,-150.270482,564.359323
-34.292843,-133.694808,559.298160
-22.381196,-120.933439,553.457891
-9.597240,-110.238305,548.048320
3.515202,-100.319673,544.014187
16.528873,-90.108285,541.790839
28.970164,-78.445240,541.229143
40.128901,-63.781381,541.712837
48.772096,-44.174727,542.422890
52.999753,-18.966987,542.653987
51.306461,7.708985,542.076379
44.353319,29.929257,540.860003
34.105315,46.544511,539.622747
21.937565,64.473834,539.221735
9.092904,75.152930,540.453579
-4.038059,85.074360,543.697677
-17.026015,95.309027,548.772382
-29.397086,107.017269,554.913375
-40.442808,121.742903,560.955457
-48.939068,141.389556,565.644101
-53.022610,166.516784,567.976842
-51.257010,-167.027671,567.473203
-44.322206,-145.005100,564.299854
-34.136797,-128.496042,559.219498
-22.208092,-115.774195,553.377174
-9.416331,-105.097814,547.981199
3.697595,-95.182288,543.970591
16.706854,-84.959246,541.772644
29.136027,-73.266339,541.230510
40.269867,-58.547396,541.723055
48.865945,-38.860287,542.430670
53.018189,-13.590663,542.651701
51.241757,13.057234,542.062879
44.229082,35.195601,540.841128
33.947987,51.743523,539.609380
21.763345,69.632737,539.226281
8.911442,80.293327,540.484566
-4.220400,90.211924,543.756766
-17.203324,100.458542,548.852731
-29.561664,112.196947,555.000932
-40.581927,126.977753,561.032605
-49.030757,146.703973,565.694442
-53.039399,171.890754,567.989646
-51.192008,-161.682701,567.446265
-44.198659,-139.740823,564.240011
-33.980425,-123.298002,559.140687
-22.034826,-110.615336,553.296547
-9.235361,-99.957466,547.914354
3.879967,-90.044845,543.927355
16.884725,-79.809930,541.754777
29.301648,-68.086863,541.232080
40.410357,-53.312439,541.733313
48.958934,-33.544674,542.438349
53.035437,-8.214029,542.649251
51.176021,18.404501,542.049248
44.104226,40.460827,540.822248
33.790337,56.941804,539.596178
21.588971,74.791257,539.231147
8.729928,85.433585,540.515951
-4.402712,95.349550,543.816216
-17.380515,105.608338,548.933289
-29.725993,117.377203,555.088469
-40.720562,132.213571,561.109485
-49.121586,152.019536,565.744318
-53.055014,177.265004,568.001892
-51.125994,-156.338705,567.418804
-44.074500,-134.477645,564.179796
-33.823730,-118.100681,559.061732
-21.861401,-105.456860,553.216015
-9.054333,-94.817258,547.847787
4.062320,-84.907341,543.884479
17.062487,-74.660334,541.737235
29.467025,-62.906807,541.233851
40.550366,-48.076506,541.743609
49.051058,-28.227893,542.445927
53.051494,-2.837104,542.646636
51.109260,23.750776,542.035490
43.978756,45.724938,540.803364
33.632367,62.139360,539.583142
21.414444,79.949398,539.236336
8.548363,90.573706,540.547735
-4.584996,100.487241,543.876027
-17.557588,110.758419,549.014055
-29.890069,122.558042,555.175981
-40.858710,137.450362,561.186094
-49.211550,157.336245,565.793726
-53.069454,-177.360488,568.013579
-51.058973,-150.995693,567.390821
-43.949736,-129.215563,564.119213
-33.666716,-112.904075,558.982636
-21.687818,-100.298762,553.135579
-8.873246,-89.677188,547.781499
4.244650,-79.769774,543.841963
17.240138,-69.510455,541.720018
29.632156,-57.726167,541.235820
40.689890,-42.839592,541.753939
49.142310,-22.909946,542.453402
53.066359,2.540091,542.643856
51.041478,29.096049,542.021604
43.852678,50.987937,540.784478
33.474080,67.336197,539.570275
21.239767,85.107163,539.241848
8.366747,95.713693,540.579917
-4.767249,105.624999,543.936196
-17.734541,115.908788,549.095024
-30.053891,127.739469,555.263466
-40.996367,142.688131,561.262427
-49.300642,162.654094,565.842664
-53.082717,-171.985740,568.024707
-50.990949,-145.653674,567.362317
-43.824371,-123.954573,564.058263
-33.509386,-107.708177,558.903402
-21.514079,-95.141039,553.055243
-8.692102,-84.537252,547.715493
4.426958,-74.632141,543.799808
17.417676,-64.360288,541.703125
29.797038,-52.544938,541.237986
40.828925,-37.601690,541.764302
49.232685,-17.590836,542.460771
53.080030,7.917536,542.640910
50.972681,34.440310,542.007592
43.725996,56.249831,540.765593
33.315480,72.532320,539.557579
21.064942,90.264557,539.247686
8.185083,100.853550,540.612499
-4.949471,110.762827,543.996723
-17.911373,121.059449,549.176194
-30.217456,132.921489,555.350918
-41.133527,147.926884,561.338482
-49.388857,167.973080,565.891132
-53.094803,-166.610773,568.035276
-50.921929,-140.312658,567.333294
-43.698410,-118.694670,563.996951
-33.351741,-102.512983,558.824033
-21.340185,-89.983686,552.975010
-8.510903,-79.397448,547.649771
4.609242,-69.494438,543.758013
17.595100,-59.209830,541.686555
29.961669,-47.363115,541.240346
40.967466,-32.362795,541.774696
49.322176,-12.270566,542.468035
53.092507,13.295210,542.637799
50.902874,39.783549,541.993455
43.598716,61.510622,540.746711
33.156569,77.727734,539.545057
20.889969,95.421583,539.253852
8.003372,105.993278,540.645479
-5.131660,115.900728,544.057606
-18.088082,126.210404,549.257563
-30.380761,138.104106,555.438336
-41.270187,153.166626,561.414256
-49.476190,173.293200,565.939125
-53.105709,-161.235608,568.045284
-50.851917,-134.972653,567.303752
-43.571859,-113.435851,563.935278
-33.193785,-97.318487,558.744534
-21.166138,-84.826701,552.894882
-8.329649,-74.257772,547.584333
4.791501,-64.356664,543.716579
17.772409,-54.059077,541.670305
30.126046,-42.180692,541.242898
41.105509,-27.122902,541.785117
49.410778,-6.949140,542.475191
53.103788,18.673092,542.634523
50.832063,45.125758,541.979194
43.470843,66.770316,540.727834
32.997350,82.922445,539.532711
20.714851,100.578246,539.260347
7.821614,111.132882,540.678860
-5.313816,121.038704,544.118843
-18.264667,131.361659,549.339128
-30.543804,143.287326,555.525715
-41.406342,158.407362,561.489745
-49.562633,178.614451,565.986643
-53.115436,-155.860264,568.054733
-50.780919,-129.633669,567.273694
-43.444722,-108.178111,563.873248
-33.035522,-92.124684,558.664906
-20.991940,-79.670078,552.814864
-8.148341,-69.118222,547.519183
4.973734,-59.218816,543.675506
17.949600,-48.908027,541.654375
30.290167,-36.997665,541.245640
41.243050,-21.882005,541.795565
49.498485,-1.626562,542.482238
53.113871,24.051161,542.631081
50.760253,50.466927,541.964812
43.342381,72.028916,540.708964
32.837827,88.116459,539.520543
20.539589,105.734549,539.267172
7.639811,116.272363,540.712640
-5.495937,126.176760,544.180434
-18.441127,136.513216,549.420885
-30.706583,148.471154,555.613053
-41.541988,163.649098,561.564947
-49.648183,-176.063174,566.033684
-53.123981,-150.484762,568.063621
-50.708940,-124.295713,567.243122
-43.317004,-102.921446,563.810863
-32.876953,-86.931569,558.585154
-20.817593,-74.513814,552.734958
-7.966981,-63.978795,547.454322
5.155939,-54.080889,543.634795
18.126673,-43.756675,541.638764
30.454029,-31.814029,541.248570
41.380084,-16.640098,541.806037
49.585291,3.697163,542.489174
53.122756,29.429398,542.627473
50.687450,55.807048,541.950308
43.213337,77.286427,540.690104
32.678002,93.309780,539.508557
20.364185,110.890496,539.274329
7.457963,121.411726,540.746820
-5.678023,131.314896,544.242375
-18.617459,141.665078,549.502832
-30.869095,153.655595,555.700344
-41.677120,168.891839,561.639858
-49.732832,-170.739677,566.080245
-53.131345,-145.109122,568.071948
-50.635986,-118.958794,567.212035
-43.188709,-97.665850,563.748126
-32.718082,-81.739136,558.505282
-20.643097,-69.357906,552.655167
-7.785570,-58.839489,547.389752
5.338116,-48.942883,543.594445
18.303625,-38.605018,541.623469
30.617630,-26.629778,541.251685
41.516606,-11.397178,541.816530
49.671189,9.022033,542.495999
53.130442,34.807780,542.623700
50.613659,61.146113,541.935685
43.083715,82.542854,540.671255
32.517878,98.502414,539.496753
20.188641,116.046091,539.281820
7.276073,126.550972,540.781400
-5.860071,136.453117,544.304667
-18.793662,146.817250,549.584966
-31.031338,158.840654,555.787587
-41.811734,174.135590,561.714474
-49.816575,-165.415064,566.126324
-53.137526,-139.733365,568.079715
-50.562062,-113.622921,567.180437
-43.059844,-92.411321,563.685040
-32.558911,-76.547380,558.425292
-20.468456,-64.202350,552.575493
-7.604109,-53.700299,547.325474
5.520264,-43.804794,543.554457
18.480456,-33.453053,541.608491
30.780967,-21.444907,541.254984
41.652612,-6.153237,541.827043
49.756174,14.348042,542.502711
53.136929,40.186287,542.619761
50.538886,66.484113,541.920943
42.953519,87.798202,540.652421
32.357457,103.694367,539.485135
20.012957,121.201337,539.289647
7.094141,131.690104,540.816380
-6.042081,141.591425,544.367308
-18.969735,151.969735,549.667284
-31.193308,164.026335,555.874777
-41.945826,179.380356,561.788793
-49.899406,-160.089339,566.171921
-53.142524,-134.357511,568.086920
-50.487174,-108.288100,567.148328
-42.930413,-87.157852,563.621609
-32.399444,-71.356295,558.345188
-20.293669,-59.047141,552.495941
-7.422600,-48.561223,547.261490
5.702381,-38.666619,543.514830
18.657164,-28.300775,541.593827
30.944038,-16.259412,541.258463
41.788097,-0.908271,541.837573
49.840240,19.675184,542.509307
53.142214,45.564898,542.615656
50.463137,71.821041,541.906084
42.822756,93.052475,540.633603
32.196743,108.885644,539.473706
19.837137,126.356239,539.297811
6.912169,136.829126,540.851761
-6.224052,146.729823,544.430295
-19.145677,157.122537,549.749783
-31.355003,169.212645,555.961912
-42.079390,-175.373858,561.862812
-49.981320,-154.762508,566.217031
-53.146339,-128.981581,568.093564
-50.411327,-102.954339,567.115711
-42.800420,-81.905440,563.557834
-32.239682,-66.165877,558.264973
-20.118740,-53.892276,552.416512
-7.241042,-43.422259,547.197802
5.884466,-33.528355,543.475566
18.833747,-23.148181,541.579476
31.106840,-11.073286,541.262122
41.923056,4.337726,541.848119
49.923382,25.003456,542.515788
53.146299,50.943592,542.611384
50.386417,77.156889,541.891109
42.691429,98.305678,540.614803
32.035739,114.076250,539.462466
19.661181,131.510800,539.306314
6.730157,141.968041,540.887542
-6.405983,151.868313,544.493628
-19.321485,162.275658,549.832461
-31.516422,174.399587,556.048986
-42.212422,-170.127047,561.936528
-50.062311,-149.434575,566.261655
-53.148970,-123.605596,568.099646
-50.334527,-97.621645,567.082586
-42.669870,-76.654080,563.493719
-32.079629,-60.976120,558.184651
-19.943669,-48.737752,552.337210
-7.059438,-38.283403,547.134412
6.066519,-28.390000,543.436663
19.010204,-17.995268,541.565437
31.269370,-5.886526,541.265957
42.057486,9.584758,541.858677
50.005592,30.332852,542.522152
53.149182,56.322347,542.606948
50.308733,82.491651,541.876020
42.559544,103.557817,540.596024
31.874447,119.266190,539.451419
19.485091,136.665024,539.315157
6.548107,147.106850,540.923724
-6.587872,157.006899,544.557304
-19.497159,167.429104,549.915313
-31.677560,179.587168,556.135998
-42.344918,-164.879205,562.009937
-50.142373,-144.105548,566.305789
-53.150416,-118.229575,568.105167
-50.256779,-92.290025,567.048956
-42.538769,-71.403766,563.429266
-31.919288,-55.787019,558.104225
-19.768457,-43.583564,552.258038
-6.877789,-33.144653,547.071322
6.248537,-23.251550,543.398122
19.186533,-12.842032,541.551708
31.431626,-0.699126,541.269967
42.191381,14.832831,541.869245
50.086866,35.663366,542.528397
53.150864,61.701143,542.602345
50.230089,87.825318,541.860819
42.427105,108.808895,540.577269
31.712870,124.455470,539.440568
19.308869,141.818915,539.324341
6.366019,152.245558,540.960306
-6.769719,162.145583,544.621323
-19.672696,172.582877,549.998338
-31.838417,-175.224608,556.222943
-42.476873,-159.630328,562.083036
-50.221501,-138.775432,566.349433
-53.150678,-112.853541,568.110126
-50.178089,-86.959486,567.014822
-42.407120,-66.154495,563.364479
-31.758660,-50.598569,558.023699
-19.593108,-38.429709,552.178999
-6.696095,-28.006006,547.008532
6.430521,-18.113004,543.359944
19.362733,-7.688469,541.538288
31.593605,4.488920,541.274149
42.324736,20.081950,541.879823
50.167198,40.994992,542.534522
53.151344,67.079959,542.597576
50.150491,93.157886,541.845505
42.294118,114.058917,540.558538
31.551011,129.644095,539.429914
19.132516,146.972476,539.333869
6.183896,157.384166,540.997289
-6.951521,167.284368,544.685682
-19.848095,177.736981,550.081532
-31.998987,-170.035735,556.309818
-42.608282,-154.380412,562.155823
-50.299689,-133.444232,566.392584
-53.149756,-107.477512,568.114523
-50.098463,-81.630033,566.980185
-42.274929,-60.906261,563.299361
-31.597750,-45.410765,557.943075
-19.417622,-33.276183,552.100095
-6.514358,-22.867458,546.946046
6.612468,-12.974357,543.322127
19.538802,-2.534575,541.525175
31.755304,9.677617,541.278500
42.457548,25.332120,541.890407
50.246581,46.327724,542.540526
53.150622,72.458773,542.592642
50.069946,98.489346,541.830081
42.160587,119.307890,540.539835
31.388872,134.832071,539.419459
18.956034,152.125711,539.343741
6.001738,162.522679,541.034672
-7.133279,172.423258,544.750379
-20.023354,-177.108580,550.164892
-32.159271,-164.846209,556.396620
-42.739141,-149.129450,562.228294
-50.376930,-128.111956,566.435240
-53.147650,-102.101510,568.118359
-50.017906,-76.301674,566.945048
-42.142200,-55.659059,563.233914
-31.436558,-40.223601,557.862358
-19.242000,-28.122983,552.021330
-6.332580,-17.729008,546.883863
6.794377,-7.835607,543.284673
19.714739,2.619652,541.512369
31.916721,14.866969,541.283020
42.589810,30.583346,541.900995
50.325010,51.661555,542.546407
53.148697,77.837565,542.587542
49.988459,103.819693,541.814549
42.026517,124.555818,540.521162
31.226457,140.019402,539.409207
18.779424,157.278624,539.353960
5.819546,167.661098,541.072456
-7.314991,177.562254,544.815414
-20.198473,-171.953803,550.248416
-32.319263,-159.656024,556.483345
-42.869445,-143.877439,562.300446
-50.453221,-122.778611,566.477400
-53.144359,-96.725556,568.121633
-49.936423,-70.974413,566.909412
-42.008938,-50.412885,563.168141
-31.275089,-35.037072,557.781551
-19.066245,-22.970105,551.942707
-6.150760,-12.590652,546.821987
6.976248,-2.696752,543.247581
19.890541,7.774218,541.499867
32.077853,20.056983,541.287705
42.721518,35.835633,541.911585
50.402479,56.996480,542.552165
53.145572,83.216312,542.582276
49.906036,109.148921,541.798909
41.891912,129.802706,540.502521
31.063767,145.206094,539.399159
18.602688,162.431219,539.364526
5.637322,172.799426,541.110641
-7.496656,-177.298640,544.880784
-20.373449,-166.798683,550.332100
-32.478962,-154.465175,556.569989
-42.999188,-138.624373,562.372276
-50.528555,-117.444202,566.519062
-53.139885,-91.349670,568.124344
-49.854022,-65.648257,566.873279
-41.875147,-45.167733,563.102046
-31.113345,-29.851173,557.700657
-18.890358,-17.817545,551.864227
-5.968900,-7.452387,546.760418
7.158080,2.442212,543.210850
20.066208,12.929125,541.487668
32.238697,25.247663,541.292554
42.852668,41.088986,541.922175
50.478983,62.332490,542.557798
53.141245,88.594995,542.576845
49.822683,114.477025,541.783164
41.756778,135.048559,540.483915
30.900805,150.392152,539.389317
18.425827,167.583498,539.375441
5.455066,177.937667,541.149226
-7.678273,-172.159421,544.946488
-20.548281,-161.643217,550.415941
-32.638366,-149.273656,556.656549
-43.128367,-133.370248,562.443781
-50.602926,-112.108738,566.560225
-53.134227,-85.973873,568.126494
-49.770706,-60.323210,566.836650
-41.740832,-39.923599,563.035632
-30.951327,-24.665900,557.619679
-18.714339,-12.665300,551.785895
-5.787002,-2.314211,546.699158
7.339870,7.581287,543.174482
20.241737,18.084378,541.475771
32.399250,30.439016,541.297563
42.983254,46.343410,541.932762
50.554515,67.669580,542.563305
53.135716,93.973591,542.571249
49.738406,119.803999,541.767314
41.621118,140.293383,540.465346
30.737575,155.577581,539.379685
18.248843,172.735466,539.386707
5.272780,-176.924177,541.188211
-7.859840,-167.020087,545.012523
-20.722967,-156.487402,550.499936
-32.797470,-144.081462,556.743021
-43.256977,-128.115059,562.514958
-50.676329,-106.772226,566.600885
-53.127387,-80.598185,568.128082
-49.686483,-54.999278,566.799528
-41.605997,-34.680476,562.968901
-30.789040,-19.481247,557.538621
-18.538192,-7.513366,551.707713
-5.605067,2.823879,546.638208
7.521619,12.720477,543.138475
20.417128,23.239980,541.464173
32.559510,35.631045,541.302731
43.113271,51.598909,541.943346
50.629071,73.007740,542.568684
53.128988,99.352081,542.565488
49.653210,125.129838,541.751361
41.484939,145.537182,540.446816
30.574079,160.762387,539.370265
18.071738,177.887126,539.398325
5.090464,-171.786103,541.227597
-8.041356,-161.880635,545.078888
-20.897505,-151.331233,550.584082
-32.956273,-138.888589,556.829402
-43.385012,-122.858802,562.585805
-50.748759,-101.434674,566.641043
-53.119365,-75.222626,568.129109
-49.601358,-49.676465,566.761914
-41.470647,-29.438361,562.901856
-30.626485,-14.297208,557.457487
-18.361917,-2.361739,551.629683
-5.423095,7.961886,546.577571
7.703324,17.859784,543.102830
20.592378,28.395936,541.452875
32.719474,40.823757,541.308056
43.242715,56.855489,541.953923
50.702643,78.346963,542.573935
53.121060,104.730442,542.559562
49.567102,130.454538,541.735307
41.348243,150.779963,540.428327
30.410319,165.946574,539.361058
17.894513,-176.961518,539.410297
4.908121,-166.648109,541.267383
-8.222821,-156.741061,545.145582
-21.071894,-146.174706,550.668377
-33.114771,-133.695031,556.915689
-43.512467,-117.601473,562.656317
-50.820210,-96.096091,566.680695
-53.110162,-69.847218,568.129573
-49.515336,-44.354777,566.723810
-41.334787,-24.197247,562.834501
-30.463664,-9.113780,557.376279
-18.185516,2.789583,551.551809
-5.241087,13.099813,546.517248
7.884985,22.999211,543.067547
20.767486,33.552248,541.441873
32.879138,46.017157,541.313535
43.371581,62.113154,541.964492
50.775228,83.687242,542.579056
53.111932,110.108655,542.553471
49.480087,135.778093,541.719153
41.211036,156.021730,540.409882
30.246297,171.130147,539.352067
17.717170,-171.810462,539.422623
4.725750,-161.510191,541.307568
-8.404233,-151.601363,545.212602
-21.246133,-141.017819,550.752816
-33.272963,-128.500781,557.001878
-43.639339,-112.343066,562.726492
-50.890677,-90.756483,566.719842
-53.099778,-64.471980,568.129477
-49.428423,-39.034216,566.685218
-41.198420,-18.957130,562.766838
-30.300581,-3.930957,557.295002
-18.008990,7.940606,551.474094
-5.059046,18.237663,546.457239
8.066601,28.138761,543.032625
20.942450,38.708920,541.431166
33.038500,51.211250,541.319165
43.499863,67.371909,541.975050
50.846819,89.028568,542.584046
53.101607,115.486697,542.547216
49.392172,141.100499,541.702901
41.073323,161.262489,540.391483
30.082017,176.313112,539.343294
17.539709,-166.659704,539.435305
4.543354,-156.372347,541.348154
-8.585591,-146.461538,545.279947
-21.420219,-135.860566,550.837398
-33.430844,-123.305836,557.087965
-43.765621,-107.083578,562.796328
-50.960154,-85.415860,566.758480
-53.088214,-59.096933,568.128819
-49.340626,-33.714788,566.646140
-41.061552,-13.718005,562.698871
-30.137238,1.251267,557.213658
-17.832341,13.091331,551.396540
-4.876971,23.375438,546.397547
8.248170,33.278437,542.998064
21.117269,43.865957,541.420754
33.197558,56.406041,541.324946
43.627557,72.631757,541.985595
50.917410,94.370932,542.588905
53.090085,120.864549,542.540796
49.303362,146.421753,541.686553
40.935107,166.502245,540.373132
29.917481,-178.504527,539.334742
17.362133,-161.509239,539.448344
4.360933,-151.234573,541.389139
-8.766893,-141.321583,545.347614
-21.594151,-130.702945,550.922118
-33.588412,-118.110190,557.173947
-43.891309,-101.823004,562.865820
-51.028636,-80.074232,566.796608
-53.075473,-53.722097,568.127599
-49.251949,-28.396496,566.606577
-40.924186,-8.479865,562.630603
-29.973637,6.432895,557.132251
-17.655571,18.241763,551.319150
-4.694865,28.513141,546.338173
8.429691,38.418241,542.963864
21.291940,49.023363,541.410633
33.356308,61.601538,541.330873
43.754657,77.892704,541.996125
50.986997,99.714325,542.593630
53.077366,126.242189,542.534212
49.213663,151.741851,541.670109
40.796394,171.741003,540.354833
29.752691,-173.322763,539.326412
17.184443,-156.359064,539.461742
4.178489,-146.096867,541.430523
-8.948139,-136.181496,545.415602
-21.767928,-125.544951,551.006974
-33.745664,-112.913837,557.259820
-44.016399,-96.561340,562.934967
-51.096118,-74.731606,566.834225
-53.061554,-48.347492,568.125819
-49.162400,-23.079344,566.566532
-40.786328,-3.242706,562.562036
-29.809781,11.613934,557.050784
-17.478680,23.391905,551.241926
-4.512728,33.650775,546.279118
8.611163,43.558178,542.930025
21.466462,54.181141,541.400804
33.514746,66.797743,541.336946
43.881158,83.154755,542.006639
51.055573,105.058739,542.598221
53.063453,131.619597,542.527465
49.123082,157.060789,541.653571
40.657187,176.978770,540.336586
29.587651,-168.141593,539.318308
17.006640,-151.209176,539.475501
3.996022,-140.959227,541.472306
-9.129327,-131.041272,545.483909
-21.941547,-120.386580,551.091962
-33.902598,-107.716773,557.345581
-44.140883,-91.298582,563.003766
-51.162595,-69.387993,566.871329
-53.046460,-42.973139,568.123478
-49.071982,-17.763335,566.526006
-40.647980,1.993477,562.493175
-29.645672,16.794387,556.969261
-17.301670,28.541760,551.164872
-4.330561,38.788343,546.220384
8.792585,48.698249,542.896546
21.640834,59.339295,541.391263
33.672872,71.994664,541.343162
44.007056,88.417912,542.017133
51.123133,110.404162,542.602677
53.048347,136.996753,542.520555
49.031623,162.378563,541.636942
40.517491,-177.784449,540.318396
29.422361,-162.961012,539.310432
16.828727,-146.059570,539.489620
3.813533,-135.821649,541.514488
-9.310457,-125.900909,545.552532
-22.115006,-115.227828,551.177080
-34.059209,-102.518990,557.431227
-44.264759,-86.034726,563.072212
-51.228060,-64.043403,566.907919
-53.030192,-37.599056,568.120576
-48.980703,-12.448472,566.485002
-40.509148,7.228690,562.424021
-29.481313,21.974260,556.887686
-17.124543,33.691333,551.087991
-4.148365,43.925848,546.161972
8.973955,53.838457,542.863428
21.815054,64.497830,541.382009
33.830680,77.192305,541.349518
44.132344,93.682182,542.027607
51.189673,115.750587,542.606997
53.032048,142.373635,542.513481
48.939294,167.695171,541.620222
40.377310,-172.548650,540.300263
29.256826,-157.781013,539.302784
16.650704,-140.910245,539.504102
3.631025,-130.684131,541.557069
-9.491527,-120.760405,545.621471
-22.288306,-110.068693,551.262324
-34.215496,-97.320485,557.516753
-44.388020,-80.769767,563.140304
-51.292510,-58.697845,566.943993
-53.012751,-32.225265,568.117114
-48.888569,-7.134759,566.443521
-40.369836,12.462939,562.354578
-29.316705,27.153557,556.806060
-16.947300,38.840626,551.011284
-3.966142,49.063292,546.103884
9.155274,58.978807,542.830669
21.989120,69.656748,541.373042
33.988169,82.390673,541.356012
44.257019,98.947566,542.038058
51.255185,121.098002,542.611179
53.014560,147.750223,542.506244
48.846100,173.010610,541.603414
40.236650,-167.313826,540.282190
29.091046,-152.601593,539.295369
16.472572,-135.761195,539.518948
3.448497,-125.546670,541.600047
-9.672535,-115.619757,545.690723
-22.461442,-104.909168,551.347691
-34.371455,-92.121252,557.602157
-44.510662,-75.503703,563.208039
-51.355939,-53.351329,566.979550
-52.994139,-26.851785,568.113093
-48.795584,-1.822197,566.401565
-40.230048,17.696229,562.284849
-29.151852,32.332284,556.724388
-16.769942,43.989643,550.934755
-3.783893,54.200678,546.046120
9.336538,64.119299,542.798270
22.163030,74.816055,541.364358
34.145334,87.589772,541.362643
44.381074,104.214071,542.048483
51.319666,126.446398,542.615223
52.995883,153.126498,542.498846
48.752046,178.324876,541.586519
40.095513,-162.079971,540.264180
28.925026,-147.422747,539.288188
16.294334,-130.612417,539.534159
3.265951,-120.409262,541.643424
-9.853482,-110.478960,545.760285
-22.634414,-99.749252,551.433178
-34.527083,-86.921285,557.687434
-44.632680,-70.236529,563.275414
-51.418342,-48.003867,567.014587
-52.974357,-21.478635,568.108511
-48.701755,3.489211,566.359136
-40.089788,22.928564,562.214838
-28.986755,37.510446,556.642674
-16.592471,49.138387,550.858407
-3.601618,59.338010,545.988682
9.517748,69.259938,542.766230
22.336782,79.975753,541.355957
34.302174,92.789608,541.369407
44.504504,109.481699,542.058882
51.383110,131.795763,542.619127
52.976019,158.502439,542.491285
48.657140,-176.362031,541.569538
39.953905,-156.847081,540.246235
28.758766,-142.244469,539.281244
16.115990,-125.463909,539.549737
3.083389,-115.271906,541.687197
-10.034364,-105.338014,545.830157
-22.807220,-94.588939,551.518782
-34.682377,-81.720579,557.772583
-44.754067,-64.968242,563.342425
-51.479713,-42.655468,567.049105
-52.953409,-16.105836,568.103371
-48.607087,8.799462,566.316237
-39.949060,28.159952,562.144547
-28.821417,42.688046,556.560920
-16.414889,54.286863,550.782241
-3.419319,64.475288,545.931572
9.698901,74.400727,542.734550
22.510375,85.135848,541.347836
34.458685,97.990187,541.376302
44.627304,114.750455,542.069251
51.445512,137.146087,542.622892
52.954970,163.878026,542.483563
48.561387,-171.050115,541.552474
39.811829,-151.615149,540.228357
28.592269,-137.066755,539.274538
15.937543,-120.315667,539.565681
2.900810,-110.134599,541.731368
-10.215182,-100.196913,545.900335
-22.979859,-89.428225,551.604499
-34.837334,-76.519128,557.857597
-44.874820,-59.698837,563.409070
-51.540049,-37.306145,567.083101
-52.931295,-10.733406,568.097671
-48.511587,14.108555,566.272870
-39.807869,33.390397,562.073979
-28.655841,47.865091,556.479130
-16.237196,59.435072,550.706262
-3.236996,69.612518,545.874790
9.879997,79.541668,542.703227
22.683807,90.296343,541.339994
34.614864,103.191514,541.383326
44.749469,120.020343,542.079589
51.506866,142.497359,542.626514
52.932738,169.253239,542.475680
48.464793,-165.739377,541.535327
39.669290,-146.384170,540.210549
28.425539,-131.889599,539.268073
15.758993,-115.167687,539.581995
2.718217,-104.997337,541.775936
-10.395934,-95.055656,545.970819
-23.152328,-84.267108,551.690327
-34.991952,-71.316926,557.942476
-44.994932,-54.428312,563.475347
-51.599343,-31.955909,567.116573
-52.908018,-5.361364,568.091413
-48.415260,19.416488,566.229036
-39.666218,38.619904,562.003139
-28.490028,53.041584,556.397308
-16.059395,64.583019,550.630470
-3.054652,74.749700,545.818338
10.061035,84.682764,542.672263
22.857077,95.457242,541.332430
34.770707,108.393595,541.390477
44.870994,125.291365,542.089895
51.567168,147.849567,542.629995
52.909326,174.628058,542.467636
48.367364,-160.429820,541.518101
39.526292,-141.154138,540.192813
28.258576,-126.712998,539.261850
15.580342,-110.019967,539.598678
2.535610,-99.860119,541.820899
-10.576619,-89.914240,546.041605
-23.324625,-79.105581,551.776261
-35.146226,-66.113970,558.027214
-45.114399,-49.156664,563.541252
-51.657592,-26.604771,567.149522
-52.883580,0.010270,568.084597
-48.318112,24.723259,566.184737
-39.524112,43.848480,561.932028
-28.323981,58.217530,556.315456
-15.881486,69.730707,550.554870
-2.872287,79.886839,545.762217
10.242013,89.824019,542.641656
23.030182,100.618549,541.325141
34.926212,113.596436,541.397753
44.991872,130.563527,542.100165
51.626412,153.202699,542.633332
52.884735,-179.997535,542.459431
48.269106,-155.121444,541.500795
39.382840,-135.925048,540.175152
28.091384,-121.536946,539.255873
15.401592,-104.872501,539.615732
2.352991,-94.722940,541.866258
-10.757236,-84.772661,546.112691
-23.496750,-73.943643,551.862300
-35.300153,-60.910252,558.111809
-45.233215,-43.883888,563.606783
-51.714790,-21.252743,567.181944
-52.857983,5.381477,568.077224
-48.220149,30.028867,566.139976
-39.381555,49.076130,561.860650
-28.157702,63.392935,556.233578
-15.703470,74.878139,550.479463
-2.689902,85.023936,545.706428
10.422930,94.965435,542.611407
23.203120,105.780269,541.318125
35.081375,118.800042,541.405150
45.112099,135.836830,542.110397
51.684593,158.556743,542.636525
52.858969,-174.623561,542.451067
48.170025,-149.814251,541.483413
39.238936,-130.696893,540.157568
27.923964,-116.361438,539.250144
15.222743,-99.725288,539.633158
2.170360,-89.585799,541.912013
-10.937783,-79.630917,546.184077
-23.668699,-68.781287,551.948439
-35.453731,-55.705767,558.196256
-45.351375,-38.609981,563.671937
-51.770933,-15.899838,567.213840
-52.831230,10.752239,568.069293
-48.121377,35.333310,566.094755
-39.238550,54.302859,561.789009
-27.991193,68.567803,556.151678
-15.525350,80.025318,550.404252
-2.507499,90.160995,545.650973
10.603785,100.107015,542.581514
23.375890,110.942405,541.311382
35.236194,124.004418,541.412668
45.231670,141.111279,542.120591
51.741708,163.911686,542.639573
52.832028,-169.250039,542.442544
48.070127,-144.508243,541.465956
39.094586,-125.469669,540.140063
27.756319,-111.186470,539.244664
15.043797,-94.578324,539.650957
1.987719,-84.448693,541.958162
-11.118260,-74.489004,546.255758
-23.840472,-63.618511,552.034676
-35.606956,-50.500510,558.280554
-45.468874,-33.334941,563.736711
-51.826015,-10.546068,567.245207
-52.803323,16.122536,568.060806
-48.021801,40.636588,566.049076
-39.095102,59.528673,561.717106
-27.824457,73.742138,556.069758
-15.347127,85.172249,550.329240
-2.325077,95.298018,545.595852
10.784577,105.248763,542.551978
23.548490,116.104962,541.304909
35.390664,129.209571,541.420303
45.350578,146.386877,542.130744
51.797750,169.267517,542.642475
52.803917,-163.876988,542.433862
47.969417,-139.203419,541.448426
38.949793,-120.243369,540.122640
27.588451,-106.012037,539.239436
14.864756,-89.431606,539.669131
1.805069,-79.311619,542.004705
-11.298664,-69.346919,546.327734
-24.012066,-58.455310,552.121006
-35.759825,-45.294475,558.364697
-45.585706,-28.058765,563.801102
-51.880033,-5.191445,567.276044
-52.774265,21.492351,568.051762
-47.921428,45.938700,566.002940
-38.951214,64.753577,561.644947
-27.657495,78.915945,555.987823
-15.168802,90.318933,550.254430
-2.142639,100.435008,545.541066
10.965304,110.390681,542.522797
23.720918,121.267943,541.298704
35.544782,134.415506,541.428053
45.468818,151.663627,542.140854
51.852715,174.624223,542.645230
52.774637,-158.504426,542.425022
47.867903,-133.899781,541.430824
38.804561,-115.017988,540.105301
27.420363,-100.838134,539.234462
14.685620,-84.285130,539.687679
1.622411,-74.174573,542.051641
-11.478995,-64.204660,546.400002
-24.183480,-53.291680,552.207428
-35.912335,-40.087657,558.448682
-45.701865,-22.781450,563.865108
-51.932981,0.164016,567.306351
-52.744058,26.861666,568.042163
-47.820262,51.239645,565.956352
-38.806891,69.977578,561.572533
-27.490310,84.089229,555.905875
-14.990376,95.465375,550.179823
-1.960186,105.571968,545.486618
11.145965,115.532773,542.493971
23.893173,126.431354,541.292766
35.698546,139.622229,541.435916
45.586385,156.941532,542.150919
51.906598,179.981789,542.647838
52.744192,-153.132373,542.416025
47.765589,-128.597329,541.413152
38.658895,-109.793520,540.088049
27.252056,-95.664756,539.229744
14.506392,-79.138893,539.706604
1.439745,-69.037555,542.098971
-11.659252,-59.062224,546.472560
-24.354712,-48.127617,552.293937
-36.064483,-34.880050,558.532507
-45.817348,-17.502992,563.928726
-51.984856,5.520304,567.336125
-52.712706,32.230461,568.032009
-47.718310,56.539423,565.909311
-38.662136,75.200680,561.499869
-27.322905,89.261995,555.823917
-14.811851,100.611578,550.105422
-1.777718,110.708900,545.432507
11.326559,120.675041,542.465500
24.065252,131.595197,541.287093
35.851952,144.829745,541.443889
45.703273,162.220595,542.160938
51.959395,-174.659797,542.650297
52.712584,-147.760847,542.406870
47.662481,-123.296063,541.395413
38.512798,-104.569959,540.070885
27.083534,-90.491900,539.225284
14.327073,-73.992892,539.725906
1.257074,-63.900560,542.146693
-11.839433,-53.919606,546.545406
-24.525759,-42.963117,552.380531
-36.216264,-29.671648,558.616168
-45.932147,-12.223390,563.991953
-52.035652,10.877404,567.365367
-52.680211,37.598720,568.021301
-47.615578,61.838034,565.861822
-38.516954,80.422890,561.426956
-27.155281,94.434246,555.741954
-14.633227,105.757545,550.031231
-1.595238,115.845808,545.378734
11.507085,125.817489,542.437383
24.237153,136.759478,541.281682
36.004997,150.038060,541.451971
45.819477,167.500819,542.170907
52.011101,-169.300550,542.652607
52.679817,-142.389866,542.397559
47.558587,-117.995985,541.377607
38.366274,-99.347299,540.053813
26.914797,-85.319559,539.221084
14.147663,-68.847123,539.745586
1.074398,-58.763586,542.194806
-12.019537,-48.776805,546.618537
-24.696620,-37.798175,552.467206
-36.367676,-24.462446,558.699660
-46.046258,-6.942641,564.054787
-52.085366,16.235302,567.394073
-52.646577,42.966425,568.010039
-47.512071,67.135478,565.813885
-38.371347,85.644213,561.353800
-26.987439,99.605988,555.659988
-14.454507,110.903280,549.957251
-1.412744,120.982693,545.325302
11.687541,130.960119,542.409619
24.408874,141.924201,541.276533
36.157676,155.247180,541.460159
45.934990,172.782206,542.180826
52.061711,-163.940482,542.654766
52.645892,-137.019449,542.388092
47.453910,-112.697092,541.359737
38.219327,-94.125536,540.036835
26.745848,-80.147730,539.217147
13.968164,-63.701583,539.765646
0.891718,-53.626630,542.243311
-12.199563,-43.633817,546.691951
-24.867294,-32.632787,552.553958
-36.518715,-19.252439,558.782981
-46.159674,-1.660742,564.117225
-52.133993,21.593985,567.422244
-52.611805,48.333557,567.998223
-47.407795,72.431754,565.765504
-38.225320,90.864654,561.280402
-26.819384,104.777226,555.578023
-14.275692,116.048784,549.883484
-1.230240,126.119560,545.272210
11.867927,136.102935,542.382209
24.580415,147.089369,541.271643
36.309987,160.457111,541.468450
46.049809,178.064760,542.190693
52.111221,-158.579609,542.656775
52.610815,-131.649613,542.378470
47.348458,-107.399386,541.341805
38.071961,-88.904662,540.019953
26.576689,-74.976408,539.213475
13.788579,-58.556269,539.786086
0.709035,-48.489689,542.292206
-12.379510,-38.490640,546.765646
-25.037777,-27.466949,552.640785
-36.669379,-14.041619,558.866128
-46.272392,3.622308,564.179264
-52.181529,26.953437,567.449878
-52.575901,53.700101,567.985856
-47.302756,77.726863,565.716680
-38.078877,96.084220,561.206766
-26.651116,109.947962,555.496061
-14.096783,121.194063,549.809934
-1.047726,131.256410,545.219461
12.048241,141.245940,542.355150
24.751772,152.254988,541.267010
36.461927,165.667857,541.476843
46.163926,-176.651519,542.200505
52.159627,-153.217946,542.658633
52.574587,-126.280375,542.368693
47.242236,-102.102866,541.323812
37.924180,-83.684672,540.003170
26.407323,-69.805589,539.210069
