22.196862,-61.123218,539.215271
9.363179,-50.416094,540.407813
-3.766327,-40.490068,543.609952
-16.761619,-30.272800,548.652706
-29.151413,-18.608951,554.782565
-40.234641,-3.964797,560.839756
-48.800874,15.563657,565.568056
-52.995422,40.600580,567.956642
-51.351969,67.096990,567.512379
-44.505141,89.239523,564.388437
-34.369177,105.847971,559.336852
-22.465950,118.628826,553.497750
-9.685855,129.333237,548.081639
3.425829,139.253463,544.036034
16.441629,149.459221,541.800225
28.888807,161.107740,541.228867
40.059657,175.744752,541.708105
48.725799,-164.687942,542.419222
52.990286,-139.510833,542.655132
51.337788,-112.821580,542.082930
44.413967,-90.561230,540.869132
34.182285,-73.912841,539.629148
22.022874,-55.963737,539.219341
9.181798,-45.275483,540.438207
-3.948707,-35.352590,543.668500
-16.939098,-25.123698,548.732738
-29.316359,-13.430125,554.870148
-40.374472,1.268621,560.917300
-48.893833,20.876359,565.619087
-53.013957,45.974098,567.970279
-51.288486,72.443391,567.486225
-44.382513,94.505446,564.329154
-34.213292,111.047094,559.258264
-22.292925,123.788262,553.416991
-9.504977,134.473800,548.014384
3.608231,144.390821,543.992263
16.619661,154.608125,541.781869
29.054787,166.286362,541.230133
40.200855,-179.021736,541.718302
48.820066,-159.374076,542.427049
53.009304,-134.134669,542.652926
51.273591,-107.472854,542.069492
44.290035,-85.294335,540.850259
34.025117,-68.713469,539.615700
21.848730,-50.804644,539.223730
9.000362,-40.135017,540.468999
-4.131061,-30.215055,543.727410
-17.116464,-19.974319,548.812983
-29.481059,-8.250729,554.957716
-40.513826,6.502998,560.994580
-48.985941,26.190212,565.669656
-53.031320,51.347924,567.983358
-51.223982,77.788835,567.459546
-44.259267,99.770264,564.269495
-34.057079,116.245489,559.179527
-22.119738,128.947309,553.336321
-9.324037,139.614218,547.947404
3.790613,149.528236,543.948851
16.797586,159.757305,541.763841
29.220527,171.465556,541.231603
40.341578,-173.787256,541.728540
48.913478,-154.059038,542.434776
53.027134,-128.758184,542.650555
51.208360,-102.125104,542.055924
44.165482,-80.028562,540.831380
33.867624,-63.514831,539.602416
21.674431,-45.645937,539.228438
8.818873,-34.994691,540.500188
-4.313388,-25.077460,543.786684
-17.293712,-14.824662,548.893439
-29.645510,-3.070757,555.045264
-40.652698,11.738341,561.071593
-49.077192,31.505214,565.719761
-53.047510,56.722039,567.995879
-51.158464,83.133309,567.432343
-44.135407,105.033980,564.209463
-33.900543,121.443162,559.100644
-21.946391,134.105972,553.255743
-9.143037,144.754494,547.880701
3.972976,154.665709,543.905799
16.975402,164.906763,541.746140
29.386024,176.645327,541.233275
40.481823,-168.551802,541.738817
49.006026,-148.742829,542.442403
53.043775,-123.381399,542.648019
51.142100,-96.778342,542.042227
44.040312,-74.763906,540.812496
33.709810,-58.316920,539.589297
21.499979,-40.487611,539.233467
8.637332,-29.854503,540.531776
-4.495686,-19.939802,543.846318
-17.470844,-9.674721,548.974104
-29.809711,2.109796,555.132789
-40.791086,16.974654,561.148336
-49.167581,36.821362,565.769400
-53.062526,62.096424,568.007842
-51.091935,88.476804,567.404617
-44.010939,110.296598,564.149062
-33.743685,126.640118,559.021617
-21.772885,139.264255,553.175260
-8.961978,149.894631,547.814276
4.155317,159.803245,543.863106
17.153108,170.056503,541.728764
29.551276,-178.174320,541.235147
40.621586,-163.315370,541.749129
49.097706,-143.425453,542.449927
53.059224,-118.004334,542.645318
51.074818,-91.432577,542.028401
43.914531,-69.500362,540.793610
33.551678,-53.119731,539.576346
21.325375,-35.329662,539.238820
8.455741,-24.714451,540.563762
-4.677954,-14.802077,543.906311
-17.647856,-4.524493,549.054974
-29.973657,7.290934,555.220288
-40.928984,22.211943,561.224805
-49.257101,42.138653,565.818570
-53.076366,67.471057,568.019245
-51.024402,93.819311,567.376369
-43.885868,115.558123,564.088293
-33.586509,131.836362,558.942451
-21.599222,144.422161,553.094876
-8.780862,155.034632,547.748133
4.337636,164.940846,543.820774
17.330701,175.206529,541.711712
29.716280,-172.993381,541.237216
40.760861,-158.077952,541.759475
49.188512,-138.106912,542.457347
53.073481,-112.627009,542.642452
51.006518,-86.087819,542.014450
43.788144,-64.237927,540.774723
33.393232,-47.923259,539.563565
21.150622,-30.172087,539.244498
8.274101,-19.574530,540.596148
-4.860192,-9.664284,543.966663
-17.824747,0.626024,549.136047
-30.137348,12.472663,555.307758
-41.066387,27.450214,561.300998
-49.345746,47.457082,565.867270
-53.089029,72.845919,568.030089
-50.955869,99.160820,567.347602
-43.760198,120.818558,564.027159
-33.429018,137.031900,558.863149
-21.425404,149.579695,553.014593
-8.599690,160.174501,547.682271
4.519932,170.078514,543.778803
17.508181,-179.643156,541.694984
29.881034,-167.811849,541.239480
40.899645,-152.839544,541.769853
49.278437,-132.787210,542.464662
53.086543,-107.249445,542.639421
50.937205,-80.744078,542.000372
43.661157,-58.976596,540.755838
33.234472,-42.727498,539.550956
20.975721,-25.014881,539.250502
8.092412,-14.434740,540.628932
-5.042397,-4.526419,544.027372
-18.001517,5.776835,549.217319
-30.300781,17.654987,555.395194
-41.203293,32.689470,561.376911
-49.433512,52.776648,565.915497
-53.100513,78.220989,568.040373
-50.886342,104.501321,567.318315
-43.633936,126.077907,563.965664
-33.271214,142.226737,558.783715
-21.251432,154.736860,552.934414
-8.418463,165.314239,547.616694
4.702203,175.216252,543.737192
17.685547,-174.492549,541.678577
30.045536,-162.629721,541.241938
41.037932,-147.600141,541.780260
49.367475,-127.466350,542.471869
53.098410,-101.871663,542.636225
50.866885,-75.401363,541.986171
43.533574,-53.716365,540.736956
33.075404,-37.532443,539.538522
20.800674,-19.858041,539.256834
7.910677,-9.295075,540.662116
-5.224569,0.611521,544.088435
-18.178163,10.927943,549.298788
-30.463953,22.837911,555.482593
-41.339696,37.929719,561.452541
-49.520392,58.097345,565.963250
-53.110818,83.596248,568.050098
-50.815827,109.840807,567.288512
-43.507085,131.336176,563.903810
-33.113101,147.420879,558.704150
-21.077308,159.893660,552.854343
-8.237181,170.453850,547.551404
4.884449,-179.645936,543.695943
17.862795,-169.341645,541.662490
30.209783,-157.446990,541.244586
41.175720,-142.359737,541.790695
49.455622,-122.144336,542.478969
53.109080,-96.493683,542.632862
50.795564,-70.059684,541.971847
43.405400,-48.457230,540.718081
32.916030,-32.338089,539.526266
20.625482,-14.701562,539.263496
7.728896,-4.155534,540.695700
-5.406708,5.749537,544.149853
-18.354684,16.079351,549.380452
-30.626862,28.021441,555.569952
-41.475592,43.170965,561.527885
-49.606380,63.419170,566.010526
-53.119942,88.971675,568.059262
-50.744328,115.179268,567.258192
-43.379651,136.593367,563.841599
-32.954682,152.614330,558.624460
-20.903034,165.050099,552.774382
-8.055847,175.593337,547.486401
5.066668,-174.508048,543.655054
18.039926,-164.190441,541.646722
30.373772,-152.263653,541.247424
41.313002,-137.118325,541.801154
49.542870,-116.821172,542.485958
53.118552,-91.115525,542.629335
50.723247,-64.719048,541.957401
43.276640,-43.199186,540.699215
32.756352,-27.144429,539.514189
20.450148,-9.545441,539.270490
7.547070,0.983886,540.729684
-5.588811,10.887634,544.211623
-18.531079,21.231063,549.462307
-30.789505,33.205581,555.657267
-41.610977,48.413213,561.602940
-49.691471,68.742118,566.057323
-53.127885,94.347250,568.067865
-50.671851,120.516695,567.227359
-43.251638,141.849486,563.779036
-32.795958,157.807097,558.544648
-20.728611,170.206181,552.694535
-7.874461,-179.267298,547.421689
5.248859,-169.370082,543.614527
18.216938,-159.038934,541.631272
30.537501,-147.079704,541.250447
41.449776,-131.875902,541.811636
49.629213,-111.496863,542.492837
53.126826,-85.737212,542.625641
50.649939,-59.379464,541.942834
43.147301,-37.942228,540.680359
32.596374,-21.951459,539.502294
20.274672,-4.389674,539.277816
7.365201,6.123189,540.764067
-5.770877,16.025813,544.273743
-18.707345,26.383083,549.544350
-30.951880,38.390336,555.744535
-41.745845,53.656468,561.677702
-49.775659,74.066185,566.103640
-53.134645,99.722952,568.075908
-50.598402,125.853082,567.196012
-43.123052,147.104537,563.716122
-32.636934,162.999184,558.464716
-20.554040,175.361909,552.614804
-7.693024,-174.128051,547.357268
5.431021,-164.232033,543.574362
18.393829,-153.887120,541.616139
30.700968,-141.895137,541.253656
41.586035,-126.632462,541.822139
49.714646,-106.171412,542.499602
53.133900,-80.358763,542.621782
50.575647,-54.040942,541.928149
43.017385,-32.686352,540.661516
32.436098,-16.759173,539.490584
20.099057,0.765743,539.285478
7.183289,11.262377,540.798851
-5.952906,21.164078,544.336213
-18.883482,31.535414,549.626578
-31.113984,43.575712,555.831752
-41.880193,58.900736,561.752168
-49.858938,79.391366,566.149474
-53.140223,105.098761,568.083389
-50.523985,131.188419,567.164155
-42.993898,152.358525,563.652861
-32.477611,168.190597,558.384668
-20.379325,-179.482712,552.535193
-7.511538,-168.988920,547.293140
5.613154,-159.093901,543.534558
18.570597,-148.734996,541.601321
30.864170,-136.709949,541.257046
41.721776,-121.387999,541.832660
49.799164,-100.844824,542.506254
53.139774,-74.980201,542.617756
50.500375,-48.703487,541.913346
42.886900,-27.431552,540.642689
32.275528,-11.567565,539.479061
19.923303,5.920813,539.293476
7.001336,16.401453,540.834035
-6.134897,26.302431,544.399030
-19.059489,36.688060,549.708990
-31.275814,48.761713,555.918915
-42.014016,64.146022,561.826336
-49.941302,84.717655,566.194825
-53.144618,110.474657,568.090310
-50.448607,136.522701,567.131788
-42.864179,157.611454,563.589255
-32.317994,173.381341,558.304509
-20.204465,-174.327679,552.455704
-7.330004,-163.849902,547.229308
5.795254,-153.955681,543.495116
18.747241,-143.582558,541.586816
31.027104,-131.524133,541.260617
41.856994,-116.142508,541.843197
49.882759,-95.517105,542.512791
53.144448,-69.601545,542.613565
50.424131,-43.367109,541.898426
42.755848,-22.177826,540.623878
32.114666,-6.376631,539.467727
19.747414,11.075541,539.301811
6.819344,21.540419,540.869620
-6.316847,31.440876,544.462194
-19.235362,41.841025,549.791580
-31.437369,53.948345,556.006020
-42.147310,69.392330,561.900201
-50.022746,90.045049,566.239688
-53.147829,115.850617,568.096669
-50.372273,141.855918,567.098913
-42.733902,162.863329,563.525308
-32.158083,178.571421,558.224240
-20.029463,-169.172989,552.376341
-7.148423,-158.710993,547.165772
5.977323,-148.817371,543.456036
18.923760,-138.429802,541.572624
31.189767,-126.337685,541.264365
41.991684,-110.895984,541.853748
49.965426,-90.188259,542.519211
53.147920,-64.222817,542.609208
50.346918,-38.031814,541.883392
42.624236,-16.925166,540.605088
31.953514,-1.186366,539.456584
19.571389,16.229929,539.310486
6.637312,26.679280,540.905604
-6.498757,36.579414,544.525702
-19.411102,46.994311,549.874348
-31.598645,59.135612,556.093064
-42.280069,74.639666,561.973762
-50.103264,95.373540,566.284064
-53.149855,121.226623,568.102466
-50.294989,147.188065,567.065532
-42.603070,168.114155,563.461021
-31.997883,-176.239157,558.143866
-19.854320,-164.018636,552.297106
-6.966796,-153.572192,547.102535
6.159358,-143.678968,543.417318
19.100152,-133.276724,541.558743
31.352158,-121.150599,541.268289
42.125841,-105.648422,541.864310
50.047160,-84.858292,542.525513
53.150190,-58.844038,542.604685
50.268743,-32.697609,541.868244
42.492068,-11.673569,540.586319
31.792077,4.003238,539.445636
19.395231,21.383983,539.319502
6.455243,31.818037,540.941990
-6.680625,41.718050,544.589553
-19.586706,52.147923,549.957289
-31.759640,64.323520,556.180043
-42.412290,79.888035,562.047014
-50.182850,100.703124,566.327950
-53.150698,126.602654,568.107702
-50.216760,152.519135,567.031646
-42.471689,173.363936,563.396399
-31.837395,-171.050389,558.063389
-19.679038,-158.864619,552.218002
-6.785123,-148.433494,547.039599
6.341359,-138.540469,543.378963
19.276416,-128.123322,541.545172
31.514273,-115.962870,541.272386
42.259461,-100.399816,541.874883
50.127954,-79.527211,542.531695
53.151259,-53.465229,542.599996
50.189612,-27.364502,541.852983
42.359349,-6.423030,540.567574
31.630355,9.192183,539.434883
19.218942,26.537705,539.328861
6.273137,36.956694,540.978776
-6.862449,46.856785,544.653745
-19.762173,57.301864,550.040400
-31.920351,69.512075,556.266953
-42.543967,85.137442,562.119956
-50.261499,106.033793,566.371343
-53.150356,131.978688,568.112376
-50.137592,157.849121,566.997256
-42.339763,178.612678,563.331444
-31.676623,-165.862269,557.982814
-19.503619,-153.710932,552.139032
-6.603408,-143.294898,546.976964
6.523324,-133.401871,543.340969
19.452549,-122.969591,541.531908
31.676109,-110.774492,541.276654
42.392540,-95.150162,541.885463
50.207802,-74.195020,542.537758
53.151126,-48.086412,542.595142
50.109531,-22.032499,541.837612
42.226084,-1.173543,540.548856
31.468353,14.380476,539.424329
19.042523,31.691100,539.338563
6.090996,42.095253,541.015963
-7.044229,51.995623,544.718277
-19.937501,62.456139,550.123680
-32.080775,74.701280,556.353792
-42.675096,90.387891,562.192583
-50.339205,111.365543,566.414244
-53.148830,137.354705,568.116488
-50.057490,163.178016,566.962366
-42.207297,-176.139615,563.266159
-31.515569,-160.674791,557.902143
-19.328064,-148.557573,552.060200
-6.421649,-138.156401,546.914633
6.705252,-128.263173,543.303337
19.628551,-117.815527,541.518952
31.837665,-105.585462,541.281091
42.525072,-89.899454,541.896048
50.286700,-68.861726,542.543698
53.149790,-42.707607,542.590122
50.028505,-16.701606,541.822131
42.092277,4.074896,540.530167
31.306073,19.568123,539.413977
18.865976,36.844170,539.348611
5.908820,47.233718,541.053550
-7.225964,57.134567,544.783147
-20.112689,67.610750,550.207124
-32.240910,79.891142,556.440556
-42.805672,95.639387,562.264892
-50.415962,116.698365,566.456648
-53.146119,142.730685,568.120038
-49.976460,168.505816,566.926975
-42.074295,-170.892938,563.200547
-31.354236,-155.487952,557.821381
-19.152374,-143.404538,551.981507
-6.239849,-133.017999,546.852606
6.887142,-123.124370,543.266067
19.804419,-112.661127,541.506300
31.998937,-100.395773,541.285695
42.657052,-84.647687,541.906636
50.364640,-63.527336,542.549515
53.147253,-37.328835,542.584936
49.946540,-11.371828,541.806543
41.957934,9.322293,540.511509
31.143517,24.755127,539.403827
18.689301,41.996920,539.359006
5.726611,52.372090,541.091538
-7.407652,62.273619,544.848353
-20.287735,72.765702,550.290730
-32.400754,85.081665,556.527240
-42.935691,100.891936,562.336882
-50.491765,122.032254,566.498556
-53.142225,148.106607,568.123027
-49.894508,173.832514,566.891087
-41.940763,-165.647286,563.134611
-31.192626,-150.301745,557.740530
-18.976551,-138.251822,551.902957
-6.058009,-127.879690,546.790887
7.068993,-117.985459,543.229160
19.980153,-107.506388,541.493953
32.159922,-95.205420,541.290463
42.788476,-79.394857,541.917225
50.441618,-58.191857,542.555208
53.143515,-31.950118,542.579585
49.863642,-6.043173,541.790847
41.823059,14.568652,540.492884
30.980688,29.941495,539.393883
18.512501,47.149353,539.369750
5.544371,57.510373,541.129926
-7.589292,67.412782,544.913893
-20.462638,77.920997,550.374495
-32.560302,90.272855,556.613843
-43.065147,106.145542,562.408547
-50.566608,127.367202,566.539964
-53.137147,153.482451,568.125453
-49.811640,179.158105,566.854702
-41.806704,-160.402654,563.068354
-31.030742,-145.116166,557.659594
-18.800597,-133.099423,551.824553
-5.876130,-122.741471,546.729476
7.250804,-112.846439,543.192614
20.155749,-102.351305,541.481908
32.320618,-90.014398,541.295393
42.919339,-74.140959,541.927813
50.517627,-52.855295,542.560776
53.138575,-26.571476,542.574068
49.779817,-0.715645,541.775047
41.687656,19.813980,540.474295
30.817590,35.127232,539.384147
18.335578,52.301473,539.380843
5.362099,62.648571,541.168715
-7.770884,72.552059,544.979766
-20.637396,83.076641,550.458416
-32.719554,95.464717,556.700359
-43.194036,111.400208,562.479887
-50.640487,132.703201,566.580872
-53.130886,158.858195,568.127318
-49.727861,-175.517416,566.817823
-41.672123,-155.159036,563.001779
-30.868586,-139.931210,557.578576
-18.624512,-127.947337,551.746298
-5.694213,-117.603339,546.668375
7.432573,-107.707306,543.156430
20.331208,-97.195874,541.470163
32.481022,-84.822701,541.300482
43.049635,-68.885987,541.938398
50.592661,-47.517659,542.566216
53.132435,-21.192932,542.568386
49.695070,4.610751,541.759143
41.551731,25.058281,540.455744
30.654223,40.312342,539.374621
18.158532,57.453284,539.392287
5.179798,67.786684,541.207904
-7.952425,77.691453,545.045970
-20.812006,88.232636,550.542489
-32.878505,100.657257,556.786786
-43.322353,116.655941,562.550897
-50.713394,138.040245,566.621278
-53.123443,164.233820,568.128621
-49.643177,-170.194054,566.780452
-41.537025,-149.916428,562.934889
-30.706162,-134.746871,557.497480
-18.448300,-122.795561,551.668194
-5.512258,-112.465292,546.607585
7.614299,-102.568057,543.120608
20.506527,-92.040093,541.458718
32.641131,-79.630324,541.305730
43.179361,-63.629937,541.948978
50.666716,-42.178956,542.571529
53.125094,-15.814505,542.562539
49.609408,9.936010,541.743137
41.415287,30.301560,540.437233
30.490592,45.496832,539.365308
17.981365,62.604788,539.404085
4.997468,72.924717,541.247494
-8.133915,82.830967,545.112503
-20.986469,93.388987,550.626712
-33.037153,105.850479,556.873121
-43.450093,121.912745,562.621574
-50.785326,143.378324,566.661179
-53.114818,169.609304,568.129362
-49.557593,-164.871815,566.742589
-41.401414,-144.674824,562.867687
-30.543471,-129.563144,557.416309
-18.271960,-117.644090,551.590245
-5.330268,-107.327326,546.547108
7.795982,-97.428689,543.085147
20.681705,-86.883956,541.447570
32.800943,-74.437262,541.311133
43.308511,-58.372804,541.959550
50.739786,-36.839193,542.576713
53.116554,-10.436217,542.556528
49.522837,15.260126,541.727031
41.278330,35.543823,540.418765
30.326698,50.680705,539.356210
17.804080,67.755991,539.416236
4.815111,78.062672,541.287483
-8.315353,87.970604,545.179364
-21.160782,98.545697,550.711081
-33.195495,111.044389,556.959358
-43.577252,127.170623,562.691916
-50.856275,148.717431,566.700575
-53.105013,174.984628,568.129542
-49.471116,-159.550701,566.704237
-41.265295,-139.434220,562.800176
-30.380517,-124.380025,557.335066
-18.095495,-112.492921,551.512452
-5.148243,-102.189438,546.486945
7.977620,-92.289199,543.050048
20.856740,-81.727460,541.436719
32.960453,-69.243509,541.316688
43.437079,-53.114584,541.970112
50.811864,-31.498379,542.581766
53.106816,-5.058089,542.550351
49.435362,20.583096,541.710825
41.140865,40.785075,540.400342
30.162545,55.863967,539.347329
17.626676,72.906894,539.428742
4.632727,83.200552,541.327872
-8.496738,93.110366,545.246549
-21.334943,103.702771,550.795593
-33.353528,116.238993,557.045497
-43.703823,132.429581,562.761919
-50.926238,154.057557,566.739464
-53.094027,-179.640229,568.129160
-49.383752,-154.230718,566.665398
-41.128672,-134.194609,562.732359
-30.217301,-119.197508,557.253756
-17.918907,-107.342050,551.434819
-4.966185,-97.051627,546.427098
8.159212,-87.149586,543.015311
21.031630,-76.570602,541.426162
33.119661,-64.049060,541.322395
43.565062,-47.855272,541.980663
50.882946,-26.156523,542.586688
53.095880,0.319859,542.544011
49.346990,25.904915,541.694522
41.002894,46.025322,540.381967
29.998134,61.046624,539.338667
17.449157,78.057503,539.441606
4.450318,88.338360,541.368661
-8.678067,98.250257,545.314059
-21.508951,108.860211,550.880246
-33.511250,121.434295,557.131531
-43.829803,137.689623,562.831582
-50.995208,159.398694,566.777843
-53.081863,-174.265287,568.128217
-49.295505,-148.911869,566.626074
-40.991550,-128.955987,562.664239
-30.053826,-114.015589,557.172380
-17.742195,-102.191475,551.357349
-4.784094,-91.913889,546.367568
8.340757,-82.009845,542.980934
21.206374,-71.413378,541.415898
33.278562,-58.853910,541.328250
43.692454,-42.594864,541.991199
50.953026,-20.813633,542.591477
53.083748,5.697605,542.537506
49.257726,31.225580,541.678123
40.864424,51.264568,540.363640
29.833468,66.228680,539.330228
17.271522,83.207819,539.454827
4.267885,93.476099,541.409849
-8.859341,103.390280,545.381890
-21.682803,114.018022,550.965037
-33.668657,126.630300,557.217459
-43.955186,142.950752,562.900899
-51.063181,164.740833,566.815712
-53.068521,-168.890566,568.126713
-49.206383,-143.594158,566.586266
-40.853932,-123.718348,562.595819
-29.890094,-108.834262,557.090944
-17.565363,-97.041192,551.280045
-4.601972,-86.776221,546.308357
8.522253,-76.869973,542.946918
21.380969,-66.255783,541.405926
33.437153,-53.658053,541.334251
43.819249,-37.333355,542.001720
51.022098,-15.469718,542.596133
53.070420,11.075130,542.530838
49.167576,36.545086,541.661630
40.725458,56.502820,540.345366
29.668550,71.410140,539.322012
17.093775,88.357847,539.468408
4.085429,98.613771,541.451436
-9.040558,108.530436,545.450041
-21.856500,119.176208,551.049961
-33.825747,131.827016,557.303276
-44.079968,148.212974,562.969870
-51.130151,170.083963,566.853069
-53.054002,-163.516087,568.124648
-49.116390,-138.277588,566.545977
-40.715824,-118.481688,562.527103
-29.726109,-103.653523,557.009449
-17.388412,-91.891196,551.202908
-4.419819,-81.638621,546.249466
8.703700,-71.729968,542.913263
21.555415,-61.097813,541.396243
33.595432,-48.461483,541.340396
43.945443,-32.070740,542.012224
51.090156,-10.124788,542.600654
53.055898,16.452412,542.524006
49.076546,41.863431,541.645044
40.586002,61.740083,540.327147
29.503382,76.591009,539.314022
16.915915,93.507591,539.482350
3.902951,103.751379,541.493423
-9.221717,113.670730,545.518509
-22.030038,124.334772,551.135016
-33.982517,137.024446,557.388980
-44.204143,153.476291,563.038490
-51.196112,175.428076,566.889913
-53.038309,-158.141870,568.122023
-49.025532,-132.962163,566.505208
-40.577229,-113.246000,562.458093
-29.561872,-98.473366,556.927899
-17.211342,-86.741485,551.125943
-4.237638,-76.501086,546.190897
8.885096,-66.589828,542.879968
21.729710,-55.939466,541.386849
33.753396,-43.264196,541.346683
44.071031,-26.807016,542.022707
51.157197,-4.778853,542.605039
53.040183,21.829430,542.517010
48.984643,47.180611,541.628367
40.446058,66.976363,540.308984
29.337967,81.771293,539.306261
16.737946,98.657054,539.496653
3.720452,108.888926,541.535808
-9.402816,118.811165,545.587294
-22.203416,129.493719,551.220199
-34.138963,142.222596,557.474566
-44.327706,158.740709,563.106757
-51.261061,-179.226839,566.926241
-53.021442,-152.767934,568.118837
-48.933816,-127.647886,566.463962
-40.438151,-108.011279,562.388793
-29.397385,-93.293787,556.846299
-17.034155,-81.592056,551.049151
-4.055428,-71.363612,546.132650
9.066440,-61.449548,542.847033
21.903851,-50.780736,541.377741
33.911042,-38.066185,541.353109
44.196007,-21.542179,542.033168
51.223213,0.568079,542.609288
53.023278,27.206165,542.509852
48.891872,52.496623,541.611601
40.305632,72.211664,540.290880
29.172307,86.950996,539.298731
16.559867,103.806238,539.511320
3.537934,114.026415,541.578591
-9.583855,123.951742,545.656393
-22.376632,134.653053,551.305507
-34.295083,147.421472,557.560031
-44.450652,164.006231,563.174669
-51.324990,-173.880791,566.962052
-53.003404,-147.394299,568.115091
-48.841247,-122.334760,566.422240
-40.298596,-102.777520,562.319205
-29.232652,-88.114781,556.764651
-16.856854,-76.442904,550.972535
-3.873191,-66.226198,546.074727
9.247731,-56.309126,542.814458
22.077837,-45.621620,541.368918
34.068366,-32.867445,541.359673
44.320366,-16.276223,542.043605
51.288200,5.915995,542.613398
53.005183,32.582596,542.502532
48.798239,57.811464,541.594746
40.164728,77.445993,540.272838
29.006404,92.130122,539.291434
16.381681,108.955149,539.526352
3.355397,119.163849,541.621772
-9.764832,129.092466,545.725803
-22.549685,139.812777,551.390936
-34.450874,152.621079,557.645371
-44.572976,169.272861,563.242221
-51.387896,-168.533791,566.997346
-52.984195,-142.020985,568.110785
-48.747831,-117.022786,566.380044
-40.158566,-97.544718,562.249333
-29.067674,-82.936343,556.682958
-16.679438,-71.294026,550.896099
-3.690929,-61.088840,546.017130
9.428967,-51.168559,542.782242
22.251667,-40.462114,541.360378
34.225366,-27.667971,541.366371
44.444103,-11.009146,542.054016
51.352153,11.264887,542.617370
52.985900,37.958703,542.495049
48.703750,63.125132,541.577806
40.023351,82.679355,540.254859
28.840261,97.308678,539.284372
16.203389,114.103788,539.541749
3.172842,124.301229,541.665351
-9.945746,134.233338,545.795524
-22.722573,144.972895,551.476483
-34.606332,157.821422,557.730584
-44.694673,174.540602,563.309412
-51.449774,-163.185850,567.032120
-52.963818,-136.648011,568.105920
-48.653573,-111.711968,566.337377
-40.018067,-92.312867,562.179180
-28.902455,-77.758469,556.601224
-16.501910,-66.145420,550.819844
-3.508641,-55.951536,545.959860
9.610148,-46.027844,542.750385
22.425339,-35.302214,541.352120
34.382038,-22.467756,541.373201
44.567212,-5.740943,542.064398
51.415066,16.614742,542.621201
52.965432,43.334466,542.487405
48.608411,68.437625,541.560781
39.881503,87.911756,540.236947
28.673880,102.486668,539.277548
16.024992,119.252160,539.557512
2.990271,129.438560,541.709327
-10.126595,139.374363,545.865552
-22.895294,150.133412,551.562146
-34.761455,163.022508,557.815666
-44.815737,179.809459,563.376238
-51.510617,-157.836979,567.066373
-52.942275,-131.275397,568.100495
-48.558480,-106.402307,566.294240
-39.877103,-87.081961,562.108749
-28.736995,-72.581153,556.519452
-16.324271,-60.997081,550.743774
-3.326330,-50.814283,545.902917
9.791273,-40.886978,542.718887
22.598850,-30.141916,541.344141
34.538380,-17.266796,541.380162
44.689689,-0.471610,542.074751
51.476934,21.965551,542.624892
52.943779,48.709865,542.479599
48.512229,73.748941,541.543673
39.739191,93.143201,540.219103
28.507264,107.664097,539.270964
15.846492,124.400268,539.573644
2.807685,134.575844,541.753700
-10.307380,144.515543,545.935886
-23.067846,155.294331,551.647920
-34.916239,168.224341,557.900612
-44.936164,-174.920565,563.442697
-51.570423,-152.487189,567.100103
-52.919567,-125.903163,568.094512
-48.462558,-101.093806,566.250636
-39.735677,-81.851995,562.038043
-28.571297,-67.404390,556.437646
-16.146523,-55.849006,550.667890
-3.143997,-45.677078,545.846304
9.972339,-35.745958,542.687747
22.772199,-24.981215,541.336440
34.694388,-12.065085,541.387250
44.811528,4.798856,542.085071
51.537752,27.317302,542.628441
52.920945,54.084879,542.471632
48.415208,79.059076,541.526484
39.596417,98.373697,540.201331
28.340415,112.840969,539.264621
15.667891,129.548115,539.590145
2.625085,139.713083,541.798469
-10.488098,149.656881,546.006524
-23.240228,160.455656,551.733803
-35.070682,173.426927,557.985420
-45.055947,-169.649468,563.508786
-51.629184,-147.136491,567.133310
-52.895698,-120.531327,568.087971
-48.365811,-95.786466,566.206566
-39.593793,-76.622963,561.967065
-28.405365,-62.228176,556.355810
-15.968667,-50.701191,550.592197
-2.961642,-40.539918,545.790021
10.153347,-30.604781,542.656965
22.945385,-19.820109,541.329016
34.850059,-6.862617,541.394464
44.932724,10.070458,542.095358
51.597515,32.669982,542.631847
52.896932,59.459491,542.463505
48.317356,84.368031,541.509216
39.453187,103.603248,540.183631
28.173335,118.017290,539.258523
15.489189,134.695706,539.607017
2.442471,144.850281,541.843634
-10.668748,154.798380,546.077464
-23.412437,165.617392,551.819792
-35.224779,178.630271,558.070087
-45.175083,-164.377244,563.574501
-51.686898,-141.784897,567.165992
-52.870668,-115.159908,568.080872
-48.268247,-90.480288,566.162032
-39.451457,-71.394860,561.895819
-28.239199,-57.052507,556.273945
-15.790703,-45.553634,550.516695
-2.779267,-35.402801,545.734069
10.334294,-25.463445,542.626541
23.118405,-14.658591,541.321866
35.005391,-1.659387,541.401801
45.053271,15.343202,542.105608
51.656218,38.023581,542.635110
52.871741,64.833679,542.455218
48.218677,89.675804,541.491870
39.309504,108.831860,540.166008
28.006026,123.193064,539.252671
15.310388,139.843042,539.624260
2.259846,149.987440,541.889194
-10.849330,159.940043,546.148704
-23.584473,170.779543,551.905882
-35.378529,-176.165621,558.154608
-45.293565,-159.103892,563.639841
-51.743558,-136.432420,567.198147
-52.844481,-109.788926,568.073216
-48.169871,-85.175274,566.117038
-39.308671,-66.167681,561.824308
-28.072803,-51.877376,556.192056
-15.612634,-40.406332,550.441389
-2.596872,-30.265724,545.678451
10.515179,-20.321945,542.596473
23.291258,-9.496660,541.314990
35.160378,3.544611,541.409259
45.173164,20.617089,542.115820
51.713856,43.378085,542.638228
52.845375,70.207425,542.446771
48.119178,94.982393,541.474448
39.165372,114.059539,540.148463
27.838491,128.368296,539.247067
15.131489,144.990127,539.641875
2.077210,155.124563,541.935150
-11.029841,165.081873,546.220240
-23.756332,175.942113,551.992072
-35.531927,-170.960743,558.238980
-45.411389,-153.829408,563.704803
-51.799160,-131.079072,567.229774
-52.817139,-104.418399,568.065002
-48.070688,-79.871425,566.071584
-39.165439,-60.941419,561.752534
-27.906177,-46.702781,556.110147
-15.434462,-35.259279,550.366280
-2.414459,-25.128684,545.623166
10.696002,-15.180280,542.566762
23.463941,-4.334310,541.308384
35.315019,8.749383,541.416836
45.292397,25.892124,542.125992
51.770424,48.733483,542.641200
52.817837,75.580709,542.438165
48.018866,100.287798,541.456952
39.020795,119.286291,540.130998
27.670732,133.542990,539.241714
14.952495,150.136966,539.659865
1.894564,160.261653,541.981500
-11.210281,170.223873,546.292073
-23.928014,-178.894895,552.078358
-35.684971,-165.755090,558.323200
-45.528548,-148.553789,563.769383
-51.853700,-125.724866,567.260873
-52.788645,-99.048345,568.056233
-47.970704,-74.568742,566.025673
-39.021766,-55.716070,561.680502
-27.739326,-41.528716,556.028220
-15.256186,-30.112475,550.291371
-2.232029,-19.991678,545.568216
10.876761,-10.038446,542.537407
23.636454,0.828463,541.302047
35.469311,13.954934,541.424529
45.410965,31.168309,542.136122
51.825917,54.089761,542.644026
52.789130,80.953513,542.429401
47.917745,105.592017,541.439383
38.875778,124.512122,540.113616
27.502752,138.717153,539.236615
14.773405,155.283560,539.678228
1.711909,165.398712,542.028243
-11.390648,175.366046,546.364198
-24.099517,-173.731476,552.164736
-35.837658,-160.548656,558.407264
-45.645038,-143.277032,563.833579
-51.907173,-120.369814,567.291441
-52.759001,-93.678783,568.046907
-47.869926,-69.267225,565.979308
-38.877656,-50.491627,561.608214
-27.572250,-36.355176,555.946278
-15.077809,-24.965914,550.216665
-2.049583,-14.854704,545.513603
11.057454,-4.896439,542.508408
23.808794,5.991663,541.295978
35.623249,19.161270,541.432336
45.528862,36.445647,542.146209
51.880331,59.446907,542.646704
52.759255,86.325818,542.420479
47.815822,110.895050,541.421744
38.730324,129.737037,540.096320
27.334552,143.890787,539.231770
14.594222,160.429914,539.696968
1.529247,170.535743,542.075380
-11.570941,-179.491605,546.436614
-24.270838,-168.567625,552.251203
-35.989983,-155.341436,558.491169
-45.760852,-137.999134,563.897389
-51.959574,-115.013929,567.321478
-52.728210,-88.309731,568.037027
-47.768359,-63.966875,565.932490
-38.733112,-45.268086,561.535673
-27.404953,-31.182157,555.864326
-14.899332,-19.819595,550.142163
-1.867123,-9.717758,545.459326
11.238082,0.245742,542.479763
23.980959,11.155294,541.290175
35.776831,24.368396,541.440255
45.646084,41.724143,542.156249
51.933661,64.804908,542.649235
52.728217,91.697604,542.411400
47.713102,116.196897,541.404037
38.584437,134.961042,540.079111
27.166135,149.063898,539.227182
14.414947,165.576030,539.716084
1.346579,175.672750,542.122909
-11.751160,-174.349076,546.509319
-24.441976,-163.403340,552.337756
-36.141944,-150.133424,558.574911
-45.875987,-132.720093,563.960809
-52.010900,-109.657225,567.350982
-52.696274,-82.941207,568.026591
-47.666008,-58.667692,565.885222
-38.588139,-40.045439,561.462883
-27.237435,-26.009654,555.782366
-14.720757,-14.673512,550.067870
-1.684648,-4.580839,545.405388
11.418641,5.388101,542.451472
24.152947,16.319360,541.284635
35.930053,29.576319,541.448283
45.762624,47.003797,542.166241
51.985902,70.163748,542.651617
52.696017,97.068855,542.402164
47.609593,121.497557,541.386262
38.438122,140.184142,540.061993
26.997502,154.236491,539.222854
14.235581,170.721912,539.735579
1.163905,-179.190266,542.170831
-11.931302,-169.206366,546.582311
-24.612928,-158.238615,552.424392
-36.293537,-144.924615,558.658487
-45.990436,-127.439906,564.023837
-52.061144,-104.299717,567.379952
-52.663198,-77.573229,568.015602
-47.562880,-53.369677,565.837505
-38.442739,-34.823682,561.389847
-27.069700,-20.837663,555.700402
-14.542084,-9.527665,549.993786
-1.502161,0.556057,545.351790
11.599132,10.530642,542.423535
24.324757,21.483866,541.279358
36.082911,34.785044,541.456418
45.878476,52.284614,542.176184
52.037049,75.523416,542.653849
52.662659,102.439550,542.392772
47.505298,126.797031,541.368422
38.291382,145.406344,540.044967
26.828657,159.408570,539.218787
14.056126,175.867564,539.755452
0.981227,-174.053302,542.219144
-12.111366,-164.063470,546.655586
-24.783694,-153.073446,552.511107
-36.444760,-139.715003,558.741894
-46.104193,-122.158571,564.086470
-52.110304,-98.941417,567.408386
-52.628983,-72.205814,568.004059
-47.458980,-48.072829,565.789343
-38.296918,-29.602810,561.316568
-26.901750,-15.666179,555.618437
-14.363316,-4.382048,549.919916
-1.319662,5.692933,545.298531
11.779552,15.673367,542.395952
24.496387,26.648815,541.274340
36.235403,39.994577,541.464658
45.993636,57.566596,542.186076
52.087099,80.883896,542.655931
52.628147,107.809674,542.383225
47.400226,132.095318,541.350518
38.144221,150.627653,540.028037
26.659601,164.580140,539.214984
13.876583,-178.987012,539.775704
0.798545,-168.916354,542.267847
-12.291352,-158.920385,546.729144
-24.954271,-147.907829,552.597899
-36.595608,-134.504582,558.825127
-46.217254,-116.876085,564.148706
-52.158375,-93.582339,567.436285
-52.593634,-66.838980,567.991963
-47.354314,-42.777147,565.740737
-38.150678,-24.382816,561.243049
-26.733585,-10.495198,555.536475
-14.184452,0.763341,549.846260
-1.137152,10.829790,545.245614
11.959901,20.816279,542.368721
24.667834,31.814213,541.269581
36.387525,45.204923,541.473001
46.108098,62.849745,542.195913
52.136046,86.245174,542.657861
52.592482,113.179207,542.373522
47.294380,137.392419,541.332553
37.996643,155.848075,540.011203
26.490336,169.751205,539.211446
13.696953,-173.841812,539.796338
0.615862,-163.779420,542.316941
-12.471258,-153.777109,546.802982
-25.124657,-142.741759,552.684763
-36.746078,-129.293347,558.908184
-46.329612,-111.592447,564.210542
-52.205353,-88.222500,567.463646
-52.557152,-61.472743,567.979316
-47.248888,-37.482633,565.691690
-38.004024,-19.163695,561.169294
-26.565210,-5.324714,555.454518
-14.005496,5.908505,549.772822
-0.954634,15.966633,545.193039
12.140177,25.959381,542.341841
24.839096,36.980062,541.265078
36.539274,50.416088,541.481443
46.221855,68.134064,542.205696
52.183887,91.607235,542.659639
52.555669,118.548131,542.363666
47.187768,142.688335,541.314529
37.848652,161.067616,539.994470
26.320865,174.921770,539.208176
13.517238,-168.696834,539.817353
0.433177,-158.642498,542.366423
-12.651082,-148.633639,546.877096
-25.294850,-137.575234,552.771696
-36.896167,-124.081292,558.991061
-46.441263,-106.307654,564.271975
-52.251233,-82.861912,567.490469
-52.519542,-56.107122,567.966117
-47.142708,-32.189285,565.642204
-37.856958,-13.945441,561.095306
-26.396625,-0.154724,555.372570
-13.826447,11.053448,549.699604
-0.772106,21.103463,545.140808
12.320380,31.102677,542.315313
25.010173,42.146369,541.260830
36.690646,55.628078,541.489984
46.334903,73.419554,542.215421
52.230617,96.970065,542.661265
52.517711,123.916431,542.353656
47.080395,147.983066,541.296447
37.700251,166.286281,539.977839
26.151190,-179.908161,539.205176
13.337439,-163.552073,539.838750
0.250493,-153.505584,542.416295
-12.830824,-143.489971,546.951486
-25.464849,-132.408247,552.858695
-37.045872,-118.868412,559.073755
-46.552200,-101.021704,564.333003
-52.296012,-77.500592,567.516753
-52.480807,-50.742132,567.952367
-47.035778,-26.897102,565.592281
-37.709486,-8.728049,561.021088
-26.227833,5.014777,555.290634
-13.647308,16.198173,549.626608
-0.589572,26.240284,545.088920
12.500507,36.246170,542.289135
25.181061,47.313137,541.256835
36.841637,60.840899,541.498620
46.447235,78.706219,542.225087
52.276232,102.333648,542.662737
52.478611,129.284088,542.343493
46.972267,153.276612,541.278309
37.551445,171.504077,539.961313
25.981312,-174.738583,539.202448
13.157556,-158.407527,539.860531
0.067810,-148.368676,542.466554
-13.010482,-138.346102,547.026149
-25.634650,-127.240795,552.945758
-37.195188,-113.654700,559.156262
-46.662418,-95.734595,564.393623
-52.339686,-72.138554,567.542495
-52.440951,-45.377791,567.938068
-46.928105,-21.606083,565.541923
-37.561610,-3.511513,560.946644
-26.058835,10.183793,555.208714
-13.468079,21.342683,549.553838
-0.407031,31.377097,545.037378
12.680558,41.389862,542.263307
25.351760,52.480370,541.253090
36.992243,66.054556,541.507349
46.558846,83.994059,542.234693
52.320728,107.697969,542.664055
52.438374,134.651086,542.333178
46.863389,158.568976,541.260117
37.402236,176.721009,539.944894
25.811234,-169.569491,539.199994
12.977593,-153.263192,539.882696
-0.114871,-143.231771,542.517200
-13.190055,-133.202029,547.101082
-25.804254,-122.072874,553.032879
-37.344112,-108.440152,559.238578
-46.771912,-90.446327,564.453833
-52.382251,-66.775814,567.567697
-52.399977,-40.014113,567.923219
-46.819695,-16.316228,565.491134
-37.413334,1.704173,560.871977
-25.889635,15.352329,555.126813
-13.288762,26.486981,549.481294
-0.224485,36.513907,544.986181
12.860531,46.533757,542.237828
25.522266,57.648072,541.249594
37.142463,71.269055,541.516169
46.669730,89.283077,542.244235
52.364101,113.063012,542.665219
52.397002,140.017407,542.322712
46.753768,163.860158,541.241873
37.252630,-178.062918,539.928584
25.640958,-164.400881,539.197816
12.797549,-148.119065,539.905246
-0.297548,-138.094866,542.568232
-13.369541,-128.057749,547.176282
-25.973656,-116.904479,553.120057
-37.492641,-103.224761,559.320701
-46.880676,-85.156897,564.513630
-52.423702,-61.412387,567.592355
-52.357888,-34.651117,567.907823
-46.710553,-11.027534,565.439915
-37.264662,6.919014,560.797089
-25.720233,20.520389,555.044935
-13.109358,31.631070,549.408980
-0.041935,41.650715,544.935332
13.040424,51.677859,542.212698
25.692577,62.816249,541.246345
37.292291,76.484402,541.525077
46.779882,94.573274,542.253713
52.406346,118.428761,542.666227
52.354500,145.383036,542.312095
46.643410,169.150160,541.223579
37.102628,-172.847697,539.912387
25.470486,-159.232748,539.195916
12.617427,-142.975144,539.928182
-0.480222,-132.957958,542.619649
-13.548940,-122.913258,547.251749
-26.142856,-111.735605,553.207287
-37.640771,-98.008522,559.402627
-46.988704,-79.866305,564.573011
-52.464037,-56.048291,567.616470
-52.314690,-29.288816,567.891878
-46.600684,-5.740002,565.388270
-37.115598,12.133016,560.721985
-25.550632,25.687978,554.963081
-12.929869,36.774954,549.336898
0.140618,46.787525,544.884829
13.220238,56.822169,542.187914
25.862693,67.984905,541.243340
37.441724,81.700603,541.534072
46.889295,99.864652,542.263125
52.447461,123.795199,542.667079
52.310871,150.747956,542.301329
46.532319,174.438982,541.205237
36.952236,-167.633323,539.896304
25.299819,-154.065089,539.194296
12.437226,-137.831425,539.951504
-0.662889,-127.821046,542.671451
-13.728249,-117.768554,547.327478
-26.311851,-106.566249,553.294567
-37.788499,-92.791430,559.484353
-47.095990,-74.574548,564.631974
-52.503252,-50.683540,567.640041
-52.270384,-23.927227,567.875388
-46.490095,-0.453628,565.336199
-36.966144,17.346185,560.646668
-25.380834,30.855099,554.881256
-12.750295,41.918635,549.265050
0.323172,51.924339,544.834676
13.399970,61.966692,542.163478
26.032610,73.154044,541.240579
37.590758,86.917663,541.543150
46.997964,105.157213,542.272469
52.487441,129.162311,542.667774
52.266120,156.112152,542.290413
46.420502,179.726628,541.186849
36.801456,-162.419789,539.880337
25.128961,-148.897899,539.192958
12.256950,-132.687904,539.975214
-0.845550,-122.684125,542.723637
-13.907469,-112.623634,547.403469
-26.480639,-101.396406,553.381892
-37.935821,-87.573478,559.565875
-47.202529,-69.281627,564.690517
-52.541343,-45.318151,567.663066
-52.224976,-18.566366,567.858351
-46.378790,4.831588,565.283706
-36.816304,22.558526,560.571140
-25.210841,36.021758,554.799464
-12.570638,47.062117,549.193438
0.505728,57.061159,544.784871
13.579619,67.111431,542.139387
26.202327,78.323670,541.238059
37.739390,92.135588,541.552311
47.105883,110.450956,542.281742
52.526282,134.530079,542.668312
52.220250,161.475607,542.279350
46.307965,-174.986902,541.168416
36.650292,-157.207091,539.864491
24.957912,-143.731173,539.191904
12.076599,-127.544579,539.999313
-1.028203,-117.547194,542.776205
-14.086597,-107.478494,547.479717
-26.649219,-96.226071,553.469260
-38.082732,-82.354662,559.647189
-47.308316,-63.987540,564.748637
-52.578306,-39.952141,567.685545
-52.178469,-13.206247,567.840770
-46.266776,10.115648,565.230793
-36.666082,27.770045,560.495406
-25.040655,41.187959,554.717706
-12.390900,52.205403,549.122066
0.688283,62.197989,544.735416
13.759183,72.256388,542.115641
26.371842,83.493788,541.235777
37.887616,97.354385,541.561550
47.213047,115.745884,542.290945
52.563982,139.898487,542.668693
52.173265,166.838307,542.268139
46.194713,-169.701605,541.149941
36.498749,-151.995223,539.848765
24.786676,-138.564907,539.191137
11.896173,-122.401447,540.023800
-1.210847,-112.410249,542.829154
-14.265632,-102.333130,547.556221
-26.817588,-91.055240,553.556667
-38.229230,-77.134974,559.728293
-47.413344,-58.692287,564.806332
-52.614139,-34.585527,567.707477
-52.130868,-7.846885,567.822646
-46.154059,15.398555,565.177463
-36.515482,32.980747,560.419468
-24.870277,46.353705,554.635987
-12.211081,57.348495,549.050934
0.870837,67.334832,544.686312
13.938662,77.401568,542.092239
26.541152,88.664403,541.233733
38.035433,102.574058,541.570867
47.319448,121.041997,542.300073
52.600536,145.267517,542.668915
52.125171,172.200235,542.256782
46.080751,-164.417480,541.131426
36.346828,-146.784177,539.833164
24.615253,-133.399097,539.190657
11.715676,-117.258505,540.048676
-1.393482,-107.273288,542.882485
-14.444573,-97.187541,547.632979
-26.985744,-85.883908,553.644110
-38.375311,-71.914411,559.809183
-47.517608,-53.395867,564.863598
-52.648838,-29.218326,567.728861
-52.082176,-2.488295,567.803978
-46.040642,20.680310,565.123717
-36.364506,38.190638,560.343330
-24.699709,51.519002,554.554309
-12.031183,62.491398,548.980046
1.053388,72.471689,544.637560
14.118054,82.546972,542.069181
26.710255,93.835519,541.231924
38.182836,107.794613,541.580258
47.425083,126.339296,542.309127
52.635941,150.637153,542.668978
52.075970,177.561378,542.245279
45.966087,-159.134524,541.112873
36.194534,-141.573950,539.817690
24.443646,-128.233738,539.190468
11.535107,-112.115748,540.073943
-1.576105,-102.136308,542.936195
-14.623418,-92.041722,547.709987
-27.153684,-80.712071,553.731585
-38.520971,-66.692966,559.889856
-47.621102,-48.098280,564.920435
-52.682400,-23.850555,567.749696
-52.032398,2.869509,567.784768
-45.926533,25.960916,565.069560
-36.213158,43.399724,560.266996
-24.528955,56.683853,554.472677
-11.851206,67.634114,548.909404
1.235936,77.608565,544.589159
14.297358,87.692606,542.046465
26.879150,99.007141,541.230348
38.329821,113.016057,541.589722
47.529944,131.637781,542.318104
52.670194,156.007375,542.668882
52.025668,-177.078280,542.233632
45.850724,-153.852735,541.094284
36.041870,-136.364536,539.802345
24.271857,-123.068826,539.190570
11.354468,-106.973175,540.099602
-1.758716,-96.999307,542.990284
-14.802166,-86.895670,547.787243
-27.321408,-75.539725,553.819090
-38.666206,-61.470633,559.970307
-47.723820,-42.799526,564.976838
-52.714821,-18.482232,567.769981
-51.981538,8.226513,567.765018
-45.811736,31.240375,565.014992
-36.061442,48.608011,560.190468
-24.358014,61.848262,554.391092
-11.671153,72.776646,548.839009
1.418478,82.745461,544.541111
14.476573,92.838470,542.024090
27.047834,104.179273,541.229003
38.476385,118.238394,541.599256
47.634025,136.937453,542.327002
52.703291,161.378167,542.668625
51.974268,-171.718753,542.221841
45.734670,-148.572110,541.075660
35.888840,-131.155927,539.787131
24.099888,-117.904357,539.190967
11.173761,-101.830782,540.125651
-1.941314,-91.862281,543.044751
-14.980816,-81.749382,547.864746
-27.488912,-70.366864,553.906619
-38.811013,-56.247407,560.050535
-47.825757,-37.499605,565.032807
-52.746100,-13.113374,567.789716
-51.929600,13.582703,567.744728
-45.696257,36.518689,564.960018
-35.909360,53.815503,560.113750
-24.186890,67.012235,554.309559
-11.491025,77.918998,548.768865
1.601016,87.882380,544.493417
14.655696,97.984570,542.002057
27.216304,109.351920,541.227887
38.622524,123.461632,541.608858
47.737322,142.238312,542.335820
52.735230,166.749511,542.668209
51.921776,-166.360055,542.209907
45.617929,-143.292646,541.057004
35.735447,-125.948120,539.772051
23.927740,-112.740326,539.191659
10.992986,-96.688566,540.152093
-2.123898,-86.725227,543.099595
-15.159367,-76.602855,547.942491
-27.656195,-65.193484,553.994171
-38.955387,-51.023282,560.130536
-47.926906,-32.198517,565.088338
-52.776232,-7.743999,567.808900
-51.876590,18.938066,567.723899
-45.580102,41.795862,564.904638
-35.756917,59.022206,560.036845
-24.015584,72.175774,554.228081
-11.310822,83.061171,548.698972
1.783546,93.019326,544.446077
14.834727,103.130908,541.980362
27.384560,114.525086,541.226998
38.768234,128.685775,541.618525
47.839827,147.540357,542.344556
52.766008,172.121388,542.667631
51.868195,-161.002200,542.197831
45.500506,-138.014341,541.038318
35.581695,-120.741107,539.757107
23.755416,-107.576730,539.192649
10.812145,-91.546525,540.178928
-2.306466,-81.588144,543.154814
-15.337817,-71.456086,548.020477
-27.823255,-60.019581,554.081742
-39.099325,-45.798253,560.210305
-48.027263,-26.896262,565.143430
-52.805216,-2.374126,567.827532
-51.822510,24.292588,567.702532
-45.463275,47.071895,564.848856
-35.604115,64.228127,559.959757
-23.844098,77.338885,554.146660
-11.130546,88.203170,548.629334
1.966068,98.156300,544.399091
15.013665,108.277488,541.959006
27.552598,119.698777,541.226333
38.913511,133.910829,541.628256
47.941536,152.843588,542.353208
52.795620,177.493779,542.666893
51.813531,-155.645201,542.185614
45.382409,-132.737192,541.019604
35.427586,-115.534884,539.742302
23.582917,-102.413563,539.193939
10.631239,-86.404654,540.206156
-2.489018,-76.451028,543.210408
-15.516164,-66.309070,548.098700
-27.990088,-54.845150,554.169327
-39.242822,-40.572315,560.289841
-48.126821,-21.592841,565.198079
-52.833048,2.996228,567.845612
-51.767367,29.646256,567.680629
-45.345783,52.346792,564.792675
-35.450958,69.433270,559.882488
-23.672434,82.501571,554.065300
-10.950199,93.344998,548.559952
2.148582,103.293306,544.352460
15.192507,113.424313,541.937988
27.720417,124.872997,541.225892
39.058351,139.136800,541.638048
48.042441,158.148006,542.361775
52.824066,-177.133333,542.665992
51.757788,-150.289072,542.173257
45.263641,-127.461196,541.000864
35.273124,-110.329445,539.727638
23.410245,-97.250823,539.195531
10.450269,-81.262951,540.233778
-2.671552,-71.313877,543.266375
-15.694408,-61.161806,548.177159
-28.156694,-49.670186,554.256925
-39.385875,-35.345460,560.369139
-48.225574,-16.288255,565.252284
-52.859726,8.367043,567.863138
-51.711165,34.999057,567.658190
-45.227630,57.620556,564.736097
-35.297449,74.637642,559.805043
-23.500594,87.663836,553.984004
-10.769781,98.486657,548.490829
2.331085,108.430346,544.306185
15.371253,118.571385,541.917306
27.888013,130.047750,541.225671
39.202750,144.363694,541.647898
48.142538,163.453609,542.370255
52.851342,-171.759968,542.664930
51.700971,-144.933826,542.160762
45.144209,-122.186350,540.982100
35.118313,-105.124784,539.713118
23.237403,-92.088504,539.197426
10.269236,-76.121414,540.261795
-2.854068,-66.176687,543.322714
-15.872547,-56.014289,548.255851
-28.323069,-44.494685,554.344531
-39.528480,-30.117685,560.448196
-48.323517,-10.982505,565.306043
-52.885247,13.738301,567.880110
-51.653907,40.350980,567.635217
-45.108822,62.893190,564.679124
-35.143591,79.841247,559.727425
-23.328579,92.825685,553.902775
-10.589293,103.628150,548.421967
2.513577,113.567423,544.260267
15.549902,123.718709,541.896960
28.055386,135.223041,541.225669
39.346705,149.591516,541.657805
48.241820,168.760396,542.378647
52.877444,-166.386145,542.663705
51.643085,-139.579475,542.148128
45.024118,-116.912651,540.963314
34.963156,-99.920895,539.698744
23.064391,-86.926603,539.199626
10.088143,-70.980038,540.290207
-3.036564,-61.039456,543.379424
-16.050580,-50.866516,548.334773
-28.489212,-39.318641,554.432141
-39.670633,-24.888983,560.527009
-48.420644,-5.675592,565.359352
-52.909609,19.109984,567.896528
-51.595600,45.702011,567.611711
-44.989365,68.164697,564.621759
-34.989387,85.044091,559.649637
-23.156391,97.987122,553.821617
-10.408737,108.769481,548.353368
2.696056,118.704541,544.214705
15.728451,128.866289,541.876948
28.222532,140.398876,541.225884
39.490210,154.820272,541.667765
48.340281,174.068367,542.386949
52.902372,-161.011883,542.662317
51.584134,-134.226032,542.135358
44.903374,-111.640094,540.944509
34.807655,-94.717773,539.684518
22.891213,-81.765116,539.202133
9.906989,-65.838821,540.319014
-3.219039,-55.902182,543.436504
-16.228505,-45.718484,548.413922
-28.655120,-34.142051,554.519754
-39.812329,-19.659348,560.605575
-48.516949,-0.367518,565.412210
-52.932810,24.482073,567.912391
-51.536248,51.052139,567.587672
-44.869262,73.435080,564.564006
-34.834840,90.246180,559.571682
-22.984033,103.148150,553.740532
-10.228114,113.910652,548.285033
2.878522,123.841700,544.169500
15.906900,134.014126,541.857270
28.389450,145.575258,541.226313
39.633262,160.049968,541.677778
48.437915,179.377521,542.395158
52.926122,-155.637201,542.660767
51.524124,-128.873509,542.122452
44.781981,-106.368677,540.925686
34.651814,-89.515413,539.670443
22.717868,-76.604038,539.204950
9.725776,-60.697760,540.348217
-3.401491,-50.764861,543.493953
-16.406320,-40.570190,548.493296
-28.820791,-28.964909,554.607364
-39.953566,-14.428776,560.683890
-48.612426,4.941716,565.464615
-52.954847,29.854548,567.927698
-51.475855,56.401353,567.563104
-44.748521,78.704343,564.505865
-34.679955,95.447520,559.493564
-22.811505,108.308775,553.659524
-10.047425,119.051666,548.216965
3.060974,128.978906,544.124653
16.085246,139.162225,541.837924
28.556136,150.752193,541.226955
39.775856,165.280610,541.687840
48.534717,-175.312145,542.403275
52.948693,-150.262119,542.659052
51.463059,-123.521919,542.109411
44.659945,-101.098397,540.906847
34.495637,-84.313807,539.656522
22.544361,-71.443365,539.208077
9.544506,-55.556852,540.377817
-3.583921,-45.627490,543.551770
-16.584025,-35.421630,548.572891
-28.986222,-23.787210,554.694969
-40.094338,-9.197261,560.761952
-48.707070,10.252108,565.516564
-52.975718,35.227390,567.942448
-51.414427,61.749640,567.538005
-44.627145,83.972489,564.447342
-34.524733,100.648115,559.415286
-22.638810,113.468999,553.578596
-9.866672,124.192527,548.149167
3.243410,134.116159,544.080164
16.263490,144.310589,541.818910
28.722590,155.929685,541.227807
39.917989,170.512203,541.697950
48.630680,-170.000632,542.411297
52.970081,-144.886656,542.657174
51.400946,-118.171272,542.096237
44.537272,-95.829249,540.887995
34.339126,-79.112952,539.642756
22.370691,-66.283093,539.211517
