18.166176,-57.904371,539.391492
5.187666,-47.570383,541.205868
-7.944593,-37.665673,545.042755
-20.804477,-27.125210,550.538521
-32.871655,-14.702171,556.782763
-43.316831,1.293781,562.547608
-50.710270,22.674580,566.619396
-53.123788,48.866516,568.128522
-49.646847,74.440916,566.782119
-41.542862,94.722022,562.937922
-30.713172,109.894083,557.501205
-18.455903,121.846790,551.671852
-5.520108,132.177646,546.610535
7.606460,142.074824,543.122495
20.498965,152.602069,541.459541
32.634227,165.010250,541.305795
43.173773,-178.992121,541.948752
50.663540,-157.544708,542.571449
53.125436,-131.181949,542.562847
49.613125,-105.429118,541.743782
41.421188,-85.060031,540.437888
30.497661,-69.862228,539.365478
17.989015,-52.752853,539.403273
5.005337,-42.432347,541.245440
-8.126086,-32.526164,545.109274
-20.978946,-21.968874,550.622737
-33.030316,-9.508978,556.869102
-43.444596,6.550538,562.618301
-50.782244,28.012615,566.659321
-53.115215,54.242007,568.129289
-49.561302,79.763204,566.744279
-41.407273,99.963669,562.870734
-30.550493,115.077836,557.420039
-18.279569,126.998274,551.593896
-5.338120,137.315615,546.550045
7.788144,147.214186,543.087019
20.674149,157.758190,541.448381
32.794051,170.203282,541.311191
43.302948,-173.735035,541.959323
50.736652,-152.204991,542.576637
53.116948,-125.803654,542.556841
49.526593,-100.104952,541.727679
41.284253,-79.817724,540.419417
30.333778,-64.678329,539.356369
17.811734,-47.601638,539.415408
4.822981,-37.294388,541.285411
-8.307526,-27.386533,545.176120
-21.153265,-16.812179,550.707101
-33.188671,-4.315098,556.955345
-43.571780,11.808370,562.688658
-50.853236,33.351678,566.698740
-53.105460,59.617338,568.129495
-49.474864,85.084367,566.705950
-41.271176,105.204316,562.803238
-30.387550,120.260981,557.338800
-18.103109,132.149456,551.516098
-5.156097,142.453506,546.489869
7.969784,152.353670,543.051905
20.849189,162.914670,541.437516
32.953575,175.397005,541.316739
43.431542,-168.476862,541.969885
50.808773,-146.864222,542.581695
53.107261,-120.425519,542.550670
49.439157,-94.781932,541.711476
41.146809,-74.576428,540.400990
30.169636,-59.495040,539.347477
17.634336,-42.450722,539.427899
4.640598,-32.156505,541.325783
-8.488913,-22.246776,545.243292
-21.327433,-11.655122,550.791608
-33.346718,0.879475,557.041488
-43.698377,17.067282,562.758678
-50.923241,38.691760,566.737652
-53.094525,64.992489,568.129139
-49.387537,90.404399,566.667133
-41.134574,110.443970,562.735435
-30.224345,125.443524,557.257493
-17.926526,137.300339,551.438459
-4.974040,147.591320,546.430009
8.151378,157.493279,543.017151
21.024086,168.071512,541.426946
33.112796,-179.408576,541.322439
43.559550,-163.217597,541.980435
50.879898,-141.522411,542.586621
53.096377,-115.047563,542.544336
49.350824,-89.460063,541.695176
41.008861,-69.336138,540.382611
30.005236,-54.312357,539.338805
17.456821,-37.300101,539.440746
4.458190,-27.018694,541.366554
-8.670245,-17.106890,545.310788
-21.501447,-6.497697,550.876255
-33.504454,6.074747,557.127528
-43.824382,22.327276,562.828355
-50.992255,44.032854,566.776054
-53.082411,70.367440,568.128221
-49.299329,95.723297,566.627831
-40.997473,115.682634,562.667330
-30.060881,130.625469,557.176122
-17.749820,142.450927,551.360982
-4.791950,152.729061,546.370466
8.332925,162.633014,542.982759
21.198836,173.228721,541.416670
33.271710,-174.213456,541.328287
43.686967,-157.957236,541.990971
50.950021,-136.179565,542.591415
53.084296,-109.669807,542.537837
49.261598,-84.139349,541.678780
40.870412,-64.096848,540.364282
29.840581,-49.130276,539.330355
17.279191,-32.149772,539.453951
4.275758,-21.880952,541.407725
-8.851521,-11.966874,545.378605
-21.675307,-1.339902,550.961040
-33.661875,11.270723,557.213461
-43.949791,27.588359,562.897689
-51.060270,49.374949,566.813947
-53.069120,75.742171,568.126743
-49.210244,101.041057,566.588046
-40.859877,120.920315,562.598924
-29.897161,135.806821,557.094688
-17.572993,147.601223,551.283671
-4.609829,157.866732,546.311241
8.514423,167.772880,542.948727
21.373438,178.386300,541.406684
33.430315,-169.017630,541.334281
43.813788,-152.695775,542.001492
51.019137,-130.835695,542.596076
53.071020,-104.292273,542.531174
49.171486,-78.819792,541.662289
40.731468,-58.858553,540.346004
29.675674,-43.948790,539.322128
17.101449,-26.999731,539.467516
4.093303,-16.743278,541.449295
-9.032740,-6.826723,545.446742
-21.849010,3.818267,551.045959
-33.818978,16.467407,557.299284
-44.074599,32.850533,562.966676
-51.127284,54.718037,566.851327
-53.054653,81.116661,568.124703
-49.120288,106.357676,566.547779
-40.721790,126.157018,562.530222
-29.733186,140.987585,557.013197
-17.396046,152.751231,551.206528
-4.427678,163.004335,546.252337
8.695872,172.912879,542.915057
21.547890,-176.455747,541.396989
33.588607,-163.821091,541.340419
43.940008,-147.433208,542.011995
51.087239,-125.490809,542.600601
53.056549,-98.914980,542.524348
49.080494,-73.501397,541.645706
40.592032,-53.621248,540.327781
29.510517,-38.767895,539.314128
16.923594,-21.849975,539.481441
3.910826,-11.605667,541.491263
-9.213902,-1.686435,545.515197
-22.022555,8.976815,551.131009
-33.975762,21.664806,557.384993
-44.198800,38.113804,563.035312
-51.193289,60.062107,566.888194
-53.039010,86.490890,568.122103
-49.029468,111.673150,566.507032
-40.583215,131.392747,562.461226
-29.568960,146.167767,556.931651
-17.218982,157.900954,551.129556
-4.245497,168.141873,546.193754
8.877270,178.053014,542.881746
21.722191,-171.297416,541.387582
33.746585,-158.623835,541.346699
44.065622,-142.169532,542.022478
51.154324,-120.144916,542.604991
53.040886,-93.537950,542.517358
48.988629,-68.184167,541.629031
40.452109,-48.384926,540.309614
29.345112,-33.587586,539.306356
16.745629,-16.700500,539.495728
3.728328,-6.468117,541.533631
-9.395003,3.453994,545.583968
-22.195940,14.135746,551.216187
-34.132222,26.862926,557.470585
-44.322390,43.378174,563.103596
-51.258281,65.407151,566.924546
-53.022194,91.864839,568.118943
-48.937789,116.987476,566.465807
-40.444159,136.627510,562.391939
-29.404484,151.347371,556.850054
-17.041800,163.050396,551.052757
-4.063289,173.279349,546.135494
9.058616,-176.806712,542.848796
21.896339,-166.138703,541.378461
33.904244,-153.425855,541.353118
44.190625,-136.904743,542.032939
51.220384,-114.798028,542.609244
53.024032,-88.161202,542.510205
48.895895,-62.868105,541.612267
40.311704,-43.149582,540.291506
29.179462,-28.407859,539.298815
16.567555,-11.551304,539.510379
3.545810,-1.330626,541.576396
-9.576045,8.594565,545.653053
-22.369163,19.295062,551.301489
-34.288356,32.061770,557.556056
-44.445362,48.643648,563.171524
-51.322254,70.753158,566.960381
-53.004206,97.238487,568.115222
-48.845256,122.300653,566.424107
-40.304624,141.861310,562.322365
-29.239762,156.526401,556.768408
-16.864504,168.199559,550.976135
-3.881053,178.416766,546.077557
9.239910,-171.666296,542.816205
22.070332,-160.979604,541.369625
34.061583,-148.227147,541.359675
44.315010,-131.638836,542.043376
51.285416,-109.450154,542.613359
53.005988,-82.784757,542.502891
48.802299,-57.553213,541.595415
40.170821,-37.915212,540.273460
29.013570,-23.228707,539.291507
16.389373,-6.402382,539.525394
3.363274,3.806810,541.619560
-9.757024,13.735282,545.722450
-22.542223,24.454769,551.386914
-34.444161,37.261345,557.641403
-44.567713,53.910230,563.239093
-51.385205,76.100117,566.995698
-52.985047,102.611816,568.110942
-48.751876,127.612676,566.381933
-40.164615,147.094153,562.252507
-29.074795,161.704864,556.686719
-16.687093,173.348449,550.899691
-3.698792,-176.445874,546.019946
9.421149,-166.525736,542.783974
22.244169,-155.820115,541.361073
34.218597,-143.027704,541.366366
44.438774,-126.371807,542.053787
51.349413,-104.101304,542.617335
52.986757,-77.408636,542.495413
48.707847,-52.239494,541.578477
40.029464,-32.681808,540.255477
28.847437,-18.050126,539.284434
16.211086,-1.253731,539.540774
3.180720,8.944193,541.663121
-9.937941,18.876148,545.792158
-22.715118,29.614870,551.472456
-34.599634,42.461657,557.726622
-44.689437,59.177924,563.306300
-51.447127,81.448017,567.030495
-52.964721,107.984804,568.106102
-48.657655,132.923544,566.339288
-40.024136,152.326046,562.182367
-28.909585,166.882762,556.604987
-16.509570,178.497067,550.823430
-3.516506,-171.308568,545.962662
9.602332,-161.385027,542.752101
22.417847,-150.660232,541.352802
34.375283,-137.827522,541.373190
44.561911,-121.103652,542.064170
51.412371,-98.751490,542.621172
52.966340,-72.032858,542.487774
48.612545,-46.926950,541.561455
39.887637,-27.449366,540.237561
28.681067,-12.872112,539.277598
16.032694,3.894653,539.556521
2.998150,14.081526,541.707080
-10.118794,24.017166,545.862173
-22.887846,34.775370,551.558114
-34.754771,47.662710,557.811710
-44.810529,64.446732,563.373143
-51.508015,86.796849,567.064772
-52.943228,113.357434,568.100704
-48.562598,138.233255,566.296172
-39.883191,157.556992,562.111949
-28.744136,172.060103,556.523218
-16.331936,-176.354583,550.747352
-3.334196,-166.171312,545.905706
9.783459,-156.244168,542.720588
22.591365,-145.499951,541.344810
34.531639,-132.626594,541.380145
44.684416,-115.834369,542.074523
51.474285,-93.400722,542.624868
52.944738,-66.657443,542.479974
48.516398,-41.615584,541.544349
39.745344,-22.217879,540.219713
28.514461,-7.694659,539.271002
15.854198,9.042772,539.572637
2.815564,19.218812,541.751435
-10.299581,29.158340,545.932494
-23.060406,39.936272,551.643885
-34.909570,52.864511,557.896663
-44.930983,69.716659,563.439619
-51.567865,92.146600,567.098527
-52.920571,118.729685,568.094746
-48.466711,143.541806,566.252589
-39.741785,162.786999,562.041256
-28.578448,177.236889,556.441415
-16.154192,-171.206496,550.671461
-3.151863,-161.034105,545.849078
9.964528,-151.103155,542.689433
22.764722,-140.339268,541.337097
34.687662,-127.424916,541.387227
44.806282,-110.563952,542.084843
51.535148,-88.049012,542.628421
52.921955,-61.282411,542.472013
48.419414,-36.305397,541.527162
39.602590,-16.987343,540.201936
28.347621,-2.517763,539.264648
15.675601,14.190631,539.589121
2.632965,24.356053,541.796187
-10.480302,34.299671,546.003119
-23.232795,45.097580,551.729763
-35.064027,58.067064,557.981478
-45.050795,74.987709,563.505725
-51.626672,97.497259,567.131757
-52.896751,124.101539,568.088230
-48.370000,148.849196,566.208541
-39.599921,168.016070,561.970291
-28.412526,-177.586874,556.359580
-15.976340,-166.058671,550.595760
-2.969509,-155.896944,545.792781
10.145538,-145.961985,542.658635
22.937914,-135.178179,541.329661
34.843348,-122.222481,541.394434
44.927506,-105.292398,542.095130
51.594957,-82.696371,542.631832
52.897993,-55.907782,542.463891
48.321597,-30.996391,541.509896
39.459380,-11.757752,540.184232
28.180551,2.658581,539.258538
15.496903,19.338232,539.605976
2.450352,29.493253,541.841335
-10.660956,39.441162,546.074046
-23.405012,50.259298,551.815748
-35.218140,63.270376,558.066152
-45.169959,80.259883,563.571458
-51.684431,102.848814,567.164463
-52.871772,129.472975,568.081157
-48.272471,154.155424,566.164029
-39.457604,173.244213,561.899058
-28.246370,-172.411181,556.277718
-15.798382,-160.911103,550.520251
-2.787135,-150.759825,545.736816
10.326488,-140.820656,542.628195
23.110942,-130.016679,541.322499
34.998693,-117.019284,541.401766
45.048081,-100.019704,542.105381
51.653706,-77.342812,542.635100
52.872853,-50.533575,542.455610
48.222954,-25.688567,541.492552
39.315716,-6.529099,540.166604
28.013252,7.834379,539.252674
15.318107,24.485579,539.623202
2.267727,34.630413,541.886878
-10.841540,44.582818,546.145273
-23.577055,55.421431,551.901835
-35.371905,68.474451,558.150680
-45.288469,85.533187,563.636816
-51.741136,108.201253,567.196642
-52.845634,134.843977,568.073526
-48.174129,159.460488,566.119055
-39.314837,178.471432,561.827559
-28.079984,-167.236027,556.195831
-15.620317,-155.763789,550.444937
-2.604741,-145.622746,545.681183
10.507376,-135.679163,542.598112
23.283802,-124.854766,541.315610
35.153696,-111.815319,541.409218
45.168002,-94.745866,542.115594
51.711390,-71.988347,542.638223
52.846538,-45.159810,542.447169
48.123491,-20.381927,541.475132
39.171603,-1.301379,540.149054
27.845727,13.009634,539.247059
15.139212,29.632675,539.640801
2.085091,39.767538,541.932816
-11.022054,49.724641,546.216797
-23.748922,60.583982,551.988021
-35.525318,73.679296,558.235059
-45.406321,90.807622,563.701795
-51.796785,113.554563,567.228294
-52.818342,140.214524,568.065338
-48.074981,164.764388,566.073623
-39.171625,-176.302267,561.755798
-27.913368,-162.061409,556.113924
-15.442149,-150.616726,550.369820
-2.422329,-140.485704,545.625885
10.688201,-130.537505,542.568386
23.456493,-119.692434,541.308992
35.308352,-106.610581,541.416789
45.287264,-89.470881,542.125766
51.768004,-66.632987,542.641200
52.819050,-39.786505,542.438568
48.023213,-15.076472,541.457637
39.027045,3.925413,540.131585
27.677978,18.184352,539.241694
14.960222,34.779524,539.658773
1.902446,44.904629,541.979148
-11.202497,54.866634,546.288616
-23.920612,65.746956,552.074303
-35.678378,78.884915,558.319287
-45.523509,96.083192,563.766392
-51.851370,118.908733,567.259416
-52.789898,145.584599,568.056593
-47.975032,170.067121,566.027733
-39.027971,-171.076878,561.683778
-27.746527,-156.887321,556.031998
-15.263878,-145.469911,550.294903
-2.239900,-135.348697,545.570921
10.868963,-125.395678,542.539015
23.629013,-114.529679,541.302643
35.462659,-101.405063,541.424476
45.405861,-84.194746,542.135897
51.823544,-61.276746,542.644031
52.790393,-34.413680,542.429810
47.922127,-9.772201,541.440071
38.882047,9.151283,540.114198
27.510007,23.358537,539.236583
14.781136,39.926129,539.677120
1.719792,50.041689,542.025875
-11.382868,60.008799,546.360729
-24.092122,70.910357,552.160678
-35.831080,84.091315,558.403359
-45.640028,101.359900,563.830606
-51.904889,124.263749,567.290009
-52.760303,150.954183,568.047293
-47.874288,175.368689,565.981389
-38.883880,-165.852397,561.611502
-27.579461,-151.713759,555.950058
-15.085505,-140.323340,550.220189
-2.057455,-130.211721,545.516293
11.049659,-120.253679,542.510000
23.801360,-109.366498,541.296562
35.616612,-96.198761,541.432277
45.523787,-78.917457,542.145984
51.878004,-55.919637,542.646715
52.760569,-29.041354,542.420893
47.820238,-4.469117,541.422433
38.736612,14.376237,540.096897
27.341817,28.532194,539.231726
14.601957,45.072493,539.695843
1.537130,55.178722,542.072994
-11.563164,65.151141,546.433133
-24.263451,76.074189,552.247142
-35.983420,89.298501,558.487271
-45.755872,106.637749,563.894434
-51.957337,129.619598,567.320070
-52.729561,156.323257,568.037438
-47.772755,-179.330911,565.934591
-38.739354,-160.628816,561.538973
-27.412173,-146.540717,555.868107
-14.907033,-135.177010,550.145679
-1.874995,-125.074775,545.462002
11.230289,-115.111506,542.481340
23.973533,-104.202886,541.290747
35.770209,-90.991669,541.440190
45.641038,-73.639012,542.156026
51.931381,-50.561674,542.649251
52.729581,-23.669544,542.411819
47.717553,0.832781,541.404727
38.590744,19.600281,540.079683
27.173409,33.705328,539.227126
14.422686,50.218620,539.714942
1.354461,60.315729,542.120506
-11.743386,70.293661,546.505826
-24.434597,81.238455,552.333692
-36.135397,94.506478,558.571021
-45.871036,111.916740,563.957872
-52.008709,134.976267,567.349598
-52.697675,161.691804,568.027028
-47.670438,-174.031678,565.887344
-38.594399,-155.406131,561.466195
-27.244665,-141.368192,555.786149
-14.728462,-130.030918,550.071377
-1.692521,-119.937854,545.408050
11.410852,-109.969154,542.453034
24.145529,-99.038839,541.285196
35.923447,-85.783781,541.448213
45.757607,-68.359408,542.166019
51.983669,-45.202869,542.651637
52.697431,-18.298271,542.402589
47.614078,6.133493,541.386954
38.444447,24.823421,540.062560
27.004786,38.877943,539.222785
14.243324,55.364512,539.734420
1.171788,65.452714,542.168411
-11.923531,75.436364,546.578805
-24.605558,86.403162,552.420325
-36.287007,99.715253,558.654606
-45.985514,117.196878,564.020918
-52.059000,140.333741,567.378592
-52.664648,167.059806,568.016064
-47.567343,-168.733612,565.839648
-38.449018,-150.184336,561.393170
-27.076939,-136.196179,555.704186
-14.549793,-124.885060,549.997285
-1.510034,-114.800957,545.354437
11.591345,-104.826621,542.425082
24.317346,-93.874352,541.279906
36.076321,-80.575091,541.456343
45.873490,-63.078641,542.175963
52.034864,-39.843237,542.653875
52.664123,-12.927550,542.393202
47.509817,11.433018,541.369115
38.297726,30.045661,540.045529
26.835949,44.050044,539.218706
14.063873,60.510174,539.754275
0.989110,70.589679,542.216706
-12.103599,80.579252,546.652069
-24.776332,91.568311,552.507037
-36.438245,104.924831,558.738020
-46.099301,122.478163,564.083569
-52.108207,145.692008,567.407051
-52.630482,172.427246,568.004546
-47.463476,-163.436714,565.791506
-38.303215,-144.963426,561.319903
-26.908997,-131.024674,555.622222
-14.371029,-119.739433,549.923406
-1.327535,-109.664081,545.301164
11.771769,-99.683905,542.397483
24.488983,-88.709422,541.274877
36.228829,-75.365593,541.464578
45.988679,-57.796710,542.185855
52.084961,-34.482792,542.655961
52.629660,-7.557402,542.383660
47.404778,16.731356,541.351213
38.150583,35.267009,540.028593
26.666903,49.221635,539.214891
13.884334,65.655607,539.774511
0.806428,75.726628,542.265393
-12.283588,85.722328,546.725614
-24.946917,96.733909,552.593825
-36.589109,110.135216,558.821262
-46.212392,127.760599,564.145824
-52.156325,151.051052,567.434974
-52.595181,177.794105,567.992476
-47.358843,-158.140983,565.742921
-38.156993,-139.743394,561.246396
-26.740842,-125.853670,555.540260
-14.192169,-114.594035,549.849742
-1.145026,-104.527223,545.248232
11.952121,-94.541001,542.370236
24.660439,-83.544044,541.270106
36.380967,-70.155282,541.472915
46.103171,-52.513611,542.195694
52.133956,-29.121548,542.657897
52.594045,-2.187844,542.373963
47.298966,22.028509,541.333249
38.003023,40.487469,540.011754
26.497647,54.392722,539.211340
13.704708,70.800817,539.795127
0.623745,80.863562,542.314469
-12.463497,90.865596,546.799440
-25.117311,101.899958,552.680687
-36.739596,115.346416,558.904328
-46.324781,133.044188,564.207678
-52.203350,156.410859,567.462360
-52.558749,-176.839632,567.979853
-47.253450,-152.846418,565.693894
-38.010356,-134.524236,561.172652
-26.572476,-120.683166,555.458304
-14.013217,-109.448861,549.776295
-0.962508,-99.390379,545.195643
12.132400,-89.397907,542.343342
24.831709,-78.378213,541.265592
36.532732,-64.944152,541.481352
46.216959,-47.229343,542.205478
52.181845,-23.759520,542.659681
52.557282,3.181108,542.364112
47.192387,27.324475,541.315226
37.855049,45.707048,539.995015
26.328185,59.563309,539.208058
13.524996,75.945805,539.816125
0.441060,86.000485,542.363935
-12.643325,96.009058,546.873543
-25.287512,107.066464,552.767618
-36.889702,120.558436,558.987213
-46.436462,138.328932,564.269130
-52.249278,161.771414,567.489208
-52.521187,-171.473984,567.966679
-47.147302,-147.553019,565.644428
-37.863309,-129.305944,561.098676
-26.403900,-115.513155,555.376356
-13.834172,-104.303908,549.703068
-0.779981,-94.253549,545.143397
12.312606,-84.254619,542.316798
25.002794,-73.211927,541.261333
36.684120,-59.732198,541.489888
46.330037,-41.943903,542.215205
52.228623,-18.396723,542.661312
52.519373,8.549435,542.354107
47.085046,32.619257,541.297145
37.706666,50.925751,539.978379
26.158518,64.733399,539.205045
13.345200,81.090575,539.837505
0.258376,91.137399,542.413789
-12.823071,101.152718,546.947921
-25.457519,112.233431,552.854615
-37.039423,125.771281,559.069916
-46.547431,143.614832,564.330176
-52.294104,167.132703,567.515516
-52.482501,-166.108967,567.952955
-47.040404,-142.260786,565.594525
-37.715854,-124.088515,561.024469
-26.235117,-110.343633,555.294421
-13.655036,-99.159174,549.630063
-0.597447,-89.116728,545.091495
12.492736,-79.111135,542.290605
25.173691,-68.045179,541.257326
36.835127,-54.519413,541.498518
46.442401,-36.657289,542.224872
52.274286,-13.033172,542.662789
52.480323,13.917120,542.343949
46.976950,37.912855,541.279008
37.557877,56.143584,539.961847
25.988649,69.902999,539.202304
13.165322,86.235131,539.859269
0.075693,96.274308,542.464031
-13.002732,106.296578,547.022572
-25.627330,117.400863,552.941675
-37.188756,130.984956,559.152432
-46.657680,148.901890,564.390815
-52.337826,172.494711,567.541283
-52.442693,-160.744597,567.938680
-46.932763,-136.969717,565.544188
-37.567995,-118.871942,560.950036
-26.066128,-105.174596,555.212502
-13.475812,-94.014655,549.557284
-0.414906,-83.979914,545.039938
12.672790,-73.967451,542.264762
25.344397,-62.877966,541.253569
36.985751,-49.305792,541.507243
46.554043,-31.369500,542.234479
52.318830,-7.668883,542.664113
52.440134,19.284146,542.333640
46.868105,43.205270,541.260817
37.408686,61.360553,539.945422
25.818579,75.072112,539.199837
12.985361,91.379474,539.881417
-0.106988,101.411213,542.514660
-13.182309,111.440642,547.097493
-25.796942,122.568764,553.028795
-37.337697,136.199468,559.234758
-46.767205,154.190108,564.451044
-52.380438,177.857421,567.566509
-52.401767,-155.380890,567.923857
-46.824385,-131.679812,565.493419
-37.419737,-113.656220,560.875379
-25.896937,-100.006039,555.130601
-13.296498,-88.870348,549.484731
-0.232360,-78.843104,544.988727
12.852766,-68.823565,542.239268
25.514911,-57.710284,541.250062
37.135987,-44.091330,541.516058
46.664959,-26.080533,542.244023
52.362252,-2.303871,542.665282
52.398812,24.650497,542.323179
46.758516,48.496503,541.242574
37.259096,66.576663,539.929106
25.648312,80.240742,539.197646
12.805321,96.523610,539.903950
-0.289666,106.548118,542.565675
-13.361799,116.584913,547.172683
-25.966353,127.737138,553.115970
-37.486243,141.414823,559.316890
-46.876000,159.479488,564.510860
-52.421938,-176.779182,567.591192
-52.359726,-150.017864,567.908485
-46.715274,-126.391068,565.442220
-37.271082,-108.441342,560.800502
-25.727543,-94.837959,555.048722
-13.117098,-83.726250,549.412407
-0.049811,-73.706296,544.937862
13.032664,-63.679472,542.214122
25.685231,-52.542127,541.246802
37.285832,-38.876019,541.524962
46.775142,-20.790386,542.253503
52.404546,3.061848,542.666295
52.356358,30.016157,542.312567
46.648189,53.786555,541.224281
37.109112,71.791921,539.912903
25.477848,85.408895,539.195733
12.625202,101.667540,539.926868
-0.472339,111.685025,542.617076
-13.541202,121.729395,547.248138
-26.135561,132.905991,553.203199
-37.634391,146.631025,559.398825
-46.984060,164.770030,564.570260
-52.462321,-171.415114,567.615332
-52.316575,-144.655533,567.892566
-46.605437,-121.103486,565.390594
-37.122034,-103.227304,560.725408
-25.557951,-89.670350,554.966868
-12.937613,-78.582358,549.340316
0.132742,-68.569486,544.887345
13.212481,-58.535171,542.189323
25.855356,-47.373492,541.243787
37.435282,-33.659856,541.533952
46.884587,-15.499059,542.262917
52.445709,8.428257,542.667153
52.312778,35.381108,542.301806
46.537130,59.075429,541.205940
36.958736,77.006331,539.896813
25.307190,90.576575,539.194100
12.445005,106.811268,539.950173
-0.655007,116.821937,542.668861
-13.720515,126.874089,547.323856
-26.304565,138.075326,553.290477
-37.782136,151.848080,559.480561
-47.091379,170.061736,564.629242
-52.501584,-166.050391,567.638928
-52.272317,-139.293914,567.876100
-46.494878,-115.817062,565.338542
-36.972597,-98.014100,560.650101
-25.388162,-84.503208,554.885043
-12.758043,-73.438668,549.268458
0.315297,-63.432673,544.837177
13.392216,-53.390657,542.164872
26.025281,-42.204375,541.241014
37.584334,-28.442833,541.543026
46.993289,-10.206550,542.272262
52.485738,13.795340,542.667853
52.268075,40.745335,542.290895
46.425344,64.363125,541.187552
36.807973,82.219901,539.880841
25.136340,95.743785,539.192749
12.264732,111.954797,539.973866
-0.837668,121.958857,542.721030
-13.899739,132.019000,547.399836
-26.473363,143.245149,553.377801
-37.929475,157.065995,559.562092
-47.197950,175.354607,564.687805
-52.539723,-160.685029,567.661978
-52.226957,-133.933020,567.859089
-46.383605,-110.531796,565.286069
-36.822774,-92.801723,560.574584
-25.218177,-79.336529,554.803250
-12.578389,-68.295177,549.196837
0.497852,-58.295853,544.787357
13.571869,-48.245928,542.140766
26.195007,-37.034770,541.238483
37.732983,-23.224945,541.552182
47.101240,-4.912857,542.281538
52.524629,19.163080,542.668397
52.222253,46.108823,542.279837
46.312838,69.649646,541.169120
36.656826,87.432635,539.864988
24.965299,100.910531,539.191682
12.084384,117.098130,539.997947
-1.020322,127.095788,542.773581
-14.078871,137.164131,547.476073
-26.641951,148.415462,553.465168
-38.076404,162.284774,559.643417
-47.303769,-179.351356,564.745944
-52.576735,-155.319046,567.684482
-52.180497,-128.572869,567.841533
-46.271621,-105.247686,565.233175
-36.672568,-87.590169,560.498860
-25.047999,-74.170309,554.721491
-12.398654,-63.151883,549.125455
0.680407,-53.159023,544.737888
13.751437,-43.100980,542.117005
26.364530,-31.864673,541.236191
37.881227,-18.006186,541.561417
47.208436,0.382019,542.290742
52.562378,24.531461,542.668783
52.175317,51.471555,542.268631
46.199616,74.934993,541.150646
36.505298,92.644540,539.849256
24.794071,106.076817,539.190902
11.903962,122.241270,540.022417
-1.202966,132.232732,542.826514
-14.257910,142.309485,547.552567
-26.810329,153.586272,553.552574
-38.222921,167.504423,559.724531
-47.408830,-174.056153,564.803658
-52.612617,-149.952457,567.706439
-52.132943,-123.213474,567.823433
-46.158934,-99.964730,565.179864
-36.521984,-82.379432,560.422932
-24.877629,-69.004543,554.639772
-12.218839,-58.008782,549.054314
0.862961,-48.022181,544.688769
13.930920,-37.955810,542.093588
26.533849,-26.694079,541.234136
38.029061,-12.786551,541.570730
47.314871,5.678081,542.299873
52.598981,29.900464,542.669010
52.127270,56.833517,542.257279
46.085686,80.219169,541.132131
36.353394,97.855620,539.833648
24.622656,111.242647,539.190409
11.723467,127.384221,540.047276
-1.385601,137.369692,542.879828
-14.436855,147.455064,547.629313
-26.978495,158.757582,553.640016
-38.369020,172.724949,559.805431
-47.513127,-168.759784,564.860944
-52.647365,-144.585281,567.727848
-52.084298,-117.854850,567.804790
-46.045547,-94.682925,565.126138
-36.371024,-77.169506,560.346804
-24.707070,-63.839227,554.558093
-12.038944,-52.865871,548.983416
1.045512,-42.885324,544.640001
14.110315,-32.810415,542.070515
26.702962,-21.522985,541.232316
38.176482,-7.566034,541.580117
47.420539,10.975329,542.308928
52.634436,35.270074,542.669079
52.078117,62.194694,542.245781
45.971051,85.502175,541.113578
36.201116,103.065882,539.818167
24.451057,116.408025,539.190206
11.542901,132.526986,540.072526
-1.568225,142.506671,542.933522
-14.615704,152.600874,547.706311
-27.146445,163.929397,553.727491
-38.514698,177.946356,559.886114
-47.616654,-163.462247,564.917800
-52.680976,-139.217534,567.748708
-52.034566,-112.497012,567.785605
-45.931468,-89.402270,565.072000
-36.219693,-71.960385,560.270479
-24.536323,-58.674357,554.476460
-11.858971,-47.723147,548.912763
1.228060,-37.748450,544.591586
14.289623,-27.664792,542.047784
26.871865,-16.351385,541.230729
38.323485,-2.344629,541.589577
47.525433,16.273763,542.317907
52.668739,40.640271,542.668988
52.027862,67.555071,542.234138
45.855719,90.784015,541.094989
36.048468,108.275332,539.802815
24.279276,121.572956,539.190295
11.362265,137.669567,540.098166
-1.750837,147.643672,542.987595
-14.794457,157.746915,547.783557
-27.314178,169.101721,553.814994
-38.659951,-176.831349,559.966576
-47.719406,-158.163543,564.974224
-52.713447,-133.849235,567.769018
-51.983753,-107.139973,567.765879
-45.816700,-84.122761,565.017451
-36.067992,-66.752064,560.193960
-24.365391,-53.509929,554.394874
-11.678922,-42.580607,548.842358
1.410603,-32.611555,544.543523
14.468841,-22.518938,542.025395
27.040558,-11.179275,541.229374
38.470068,2.877670,541.599107
47.629548,21.573383,542.326808
52.701886,46.011039,542.668738
51.976510,72.914634,542.222352
45.739694,96.064691,541.076365
35.895454,113.483975,539.787594
24.107314,126.737444,539.190678
11.181561,142.811967,540.124198
-1.933435,152.780697,543.042045
-14.973111,162.893193,547.861049
-27.481692,174.274560,553.902524
-38.804776,-171.608162,560.046814
-47.821377,-152.863672,565.030213
-52.744775,-128.480399,567.788778
-51.931862,-101.783748,567.745614
-45.701251,-78.844398,564.962496
-35.915926,-61.544538,560.117252
-24.194275,-48.345938,554.313339
-11.498797,-37.438248,548.772203
1.593141,-27.474636,544.495813
14.647969,-17.372848,542.003346
27.209038,-6.006651,541.228247
38.616225,8.100868,541.608705
47.732879,26.874191,542.335628
52.733875,51.382359,542.668327
51.924064,78.273368,542.210422
45.622983,101.344204,541.057709
35.742077,118.691817,539.772507
23.935174,131.901494,539.191356
11.000789,147.954191,540.150623
-2.116020,157.917749,543.096872
-15.151666,168.039709,547.938784
-27.648984,179.447917,553.990075
-38.949169,-166.384076,560.126825
-47.922560,-147.562634,565.085764
-52.774957,-123.111047,567.807987
-51.878897,-96.428349,567.724809
-45.585125,-73.567176,564.907135
-35.763499,-56.337801,560.040356
-24.022976,-43.182380,554.231859
-11.318597,-32.296067,548.702301
1.775671,-22.337692,544.448458
14.827004,-12.226520,541.981637
27.377303,-0.833507,541.227348
38.761954,13.324972,541.618369
47.835419,32.176184,542.344367
52.764703,56.754214,542.667755
51.870531,83.631260,542.198351
45.505590,106.622559,541.039023
35.588339,123.898864,539.757557
23.762857,137.065109,539.192333
10.819951,153.096240,540.177440
-2.298589,163.054831,543.152075
-15.330120,173.186468,548.016760
-27.816053,-175.378203,554.077645
-39.093126,-161.159086,560.206606
-48.022951,-142.260429,565.140876
-52.803990,-117.741195,567.826644
-51.824864,-91.073791,567.703467
-45.468327,-68.291093,564.851372
-35.610712,-51.131846,559.963277
-23.851498,-38.019250,554.150437
-11.138324,-27.154060,548.632652
1.958194,-17.200719,544.401457
15.005945,-7.079951,541.960266
27.545350,4.340161,541.226673
38.907250,18.549987,541.628096
47.937162,37.479365,542.353021
52.794366,62.126583,542.667022
51.815913,88.988296,542.186139
45.387521,111.899758,541.020309
35.434246,129.105121,539.742744
23.590366,142.228294,539.193609
10.639047,158.238118,540.204651
-2.481141,168.191946,543.207652
-15.508472,178.333473,548.094973
-27.982896,-170.203794,554.165231
-39.236642,-155.933187,560.286153
-48.122544,-136.957059,565.195545
-52.831871,-112.370861,567.844749
-51.769767,-85.720086,567.681588
-45.350863,-63.016147,564.795209
-35.457570,-45.926670,559.886017
-23.679842,-32.856546,554.069075
-10.957980,-22.012226,548.563260
2.140708,-12.063715,544.354811
15.184792,-1.933137,541.939233
27.713178,9.514358,541.226222
39.052109,23.775918,541.637884
48.038102,42.783731,542.361591
52.822862,67.499450,542.666127
51.760217,94.344463,542.173787
45.268782,117.175803,541.001569
35.279799,134.310594,539.728073
23.417702,147.391052,539.195186
10.458080,163.379828,540.232255
-2.663676,173.329096,543.263603
-15.686721,-176.519273,548.173422
-28.149512,-165.028853,554.252829
-39.379715,-150.706372,560.365462
-48.221332,-131.652523,565.249771
-52.858599,-107.000066,567.862300
-51.713610,-80.367247,567.659174
-45.232739,-57.742335,564.738649
-35.304076,-40.722265,559.808581
-23.508009,-27.694263,553.987777
-10.777565,-16.870560,548.494126
2.323211,-6.926676,544.308521
15.363542,3.213925,541.918536
27.880785,14.689088,541.225991
39.196527,29.002772,541.647731
48.138234,48.089283,542.370074
52.850188,72.872795,542.665070
51.703446,99.699747,542.161296
45.149379,122.450699,540.982804
35.125003,139.515288,539.713546
23.244867,152.553389,539.197067
10.277050,168.521372,540.260254
-2.846193,178.466284,543.319926
-15.864864,-171.371767,548.252104
-28.315897,-159.853375,554.340435
-39.522339,-145.478637,560.444531
-48.319310,-126.346824,565.303550
-52.884170,-101.628826,567.879298
-51.656398,-75.015286,567.636225
-45.113959,-52.469652,564.681694
-35.150233,-35.518627,559.730971
-23.336002,-22.532396,553.906546
-10.597080,-11.729059,548.425253
2.505704,-1.789600,544.262587
15.542195,8.361238,541.898176
28.048167,19.864356,541.225979
39.340500,34.230554,541.657634
48.237551,53.396019,542.378468
52.876342,78.246598,542.663851
51.645606,105.054137,542.148667
45.029316,127.724448,540.964018
34.969860,144.719210,539.699164
23.071862,157.715308,539.199253
10.095959,173.662755,540.288649
-3.028689,-176.396487,543.376620
-16.042901,-166.224006,548.331016
-28.482050,-154.677355,554.428046
-39.664511,-140.249975,560.523355
-48.416472,-121.039961,565.356880
-52.908582,-96.257161,567.895741
-51.598136,-69.664216,567.612744
-44.994529,-47.198097,564.624348
-34.996044,-30.315750,559.653191
-23.163822,-17.370941,553.825386
-10.416527,-6.587722,548.356643
2.688184,3.347515,544.217010
15.720748,13.508806,541.878149
28.215323,25.040167,541.226184
39.484025,39.459270,541.667592
48.336048,58.703939,542.386772
52.901320,83.620842,542.662469
51.586701,110.407619,542.135902
44.908600,132.997054,540.945212
34.814375,149.922365,539.684931
22.898691,162.876813,539.201746
9.914808,178.803979,540.317438
-3.211165,-171.259215,543.433684
-16.220831,-161.075985,548.410156
-28.647968,-149.500788,554.515659
-39.806228,-135.020381,560.601933
-48.512813,-115.731937,565.409759
-52.931833,-90.885089,567.911629
-51.538829,-64.314049,567.588730
-44.874455,-41.927665,564.566612
-34.841512,-25.113629,559.575245
-22.991470,-12.209896,553.744299
-10.235907,-1.446544,548.288297
2.870650,8.484673,544.171790
15.899202,18.656632,541.858457
28.382251,30.216525,541.226603
39.627096,44.688925,541.677601
48.433718,64.013042,542.394985
52.925122,88.995506,542.660924
51.526736,115.760182,542.123000
44.787235,138.268520,540.926388
34.658549,155.124759,539.670848
22.725354,168.037909,539.204549
9.733598,-176.054954,540.346624
-3.393619,-166.121896,543.491117
-16.398651,-155.927702,548.489520
-28.813649,-144.323670,554.603270
-39.947484,-129.789849,560.680260
-48.608326,-110.422752,565.462184
-52.953921,-85.512631,567.926961
-51.478481,-58.964796,567.564185
-44.753741,-36.658354,564.508490
-34.686641,-19.912257,559.497135
-22.818950,-7.049254,553.663288
-10.055221,3.694478,548.220219
3.053103,13.621876,544.126928
16.077553,23.804720,541.839096
28.548947,35.393436,541.227235
39.769711,49.919526,541.687661
48.530556,69.323325,542.403104
52.947743,94.370571,542.659216
51.465717,121.111813,542.109964
44.665227,143.538849,540.907549
34.502386,160.326396,539.656918
22.551853,173.198600,539.207662
9.552330,-170.914039,540.376206
-3.576050,-160.984528,543.548918
-16.576361,-150.779153,548.569107
-28.979092,-139.145996,554.690876
-40.088276,-124.558375,560.758333
-48.703006,-105.112410,565.514154
-52.974842,-80.139804,567.941737
-51.417098,-53.616469,567.539111
-44.632392,-31.390160,564.449984
-34.531433,-14.711630,559.418865
-22.646262,-1.889013,553.582357
-9.874471,8.835345,548.152409
3.235539,18.759127,544.082424
16.255801,28.953072,541.820067
28.715411,40.570905,541.228077
39.911864,55.151077,541.697767
48.626555,74.634787,542.411129
52.969182,99.746018,542.657343
51.403649,126.462501,542.096794
44.542581,148.808046,540.888696
34.345889,165.527284,539.643145
22.378191,178.358889,539.211087
9.371006,-165.773275,540.406185
-3.758457,-155.847108,543.607084
-16.753959,-145.630335,548.648913
-29.144292,-133.967761,554.778473
-40.228600,-119.325952,560.836150
-48.796846,-99.800911,565.565667
-52.994597,-74.766629,567.955957
-51.354684,-48.269078,567.513509
-44.510415,-26.123079,564.391097
-34.375893,-9.511742,559.340438
-22.473409,3.270832,553.501509
-9.693657,13.976062,548.084870
3.417959,23.896429,544.038278
16.433944,34.101693,541.801368
28.881639,45.748935,541.229128
40.053552,60.383586,541.707919
48.721710,79.947427,542.419057
52.989438,105.121826,542.655307
51.340536,131.812234,542.083491
44.419303,154.076114,540.869832
34.189062,170.727427,539.629529
22.204368,-176.481220,539.214827
9.189626,-160.632658,540.436561
-3.940839,-150.709633,543.665616
-16.931444,-140.481245,548.728935
-29.309249,-128.788960,554.866058
-40.368451,-114.092575,560.913706
-48.889842,-94.488259,565.616719
-53.013182,-69.393125,567.969619
-51.291245,-42.922635,567.487379
-44.387814,-20.857107,564.331831
-34.220021,-4.312587,559.261859
-22.300391,8.430284,553.420747
-9.512780,19.116631,548.017604
3.600362,29.033785,543.994492
16.611981,39.250585,541.782998
29.047629,50.927532,541.230385
40.194770,65.617056,541.718114
48.816015,85.261242,542.426887
53.008507,110.497976,542.653106
51.276384,137.161002,542.070057
44.295398,159.343057,540.850959
34.031908,175.926830,539.616073
22.030387,-171.321721,539.218883
9.008193,-155.492185,540.467335
-4.123194,-145.572100,543.724511
-17.108814,-135.331879,548.809172
-29.473960,-123.609588,554.953627
-40.507825,-108.858239,560.990998
-48.981987,-89.174455,565.667310
-53.030595,-64.019311,567.982723
-51.226785,-37.577150,567.460724
-44.264594,-15.592242,564.272190
-34.063823,0.885839,559.183129
-22.127211,13.589348,553.340074
-9.331843,24.257055,547.950612
3.782745,34.171197,543.951064
16.789911,44.399752,541.764955
29.213379,56.106701,541.231845
40.335514,70.851494,541.728349
48.909463,90.576229,542.434618
53.026389,115.874447,542.650741
51.211197,142.508794,542.056493
44.170871,164.608879,540.832079
33.874429,-178.874499,539.602781
21.856249,-166.162612,539.223257
8.826706,-150.351853,540.498506
-4.305521,-140.434507,543.783768
-17.286068,-130.182233,548.889619
-29.638422,-118.429641,555.041176
-40.646719,-103.622938,561.068024
-49.073275,-83.859502,565.717436
-53.046836,-58.645208,567.995270
-51.161310,-32.232634,567.433545
-44.140761,-10.328478,564.212176
-33.907300,6.083543,559.104253
-21.953871,18.748028,553.259492
-9.150846,29.397337,547.883898
3.965108,39.308668,543.907997
16.967732,49.549198,541.747240
29.378886,61.286447,541.233508
40.475780,76.086905,541.738623
49.002049,95.892388,542.442248
53.043081,121.251219,542.648211
51.144982,147.855599,542.042800
44.045728,169.873583,540.813193
33.716629,-173.676557,539.589653
21.681957,-161.003888,539.227950
8.645168,-145.211659,540.530077
-4.487821,-135.296852,543.843387
-17.463204,-125.032304,548.970275
-29.802633,-113.249113,555.128703
-40.785127,-98.386667,561.144779
-49.163701,-78.543404,565.767096
-53.061903,-53.270835,568.007257
-51.094825,-26.889096,567.405843
-44.016319,-5.065813,564.151791
-33.750456,11.280530,559.025234
-21.780372,23.906327,553.179006
-8.969790,34.537480,547.817462
4.147451,44.446201,543.865289
17.145442,54.698926,541.729850
29.544149,66.466775,541.235370
40.615563,81.323296,541.748933
49.093767,101.209714,542.449775
53.058582,126.628273,542.645516
51.077744,153.201408,542.028979
43.919974,175.137175,540.794306
33.558511,-168.479337,539.576694
21.507511,-155.845546,539.232965
8.463579,-140.071601,540.562045
-4.670090,-130.159130,543.903365
-17.640222,-119.882089,549.051137
-29.966591,-108.068000,555.216204
-40.923046,-93.149420,561.221262
-49.253258,-73.226163,565.816288
-53.075793,-47.896212,568.018686
-51.027335,-21.546547,567.377619
-43.891274,0.195759,564.091039
-33.593294,16.476804,558.946075
-21.606716,29.064249,553.098618
-8.788676,39.677487,547.751306
4.329771,49.583798,543.822942
17.323040,59.848940,541.712784
29.709164,71.647689,541.237430
40.754859,86.560670,541.759277
49.184610,106.528204,542.457198
53.072890,132.005587,542.642656
51.009487,158.546209,542.015031
43.793613,-179.600342,540.775417
33.400078,-163.282834,539.563904
21.332914,-150.687581,539.238303
8.281941,-134.931675,540.594413
-4.852329,-125.021340,543.963701
-17.817119,-114.731584,549.132201
-30.130293,-102.886297,555.303676
-41.060472,-87.911192,561.297468
-49.341942,-67.907782,565.865009
-53.088507,-42.521359,568.029556
-50.958845,-16.204995,567.348875
-43.765630,5.456241,564.029923
-33.435816,21.672373,558.866780
-21.432904,34.221799,553.018332
-8.607507,44.817361,547.685433
4.512067,54.721464,543.780955
17.500525,64.999242,541.696041
29.873929,76.829195,541.239686
40.893664,91.799035,541.769652
49.274573,111.847856,542.464516
53.086004,137.383141,542.639631
50.940218,163.889994,542.000958
43.666651,-174.338964,540.756531
33.241332,-158.087043,539.551287
21.158168,-145.529990,539.243965
8.100254,-129.791879,540.627180
-5.034536,-119.883478,544.024394
-17.993893,-109.580786,549.213465
-30.293737,-97.703999,555.391114
-41.197399,-82.671978,561.373394
-49.429746,-62.588266,565.913258
-53.100042,-37.146297,568.039866
-50.889361,-10.864449,567.319612
-43.639393,10.715637,563.968444
-33.278026,26.867240,558.787352
-21.258939,39.378980,552.938149
-8.426282,49.957105,547.619845
4.694340,59.859199,543.739329
17.677895,70.149837,541.679619
30.038441,82.011298,541.242134
41.031974,97.038396,541.780057
49.363650,117.168666,542.471727
53.097922,142.760915,542.636440
50.869942,169.232753,541.986761
43.539094,-169.078686,540.737648
33.082277,-152.891958,539.538844
20.983273,-140.372768,539.249954
7.918521,-124.652209,540.660346
-5.216710,-114.745542,544.085442
-18.170545,-104.429691,549.294926
-30.456920,-92.521101,555.478515
-41.333824,-77.431772,561.449037
-49.516664,-57.267617,565.961032
-53.110398,-31.771046,568.049615
-50.818888,-5.524920,567.289833
-43.512567,15.973952,563.906607
-33.119926,32.061412,558.707794
-21.084821,44.535795,552.858074
-8.245002,55.096721,547.554542
4.876587,64.997008,543.698063
17.855149,75.300728,541.663518
30.202699,87.194002,541.244774
41.169783,102.278757,541.790490
49.451835,122.490630,542.478830
53.108644,148.138887,542.633083
50.798664,174.574478,541.972440
43.410945,-163.819503,540.718771
32.922916,-147.697573,539.526579
20.808232,-135.215912,539.256271
7.736741,-119.512663,540.693912
-5.398850,-109.607529,544.146844
-18.347071,-99.278296,549.376582
-30.619841,-87.337597,555.565877
-41.469742,-72.190569,561.524394
-49.602691,-51.945841,566.008330
-53.119573,-26.395626,568.058805
-50.747431,-0.186415,567.259537
-43.385158,21.231189,563.844413
-32.961520,37.254893,558.628111
-20.910553,49.692250,552.778110
-8.063670,60.236213,547.489528
5.058807,70.134892,543.657159
18.032285,80.451919,541.647737
30.366700,92.377313,541.247602
41.307087,107.520124,541.800947
49.539122,127.813744,542.485823
53.118168,153.517037,542.629561
50.726389,179.915159,541.957998
43.282211,-158.561412,540.699903
32.763251,-142.503883,539.514493
20.633047,-130.059417,539.262918
7.554918,-114.373237,540.727878
-5.580954,-104.469436,544.208599
-18.523471,-94.126597,549.458429
-30.782495,-82.153484,555.653195
-41.605148,-66.948365,561.599462
-49.687820,-46.622941,566.055149
-53.127567,-21.020057,568.067434
-50.674996,5.151057,567.228727
-43.257170,26.487355,563.781866
-32.802809,42.447689,558.548304
-20.736137,54.848347,552.698258
-7.882287,65.375583,547.424803
5.240999,75.272855,543.616617
18.209302,85.603413,541.632273
30.530440,97.561235,541.250618
41.443883,112.762503,541.811427
49.625505,133.138004,542.492705
53.126494,158.895344,542.625873
50.653124,-174.745212,541.943436
43.152896,-153.304407,540.681046
32.603286,-137.310883,539.502590
20.457719,-124.903281,539.269897
7.373050,-109.233929,540.762244
-5.763022,-99.331260,544.270704
-18.699744,-88.974590,549.540464
-30.944881,-76.968755,555.740465
-41.740039,-61.705153,561.674238
-49.772047,-41.298922,566.101488
-53.134378,-15.644360,568.075502
-50.601589,10.487489,567.197404
-43.128609,31.742452,563.718969
-32.643798,47.639805,558.468379
-20.561573,60.004091,552.618523
-7.700852,70.514835,547.360370
5.423163,80.410900,543.576436
18.386198,90.755213,541.617126
30.693918,102.745775,541.253817
41.580164,118.005900,541.821928
49.710977,138.463406,542.499475
53.133620,164.273787,542.622020
50.578874,-169.406643,541.928754
43.023006,-148.048485,540.662201
32.443023,-132.118568,539.490871
20.282249,-119.747499,539.277208
7.191140,-104.094737,540.797010
-5.945053,-94.192999,544.333159
-18.875886,-83.822273,549.622685
-31.106997,-71.783406,555.827685
-41.874410,-56.460929,561.748718
-49.855365,-35.973789,566.147345
-53.140007,-10.268555,568.083009
-50.527214,15.822872,567.165570
-42.999479,36.996485,563.655724
-32.484488,52.831247,558.388337
-20.386863,65.159484,552.538908
-7.519368,75.653971,547.296230
5.605296,85.549029,543.536617
18.562972,95.907324,541.602293
30.857132,107.930937,541.257199
41.715927,123.250318,541.832447
49.795534,143.789945,542.506130
53.139546,169.652345,542.618000
50.503645,-164.069143,541.913955
42.892544,-142.793639,540.643371
32.282465,-126.926931,539.479338
20.106639,-114.592067,539.284855
7.009189,-98.955656,540.832176
-6.127045,-89.054650,544.395962
-19.051898,-78.669640,549.705089
-31.268840,-66.597432,555.914851
-42.008256,-51.215687,561.822900
-49.937769,-30.647547,566.192717
-53.144453,-4.892663,568.089955
-50.451877,21.157199,567.133226
-42.869785,42.249460,563.592134
-32.324883,58.022020,558.308183
-20.212010,70.314532,552.459414
-7.337836,80.792995,547.232385
5.787398,90.687245,543.497159
18.739621,101.059749,541.587775
31.020077,113.116725,541.260761
41.851168,128.495765,541.842982
49.879169,149.117616,542.512671
53.144271,175.030997,542.613815
50.427442,-158.732718,541.899039
42.761517,-137.539866,540.624559
32.121616,-121.735968,539.467995
19.930892,-109.436982,539.292837
6.827198,-93.816684,540.867743
-6.308997,-83.916209,544.459110
-19.227778,-73.516690,549.787672
-31.430406,-61.410828,556.001960
-42.141572,-45.969423,561.896780
-50.019253,-25.320201,566.237603
-53.147715,0.483295,568.096340
-50.375585,26.490463,567.100375
-42.739531,47.501380,563.528203
-32.164985,63.212128,558.227920
-20.037014,75.469237,552.380046
-7.156257,85.931908,547.168838
5.969468,95.825551,543.458064
18.916146,106.212491,541.573569
31.182752,118.303146,541.264501
41.985881,133.742244,541.853532
49.961877,154.446413,542.519094
53.147795,-179.590277,542.609464
50.350271,-153.397376,541.884008
42.629929,-132.287161,540.605766
31.960477,-116.545674,539.456843
19.755008,-104.282240,539.301157
6.645168,-88.677819,540.903710
-6.490909,-78.777674,544.522603
-19.403523,-68.363418,549.870432
-31.591694,-56.223588,556.089007
-42.274355,-40.722131,561.970355
-50.099811,-19.991757,566.282001
-53.149792,5.859300,568.102163
-50.298341,31.822656,567.067016
-42.608723,52.752251,563.463932
-32.004797,68.401578,558.147552
-19.861877,80.623604,552.300806
-6.974632,91.070714,547.105588
6.151505,100.963950,543.419331
19.092543,111.365554,541.559674
31.345155,123.490205,541.268417
42.120061,138.989762,541.864093
50.043651,159.776331,542.525400
53.150117,-174.211500,542.604947
50.272138,-148.063124,541.868863
42.497785,-127.035518,540.586995
31.799051,-111.356042,539.445884
19.578989,-99.127836,539.309817
6.463101,-83.539058,540.940078
-6.672778,-73.639043,544.586440
-19.579133,-63.209820,549.953366
-31.752701,-51.035707,556.175989
-42.406598,-35.473807,562.043621
-50.179437,-14.662220,566.325909
-53.150686,11.235330,568.107424
-50.220153,37.153772,567.033153
-42.477366,58.002077,563.399326
-31.844322,73.590375,558.067081
-19.686601,85.777636,552.221698
-6.792961,96.209416,547.042639
6.333507,106.102445,543.380959
19.268812,116.518943,541.546089
31.507282,128.677906,541.272506
42.253705,144.238322,541.874664
50.124485,165.107365,542.531587
53.151238,-168.832692,542.600264
50.193048,-142.729969,541.853606
42.365090,-121.784933,540.568248
31.637342,-106.167069,539.435122
19.402837,-93.973768,539.318817
6.280996,-78.400397,540.976846
-6.854605,-68.500312,544.650617
-19.754606,-58.055893,550.036471
-31.913425,-45.847181,556.262904
-42.538299,-30.224445,562.116577
-50.258127,-9.331598,566.369325
-53.150395,16.611364,568.112124
-50.141025,42.483805,566.998787
-42.345463,63.250864,563.334386
-31.683562,78.778523,557.986511
-19.511188,90.931337,552.142723
-6.611247,101.348016,546.979991
6.515474,111.241038,543.342950
19.444951,121.672660,541.532812
31.669130,133.866255,541.276766
42.386807,149.487931,541.885243
50.204375,170.439508,542.537653
53.151156,-163.453875,542.595415
50.113008,-137.397918,541.838238
42.231848,-116.535401,540.549528
31.475352,-100.978747,539.424559
19.226554,-88.820032,539.328160
6.098857,-73.261833,541.014015
-7.036387,-63.361478,544.715134
-19.929941,-52.901633,550.119744
-32.073861,-40.658004,556.349747
-42.669452,-24.974041,562.189219
-50.335873,-3.999895,566.412248
-53.148920,21.987383,568.116261
-50.060963,47.812747,566.963920
-42.213020,68.498615,563.269117
-31.522520,83.966028,557.905845
-19.335638,96.084710,552.063885
-6.429491,106.486518,546.917647
6.697403,116.379732,543.305302
19.620959,126.826709,541.519842
31.830698,139.055257,541.281195
42.519362,154.738593,541.895827
50.283313,175.772754,542.543598
53.149873,-158.075069,542.590400
50.032022,-132.066977,541.822761
42.098065,-111.286917,540.530836
31.313084,-95.791073,539.414196
19.050140,-83.666623,539.337847
5.916682,-68.123365,541.051585
-7.218124,-58.222539,544.779990
-20.105135,-47.747036,550.203181
-32.234009,-35.468170,556.436514
-42.800052,-19.722590,562.261543
-50.412672,1.332882,566.454675
-53.146260,27.363365,568.119837
-49.979973,53.140595,566.928552
-42.080042,73.745336,563.203520
-31.361199,89.152894,557.825088
-19.159954,101.237759,551.985187
-6.247693,111.624923,546.855609
6.879295,121.518530,543.268017
19.796833,131.981094,541.507177
31.991982,144.244918,541.285791
42.651366,159.990314,541.906414
50.361295,-178.892903,542.549419
53.147388,-152.696295,542.585220
49.950098,-126.737151,541.807175
41.963744,-106.039475,540.512175
31.150540,-90.604041,539.404037
18.873598,-78.513539,539.347879
5.734475,-62.984988,541.089555
-7.399814,-53.083492,544.845181
-20.280187,-42.592099,550.286781
-32.393865,-30.277676,556.523203
-42.930095,-14.470086,562.333547
-50.488516,6.666725,566.496606
-53.142417,32.739290,568.122851
-49.898061,58.467340,566.892687
-41.946532,78.991033,563.137599
-31.199601,94.339128,557.744242
-18.984137,106.390488,551.906632
-6.065854,116.763236,546.793876
7.061148,126.657436,543.231094
19.972572,137.135819,541.494816
32.152980,149.435242,541.290551
42.782815,165.243098,541.917002
50.438314,-173.557471,542.555116
53.143701,-147.317575,542.579875
49.867240,-121.408447,541.791483
41.828892,-100.793071,540.493547
30.987723,-85.417645,539.394083
18.696929,-73.360775,539.358258
5.552236,-57.846701,541.127926
-7.581456,-47.944334,544.910707
-20.455096,-37.436818,550.370539
-32.553427,-25.086514,556.609810
-43.059575,-9.216527,562.405228
-50.563401,12.001627,566.538037
-53.137390,38.115137,568.125304
-49.815232,63.792979,566.856325
-41.812496,84.235709,563.071357
-31.037729,99.524734,557.663310
-18.808189,111.542901,551.828223
-5.883977,121.901459,546.732452
7.242960,131.796452,543.194533
20.148175,142.290887,541.482758
32.313689,154.626235,541.295473
42.913702,170.496951,541.927589
50.514365,-168.220956,542.560688
53.138813,-141.938930,542.574364
49.783455,-116.080870,541.775686
41.693512,-95.547699,540.474956
30.824636,-80.231882,539.384337
18.520135,-68.208328,539.368986
5.369966,-52.708500,541.166697
-7.763050,-42.805062,544.976566
-20.629860,-32.281190,550.454454
-32.712691,-19.894681,556.696331
-43.188489,-3.961906,562.476583
-50.637321,17.337581,566.578968
-53.131181,43.490886,568.127194
-49.731492,69.117506,566.819468
-41.677937,89.479370,563.004797
-30.875585,104.709717,557.582297
-18.632110,116.695000,551.749962
-5.702061,127.039595,546.671338
7.424731,136.935580,543.158333
20.323640,147.446302,541.471000
32.474105,159.817903,541.300555
43.044023,175.751876,541.938173
50.589442,-162.883366,542.566132
53.132725,-136.560381,542.568688
49.698748,-110.754425,541.759785
41.557609,-90.303354,540.456402
30.661281,-75.046744,539.374801
18.343216,-63.056195,539.380063
