13.027623,-54.094343,539.875788
-0.064097,-44.060875,542.502304
-13.140155,-34.033144,547.079440
-25.757139,-22.910641,553.007928
-37.302766,-9.290911,559.215103
-46.741558,8.682398,564.436689
-52.370534,32.332267,567.560495
-52.411475,59.093845,567.927368
-46.849893,82.812292,565.505482
-37.454577,100.853270,560.893147
-25.936675,114.514489,555.150146
-13.338604,125.655848,549.502134
-0.275219,135.684832,545.001149
12.810517,145.702690,542.245657
25.474892,156.810359,541.251268
37.100746,170.418293,541.514321
46.638980,-171.588435,542.242037
52.352157,-147.829590,542.665159
52.408617,-120.875411,542.325663
46.784316,-97.011721,541.246753
37.294257,-78.913950,539.932702
25.688310,-65.238754,539.197813
12.847602,-48.950159,539.898229
-0.246775,-38.923970,542.553229
-13.319666,-28.888922,547.154567
-25.926598,-17.742378,553.095092
-37.451405,-4.075755,559.297283
-46.850526,13.971505,564.496603
-52.412296,37.695504,567.585307
-52.369695,64.457032,567.912127
-46.740954,88.101308,565.454385
-37.306015,106.068345,560.818323
-25.767329,119.682681,555.068262
-13.159224,130.799994,549.429758
-0.092670,140.821640,544.950204
12.990433,150.846734,542.220429
25.645258,161.978403,541.247949
37.250683,175.633404,541.523203
46.749336,-166.298566,542.251531
52.394716,-142.464036,542.666207
52.366428,-115.509588,542.315085
46.674162,-91.721392,541.228470
37.144365,-73.698492,539.916471
25.517892,-60.070490,539.195834
12.667501,-43.806181,539.921057
-0.429450,-33.787064,542.604539
-13.499089,-23.744490,547.229961
-26.095854,-12.573638,553.182309
-37.599647,1.140247,559.379266
-46.958758,19.261774,564.556103
-52.452941,43.059416,567.609576
-52.326805,69.819528,567.896338
-46.631286,93.389163,565.402861
-37.157059,111.282580,560.743282
-25.597783,124.850400,554.986404
-12.979758,135.943935,549.357612
0.089882,145.958449,544.899605
13.170269,155.990986,542.195549
25.815428,167.146925,541.244875
37.400226,-179.150633,541.532172
46.858955,-161.007516,542.260959
52.436145,-137.097787,542.667100
52.323112,-110.144469,542.304357
46.563274,-86.432241,541.210138
36.994081,-68.483883,539.900353
25.347279,-54.902699,539.194134
12.487322,-38.662405,539.944270
-0.612119,-28.650153,542.656233
-13.678424,-18.599846,547.305618
-26.264906,-7.404416,553.269576
-37.747487,6.357102,559.461049
-47.066252,24.553207,564.615185
-52.492468,48.423987,567.633302
-52.282806,75.181316,567.880002
-46.520897,98.675859,565.350911
-37.007713,116.495980,560.668026
-25.428040,130.017651,554.904573
-12.800208,141.087672,549.285700
0.272436,151.095262,544.849355
13.350023,161.135449,542.171016
25.985401,172.315929,541.242046
37.549371,-173.933812,541.541225
46.967831,-155.715285,542.270319
52.476441,-131.730861,542.667836
52.278673,-104.780070,542.293480
46.451658,-81.144269,541.191759
36.843409,-63.270117,539.884351
25.176474,-49.735379,539.192715
12.307067,-33.518830,539.967871
-0.794782,-23.513235,542.708312
-13.857668,-13.454986,547.381536
-26.433752,-2.234709,553.356891
-37.894922,11.574814,559.542630
-47.172999,29.845805,564.673847
-52.530871,53.789200,567.656481
-52.237704,80.542381,567.863121
-46.409791,103.961396,565.298538
-36.857980,121.708550,560.592559
-25.258101,135.184438,554.822773
-12.620574,146.231209,549.214024
0.454992,156.232080,544.799454
13.529695,166.280128,542.146829
26.155174,177.485420,541.239457
37.698116,-168.716128,541.550361
47.075960,-150.421870,542.279610
52.515599,-126.363274,542.668415
52.233113,-99.416407,542.282455
46.339321,-75.857472,541.173336
36.692351,-58.057187,539.868468
25.005478,-44.568525,539.191580
12.126736,-28.375451,539.991860
-0.977437,-18.376307,542.760773
-14.036822,-8.309907,547.457713
-26.602390,2.935489,553.444249
-38.041948,16.793390,559.624004
-47.278995,35.139568,564.732088
-52.568148,59.155039,567.679115
-52.191502,85.902708,567.845694
-46.297973,109.245777,565.245745
-36.707864,126.920297,560.516884
-25.087968,140.350766,554.741007
-12.440859,151.374549,549.142587
0.637547,161.368907,544.749902
13.709284,171.425024,542.122987
26.324745,-177.344599,541.237109
37.846455,-163.497575,541.559577
47.183334,-145.127272,542.288829
52.553617,-120.995042,542.668836
52.186438,-94.053496,542.271281
46.226267,-70.571850,541.154869
36.540913,-52.845088,539.852706
24.834293,-39.402131,539.190731
11.946331,-23.232266,540.016238
-1.160084,-13.239366,542.813616
-14.215883,-3.164606,547.534147
-26.770818,8.106182,553.531646
-38.188561,22.012835,559.705169
-47.384235,40.434497,564.789903
-52.604295,64.521487,567.701202
-52.144204,91.262281,567.827723
-46.185451,114.529004,565.192533
-36.557369,132.131225,560.441006
-24.917643,145.516638,554.659279
-12.261062,156.517695,549.071389
0.820101,166.505746,544.700701
13.888787,176.570141,542.099489
26.494112,-172.174123,541.234997
37.994386,-158.278146,541.568870
47.289948,-139.831488,542.297976
52.590489,-115.626183,542.669099
52.138652,-88.691352,542.259962
46.112502,-65.287399,541.136362
36.389097,-47.633815,539.837068
24.662922,-34.236194,539.190169
11.765854,-18.089270,540.041005
-1.342721,-8.102410,542.866841
-14.394850,1.980921,547.610835
-26.939033,13.277374,553.619081
-38.334758,27.233154,559.786121
-47.488711,45.730592,564.847292
-52.639310,69.888527,567.722741
-52.095815,96.621087,567.809209
-46.072228,119.811079,565.138906
-36.406497,137.341341,560.364926
-24.747128,150.682059,554.577592
-12.081186,161.660650,549.000435
1.002653,171.642599,544.651852
14.068203,-178.284517,542.076335
26.663273,-167.003147,541.233122
38.141904,-153.057836,541.578239
47.395796,-134.534519,542.307048
52.626214,-110.256714,542.669203
52.089758,-83.329989,542.248496
45.998032,-60.004118,541.117817
36.236906,-42.423361,539.821555
24.491366,-29.070710,539.189896
11.585304,-12.946463,540.066162
-1.525348,-2.965436,542.920445
-14.573722,7.126676,547.687774
-27.107034,18.449070,553.706549
-38.480536,32.454354,559.866856
-47.592420,51.027855,564.904250
-52.673188,75.256141,567.743732
-52.046338,101.979111,567.790153
-45.958310,125.092004,565.084866
-36.255252,142.550650,560.288648
-24.576425,155.847033,554.495949
-11.901231,166.803418,548.929725
1.185202,176.779469,544.603354
14.247531,-173.138948,542.053524
26.832226,-161.831666,541.231480
38.289006,-147.836640,541.587681
47.500872,-129.236364,542.316044
52.660788,-104.886653,542.669148
52.039761,-77.969423,542.236886
45.882863,-54.722005,541.099234
36.084345,-37.213721,539.806171
24.319628,-23.905675,539.189916
11.404685,-7.803839,540.091710
-1.707962,2.171560,542.974429
-14.752498,12.272662,547.764962
-27.274818,23.621274,553.794047
-38.625889,37.676440,559.947372
-47.695354,56.326285,564.960777
-52.705927,80.624313,567.764173
-51.995779,107.336339,567.770556
-45.843704,130.371782,565.030415
-36.103638,147.759158,560.212176
-24.405536,161.011565,554.414353
-11.721199,171.946001,548.859263
1.367746,-178.083641,544.555208
14.426771,-167.993148,542.031054
27.000968,-156.659676,541.230069
38.435687,-142.614552,541.597194
47.605171,-123.937022,542.324961
52.694207,-99.516017,542.668934
51.988666,-72.609668,542.225131
45.767001,-49.441056,541.080616
35.931416,-32.004889,539.790918
24.147708,-18.741083,539.190228
11.223996,-2.661396,540.117649
-1.890564,7.308579,543.028790
-14.931175,17.418884,547.842397
-27.442384,28.793992,553.881571
-38.770815,42.899417,560.027664
-47.797509,61.625882,565.016870
-52.737523,85.993024,567.784064
-51.944140,112.692757,567.750419
-45.728414,135.650414,564.975556
-35.951658,152.966870,560.135513
-24.234463,166.175658,554.332807
-11.541092,177.088402,548.789050
1.550285,-172.946728,544.507416
14.605919,-162.847113,542.008925
27.169498,-151.487173,541.228889
38.581945,-137.391565,541.606775
47.708686,-118.636493,542.333799
52.726468,-94.144825,542.668559
51.936477,-67.250738,542.213234
45.650450,-44.161270,541.061966
35.778124,-26.796859,539.775798
23.975610,-13.576931,539.190836
11.043240,2.480869,540.143981
-2.073152,12.445624,543.083529
-15.109754,22.565345,547.920075
-27.609728,33.967227,553.969118
-38.915310,48.123291,560.107730
-47.898878,66.926646,565.072525
-52.767974,91.362257,567.803404
-51.891427,118.048351,567.729743
-45.612446,140.927903,564.920292
-35.799315,158.173793,560.058663
-24.063208,171.339318,554.251315
-11.360910,-177.769375,548.719088
1.732817,-167.809790,544.459978
14.784976,-157.700842,541.987136
27.337814,-146.314152,541.227935
38.727774,-132.167674,541.616422
47.811412,-113.334778,542.342555
52.757569,-88.773095,542.668023
51.883199,-61.892647,542.201194
45.533216,-38.882643,541.043286
35.624471,-21.589626,539.760813
23.803334,-8.413214,539.191741
10.862417,7.622959,540.170705
-2.255725,17.582699,543.138643
-15.288232,27.712046,547.997995
-27.776850,39.140984,554.056685
-39.059369,53.348068,560.187566
-47.999455,72.228577,565.127742
-52.797277,96.731993,567.822193
-51.837645,123.403107,567.708528
-45.495806,146.204253,564.864625
-35.646612,163.379930,559.981628
-23.891771,176.502547,554.169880
-11.180654,-172.627328,548.649380
1.915342,-162.672824,544.412894
14.963940,-152.554330,541.965685
27.505913,-141.140607,541.227207
38.873172,-126.942874,541.626133
47.913343,-108.031876,542.351229
52.787505,-83.400845,542.667326
51.828835,-56.535409,542.189013
45.415306,-33.605173,541.024576
35.470461,-16.383184,539.745967
23.630884,-3.249929,539.192946
10.681529,12.764876,540.197823
-2.438281,22.719806,543.194132
-15.466608,32.858993,548.076153
-27.943747,44.315268,554.144269
-39.202989,58.573754,560.267169
-48.099236,77.531674,565.182517
-52.825430,102.102215,567.840429
-51.782796,128.757014,567.686777
-45.378498,151.479466,564.808557
-35.493553,168.585289,559.904412
-23.720157,-178.334649,554.088505
-11.000326,-167.485453,548.579929
2.097858,-157.535828,544.366165
15.142809,-147.407574,541.944573
27.673792,-135.966535,541.226703
39.018134,-121.717159,541.635906
48.014472,-102.727788,542.359817
52.816276,-78.028093,542.666468
51.773392,-51.179037,542.176692
45.296724,-28.328857,541.005840
35.316097,-11.177528,539.731261
23.458260,1.912930,539.194451
10.500577,17.906626,540.225334
-2.620821,27.856947,543.249995
-15.644881,38.006188,548.154548
-28.110416,49.490084,554.231865
-39.346166,63.800353,560.346536
-48.198213,82.835936,565.236849
-52.852428,107.472904,567.858112
-51.726888,134.110058,567.664490
-45.260528,156.753544,564.752092
-35.340142,173.789874,559.827018
-23.548365,-173.172268,554.007193
-10.819927,-162.343748,548.510735
2.280364,-152.398797,544.319791
15.321582,-142.260570,541.923797
27.841451,-130.791931,541.226420
39.162656,-116.490522,541.645738
48.114794,-97.422515,542.368319
52.843877,-72.654859,542.665447
51.716873,-45.823544,542.164232
45.177476,-23.053692,540.987080
35.161383,-5.972651,539.716698
23.285465,7.075365,539.196259
10.319561,23.048209,540.253240
-2.803342,32.994126,543.306231
-15.823049,43.153634,548.233176
-28.276855,54.665435,554.319470
-39.488896,69.027872,560.425663
-48.296382,88.141362,565.290734
-52.878271,112.844041,567.875241
-51.669923,139.462225,567.641669
-45.141902,162.026492,564.695231
-35.186380,178.993692,559.749450
-23.376399,-168.010303,553.925947
-10.639459,-157.202209,548.441801
2.462859,-147.261731,544.273774
15.500258,-137.113316,541.903358
28.008886,-125.616790,541.226356
39.306734,-111.262958,541.655628
48.214303,-92.116057,542.376733
52.870306,-67.281161,542.664265
51.659283,-40.468943,542.151634
45.057568,-17.779674,540.968297
35.006321,-0.768548,539.702280
23.112500,12.237382,539.198373
10.138485,28.189629,540.281540
-2.985843,38.131345,543.362838
-16.001111,48.301336,548.312034
-28.443063,59.841328,554.407081
-39.631175,74.256316,560.504546
-48.393736,93.447952,565.344171
-52.902956,118.215608,567.891816
-51.611907,144.813506,567.618314
-45.022624,167.298312,564.637978
-35.032272,-175.803253,559.671712
-23.204259,-162.848752,553.844771
-10.458922,-152.060833,548.373130
2.645342,-142.124625,544.228113
15.678835,-131.965809,541.883253
28.176095,-120.441106,541.226509
39.450365,-106.034462,541.665571
48.312993,-86.808414,542.385057
52.895561,-61.907019,542.662919
51.600628,-35.115247,542.138898
44.937004,-12.506800,540.949493
34.850915,4.434787,539.688011
22.939368,17.398984,539.200792
9.957347,33.330890,540.310236
-3.168324,43.268607,543.419815
-16.179066,53.449295,548.391121
-28.609036,65.017766,554.494695
-39.772999,79.485691,560.583183
-48.490270,98.755704,565.397157
-52.926479,123.587586,567.907836
-51.552845,150.163886,567.594426
-44.902700,172.569007,564.580336
-34.877821,-170.600955,559.593805
-23.031948,-157.687611,553.763667
-10.278318,-146.919618,548.304722
2.827812,-136.987477,544.182810
15.857311,-126.818043,541.863481
28.343077,-115.264877,541.226878
39.593543,-100.805028,541.675568
48.410858,-81.499590,542.393289
52.919639,-56.532452,542.661411
51.540912,-29.762467,542.126027
44.815791,-7.235066,540.930672
34.695169,9.637358,539.673891
22.766069,22.560176,539.203521
9.776151,38.471994,540.339328
-3.350783,48.405915,543.477161
-16.356912,58.597516,548.470433
-28.774774,70.194754,554.582307
-39.914364,84.716002,560.661571
-48.585978,104.064616,565.449691
-52.948840,128.959955,567.923301
-51.492741,155.513355,567.570008
-44.782136,177.838580,564.522306
-34.723029,-165.399408,559.515735
-22.859467,-152.526875,553.682640
-10.097647,-141.778560,548.236582
3.010267,-131.850285,544.137864
16.035687,-121.670017,541.844042
28.509828,-110.088096,541.227459
39.736265,-95.574650,541.685614
48.507892,-76.189584,542.401429
52.942537,-51.157479,542.659739
51.480140,-24.410616,542.113020
44.693934,-1.964470,540.911834
34.539085,14.839173,539.659924
22.592607,27.720961,539.206559
9.594897,43.612944,540.368817
-3.533220,53.543271,543.534875
-16.534648,63.746003,548.549968
-28.940272,75.372297,554.669915
-40.055265,89.947254,560.739705
-48.680854,109.374687,565.501770
-52.970036,134.332697,567.938209
-51.431600,160.861900,567.545060
-44.660936,-176.892963,564.463891
-34.567900,-160.198606,559.437504
-22.686818,-147.366540,553.601691
-9.916912,-136.637657,548.168709
3.192708,-126.713045,544.093276
16.213959,-116.521728,541.824935
28.676346,-104.910759,541.228251
39.878527,-90.343322,541.695709
48.604089,-70.878398,542.409475
52.964254,-45.782120,542.657903
51.418318,-19.059706,542.099880
44.571437,3.304992,540.892983
34.382666,20.040236,539.646112
22.418982,32.881344,539.209910
9.413586,48.753743,540.398702
-3.715632,58.680679,543.592956
-16.712273,68.894757,548.629723
-29.105530,80.550400,554.757515
-40.195699,95.179454,560.817583
-48.774892,114.685914,565.553391
-52.990064,139.705792,567.952561
-51.369428,166.209512,567.519583
-44.539106,-171.625621,564.405095
-34.412437,-154.998545,559.359115
-22.514003,-142.206603,553.520824
-9.736113,-131.496905,548.101107
3.375132,-121.575755,544.049046
16.392127,-111.373170,541.806158
28.842630,-99.732861,541.229252
40.020324,-85.111039,541.705849
48.699442,-65.566035,542.417424
52.984788,-40.406395,542.655904
51.355449,-13.709747,542.086607
44.448307,8.573325,540.874120
34.225917,25.240554,539.632457
22.245197,38.041328,539.213575
9.232219,53.894395,540.428984
-3.898020,63.818141,543.651402
-16.889785,74.043783,548.709695
-29.270544,85.729068,554.845104
-40.335661,100.412607,560.895202
-48.868087,119.998296,565.604554
-53.008924,145.079221,567.966356
-51.306229,171.556178,567.493579
-44.416651,-166.359390,564.345919
-34.256643,-149.799219,559.280572
-22.341024,-137.047058,553.440042
-9.555251,-126.356302,548.033777
3.557538,-116.438413,544.005175
16.570189,-106.224342,541.787711
29.008676,-94.554398,541.230460
40.161653,-79.877795,541.716033
48.793947,-60.252496,542.425276
53.004136,-35.030324,542.653740
51.291541,-8.360751,542.073202
44.324549,13.840531,540.855247
34.068839,30.440130,539.618962
22.071253,43.200919,539.217555
9.050798,59.034902,540.459664
-4.080381,68.955660,543.710211
-17.067182,79.193084,548.789882
-29.435313,90.908306,554.932678
-40.475148,105.646717,560.972558
-48.960432,125.311830,565.655254
-53.026613,150.452964,567.979593
-51.242008,176.901889,567.467049
-44.293576,-161.094265,564.286368
-34.100521,-144.600622,559.201879
-22.167883,-131.887904,553.359349
-9.374328,-121.215844,547.966722
3.739926,-111.301014,543.961664
16.748144,-101.075240,541.769591
29.174482,-89.375363,541.231872
40.302509,-74.643585,541.726258
48.887597,-54.937783,542.433029
53.022297,-29.653927,542.651412
51.226597,-3.012729,542.059667
44.200168,19.106616,540.836366
33.911436,35.638972,539.605630
21.897152,48.360119,539.221853
8.869323,64.175266,540.490741
-4.262716,74.093238,543.769384
-17.244463,84.342664,548.870280
-29.599833,96.088117,555.020233
-40.614155,110.881791,561.049647
-49.051921,130.626513,565.705491
-53.043129,155.827001,567.992272
-51.176771,-177.753367,567.439995
-44.169886,-155.830243,564.226442
-33.944074,-139.402749,559.123038
-21.994580,-126.729134,553.278747
-9.193345,-116.075529,547.899943
3.922294,-106.163557,543.918512
16.925990,-95.925859,541.751799
29.340047,-84.195753,541.233487
40.442887,-69.408403,541.736521
48.980386,-49.621899,542.440681
53.039268,-24.277223,542.648919
51.160623,2.334309,542.046002
44.075169,24.371583,540.817480
33.753711,40.837085,539.592462
21.722895,53.518933,539.226470
8.687797,69.315492,540.522217
-4.445022,79.230879,543.828917
-17.421627,89.492526,548.950888
-29.764104,101.268508,555.107767
-40.752678,116.117834,561.126468
-49.142550,135.942343,565.755262
-53.058471,161.201312,568.004393
-51.110523,-172.409598,567.412417
-44.045587,-150.567320,564.166146
-33.787305,-134.205595,559.044054
-21.821118,-121.570746,553.198239
-9.012302,-110.935354,547.833442
4.104642,-101.026039,543.875720
17.103727,-90.776198,541.734332
29.505367,-79.015562,541.235302
40.582784,-64.172243,541.746822
49.072308,-44.304848,542.448231
53.055049,-18.900234,542.646261
51.093624,7.680352,542.032209
43.949557,29.635435,540.798591
33.595668,46.034474,539.579462
21.548486,58.677364,539.231409
8.506220,74.455582,540.554092
-4.627298,84.368585,543.888811
-17.598672,94.642674,549.031702
-29.928121,106.449483,555.195275
-40.890712,121.354852,561.203016
-49.232312,141.259316,565.804566
-53.072638,166.575878,568.015954
-51.043268,-167.066816,567.384317
-43.920683,-145.305492,564.105482
-33.630218,-129.009153,558.964929
-21.647498,-116.412736,553.117829
-8.831202,-105.795315,547.767221
4.286967,-95.888457,543.833288
17.281351,-85.626252,541.717190
29.670440,-73.834786,541.237315
40.722195,-58.935100,541.757157
49.163358,-38.986630,542.455677
53.069637,-13.522979,542.643438
51.025606,13.025391,542.018289
43.823339,34.898178,540.779701
33.437308,51.231145,539.566630
21.373924,63.835418,539.236669
8.324593,79.595539,540.586365
-4.809544,89.506359,543.949063
-17.775598,99.793110,549.112719
-30.091884,111.631047,555.282754
-41.028254,126.592849,561.279288
-49.321202,146.577430,565.853399
-53.085628,171.950679,568.026957
-50.975013,-161.725029,567.355697
-43.795179,-140.044755,564.044452
-33.472814,-123.813419,558.885667
-21.473723,-111.255099,553.037520
-8.650046,-100.655410,547.701282
4.469269,-90.750808,543.791216
17.458863,-80.476017,541.700371
29.835264,-68.653420,541.239523
40.861116,-53.696968,541.767524
49.253528,-33.667251,542.463018
53.083032,-8.145479,542.640450
50.956574,18.369415,542.004244
43.696518,40.159815,540.760812
33.278635,56.427103,539.553971
21.199213,68.993097,539.242255
8.142918,84.735365,540.619037
-4.991759,94.644203,544.009672
-17.952401,104.943839,549.193937
-30.255389,116.813205,555.370202
-41.165298,131.831831,561.355281
-49.409212,151.896680,565.901761
-53.097440,177.325693,568.037400
-50.905762,-156.384247,567.326558
-43.669081,-134.785105,563.983060
-33.315097,-118.618388,558.806271
-21.299794,-106.097832,552.957314
-8.468833,-95.515636,547.635627
4.651548,-85.613089,543.749506
17.636260,-75.325492,541.683873
29.999836,-63.471458,541.241926
40.999542,-48.457842,541.777921
49.342814,-28.346712,542.470253
53.095231,-2.767756,542.637296
50.886534,23.712416,541.990073
43.569099,45.420351,540.741927
33.119653,61.622353,539.541486
21.024353,74.150405,539.248166
7.961195,89.875065,540.652109
-5.173941,99.782122,544.070637
-18.129082,110.094864,549.275353
-30.418633,121.995962,555.457613
-41.301842,137.071803,561.430993
-49.496339,157.217063,565.949648
-53.108073,-177.299098,568.047283
-50.835520,-151.044478,567.296901
-43.542393,-129.526536,563.921309
-33.157069,-113.424054,558.726745
-21.125712,-100.940931,552.877214
-8.287567,-90.375990,547.570258
4.833800,-80.475298,543.708156
17.813542,-70.174670,541.667697
30.164154,-58.288895,541.244520
41.137469,-43.217716,541.788346
49.431208,-23.025019,542.477380
53.106234,2.610172,542.633977
50.815491,29.054385,541.975780
43.441089,50.679791,540.723047
32.960363,66.816902,539.529177
20.849346,79.307347,539.254405
7.779427,95.014640,540.685581
-5.356088,104.920117,544.131956
-18.305638,115.246188,549.356963
-30.581615,127.179323,555.544985
-41.437879,142.312771,561.506419
-49.582576,162.538575,565.997059
-53.117525,-171.923715,568.056606
-50.764294,-145.705732,567.266728
-43.415120,-124.269046,563.859200
-32.998735,-108.230411,558.647092
-20.951479,-95.784392,552.797224
-8.106247,-85.236469,547.505176
5.016027,-75.337432,543.667167
17.990706,-65.023550,541.651840
30.328215,-53.105728,541.247304
41.274893,-37.976585,541.798796
49.518707,-17.702175,542.484397
53.116039,7.988282,542.630492
50.743450,34.395311,541.961365
43.312492,55.938138,540.704175
32.800769,72.010755,539.517048
20.674194,84.463925,539.260973
7.597613,100.154093,540.719452
-5.538201,110.058191,544.193628
-18.482068,120.397816,549.438766
-30.744333,132.363293,555.632314
-41.573406,147.554740,561.581556
-49.667916,167.861211,566.043993
-53.125796,-166.548179,568.065368
-50.692088,-140.368016,567.236040
-43.287268,-119.012629,563.796737
-32.840096,-103.037455,558.567316
-20.777097,-90.628211,552.717347
-7.924875,-80.097070,547.440384
5.198226,-70.199487,543.626540
18.167751,-59.872128,541.636302
30.492017,-47.921949,541.250274
41.411808,-32.734444,541.809270
49.605302,-12.378183,542.491304
53.124646,13.366554,542.626842
50.670417,39.735188,541.946828
43.183313,61.195397,540.685313
32.640874,77.203916,539.505100
20.498899,89.620145,539.267873
7.415756,105.293428,540.753723
-5.720278,115.196347,544.255651
-18.658370,125.549750,549.520758
-30.906782,137.547877,555.719597
-41.708418,152.797715,561.656402
-49.752356,173.184968,566.090446
-53.132886,-161.172511,568.073570
-50.618909,-135.031340,567.204839
-43.158841,-113.757282,563.733924
-32.681155,-97.845179,558.487419
-20.602568,-85.472385,552.637586
-7.743453,-74.957791,547.375883
5.380396,-65.061462,543.586274
18.344675,-54.720400,541.621080
30.655557,-42.737555,541.253430
41.548210,-27.491287,541.819765
49.690989,-7.053049,542.498099
53.132054,18.744967,542.623025
50.596398,45.074007,541.932173
43.053557,66.451574,540.666464
32.480681,82.396392,539.493336
20.323462,94.776010,539.275105
7.233856,110.432648,540.788395
-5.902318,120.334587,544.318024
-18.834544,130.701994,549.602936
-31.068962,142.733080,555.806830
-41.842912,158.041701,561.730953
-49.835888,178.509840,566.136418
-53.138792,-155.796729,568.081210
-50.544760,-129.695710,567.173127
-43.029844,-108.502999,563.670762
-32.521915,-92.653579,558.407406
-20.427892,-80.316910,552.557943
-7.561981,-69.818628,547.311675
5.562537,-59.923353,543.546370
18.521477,-49.568362,541.606173
30.818833,-37.552540,541.256769
41.684096,-22.247109,541.830278
49.775762,-1.726777,542.504779
53.138262,24.123500,542.619043
50.521398,50.411759,541.917399
42.923230,71.706672,540.647629
32.320192,87.588187,539.481758
20.147886,99.931524,539.282671
7.051914,115.571754,540.823467
-6.084319,125.472916,544.380745
-19.010586,135.854552,549.685297
-31.230869,147.918907,555.894010
-41.976881,163.286704,561.805206
-49.918507,-176.164178,566.181905
-53.143515,-150.420856,568.088290
-50.469649,-124.361134,567.140904
-42.900281,-103.249776,563.607254
-32.362379,-87.462650,558.327280
-20.253072,-75.161781,552.478422
-7.380460,-64.679578,547.247761
5.744646,-54.785158,543.506828
18.698156,-44.416012,541.591581
30.981841,-32.366899,541.260288
41.819459,-17.001905,541.840809
49.859614,3.600629,542.511345
53.143269,29.502132,542.614895
50.445423,55.748437,541.902509
42.792335,76.960696,540.628810
32.159411,92.779308,539.470368
19.972170,105.086690,539.290573
6.869933,120.710751,540.858939
-6.266281,130.611335,544.443812
-19.186497,141.007428,549.767839
-31.392500,153.105363,555.981133
-42.110322,168.532728,561.879159
-50.000207,-170.837091,566.226907
-53.147055,-145.044911,568.094808
-50.393580,-119.027620,567.108173
-42.770159,-97.997609,563.543404
-32.202549,-82.272386,558.247043
-20.078110,-70.006996,552.399025
-7.198891,-59.540640,547.184144
5.926724,-49.646873,543.467648
18.874710,-39.263344,541.577302
31.144580,-27.180627,541.263985
41.954296,-11.755668,541.851354
49.942540,8.929162,542.517795
53.147075,34.880842,542.610581
50.368479,61.084034,541.887503
42.660878,82.213652,540.610011
31.998340,97.969759,539.459170
19.796318,110.241513,539.298813
6.687912,125.849641,540.894811
-6.448202,135.749847,544.507225
-19.362274,146.160624,549.850558
-31.553854,158.292453,556.068196
-42.243230,173.779778,561.952807
-50.080983,-165.508904,566.271422
-53.149411,-139.668916,568.100764
-50.316560,-113.695175,567.074936
-42.639481,-92.746492,563.479215
-32.042429,-77.082782,558.166701
-19.903006,-64.852550,552.319756
-7.017277,-54.401809,547.120825
6.108769,-44.508496,543.428829
19.051138,-34.110357,541.563333
31.307047,-21.993718,541.267859
42.088602,-6.508395,541.861911
50.024533,14.258817,542.524127
53.149680,40.259609,542.606101
50.290571,66.418542,541.872383
42.528864,87.465544,540.591233
31.836981,103.159546,539.448165
19.620331,115.395996,539.307392
6.505853,130.988427,540.931085
-6.630082,140.888456,544.570980
-19.537916,151.314146,549.933452
-31.714927,163.480183,556.155195
-42.375601,179.027859,562.026147
-50.160828,-160.179623,566.315446
-53.150582,-134.292890,568.106159
-50.238592,-108.363806,567.041193
-42.508252,-87.496421,563.414688
-31.882021,-71.893833,558.086255
-19.727763,-59.698440,552.240617
-6.835617,-49.263083,547.057806
6.290779,-39.370024,543.390373
19.227437,-28.957045,541.549675
31.469239,-16.806169,541.271906
42.222373,-1.260080,541.872479
50.105589,19.589590,542.530341
53.151082,45.638411,542.601455
50.211706,71.751955,541.857151
42.396298,92.716377,540.572479
31.675338,108.348673,539.437355
19.444210,120.550142,539.316311
6.323757,136.127111,540.967758
-6.811918,146.027163,544.635078
-19.713422,156.467995,550.016518
-31.875717,168.668557,556.242126
-42.507430,-175.723023,562.099178
-50.239738,-154.849255,566.358980
-53.150570,-128.916855,568.110992
-50.159685,-103.033518,567.006946
-42.376477,-82.247391,563.349828
-31.721328,-66.705533,558.005709
-19.552382,-54.544662,552.161611
-6.653913,-44.124459,546.995088
6.472754,-34.231455,543.352278
19.403607,-23.803406,541.536326
31.631153,-11.617972,541.276126
42.355602,3.989282,541.883055
50.185701,24.921473,542.536434
53.151283,51.017229,542.596644
50.131888,77.084266,541.841807
42.263184,97.966155,540.553750
31.513414,113.537147,539.426743
19.267958,125.703956,539.325572
6.141625,141.265698,541.004833
-6.993711,151.165972,544.699515
-19.888788,161.622177,550.099752
-32.036222,173.857581,556.328987
-42.638712,-170.472864,562.171895
-50.317707,-149.517805,566.402020
-53.149372,-123.540831,568.115264
-50.079842,-97.704319,566.972198
-42.244160,-76.999397,563.284638
-31.560352,-61.517878,557.925067
-19.376864,-49.391212,552.082742
-6.472167,-38.985934,546.932673
6.654692,-29.092785,543.314546
19.579645,-18.649435,541.523283
31.792787,-6.429124,541.280514
42.488286,9.239697,541.893636
50.264863,30.254460,542.542405
53.150282,56.396039,542.591666
50.051124,82.415468,541.826354
42.129528,103.214885,540.535050
31.351211,118.724973,539.416332
19.091574,130.857441,539.335177
5.959459,146.404188,541.042308
-7.175458,156.304886,544.764291
-20.064016,166.776694,550.183151
-32.196438,179.047260,556.415774
-42.769442,-165.221659,562.244295
-50.394728,-144.185280,566.444566
-53.146991,-118.164838,568.118973
-49.999069,-92.376214,566.936949
-42.111307,-71.752435,563.219119
-31.399096,-56.330862,557.844332
-19.201211,-44.238087,552.004012
-6.290378,-33.847506,546.870563
6.836593,-23.954011,543.277176
19.755550,-13.495129,541.510546
31.954138,-1.239618,541.285070
42.620420,14.491169,541.904222
50.343070,35.588546,542.548254
53.148079,61.774823,542.586523
49.969419,87.745556,541.810792
41.995333,108.462572,540.516380
31.188731,123.912156,539.406123
18.915062,136.010601,539.345127
5.777260,151.542586,541.080183
-7.357160,161.443908,544.829404
-20.239101,171.931551,550.266714
-32.356362,-175.762401,556.502482
-42.899616,-159.969403,562.316376
-50.470797,-138.851687,566.486614
-53.143426,-112.788898,568.122121
-49.917373,-87.049209,566.901202
-41.977922,-66.506498,563.153276
-31.237563,-51.144480,557.763508
-19.025425,-39.085283,551.925424
-6.108549,-28.709172,546.808759
7.018455,-18.815130,543.240168
19.931322,-8.340484,541.498114
32.115203,3.950549,541.289791
42.751999,19.743703,541.914809
50.420316,40.923723,542.553979
53.144675,67.153557,542.581215
49.886780,93.074524,541.795123
41.860605,113.709219,540.497743
31.025978,129.098700,539.396120
18.738423,141.163440,539.355424
5.595028,156.680894,541.118460
-7.538813,166.583040,544.894851
-20.414044,177.086750,550.350435
-32.515993,-170.571397,556.589109
-43.029229,-154.716092,562.388134
-50.545908,-133.517032,566.528165
-53.138677,-107.413031,568.124707
-49.834759,-81.723310,566.864959
-41.844009,-61.261583,563.087110
-31.075755,-45.958727,557.682598
-18.849507,-33.932796,551.846981
-5.926681,-23.570928,546.747263
7.200277,-13.676141,543.203522
20.106957,-3.185497,541.485984
32.275980,9.141385,541.294675
42.883019,24.997304,541.925395
50.496595,46.259985,542.559578
53.140069,72.532221,542.575741
49.803212,98.402367,541.779348
41.725348,118.954833,540.479141
30.862954,134.284612,539.386323
18.561658,146.315961,539.366069
5.412765,161.819114,541.157136
-7.720419,171.722285,544.960632
-20.588842,-177.757703,550.434314
-32.675327,-165.379722,556.675652
-43.158276,-149.461720,562.459567
-50.620055,-128.181324,566.569215
-53.132745,-102.037257,568.126731
-49.751232,-76.398522,566.828220
-41.709572,-56.017684,563.020626
-30.913674,-40.773598,557.601605
-18.673459,-28.780624,551.768686
-5.744774,-18.432772,546.686076
7.382058,-8.537039,543.167237
20.282454,1.969836,541.474155
32.436465,14.332894,541.299719
43.013473,30.251977,541.935978
50.571901,51.597323,542.565052
53.134262,77.910795,542.570102
49.718721,103.729078,541.763470
41.589568,124.199418,540.460576
30.699662,139.469896,539.376736
18.384768,151.468168,539.377063
5.230471,166.957251,541.196213
-7.901974,176.861646,545.026744
-20.763494,-172.601806,550.518346
-32.834362,-160.187371,556.762106
-43.286753,-144.206284,562.530671
-50.693232,-122.844570,566.609763
-53.125630,-96.661597,568.128193
-49.666799,-71.074849,566.790988
-41.574618,-50.774796,562.953826
-30.751325,-35.589088,557.520532
-18.497282,-23.628762,551.690542
-5.562830,-13.294702,546.625201
7.563796,-3.397823,543.131315
20.457812,7.125520,541.462626
32.596657,19.525081,541.304921
43.143358,35.507726,541.946557
50.646229,56.935731,542.570397
53.127255,83.289257,542.564298
49.633313,109.054653,541.747489
41.453268,129.442981,540.442051
30.536104,144.654557,539.367362
18.207756,156.620064,539.388408
5.048149,172.095306,541.235690
-8.083479,-177.998873,545.093186
-20.937998,-167.445554,550.602528
-32.993095,-154.994339,556.848468
-43.414654,-138.949779,562.601444
-50.765436,-117.506778,566.649807
-53.117333,-91.286071,568.129093
-49.581465,-65.752297,566.753265
-41.439149,-45.532913,562.886713
-30.588708,-30.405191,557.439384
-18.320978,-18.477206,551.612551
-5.380850,-8.156713,546.564637
7.745491,1.741512,543.095754
20.633029,12.281557,541.451395
32.756551,24.717952,541.310279
43.272668,40.764557,541.957129
50.719573,62.275200,542.575614
53.119049,88.667585,542.558329
49.546994,114.379087,541.731407
41.316454,134.685526,540.423568
30.372283,149.838601,539.358201
18.030623,161.771653,539.400105
4.865800,177.233283,541.275568
-8.264931,-172.859271,545.159956
-21.112353,-162.288944,550.686858
-33.151522,-149.800621,556.934735
-43.541974,-133.692199,562.671881
-50.836659,-112.167956,566.689347
-53.107856,-85.910701,568.129432
-49.495236,-60.430870,566.715052
-41.303171,-40.292032,562.819291
-30.425826,-25.221904,557.358164
-18.144548,-13.325953,551.534716
-5.198834,-3.018805,546.504388
7.927142,6.880967,543.060554
20.808104,17.437953,541.440460
32.916146,29.911512,541.315791
43.401399,46.022475,541.967692
50.791927,67.615722,542.580701
53.109643,94.045760,542.552196
49.459770,119.702376,541.715226
41.179129,139.927059,540.405129
30.208201,155.022033,539.349257
17.853371,166.922939,539.412156
4.683423,-177.628817,541.315845
-8.446331,-167.719544,545.227051
-21.286556,-157.131972,550.771332
-33.309642,-144.606211,557.020903
-43.668710,-128.433542,562.741982
-50.906896,-106.828111,566.728379
-53.097198,-80.535505,568.129209
-49.408117,-55.110572,566.676351
-41.166688,-35.052145,562.751561
-30.262683,-20.039220,557.276874
-17.967993,-8.175001,551.457040
-5.016785,2.119027,546.444454
8.108747,12.020546,543.025716
20.983034,22.594710,541.429821
33.075437,35.105767,541.321454
43.529545,51.281483,541.978244
50.863287,72.957290,542.585656
53.099040,99.423760,542.545898
49.371646,125.024516,541.698947
41.041298,145.167584,540.386737
30.043862,160.204857,539.340532
17.676000,172.073926,539.424562
4.501021,-172.490989,541.356522
-8.627676,-162.579689,545.294471
-21.460607,-151.974634,550.855947
-33.467450,-139.411103,557.106968
-43.794854,-123.173802,562.811741
-50.976143,-101.487255,566.766903
-53.085361,-75.160506,568.128426
-49.320115,-49.791408,566.637165
-41.029703,-29.813249,562.683528
-30.099279,-14.857136,557.195518
-17.791316,-3.024344,551.379526
-4.834703,7.256785,546.384837
8.290305,17.160251,542.991239
21.157819,27.751832,541.419475
33.234424,40.300722,541.327266
43.657101,56.541586,541.988782
50.933646,78.299893,542.590480
53.087240,104.801565,542.539436
49.282629,130.345502,541.682571
40.902967,150.407109,540.368394
29.879267,165.387080,539.332028
17.498512,177.224616,539.437325
4.318594,-167.353231,541.397598
-8.808965,-157.439703,545.362213
-21.634503,-146.816926,550.940700
-33.624945,-134.215294,557.192927
-43.920404,-117.912975,562.881157
-51.044393,-96.145394,566.804917
-53.072346,-69.785722,568.127080
-49.231235,-44.473380,566.597494
-40.892223,-24.575338,562.615195
-29.935619,-9.675645,557.114101
-17.614517,2.126020,551.302177
-4.652590,12.394472,546.325538
8.471814,22.300086,542.957123
21.332455,32.909324,541.409421
33.393102,45.496382,541.333226
43.784063,61.802788,541.999306
51.002998,83.643524,542.595170
53.074245,110.179153,542.532809
49.192725,135.665331,541.666101
40.764138,155.645637,540.350103
29.714418,170.568705,539.323747
17.320910,-177.624987,539.450445
4.136144,-162.215541,541.439074
-8.990198,-152.299584,545.430275
-21.808243,-141.658845,551.025588
-33.782124,-129.018776,557.278778
-44.045353,-112.651057,562.950227
-51.111642,-90.802538,566.842419
-53.058155,-64.411173,568.125174
-49.141484,-39.156493,566.557342
-40.754250,-19.338406,562.546563
-29.771704,-4.494743,557.032624
-17.437599,7.276096,551.224995
-4.470446,17.532091,546.266559
8.653275,27.440053,542.923367
21.506943,38.067189,541.399657
33.551468,50.692753,541.339329
43.910425,67.065095,542.009811
51.071339,88.988172,542.599726
53.060054,115.556504,542.526020
49.101940,140.983999,541.649538
40.624817,160.883174,540.331865
29.549320,175.749738,539.315692
17.143193,-172.474879,539.463924
3.953672,-157.077915,541.480948
-9.171373,-147.159329,545.498655
-21.981825,-136.500386,551.110608
-33.938983,-123.821545,557.364515
-44.169697,-107.388045,563.018947
-51.177884,-85.458697,566.879409
-53.042788,-59.036881,568.122708
-49.050866,-33.840750,566.516709
-40.615790,-14.102449,562.477638
-29.607537,0.685575,556.951092
-17.260562,12.425885,551.147984
-4.288272,22.669644,546.207901
8.834685,32.580156,542.889972
21.681280,43.225431,541.390182
33.709520,55.889840,541.345575
44.036181,72.328510,542.020298
51.138663,94.333829,542.604146
53.044671,120.933598,542.519067
49.010279,146.301503,541.632883
40.485009,166.119726,540.313683
29.383973,-179.069816,539.307865
16.965365,-167.325056,539.477764
3.771179,-151.940352,541.523222
-9.352489,-142.018934,545.567353
-22.155248,-131.341546,551.195757
-34.095519,-118.623595,557.450135
-44.293431,-102.123933,563.087316
-51.243115,-80.113881,566.915883
-53.026247,-53.662865,568.119681
-48.959388,-28.526154,566.475598
-40.476846,-8.867460,562.408421
-29.443119,5.865314,556.869508
-17.083407,17.575392,551.071145
-4.106070,27.807135,546.149565
9.016044,37.720397,542.856937
21.855464,48.384054,541.380993
33.867254,61.087649,541.351961
44.161328,77.593038,542.030763
51.204965,99.680485,542.608429
53.028097,126.310414,542.511951
48.917748,151.617840,541.616138
40.344717,171.355299,540.295560
29.218381,-173.889952,539.300268
16.787425,-162.175516,539.491965
3.588666,-146.802847,541.565893
-9.533545,-136.878396,545.636364
-22.328509,-126.182320,551.281031
-34.251730,-113.424922,557.535636
-44.416549,-96.858718,563.155329
-51.307328,-74.768099,566.951841
-53.008534,-48.289144,568.116093
-48.867055,-23.212707,566.434011
-40.337423,-3.633434,562.338915
-29.278454,11.044479,556.787875
-16.906138,22.724621,550.994482
-3.923841,32.944565,546.091553
9.197349,42.860779,542.824262
22.029493,53.543062,541.372090
34.024668,66.286186,541.358485
44.285859,82.858682,542.041204
51.270238,105.028128,542.612576
53.010332,131.686931,542.504672
48.824354,156.933007,541.599305
40.203945,176.589898,540.277497
29.052545,-168.710666,539.292904
16.609377,-157.026255,539.506529
3.406134,-141.665398,541.608963
-9.714539,-131.737713,545.705688
-22.501608,-121.022705,551.366428
-34.407613,-108.225518,557.621014
-44.539046,-91.592396,563.222983
-51.370519,-69.421363,566.987282
-52.989650,-42.915739,568.111946
-48.773873,-17.900413,566.391950
-40.197525,1.599633,562.269125
-29.113544,16.223074,556.706196
-16.728754,27.873575,550.917997
-3.741585,38.081938,546.033866
9.378601,48.001305,542.791946
22.203367,58.702459,541.363471
34.181758,71.485456,541.365144
44.409770,88.125447,542.051620
51.334479,110.376750,542.616583
52.991380,137.063130,542.497231
48.730103,162.247001,541.582385
40.062699,-178.176472,540.259498
28.886468,-163.531952,539.285774
16.431220,-151.877268,539.521457
3.223584,-136.528003,541.652431
-9.895470,-126.596882,545.775323
-22.674542,-115.862697,551.451944
-34.563164,-103.025380,557.706264
-44.660918,-86.324964,563.290277
-51.432683,-64.073682,567.022203
-52.969597,-37.542669,568.107239
-48.679849,-12.589274,566.349417
-40.057156,6.831748,562.199052
-28.948392,21.401105,556.624476
-16.551257,33.022256,550.841693
-3.559305,43.219257,545.976505
9.559798,53.141979,542.759990
22.377082,63.862249,541.355134
34.338522,76.685464,541.371936
44.533054,93.393337,542.062009
51.397682,115.726339,542.620451
52.971240,142.438991,542.489629
48.634999,167.559821,541.565380
39.920982,-172.943804,540.241564
28.720153,-158.353805,539.278881
16.252958,-146.728554,539.536751
3.041018,-131.390658,541.696296
-10.076338,-121.455900,545.845266
-22.847309,-110.702291,551.537576
-34.718380,-97.824501,557.791384
-44.782158,-81.056418,563.357208
-51.493814,-58.725068,567.056604
-52.948378,-32.169953,568.101974
-48.584988,-7.279291,566.306413
-39.916321,12.062917,562.128701
-28.782998,26.578576,556.542716
-16.373649,38.170669,550.765573
-3.377000,48.356524,545.919472
9.740938,58.282802,542.728392
22.550638,69.022436,541.347076
34.494956,81.886216,541.378858
44.655707,98.662355,542.072367
51.459841,121.076883,542.624178
52.949917,147.814493,542.481865
48.539051,172.871464,541.548292
39.778798,-167.712094,540.223699
28.553602,-153.176221,539.272228
16.074590,-141.580108,539.552411
2.858436,-126.253362,541.740557
-10.257141,-116.314764,545.915516
-23.019909,-105.541484,551.623320
-34.873259,-92.622877,557.876370
-44.902763,-75.786753,563.423771
-51.553909,-53.375532,567.090482
-52.925994,-26.797611,568.096149
-48.489295,-1.970467,566.262941
-39.775022,17.293143,562.058074
-28.617367,31.755492,556.460922
-16.195931,43.318817,550.689639
-3.194673,53.493742,545.862768
9.922021,63.423779,542.697152
22.724033,74.183024,541.339298
34.651057,87.087717,541.385910
44.777724,103.932505,542.082695
51.520951,126.428373,542.627763
52.927411,153.189616,542.473939
48.442262,178.181928,541.531123
39.636152,-162.481335,540.205903
28.386818,-147.999194,539.265815
15.896118,-136.431927,539.568439
2.675839,-121.116110,541.785216
-10.437878,-111.173470,545.986070
-23.192338,-100.380272,551.709175
-35.027797,-87.420501,557.961219
-45.022726,-70.515968,563.489966
-51.612961,-48.025086,567.123838
-52.902447,-21.425663,568.089766
-48.392777,3.337196,566.219004
-39.633266,22.522434,561.987174
-28.451499,36.931858,556.379096
-16.018104,48.466704,550.613894
-3.012324,58.630914,545.806394
10.103044,68.564912,542.666271
22.897264,79.344018,541.331796
34.806822,92.289974,541.393087
44.899099,109.203792,542.092988
51.581008,131.780796,542.631207
52.903725,158.564341,542.465854
48.344641,-176.508789,541.513873
39.493048,-157.251522,540.188181
28.219801,-142.822721,539.259647
15.717545,-131.284007,539.584836
2.493229,-115.978901,541.830270
-10.618547,-106.032016,546.056926
-23.364595,-95.218650,551.795135
-35.181990,-82.217368,558.045927
-45.142042,-65.244058,563.555788
-51.670966,-42.673740,567.156668
-52.877740,-16.054126,568.082825
-48.295440,8.643697,566.174602
-39.491055,27.750794,561.916005
-28.285398,42.107678,556.297241
-15.840170,53.614332,550.538340
-2.829954,63.768043,545.750351
10.284008,73.706204,542.635747
23.070330,84.505420,541.324569
34.962248,97.492992,541.400389
45.019827,114.476218,542.103246
51.640006,137.134141,542.634506
52.878862,163.938649,542.457608
48.246191,-171.200687,541.496546
39.349491,-152.022650,540.170533
28.052556,-137.646795,539.253724
15.538871,-126.136346,539.601602
2.310607,-110.841732,541.875720
-10.799148,-100.890399,546.128083
-23.536679,-90.056615,551.881199
-35.335837,-77.013472,558.130491
-45.260706,-59.971019,563.621235
-51.727919,-37.321507,567.188973
-52.851874,-10.683021,568.075326
-48.197288,13.949034,566.129739
-39.348393,32.978230,561.844570
-28.119066,47.282957,556.215361
-15.662131,58.761705,550.462981
-2.647565,68.905131,545.694641
10.464911,78.847657,542.605580
23.243230,89.667236,541.317615
35.117332,102.696776,541.407812
45.139902,119.749787,542.113467
51.697940,142.488395,542.637661
52.852822,169.312520,542.449202
48.146920,-165.893769,541.479142
39.205483,-146.794711,540.152963
27.885084,-132.471413,539.248048
15.360097,-120.988940,539.618740
2.127974,-105.704599,541.921565
-10.979679,-95.748616,546.199537
-23.708588,-84.894163,551.967363
-35.489334,-71.808809,558.214906
-45.378713,-54.696850,563.686304
-51.783816,-31.968400,567.220750
-52.824853,-5.312365,568.067271
-48.098329,19.253207,566.084415
-39.205285,38.204746,561.772872
-27.952504,52.457701,556.133459
-15.483987,63.908826,550.387818
-2.465157,74.042181,545.639264
10.645751,83.989276,542.575770
23.415961,94.829470,541.310933
35.272069,107.901332,541.415354
45.259319,125.024502,542.123648
51.754806,147.843546,542.640671
52.825610,174.685935,542.440638
48.046833,-160.588035,541.461663
39.061029,-141.567702,540.135473
27.717387,-127.296569,539.242624
15.181226,-115.841785,539.636251
1.945330,-100.567500,541.967804
-11.160139,-90.606663,546.271288
-23.880320,-79.731288,552.053623
-35.642476,-66.603371,558.299171
-45.496058,-49.421547,563.750993
-51.838652,-26.614431,567.251999
-52.796678,0.057822,568.058659
-47.998567,24.556214,566.038635
-39.061734,43.430348,561.700913
-27.785715,57.631913,556.051539
-15.305740,69.055699,550.312855
-2.282732,79.179196,545.584221
10.826528,89.131063,542.546316
23.588521,99.992125,541.304521
35.426458,113.106666,541.423013
45.378073,130.300367,542.133787
51.810599,153.199580,542.643535
52.797228,-179.941126,542.431915
47.945936,-155.283486,541.444111
38.916134,-136.341616,540.118065
27.549468,-122.122260,539.237451
15.002258,-110.694878,539.654134
1.762678,-95.430433,542.014438
-11.340526,-85.464539,546.343332
-24.051872,-74.567988,552.139977
-35.795262,-61.397155,558.383281
-45.612734,-44.145106,563.815299
-51.892422,-21.259612,567.282717
-52.767353,5.427523,568.049491
-47.898009,29.858055,565.992398
-38.917745,48.655042,561.628699
-27.618702,62.805598,555.969603
-15.127391,74.202327,550.238094
-2.100290,84.316179,545.529515
11.007240,94.273022,542.517217
23.760909,105.155205,541.298377
35.580495,118.312783,541.430787
45.496157,135.577385,542.143883
51.865313,158.556487,542.646252
52.767677,-174.568681,542.423033
47.844235,-149.980124,541.426489
38.770801,-131.116447,540.100742
27.381329,-116.948479,539.232533
14.823194,-105.548216,539.672393
1.580018,-90.293394,542.061465
-11.520840,-80.322239,546.415668
-24.223244,-69.404258,552.226421
-35.947688,-56.190154,558.467232
-45.728737,-38.867526,563.879219
-51.945121,-15.903957,567.312905
-52.736881,10.796718,568.039768
-47.796661,35.158729,565.945709
-38.773322,53.878834,561.556231
-27.451466,67.978762,555.887656
-14.948942,79.348714,550.163537
-1.917834,89.453132,545.475146
11.187886,99.415154,542.488473
23.933123,110.318716,541.292499
35.734176,123.519689,541.438673
45.613567,140.855558,542.153934
51.918945,163.914251,542.648821
52.736962,-169.196748,542.413995
47.741737,-144.677947,541.408797
38.625035,-125.892190,540.083506
27.212972,-111.775223,539.227871
14.644037,-100.401796,539.691026
1.397351,-85.156381,542.108884
-11.701080,-75.179760,546.488293
-24.394433,-64.240093,552.312951
-36.099751,-50.982363,558.551022
-45.844061,-33.588803,563.942750
-51.996746,-10.547480,567.342559
-52.705263,16.165391,568.029489
-47.694527,40.458237,565.898569
-38.628467,59.101728,561.483512
-27.284009,73.151407,555.805700
-14.770394,84.494861,550.089187
-1.735363,94.590058,545.421114
11.368464,104.557463,542.460084
24.105160,115.482660,541.286885
35.887498,128.727390,541.446669
45.730297,146.134890,542.163937
51.971489,169.272859,542.651241
52.705085,-163.825347,542.404799
47.638446,-139.376957,541.391037
38.478838,-120.668838,540.066360
27.044399,-106.602486,539.223468
14.464788,-95.255614,539.710036
1.214679,-80.019391,542.156696
-11.881243,-70.037100,546.561205
-24.565437,-59.075491,552.399566
-36.251447,-45.773776,558.634646
-45.958701,-28.308934,564.005890
-52.047291,-5.190193,567.371681
-52.672503,21.533522,568.018657
-47.591615,45.756576,565.850980
-38.483186,64.323731,561.410547
-27.116334,78.323540,555.723739
-14.591748,89.640774,550.015046
-1.552879,99.726960,545.367422
11.548974,109.699953,542.432049
24.277020,120.647043,541.281533
36.040458,133.935892,541.454773
45.846341,151.415383,542.173892
52.022941,174.632298,542.653512
52.672049,-158.454495,542.395447
47.534369,-134.077153,541.373212
38.332216,-115.446387,540.049305
26.875613,-101.430265,539.219326
14.285447,-90.109667,539.729424
1.032001,-74.882421,542.204900
-12.061329,-64.894256,546.634403
-24.736255,-53.910446,552.486260
-36.402773,-40.564387,558.718102
-46.072651,-23.027918,564.068636
-52.096753,0.167888,567.400268
-52.638605,26.901095,568.007271
-47.487929,51.053749,565.802944
-38.337481,69.544849,561.337338
-26.948443,83.495165,555.641776
-14.413006,94.786455,549.941118
-1.370383,104.863841,545.314069
11.729414,114.842627,542.404367
24.448700,125.811869,541.276443
36.193053,139.145199,541.462982
45.961694,156.697041,542.183795
52.073296,179.992554,542.655632
52.637856,-153.084211,542.385940
47.429513,-128.778536,541.355323
38.185172,-110.224830,540.032345
26.706615,-96.258554,539.215447
14.106016,-84.963951,539.749190
0.849321,-69.745469,542.253494
-12.241337,-59.751224,546.707882
-24.906885,-48.744954,552.573032
-36.553725,-35.354192,558.801386
-46.185906,-17.745753,564.130985
-52.145127,5.526751,567.428318
-52.603570,32.268093,567.995332
-47.383475,56.349754,565.754464
-38.191357,74.765086,561.263888
-26.780338,88.666285,555.559815
-14.234169,99.931907,549.867403
-1.187877,110.000704,545.261058
11.909783,119.985486,542.377038
24.620198,130.977142,541.271611
36.345278,144.355319,541.471294
46.076350,161.979865,542.193645
52.122551,-174.646389,542.657602
52.602512,-147.714512,542.376277
47.323881,-123.481105,541.337372
38.037709,-105.004162,540.015482
26.537408,-91.087349,539.211833
13.926498,-79.818464,539.769336
0.666638,-64.608532,542.302479
-12.421265,-54.608002,546.781643
-25.077324,-43.579010,552.659877
-36.704301,-30.143184,558.884494
-46.298460,-12.462435,564.192935
-52.192409,10.886380,567.455832
-52.567403,37.634497,567.982841
-47.278260,61.644593,565.705542
-38.044818,79.984450,561.190201
-26.612021,93.836907,555.477858
-14.055238,105.077133,549.793906
-1.005360,115.137550,545.208388
12.090079,125.128535,542.350060
24.791512,136.142865,541.267036
36.497130,149.566255,541.479707
46.190304,167.263859,542.203441
52.170699,-169.284543,542.659420
52.566018,-142.345417,542.366460
47.217482,-118.184860,541.319361
37.889832,-99.784377,539.998718
26.367994,-85.916646,539.208487
13.746892,-74.673202,539.789862
0.483953,-59.471607,542.351853
-12.601112,-49.464586,546.855681
-25.247571,-38.412612,552.746793
-36.854496,-24.931357,558.967423
-46.410308,-7.177962,564.254482
-52.238595,16.246762,567.482807
-52.530106,43.000291,567.969798
-47.172288,66.938265,565.656181
-37.897866,85.202944,561.116281
-26.443494,99.007033,555.395910
-13.876215,110.222137,549.720628
-0.822835,120.274383,545.156062
12.270302,130.271777,542.323434
24.962641,141.309045,541.262716
36.648607,154.778016,541.488219
46.303549,172.549023,542.213180
52.217739,-163.921926,542.661085
52.528377,-136.976942,542.356490
47.110320,-112.889800,541.301292
37.741545,-94.565469,539.982055
26.198375,-80.746439,539.205409
13.567200,-69.528162,539.810769
0.301269,-54.334690,542.401616
-12.780877,-44.320973,546.929995
-25.417624,-33.245754,552.833775
-37.004308,-19.718706,559.050170
-46.521444,-1.892334,564.315626
-52.283680,21.607880,567.509244
-52.491684,48.365458,567.956205
-47.065566,72.230772,565.606382
-37.750507,90.420575,561.042129
-26.274760,104.176670,555.313973
-13.697100,115.366922,549.647572
-0.640303,125.411206,545.104079
12.450450,135.415215,542.297159
25.133581,146.475684,541.258649
36.799704,159.990605,541.496826
46.416081,177.835361,542.222860
52.263664,-158.558551,542.662597
52.489595,-131.609104,542.346366
47.002401,-107.595924,541.283166
37.592851,-89.347432,539.965497
26.028553,-75.576724,539.202603
13.387424,-64.383341,539.832058
0.118585,-49.197781,542.451766
-12.960559,-39.177160,547.004582
-25.587481,-28.078432,552.920822
-37.153732,-14.505226,559.132731
-46.631863,3.394452,564.376362
-52.327661,26.969720,567.535140
-52.452138,53.729981,567.942061
-46.958099,77.522114,565.556148
-37.602742,95.637348,560.967750
-26.105819,109.345820,555.232050
-13.517896,120.511491,549.574740
-0.457764,130.548022,545.052441
12.630522,140.558851,542.271234
25.304333,151.642787,541.254834
36.950418,165.204029,541.505528
46.527893,-176.877126,542.232480
52.308471,-153.194433,542.663955
52.449673,-126.241922,542.336091
46.893731,-102.303232,541.264986
37.443754,-84.130261,539.949045
25.858531,-70.407498,539.200071
13.207564,-59.238736,539.853731
