12.529512,-53.738350,539.938763
-0.569354,-43.724509,542.644055
-13.636447,-33.676030,547.287840
-26.225347,-22.486379,553.249103
-37.712912,-8.736045,559.441888
-47.041153,9.442573,564.601367
-52.483315,33.296276,567.627783
-52.293206,60.054379,567.883874
-46.546805,83.566542,565.363122
-37.042712,101.403793,560.685685
-25.467796,114.936235,554.923759
-12.842251,126.011737,549.302553
0.229698,136.020929,544.861130
13.307948,146.059307,542.176770
25.945626,157.234017,541.242725
37.514490,170.973047,541.539131
46.942408,-170.826109,542.268157
52.467109,-146.859127,542.667690
52.289177,-119.907619,542.296041
46.477854,-96.253885,541.196055
36.878718,-78.362390,539.888065
25.216479,-64.816812,539.192990
12.349274,-48.594728,539.962273
-0.752018,-38.587593,542.696043
-13.815713,-28.531221,547.363697
-26.394242,-17.316786,553.336406
-37.860442,-3.518534,559.523517
-47.148075,14.734898,564.660128
-52.521981,38.661341,567.651091
-52.248362,65.415615,567.867120
-46.435866,88.852350,565.310848
-36.893069,106.616557,560.610267
-25.297903,120.103130,554.841951
-12.662636,131.155321,549.230821
0.412253,141.157746,544.811147
13.487639,151.203935,542.152502
26.115445,162.403393,541.240080
37.663328,176.190529,541.548247
47.050712,-165.532972,542.277464
52.506534,-141.491693,542.668306
52.243880,-114.543782,542.285050
46.365685,-90.966813,541.177642
36.727751,-73.149265,539.872154
25.045528,-59.649849,539.191789
12.168961,-43.451303,539.986171
-0.934675,-33.450667,542.748415
-13.994888,-23.386194,547.439814
-26.562929,-12.146703,553.423754
-38.007564,1.699839,559.604940
-47.254248,20.028388,564.718467
-52.559522,44.027034,567.673853
-52.202417,70.776116,567.849822
-46.324214,94.137002,565.258153
-36.743042,111.828496,560.534641
-25.127815,125.269565,554.760178
-12.482940,136.298707,549.159328
0.594808,146.294571,544.761513
13.667247,156.348780,542.128579
26.285064,167.573259,541.237676
37.811763,-178.591122,541.557445
47.158264,-160.238650,542.286701
52.544819,-136.123610,542.668764
52.197465,-109.180694,542.273911
46.252798,-85.680916,541.159185
36.576401,-67.936972,539.856363
24.874387,-54.483348,539.190872
11.988573,-38.308073,540.010457
-1.117324,-28.313730,542.801169
-14.173971,-18.240945,547.516188
-26.731406,-6.976126,553.511143
-38.154274,6.919080,559.686154
-47.359665,25.323044,564.776383
-52.595934,49.393341,567.696068
-52.155375,76.135867,567.831978
-46.211856,99.420499,565.205039
-36.592635,117.039615,560.458810
-24.957535,130.435543,554.678441
-12.303162,141.441898,549.088074
0.777363,151.431407,544.712230
13.846770,161.493845,542.105001
26.454479,172.743619,541.235509
37.959790,-173.371899,541.566720
47.265056,-154.943144,542.295864
52.581960,-130.754897,542.669064
52.149939,-103.818369,542.262625
46.139200,-80.396191,541.140687
36.424673,-62.725506,539.840695
24.703060,-49.317304,539.190243
11.808113,-33.165033,540.035133
-1.299964,-23.176777,542.854304
-14.352960,-13.095472,547.592817
-26.899671,-1.805052,553.598570
-38.300569,12.139194,559.767156
-47.464321,30.618866,564.833871
-52.631214,54.760244,567.717736
-52.107241,81.494854,567.813592
-46.098797,104.702843,565.151509
-36.441851,122.249921,560.382777
-24.787064,135.601070,554.596744
-12.123304,146.584897,549.017062
0.959915,156.568256,544.663298
14.026207,166.639134,542.081767
26.623688,177.914478,541.233578
38.107405,-168.151796,541.576071
47.371084,-149.646453,542.304954
52.617954,-125.385569,542.669205
52.101304,-98.456822,542.251194
46.024895,-75.112637,541.122150
36.272570,-57.514861,539.825153
24.531547,-44.151715,539.189902
11.627580,-28.022182,540.060199
-1.482593,-18.039807,542.907820
-14.531854,-7.949771,547.669697
-27.067722,3.366526,553.686030
-38.446445,17.360187,559.847943
-47.568210,35.915855,564.890931
-52.665359,60.127725,567.738855
-52.058019,86.853063,567.794663
-45.985042,109.984037,565.097566
-36.290694,127.459418,560.306546
-24.616405,140.766148,554.515090
-11.943368,151.727709,548.946295
1.142465,161.705122,544.614718
14.205556,171.784650,542.058875
26.792690,-176.914160,541.231882
38.254604,-162.930808,541.585496
47.476342,-144.348575,542.313968
52.652797,-120.015645,542.669187
52.051565,-93.096068,542.239617
45.909889,-69.830250,541.103576
36.120095,-52.305030,539.809739
24.359851,-38.986575,539.189853
11.446977,-22.879515,540.085655
-1.665211,-12.902817,542.961714
-14.710653,-2.803838,547.746827
-27.235557,8.538611,553.773521
-38.591898,22.582065,559.928510
-47.671326,41.214012,564.947559
-52.698365,65.495768,567.759425
-52.007712,92.210478,567.775192
-45.870596,115.264083,565.043211
-36.139166,132.668113,560.230119
-24.445560,145.930783,554.433483
-11.763354,156.870334,548.875775
1.325010,166.842007,544.566490
14.384816,176.930395,542.036325
26.961482,-171.742290,541.230417
38.401385,-157.708929,541.594992
47.580823,-139.049511,542.322903
52.686486,-114.645142,542.669010
52.000727,-87.736122,542.227896
45.794188,-64.549029,541.084966
35.967252,-47.096010,539.794454
24.187973,-33.821879,539.190097
11.266304,-17.737030,540.111503
-1.847816,-7.765804,543.015987
-14.889353,2.342328,547.824205
-27.403174,13.711208,553.861040
-38.736925,27.804833,560.008855
-47.773663,46.513336,565.003754
-52.730229,70.864355,567.779445
-51.956326,97.567087,567.755182
-45.755466,120.542983,564.988448
-35.987271,137.876011,560.153501
-24.274530,151.094979,554.351925
-11.583264,162.012778,548.805503
1.507550,171.978914,544.518615
14.563986,-177.923626,542.014117
27.130062,-166.569907,541.229183
38.547742,-152.486153,541.604558
47.684522,-133.749261,542.331760
52.719019,-109.274079,542.668672
51.948793,-82.376997,542.216032
45.677798,-59.268971,541.066323
35.814045,-41.887793,539.779303
24.015917,-28.657624,539.190635
11.085564,-12.594724,540.137742
-2.030407,-2.628765,543.070638
-15.067955,7.488732,547.901826
-27.570571,18.884321,553.948582
-38.881521,33.028497,560.088975
-47.875217,51.813827,565.059512
-52.760948,76.233467,567.798914
-51.903864,102.922875,567.734632
-45.639656,125.820740,564.933278
-35.835012,143.083118,560.076694
-24.103317,156.258739,554.270420
-11.403099,167.155042,548.735483
1.690084,177.115846,544.471093
14.743065,-172.777410,541.992248
27.298428,-161.397008,541.228176
38.693672,-147.262474,541.614189
47.787434,-128.447823,542.340535
52.750392,-103.902473,542.668174
51.895770,-77.018709,542.204025
45.560724,-53.990073,541.047649
35.660476,-36.680374,539.764286
23.843683,-23.493806,539.191470
10.904756,-7.452594,540.164374
-2.212983,2.508303,543.125664
-15.246457,12.635377,547.979690
-27.737745,24.057956,554.036145
-39.025682,38.253062,560.168865
-47.975980,57.115485,565.114832
-52.790520,81.603087,567.817832
-51.850331,108.277828,567.713543
-45.523173,131.097356,564.877705
-35.682394,148.289439,559.999702
-23.931923,161.422069,554.188972
-11.222861,172.297130,548.665715
1.872611,-177.747195,544.423926
14.922050,-167.630954,541.970718
27.466578,-156.223586,541.227396
38.839171,-142.037888,541.623886
47.889551,-123.145199,542.349228
52.780601,-98.530343,542.667515
51.841660,-71.661270,542.191877
45.442971,-48.712332,541.028946
35.506549,-31.473747,539.749407
23.671273,-18.330420,539.192604
10.723883,-2.310636,540.191400
-2.395544,7.645402,543.181066
-15.424857,17.782266,548.057792
-27.904694,29.232116,554.123725
-39.169406,43.478534,560.248523
-48.075948,62.418308,565.169711
-52.818942,86.973197,567.836198
-51.795732,113.631935,567.691918
-45.406020,136.372835,564.821731
-35.529418,153.494979,559.922528
-23.760350,166.584972,554.107582
-11.042550,177.439045,548.596204
2.055129,-172.610206,544.377114
15.100942,-162.484256,541.949527
27.634509,-151.049638,541.226839
38.984236,-136.812387,541.633644
47.990868,-117.841389,542.357836
52.809645,-93.157707,542.666694
51.786469,-66.304694,542.179589
45.324546,-43.435746,541.010216
35.352268,-26.267907,539.734668
23.498689,-13.167462,539.194039
10.542946,2.831153,540.218819
-2.578087,12.782535,543.236841
-15.603154,22.929403,548.136132
-28.071417,34.406807,554.211318
-39.312687,48.704919,560.327945
-48.175114,67.722298,565.224146
-52.846211,92.343778,567.854010
-51.740071,118.985182,567.669757
-45.288205,141.647179,564.765359
-35.376089,158.699745,559.845176
-23.588599,171.747452,554.026255
-10.862167,-177.419210,548.526949
2.237637,-167.473183,544.330658
15.279737,-157.337311,541.928673
27.802219,-145.875159,541.226504
39.128861,-131.585966,541.643463
48.091380,-112.536393,542.366358
52.837520,-87.784584,542.665712
51.730201,-60.948994,542.167161
45.205454,-38.160312,540.991461
35.197635,-21.062848,539.720071
23.325934,-8.004928,539.195776
10.361945,7.972774,540.246632
-2.760612,17.919704,543.292990
-15.781347,28.076790,548.214705
-28.237910,39.582032,554.298921
-39.455522,53.932222,560.407128
-48.273472,73.027452,565.278137
-52.872325,97.714812,567.871269
-51.683354,124.337556,567.647060
-45.169732,146.920391,564.708591
-35.222409,163.903742,559.767649
-23.416674,176.909514,553.944994
-10.681715,-172.277632,548.457955
2.420135,-162.336125,544.284557
15.458436,-152.190116,541.908154
27.969707,-140.700143,541.226389
39.273043,-126.358620,541.653338
48.191080,-107.230212,542.374793
52.864224,-82.410993,542.664567
51.672862,-55.594183,542.154595
45.085699,-32.886025,540.972683
35.042654,-15.858565,539.705619
23.153009,-2.842814,539.197818
10.180883,13.114233,540.274840
-2.943119,23.056914,543.349510
-15.959434,33.224432,548.293510
-28.404172,44.757798,554.386532
-39.597907,59.160449,560.486069
-48.371018,78.333770,565.331679
-52.897281,103.086280,567.887974
-51.625583,129.689045,567.623830
-45.050606,152.192474,564.651430
-35.068382,169.106975,559.689950
-23.244574,-177.928839,553.863801
-10.501194,-167.136219,548.389222
2.602621,-157.199029,544.238813
15.637036,-147.042667,541.887971
28.136969,-135.524588,541.226492
39.416779,-121.130343,541.663270
48.289962,-101.922847,542.383138
52.889754,-77.036953,542.663260
51.614456,-50.240274,542.141891
44.965289,-27.612884,540.953884
34.887329,-10.655051,539.691314
22.979916,2.318885,539.200166
9.999760,18.255531,540.303444
-3.125604,28.194166,543.406400
-16.137414,38.372330,548.372544
-28.570201,49.934108,554.474145
-39.739837,64.389606,560.564764
-48.467744,83.641249,565.384771
-52.921076,108.458164,567.904125
-51.566766,135.039637,567.600067
-44.930833,157.463432,564.593878
-34.914010,174.309450,559.612083
-23.072303,-172.767602,553.782681
-10.320605,-161.994967,548.320752
2.785094,-152.061891,544.193426
15.815536,-141.894963,541.868122
28.304004,-130.348487,541.226810
39.560063,-115.901129,541.673254
48.388021,-96.614299,542.391392
52.914107,-71.662484,542.661789
51.554987,-44.887278,542.129051
44.844227,-22.340884,540.935067
34.731662,-5.452301,539.677159
22.806656,7.480172,539.202821
9.818577,23.396671,540.332443
-3.308069,33.331463,543.463660
-16.315286,43.520490,548.451803
-28.735994,55.110967,554.561758
-39.881310,69.619697,560.643211
-48.563646,88.949890,565.437411
-52.943710,113.830443,567.919719
-51.506905,140.389320,567.575773
-44.810419,162.733268,564.535939
-34.759298,179.511173,559.534050
-22.899862,-167.606771,553.701635
-10.139950,-156.853872,548.252549
2.967553,-146.924710,544.148396
15.993936,-136.746998,541.848605
28.470809,-125.171835,541.227341
39.702893,-110.670972,541.683289
48.485250,-91.304570,542.399553
52.937282,-66.287604,542.660155
51.494462,-39.535209,542.116076
44.722520,-17.070022,540.916233
34.575657,-0.250310,539.663156
22.633232,12.641052,539.205787
9.637336,28.537657,540.361838
-3.490511,38.468807,543.521288
-16.493048,48.668914,548.531286
-28.901548,60.288380,554.649368
-40.022320,74.850728,560.721405
-48.658717,94.259690,565.489597
-52.965178,119.203100,567.934758
-51.446007,145.738083,567.550949
-44.689367,168.001986,564.477614
-34.604248,-175.287852,559.455857
-22.727252,-162.446343,553.620667
-9.959230,-151.712933,548.184614
3.149998,-141.787482,544.103724
16.172232,-131.598771,541.829420
28.637383,-119.994629,541.228084
39.845263,-105.439868,541.693372
48.581643,-85.993660,542.407621
52.959276,-60.912334,542.658358
51.432885,-34.184077,542.102967
44.600173,-11.800295,540.897384
34.419316,4.950929,539.649307
22.459645,17.801529,539.209065
9.456038,33.678491,540.391630
-3.672929,43.606203,543.579283
-16.670699,53.817605,548.610990
-29.066862,65.466351,554.736970
-40.162864,80.082706,560.799343
-48.752952,99.570646,565.541326
-52.985480,124.576114,567.949240
-51.384075,151.085914,567.525596
-44.567684,173.269588,564.418907
-34.448863,-170.087618,559.377505
-22.554476,-157.286313,553.539781
-9.778446,-146.572146,548.116948
3.332425,-136.650204,544.059410
16.350425,-126.450276,541.810566
28.803721,-114.816863,541.229037
39.987169,-100.207809,541.703502
48.677194,-80.681572,542.415593
52.980087,-55.536693,542.656397
51.370261,-28.833895,542.089724
44.477191,-6.531698,540.878523
34.262644,10.151420,539.635615
22.285897,22.961607,539.212656
9.274684,38.819177,540.421819
-3.855322,48.743652,543.637644
-16.848237,58.966567,548.690911
-29.231934,70.644887,554.824562
-40.302937,85.315635,560.877023
-48.846345,104.882758,565.592596
-53.004614,129.949466,567.963166
-51.321116,156.432803,567.499716
-44.445375,178.536079,564.359820
-34.293146,-164.888120,559.298998
-22.381535,-152.126677,553.458980
-9.597599,-141.431508,548.049554
3.514836,-131.512874,544.015456
16.528512,-121.301512,541.792042
28.969823,-109.638532,541.230196
40.128608,-94.974790,541.713675
48.771899,-75.368308,542.423468
52.999713,-50.160701,542.654271
51.306596,-23.484672,542.076350
44.353579,-1.264228,540.859652
34.105643,15.351170,539.622083
22.111990,28.121289,539.216562
9.093276,43.959717,540.452406
-4.037690,53.881157,543.696368
-17.025661,64.115804,548.771048
-29.396760,75.823990,554.912139
-40.442536,90.549521,560.954441
-48.938889,110.196022,565.643405
-53.022577,135.323137,567.976534
-51.257134,161.778738,567.473309
-44.322445,-176.198537,564.300357
-34.137100,-159.689353,559.220340
-22.208432,-146.967431,553.378265
-9.416690,-136.291017,547.982435
3.697228,-126.375489,543.971860
16.706492,-116.152474,541.773845
29.135686,-104.459632,541.231561
40.269575,-89.740807,541.723891
48.865749,-70.053870,542.431243
53.018152,-44.784378,542.651982
51.241894,-18.136421,542.062845
44.229343,4.002119,540.840773
33.948316,20.550183,539.608712
21.937926,33.280580,539.220785
8.911814,49.100115,540.483390
-4.220031,59.018721,543.755456
-17.202970,69.265318,548.851398
-29.561339,81.003667,554.999700
-40.581655,95.784369,561.031593
-49.030580,115.510437,565.693751
-53.039368,140.697107,567.989344
-51.192135,167.123710,567.446377
-44.198898,-170.934257,564.240519
-33.980729,-154.491311,559.141533
-22.035166,-141.808572,553.297642
-9.235721,-131.150668,547.915591
3.879601,-121.238046,543.928624
16.884364,-111.003159,541.755976
29.301308,-99.280157,541.233128
40.410065,-84.505853,541.734145
48.958740,-64.738260,542.438919
53.035402,-39.407744,542.649527
51.176161,-12.789152,542.049210
44.104488,9.267347,540.821888
33.790666,25.748466,539.595505
21.763705,38.439484,539.225327
8.730300,54.240373,540.514773
-4.402344,64.156347,543.814905
-17.380161,74.415114,548.931957
-29.725669,86.183922,555.087239
-40.720292,101.020184,561.108477
-49.121411,120.825999,565.743631
-53.054985,146.071356,568.001595
-51.126123,172.467707,567.418922
-44.074741,-165.671078,564.180309
-33.824036,-149.293989,559.062583
-21.861742,-136.650095,553.217112
-9.054692,-126.010461,547.849025
4.061954,-116.100542,543.885747
17.062126,-105.853564,541.738433
29.466685,-94.100102,541.234896
40.550075,-79.269922,541.744437
49.050866,-59.421482,542.446493
53.051461,-34.030820,542.646908
51.109401,-7.442875,542.035447
43.979020,14.531460,540.802999
33.632697,30.946024,539.582465
21.589332,43.598005,539.230190
8.548734,59.380495,540.546554
-4.584627,69.294037,543.874715
-17.557234,79.565194,549.012722
-29.889746,91.364760,555.174753
-40.858441,106.256973,561.185089
-49.211376,126.142704,565.793045
-53.069427,151.445864,568.013288
-51.059103,177.810721,567.390945
-43.949978,-160.408994,564.119731
-33.667022,-144.097381,558.983490
-21.688159,-131.491997,553.136679
-8.873605,-120.870390,547.782738
4.244284,-110.962975,543.843231
17.239777,-100.703684,541.721215
29.631816,-88.919464,541.236863
40.689601,-74.033009,541.754764
49.142120,-54.103537,542.453964
53.066329,-28.653626,542.644123
51.041622,-2.097601,542.021557
43.852943,19.794462,540.784109
33.474411,36.142863,539.569594
21.414805,48.756146,539.235375
8.367119,64.520482,540.578734
-4.766881,74.431795,543.934883
-17.734188,84.715563,549.093692
-30.053568,96.546186,555.262240
-40.996098,111.494740,561.261426
-49.300470,131.460551,565.841988
-53.082693,156.820612,568.024422
-50.991081,-176.847258,567.362446
-43.824614,-155.148001,564.058787
-33.509692,-138.901482,558.904260
-21.514420,-126.334273,553.056345
-8.692462,-115.730454,547.716733
4.426592,-105.825342,543.801075
17.417315,-95.553518,541.704320
29.796699,-83.738236,541.239026
40.828637,-68.795110,541.765124
49.232497,-48.784429,542.461329
53.080003,-23.276182,542.641173
50.972827,3.246662,542.007540
43.726262,25.056358,540.765220
33.315811,41.338987,539.556894
21.240129,53.913912,539.240884
8.185455,69.660339,540.611313
-4.949103,79.569623,543.995409
-17.911020,89.866223,549.174864
-30.217133,101.728204,555.349695
-41.133259,116.733491,561.337486
-49.388687,136.779536,565.890461
-53.094780,162.195578,568.034996
-50.922063,-171.506239,567.333429
-43.698655,-149.888097,563.997480
-33.352048,-133.706287,558.824896
-21.340527,-121.176920,552.976115
-8.511262,-110.590650,547.651012
4.608876,-100.687640,543.759280
17.594740,-90.403060,541.687748
29.961330,-78.556414,541.241383
40.967179,-63.556217,541.775514
49.321990,-43.464162,542.468589
53.092482,-17.898508,542.638058
50.903022,8.589904,541.993399
43.598983,30.317152,540.746333
33.156901,46.534403,539.544368
21.065303,59.071307,539.246719
8.003744,74.800068,540.644291
-5.131292,84.707524,544.056290
-18.087730,95.017178,549.256233
-30.380439,106.910820,555.437115
-41.269920,121.973232,561.413263
-49.476021,142.099654,565.938459
-53.105689,167.570743,568.045010
-50.852053,-166.166233,567.303893
-43.572104,-144.629275,563.935812
-33.194093,-128.511790,558.745400
-21.166480,-116.019933,552.895990
-8.330009,-105.450974,547.585575
4.791135,-95.549866,543.717846
17.772048,-85.252309,541.671497
30.125708,-73.373993,541.243933
41.105223,-58.316326,541.785932
49.410594,-38.142739,542.475741
53.103765,-12.520627,542.634778
50.832213,13.932115,541.979134
43.471111,35.576847,540.727452
32.997683,51.729115,539.532017
20.890331,64.228334,539.252881
7.821986,79.939672,540.677669
-5.313448,89.845501,544.117527
-18.264315,100.168432,549.337798
-30.543483,112.094039,555.524497
-41.406077,127.213966,561.488756
-49.562467,147.420902,565.985982
-53.115418,172.946087,568.054464
-50.781057,-160.827246,567.273841
-43.444968,-139.371533,563.873787
-33.035830,-123.317986,558.665777
-20.992283,-110.863310,552.815975
-8.148701,-100.311424,547.520426
4.973368,-90.412017,543.676773
17.949240,-80.101259,541.655565
30.289829,-68.190967,541.246672
41.242765,-53.075431,541.796377
49.498303,-32.820163,542.482784
53.113851,-7.142558,542.631331
50.760405,19.273286,541.964747
43.342651,40.835450,540.708578
32.838160,56.923130,539.519846
20.715213,69.384998,539.259372
7.640182,85.079153,540.711447
-5.495569,94.983556,544.179116
-18.440775,105.319988,549.419556
-30.706262,117.277866,555.611836
-41.541723,132.455700,561.563962
-49.648018,152.743275,566.033028
-53.123966,178.321589,568.063358
-50.709080,-155.489289,567.243274
-43.317251,-134.114866,563.811407
-32.877262,-118.124869,558.586029
-20.817935,-105.707046,552.736071
-7.967342,-95.171997,547.455566
5.155573,-85.274091,543.636061
18.126312,-74.949908,541.639952
30.453692,-63.007332,541.249599
41.379799,-47.833527,541.806845
49.585110,-27.496440,542.489717
53.122739,-1.764322,542.627719
50.687604,24.613409,541.950239
43.213608,46.092964,540.689713
32.678335,62.116453,539.507855
20.539951,74.541302,539.266193
7.458335,90.218516,540.745624
-5.677655,100.121692,544.241057
-18.617107,110.471850,549.501504
-30.868775,122.462306,555.699130
-41.676857,137.698439,561.638876
-49.732669,158.066770,566.079594
-53.131332,-176.302772,568.071691
-50.636128,-150.152368,567.212193
-43.188958,-128.859268,563.748675
-32.718391,-112.932435,558.506160
-20.643440,-100.551137,552.656282
-7.785931,-90.032690,547.390997
5.337750,-80.136085,543.595711
18.303265,-69.798252,541.624656
30.617294,-57.823082,541.252712
41.516323,-42.590608,541.817335
49.671010,-22.171573,542.496538
53.130427,3.614060,542.623942
50.613815,29.952476,541.935611
43.083987,51.349393,540.670860
32.518212,67.309089,539.496047
20.364548,79.697249,539.273347
7.276445,95.357762,540.780202
-5.859703,105.259913,544.303348
-18.793311,115.624022,549.583639
-31.031018,127.647363,555.786376
-41.811472,142.942188,561.713497
-49.816413,163.391381,566.125679
-53.137515,-170.927015,568.079463
-50.562206,-144.816492,567.180600
-43.060094,-123.604737,563.685595
-32.559221,-107.740677,558.426174
-20.468799,-95.395579,552.576612
-7.604470,-84.893500,547.326720
5.519898,-74.997996,543.555722
18.480096,-64.646287,541.609676
30.780631,-52.638213,541.256007
41.652329,-37.346669,541.827845
49.755997,-16.845566,542.503245
53.136916,8.992567,542.619998
50.539044,35.290479,541.920865
42.953793,56.604743,540.652021
32.357792,72.501043,539.484426
20.189003,84.852845,539.280835
7.094513,100.496895,540.815180
-6.041714,110.398221,544.365987
-18.969384,120.776506,549.665958
-31.192989,132.833044,555.873568
-41.945564,148.186952,561.787820
-49.899247,168.717104,566.171280
-53.142516,-165.551161,568.086674
-50.487320,-139.481669,567.148497
-42.930664,-118.351266,563.622168
-32.399754,-102.549591,558.346074
-20.294013,-90.240370,552.497062
-7.422960,-79.754424,547.262737
5.702015,-69.859821,543.516095
18.656804,-59.494010,541.595010
30.943703,-47.452719,541.259484
41.787816,-32.101706,541.838371
49.840065,-11.518426,542.509838
53.142204,14.371178,542.615889
50.463297,40.627409,541.906001
42.823030,61.859019,540.633199
32.197079,77.692321,539.472992
20.013321,90.008092,539.288659
6.912541,105.635918,540.850558
-6.223685,115.536618,544.428974
-19.145326,125.929307,549.748457
-31.354685,138.019352,555.960705
-42.079130,153.432736,561.861843
-49.981163,174.043933,566.216396
-53.146333,-160.175232,568.093324
-50.411474,-134.147906,567.115885
-42.800672,-113.098852,563.558398
-32.239993,-97.359172,558.265863
-20.119084,-85.085505,552.417636
-7.241403,-74.615460,547.199051
5.884100,-64.721558,543.476830
18.833388,-54.341417,541.580657
31.106505,-42.266595,541.263140
41.922776,-26.855711,541.848913
49.923209,-6.190157,542.516315
53.146292,19.749871,542.611613
50.386580,45.963260,541.891022
42.691705,67.112224,540.614395
32.036075,82.882929,539.461748
19.837500,95.162995,539.296819
6.730529,110.774832,540.886337
-6.405615,120.675109,544.492306
-19.321135,131.082428,549.831136
-31.516104,143.206293,556.047782
-42.212163,158.679546,561.935563
-50.062155,179.371863,566.261025
-53.148966,-154.799246,568.099412
-50.334676,-128.815210,567.082766
-42.670124,-107.847490,563.494288
-32.079941,-92.169414,558.185545
-19.944013,-79.930980,552.338336
-7.059799,-69.476604,547.135662
6.066153,-59.583203,543.437927
19.009845,-49.188505,541.566616
31.269036,-37.079836,541.266973
42.057207,-21.608681,541.859468
50.005421,-0.860763,542.522674
53.149178,25.128627,542.607172
50.308897,51.298024,541.875929
42.559821,72.364365,540.595611
31.874783,88.072870,539.450697
19.661545,100.317557,539.305318
6.548479,115.913642,540.922516
-6.587505,125.813694,544.555981
-19.496808,136.235873,549.913989
-31.677243,148.393873,556.134796
-42.344660,163.927385,562.008976
-50.142219,-175.299112,566.305165
-53.150414,-149.423226,568.104939
-50.256930,-123.483588,567.049142
-42.539023,-102.597174,563.429841
-31.919600,-86.980312,558.105123
-19.768802,-74.776791,552.259167
-6.878150,-64.337853,547.072572
6.248171,-54.444754,543.399386
19.186174,-44.035269,541.552886
31.431292,-31.892437,541.270980
42.191103,-16.360611,541.870033
50.086697,4.469748,542.528915
53.150862,30.507423,542.602565
50.230255,56.631694,541.860722
42.427383,77.615445,540.576851
31.713207,93.262152,539.439841
19.485455,105.471782,539.314157
6.366391,121.052350,540.959096
-6.769352,130.952378,544.619999
-19.672346,141.389645,549.997014
-31.838100,153.582096,556.221744
-42.476616,169.176260,562.082080
-50.221349,-169.968997,566.348813
-53.150679,-144.047191,568.109903
-50.178242,-118.153047,567.015013
-42.407376,-97.347901,563.365059
-31.758973,-81.791860,558.024601
-19.593453,-69.622936,552.180130
-6.696456,-59.199206,547.009784
6.430154,-49.306207,543.361206
19.362374,-38.881707,541.539464
31.593271,-26.704393,541.275159
42.324460,-11.111494,541.880607
50.167030,9.801372,542.535037
53.151344,35.886239,542.597792
50.150660,61.964263,541.845404
42.294397,82.865470,540.558116
31.551348,98.450779,539.429183
19.309233,110.625673,539.323339
6.184268,126.190959,540.996077
-6.951155,136.091163,544.684357
-19.847745,146.543749,550.080209
-31.998671,158.770967,556.308622
-42.608026,174.426175,562.154870
-50.299538,-164.637800,566.391969
-53.149759,-138.671162,568.114307
-50.098617,-112.823592,566.980382
-42.275185,-92.099665,563.299945
-31.598063,-76.604055,557.943981
-19.417967,-64.469409,552.101229
-6.514720,-54.060658,546.947298
6.612101,-44.167561,543.323389
19.538444,-33.727814,541.526350
31.754971,-21.515697,541.279508
42.457272,-5.861326,541.891187
50.246416,15.134101,542.541037
53.150624,41.265053,542.592854
50.070116,67.295726,541.829976
42.160867,88.114445,540.539409
31.389210,103.638756,539.418725
19.132880,115.779235,539.332863
6.002110,131.329471,541.033458
-7.132913,141.230053,544.749054
-20.023005,151.698187,550.163571
-32.158955,163.960492,556.395426
-42.738886,179.677135,562.227345
-50.376782,-159.305526,566.434631
-53.147655,-133.295161,568.118148
-50.018062,-107.495231,566.945251
-42.142457,-86.852462,563.234503
-31.436873,-71.416889,557.863268
-19.242346,-59.316209,552.022466
-6.332941,-48.922208,546.885116
6.794011,-39.028811,543.285934
19.714380,-28.573587,541.513541
31.916389,-16.326346,541.284025
42.589535,-0.610102,541.901772
50.324847,20.467931,542.546914
53.148703,46.643844,542.587749
49.988632,72.626075,541.814439
42.026798,93.362375,540.520731
31.226795,108.826088,539.408468
18.956398,120.932471,539.342732
5.819918,136.467891,541.071240
-7.314625,146.369049,544.814088
-20.198124,156.852964,550.247095
-32.318948,169.150676,556.482154
-42.869191,-175.070856,562.299501
-50.453074,-153.972182,566.476796
-53.144367,-127.919206,568.121427
-49.936581,-102.167968,566.909621
-42.009196,-81.606285,563.168736
-31.275404,-66.230360,557.782464
-19.066591,-54.163330,551.943845
-6.151121,-43.783852,546.823241
6.975882,-33.889956,543.248842
19.890183,-23.419022,541.501038
32.077521,-11.136334,541.288707
42.721245,4.642182,541.912358
50.402318,25.802853,542.552668
53.145580,52.022592,542.582479
49.906211,77.955306,541.798795
41.892195,98.609265,540.502086
31.064106,114.012782,539.398416
18.779788,126.085384,539.352947
5.637694,141.606219,541.109422
-7.496290,151.508155,544.879457
-20.373101,162.008083,550.330780
-32.478648,174.341524,556.568800
-42.998936,-169.817792,562.371336
-50.528410,-148.637776,566.518464
-53.139895,-122.543320,568.124145
-49.854182,-96.841810,566.873493
-41.875406,-76.361131,563.102646
-31.113660,-61.044460,557.701574
-18.890704,-49.010769,551.865368
-5.969262,-38.645587,546.761672
7.157713,-28.750993,543.212111
20.065850,-18.264115,541.488837
32.238366,-5.945655,541.293553
42.852395,9.895533,541.922945
50.478824,31.138861,542.558297
53.141255,57.401275,542.577044
49.822860,83.283412,541.783045
41.757061,103.855121,540.483476
30.901145,119.198841,539.388571
18.603052,131.237979,539.363510
5.455438,146.744460,541.148005
-7.677907,156.647373,544.945160
-20.547933,167.163548,550.414622
-32.638052,179.533042,556.655363
-43.128116,-164.563669,562.442845
-50.602783,-143.302314,566.559631
-53.134239,-117.167522,568.126300
-49.770868,-91.516761,566.836870
-41.741092,-71.116995,563.036236
-30.951644,-55.859185,557.620600
-18.714686,-43.858524,551.787038
-5.787364,-33.507411,546.700413
7.339504,-23.611918,543.175741
20.241380,-13.108863,541.476938
32.398919,-0.754304,541.298559
42.982983,15.149955,541.933529
50.554358,36.475948,542.563799
53.135729,62.779871,542.571444
49.738584,88.610388,541.767191
41.621403,109.099946,540.464902
30.737915,124.384271,539.378935
18.426192,136.390259,539.374422
5.273152,151.882616,541.186988
-7.859474,161.786707,545.011194
-20.722619,172.319363,550.498618
-32.797157,-175.274766,556.741838
-43.256726,-159.308483,562.514026
-50.676188,-137.965804,566.600297
-53.127402,-111.791834,568.127894
-49.686647,-86.192826,566.799754
-41.606258,-65.873871,562.969510
-30.789357,-50.674531,557.539546
-18.538539,-38.706589,551.708858
-5.605429,-28.369321,546.639465
7.521253,-18.472728,543.139734
20.416771,-7.953262,541.465339
32.559180,4.437724,541.303725
43.113001,20.405452,541.944109
50.628916,41.814106,542.569175
53.129003,68.158361,542.565678
49.653390,93.936230,541.751234
41.485225,114.343748,540.446367
30.574419,129.569078,539.369510
18.249209,141.542228,539.385685
5.090836,157.020690,541.226372
-8.040990,166.926159,545.077559
-20.897158,177.475531,550.582766
-32.955961,-170.081894,556.828222
-43.384763,-154.052228,562.584877
-50.748620,-132.628254,566.640460
-53.119382,-106.416275,568.128926
-49.601523,-80.870012,566.762146
-41.470910,-60.631753,562.902470
-30.626802,-45.490491,557.458416
-18.362264,-33.554962,551.630831
-5.423457,-23.231313,546.578828
7.702958,-13.333422,543.104089
20.592021,-2.797307,541.454038
32.719144,9.630434,541.309046
43.242447,25.662030,541.954682
50.702490,47.153327,542.574422
53.121078,73.536723,542.559748
49.567284,99.260932,541.735175
41.348530,119.586531,540.427874
30.410660,134.753266,539.360299
18.072104,146.693889,539.397299
4.908493,162.158685,541.266155
-8.222455,172.065733,545.144252
-21.071547,-177.367943,550.667061
-33.114460,-164.888337,556.914512
-43.512219,-148.794900,562.655393
-50.820073,-127.289672,566.680118
-53.110180,-101.040867,568.129397
-49.515503,-75.548321,566.724047
-41.335050,-55.390638,562.835120
-30.463982,-40.307062,557.377212
-18.185863,-28.403639,551.552959
-5.241450,-18.093386,546.518505
7.884619,-8.193995,543.068804
20.767129,2.359004,541.443034
32.878809,14.823832,541.314522
43.371313,30.919692,541.965248
50.775077,52.493604,542.579539
53.111953,78.914935,542.553652
49.480271,104.584489,541.719017
41.211324,124.828300,540.409424
30.246639,139.936841,539.351304
17.894879,151.845246,539.409267
4.726122,167.296603,541.306339
-8.403867,177.205430,545.211272
-21.245786,-172.211056,550.751502
-33.272652,-159.694089,557.000703
-43.639092,-143.536496,562.725573
-50.890541,-121.950066,566.719269
-53.099799,-95.665628,568.129306
-49.428592,-70.227758,566.685461
-41.198685,-50.150519,562.767462
-30.300900,-35.124237,557.295938
-18.009338,-23.252616,551.475246
-5.059408,-12.955536,546.458497
8.066235,-3.054445,543.033882
20.942093,7.515676,541.432326
33.038172,20.017924,541.320150
43.499597,36.178444,541.975802
50.846670,57.834927,542.584525
53.101630,84.292978,542.547393
49.392358,109.906898,541.702761
41.073612,130.069061,540.391021
30.082359,145.119807,539.342527
17.717536,156.996302,539.421590
4.543726,172.434448,541.346922
-8.585225,-177.654745,545.278615
-21.419873,-167.053804,550.836084
-33.430533,-154.499145,557.086793
-43.765376,-138.277009,562.795413
-50.960020,-116.609446,566.757912
-53.088238,-90.290581,568.128653
-49.340796,-64.908328,566.646388
-41.061818,-44.911391,562.699500
-30.137557,-29.942013,557.214598
-17.832689,-18.101890,551.397694
-4.877334,-7.817761,546.398806
8.247804,2.085230,542.999320
21.116912,12.672712,541.421911
33.197230,25.212714,541.325928
43.627292,41.438291,541.986344
50.917263,63.177289,542.589380
53.090110,89.670830,542.540969
49.303550,115.228155,541.686407
40.935397,135.308819,540.372666
29.917824,150.302170,539.333971
17.540075,162.147061,539.434269
4.361305,177.572222,541.387905
-8.766528,-172.514790,545.346282
-21.593805,-161.896183,550.920805
-33.588102,-149.303501,557.172777
-43.891065,-133.016438,562.864910
-51.028505,-111.267819,566.796046
-53.075499,-84.915744,568.127440
-49.252121,-59.590034,566.606831
-40.924453,-39.673250,562.631237
-29.973957,-24.760383,557.133195
-17.655919,-12.951458,551.320306
-4.695228,-2.680058,546.339433
8.429325,7.225035,542.965119
21.291584,17.830117,541.411789
33.355980,30.408209,541.331852
43.754393,46.699235,541.996871
50.986852,68.520680,542.594101
53.077394,95.048471,542.534381
49.213853,120.548255,541.669959
40.796685,140.547580,540.354362
29.753035,155.483935,539.325637
17.362499,167.297526,539.447305
4.178861,-177.290073,541.429287
-8.947774,-167.374702,545.414269
-21.767582,-156.738190,551.005662
-33.745355,-144.107149,557.258654
-44.016155,-127.754776,562.934061
-51.095989,-105.925195,566.833668
-53.061582,-79.541139,568.125665
-49.162573,-54.272880,566.566791
-40.786595,-34.436089,562.562675
-29.810101,-19.579344,557.051732
-17.479028,-7.801315,551.243085
-4.513091,2.457576,546.280379
8.610797,12.364971,542.931279
21.466106,22.987894,541.401957
33.514420,35.604413,541.337922
43.880895,51.961283,542.007381
51.055430,73.865091,542.598688
53.063484,100.425880,542.527629
49.123273,125.867195,541.653417
40.657479,145.785349,540.336112
29.587994,160.665106,539.317529
17.184809,172.447702,539.460700
3.996394,-172.152432,541.471068
-9.128963,-162.234479,545.482576
-21.941201,-151.579820,551.090652
-33.902289,-138.910086,557.344418
-44.140641,-122.492020,563.002863
-51.162467,-100.581584,566.870778
-53.046490,-74.166785,568.123330
-49.072158,-48.956869,566.526271
-40.648249,-29.199904,562.493818
-29.645993,-14.398889,556.970212
-17.302019,-2.651459,551.166033
-4.330924,7.595145,546.221645
8.792219,17.505041,542.897800
21.640479,28.146047,541.392414
33.672546,40.801332,541.344135
44.006794,57.224439,542.017872
51.122993,79.210513,542.603140
53.048380,105.803036,542.520714
49.031816,131.184972,541.636783
40.517784,151.022131,540.317916
29.422705,165.845689,539.309649
17.007007,177.597591,539.474455
3.813905,-167.014854,541.513248
-9.310092,-157.094117,545.551199
-22.114662,-146.421069,551.175771
-34.058901,-133.712305,557.430066
-44.264518,-117.228165,563.071314
-51.227935,-95.236995,566.907373
-53.030224,-68.792702,568.120434
-48.980880,-43.642004,566.485272
-40.509418,-23.964689,562.424669
-29.481634,-9.219015,556.888640
-17.124892,2.498114,551.089154
-4.148728,12.732649,546.163234
8.973590,22.645250,542.864681
21.814698,33.304581,541.383159
33.830355,45.998972,541.350488
44.132084,62.488705,542.028342
51.189534,84.556936,542.607455
53.032084,111.179918,542.513636
48.939489,136.501582,541.620059
40.377604,156.257933,540.299779
29.257170,171.025688,539.301997
16.829094,-177.252803,539.488571
3.631397,-161.877336,541.555827
-9.491162,-151.953613,545.620137
-22.287961,-141.261934,551.261016
-34.215189,-128.513801,557.515595
-44.387781,-111.963209,563.139411
-51.292386,-89.891439,566.943452
-53.012785,-63.418911,568.116978
-48.888747,-38.328288,566.443797
-40.370106,-18.730438,562.355231
-29.317026,-4.039717,556.807018
-16.947649,7.647407,551.012449
-3.966505,17.870094,546.105146
9.154908,27.785599,542.831921
21.988764,38.463499,541.374189
33.987844,51.197338,541.356980
44.256760,67.754088,542.038789
51.255049,89.904349,542.611634
53.014598,116.556508,542.506396
48.846296,141.817023,541.603246
40.236945,161.492759,540.281702
29.091391,176.205110,539.294578
16.651070,-172.103477,539.503050
3.448869,-156.739874,541.598803
-9.672171,-146.812965,545.689388
-22.461098,-136.102411,551.346384
-34.371149,-123.314569,557.601002
-44.510424,-106.697147,563.207150
-51.355817,-84.544925,566.979014
-52.994176,-58.045430,568.112962
-48.795764,-33.015723,566.401847
-40.230319,-13.497147,562.285507
-29.152174,1.139011,556.725350
-16.770292,12.796425,550.935923
-3.784256,23.007480,546.047383
9.336172,32.926091,542.799521
22.162675,43.622804,541.365504
34.145010,56.396435,541.363607
44.380816,73.020590,542.049211
51.319532,95.252742,542.615673
52.995923,121.932783,542.498993
48.752245,147.131293,541.586347
40.095809,166.726616,540.263687
28.925371,-178.616043,539.287393
16.472939,-166.954426,539.517893
3.266323,-151.602467,541.642178
-9.853117,-141.672169,545.758950
-22.634071,-130.942495,551.431873
-34.526777,-118.114603,557.686283
-44.632443,-101.429975,563.274529
-51.418222,-79.197465,567.014058
-52.974397,-52.672280,568.108387
-48.701936,-27.704314,566.359424
-40.090060,-8.264809,562.215501
-28.987077,6.317174,556.643639
-16.592821,17.945170,550.859576
-3.601981,28.144811,545.989946
9.517382,38.066730,542.767481
22.336427,48.782502,541.357100
34.301851,61.596270,541.370368
44.504248,78.288216,542.059606
51.382978,100.602106,542.619574
52.976062,127.308724,542.491428
48.657341,152.444388,541.569361
39.954202,171.959508,540.245738
28.759112,-173.437764,539.280445
16.294701,-161.805648,539.533101
3.083761,-146.465111,541.685949
-10.034000,-136.531222,545.828822
-22.806877,-125.782182,551.517478
-34.682072,-112.913898,557.771434
-44.753831,-96.161690,563.341545
-51.479596,-73.849068,567.048580
-52.953450,-47.299479,568.103252
-48.607271,-22.394060,566.316530
-39.949333,-3.033420,562.145214
-28.821740,11.494775,556.561889
-16.415239,23.093646,550.783413
-3.419682,33.282090,545.932836
9.698535,43.207518,542.735799
22.510021,53.942596,541.348977
34.458362,66.796847,541.377261
44.627049,83.556970,542.069971
51.445382,105.952428,542.623334
52.955015,132.684312,542.483701
48.561589,157.756306,541.552293
39.812127,177.191442,540.227856
28.592616,-168.260048,539.273735
16.116358,-156.657140,539.548675
2.901182,-141.327803,541.730118
-10.214819,-131.390122,545.899000
-22.979516,-120.621470,551.603196
-34.837030,-107.712449,557.856452
-44.874585,-90.892288,563.408195
-51.539933,-68.499747,567.082582
-52.931339,-41.927048,568.097558
-48.511772,-17.084965,566.273168
-39.808143,2.197026,562.074652
-28.656164,16.671821,556.480103
-16.237547,28.241855,550.707435
-3.237360,38.419319,545.876055
9.879632,48.348458,542.704476
22.683453,59.103090,541.341134
34.614541,71.998173,541.384282
44.749216,88.826855,542.080306
51.506738,111.303697,542.626953
52.932786,138.059526,542.475813
48.464997,163.067046,541.535142
39.669589,-177.577577,540.210044
28.425886,-163.082891,539.267266
15.937911,-151.508897,539.564617
2.718589,-136.190541,541.774684
-10.395571,-126.248865,545.969483
-23.151985,-115.460353,551.689025
-34.991648,-102.510249,557.941333
-44.994699,-85.621765,563.474476
-51.599230,-63.149512,567.116060
-52.908064,-36.555006,568.091306
-48.415447,-11.777030,566.229339
-39.666493,7.426536,562.003816
-28.490352,21.848315,556.398284
-16.059745,33.389803,550.631646
-3.055016,43.556502,545.819603
10.060669,53.489554,542.673511
22.856723,64.263988,541.333567
34.770385,77.200253,541.391430
44.870741,94.097875,542.090607
51.567042,116.655903,542.630429
52.909376,143.434346,542.467765
48.367570,168.376606,541.517911
39.526592,-172.347543,540.192304
28.258923,-157.906289,539.261040
15.759361,-146.360916,539.580927
2.535982,-131.053323,541.819645
-10.576256,-121.107449,546.040268
-23.324283,-110.298827,551.774961
-35.145923,-97.307294,558.026074
-45.114167,-80.350118,563.540385
-51.657480,-57.798376,567.149014
-52.883628,-31.183371,568.084496
-48.318301,-6.470257,566.185046
-39.524388,12.655113,561.932710
-28.324305,27.024263,556.316436
-15.881836,38.537491,550.556047
-2.872651,48.693640,545.763483
10.241648,58.630809,542.642903
23.029828,69.425294,541.326276
34.925891,82.403092,541.398702
44.991621,99.370034,542.100874
51.626289,122.009033,542.633762
52.884788,148.808754,542.459556
48.269314,173.684985,541.500601
39.383140,-167.118451,540.174638
28.091731,-152.730236,539.255059
15.580710,-141.213195,539.597607
2.353363,-125.916144,541.865003
-10.756873,-115.965871,546.111355
-23.496408,-105.136889,551.861001
-35.299851,-92.103577,558.110672
-45.232985,-75.077344,563.605921
-51.714680,-52.446350,567.181442
-52.858033,-25.812163,568.077128
-48.220339,-1.164647,566.140291
-39.381832,17.882765,561.861337
-28.158027,32.199668,556.234561
-15.703822,43.684923,550.480642
-2.690266,53.830738,545.707694
10.422565,63.772224,542.612653
23.202767,74.587013,541.319258
35.081055,87.606696,541.406097
45.111849,104.643335,542.111103
51.684473,127.363075,542.636951
52.859024,154.182728,542.451188
48.170234,178.992180,541.483214
39.239238,-161.890294,540.157050
27.924312,-147.554727,539.249325
15.401960,-136.065729,539.614658
2.170732,-120.779003,541.910755
-10.937420,-110.824127,546.182740
-23.668358,-99.974535,551.947142
-35.453430,-86.899094,558.195123
-45.351146,-69.803440,563.671079
-51.770825,-47.093446,567.213342
-52.831282,-20.441401,568.069203
-48.121568,4.139799,566.095075
-39.238828,23.109495,561.789700
-27.991518,37.374537,556.152664
-15.525702,48.832103,550.405434
-2.507863,58.967797,545.652239
10.603420,68.913804,542.582759
23.375537,79.749148,541.312513
35.235874,92.811071,541.413611
45.231421,109.917781,542.121293
51.741589,132.718017,542.639995
52.832086,159.556251,542.442661
48.070338,-175.701809,541.465753
39.094888,-156.663068,540.139540
27.756668,-142.379757,539.243841
15.223111,-130.918516,539.632081
1.988091,-115.641897,541.956902
-11.117897,-105.682214,546.254421
-23.840131,-94.811760,552.033380
-35.606656,-81.693839,558.279423
-45.468646,-64.528402,563.735857
-51.825909,-41.739678,567.244715
-52.803378,-15.071102,568.060721
-48.021994,9.443079,566.049402
-39.095381,28.335311,561.717802
-27.824783,42.548873,556.070748
-15.347479,53.979034,550.330424
-2.325441,64.104820,545.597118
10.784211,74.055552,542.553221
23.548137,84.911704,541.306038
35.390345,98.016222,541.421243
45.350330,115.193377,542.131443
51.797633,138.073846,542.642893
52.803977,164.929304,542.433974
47.969630,-170.396983,541.448218
38.950096,-151.436766,540.122113
27.588800,-137.205323,539.238609
15.044165,-125.771551,539.649877
1.805440,-110.504822,542.003444
-11.298302,-100.540130,546.326397
-24.011726,-89.648559,552.119712
-35.759526,-76.487805,558.363569
-45.585479,-59.252228,563.800253
-51.879929,-36.385057,567.275558
-52.774322,-9.701286,568.051684
-47.921622,14.745193,566.003272
-38.951494,33.560217,561.645648
-27.657822,47.722681,555.988816
-15.169154,59.125719,550.255615
-2.143004,69.241810,545.542333
10.964938,79.197469,542.524040
23.720566,90.074685,541.299831
35.544464,103.222155,541.428990
45.468572,120.470124,542.141549
51.852601,143.430549,542.645644
52.774700,170.301866,542.425130
47.868117,-165.093342,541.430612
38.804865,-146.211383,540.104770
27.420713,-132.031419,539.233631
14.865124,-120.624832,539.668047
1.622782,-105.367777,542.050378
-11.478633,-95.397871,546.398665
-24.183140,-84.484930,552.206135
-35.912036,-71.280989,558.447558
-45.701640,-53.974915,563.864264
-51.932880,-31.029597,567.305870
-52.744117,-4.331971,568.042090
-47.820458,20.046141,565.956689
-38.807172,38.784220,561.573239
-27.490637,52.895966,555.906871
-14.990728,64.272162,550.181010
-1.960550,74.378770,545.487885
11.145600,84.339561,542.495213
23.892821,95.238094,541.293890
35.698229,108.428876,541.436850
45.586140,125.748027,542.151610
51.906486,148.788114,542.648247
52.744257,175.673921,542.416128
47.765805,-159.790887,541.412936
38.659200,-140.986913,540.087513
27.252406,-126.858040,539.228909
14.685989,-115.478356,539.686593
1.440117,-100.230758,542.097706
-11.658890,-90.255435,546.471222
-24.354372,-79.320868,552.292646
-36.064184,-66.073383,558.531386
-45.817124,-48.696460,563.927886
-51.984756,-25.673311,567.335650
-52.712768,1.036826,568.031942
-47.718508,25.345921,565.909654
-38.662417,44.007324,561.500579
-27.323232,58.068733,555.824917
-14.812203,69.418365,550.106611
-1.778083,79.515702,545.433774
11.326194,89.481828,542.466741
24.064900,100.401937,541.288215
35.851635,113.636390,541.444821
45.703030,131.027087,542.161625
51.959285,154.146526,542.650702
52.712652,-178.954552,542.406969
47.662699,-154.489620,541.395192
38.513104,-135.763350,540.070345
27.083884,-121.685183,539.224446
14.506761,-110.332118,539.705515
1.257445,-95.093763,542.145426
-11.839071,-85.112818,546.544068
-24.525420,-74.156368,552.379241
-36.215966,-60.864983,558.615050
-45.931924,-43.416860,563.991118
-52.035555,-20.316212,567.364896
-52.680275,6.405086,568.021240
-47.615777,30.644534,565.862170
-38.517236,49.229535,561.427671
-27.155608,63.240985,555.742957
-14.633580,74.564333,550.032422
-1.595602,84.652609,545.380002
11.506720,94.624276,542.438623
24.236801,105.566217,541.282802
36.004681,118.844704,541.452899
45.819235,136.307309,542.171591
52.010993,159.505771,542.653008
52.679887,-173.583570,542.397653
47.558806,-149.189538,541.377382
38.366581,-130.540689,540.053269
26.915147,-116.512841,539.220242
14.327441,-105.186116,539.724814
1.074769,-89.956789,542.193538
-12.019176,-79.970017,546.617198
-24.696281,-68.991427,552.465917
-36.367379,-55.655782,558.698546
-46.046036,-38.136113,564.053956
-52.085271,-14.958315,567.393608
-52.646643,11.772791,568.009983
-47.512272,35.941980,565.814239
-38.371630,54.450860,561.354519
-26.987768,68.412728,555.660994
-14.454860,79.710067,549.958443
-1.413109,89.789495,545.326570
11.687176,99.766906,542.410858
24.408523,110.730939,541.277651
36.157361,124.053822,541.461084
45.934750,141.588694,542.181506
52.061606,164.865837,542.655164
52.645965,-168.213151,542.388182
47.454131,-143.890643,541.359507
38.219635,-125.318923,540.036286
26.746199,-111.341011,539.216301
14.148032,-100.040347,539.744491
0.892089,-84.819833,542.242041
-12.199202,-74.827029,546.690612
-24.866955,-63.826040,552.552671
-36.518419,-50.445776,558.781870
-46.159454,-32.854216,564.116399
-52.133900,-9.599634,567.421785
-52.611874,17.139925,567.998174
-47.407997,41.238258,565.765863
-38.225604,59.671303,561.281126
-26.819713,73.583967,555.579033
-14.276045,84.855572,549.884679
-1.230605,94.926361,545.273479
11.867562,104.909722,542.383446
24.580064,115.896106,541.272758
36.309673,129.263751,541.469372
46.049570,146.871244,542.191369
52.111118,170.226708,542.657169
52.610890,-162.843314,542.378556
47.348681,-138.592935,541.341570
38.072270,-120.098047,540.019400
26.577041,-106.169688,539.212625
13.968534,-94.894807,539.764548
0.709407,-79.682892,542.290934
-12.379149,-69.683852,546.764307
-25.037439,-58.660203,552.639500
-36.669083,-45.234959,558.865020
-46.272173,-27.571168,564.178442
-52.181438,-4.240183,567.449425
-52.575971,22.506469,567.985812
-47.302960,46.533370,565.717045
-38.079161,64.890870,561.207494
-26.651445,78.754704,555.497075
-14.097136,90.000851,549.811131
-1.048091,100.063211,545.220729
12.047876,110.052726,542.356387
24.751421,121.061724,541.268123
36.461613,134.474496,541.477762
46.163689,152.154964,542.201177
52.159526,175.588370,542.659022
52.574664,-157.474076,542.368775
47.242460,-133.296412,541.323573
37.924490,-114.878056,540.002612
26.407675,-100.998868,539.209216
13.788948,-89.749493,539.784984
0.526722,-74.545964,542.340217
-12.559015,-64.540481,546.838280
-25.207731,-53.493911,552.726399
-36.819368,-40.023324,558.947991
-46.384187,-22.286966,564.240085
-52.227880,1.120023,567.476526
-52.538939,27.872408,567.972899
-47.197165,51.827315,565.667786
-37.932306,70.109567,561.133628
-26.482967,83.924946,555.415124
-13.918135,95.145907,549.737801
-0.865568,105.200048,545.168323
12.228116,115.195923,542.329678
24.922594,126.227796,541.263744
36.613178,139.686063,541.486250
46.277100,157.439854,542.210929
52.206826,-179.049191,542.660723
52.537292,-152.105454,542.358840
47.135476,-128.001075,541.305517
37.776298,-109.658943,539.985926
26.238104,-95.828545,539.206075
13.609276,-84.604401,539.805802
0.344038,-69.409046,542.389889
-12.738799,-59.396915,546.912530
-25.377830,-48.327161,552.813366
-36.969270,-34.810867,559.030781
-46.495490,-17.001609,564.301323
-52.273224,6.480971,567.503089
-52.500779,33.237723,567.959434
-47.090618,57.120095,565.618090
-37.785042,75.327400,561.059530
-26.314281,89.094697,555.333184
-13.739041,100.290743,549.664693
-0.683037,110.336873,545.116260
12.408282,120.339314,542.303321
25.093578,131.394327,541.259618
36.764364,144.898457,541.494835
46.389800,162.725917,542.220623
52.253012,-173.685992,542.662270
52.498777,-146.737466,542.348752
47.027734,-122.706922,541.287404
37.627699,-104.440703,539.969343
26.068330,-90.658716,539.203205
13.429520,-79.459529,539.827002
0.161354,-64.272135,542.439949
-12.918500,-54.253149,546.987054
-25.547733,-43.159948,552.900398
-37.118785,-29.597582,559.113387
-46.606077,-11.715094,564.362155
-52.317464,11.842643,567.529112
-52.461497,38.602399,567.945419
-46.983325,62.411709,565.567958
-37.637372,80.544373,560.985205
-26.145388,94.263961,555.251258
-13.559858,105.435363,549.591808
-0.500499,115.473689,545.064541
12.588372,125.482904,542.277314
25.264374,136.561321,541.255744
36.915168,150.111685,541.503515
46.501781,168.013155,542.230257
52.298082,-168.322047,542.663664
52.459122,-141.370128,542.338511
46.919239,-117.413952,541.269236
37.478696,-99.223329,539.952866
25.898354,-85.489375,539.200608
13.249680,-74.314873,539.848585
-0.021328,-59.135229,542.490396
-13.098117,-49.109181,547.061849
-25.717438,-37.992268,552.987491
-37.267911,-24.383462,559.195803
-46.715943,-6.427420,564.422578
-52.360597,17.205026,567.554594
-52.421095,43.966418,567.930855
-46.875291,67.702160,565.517392
-37.489300,85.760494,560.910654
-25.976292,99.432742,555.169349
-13.380586,110.579769,549.519149
-0.317956,120.610501,545.013168
12.768385,130.626695,542.251656
25.434979,141.728783,541.252119
37.065586,155.325753,541.512287
46.613038,173.301570,542.239829
52.342030,-162.957372,542.664904
52.418330,-136.003458,542.328119
46.809998,-112.122165,541.251016
37.329293,-94.006817,539.936497
25.728179,-80.320519,539.198286
13.069758,-69.170431,539.870552
-0.204008,-53.998324,542.541230
-13.277648,-43.965007,547.136913
-25.886943,-32.824116,553.074642
-37.416643,-19.168504,559.278028
-46.825081,-1.138585,564.482589
-52.402619,22.568103,567.579534
-52.379576,49.329765,567.915743
-46.766523,72.991448,565.466397
-37.340831,90.975767,560.835881
-25.806993,104.601045,555.087461
-13.201227,115.723964,549.446719
-0.135408,125.747309,544.962141
12.948319,135.770690,542.226346
25.605390,146.896716,541.248743
37.215615,160.540665,541.521148
46.723565,178.591163,542.249338
52.384853,-157.591983,542.665989
52.376407,-130.637473,542.317576
46.700017,-106.831559,541.232744
37.179493,-88.791160,539.920239
25.557807,-75.152143,539.196241
12.889755,-64.026198,539.892903
-0.386683,-48.861418,542.592450
-13.457092,-38.820625,547.212244
-26.056247,-27.655488,553.161847
-37.564978,-13.952700,559.360057
-46.933486,4.151413,564.542186
-52.443526,27.931858,567.603930
-52.336945,54.692424,567.900082
-46.657026,78.279575,565.414972
-37.191967,96.190198,560.760891
-25.637494,109.768875,555.005596
-13.021781,120.867953,549.374519
0.047144,130.884118,544.911461
13.128174,140.914893,542.201385
25.775607,152.065126,541.245612
37.365251,165.756428,541.530097
46.833358,-176.118064,542.258781
52.426547,-152.225896,542.666918
52.333354,-125.272187,542.306883
46.589300,-101.542133,541.214423
37.029300,-83.576353,539.904094
25.387240,-69.984242,539.194475
12.709672,-58.882172,539.915640
