10.731629,-52.468998,540.190095
-2.387728,-42.512757,543.178535
-15.417222,-32.376315,548.054293
-27.897553,-20.927638,554.119837
-39.163263,-6.683424,560.245004
-48.071685,12.253035,565.167290
-52.817749,36.805058,567.835381
-51.798091,63.464509,567.692856
-45.411048,86.208779,564.824179
-35.535973,103.333910,559.925918
-23.767697,116.425720,554.111180
-11.050269,127.280686,548.599312
2.047316,137.231641,544.379261
15.093285,147.357170,541.950577
27.627323,158.790615,541.226995
38.978033,173.025651,541.633338
47.986546,-168.006711,542.357549
52.808425,-143.325962,542.666773
51.788854,-116.472233,542.180115
45.329631,-93.599855,541.010973
35.358881,-76.428994,539.735211
23.506083,-63.326719,539.193855
10.550694,-47.327203,540.217497
-2.570272,-37.375625,543.234294
-15.595523,-27.229189,548.132623
-28.064285,-15.752970,554.207430
-39.306563,-1.457078,560.324436
-48.170886,17.556975,565.221745
-52.845068,42.175620,567.853218
-51.742475,68.817793,567.670718
-45.293261,91.483172,564.767824
-35.382659,108.538709,559.848574
-23.595955,121.588218,554.029851
-10.869890,132.422438,548.530047
2.229825,142.368662,544.332789
15.272085,152.504105,541.929708
27.795043,163.965072,541.226650
39.122677,178.252032,541.643153
48.087093,-162.701765,542.366074
52.836350,-137.952859,542.665797
51.732633,-111.116495,542.167693
45.210567,-88.324371,540.992219
35.204263,-71.223901,539.720608
23.333335,-58.164167,539.195578
10.369696,-42.185574,540.245293
-2.752799,-32.238457,543.290427
-15.773721,-22.081813,548.211186
-28.230788,-10.577767,554.295034
-39.449417,3.770186,560.403630
-48.269279,22.862079,565.275755
-52.871231,47.546635,567.870502
-51.685803,74.170204,567.648045
-45.174816,96.756432,564.711074
-35.228994,113.742738,559.771055
-23.424036,126.750297,553.948587
-10.689441,137.564022,548.461042
2.412323,147.505718,544.286673
15.450787,157.651289,541.909175
27.962541,169.140064,541.226526
39.266879,-176.520662,541.653026
48.186828,-157.395635,542.374512
52.863104,-132.579288,542.664659
51.675339,-105.761646,542.155132
45.090841,-83.050035,540.973441
35.049298,-66.019585,539.706149
23.160417,-53.002035,539.197606
10.188636,-37.044109,540.273484
-2.935306,-27.101249,543.346931
-15.951813,-16.934182,548.289981
-28.397060,-5.402025,554.382644
-39.591821,8.998373,560.482582
-48.366860,28.168347,565.329317
-52.896236,52.918085,567.887231
-51.628077,79.521732,567.624838
-45.055718,102.028564,564.653930
-35.074981,118.946004,559.693364
-23.251944,131.911962,553.867392
-10.508923,142.705443,548.392298
2.594809,152.642813,544.240914
15.629392,162.798726,541.888977
28.129813,174.315596,541.226619
39.410634,-171.292425,541.662955
48.285745,-152.088321,542.382860
52.888684,-127.205267,542.663357
51.616978,-100.407698,542.142433
44.970458,-77.776845,540.954642
34.893987,-60.816038,539.691838
22.987330,-47.840318,539.199941
10.007516,-31.902804,540.302070
-3.117792,-21.963999,543.403806
-16.129797,-11.786295,548.369005
-28.563099,-0.225739,554.470258
-39.733772,14.227490,560.561288
-48.463621,33.475777,565.382429
-52.920082,58.289951,567.903405
-51.569304,84.872362,567.601099
-44.935973,107.299570,564.596396
-34.920624,124.148511,559.615504
-23.079680,137.073217,553.786268
-10.328337,147.846702,548.323817
2.777283,157.779949,544.195512
15.807896,167.946420,541.869114
28.296857,179.491674,541.226927
39.553938,-166.063251,541.672936
48.383839,-146.779824,542.391118
52.913088,-121.830816,542.661893
51.557556,-95.054663,542.129599
44.849424,-72.504796,540.935825
34.738335,-55.613255,539.677675
22.814078,-42.679013,539.202583
9.826336,-26.761657,540.331052
-3.300258,-16.826704,543.461050
-16.307674,-6.638146,548.448255
-28.728902,4.951097,554.557871
-39.875264,19.457541,560.639746
-48.559558,38.784368,565.435089
-52.942765,63.662214,567.919025
-51.509488,90.222084,567.576828
-44.815586,112.569454,564.538473
-34.765927,129.350266,559.537479
-22.907246,142.234065,553.705220
-10.147685,152.987803,548.255603
2.959743,162.917128,544.150467
15.986300,173.094373,541.849583
28.463672,-175.331698,541.227450
39.696786,-160.833135,541.682969
48.481103,-141.470145,542.399283
52.936314,-116.455954,542.660266
51.497076,-89.702554,542.116629
44.727745,-67.233886,540.916991
34.582344,-50.411232,539.663665
22.640661,-37.518116,539.205535
9.645097,-21.620665,540.360430
-3.482700,-11.689362,543.518662
-16.485441,-1.489734,548.527729
-28.894467,10.128486,554.645481
-40.016294,24.688532,560.717951
-48.654665,44.094118,565.487295
-52.964283,69.034854,567.934088
-51.448634,95.570887,567.552028
-44.694561,117.838219,564.480166
-34.610891,134.551273,559.459293
-22.734644,147.394510,553.624249
-9.966967,158.128749,548.187656
3.142188,168.054354,544.105780
16.164601,178.242590,541.830384
28.630255,-170.154516,541.228183
39.839176,-155.602071,541.693050
48.577532,-136.159286,542.407354
52.958358,-111.080700,542.658475
51.435544,-84.351382,542.103524
44.605425,-61.964110,540.898143
34.426018,-45.209961,539.649809
22.467081,-32.357622,539.208799
9.463802,-16.479824,540.390205
-3.665120,-6.551969,543.576641
-16.663096,3.658946,548.607423
-29.059791,15.306433,554.733084
-40.156858,29.920469,560.795901
-48.748936,49.405025,565.539044
-52.984635,74.407854,567.948595
-51.386747,100.918758,567.526698
-44.572905,123.105869,564.421476
-34.455520,139.751539,559.380948
-22.561875,152.554557,553.543360
-9.786186,163.269542,548.119979
3.324616,173.191630,544.061451
16.342798,-176.608927,541.811515
28.796604,-164.976774,541.229127
39.981103,-150.370053,541.703177
48.673120,-130.847248,542.415330
52.979220,-105.705074,542.656520
51.372964,-79.001159,542.090287
44.482470,-56.695464,540.879282
34.269359,-40.009438,539.636110
22.293340,-27.197528,539.212376
9.282450,-11.339132,540.420377
-3.847514,-1.414522,543.634986
-16.840639,8.807897,548.687336
-29.224873,20.484945,554.820677
-40.296951,35.153357,560.873592
-48.842365,54.717088,565.590334
-53.003819,79.781192,567.962544
-51.323832,106.265687,567.500841
-44.450623,128.372408,564.362406
-34.299817,144.951068,559.302449
-22.388941,157.714210,553.462555
-9.605341,168.410186,548.052574
3.507028,178.328958,544.017481
16.520890,-171.460175,541.792977
28.962716,-159.798467,541.230277
40.122561,-145.137076,541.713348
48.767861,-125.534034,542.423208
52.998897,-100.329097,542.654401
51.309343,-73.651895,542.076918
44.358885,-51.427946,540.860410
34.112372,-34.809656,539.622570
22.119439,-22.037828,539.216268
9.101044,-6.198585,540.450946
-4.029883,3.722981,543.693695
-17.018068,13.957121,548.767463
-29.389710,25.664024,554.908255
-40.436570,40.387202,560.951022
-48.934945,60.030303,565.641163
-53.021832,85.154850,567.975937
-51.259894,111.611663,567.474457
-44.327719,133.637839,564.302959
-34.143786,150.149866,559.223797
-22.215844,162.873472,553.381837
-9.424435,173.550684,547.985443
3.689421,-176.533659,543.973870
16.698874,-166.311148,541.774766
29.128590,-154.619591,541.231632
40.263549,-139.903134,541.723562
48.861748,-120.219647,542.430988
53.017386,-94.952788,542.652118
51.244686,-68.303602,542.063418
44.234676,-46.161551,540.841531
33.955059,-29.610611,539.609192
21.945382,-16.878521,539.220478
8.919584,-1.058181,540.481913
-4.212225,8.860542,543.752767
-17.195382,19.106624,548.847804
-29.554300,30.843676,554.995816
-40.575710,45.622008,561.028186
-49.026673,65.344668,565.691529
-53.038673,90.528807,567.988771
-51.194938,116.956677,567.447548
-44.204199,138.902166,564.243137
-33.987429,155.347939,559.144998
-22.042586,168.032348,553.301210
-9.243468,178.691038,547.918587
3.871794,-171.396219,543.930618
16.876751,-161.161845,541.756883
29.294221,-149.440141,541.233191
40.404060,-134.668221,541.733814
48.954776,-114.904087,542.438667
53.034687,-89.576167,542.649670
51.178996,-62.956291,542.049788
44.109847,-40.896276,540.822646
33.797423,-24.412297,539.595978
21.771168,-11.719600,539.225006
8.738072,4.082083,540.513279
-4.394539,13.998165,543.812200
-17.372578,24.256407,548.928354
-29.718640,36.023906,555.083357
-40.714368,50.857783,561.105082
-49.117541,70.660181,565.741430
-53.054341,95.903045,568.001047
-51.128969,122.300716,567.420116
-44.080067,144.165393,564.182944
-33.830749,160.545292,559.066053
-21.869168,173.190841,553.220677
-9.062442,-176.168748,547.852009
4.054148,-166.258718,543.887726
17.054518,-156.012262,541.739326
29.459609,-144.260112,541.234950
40.544090,-129.432332,541.744104
49.046939,-109.587358,542.446245
53.050798,-84.199254,542.647057
51.112281,-57.609971,542.036030
43.984405,-35.632115,540.803757
33.639467,-19.214708,539.582930
21.596801,-6.561063,539.229854
8.556509,9.222210,540.545043
-4.576824,19.135853,543.871994
-17.549657,29.406475,549.009111
-29.882727,41.204719,555.170873
-40.852538,56.094530,561.181706
-49.207543,75.976838,565.790864
-53.068833,101.277542,568.012765
-51.061992,127.643773,567.392161
-43.955330,149.427523,564.122382
-33.673749,165.741930,558.986968
-21.695592,178.348956,553.140240
-8.881358,-171.028671,547.785711
4.236479,-161.121154,543.845195
17.232174,-150.862395,541.722094
29.624751,-139.079498,541.236908
40.683636,-124.195462,541.754429
49.138230,-104.269463,542.453719
53.065717,-78.822071,542.644279
51.044545,-52.264653,542.022144
43.858354,-30.369065,540.784866
33.481195,-14.017839,539.570051
21.422281,-1.402905,539.235025
8.374896,14.362203,540.577205
-4.759079,24.273608,543.932147
-17.726615,34.556831,549.090073
-30.046561,46.386119,555.258361
-40.990216,61.332255,561.258056
-49.296675,81.294636,565.839829
-53.082149,106.652280,568.023923
-50.994013,132.985836,567.363686
-43.829992,154.688562,564.061455
-33.516432,170.937859,558.907744
-21.521860,-176.493305,553.059902
-8.700217,-165.888730,547.719694
4.418788,-155.983524,543.803024
17.409717,-145.712241,541.705185
29.789644,-133.898296,541.239063
40.822693,-118.957605,541.764787
49.228645,-98.950405,542.461089
53.079442,-73.444637,542.641336
50.975793,-46.920347,542.008132
43.731699,-25.107122,540.765976
33.322609,-8.821684,539.557343
21.247611,3.754877,539.240520
8.193234,19.502065,540.609767
-4.941302,29.411433,543.992658
-17.903453,39.707479,549.171235
-30.210137,51.568112,555.345818
-41.127399,66.570964,561.334127
-49.384929,86.613571,565.888322
-53.094287,112.027237,568.034521
-50.925037,138.326898,567.334691
-43.704058,159.948513,564.000163
-33.358802,176.133085,558.828385
-21.347973,-171.335936,552.979668
-8.519020,-160.748920,547.653961
4.601073,-150.845824,543.761213
17.587146,-140.561796,541.688599
29.954287,-128.716499,541.241411
40.961257,-113.718754,541.775176
49.318176,-93.630188,542.468353
53.091972,-68.066974,542.638227
50.906032,-41.577062,541.993996
43.604446,-19.846281,540.747088
33.163712,-3.626239,539.544809
21.072792,8.912287,539.246340
8.011524,24.641800,540.642728
-5.123493,34.549331,544.053524
-18.080168,44.858422,549.252597
-30.373454,56.750703,555.433240
-41.264081,71.810661,561.409918
-49.472301,91.933641,565.936341
-53.105247,117.402394,568.044560
-50.855070,143.666948,567.305178
-43.577533,165.207381,563.938512
-33.200860,-178.672389,558.748896
-21.173933,-166.178934,552.899539
-8.337769,-155.609239,547.588513
4.783333,-145.708054,543.719763
17.764459,-135.411057,541.672334
30.118675,-123.534104,541.243952
41.099323,-108.478906,541.785592
49.406818,-88.308814,542.475509
53.103307,-62.689101,542.634953
50.835265,-36.234806,541.979736
43.476599,-14.586539,540.728206
33.004507,1.568504,539.532451
20.897826,14.069330,539.252488
7.829768,29.781409,540.676088
-5.305651,39.687304,544.114745
-18.256758,50.009663,549.334154
-30.536509,61.933896,555.520623
-41.400259,77.051353,561.485423
-49.558785,97.254841,565.983885
-53.115026,122.777731,568.054039
-50.784116,149.005978,567.275148
-43.450421,170.465169,563.876502
-33.042610,-173.478555,558.669278
-20.999742,-161.022295,552.819519
-8.156463,-150.469683,547.523351
4.965567,-140.570208,543.678675
17.941656,-130.260020,541.656388
30.282808,-118.351104,541.246683
41.236886,-103.238054,541.796035
49.494565,-82.986288,542.482556
53.113444,-57.311039,542.631513
50.763500,-30.893590,541.965353
43.348164,-9.327890,540.709331
32.844997,6.762549,539.520271
20.722714,19.226009,539.258964
7.647967,34.920896,540.709849
-5.487773,44.825356,544.176320
-18.433223,55.161206,549.415904
-30.699300,67.117697,555.607965
-41.535928,82.293045,561.560642
-49.644375,102.577166,566.030952
-53.123624,128.153226,568.062957
-50.712181,154.343980,567.244604
-43.322729,175.721883,563.814138
-32.884055,-168.285409,558.589536
-20.825401,-155.866015,552.739611
-7.975106,-145.330251,547.458479
5.147773,-135.432286,543.637947
18.118734,-125.108682,541.640761
30.446682,-113.167495,541.249602
41.373942,-97.996194,541.806502
49.581411,-77.662613,542.489493
53.122383,-51.932810,542.627908
50.690742,-25.553422,541.950850
43.219146,-4.070329,540.690465
32.685185,11.955901,539.508272
20.547458,24.382328,539.265771
7.466122,40.060263,540.744009
-5.669860,49.963489,544.238246
-18.609561,60.313055,549.497843
-30.861824,72.302110,555.695261
-41.671083,87.535740,561.635569
-49.729064,107.900613,566.077539
-53.131041,133.528860,568.071315
-50.639270,159.680945,567.213546
-43.194461,-179.022474,563.751422
-32.725197,-163.092945,558.509673
-20.650912,-150.710091,552.659818
-7.793697,-140.190939,547.393897
5.329952,-130.294283,543.597582
18.295692,-119.957039,541.625452
30.610294,-107.983272,541.252706
41.510487,-92.753318,541.816991
49.667351,-72.337795,542.496318
53.130123,-46.554434,542.624137
50.616995,-20.214309,541.936226
43.089549,1.186147,540.671611
32.525074,17.148566,539.496456
20.372061,29.538291,539.272911
7.284233,45.199515,540.778569
-5.851910,55.101706,544.300522
-18.785771,65.465213,549.579970
-31.024079,77.487141,555.782509
-41.805721,92.779446,561.710203
-49.812848,113.225177,566.123645
-53.137275,138.904612,568.079112
-50.565390,165.016866,567.181976
-43.065621,-173.767897,563.688357
-32.566040,-157.901159,558.429693
-20.476277,-145.554519,552.580142
-7.612239,-135.051744,547.329608
5.512101,-125.156198,543.557577
18.472528,-114.805088,541.610458
30.773643,-102.798429,541.255994
41.646516,-87.509424,541.827499
49.752377,-67.011838,542.503030
53.136663,-41.175932,542.620200
50.542266,-14.876261,541.921484
42.959379,6.441543,540.652771
32.364667,22.340549,539.484826
20.196523,34.693902,539.280384
7.102303,50.338652,540.813530
-6.033922,60.240010,544.363146
-18.961850,70.617684,549.662281
-31.186061,82.672795,555.869704
-41.939836,98.024167,561.784539
-49.895720,118.550852,566.169268
-53.142326,144.280462,568.086347
-50.490544,170.351734,567.149895
-42.936215,-168.514381,563.624945
-32.406586,-152.710045,558.349598
-20.301497,-140.399295,552.500587
-7.430731,-129.912663,547.265613
5.694219,-120.018027,543.517935
18.649242,-109.652824,541.595779
30.936726,-97.612962,541.259463
41.782025,-82.264504,541.838025
49.836484,-61.684746,542.509627
53.142003,-35.797325,542.616097
50.466561,-9.539285,541.906625
42.828641,11.695864,540.633948
32.203966,27.531856,539.473383
20.020846,39.849164,539.288192
6.920333,55.477679,540.848891
-6.215895,65.378403,544.426118
-19.137797,75.770471,549.744774
-31.347769,87.859076,555.956844
-42.073423,103.269907,561.858576
-49.977675,123.877634,566.214405
-53.146194,149.656389,568.093021
-50.414740,175.685542,567.117306
-42.806247,-163.261922,563.561191
-32.246837,-147.519597,558.269392
-20.126574,-135.244415,552.421156
-7.249176,-124.773694,547.201914
5.876306,-114.879767,543.478654
18.825830,-104.500245,541.581412
31.099540,-92.426865,541.263111
41.917008,-77.018554,541.848565
49.919667,-56.356524,542.516109
53.146141,-30.418634,542.611828
50.389885,-4.203388,541.891651
42.697340,16.949115,540.615142
32.042975,32.722492,539.462131
19.845031,45.004081,539.296338
6.738322,60.616599,540.884652
-6.397828,70.516890,544.489435
-19.313611,80.923578,549.827444
-31.509200,93.045990,556.043924
-42.206480,108.516672,561.932309
-50.058708,129.205517,566.259055
-53.148877,155.032373,568.099134
-50.337982,-178.981716,567.084209
-42.675722,-158.010515,563.497096
-32.086798,-142.329811,558.189079
-19.951509,-130.089875,552.341852
-7.067574,-119.634834,547.138512
6.058360,-109.741416,543.439736
19.002293,-99.347346,541.567358
31.262082,-87.240134,541.266936
42.051462,-71.771568,541.859119
50.001920,-51.027179,542.522473
53.149079,-25.039881,542.607393
50.312243,1.131423,541.876562
42.565479,22.201301,540.596357
31.881696,37.912462,539.451071
19.669081,50.158658,539.304822
6.556274,65.755413,540.920814
-6.579719,75.655471,544.553096
-19.489291,86.077009,549.910290
-31.670351,98.233542,556.130942
-42.339000,113.764468,562.005736
-50.138811,134.534495,566.303216
-53.150377,160.408392,568.104685
-50.260277,-173.650048,567.050606
-42.544645,-152.760155,563.432663
-31.926469,-137.140681,558.108662
-19.776305,-124.935672,552.262677
-6.885927,-114.496079,547.075410
6.240380,-104.602971,543.401179
19.178628,-94.194125,541.553614
31.424350,-82.052762,541.270935
42.185381,-66.523542,541.869684
50.083236,-45.696716,542.528718
53.150814,-19.661086,542.602792
50.233642,6.465140,541.861359
42.433066,27.452427,540.577595
31.720131,43.101772,539.440207
19.492997,55.312897,539.313647
6.374188,70.894125,540.957377
-6.761567,80.794151,544.617099
-19.664834,91.230767,549.993309
-31.831220,103.421737,556.217893
-42.470979,119.013298,562.078853
-50.217981,139.864563,566.346887
-53.150692,165.784427,568.109675
-50.181629,-168.319460,567.016500
-42.413021,-147.510837,563.367896
-31.765854,-131.952201,558.028144
-19.600961,-119.781803,552.183635
-6.704235,-109.357427,547.012609
6.422364,-99.464429,543.362985
19.354833,-89.040576,541.540179
31.586342,-76.864745,541.275106
42.318761,-61.274471,541.880257
50.163610,-40.365139,542.534844
53.151348,-14.282271,542.598026
50.154087,11.797756,541.846046
42.300103,32.702497,540.558859
31.558285,48.290427,539.429539
19.316781,60.466802,539.322813
6.192066,76.032738,540.994340
-6.943372,85.932932,544.681442
-19.840240,96.384857,550.076497
-31.991804,108.610581,556.304774
-42.602413,124.263168,562.151657
-50.296211,145.195714,566.390064
-53.149823,171.160456,568.114103
-50.102044,-162.989959,566.981891
-42.280854,-142.262557,563.302797
-31.604956,-126.764368,557.947529
-19.425481,-114.628262,552.104728
-6.522500,-104.218875,546.950110
6.604313,-94.325786,543.325152
19.530908,-83.886698,541.527051
31.748054,-71.676078,541.279448
42.451596,-56.024348,541.890836
50.243036,-35.032457,542.540849
53.150680,-8.903457,542.593094
50.073585,17.129266,541.830622
42.166596,37.951517,540.540150
31.396158,53.478432,539.419072
19.140434,65.620378,539.332322
6.009910,81.171255,541.031704
-7.125133,91.071816,544.746124
-20.015506,101.539281,550.159851
-32.152100,113.800078,556.391581
-42.733296,129.514083,562.224146
-50.373495,150.527942,566.432748
-53.147769,176.536459,568.117969
-50.021529,-157.661550,566.946782
-42.148149,-137.015309,563.237370
-31.443778,-121.577176,557.866820
-19.249866,-109.475048,552.025960
-6.340723,-99.080421,546.887916
6.786224,-89.187042,543.287682
19.706851,-78.732485,541.514230
31.909483,-66.486755,541.283957
42.583883,-50.773169,541.901420
50.321508,-29.698675,542.546731
53.148810,-3.524664,542.587996
49.992140,22.459664,541.815089
42.032550,43.199492,540.521470
31.233755,58.665792,539.408806
18.963957,70.773628,539.342176
5.827719,86.309678,541.069469
-7.306847,96.210808,544.811144
-20.190631,106.694043,550.243369
-32.312106,118.990234,556.478312
-42.863625,134.766048,562.296317
-50.449828,155.861240,566.474935
-53.144532,-178.087584,568.121273
-49.940088,-152.334240,566.911173
-42.014911,-131.769089,563.171617
-31.282321,-116.390619,557.786021
-19.074117,-104.322155,551.947332
-6.158905,-93.942061,546.826027
6.968097,-84.048191,543.250573
19.882659,-73.577935,541.501713
32.070628,-61.296771,541.288632
42.715616,-45.520930,541.912006
50.399020,-24.363799,542.552490
53.145738,1.854086,542.582733
49.909759,27.788942,541.799449
41.897969,48.446426,540.502823
31.071078,63.852512,539.398745
18.787353,75.926555,539.352376
5.645496,91.448010,541.107634
-7.488514,101.349909,544.876499
-20.365613,111.849147,550.327047
-32.471818,124.181053,556.564963
-42.993394,140.019066,562.368165
-50.525205,161.195602,566.516624
-53.140110,-172.711694,568.124015
-49.857727,-147.008035,566.875068
-41.881143,-126.523892,563.105541
-31.120589,-111.204692,557.705135
-18.898235,-99.169581,551.868850
-5.977048,-88.803792,546.764446
7.149930,-78.909232,543.213827
20.058332,-68.423043,541.489499
32.231485,-56.106121,541.293471
42.846791,-40.267625,541.922592
50.475567,-19.027837,542.558123
53.141465,7.232772,542.577304
49.826448,33.117097,541.783702
41.762859,53.692326,540.484211
30.908128,69.038599,539.388890
18.610622,81.079164,539.362924
5.463242,96.586255,541.146199
-7.670133,106.489122,544.942187
-20.540451,117.004597,550.410883
-32.631235,129.372542,556.651530
-43.122598,145.273144,562.439689
-50.599619,166.531019,566.557813
-53.134506,-167.335893,568.126195
-49.774452,-141.682938,566.838467
-41.746851,-121.279712,563.039146
-30.958584,-106.019391,557.624165
-18.722223,-94.017322,551.790514
-5.795152,-83.665612,546.703174
7.331722,-73.770162,543.177442
20.233868,-63.267805,541.477587
32.392051,-50.914799,541.298470
42.977403,-35.013249,541.933176
50.551144,-13.690797,542.563631
53.135991,12.611373,542.571710
49.742212,38.444122,541.767852
41.627223,58.937196,540.465635
30.744910,74.224056,539.379244
18.433767,86.231457,539.373820
5.280957,101.724415,541.185165
-7.851702,111.628451,545.008208
-20.715144,122.160397,550.494872
-32.790353,134.564705,556.738009
-43.251233,150.528285,562.510885
-50.673066,171.867484,566.598501
-53.127718,-161.960199,568.127814
-49.690270,-136.358956,566.801372
-41.612040,-116.036544,562.972433
-30.796308,-100.834710,557.543115
-18.546081,-88.865374,551.712327
-5.613218,-78.527518,546.642212
7.513473,-68.630978,543.141420
20.409264,-58.112219,541.465975
32.552324,-45.722801,541.303628
43.107446,-29.757798,541.943756
50.625743,-8.352684,542.569011
53.129316,17.989868,542.565951
49.657057,43.770012,541.751899
41.491066,64.181041,540.447098
30.581425,79.408889,539.369810
18.256789,91.383439,539.385068
5.098642,106.862492,541.224531
-8.033221,116.767898,545.074559
-20.889689,127.316550,550.579014
-32.949169,139.757548,556.824397
-43.379294,155.784494,562.581750
-50.745540,177.204989,566.638686
-53.119749,-156.584634,568.128870
-49.605185,-131.036093,566.763785
-41.476713,-110.794384,562.905408
-30.633765,-95.650644,557.461988
-18.369812,-83.713734,551.634294
-5.431247,-73.389508,546.581562
7.695180,-63.491676,543.105758
20.584521,-52.956280,541.454661
32.712301,-40.530119,541.308943
43.236916,-24.501267,541.954330
50.699360,-3.013508,542.574263
53.121442,23.368235,542.560027
49.570990,49.094763,541.735844
41.354394,69.423867,540.428602
30.417677,84.593104,539.360589
18.079689,96.535113,539.396667
4.916300,112.000490,541.264297
-8.214688,121.907467,545.141238
-21.064085,132.473061,550.663303
-33.107682,144.951076,556.910691
-43.506776,161.041775,562.652281
-50.817035,-177.456473,566.678366
-53.110598,-151.209219,568.129365
-49.519203,-125.714354,566.725709
-41.340876,-105.553225,562.838071
-30.470957,-90.467189,557.380788
-18.193417,-78.562398,551.556416
-5.249242,-68.251577,546.521226
7.876843,-58.352255,543.070459
20.759635,-47.799984,541.443645
32.871979,-35.336751,541.314412
43.365807,-19.243651,541.964895
50.771989,2.326723,542.579385
53.112368,28.746455,542.553938
49.484016,54.418369,541.719689
41.217210,74.665680,540.410150
30.253667,89.776705,539.351584
17.902469,101.686483,539.408619
4.733931,117.138412,541.304463
-8.396102,127.047159,545.208243
-21.238331,137.629932,550.747738
-33.265887,150.145294,556.996887
-43.633674,166.300134,562.722476
-50.887545,-172.116911,566.717540
-53.100267,-145.833973,568.129299
-49.432330,-120.393743,566.687144
-41.204532,-100.313064,562.770427
-30.307885,-85.284338,557.299517
-18.016897,-73.411363,551.478696
-5.067202,-63.113724,546.461205
8.058460,-53.212710,543.035521
20.934605,-42.643328,541.432923
33.031355,-30.142689,541.320033
43.494116,-13.984946,541.975449
50.843625,7.668002,542.584377
53.102097,34.124505,542.547685
49.396141,59.740828,541.703436
41.079519,79.906484,540.391744
30.089399,94.959697,539.342798
17.725131,106.837552,539.420926
4.551536,122.276259,541.345029
-8.577462,132.186978,545.275573
-21.412424,142.787168,550.832314
-33.423782,155.340207,557.082982
-43.759983,171.559573,562.792331
-50.957067,-166.776333,566.756206
-53.088757,-140.458917,568.128671
-49.344572,-115.074265,566.648092
-41.067686,-95.073894,562.702479
-30.144554,-80.102088,557.218180
-17.840253,-68.260624,551.401138
-4.885129,-57.975946,546.401500
8.240031,-48.073040,543.000944
21.109430,-37.486307,541.422496
33.190426,-24.947929,541.325804
43.621836,-8.725147,541.985991
50.914261,13.010320,542.589236
53.090628,39.502366,542.541267
49.307371,65.062134,541.687087
40.941326,85.146285,540.373387
29.924874,100.142085,539.334232
17.547676,111.988324,539.433590
4.369116,127.414036,541.385995
-8.758767,137.326927,545.343226
-21.586363,147.944773,550.917030
-33.581364,160.535822,557.168971
-43.885697,176.820099,562.861843
-51.025594,-161.434749,566.794362
-53.076068,-135.084071,568.127482
-49.255935,-109.755922,566.608556
-40.930342,-89.835711,562.634228
-29.980964,-74.920433,557.136780
-17.663488,-63.110179,551.323743
-4.703024,-52.838239,546.342113
8.421555,-42.933241,542.966727
21.284108,-32.328918,541.412361
33.349190,-19.752464,541.331722
43.748963,-3.464249,541.996518
50.983893,18.353667,542.593963
53.077963,44.880016,542.534686
49.217712,70.382283,541.670642
40.802634,90.385088,540.355080
29.760096,105.323876,539.325888
17.370105,117.138802,539.446610
4.186672,132.551745,541.427360
-8.940016,142.467009,545.411200
-21.760146,153.102751,551.001881
-33.738631,165.732143,557.254852
-44.010814,-177.918286,562.931009
-51.093121,-156.092168,566.832007
-53.062202,-129.709455,568.125732
-49.166424,-104.438719,566.568538
-40.792506,-84.598508,562.565680
-29.817120,-69.739369,557.055320
-17.486602,-57.960025,551.246515
-4.520888,-47.700602,546.283046
8.603029,-37.793311,542.932872
21.458638,-27.171157,541.402517
33.507642,-14.556291,541.337786
43.875491,1.797752,542.007028
51.052515,23.698034,542.598555
53.064104,50.257435,542.527941
49.127170,75.701273,541.654103
40.663450,95.622899,540.336826
29.595066,110.505072,539.317770
17.192420,122.288989,539.459990
4.004206,137.689388,541.469124
-9.121207,147.607227,545.479492
-21.933772,158.261105,551.086865
-33.895578,170.929176,557.340622
-44.135326,-172.655577,562.999827
-51.159642,-150.748599,566.869139
-53.047160,-124.335090,568.123422
-49.076045,-99.122659,566.528039
-40.654180,-79.362281,562.496836
-29.653022,-64.558890,556.973804
-17.309598,-52.810156,551.169457
-4.338722,-42.563031,546.224299
8.784453,-32.653246,542.899377
21.633016,-22.013020,541.392962
33.665782,-9.359402,541.343992
44.001416,7.060860,542.017520
51.120121,29.043413,542.603012
53.049051,55.634602,542.521032
49.035750,81.019100,541.637473
40.523776,100.859724,540.318628
29.429788,115.685680,539.309879
17.014622,127.438891,539.473729
3.821719,142.826969,541.511287
-9.302339,152.747583,545.548102
-22.107240,163.419839,551.171979
-34.052204,176.126926,557.426275
-44.259229,-167.391770,563.068294
-51.225153,-145.404052,566.905757
-53.030944,-118.960995,568.120551
-48.984805,-93.807744,566.487061
-40.515370,-74.127025,562.427700
-29.488674,-59.378991,556.892234
-17.132476,-47.660571,551.092570
-4.156528,-37.425524,546.165874
8.965826,-27.513044,542.866243
21.807243,-16.854503,541.383694
33.823604,-4.161793,541.350339
44.126732,12.325079,542.027990
51.186706,34.389793,542.607333
53.032806,61.011497,542.513961
48.943460,86.335760,541.620752
40.383617,106.095567,540.300488
29.264263,120.865705,539.302218
16.836713,132.588509,539.487829
3.639211,147.964490,541.553848
-9.483412,157.888081,545.617027
-22.280546,168.578958,551.257219
-34.208506,-178.674601,557.511810
-44.382518,-162.126861,563.136406
-51.289649,-140.058537,566.941858
-53.013556,-113.587191,568.117119
-48.892708,-88.493979,566.445606
-40.376079,-68.892733,562.358275
-29.324077,-54.199668,556.810615
-16.955238,-42.511266,551.015858
-3.974306,-32.288077,546.107772
9.147147,-22.372701,542.833468
21.981315,-11.695602,541.374712
33.981107,1.036541,541.356824
44.251434,17.590413,542.038438
51.252265,39.737164,542.611517
53.015371,66.388099,542.506726
48.850305,91.651252,541.603942
40.242978,111.330435,540.282407
29.098495,126.045151,539.294788
16.658695,137.737847,539.502292
3.456684,153.101953,541.596807
-9.664423,163.028723,545.686265
-22.453690,173.738464,551.342582
-34.364480,-173.475400,557.597223
-44.505187,-156.860846,563.204161
-51.353123,-134.712064,566.977443
-52.994996,-108.213696,568.113128
-48.799761,-83.181366,566.403677
-40.236312,-63.659401,562.288564
-29.159235,-49.020915,556.728949
-16.777886,-37.362236,550.939324
-3.792058,-27.150688,546.049995
9.328413,-17.232215,542.801052
22.155232,-6.536313,541.366013
34.138287,6.235607,541.363445
44.375517,22.856868,542.048860
51.316792,45.085516,542.615562
52.996747,71.764389,542.499330
48.756290,96.965571,541.587045
40.101862,116.564333,540.264390
28.932485,131.224023,539.287593
16.480568,142.886909,539.517119
3.274139,158.239363,541.640165
-9.845372,168.169513,545.755813
-22.626669,178.898363,551.428066
-34.520123,-168.275466,557.682509
-44.627233,-151.593722,563.271556
-51.415572,-129.364644,567.012509
-52.975267,-102.840532,568.108577
-48.705969,-77.869906,566.361275
-40.096073,-58.427022,562.218570
-28.994149,-43.842729,556.647240
-16.600420,-32.213480,550.862970
-3.609784,-22.013355,545.992544
9.509625,-12.091583,542.768996
22.328992,-1.376632,541.357598
34.295142,11.435410,541.370200
44.498975,28.124445,542.059256
51.380283,50.434838,542.619468
52.976936,77.140345,542.491771
48.661422,102.278716,541.570063
39.960275,121.797267,540.246437
28.766236,136.402326,539.280633
16.302335,148.035699,539.532311
3.091577,163.376721,541.683919
-10.026258,173.310453,545.825671
-22.799483,-175.941341,551.513666
-34.675432,-163.074793,557.767666
-44.748649,-146.325484,563.338588
-51.476990,-124.016287,567.047055
-52.954371,-97.467716,568.103466
-48.611339,-72.559603,566.318402
-39.955366,-53.195593,562.148296
-28.828822,-38.665103,556.565492
-16.422843,-27.064993,550.786799
-3.427486,-16.876074,545.935421
9.690781,-6.950801,542.737299
22.502592,3.783445,541.349463
34.451668,16.635956,541.377087
44.621804,33.393151,542.069623
51.442731,55.785119,542.623233
52.955941,82.515948,542.484051
48.565707,107.590685,541.552997
39.818220,127.029242,540.228551
28.599750,141.580066,539.273913
16.123996,153.184219,539.547869
2.908999,168.514031,541.728071
-10.207079,178.451546,545.895836
-22.972129,-170.780646,551.599380
-34.830404,-157.873375,557.852690
-44.869430,-141.056130,563.405254
-51.537372,-118.667005,567.081079
-52.932309,-92.095269,568.097797
-48.515876,-67.250458,566.275061
-39.814196,-47.965106,562.077746
-28.663256,-33.488034,556.483708
-16.245155,-21.916772,550.710814
-3.245165,-11.738842,545.878625
9.871880,-1.809867,542.705961
22.676031,8.943922,541.341607
34.607861,21.837249,541.384102
44.743998,38.662987,542.079958
51.504133,61.136348,542.626857
52.933762,87.891178,542.476169
48.469151,112.901476,541.535849
39.675702,132.260264,540.210736
28.433029,146.757246,539.267433
15.945553,158.332473,539.563795
2.726406,173.651295,541.772619
-10.387834,-176.407204,545.966306
-23.144606,-165.619546,551.685204
-34.985037,-152.671208,557.937578
-44.989571,-135.785655,563.471551
-51.596713,-113.316809,567.114580
-52.909084,-86.723209,568.091569
-48.419586,-61.942474,566.231253
-39.672566,-42.735557,562.006922
-28.497454,-28.311516,556.401891
-16.067358,-16.768813,550.635017
-3.062822,-6.601658,545.822160
10.052920,3.331222,542.674980
22.849308,14.104803,541.334028
34.763720,27.039296,541.391245
44.865551,43.933959,542.090261
51.564482,66.488514,542.630339
52.910403,93.266016,542.468127
48.371759,118.211086,541.518621
39.532725,137.490338,540.192992
28.266077,151.933872,539.261196
15.767008,163.480465,539.580089
2.543800,178.788515,541.817564
-10.568522,-171.265795,546.037079
-23.316911,-160.458038,551.771136
-35.139326,-147.468285,558.022326
-45.109067,-130.514057,563.537477
-51.655009,-107.965711,567.147557
-52.884697,-81.351557,568.084784
-48.322475,-56.635651,566.186980
-39.530480,-37.506939,561.935828
-28.331417,-23.135545,556.320044
-15.889454,-11.621114,550.559410
-2.880458,-1.464518,545.766025
10.233901,8.472470,542.644357
23.022420,19.266092,541.326725
34.919240,32.242103,541.398512
44.986458,49.206069,542.100528
51.623773,71.841604,542.633678
52.885865,98.640441,542.459925
48.273538,123.519515,541.501314
39.389292,142.719470,540.175323
28.098895,157.109949,539.255204
15.588361,168.628197,539.596753
2.361181,-176.074304,541.862904
-10.749142,-166.124223,546.108153
-23.489043,-155.296118,551.857172
-35.293269,-142.264601,558.106930
-45.227912,-125.241331,563.603029
-51.712254,-102.613723,567.180008
-52.859152,-75.980330,568.077440
-48.224549,-51.329991,566.142245
-39.387942,-32.279248,561.864467
-28.165149,-17.960117,556.238171
-15.711444,-6.473671,550.483997
-2.698074,3.672581,545.710223
10.414821,13.613878,542.614091
23.195366,24.427793,541.319696
35.074418,37.445674,541.405901
45.106715,54.479321,542.110759
51.682003,77.195608,542.636872
52.860151,104.014435,542.451563
48.174494,128.826761,541.483930
39.245409,147.947667,540.157730
27.931485,162.285481,539.249460
15.409615,173.775674,539.613788
2.178551,-170.937162,541.908640
-10.929693,-160.982486,546.179525
-23.661001,-150.133782,551.943309
-35.446863,-137.060151,558.191387
-45.346102,-119.967475,563.668204
-51.768444,-97.260857,567.211932
-52.832451,-70.609548,568.069540
-48.125812,-46.025496,566.097049
-39.244958,-27.052478,561.792842
-27.998650,-12.785225,556.156275
-15.533328,-1.326480,550.408781
-2.515671,8.809642,545.654754
10.595678,18.755451,542.584182
23.368143,29.589910,541.312939
35.229252,42.650016,541.413410
45.226315,59.753718,542.120950
51.739165,82.550511,542.639922
52.833264,109.387978,542.443041
48.074632,134.132823,541.466471
39.101078,153.174933,540.140217
27.763851,167.460473,539.243965
15.230771,178.922898,539.631194
1.995910,-165.800054,541.954770
-11.110172,-155.840581,546.251194
-23.832782,-144.971024,552.029543
-35.600104,-131.854929,558.275694
-45.463630,-114.692486,563.732999
-51.823574,-91.907125,567.243328
-52.804596,-65.239229,568.061083
-48.026272,-40.722166,566.051396
-39.101529,-21.826624,561.720956
-27.831924,-7.610866,556.074360
-15.355110,3.820462,550.333762
-2.333251,13.946666,545.599619
10.776473,23.897191,542.554630
23.540751,34.752448,541.306452
35.383738,47.855134,541.421036
45.345252,65.029264,542.131101
51.795256,87.906303,542.642826
52.805205,114.761051,542.434361
47.973959,139.437700,541.448939
38.956305,158.401274,540.122785
27.595993,172.634931,539.238721
15.051829,-175.930127,539.648974
1.813260,-160.662978,542.001294
-11.290580,-150.698504,546.323157
-24.004384,-139.807842,552.115871
-35.752989,-126.648929,558.359848
-45.580492,-109.416361,563.797412
-51.877639,-86.552540,567.274194
-52.775589,-59.869392,568.052069
-47.925934,-35.420002,566.005286
-38.957661,-16.601679,561.648813
-27.664972,-2.437036,555.992429
-15.176789,8.967157,550.258945
-2.150814,19.083658,545.544819
10.957203,29.039102,542.525433
23.713187,39.915410,541.300233
35.537873,53.061033,541.428778
45.463523,70.305962,542.141208
51.850269,93.262969,542.645583
52.775978,120.133635,542.425523
47.872480,144.741392,541.431335
38.811093,163.626696,540.105438
27.427914,177.808857,539.233732
14.872792,-170.783398,539.667128
1.630602,-155.525932,542.048212
-11.470915,-145.556253,546.395413
-24.175806,-134.644232,552.202291
-35.905516,-121.442146,558.443844
-45.696682,-104.139096,563.861440
-51.930635,-81.197116,567.304529
-52.745434,-54.500055,568.042500
-47.824804,-30.119004,565.958723
-38.813357,-11.377638,561.576415
-27.497798,2.736272,555.910485
-14.998368,14.113610,550.184332
-1.968361,24.220619,545.490357
11.137867,34.181186,542.496591
23.885449,45.078801,541.294281
35.691652,58.267720,541.436633
45.581120,75.583815,542.151271
51.904201,98.620497,542.648192
52.745585,125.505711,542.416527
47.770202,150.043897,541.413661
38.665446,168.851206,540.088177
27.259617,-177.017742,539.228998
14.693661,-165.636911,539.685657
1.447937,-150.388912,542.095523
-11.651175,-140.413824,546.467958
-24.347046,-129.480188,552.288798
-36.057679,-116.234574,558.527679
-45.812195,-98.860690,563.925079
-51.982558,-75.840865,567.334333
-52.714133,-49.131236,568.032377
-47.722887,-24.819174,565.911708
-38.668622,-6.154495,561.503766
-27.330402,7.909060,555.828532
-14.819847,19.259824,550.109925
-1.785894,29.357552,545.436232
11.318464,39.323446,542.468103
24.057536,50.242625,541.288594
35.845074,63.475201,541.444598
45.698039,80.862826,542.161287
51.957047,103.978873,542.650653
52.714029,130.877261,542.407374
47.667130,155.345216,541.395920
38.519368,174.074807,540.071005
27.091104,-171.844862,539.224523
14.514437,-160.490663,539.704563
1.265266,-145.251916,542.143226
-11.831359,-135.271215,546.540791
-24.518101,-124.315707,552.375390
-36.209477,-111.026208,558.611350
-45.927025,-93.581139,563.988328
-52.033403,-70.483801,567.363603
-52.681689,-43.762953,568.021698
-47.620190,-19.520511,565.864244
-38.523458,-0.932246,561.430870
-27.162788,13.081335,555.746573
-14.641228,24.405801,550.035726
-1.603414,34.494461,545.382445
11.498993,44.465885,542.439970
24.229445,55.406886,541.283170
35.998135,68.683480,541.452672
45.814273,86.142998,542.171255
52.008801,109.338083,542.652964
52.681313,136.248267,542.398065
47.563271,160.645348,541.378112
38.372863,179.297507,540.053924
26.922377,-166.672498,539.220308
14.335121,-155.344651,539.723845
1.082590,-140.114941,542.191321
-12.011467,-130.128422,546.613910
-24.688971,-119.150785,552.462063
-36.360906,-105.817042,558.694853
-46.041166,-88.300441,564.051184
-52.083165,-65.125938,567.392338
-52.648105,-38.395223,568.010466
-47.516717,-14.223015,565.816332
-38.377870,4.289117,561.357728
-26.994956,18.253099,555.664611
-14.462512,29.551546,549.961739
-1.420921,39.631347,545.328999
11.679452,49.608508,542.412190
24.401175,60.571589,541.278007
36.150831,73.892563,541.460852
45.929818,91.424333,542.181172
52.059461,114.698114,542.655126
52.647441,141.618710,542.388600
47.458629,165.944294,541.360240
38.225936,-175.480689,540.036937
26.753437,-161.500646,539.216356
14.155715,-150.198872,539.743506
0.899910,-134.977984,542.239807
-12.191497,-124.985443,546.687312
-24.859653,-113.985417,552.548814
-36.511962,-100.607070,558.778186
-46.154614,-83.018594,564.113644
-52.131841,-59.767290,567.420538
-52.613385,-33.028064,567.998681
-47.412476,-8.926687,565.767976
-38.231862,9.509597,561.284346
-26.826910,23.424359,555.582649
-14.283701,34.697060,549.887966
-1.238418,44.768215,545.275893
11.859841,54.751315,542.384763
24.572723,65.736737,541.273103
36.303159,79.102457,541.469135
46.044668,96.706834,542.191036
52.109021,120.058951,542.657136
52.612415,146.988573,542.378979
47.353212,171.242053,541.342305
38.078588,-170.259775,540.020046
26.584288,-156.329302,539.212668
13.976221,-145.053322,539.763546
0.717228,-129.841043,542.288683
-12.371447,-119.842273,546.760994
-25.030145,-108.819599,552.635639
-36.662642,-95.396287,558.861343
-46.267363,-77.735595,564.175705
-52.179426,-54.407872,567.448201
-52.577531,-27.661494,567.986344
-47.307471,-3.631525,565.719177
-38.085437,14.729202,561.210725
-26.658652,28.595118,555.500691
-14.104796,39.842349,549.814408
-1.055904,49.905065,545.223129
12.040158,59.894312,542.357689
24.744089,70.902336,541.268457
36.455115,84.313167,541.477520
46.158817,101.990503,542.200847
52.157476,125.420579,542.658996
52.576239,152.357837,542.369204
47.247024,176.538626,541.324309
37.930826,-165.039746,540.003253
26.414931,-151.158460,539.209246
13.796639,-139.907998,539.783966
0.534544,-124.704114,542.337949
-12.551317,-114.698911,546.834956
-25.200446,-103.653327,552.722536
-36.812943,-90.184688,558.944323
-46.379407,-72.451443,564.237365
-52.225915,-49.047697,567.475327
-52.540547,-22.295530,567.973454
-47.201708,1.662470,565.669938
-37.938600,19.947936,561.136869
-26.490183,33.765381,555.418741
-13.925799,44.987414,549.741070
-0.873381,55.041902,545.170708
12.220401,65.037500,542.330965
24.915269,76.068388,541.264067
36.606696,89.524699,541.486004
46.272259,107.275343,542.210601
52.204823,130.782985,542.660702
52.538916,157.726486,542.359275
47.140073,-178.165985,541.306255
37.782652,-159.820596,539.986562
26.245369,-145.988116,539.206093
13.616971,-134.762897,539.804767
0.351859,-119.567196,542.387604
-12.731104,-109.555353,546.909194
-25.370553,-98.486597,552.809501
-36.962861,-84.972266,559.027121
-46.490741,-67.166135,564.298622
-52.271306,-43.686781,567.501913
-52.502436,-16.930188,567.960014
-47.095193,6.955299,565.620261
-37.791353,25.165806,561.062782
-26.321505,38.935153,555.336801
-13.746709,50.132260,549.667952
-0.690851,60.178727,545.118630
12.400570,70.180883,542.304593
25.086262,81.234899,541.259930
36.757899,94.737058,541.494585
46.384989,112.561356,542.220297
52.251057,136.146152,542.662256
52.500449,163.094502,542.349193
47.032363,-172.871782,541.288144
37.634070,-154.602318,539.969974
26.075603,-140.818266,539.203211
13.437218,-129.618016,539.825951
0.169175,-114.430285,542.437648
-12.910809,-104.411596,546.983706
-25.540464,-93.319404,552.896530
-37.112393,-79.759016,559.109735
-46.601359,-61.879669,564.359472
-52.315593,-38.325139,567.527960
-52.463201,-11.565484,567.946023
-46.987932,12.246964,565.570148
-37.643700,30.382816,560.988466
-26.152622,44.104438,555.254874
-13.567530,55.276888,549.595058
-0.508313,65.315544,545.066897
12.580664,75.324464,542.278570
25.257066,86.401874,541.256044
36.908719,99.950250,541.503260
46.497001,117.848543,542.229933
52.296175,141.510065,542.663656
52.460843,168.461867,542.338959
46.923901,-167.578762,541.269978
37.485084,-149.384908,539.953492
25.905636,-135.648904,539.200602
13.257381,-124.473351,539.847517
-0.013507,-109.293378,542.488078
-13.090429,-99.267636,547.058489
-25.710177,-88.151743,552.983620
-37.261536,-74.544933,559.192160
-46.711255,-56.592044,564.419913
-52.358774,-32.962787,567.553465
-52.422847,-6.201436,567.931483
-46.879930,17.537465,565.519602
-37.495646,35.598973,560.913926
-25.983534,49.273239,555.172965
-13.388262,60.421303,549.522390
-0.325770,70.452356,545.015509
12.760680,80.468246,542.252897
25.427678,91.569315,541.252409
37.059154,105.164281,541.512027
46.608289,123.136907,542.239507
52.340171,146.874709,542.664902
52.420100,173.828566,542.328573
46.814691,-162.286924,541.251759
37.335698,-144.168359,539.937118
25.735469,-130.480027,539.198268
13.077463,-119.328899,539.869467
-0.196187,-104.156474,542.538896
-13.269964,-94.123471,547.133542
-25.879691,-82.983612,553.070769
-37.410284,-69.330010,559.274393
-46.820424,-51.303259,564.479942
-52.400843,-27.599739,567.578429
-52.381376,-0.838060,567.916395
-46.771193,22.826802,565.468625
-37.347194,40.814282,560.839163
-25.814243,54.441563,555.091076
-13.208906,65.565508,549.449950
-0.143222,75.589165,544.964467
12.940617,85.612233,542.227573
25.598098,96.737228,541.249022
37.209199,110.379157,541.520884
46.718848,128.426450,542.249018
52.383043,152.240068,542.665993
52.378225,179.194581,542.318036
46.704741,-156.996267,541.233489
37.185915,-138.952666,539.920854
25.565106,-125.311631,539.196211
12.897463,-114.184657,539.891801
-0.378863,-99.019568,542.590099
-13.449411,-88.979098,547.208862
-26.049004,-77.815004,553.157972
-37.558636,-64.114243,559.356432
-46.928861,-46.013312,564.539557
-52.441798,-22.236012,567.602849
-52.338793,4.524629,567.900758
-46.661727,28.114979,565.417220
-37.198346,46.028749,560.764182
-25.644753,59.609413,555.009211
-13.029464,70.709505,549.377741
0.039329,80.725973,544.913773
13.120476,90.756427,542.202597
25.768323,101.905618,541.245880
37.358852,115.594884,541.529829
46.828671,133.717173,542.258464
52.424785,157.606126,542.666928
52.335221,-175.440103,542.307348
46.594056,-151.706791,541.215170
37.035739,-133.737822,539.904704
25.394547,-120.143710,539.194433
12.717384,-109.040623,539.914521
-0.561533,-93.882659,542.641687
-13.628771,-83.834513,547.284446
-26.218113,-72.645916,553.245226
-37.706588,-58.897624,559.438271
-47.036560,-40.722201,564.598756
-52.481635,-16.871622,567.626726
-52.295101,9.886614,567.884574
-46.551537,33.401995,565.365388
-37.049108,51.242379,560.688986
-25.475064,64.776793,554.927373
-12.849937,75.853298,549.305764
0.221883,85.862784,544.863426
13.300253,95.900832,542.177967
25.938350,107.074488,541.242983
37.508108,120.811466,541.538859
46.937754,139.009077,542.267842
52.465395,162.972866,542.667706
52.291092,-170.075504,542.296512
46.482641,-146.418492,541.196803
36.885174,-128.523823,539.888669
25.223795,-114.976260,539.192935
12.537227,-103.896792,539.937628
-0.744198,-88.745743,542.693659
-13.808041,-78.689713,547.360293
-26.387016,-67.476344,553.332528
-37.854135,-53.680150,559.519909
-47.143514,-35.429926,564.657536
-52.520349,-11.506585,567.650058
-52.250304,15.247881,567.867845
-46.440629,38.687853,565.313133
-36.899482,56.455179,560.613578
-25.305179,69.943708,554.845564
-12.670326,80.996890,549.234023
0.404438,90.999601,544.813428
13.479948,101.045450,542.153684
26.108179,112.243843,541.240328
37.656964,126.028911,541.547972
47.046090,144.302164,542.277152
52.504869,168.340272,542.668328
52.245842,-164.711635,542.285526
46.370503,-141.131370,541.178391
36.734223,-123.310662,539.872753
25.052851,-109.809276,539.191721
12.356993,-98.753161,539.961121
-0.926856,-83.608818,542.746014
-13.987219,-73.544695,547.436399
-26.555712,-62.306282,553.419874
-38.001275,-48.461814,559.601341
-47.249719,-30.136486,564.715894
-52.557939,-6.140918,567.672843
-52.204406,20.608414,567.850570
-46.329008,43.972554,565.260456
-36.749472,61.667153,560.537961
-25.135099,75.110162,554.763790
-12.490633,86.140285,549.162519
0.586993,96.136425,544.763780
13.659559,106.190286,542.129747
26.277806,117.413688,541.237912
37.805416,131.247223,541.557165
47.153674,149.596434,542.286391
52.543203,173.708327,542.668792
52.199476,-159.348515,542.274393
46.257647,-135.845423,541.159935
36.582890,-118.098334,539.856956
24.881719,-104.642756,539.190792
12.176683,-93.609728,539.985002
-1.109505,-78.471881,542.798752
-14.166306,-68.399456,547.512762
-26.724198,-57.135727,553.507262
-38.148003,-43.242610,559.682565
-47.355169,-24.841880,564.773828
-52.594399,-0.774637,567.695083
-52.157411,25.968197,567.832750
-46.216680,49.256101,565.207361
-36.599081,66.878307,560.462140
-24.964827,80.276160,554.682051
-12.310859,91.283484,549.091256
0.769548,101.273260,544.714482
13.839086,111.335342,542.106154
26.447229,122.584027,541.235735
37.953460,136.466408,541.566437
47.260499,154.891890,542.295557
52.580393,179.077014,542.669098
52.151997,-153.986156,542.263113
46.144079,-130.560648,541.141439
36.431178,-112.886832,539.841283
24.710399,-99.476693,539.190150
11.996298,-88.466489,540.009271
-1.292145,-73.334929,542.851870
-14.345300,-63.253992,547.589380
-26.892473,-51.964673,553.594687
-38.294316,-38.022534,559.763577
-47.459857,-19.546108,564.831335
-52.629728,4.592240,567.716774
-52.109324,31.327218,567.814387
-46.103650,54.538494,565.153850
-36.448313,72.088648,560.386116
-24.794365,85.441706,554.600353
-12.131005,96.426492,549.020234
0.952101,106.410109,544.665535
14.018527,116.480621,542.082904
26.616448,127.754864,541.233794
38.101093,141.686473,541.575785
47.366560,160.188530,542.304649
52.616436,-175.553685,542.669246
52.103409,-148.624576,542.251687
46.029804,-125.277043,541.122903
36.279090,-107.676152,539.825735
24.538894,-94.311084,539.189796
11.815841,-83.323442,540.033930
-1.474775,-68.197960,542.905370
-14.524198,-58.108301,547.666250
-27.060533,-46.793117,553.682146
-38.440210,-32.801578,559.844373
-47.563779,-14.249168,564.888414
-52.663921,9.959697,567.737918
-52.060148,36.685460,567.795482
-45.989925,59.819738,565.099924
-36.297171,77.298180,560.309893
-24.623714,90.606803,554.518698
-11.951072,101.569311,548.949457
1.134650,111.546974,544.616940
14.197879,121.626127,542.059998
26.785458,132.926204,541.232088
38.248310,146.907423,541.585206
47.471850,165.486357,542.313666
52.651328,-170.183786,542.669235
52.053718,-143.263788,542.240116
45.914828,-119.994606,541.104329
36.126632,-102.466287,539.810314
24.367206,-89.145925,539.189734
11.635311,-78.180582,540.058979
-1.657393,-63.060971,542.959248
-14.703000,-52.962379,547.743369
-27.228377,-41.621054,553.769636
-38.585681,-27.579739,559.924950
-47.666928,-8.951062,564.945061
-52.696975,15.327716,567.758512
-52.009887,42.042909,567.776036
-45.875509,65.099832,565.045588
-36.145659,82.506909,560.233475
-24.452876,95.771457,554.437089
-11.771061,106.711945,548.878926
1.317196,116.683859,544.568697
14.377144,126.771863,542.037434
26.954259,138.098053,541.230613
38.395108,152.129264,541.594699
47.576365,170.785370,542.322604
52.685067,-164.813307,542.669063
52.002926,-137.903807,542.228401
45.799157,-114.713335,541.085721
35.973804,-97.257232,539.795024
24.195336,-83.981210,539.189965
11.454711,-73.037908,540.084418
-1.839998,-57.923959,543.013505
-14.881705,-47.816222,547.820736
-27.396004,-36.448479,553.857154
-38.730726,-22.357009,560.005305
-47.769299,-3.651788,565.001275
-52.728888,20.696280,567.778556
-51.958547,47.399552,567.756049
-45.760407,70.378781,564.990842
-35.993780,87.714841,560.156866
-24.281854,100.935671,554.355529
-11.590974,111.854396,548.808644
1.499736,121.820765,544.520807
14.556318,131.917832,542.015210
27.122849,143.270413,541.229368
38.541484,157.352002,541.604261
47.680098,176.085570,542.331464
52.717650,-159.442268,542.668732
51.951040,-132.544647,542.216542
45.682796,-109.433228,541.067079
35.820612,-92.048980,539.779866
24.023287,-78.816937,539.190490
11.274041,-67.895415,540.110249
-2.022590,-52.786921,543.068139
-15.060311,-42.669828,547.898347
-27.563410,-31.275388,553.944696
-38.875341,-17.133384,560.085435
-47.870886,1.648653,565.057052
-52.759657,26.065370,567.798049
-51.906131,52.755376,567.735522
-45.644627,75.656587,564.935691
-35.841537,92.921981,560.080067
-24.110649,106.099451,554.274023
-11.410813,116.996668,548.738613
1.682270,126.957695,544.473270
14.735400,137.064037,541.993327
27.291224,148.443291,541.228352
38.687432,162.575641,541.613889
47.783043,-178.613043,542.340242
52.749072,-154.070684,542.668240
51.898062,-127.186322,542.204541
45.565751,-104.154280,541.048405
35.667059,-86.841528,539.764843
23.851061,-73.653100,539.191312
11.093304,-62.753102,540.136472
-2.205167,-47.649854,543.123149
-15.238817,-37.523194,547.976200
-27.730593,-26.101776,554.032258
-39.019521,-11.908857,560.165335
-47.971684,6.950261,565.112391
-52.789278,31.434969,567.816991
-51.852644,58.110366,567.714458
-45.528172,80.933252,564.880135
-35.688933,98.128336,560.003084
-23.939263,111.262799,554.192572
-11.230577,122.138763,548.668835
1.864797,132.094653,544.426088
14.914390,142.210482,541.971783
27.459383,153.616690,541.227562
38.832950,167.800189,541.623583
47.885195,-173.310470,542.348938
52.779331,-148.698576,542.667587
51.843999,-121.828846,542.192398
45.448027,-98.876490,541.029703
35.513147,-81.634867,539.749957
23.678659,-68.489696,539.192433
10.912499,-57.610964,540.163087
