7.922659,-50.526815,540.658767
-5.212565,-40.620108,544.083178
-18.166530,-30.304557,549.292219
-30.453216,-18.396690,555.475764
-41.330732,-3.308664,561.446706
-49.514701,16.853667,565.959535
-53.110176,42.349011,568.049215
-50.820498,68.595962,567.290575
-43.515451,90.096675,563.908317
-33.123518,106.185585,558.710122
-21.088777,118.660811,552.860587
-8.249123,129.222122,547.556836
4.872442,139.122445,543.699862
17.851116,149.425863,541.664727
30.198960,161.318406,541.245470
41.166647,176.401840,541.790861
49.449834,-163.388152,542.479080
53.108413,-137.741164,542.633340
50.800301,-111.304733,541.972700
43.413875,-89.696830,540.718892
32.926553,-73.573424,539.526330
20.812223,-61.090909,539.255422
7.740881,-45.387266,540.692322
-5.394706,-35.482097,544.144572
-18.343059,-25.153169,549.373871
-30.616142,-13.213200,555.563128
-41.466661,1.932516,561.522072
-49.600748,22.175417,566.006847
-53.119378,47.724428,568.058420
-50.749063,73.934490,567.260295
-43.388055,95.353937,563.846135
-32.965119,111.379082,558.630444
-20.914513,123.817273,552.780621
-8.067792,134.361617,547.491816
5.054662,144.260328,543.658950
18.028254,154.577047,541.648937
30.362967,166.501703,541.248293
41.303963,-178.356816,541.801315
49.537141,-158.065064,542.486073
53.117964,-132.363018,542.629819
50.728049,-105.964028,541.958257
43.285154,-84.438714,540.700020
32.766895,-68.379719,539.514237
20.637040,-55.934407,539.262060
7.559058,-40.247838,540.726278
-5.576811,-30.344006,544.206318
-18.519462,-20.001476,549.455714
-30.778803,-8.029100,555.650449
-41.602080,7.174698,561.597149
-49.685899,27.498292,566.053680
-53.127398,53.099994,568.067065
-50.676651,79.271986,567.229500
-43.260081,100.610127,563.783599
-32.806415,116.571893,558.550643
-20.740100,128.973378,552.700770
-7.886409,139.500990,547.427086
5.236855,149.398289,543.618400
18.205274,159.728534,541.633465
30.526713,171.685612,541.251302
41.440770,-173.114460,541.811792
49.623545,-152.740830,542.492954
53.126317,-126.984715,542.626131
50.654807,-100.624375,541.943694
43.155852,-79.181684,540.681159
32.606936,-63.186703,539.502327
20.461715,-50.778262,539.269028
7.377192,-35.108527,540.760634
-5.758880,-25.205832,544.268415
-18.695738,-14.849477,549.537746
-30.941195,-2.844386,555.737722
-41.736982,12.417887,561.671934
-49.770146,32.822285,566.100033
-53.134237,58.475688,568.075150
-50.603265,84.608441,567.198192
-43.131532,105.865248,563.720713
-32.647411,121.764025,558.470723
-20.565539,134.129130,552.621034
-7.704976,144.640245,547.362647
5.419020,154.536332,543.578211
18.382173,164.880327,541.618310
30.690197,176.870137,541.254496
41.577063,-167.871087,541.822290
49.709038,-147.415454,542.499723
53.133470,-121.606274,542.622278
50.580579,-95.285782,541.929012
43.025975,-73.925737,540.662311
32.446680,-57.994372,539.490600
20.286249,-45.622472,539.276330
7.195283,-29.969332,540.795389
-5.940912,-20.067573,544.330862
-18.871883,-9.697166,549.619964
-31.103317,2.340949,555.824945
-41.871365,17.662088,561.746424
-49.853485,38.147393,566.145903
-53.139893,63.851491,568.082673
-50.528912,89.943848,567.166373
-43.002415,111.119306,563.657479
-32.488108,126.955482,558.390687
-20.390833,139.284532,552.541418
-7.523494,149.779383,547.298502
5.601154,159.674459,543.538384
18.558949,170.032431,541.603470
30.853417,-177.944716,541.257872
41.712839,-162.626692,541.832806
49.793616,-142.088942,542.506378
53.139424,-116.227719,542.618259
50.505372,-89.948257,541.914211
42.895526,-68.670867,540.643478
32.286129,-52.802720,539.479061
20.110642,-40.467032,539.283967
7.013333,-24.830249,540.830545
-6.122905,-14.929225,544.393656
-19.047898,-4.544541,549.702364
-31.265166,7.526909,555.912114
-42.005223,22.907307,561.820614
-49.935909,43.473610,566.191290
-53.144365,69.227381,568.089635
-50.453597,95.278199,567.134044
-42.872733,116.372304,563.593900
-32.328509,132.146270,558.310538
-20.215983,144.439587,552.461923
-7.341963,154.918409,547.234652
5.783257,164.812673,543.498918
18.735602,175.184848,541.588944
31.016368,-172.758941,541.261428
41.848091,-157.381269,541.843339
49.877272,-136.761297,542.512918
53.144176,-110.849068,542.614074
50.429191,-84.611807,541.899295
42.764512,-63.417069,540.624661
32.125286,-47.611742,539.467710
19.934898,-35.311939,539.291939
6.831342,-19.691275,540.866102
-6.304858,-9.790787,544.456797
-19.223781,0.608402,549.784944
-31.426739,12.713499,555.999226
-42.138551,28.153548,561.894504
-50.017414,48.800931,566.236190
-53.147654,74.603338,568.096036
-50.377326,100.611487,567.101207
-42.742493,121.624249,563.529980
-32.168618,137.336393,558.230280
-20.040990,149.594300,552.382554
-7.160384,160.057325,547.171098
5.965327,169.950977,543.459815
18.912129,-179.662417,541.574730
31.179050,-167.572535,541.265162
41.982816,-152.134813,541.853886
49.960001,-131.432525,542.519342
53.147728,-105.470345,542.609723
50.352042,-79.276441,541.884263
42.632937,-58.164340,540.605865
31.964154,-42.421432,539.456551
19.759017,-30.157189,539.300250
6.649313,-14.552407,540.902059
-6.486771,-4.652254,544.520282
-19.399530,5.761667,549.867701
-31.588033,17.900724,556.086276
-42.271346,33.400816,561.968088
-50.097993,54.129350,566.280602
-53.149758,79.979342,568.101875
-50.300104,105.943705,567.067864
-42.611697,126.875143,563.465720
-32.008437,142.525858,558.149916
-19.865857,154.748675,552.303314
-6.978760,165.196133,547.107843
6.147365,175.089374,543.421073
19.088529,-174.509361,541.560827
31.341458,-162.385491,541.269072
42.117008,-146.887319,541.864444
50.041796,-126.102632,542.525647
53.150077,-100.091568,542.605206
50.273931,-73.942164,541.869117
42.500805,-52.912673,540.587090
31.802735,-37.231786,539.445586
19.583001,-25.002778,539.308900
6.467246,-9.413643,540.938416
-6.668641,0.486375,544.584110
-19.575143,10.915258,549.950632
-31.749047,23.088590,556.173262
-42.403602,38.649117,562.041364
-50.177641,59.458862,566.324524
-53.150679,85.355371,568.107152
-50.221937,111.274845,567.034016
-42.480352,132.124993,563.401124
-31.847968,147.714669,558.069450
-19.690584,159.902714,552.224204
-6.797091,170.334837,547.044888
6.329368,-179.772134,543.382694
19.264801,-169.355980,541.547234
31.503591,-157.197805,541.273155
42.250664,-141.638783,541.875012
50.122653,-120.771624,542.531833
53.151225,-94.712761,542.600524
50.194863,-68.608984,541.853859
42.368122,-47.662064,540.568340
31.641032,-32.042797,539.434817
19.406852,-19.848702,539.317890
6.285143,-4.274980,540.975175
-6.850469,5.625104,544.648280
-19.750619,16.069177,550.033734
-31.909777,28.277102,556.260180
-42.535315,43.898455,562.114330
-50.256351,64.789461,566.367955
-53.150415,90.731406,568.111868
-50.142830,116.604902,566.999665
-42.348462,137.373803,563.336195
-31.687215,152.902832,557.988885
-19.515174,165.056422,552.145228
-6.615378,175.473440,546.982235
6.511335,-174.633543,543.344676
19.440943,-164.202271,541.533950
31.665446,-152.009471,541.277410
42.383779,-136.389198,541.885588
50.202564,-115.439506,542.537899
53.151171,-89.333943,542.595675
50.114844,-63.276908,541.838491
42.234893,-42.412508,540.549615
31.479048,-26.854461,539.424246
19.230572,-14.694958,539.327224
6.103004,0.863586,541.012334
-7.032252,10.763935,544.712789
-19.925956,21.223430,550.117004
-32.070220,33.466264,556.347026
-42.666481,49.148836,562.186981
-50.334119,70.121139,566.410892
-53.148966,96.107425,568.116022
-50.062790,121.933870,566.964812
-42.216031,142.621578,563.270937
-31.526179,158.090351,557.908225
-19.339627,170.209803,552.066389
-6.433623,-179.388057,546.919885
6.693265,-169.494851,543.307021
19.616953,-159.048229,541.520972
31.827020,-146.820483,541.281833
42.516347,-131.138560,541.896170
50.281524,-110.106285,542.543843
53.149916,-83.955137,542.590661
50.033880,-57.945941,541.823012
42.101122,-37.164000,540.530920
31.316786,-21.666772,539.413876
19.054161,-9.541542,539.336901
5.920831,6.002056,541.049893
-7.213989,15.902871,544.777637
-20.101154,26.378019,550.200439
-32.230375,38.656083,556.433797
-42.797093,54.400263,562.259315
-50.410939,75.453891,566.453334
-53.146334,101.483408,568.119614
-49.981821,127.261742,566.929459
-42.083065,147.868322,563.205350
-31.364864,163.277232,557.827472
-19.163946,175.362859,551.987690
-6.251825,-174.249649,546.857840
6.875158,-164.356055,543.269727
19.792830,-153.893852,541.508299
31.988311,-141.630838,541.286423
42.648363,-125.886863,541.906754
50.359527,-104.771968,542.549665
53.147458,-78.576362,542.585482
49.951977,-52.616090,541.807426
41.966814,-31.916534,540.512255
31.154248,-16.479725,539.403709
18.877622,-4.388451,539.346923
5.738624,11.140435,541.087853
-7.395681,21.041916,544.842821
-20.276209,31.532948,550.284035
-32.390237,43.846563,556.520489
-42.927149,59.652742,562.331329
-50.486806,80.787710,566.495278
-53.142517,106.859335,568.122644
-49.899930,132.588513,566.893608
-41.949567,153.114042,563.139440
-31.203272,168.463480,557.746631
-18.988132,-179.484404,551.909134
-6.069988,-169.111334,546.796102
7.057011,-159.217152,543.232796
19.968573,-148.739135,541.495930
32.149315,-136.440529,541.291178
42.779824,-120.634103,541.917340
50.436569,-99.436560,542.555361
53.143799,-73.197641,542.580137
49.869140,-47.287360,541.791733
41.831974,-26.670106,540.493623
30.991438,-11.293315,539.393748
18.700956,0.764320,539.357292
5.556385,16.278724,541.126213
-7.577324,26.181072,544.908339
-20.451121,36.688221,550.367791
-32.549805,49.037709,556.607100
-43.056642,64.906278,562.403020
-50.561712,86.122589,566.536724
-53.137518,112.235184,568.125112
-49.817121,137.914177,566.857261
-41.815543,158.358741,563.073208
-31.041406,173.649100,557.665704
-18.812186,-174.331985,551.830723
-5.888111,-163.973109,546.734672
7.238825,-154.078139,543.196226
20.144179,-143.584075,541.483864
32.310030,-131.249551,541.296095
42.910724,-115.380275,541.927924
50.512642,-94.100070,542.560933
53.138938,-67.818994,542.574626
49.785376,-41.959758,541.775935
41.696606,-21.424711,540.475027
30.828357,-6.107537,539.383995
18.524164,5.916774,539.368010
5.374116,21.416927,541.164974
-7.758919,31.320341,544.974190
-20.625889,41.843841,550.451703
-32.709076,54.229527,556.693625
-43.185569,70.160875,562.474385
-50.635654,91.458519,566.577670
-53.131335,117.610935,568.127019
-49.733402,143.238729,566.820419
-41.680996,163.602425,563.006659
-30.879269,178.834098,557.584695
-18.636111,-169.179878,551.752460
-5.706197,-158.834971,546.673552
7.420597,-148.939013,543.160019
20.319646,-138.428667,541.472098
32.470454,-126.057899,541.301172
43.041058,-110.125375,541.938506
50.587741,-88.762504,542.566377
53.132877,-62.440442,542.568950
49.700690,-36.633287,541.760033
41.560715,-16.180342,540.456469
30.665008,-0.922385,539.374451
18.347249,11.068915,539.379077
5.191816,26.555046,541.204136
-7.940464,36.459728,545.040372
-20.800509,46.999814,550.535767
-32.868047,59.422021,556.780061
-43.313924,75.416538,562.545420
-50.708626,96.795494,566.618113
-53.123969,122.986569,568.128364
-49.648777,148.562164,566.783085
-41.545932,168.845100,562.939794
-30.716862,-175.981523,557.503608
-18.459907,-164.028081,551.674349
-5.524245,-153.696918,546.612743
7.602326,-143.799772,543.124173
20.494975,-133.272909,541.460632
32.630582,-120.865567,541.306406
43.170822,-104.869396,541.949082
50.661861,-83.423871,542.571694
53.125616,-57.062007,542.563110
49.615089,-31.307953,541.744029
41.424305,-10.936996,540.437952
30.501394,4.262145,539.365120
18.170211,16.220746,539.390496
5.009488,31.693084,541.243697
-8.121958,41.599234,545.106883
-20.974982,52.156141,550.619982
-33.026715,64.615198,556.866404
-43.441702,80.673271,562.616123
-50.780622,102.133505,566.658052
-53.115422,128.362063,568.129147
-49.563253,153.884478,566.745259
-41.410355,174.086769,562.872616
-30.554189,-170.797756,557.422445
-18.283576,-158.876590,551.596392
-5.342257,-148.558947,546.552246
7.784012,-138.660412,543.088689
20.670162,-128.116796,541.449464
32.790413,-115.672550,541.311796
43.300010,-99.612335,541.959651
50.734996,-78.084178,542.576882
53.117155,-51.683709,542.557104
49.528577,-25.983761,541.727924
41.287382,-5.694666,540.419476
30.337517,9.446059,539.356004
17.993052,21.372271,539.402267
4.827133,36.831044,541.283659
-8.303399,46.738862,545.173722
-21.149304,57.312828,550.704343
-33.185078,69.809063,556.952651
-43.568899,85.931078,562.686491
-50.851636,107.472545,566.697485
-53.105694,133.737398,568.129368
-49.476835,159.205666,566.706944
-41.274270,179.327439,562.805130
-30.391252,-165.614597,557.341211
-18.107119,-153.725402,551.518591
-5.160234,-143.421055,546.492064
7.965653,-133.520931,543.053566
20.845206,-122.960324,541.438591
32.949944,-110.478844,541.317340
43.428617,-94.354187,541.970210
50.807140,-72.743433,542.581940
53.107496,-46.305570,542.550934
49.441162,-20.660715,541.711720
41.149950,-0.453347,540.401046
30.173381,14.629361,539.347105
17.815774,26.523493,539.414393
4.644751,41.968929,541.324020
-8.484787,51.878616,545.240887
-21.323475,62.469877,550.788847
-33.343132,75.003621,557.038798
-43.695509,91.189965,562.756520
-50.921664,112.812605,566.736412
-53.094786,139.112554,568.129028
-49.389528,164.525724,566.668142
-41.137680,-175.432885,562.737338
-30.228053,-160.432041,557.259908
-17.930538,-148.574512,551.440951
-4.978178,-138.283239,546.432198
8.147248,-128.381326,543.018804
21.020106,-117.803490,541.428014
33.109171,-105.284441,541.323034
43.556638,-89.094947,541.980758
50.878287,-67.401645,542.586866
53.096639,-40.927610,542.544599
49.352849,-15.338820,541.695419
41.012012,4.786966,540.382662
30.008987,19.812058,539.338425
17.638378,31.674416,539.426873
4.462343,47.106742,541.364781
-8.666120,57.018499,545.308375
-21.497494,67.627293,550.873492
-33.500874,80.198877,557.124842
-43.821528,96.449935,562.826209
-50.990700,118.153675,566.774829
-53.082699,144.487509,568.128127
-49.301340,169.844647,566.628855
-41.000590,-170.194198,562.669242
-30.064595,-155.250082,557.178541
-17.753835,-143.423918,551.363472
-4.796090,-133.145496,546.372649
8.328795,-123.241593,542.984404
21.194859,-112.646290,541.417729
33.268092,-100.089337,541.328876
43.684069,-83.834611,541.991292
50.948433,-62.058823,542.591659
53.084585,-35.549849,542.538101
49.263643,-10.018079,541.679021
40.873575,10.026278,540.364328
29.844338,24.994153,539.329967
17.460866,36.825044,539.439710
4.279912,52.244485,541.405942
-8.847398,62.158512,545.376185
-21.671357,72.785079,550.958275
-33.658302,85.394836,557.210780
-43.946951,101.710993,562.895553
-51.058738,123.495748,566.812736
-53.069435,149.862245,568.126665
-49.212274,175.162433,566.589084
-40.863005,-164.956495,562.600847
-29.900880,-150.068717,557.097111
-17.577011,-138.273615,551.286159
-4.613969,-128.007824,546.313418
8.510295,-118.101730,542.950364
21.369464,-107.488719,541.407736
33.426704,-94.893527,541.334865
43.810904,-78.573175,542.001811
51.017572,-56.714976,542.596320
53.071336,-30.172309,542.531438
49.173552,-4.698496,541.662530
40.734642,15.264596,540.346047
29.679436,30.175652,539.321733
17.283240,41.975380,539.452906
4.097457,57.382161,541.447502
-9.028619,67.298660,545.444315
-21.845064,77.943241,551.043192
-33.815413,90.591505,557.296607
-44.071773,106.973142,562.964550
-51.125774,128.838814,566.850131
-53.054994,155.236741,568.124641
-49.122339,-179.520922,566.548831
-40.724928,-159.719770,562.532154
-29.736911,-144.887939,557.015624
-17.400067,-133.123601,551.209014
-4.431819,-122.870219,546.254507
8.691745,-112.961735,542.916685
21.543920,-102.330775,541.398033
33.585004,-89.697004,541.340998
43.937138,-73.310633,542.012311
51.085697,-51.370113,542.600845
53.056893,-24.795011,542.524612
49.082580,0.619925,541.645945
40.595217,20.501924,540.327819
29.514285,35.356561,539.313725
17.105499,47.125427,539.466460
3.914980,62.519774,541.489461
-9.209781,72.438945,545.512763
-22.018612,83.101780,551.128240
-33.972204,95.788888,557.382321
-44.195988,112.236388,563.033197
-51.191802,134.182862,566.887013
-53.039378,160.610976,568.122058
-49.031538,-174.205422,566.508098
-40.586365,-154.484018,562.463168
-29.572691,-139.707744,556.934082
-17.223005,-127.973871,551.132040
-4.249639,-117.732680,546.195918
8.873144,-107.821603,542.883366
21.718224,-97.172452,541.388619
33.742989,-84.499764,541.347273
44.062765,-68.046983,542.022792
51.152805,-46.024243,542.605235
53.041257,-19.417975,542.517623
48.990734,5.937182,541.629269
40.455306,25.738268,540.309648
29.348886,40.536883,539.305945
16.927647,52.275189,539.480376
3.732483,67.657325,541.531818
-9.390885,77.579370,545.581527
-22.192001,88.260702,551.213416
-34.128672,100.986990,557.467917
-44.319591,117.500733,563.101492
-51.256817,139.527884,566.923380
-53.022588,165.984932,568.118913
-48.939878,-168.891069,566.466888
-40.447319,-149.249234,562.393891
-29.408221,-134.528128,556.852488
-17.045826,-122.824423,551.055239
-4.067431,-112.595202,546.137651
9.054491,-102.681332,542.850407
21.892376,-92.013748,541.379490
33.900656,-79.301801,541.353688
44.187782,-62.782219,542.033251
51.218889,-40.677378,542.609488
53.024430,-14.041220,542.510471
48.898020,11.253271,541.612504
40.314912,30.973634,540.291536
29.183241,45.716624,539.298396
16.749684,57.424670,539.494653
3.549965,72.794818,541.574574
-9.571927,82.719938,545.650605
-22.365228,93.420010,551.298717
-34.284814,106.185818,557.553393
-44.442578,122.766183,563.169430
-51.320814,144.873869,566.959230
-53.004627,171.358587,568.115209
-48.847365,-163.577867,566.425202
-40.307795,-144.015412,562.324326
-29.243504,-129.349084,556.770846
-16.868532,-117.675253,550.978614
-3.885196,-107.457784,546.079708
9.235786,-97.540920,542.817808
22.066372,-86.854658,541.370647
34.058001,-74.103110,541.360239
44.312182,-57.516337,542.043686
51.283944,-35.329526,542.613603
53.006413,-8.664769,542.503156
48.804444,16.568190,541.595650
40.174039,36.208027,540.273485
29.017354,50.895788,539.291080
16.571613,62.573873,539.509293
3.367429,77.932255,541.617728
-9.752908,87.860652,545.719995
-22.538292,98.579708,551.384140
-34.440626,111.385377,557.638745
-44.564943,128.032739,563.237010
-51.383788,150.220806,566.994562
-52.985495,176.731923,568.110945
-48.754004,-158.265817,566.383042
-40.167797,-138.782547,562.254477
-29.078542,-124.170609,556.689160
-16.691124,-112.526358,550.902169
-3.702936,-102.320423,546.022091
9.417026,-92.400362,542.785569
22.240213,-81.695178,541.362087
34.215023,-68.903684,541.366925
44.435960,-52.249334,542.054095
51.347965,-29.980698,542.617579
52.987209,-3.288640,542.495679
48.710011,21.881936,541.578711
40.032693,41.441453,540.255498
28.851227,56.074382,539.283999
16.393434,67.722801,539.524298
3.184876,83.069639,541.661279
-9.933827,93.001515,545.789695
-22.711191,103.739800,551.469681
-34.596106,116.585672,557.723969
-44.686681,133.300408,563.304229
-51.445733,155.568686,567.029374
-52.965195,-177.895081,568.106121
-48.659802,-152.954923,566.340411
-40.027329,-133.550633,562.184347
-28.913338,-118.992697,556.607432
-16.513604,-107.377733,550.825904
-3.520650,-97.183116,545.964800
9.598211,-87.259657,542.753688
22.413894,-76.535304,541.353809
34.371717,-63.703519,541.373744
44.559111,-46.981206,542.064476
51.410947,-24.630906,542.621416
52.966819,2.087147,542.488041
48.614728,27.194506,541.561686
39.890876,46.673917,540.237577
28.684862,61.252409,539.277155
16.215149,72.871459,539.539668
3.002306,88.206973,541.705228
-10.114681,98.142530,545.859704
-22.883923,108.900290,551.555338
-34.751251,121.786708,557.809062
-44.807787,138.569191,563.371083
-51.506645,160.917496,567.063666
-52.943728,-172.522443,568.100738
-48.564764,-147.645186,566.297309
-39.886395,-128.319665,562.113938
-28.747894,-113.815345,556.525667
-16.335972,-102.229377,550.749824
-3.338341,-92.045859,545.907837
9.779339,-82.118802,542.722166
22.587416,-71.375032,541.345810
34.528080,-58.502608,541.380694
44.681630,-41.711948,542.074827
51.472884,-19.280160,542.625111
52.945244,7.462570,542.480241
48.518601,32.505899,541.544579
39.748594,51.905425,540.219724
28.518261,66.429875,539.270551
16.036759,78.019848,539.555405
2.819721,93.344260,541.749573
-10.295470,103.283699,545.930018
-23.056486,114.061183,551.641107
-34.906058,126.988492,557.894021
-44.928256,143.839093,563.437570
-51.566519,166.267226,567.097436
-52.921097,-167.150183,568.094797
-48.468896,-142.336608,566.253740
-39.744999,-123.089638,562.043255
-28.582213,-108.638546,556.443867
-16.158231,-97.081285,550.673931
-3.156009,-86.908651,545.851203
9.960409,-76.977792,542.691003
22.760776,-66.214358,541.338090
34.684110,-53.300947,541.387771
44.803511,-36.441557,542.085146
51.533772,-13.928471,542.628665
52.922488,12.837611,542.472280
48.421635,37.816113,541.527391
39.605851,57.135983,540.201942
28.351427,71.606783,539.264189
15.858266,83.167974,539.571510
2.637121,98.481502,541.794315
-10.476192,108.425027,546.000637
-23.228879,119.222482,551.726984
-35.060523,132.191028,557.978841
-45.048082,149.110116,563.503687
-51.625349,171.617865,567.130681
-52.897304,-161.778320,568.088297
-48.372203,-137.029192,566.209706
-39.603146,-117.860545,561.972299
-28.416295,-103.462296,556.362035
-15.980382,-91.933453,550.598227
-2.973655,-81.771488,545.794899
10.141420,-71.836626,542.660197
22.933973,-61.053278,541.330646
34.839804,-48.098529,541.394974
44.924749,-31.170029,542.095431
51.593605,-8.575852,542.632077
52.898552,18.212249,542.464158
48.323838,43.125146,541.510123
39.462651,62.365596,540.184234
28.184362,76.783140,539.258071
15.679671,88.315838,539.587985
2.454509,103.618703,541.839453
-10.656847,113.566515,546.071557
-23.401100,124.384191,551.812968
-35.214644,137.394322,558.063519
-45.167261,154.382266,563.569431
-51.683132,176.969400,567.163402
-52.872351,-156.406873,568.081240
-48.274693,-131.722937,566.165207
-39.460839,-112.632381,561.901075
-28.250145,-98.286591,556.280176
-15.802425,-86.785880,550.522716
-2.791281,-76.634369,545.738927
10.322371,-66.695300,542.629749
23.107004,-55.891788,541.323476
34.995157,-42.895350,541.402300
45.045339,-25.897361,542.105679
51.652378,-3.222313,542.635344
52.873439,23.586466,542.455877
48.225213,48.432997,541.492777
39.318997,67.594270,540.166601
28.017068,81.958950,539.252199
15.500975,93.463445,539.604829
2.271884,108.755864,541.884986
-10.837433,118.708167,546.142777
-23.573147,129.546314,551.899053
-35.368416,142.598380,558.148053
-45.285786,159.655543,563.634799
-51.739861,-177.678181,567.195597
-52.846240,-151.035862,568.073625
-48.176369,-126.417847,566.120248
-39.318082,-107.405141,561.829585
-28.083764,-93.111425,556.198292
-15.624364,-81.638560,550.447399
-2.608888,-71.497289,545.683288
10.503261,-61.553812,542.599658
23.279868,-50.729884,541.316580
35.150168,-37.691402,541.409748
45.165275,-20.623550,542.115890
51.710086,2.132132,542.638467
52.847151,28.960241,542.447436
48.125769,53.739664,541.475356
39.174894,72.822011,540.149046
27.849548,87.134218,539.246576
15.322181,98.610798,539.622045
2.089249,113.892989,541.930914
-11.017949,123.849986,546.214294
-23.745018,134.708856,551.985238
-35.521838,147.803207,558.232438
-45.403653,164.929953,563.699790
-51.795534,-172.324890,567.227263
-52.818974,-145.665304,568.065453
-48.077239,-121.113921,566.074829
-39.174880,-102.178819,561.757833
-27.917154,-87.936795,556.116387
-15.446198,-76.491492,550.372279
-2.426476,-66.360246,545.627982
10.684088,-56.412157,542.569923
23.452562,-45.567562,541.309955
35.304832,-32.486682,541.417314
45.284552,-15.348591,542.126061
51.766725,7.487471,542.641444
52.819691,34.333557,542.438836
48.025509,59.045147,541.457860
39.030347,78.048824,540.131572
27.681804,92.308948,539.241203
15.143289,103.757900,539.639634
1.906603,119.030081,541.977237
-11.198394,128.991975,546.286108
-23.916712,139.871820,552.071519
-35.674905,153.008809,558.316671
-45.520856,170.205497,563.764399
-51.850144,-166.970739,567.258401
-52.790556,-140.295218,568.056725
-47.977308,-115.811161,566.028953
-39.031236,-96.953410,561.685822
-27.750317,-82.762695,556.034465
-15.267929,-71.344671,550.297359
-2.244048,-61.223238,545.573011
10.864851,-51.270334,542.540544
23.625086,-40.404817,541.303599
35.459146,-27.281182,541.424997
45.403164,-10.072482,542.136190
51.822289,12.843692,542.644275
52.791060,39.706393,542.430077
47.924442,64.349444,541.440291
38.885359,83.274715,540.114180
27.513838,97.483145,539.236083
14.964300,108.904754,539.657596
1.723949,124.167142,542.023954
-11.378766,134.134136,546.358214
-24.088226,145.035211,552.157893
-35.827615,158.215191,558.400748
-45.637390,175.482179,563.828625
-51.903687,-161.615742,567.289009
-52.760987,-134.925623,568.047441
-47.876582,-110.509567,565.982623
-38.887154,-91.728908,561.613555
-27.583256,-77.589121,555.952528
-15.089559,-66.198094,550.222642
-2.061603,-56.086262,545.518377
11.045549,-46.128339,542.511521
23.797437,-35.241646,541.297510
35.613108,-22.074898,541.432793
45.521106,-4.795219,542.146276
51.876774,18.200781,542.646959
52.761263,45.078731,542.421161
47.822571,69.652556,541.422652
38.739933,88.499690,540.096874
27.345653,102.656814,539.231218
14.785217,114.051365,539.675933
1.541288,129.304175,542.071064
-11.559064,139.276474,546.430611
-24.259560,150.199033,552.244356
-35.979965,163.422359,558.484667
-45.753250,-179.239998,563.892464
-51.956159,-156.259912,567.319085
-52.730271,-129.556537,568.037601
-47.775067,-105.209141,565.935839
-38.742639,-86.505307,561.541035
-27.415973,-72.416068,555.870579
-14.911089,-61.051759,550.148129
-1.879143,-50.949315,545.464079
11.226180,-40.986170,542.482852
23.969614,-30.078044,541.291688
35.766713,-16.867824,541.440702
45.638372,0.483199,542.156315
51.930176,23.558725,542.649495
52.730301,50.450552,542.412087
47.719904,74.954481,541.404944
38.594075,93.723755,540.079655
27.177250,107.829960,539.226610
14.606040,119.197734,539.694645
1.358619,134.441183,542.118566
-11.739288,144.418991,546.503298
-24.430710,155.363290,552.330906
-36.131950,168.630319,558.568422
-45.868429,-173.961032,563.955913
-52.007555,-150.903262,567.348629
-52.698411,-124.187978,568.027207
-47.672768,-99.909881,565.888605
-38.597693,-81.282602,561.468265
-27.248470,-67.243531,555.788623
-14.732520,-55.905661,550.073824
-1.696669,-45.812394,545.410120
11.406744,-35.843822,542.454538
24.141614,-24.914006,541.286129
35.919959,-11.659954,541.448720
45.754957,5.762777,542.166307
51.982489,28.917511,542.651882
52.698178,55.821839,542.402857
47.616447,80.255219,541.387169
38.447788,98.946915,540.062527
27.008632,113.002587,539.222261
14.426771,124.343866,539.713735
1.175946,139.578169,542.166461
-11.919435,149.561689,546.576271
-24.601675,160.527986,552.417538
-36.283568,173.839076,558.652013
-45.982923,-168.680921,564.018971
-52.057871,-145.545806,567.377638
-52.665410,-118.819963,568.016259
-47.569691,-94.611789,565.840923
-38.452322,-76.060787,561.395249
-27.080749,-62.071506,555.706663
-14.553853,-50.759798,549.999729
-1.514183,-40.675497,545.356500
11.587239,-30.701294,542.426577
24.313436,-19.749530,541.280833
36.072842,-6.451282,541.456845
45.870855,11.043517,542.176249
52.033708,34.277124,542.654120
52.664896,61.192572,542.393470
47.512204,85.554771,541.369328
38.301076,104.169176,540.045490
26.839800,118.174699,539.218173
14.247411,129.489764,539.733202
0.993268,144.715135,542.214747
-12.099505,154.704573,546.649528
-24.772453,165.693126,552.504250
-36.434815,179.048635,558.735433
-46.096726,-163.399661,564.081634
-52.107103,-140.187557,567.406113
-52.631270,-113.452511,568.004757
-47.465841,-89.314864,565.792794
-38.306528,-70.839857,561.321991
-26.912813,-56.899989,555.624701
-14.375091,-45.614166,549.925847
-1.331685,-35.538620,545.303220
11.767664,-25.558581,542.398970
24.485077,-14.584610,541.275797
36.225358,-1.241803,541.465076
45.986061,16.325422,542.186140
52.083831,39.637551,542.656207
52.630459,66.562733,542.383928
47.407183,90.853137,541.351424
38.153943,109.390544,540.028549
26.670758,123.346303,539.214349
14.067962,134.635431,539.753047
0.810586,149.852083,542.263424
-12.279496,159.847645,546.723068
-24.943042,170.858713,552.591038
-36.585688,-175.740998,558.818681
-46.209833,-158.117251,564.143900
-52.155245,-134.828531,567.434051
-52.595995,-108.085638,567.992703
-47.361226,-84.019106,565.744222
-38.160316,-65.619805,561.248492
-26.744663,-51.728975,555.542742
-14.196234,-40.468763,549.852179
-1.149176,-30.401761,545.250281
11.948018,-20.415682,542.371715
24.656536,-9.419242,541.271019
36.377505,3.968489,541.473408
46.100568,21.608494,542.195978
52.132851,44.998777,542.658143
52.594871,71.932306,542.374231
47.301388,96.150316,541.333459
38.006392,114.611024,540.011705
26.501507,128.517401,539.210790
13.888424,139.780870,539.773273
0.627903,154.989018,542.312491
-12.459407,164.990908,546.796888
-25.113441,176.024753,552.677899
-36.736183,-170.529816,558.901753
-46.322238,-152.833689,564.205767
-52.202295,-129.468741,567.461453
-52.559588,-102.719362,567.980096
-47.255850,-78.724515,565.695209
-38.013689,-60.400627,561.174757
-26.576301,-46.558459,555.460788
-14.017283,-35.323584,549.778729
-0.966658,-25.264918,545.197685
12.128299,-15.272592,542.344812
24.827811,-4.253422,541.266497
36.529278,9.179600,541.481841
46.214372,26.892735,542.205760
52.180765,50.360787,542.659926
52.558133,77.301271,542.364380
47.194826,101.446310,541.315433
37.858428,119.830623,539.994961
26.332049,133.687999,539.207499
13.708800,144.926084,539.793879
0.445219,160.125941,542.361947
-12.639237,170.134366,546.870985
-25.283647,-178.808752,552.764830
-36.886297,-165.317815,558.984645
-46.433935,-147.548971,564.267230
-52.248248,-124.108202,567.488316
-52.522052,-97.353699,567.966939
-47.149718,-73.431090,565.645756
-37.866650,-55.182316,561.100788
-26.407730,-41.388436,555.378843
-13.838241,-30.178626,549.705499
-0.784131,-20.128087,545.145432
12.308506,-10.129309,542.318261
24.998900,0.912854,541.262231
36.680674,14.391535,541.490372
46.327467,32.178148,542.215485
52.227568,55.723566,542.661558
52.520251,82.669612,542.354375
47.087503,106.741119,541.297350
37.710054,125.049346,539.978319
26.162387,138.858101,539.204478
13.529090,150.071078,539.814866
0.262534,165.262856,542.411792
-12.818984,175.278021,546.945357
-25.453658,-173.641796,552.851827
-37.036027,-160.104989,559.067354
-46.544920,-142.263097,564.328289
-52.293099,-118.746929,567.514639
-52.483391,-91.988667,567.953230
-47.042838,-68.138830,565.595867
-37.719205,-49.964867,561.026590
-26.238951,-36.218904,555.296910
-13.659107,-25.033887,549.632491
-0.601597,-14.991266,545.093522
12.488638,-4.985829,542.292059
25.169801,6.079591,541.258217
36.831690,19.604301,541.498999
46.439847,37.464735,542.225151
52.273257,61.087100,542.663035
52.481226,88.037312,542.344218
46.979424,112.034744,541.279211
37.561274,130.267199,539.961782
25.992523,144.027711,539.201729
13.349296,155.215853,539.836236
0.079851,170.399764,542.462024
-12.998647,-179.578123,547.020002
-25.623473,-168.474375,552.938887
-37.185369,-154.891333,559.149876
-46.655186,-136.976065,564.388940
-52.336846,-113.384938,567.540422
-52.443608,-86.624283,567.938972
-46.935214,-62.847735,565.545543
-37.571355,-44.748275,560.952164
-26.069968,-31.049856,555.214992
-13.479885,-19.889364,549.559707
-0.419057,-9.854452,545.041958
12.668694,0.157850,542.266208
25.340512,11.246793,541.254454
36.982323,24.817903,541.507719
46.551505,42.752498,542.234757
52.317827,66.451373,542.664359
52.441064,93.404354,542.333908
46.870596,117.327186,541.261018
37.412092,135.484187,539.945351
25.822458,149.196835,539.199253
13.169420,160.360413,539.857989
-0.102830,175.536670,542.512644
-13.178226,-174.434064,547.094918
-25.793089,-163.306484,553.026006
-37.334319,-149.676840,559.232208
-46.764727,-131.687873,564.449181
-52.379484,-108.022243,567.565664
-52.402708,-81.260561,567.924164
-46.826852,-57.557803,565.494786
-37.423106,-39.532533,560.877516
-25.900780,-25.881288,555.133093
-13.300573,-14.745052,549.487151
-0.236511,-4.717642,544.990740
12.848672,5.301732,542.240705
25.511030,16.414465,541.250939
37.132568,30.032346,541.516530
46.662438,48.041438,542.244299
52.361274,71.816368,542.665528
52.399767,98.770721,542.323447
46.761024,122.618446,541.242773
37.262512,140.700317,539.929030
25.652195,154.365477,539.197053
12.989461,165.504762,539.880127
-0.285508,-179.326426,542.563650
-13.357718,-169.289797,547.170102
-25.962505,-158.138121,553.113182
-37.482874,-144.461505,559.314347
-46.873539,-126.398520,564.509009
-52.421009,-102.658862,567.590363
-52.360692,-75.897519,567.908808
-46.717757,-52.269033,565.443601
-37.274460,-34.317637,560.802647
-25.731392,-20.713197,555.051216
-13.121175,-9.600949,549.414824
-0.053962,0.419166,544.939868
13.028571,10.445819,542.215551
25.681355,21.582611,541.247672
37.282421,35.247637,541.525430
46.772638,53.331558,542.253778
52.403594,77.182071,542.666542
52.357339,104.136396,542.312835
46.650714,127.908525,541.224478
37.112536,145.915594,539.912821
25.481735,159.533641,539.195132
12.809423,170.648902,539.902649
-0.468182,-174.189518,542.615041
-13.537123,-164.145321,547.245551
-26.131719,-152.969279,553.200411
-37.631031,-139.245322,559.396290
-46.981616,-121.108004,564.568422
-52.461417,-97.294809,567.614518
-52.317566,-70.535172,567.892905
-46.607937,-46.981425,565.391987
-37.125421,-29.103580,560.727561
-25.561804,-15.545577,554.969364
-12.941692,-4.457052,549.342728
0.128591,5.555975,544.889344
13.208390,15.590116,542.190744
25.851483,26.751235,541.244650
37.431881,40.463781,541.534416
46.882100,58.622858,542.263190
52.444783,82.548464,542.667400
52.313785,109.501363,542.302074
46.539671,133.197426,541.206134
36.962169,151.130024,539.896726
25.311082,164.701331,539.193490
12.629305,175.792836,539.925558
-0.650850,-169.052606,542.666817
-13.716438,-159.000631,547.321264
-26.300727,-147.799954,553.287689
-37.778785,-134.028286,559.478032
-47.088951,-115.816324,564.627416
-52.500706,-91.930100,567.638129
-52.273334,-65.173536,567.876455
-46.497395,-41.694975,565.339949
-36.975992,-23.890356,560.652262
-25.392019,-10.378425,554.887541
-12.762123,0.686642,549.270867
0.311146,10.692789,544.839168
13.388127,20.734625,542.166284
26.021414,31.920341,541.241871
37.580941,45.680785,541.543486
46.990818,63.915340,542.272534
52.484838,87.915532,542.668101
52.269107,114.865607,542.291164
46.427902,138.485149,541.187744
36.811415,156.343613,539.880748
25.140236,169.868552,539.192130
12.449110,-179.063431,539.948853
-0.833511,-163.915686,542.718976
-13.895664,-153.855725,547.397238
-26.469529,-142.630143,553.375014
-37.926134,-128.810391,559.559570
-47.195540,-110.523480,564.685991
-52.538870,-86.564753,567.661195
-52.227998,-59.812627,567.859460
-46.386137,-36.409683,565.287489
-36.826178,-18.677961,560.576752
-25.222039,-5.211736,554.805749
-12.582472,5.830137,549.199242
0.493701,15.829609,544.789341
13.567781,25.879349,542.142170
26.191144,37.089935,541.239333
37.729600,50.898653,541.552638
47.098787,69.209006,542.281809
52.523755,93.283258,542.668645
52.223311,120.229112,542.280105
46.315412,143.771696,541.169309
36.660277,161.556366,539.864889
24.969200,175.035309,539.191054
12.268839,-173.919897,539.972535
-1.016165,-158.778756,542.771518
-14.074798,-148.710599,547.473470
-26.638123,-137.459841,553.462381
-38.073073,-123.591631,559.640901
-47.301376,-105.229470,564.744143
-52.575908,-81.198783,567.683715
-52.181563,-54.452458,567.841919
-46.274170,-31.125546,565.234608
-36.675981,-13.466388,560.501035
-25.051865,-0.045505,554.723992
-12.402739,10.973436,549.127856
0.676256,20.966438,544.739864
13.747351,31.024292,542.118401
26.360672,42.260021,541.237034
37.877853,56.117391,541.561869
47.206001,74.503855,542.291012
52.561530,98.651624,542.669031
52.176400,125.591862,542.268899
46.202207,149.057070,541.150833
36.508758,166.768289,539.849152
24.797975,-179.798395,539.190265
12.088492,-168.776560,539.996605
-1.198810,-153.641812,542.824442
-14.253839,-143.565250,547.549958
-26.806506,-132.289042,553.549788
-38.219598,-118.372001,559.722022
-47.406454,-99.934293,564.801869
-52.611816,-75.832208,567.705687
-52.134034,-49.093046,567.823835
-46.161498,-25.842564,565.181310
-36.525406,-8.255633,560.425115
-24.881500,5.120271,554.642274
-12.222926,16.116541,549.056711
0.858810,26.103280,544.690737
13.926836,36.169456,542.094976
26.529995,47.430603,541.234972
38.025697,61.337006,541.571178
47.312453,79.799890,542.300141
52.598159,104.020613,542.669259
52.128378,130.953842,542.257547
46.088292,154.341273,541.132316
36.356862,171.979389,539.833538
24.626565,-174.632555,539.189763
11.908072,-163.633415,540.021065
-1.381445,-148.504852,542.877747
-14.432786,-138.419676,547.626699
-26.974676,-127.117744,553.637230
-38.365707,-113.151496,559.802930
-47.510769,-94.637950,564.859168
-52.646589,-70.465045,567.727112
-52.085413,-43.734405,567.805208
-46.048127,-20.560733,565.127596
-36.374455,-3.045688,560.348994
-24.710945,10.285597,554.560596
-12.043033,21.259456,548.985809
1.041361,31.240136,544.641962
14.106234,41.314846,542.071895
26.699112,52.601686,541.233146
38.173127,66.557503,541.580561
47.418138,85.097111,542.309196
52.633640,109.390209,542.669328
52.079250,136.315036,542.246049
45.973674,159.624306,541.113760
36.204592,177.189670,539.818051
24.454970,-169.467166,539.189551
11.727579,-158.490460,540.045914
-1.564069,-143.367873,542.931432
-14.611638,-133.273872,547.703692
-27.142631,-121.945940,553.724706
-38.511395,-107.930108,559.883620
-47.614313,-89.340440,564.916037
-52.680226,-65.097311,567.747988
-52.035707,-38.376548,567.786039
-45.934064,-15.280052,565.073471
-36.223131,2.163451,560.272677
-24.540202,15.450477,554.478964
-11.863062,26.402185,548.915152
1.223909,36.377010,544.593539
14.285543,46.460464,542.049155
26.868021,57.773274,541.231552
38.320140,71.778888,541.590017
47.523050,90.395517,542.318174
52.667969,114.760394,542.669237
52.029021,141.675432,542.234406
45.858357,164.906172,541.095168
36.051953,-177.600862,539.802693
24.283193,-164.302225,539.189631
11.547015,-153.347691,540.071153
-1.746681,-138.230873,542.985495
-14.790393,-128.127836,547.780933
-27.310369,-116.773627,553.812210
-38.656658,-102.707834,559.964090
-47.717083,-84.041762,564.972474
-52.712723,-59.729024,567.768314
-51.984918,-33.019491,567.766329
-45.819312,-10.000517,565.018935
-36.071439,7.371789,560.196166
-24.369274,20.614915,554.397380
-11.683014,31.544729,548.844743
1.406452,41.513905,544.545469
14.464764,51.606313,542.026758
27.036718,62.945372,541.230190
38.466732,77.001167,541.599543
47.627183,95.695111,542.327073
52.701143,120.131149,542.668987
51.977693,147.035013,542.222619
45.742348,170.186874,541.076542
35.898947,-172.392201,539.787467
24.111235,-159.137727,539.190005
11.366380,-148.205106,540.096783
-1.929280,-133.093849,543.039936
-14.969050,-122.981563,547.858420
-27.477888,-111.600800,553.899740
-38.801493,-97.484667,560.044335
-47.819071,-78.741918,565.028475
-52.744077,-54.360201,567.788090
-51.933051,-27.663247,567.746079
-45.703878,-4.722128,564.963991
-35.919382,12.579333,560.119464
-24.198162,25.778916,554.315846
-11.502890,36.687092,548.774584
1.588990,46.650823,544.497752
14.643893,56.752398,542.004701
27.205203,68.117985,541.229057
38.612899,82.224344,541.609137
47.730532,100.995891,542.335892
52.733159,125.502456,542.668577
51.925273,152.393766,542.210690
45.625652,175.466414,541.057884
35.745578,-167.184340,539.772374
23.939099,-153.973667,539.190675
11.185677,-143.062701,540.122805
-2.111865,-127.956797,543.094754
-15.147607,-117.835052,547.936150
-27.645185,-106.427455,553.987293
-38.945895,-92.260602,560.124354
-47.920273,-73.440906,565.084039
-52.774285,-48.990859,567.807315
-51.880111,-22.307830,567.725290
-45.587767,0.555120,564.908643
-35.766962,17.786089,560.042575
-24.026868,30.942484,554.234367
-11.322692,41.829277,548.704677
1.771520,51.787766,544.450389
14.822930,61.898720,541.982983
27.373473,73.291117,541.228151
38.758637,87.448427,541.618797
47.833089,106.297858,542.344629
52.764013,130.874299,542.668005
51.871764,157.751678,542.198619
45.508275,-179.255204,541.039195
35.591849,-161.977276,539.757417
23.766787,-148.810042,539.191642
11.004907,-137.920474,540.149219
-2.294434,-122.819716,543.149948
-15.326063,-112.688299,548.014120
-27.812259,-101.253587,554.074864
-39.089862,-87.035633,560.204142
-48.020682,-68.138728,565.139164
-52.803344,-43.621018,567.825987
-51.826102,-16.953252,567.703963
-45.470984,5.831228,564.852892
-35.614184,22.992061,559.965503
-23.855394,36.105623,554.152945
-11.142421,46.971287,548.635024
1.954043,56.924738,544.403380
15.001874,67.045283,541.961604
27.541525,78.464773,541.227470
38.903943,92.673421,541.628521
47.934851,111.601011,542.353283
52.793702,136.246657,542.667272
51.817171,163.108733,542.186406
45.390222,-173.977979,541.020478
35.437764,-156.771001,539.742599
23.594299,-143.646848,539.192909
10.824070,-132.778421,540.176026
-2.476987,-117.682602,543.205517
-15.504418,-107.541300,548.092329
-27.979108,-96.079190,554.162451
-39.233388,-81.809754,560.283696
-48.120293,-62.835384,565.193847
-52.831252,-38.250696,567.844108
-51.771028,-11.599527,567.682100
-45.353535,11.106200,564.796742
-35.461050,28.197255,559.888251
-23.683742,41.268336,554.071584
-10.962079,52.113126,548.565627
2.136557,62.061742,544.356727
15.180723,72.192092,541.940563
27.709358,83.638957,541.227011
39.048812,97.899331,541.638305
48.035809,116.905350,542.361852
52.822225,141.619512,542.666378
51.761499,168.464920,542.174054
45.271498,-168.701907,541.001735
35.283325,-151.565510,539.727921
23.421639,-138.484079,539.194477
10.643168,-127.636539,540.203226
-2.659523,-112.545453,543.261458
-15.682669,-102.394052,548.170774
-28.145729,-90.904261,554.250050
-39.376471,-76.582960,560.363013
-48.219099,-57.530875,565.248085
-52.858006,-32.879910,567.861675
-51.714895,-6.246669,567.659702
-45.235426,16.380038,564.740194
-35.307564,33.401677,559.810821
-23.511913,46.430629,553.990287
-10.781665,57.254796,548.496489
2.319061,67.198780,544.310429
15.359475,77.339148,541.919859
27.876970,88.813675,541.226774
39.193240,103.126164,541.648148
48.135959,122.210875,542.370334
52.849578,146.992846,542.665322
51.704753,173.820225,542.161563
45.152110,-163.426986,540.982968
35.128537,-146.360798,539.713388
23.248807,-133.321733,539.196349
10.462202,-122.494825,540.230821
-2.842040,-107.408266,543.317773
-15.860815,-97.246551,548.249451
-28.312119,-85.728796,554.337658
-39.519106,-71.355245,560.442090
-48.317096,-52.225202,565.301877
-52.883603,-27.508680,567.878689
-51.657707,-0.894688,567.636768
-45.116661,21.652747,564.683252
-35.153728,38.605332,559.733218
-23.339910,51.592506,553.909057
-10.601182,62.396300,548.427611
2.501554,72.335855,544.264488
15.538130,82.486455,541.899490
28.044357,93.988931,541.226756
39.337224,108.353925,541.658048
48.235295,127.517584,542.378727
52.875758,152.366640,542.664103
51.646937,179.174635,542.148933
45.032062,-158.153210,540.964179
34.973402,-141.156858,539.699000
23.075807,-128.159805,539.198526
10.281174,-117.353276,540.258809
-3.024537,-102.271038,543.374458
-16.038854,-92.098796,548.328358
-28.478277,-80.552788,554.425270
-39.661288,-66.126604,560.520923
-48.414276,-46.918365,565.355220
-52.908041,-22.137025,567.895148
-51.599469,4.456402,567.613302
-44.997246,26.924327,564.625917
-34.999547,43.808227,559.655445
-23.167733,56.753969,553.827897
-10.420631,67.537641,548.358996
2.684034,77.472969,544.218903
15.716686,87.634017,541.879455
28.211518,99.164729,541.226954
39.480759,113.582619,541.668002
48.333811,132.825477,542.387031
52.900764,157.740873,542.662721
51.588056,-175.471862,542.136167
44.911360,-152.880579,540.945370
34.817924,-135.953686,539.684760
22.902639,-122.998290,539.201010
10.100084,-112.211890,540.287193
-3.207013,-97.133766,543.431513
-16.216786,-86.950781,548.407493
-28.644201,-75.376233,554.512885
-39.803015,-60.897031,560.599508
-48.510636,-41.610367,565.408112
-52.931319,-16.764962,567.911052
-51.540186,9.806590,567.589304
-44.877186,32.194784,564.568194
-34.845023,49.010365,559.577505
-22.995386,61.915025,553.746811
-10.240012,72.678823,548.290646
2.866501,82.610126,544.173675
15.895141,92.781838,541.859754
28.378451,104.341075,541.227367
39.623841,118.812253,541.678008
48.431500,138.134553,542.395243
52.924592,163.115528,542.661177
51.528116,-170.119278,542.123265
44.790010,-147.609087,540.926544
34.662105,-130.751275,539.670671
22.729306,-117.837185,539.203803
9.918934,-107.070663,540.315972
-3.389468,-91.996448,543.488938
-16.394609,-81.802504,548.486853
-28.809888,-70.199128,554.600498
-39.944282,-55.666521,560.677843
-48.606168,-36.301209,565.460551
-52.953432,-11.392512,567.926400
-51.479861,15.155864,567.564775
-44.756487,37.464121,564.510084
-34.690160,54.211754,559.499402
-22.822870,67.075675,553.665801
-10.059328,77.819847,548.222563
3.048954,87.747328,544.128806
16.073495,97.929919,541.840385
28.545153,109.517973,541.227993
39.766465,124.042832,541.688064
48.528357,143.444809,542.403361
52.947240,168.490584,542.659468
51.467121,-164.767626,542.110229
44.668017,-142.338731,540.907701
34.505950,-125.549620,539.656735
22.555809,-112.676485,539.206907
9.737725,-101.929592,540.345148
-3.571899,-86.859081,543.546729
-16.572322,-76.653961,548.566435
-28.975335,-65.021466,554.688105
-40.085084,-50.435068,560.755925
-48.700866,-30.990893,565.512535
-52.974381,-6.019694,567.941192
-51.418502,20.504213,567.539716
-44.635153,42.732341,564.451590
-34.534960,59.412398,559.421138
-22.650186,72.235925,553.584870
-9.878579,82.960718,548.154748
3.231391,92.884578,544.084294
16.251745,103.078265,541.821348
28.711622,114.695429,541.228829
39.908629,129.274362,541.698167
48.624375,148.756244,542.411385
52.968706,173.866022,542.657597
51.405076,-159.416916,542.097058
44.545386,-137.069509,540.888846
34.349461,-120.348715,539.642955
22.382150,-107.516187,539.210323
9.556459,-96.788674,540.374719
-3.754307,-81.721662,543.604887
-16.749923,-71.505149,548.646237
-29.140542,-59.843244,554.775704
-40.225419,-45.202667,560.833749
-48.794726,-25.679421,565.564060
-52.994162,-0.646526,567.955427
-51.356111,25.851625,567.514129
-44.513190,47.999447,564.392714
-34.379427,64.612302,559.342718
-22.477336,77.395779,553.504022
-9.697766,88.101438,548.087204
3.413811,98.021879,544.040140
16.429891,108.226880,541.802641
28.877855,119.873446,541.229873
40.050328,134.506848,541.708316
48.719550,154.068857,542.419312
52.988989,179.241822,542.655561
51.341987,-154.067160,542.083755
44.422122,-131.801415,540.869978
34.192642,-115.148556,539.629333
22.208331,-102.356286,539.214053
9.375136,-91.647906,540.404688
-3.936689,-76.584189,543.663410
-16.927410,-66.356065,548.726255
-29.305504,-54.664455,554.863290
-40.365281,-39.969312,560.911314
-48.887741,-20.366794,565.615126
-53.012773,4.726971,567.969106
-51.292695,31.198089,567.488015
-44.390603,53.265443,564.333461
-34.223563,69.811473,559.264145
-22.304322,82.555240,553.423260
-9.516892,93.242010,548.019933
3.596213,103.159233,543.996346
16.607930,113.375766,541.784263
29.043851,125.052031,541.231123
40.191556,139.740296,541.718507
48.813874,159.382645,542.427142
53.008085,-175.382035,542.653360
51.277859,-148.718370,542.070321
44.298231,-126.534447,540.851102
34.035495,-109.949135,539.615871
22.034353,-97.196779,539.218100
9.193757,-86.507286,540.435054
-4.119045,-71.446658,543.722297
-17.104783,-61.206705,548.806487
-29.470220,-49.485097,554.950861
-40.504666,-34.734998,560.988615
-48.979905,-15.053017,565.665730
-53.030213,10.100778,567.982226
-51.228258,36.543596,567.461376
-44.267397,58.530334,564.273831
-34.067372,75.009916,559.185421
-22.131146,87.714313,553.342587
-9.335956,98.382438,547.952937
3.778597,108.296644,543.952911
16.785862,118.524927,541.766212
29.209606,130.231187,541.232578
40.332311,144.974712,541.728739
48.907341,164.697606,542.434872
53.025994,-170.005571,542.650995
51.212696,-143.370556,542.056757
44.173719,-121.268599,540.832219
33.878023,-104.750448,539.602572
21.860219,-92.037661,539.222464
9.012325,-81.366809,540.465817
-4.301373,-66.309066,543.781546
-17.282039,-56.057066,548.886931
-29.634688,-44.305162,555.038413
-40.643571,-29.499718,561.065649
-49.071213,-9.738090,565.715870
-53.046481,15.474875,567.994788
-51.162806,41.888134,567.434212
-44.143577,63.794122,564.213829
-33.910856,80.207636,559.106551
-21.957809,92.873001,553.262006
-9.154960,103.522723,547.886217
3.960961,113.434113,543.909835
16.963685,123.674366,541.748489
29.375119,135.410919,541.234234
40.472588,150.210101,541.739010
48.999947,170.013738,542.442501
53.042713,-164.628805,542.648466
51.146504,-138.023728,542.043063
44.048589,-116.003869,540.813330
33.720231,-99.552489,539.589438
21.685930,-86.878928,539.227148
8.830839,-76.226474,540.496979
-4.483673,-61.171412,543.841156
-17.459178,-50.907143,548.967583
-29.798905,-39.124648,555.125943
-40.781990,-24.263469,561.142413
-49.161658,-4.422017,565.765544
-53.061574,20.849242,568.006792
-51.096344,47.231694,567.406525
-44.019149,69.056813,564.153456
-33.754020,85.404639,559.027538
-21.784314,98.031309,553.181519
-8.973905,108.662869,547.819776
4.143304,118.571645,543.867120
17.141398,128.824088,541.731090
29.540387,140.591234,541.236091
40.612382,155.446469,541.749316
49.091685,175.331037,542.450027
53.058241,-159.251758,542.645771
51.079289,-132.677897,542.029241
43.922849,-110.740252,540.794439
33.562120,-94.355253,539.576471
21.511488,-81.720577,539.232154
8.649302,-71.086277,540.528538
-4.665943,-56.033692,543.901125
-17.636198,-45.756935,549.048440
-29.962869,-33.943549,555.213446
-40.919921,-19.026244,561.218904
-49.251236,0.895198,565.814749
-53.075491,26.223859,568.018237
-51.028877,52.574266,567.378316
-43.894117,74.318409,564.092715
-33.596865,90.600930,558.948385
-21.610661,103.189240,553.101131
-8.792793,113.802879,547.753615
4.325624,123.709241,543.824764
17.318999,133.974095,541.714016
29.705408,145.772134,541.238144
40.751690,160.683822,541.759657
49.182548,-179.350499,542.457450
53.072577,-153.874450,542.642912
51.011056,-127.333073,542.015293
43.796502,-105.477744,540.775548
33.403693,-89.158734,539.563675
21.336895,-76.562604,539.237482
8.467714,-65.946216,540.560497
-4.848183,-50.895903,543.961453
-17.813098,-40.606437,549.129501
-30.126577,-28.761859,555.300919
-41.057357,-13.788039,561.295118
-49.339939,6.213553,565.863484
-53.088232,31.598707,568.029123
-50.960410,57.915841,567.349587
-43.768487,79.578915,564.031610
-33.439394,95.796514,558.869096
-21.436853,108.346798,553.020845
-8.611625,118.942756,547.687737
4.507922,128.846905,543.782769
17.496486,139.124391,541.697265
29.870178,150.953627,541.240394
40.890506,165.922164,541.770030
49.272531,-174.030874,542.464767
53.085718,-148.496901,542.639887
50.941809,-121.989264,542.001219
43.669554,-100.216341,540.756658
33.244955,-83.962926,539.551051
21.162151,-71.405004,539.243135
8.286077,-60.806287,540.592854
-5.030390,-45.758043,544.022138
-17.989876,-35.455645,549.210761
-30.290027,-23.579574,555.388360
-41.194296,-8.548847,561.371054
-49.427763,11.533044,565.911747
-53.099793,36.973764,568.039449
-50.890948,63.256409,567.320340
-43.642263,84.838336,563.970143
-33.281611,100.991397,558.789674
-21.262891,113.503987,552.940662
-8.430401,124.082503,547.622143
4.690194,133.984638,543.741135
17.673859,144.274979,541.680836
30.034697,156.135716,541.242836
41.028827,171.161501,541.780432
49.361629,-168.710090,542.471978
53.097664,-143.119132,542.636696
50.871556,-116.646481,541.987021
43.542010,-94.956037,540.737772
33.085907,-78.767825,539.538602
20.987260,-66.247774,539.249115
8.104392,-55.666488,540.625611
