4.345994,-48.105746,541.390697
-8.781744,-38.192563,545.351285
-21.608401,-27.572461,550.927262
-33.601319,-14.976568,557.179414
-43.901593,1.315967,562.870281
-51.034211,23.071392,566.798942
-53.074375,49.426201,568.127218
-49.244634,74.747121,566.603588
-40.912894,94.657179,562.625779
-29.960206,109.565316,557.126809
-17.641070,121.371633,551.314395
-4.679938,131.641972,546.335122
8.444560,141.547248,542.962950
21.306237,152.153817,541.411608
33.369288,164.735118,541.332928
43.765030,-178.968348,541.998195
50.992644,-157.139992,542.594767
53.076273,-130.609386,542.533909
49.206288,-105.114471,541.668467
40.785025,-85.121962,540.352534
29.739197,-70.190369,539.324489
17.347593,-58.379388,539.447829
4.163547,-42.968046,541.432112
-8.962986,-33.052464,545.419299
-21.782165,-22.414436,551.012131
-33.758545,-9.780157,557.265282
-44.026633,6.577721,562.939405
-51.101611,28.414099,566.836524
-53.060360,54.800786,568.125399
-49.155012,80.064179,566.563511
-40.774995,99.894257,562.557195
-29.796329,114.746306,557.045343
-17.464170,126.521751,551.237189
-4.497798,136.779601,546.276095
8.626028,146.687196,542.929140
21.480747,157.311625,541.401800
33.527701,169.931382,541.339009
43.891482,-173.706207,542.008702
51.061138,-151.795495,542.599341
53.062262,-125.231997,542.527141
49.115634,-99.795629,541.651915
40.645778,-79.884276,540.334285
29.574135,-65.009247,539.316398
17.169894,-53.229237,539.461253
3.981079,-37.830411,541.473926
-9.144169,-27.912230,545.487632
-21.955771,-17.256034,551.097133
-33.915452,-4.583033,557.351038
-44.151068,11.840569,563.008180
-51.168004,33.757792,566.873593
-53.045169,60.175118,568.123019
-49.064524,85.380094,566.522953
-40.636607,105.130361,562.488316
-29.632199,119.926711,556.963821
-17.287150,131.671583,551.160154
-4.315629,141.917164,546.217389
8.807445,151.827278,542.895691
21.655106,162.469811,541.392280
33.685800,175.128362,541.345232
44.017330,-168.442959,542.019189
51.128615,-146.449989,542.603779
53.047058,-119.854864,542.520209
49.024104,-94.477950,541.635271
40.506042,-74.647576,540.316092
29.408826,-59.828714,539.308535
16.992082,-48.079371,539.475037
3.798588,-32.692838,541.516138
-9.325294,-22.771856,545.556282
-22.129217,-12.097251,551.182263
-34.072037,0.614808,557.436678
-44.274894,17.104516,563.076604
-51.233387,39.102463,566.910147
-53.028805,65.549177,568.120079
-48.973175,90.694863,566.481917
-40.497736,110.365495,562.419145
-29.467820,125.106537,556.882246
-17.110014,136.821133,551.083290
-4.133431,147.054663,546.159006
8.988812,156.967498,542.862602
21.829313,167.628376,541.383048
33.843582,-179.673938,541.351595
44.142568,-163.178599,542.029655
51.195070,-141.103483,542.608080
53.030663,-114.478005,542.513115
48.931704,-89.161437,541.618536
40.365822,-69.411856,540.297957
29.243270,-54.648763,539.300901
16.814159,-42.929789,539.489182
3.616078,-27.555324,541.558750
-9.506359,-17.631340,545.625247
-22.302503,-6.938083,551.267520
-34.228297,5.813373,557.522199
-44.398104,22.369565,563.144672
-51.297753,44.448100,566.946186
-53.011267,70.922943,568.116579
-48.880970,96.008482,566.440404
-40.358384,115.599664,562.349685
-29.303192,130.285787,556.800622
-16.932761,141.970403,551.006602
-3.951206,152.192103,546.100946
9.170125,162.107859,542.829873
22.003366,172.787326,541.374101
34.001045,-174.475511,541.358097
44.267192,-157.913122,542.040098
51.260499,-135.755988,542.612244
53.013077,-109.101441,542.505858
48.838439,-83.846094,541.601713
40.225122,-64.177111,540.279883
29.077471,-49.469390,539.293499
16.636127,-37.780486,539.503690
3.433549,-22.417867,541.601759
-9.687363,-12.490679,545.694524
-22.475627,-1.778527,551.352899
-34.384229,11.012666,557.607597
-44.520695,27.635720,563.212384
-51.361098,49.794693,566.981707
-52.992559,76.296397,568.112518
-48.787916,101.320949,566.398416
-40.218557,120.832875,562.279940
-29.138318,135.464468,556.718953
-16.755394,147.119398,550.930092
-3.768954,157.329484,546.043211
9.351385,167.248363,542.797503
22.177263,177.946665,541.365438
34.158184,-169.276352,541.364734
44.391196,-152.646526,542.050516
51.324895,-130.407512,542.616270
52.994302,-103.725193,542.498439
48.744316,-78.531923,541.584804
40.083947,-58.943336,540.261872
28.911430,-44.290590,539.286332
16.457986,-32.631458,539.518562
3.251002,-17.280464,541.645166
-9.868304,-7.349870,545.764112
-22.648585,3.381422,551.438398
-34.539830,16.212694,557.692868
-44.642661,32.902985,563.279734
-51.423416,55.142233,567.016709
-52.972682,81.669519,568.107898
-48.694018,106.632262,566.355957
-40.078259,126.065133,562.209912
-28.973202,140.642583,556.637241
-16.577914,152.268120,550.853762
-3.586677,162.466811,545.985802
9.532590,172.389014,542.765492
22.351002,-176.893605,541.357058
34.314997,-164.076455,541.371504
44.514575,-147.378806,542.060906
51.388254,-125.058068,542.620156
52.974342,-98.349280,542.490857
48.649340,-73.218927,541.567809
39.942300,-53.710524,540.243925
28.745151,-39.112358,539.279401
16.279739,-27.482703,539.533799
3.068437,-12.143112,541.688971
-10.049181,-2.208911,545.834009
-22.821378,8.541768,551.524014
-34.695097,21.413461,557.778010
-44.763997,38.171364,563.346722
-51.484703,60.490708,567.051190
-52.951638,87.042289,568.102719
-48.599282,111.942418,566.313026
-39.937493,131.296443,562.139605
-28.807845,145.820137,556.555489
-16.400323,157.416573,550.777616
-3.404376,167.604085,545.928720
9.713739,177.529815,542.733841
22.524582,-171.733477,541.348958
34.471480,-158.875815,541.378406
44.637324,-142.109957,542.071267
51.450570,-119.707666,542.623902
52.953196,-92.973723,542.483115
48.553518,-67.907107,541.550730
39.800186,-48.478670,540.226047
28.578635,-33.934690,539.272710
16.101387,-22.334217,539.549403
2.885858,-7.005809,541.733172
-10.229994,2.932202,545.904213
-22.994003,13.702514,551.609743
-34.850027,26.614974,557.863018
-44.884697,43.440860,563.413343
-51.544953,65.840106,567.085150
-52.929428,92.414688,568.096981
-48.503713,117.251416,566.269628
-39.796264,136.526811,562.069022
-28.642249,150.997136,556.473702
-16.222621,162.564761,550.701655
-3.222053,172.741311,545.871967
9.894830,-177.329232,542.702547
22.698001,-166.572950,541.341136
34.627632,-153.674426,541.385437
44.759436,-136.839977,542.081597
51.511838,-114.356318,542.627506
52.930868,-87.598542,542.475211
48.456856,-62.596466,541.533570
39.657610,-43.247769,540.208238
28.411885,-28.757580,539.266259
15.922931,-17.185996,539.565374
2.703263,-1.868550,541.777770
-10.410741,8.073472,545.974722
-23.166458,18.863665,551.695582
-35.004616,31.817236,557.947889
-45.004757,48.711478,563.479595
-51.604162,71.190417,567.118587
-52.906056,97.786697,568.090685
-48.407319,122.559254,566.225763
-39.654576,141.756241,561.998165
-28.476417,156.173584,556.391882
-16.044811,167.712686,550.625883
-3.039707,177.878489,545.815544
10.075863,-172.188122,542.671612
22.871257,-161.412017,541.333592
34.783447,-148.472283,541.392594
44.880908,-131.568862,542.091893
51.572053,-109.004034,542.630968
52.907359,-82.223755,542.467146
48.359359,-57.287005,541.516329
39.514574,-38.017814,540.190501
28.244904,-23.581023,539.260051
15.744373,-12.038038,539.581714
2.520655,3.268665,541.822764
-10.591420,13.214902,546.045533
-23.338741,24.025225,551.781527
-35.158862,37.020256,558.032620
-45.124171,53.983219,563.545475
-51.662325,76.541629,567.151499
-52.881523,103.158296,568.083831
-48.310104,127.865929,566.181433
-39.512433,146.984741,561.927039
-28.310350,161.349486,556.310034
-15.866893,172.860353,550.550302
-2.857340,-176.984376,545.759452
10.256836,-167.046855,542.641034
23.044348,-156.250677,541.326323
34.938924,-143.269380,541.399875
45.001734,-126.296607,542.102155
51.631211,-103.650827,542.634286
52.882672,-76.849384,542.458921
48.261033,-51.978726,541.499011
39.371085,-32.788801,540.172840
28.077693,-18.405016,539.254089
15.565714,-6.890338,539.598424
2.338035,8.405840,541.868154
-10.772032,18.356494,546.116645
-23.510851,29.187198,551.867577
-35.312761,42.224036,558.117207
-45.242933,59.256087,563.610981
-51.719436,81.893729,567.183886
-52.855831,108.529468,568.076419
-48.212074,133.171441,566.136642
-39.369839,152.212315,561.855646
-28.144052,166.524847,556.228159
-15.688870,178.007764,550.474915
-2.674954,-171.847282,545.703692
10.437748,-161.905426,542.610814
23.217273,-151.088923,541.319328
35.094059,-138.065712,541.407278
45.121907,-121.023210,542.112379
51.689305,-98.296709,542.637461
52.856809,-71.475446,542.450537
48.161885,-46.671630,541.481615
39.227144,-27.560722,540.155255
27.910254,-13.229552,539.248374
15.386955,-1.742893,539.615504
2.155403,13.542978,541.913939
-10.952573,23.498252,546.188055
-23.682787,34.349588,551.953727
-35.466310,47.428584,558.201647
-45.361039,64.530087,563.676110
-51.775492,87.246706,567.215745
-52.828983,113.900192,568.068450
-48.113236,138.475789,566.091390
-39.226797,157.438968,561.783990
-27.977525,171.699670,556.146263
-15.510741,-176.845077,550.399724
-2.492549,-166.710226,545.648266
10.618598,-156.763832,542.580950
23.390029,-145.926753,541.312604
35.248849,-132.861272,541.414801
45.241423,-115.748667,542.122563
51.746332,-92.941692,542.640490
52.829773,-66.101962,542.441993
48.061920,-41.365718,541.464145
39.082757,-22.333574,540.137751
27.742591,-8.054628,539.242910
15.208098,3.404299,539.632957
1.972761,18.680082,541.960119
-11.133044,28.640179,546.259761
-23.854545,39.512399,552.039974
-35.619506,52.633905,558.285936
-45.478483,69.805220,563.740859
-51.830487,92.600546,567.247075
-52.800981,119.270451,568.059924
-48.013594,143.778971,566.045681
-39.083313,162.664708,561.712073
-27.810770,176.873962,556.064347
-15.332510,-171.698167,550.324732
-2.310126,-161.573206,545.593174
10.799384,-151.622070,542.551442
23.562615,-140.764161,541.306150
35.403291,-127.656055,541.422441
45.360277,-110.472975,542.132707
51.802286,-87.585790,542.643373
52.801566,-60.728950,542.433291
47.961145,-36.060991,541.446601
38.937928,-17.107349,540.120328
27.574705,-2.880239,539.237697
15.029144,8.551243,539.650783
1.790110,23.817154,542.006693
-11.313442,33.782278,546.331762
-24.026124,44.675635,552.126315
-35.772346,57.840004,558.370071
-45.595260,75.081490,563.805224
-51.884418,97.955238,567.277876
-52.771829,124.640225,568.050843
-47.913156,149.080987,565.999516
-38.939390,167.889538,561.639899
-27.643790,-177.952274,555.982415
-15.154176,-166.551503,550.249942
-2.127687,-156.436218,545.538418
10.980105,-146.480138,542.522290
23.735029,-135.601145,541.299965
35.557381,-122.450056,541.430196
45.478462,-105.196131,542.142807
51.857163,-82.229013,542.646109
52.772191,-55.356429,542.424431
47.859564,-30.757450,541.428986
38.792661,-11.882043,540.102989
27.406599,2.293621,539.232738
14.850095,13.697941,539.668984
1.607451,28.954197,542.053660
-11.493767,38.924551,546.404054
-24.197523,49.839300,552.212746
-35.924826,63.046887,558.454048
-45.711365,80.358899,563.869204
-51.937278,103.310768,567.308146
-52.741528,130.009498,568.041205
-47.811925,154.381837,565.952897
-38.795031,173.113464,561.567471
-27.476588,-172.779033,555.900472
-14.975742,-161.405080,550.175355
-1.945232,-151.299261,545.483998
11.160761,-141.338032,542.493493
23.907269,-130.437699,541.294046
35.711115,-117.243269,541.438063
45.595974,-99.918131,542.152863
51.910958,-76.871377,542.648698
52.741650,-49.984418,542.415413
47.757185,-25.455095,541.411302
38.646959,-6.657649,540.085737
27.238275,7.466956,539.228036
14.670952,18.844398,539.687559
1.424785,34.091214,542.101020
-11.674018,44.067003,546.476636
-24.368740,55.003399,552.299265
-36.076944,68.254559,558.537864
-45.826791,85.637450,563.932796
-51.989064,108.667123,567.337884
-52.710082,135.378250,568.031013
-47.709909,159.681519,565.905827
-38.650241,178.336493,561.494793
-27.309164,-167.606310,555.818519
-14.797209,-156.258897,550.100975
-1.762764,-146.162331,545.429917
11.341350,-136.195749,542.465050
24.079333,-125.273820,541.288392
35.864492,-112.035688,541.446041
45.712806,-94.638974,542.162871
51.963665,-71.512895,542.651138
52.709948,-44.612936,542.406238
47.654013,-20.153927,541.393549
38.500827,-1.434162,540.068575
27.069734,12.639770,539.223592
14.491716,23.990615,539.706512
1.242113,39.228207,542.148773
-11.854193,49.209635,546.549506
-24.539772,60.167936,552.385868
-36.228695,73.463026,558.621515
-45.941534,90.917146,563.995998
-52.039772,114.024289,567.367088
-52.677494,140.746464,568.020267
-47.607113,164.980034,565.858308
-38.505023,-176.441370,561.421867
-27.141522,-162.434100,555.736561
-14.618577,-151.112949,550.026805
-1.580282,-141.025425,545.376174
11.521870,-131.053287,542.436962
24.251220,-120.109503,541.283000
36.017506,-106.827307,541.454127
45.828953,-89.358655,542.172831
52.015282,-66.153580,542.653428
52.677085,-39.242001,542.396907
47.550054,-14.853945,541.375731
38.354268,3.788424,540.051504
26.900980,17.812069,539.219409
14.312389,29.136598,539.725841
1.059437,44.365179,542.196917
-12.034291,54.352452,546.622661
-24.710618,65.332914,552.472552
-36.380077,78.672294,558.704998
-46.055588,96.197990,564.058805
-52.089397,119.382252,567.395758
-52.643766,146.114122,568.008967
-47.503543,170.277382,565.810342
-38.359382,-171.220120,561.348697
-26.973663,-157.262400,555.654600
-14.439850,-145.967234,549.952845
-1.397788,-135.888541,545.322771
11.702320,-125.910641,542.409226
24.422926,-114.944744,541.277869
36.170156,-101.618121,541.462319
45.944411,-84.077172,542.182739
52.065802,-60.793446,542.655569
52.643067,-33.871630,542.387420
47.445314,-9.555150,541.357849
38.207287,9.010115,540.034527
26.732013,22.983856,539.215488
14.132972,34.282348,539.745549
0.876756,49.502134,542.245452
-12.214311,59.495455,546.696099
-24.881276,70.498339,552.559313
-36.531085,83.882368,558.788310
-46.168948,101.479983,564.121216
-52.137934,124.740999,567.423892
-52.608902,151.481207,567.997114
-47.399204,175.573562,565.761932
-38.213321,-165.999751,561.275286
-26.805590,-152.091204,555.572640
-14.261027,-140.821748,549.879100
-1.215283,-130.751677,545.269709
11.882700,-120.767810,542.381844
24.594452,-109.779539,541.272997
36.322436,-96.408124,541.470614
46.059172,-78.794524,542.192595
52.115222,-55.432508,542.657558
52.607895,-28.501842,542.377777
47.339799,-4.257541,541.339904
38.059887,14.230916,540.017646
26.562838,28.155137,539.211832
13.953466,39.427869,539.765636
0.694074,54.639074,542.294377
-12.394251,64.638649,546.769817
-25.051744,75.664214,552.646149
-36.681718,89.093254,558.871447
-46.281607,106.763128,564.183228
-52.185381,130.100514,567.451489
-52.572904,156.847701,567.984708
-47.294103,-179.131424,565.713079
-38.066843,-160.780257,561.201637
-26.637305,-146.920508,555.490685
-14.082110,-135.676488,549.805572
-1.032768,-125.614828,545.216988
12.063007,-115.624789,542.354813
24.765794,-104.613884,541.268383
36.474345,-91.197310,541.479010
46.173231,-73.510706,542.202397
52.163537,-50.070780,542.659396
52.571573,-23.132655,542.367981
47.233514,1.038883,541.321899
37.912072,19.450833,540.000865
26.393455,33.325915,539.208443
13.773873,44.573164,539.786104
0.511389,59.776001,542.343692
-12.574110,69.782036,546.843814
-25.222020,80.830544,552.733055
-36.831971,94.304957,558.954405
-46.393562,112.047427,564.244839
-52.231731,135.460783,567.478548
-52.535777,162.213588,567.971751
-47.188245,-173.837577,565.663786
-37.919954,-155.561632,561.127754
-26.468809,-141.750307,555.408737
-13.903101,-130.531451,549.732262
-0.850244,-120.477993,545.164611
12.243242,-110.481577,542.328134
24.936950,-99.447773,541.264024
36.625879,-85.985674,541.487506
46.286583,-68.225718,542.212142
52.210743,-44.708278,542.661082
52.534105,-17.764086,542.358030
47.126466,6.334121,541.303836
37.763847,24.669873,539.984185
26.223867,38.496196,539.205323
13.594194,49.718237,539.806952
0.328705,64.912918,542.393396
-12.753888,74.925619,546.918087
-25.392102,85.997333,552.820029
-36.981840,99.517484,559.037181
-46.504805,117.332881,564.306046
-52.276982,140.821792,567.505068
-52.497523,167.578850,567.958243
-47.081635,-168.544895,565.614056
-37.772655,-150.343872,561.053639
-26.300106,-136.580598,555.326800
-13.724000,-125.386633,549.659174
-0.667713,-115.341169,545.112577
12.423401,-105.338168,542.301806
25.107919,-94.281204,541.259918
36.777033,-80.773210,541.496097
46.399223,-62.939556,542.221829
52.256836,-39.345015,542.662614
52.495494,-12.396151,542.347927
47.018661,11.628174,541.285715
37.615213,29.888040,539.967608
26.054075,43.665984,539.202474
13.414431,54.863091,539.828183
0.146021,70.049828,542.443488
-12.933582,80.069402,546.992634
-25.561989,91.164585,552.907067
-37.131323,104.730839,559.119772
-46.615332,122.619494,564.366846
-52.321129,146.183525,567.531048
-52.458146,172.943471,567.944185
-46.974279,-163.253378,565.563890
-37.624951,-145.126970,560.979297
-26.131196,-131.411374,555.244877
-13.544809,-120.242032,549.586309
-0.485174,-110.204352,545.060888
12.603484,-100.194562,542.275828
25.278699,-89.114170,541.256064
36.927805,-75.559912,541.504783
46.511143,-57.652220,542.231455
52.301812,-33.981008,542.663993
52.455743,-7.028869,542.337671
46.910103,16.921045,541.267541
37.466176,35.105341,539.951137
25.884083,48.835284,539.199898
13.234584,60.007729,539.849797
-0.036661,75.186735,542.493968
-13.113191,85.213387,547.067452
-25.731677,96.332305,552.994166
-37.280415,109.945029,559.202175
-46.725136,127.907266,564.427236
-52.364169,151.545966,567.556487
-52.417650,178.307435,567.929578
-46.866184,-157.963025,565.513291
-37.476846,-139.910921,560.904729
-25.962082,-126.242634,555.162972
-13.365530,-115.097644,549.513671
-0.302631,-105.067541,545.009545
12.783491,-95.050754,542.250199
25.449288,-83.946669,541.252459
37.078190,-70.345774,541.513560
46.622339,-52.363706,542.241020
52.345666,-28.616273,542.665217
52.414857,-1.662256,542.327264
46.800800,22.212733,541.249313
37.316740,40.321781,539.934775
25.713891,54.004100,539.197598
13.054655,65.152154,539.871794
-0.219340,80.323639,542.544833
-13.292715,90.357578,547.142539
-25.901166,101.500497,553.081322
-37.429114,115.160058,559.284385
-46.834213,133.196198,564.487215
-52.406098,156.909101,567.581384
-52.376038,-176.329275,567.914422
-46.757354,-152.673835,565.462262
-37.328344,-134.695719,560.829941
-25.792767,-121.074370,555.081087
-13.186163,-109.953465,549.441261
-0.120082,-99.930733,544.958547
12.963419,-89.906741,542.224919
25.619683,-78.778696,541.249102
37.228186,-65.130791,541.522427
46.732805,-47.074014,542.250521
52.388395,-23.250825,542.666286
52.372838,3.703671,542.316705
46.690756,27.503239,541.231034
37.166907,45.537367,539.918524
25.543502,59.172436,539.195574
12.874645,70.296369,539.894177
-0.402015,85.460545,542.596085
-13.472151,95.501978,547.217893
-26.070453,106.669165,553.168533
-37.577415,120.375933,559.366399
-46.942557,138.486293,564.546780
-52.446911,162.272913,567.605737
-52.333314,-170.966675,567.898718
-46.647796,-147.385805,565.410805
-37.179447,-129.481359,560.754934
-25.623251,-115.906580,554.999226
-13.006710,-104.809494,549.369082
0.062469,-94.793924,544.907897
13.143266,-84.762521,542.199986
25.789883,-73.610246,541.245991
37.377789,-59.914956,541.531382
46.842535,-41.783142,542.259956
52.429994,-17.884679,542.667199
52.329691,9.068897,542.305997
46.579978,32.792567,541.212707
37.016681,50.752103,539.902387
25.372919,64.340297,539.193830
12.694556,75.440378,539.916945
-0.584686,90.597455,542.647721
-13.651499,100.646590,547.293511
-26.239536,111.838314,553.255794
-37.725316,125.592660,559.448215
-47.050161,143.777551,564.605927
-52.486605,167.637386,567.629547
-52.289482,-165.604780,567.882467
-46.537514,-142.098936,565.358921
-37.030159,-124.267834,560.679713
-25.453537,-110.739259,554.917393
-12.827173,-99.665727,549.297136
0.245023,-89.657113,544.857595
13.323033,-79.618089,542.175400
25.959885,-68.441315,541.243124
37.526994,-54.698265,541.540421
46.951524,-36.491088,542.269325
52.470460,-12.517854,542.667956
52.285420,14.433405,542.295139
46.468472,38.080716,541.194332
36.866067,55.965996,539.886365
25.202142,69.507688,539.192367
12.514389,80.584183,539.940099
-0.767349,95.734372,542.699742
-13.830758,105.791418,547.369390
-26.408413,117.007948,553.343103
-37.872812,130.810243,559.529828
-47.157021,149.069974,564.664655
-52.525178,173.002504,567.652812
-52.244545,-160.243605,567.865670
-46.426516,-136.813225,565.306614
-36.880484,-119.055140,560.604280
-25.283627,-105.572403,554.835590
-12.647551,-94.522160,549.225426
0.427578,-84.520295,544.807642
13.502718,-74.473443,542.151161
26.129688,-63.271898,541.240498
37.675799,-49.480711,541.549543
47.059765,-31.197851,542.278623
52.509790,-7.150365,542.668555
52.240029,19.797179,542.284133
46.356242,43.367689,541.175912
36.715067,61.179051,539.870462
25.031175,74.674612,539.191188
12.334145,85.727789,539.963640
-0.950006,100.871299,542.752145
-14.009925,110.936464,547.445529
-26.577082,122.178072,553.430455
-38.019899,136.028689,559.611236
-47.263130,154.363561,564.722961
-52.562624,178.368250,567.675530
-52.198508,-154.883166,567.848328
-46.314805,-131.528670,565.253887
-36.730425,-113.843270,560.528639
-25.113523,-100.406007,554.753821
-12.467848,-89.378791,549.153953
0.610134,-79.383470,544.758039
13.682319,-69.328580,542.127267
26.299289,-58.101991,541.238112
37.824199,-44.262288,541.558745
47.167253,-25.903431,542.287851
52.547978,-1.782229,542.668998
52.193521,25.160204,542.272979
46.243296,48.653488,541.157450
36.563686,66.391274,539.854679
24.860019,79.841075,539.190293
12.153826,90.871197,539.987570
-1.132654,106.008237,542.804931
-14.189000,116.081731,547.521925
-26.745542,127.348691,553.517849
-38.166575,141.248003,559.692434
-47.368484,159.658315,564.780843
-52.598941,-176.265393,567.697702
-52.151374,-149.523479,567.830442
-46.202387,-126.245270,565.200741
-36.579986,-108.632219,560.452793
-24.943227,-95.240067,554.672089
-12.288063,-84.235616,549.082721
0.792688,-74.246633,544.708785
13.861834,-64.183496,542.103717
26.468687,-52.931589,541.235965
37.972192,-39.042991,541.568025
47.273981,-20.607825,542.297007
52.585023,3.586537,542.669282
52.145901,30.522465,542.261678
46.129637,53.938115,541.138946
36.411926,71.602671,539.839020
24.688675,85.007080,539.189686
11.973432,96.014411,540.011888
-1.315293,111.145191,542.858097
-14.367981,121.227223,547.598575
-26.913789,132.519808,553.605279
-38.312835,146.468190,559.773420
-47.473075,164.954236,564.838298
-52.634126,-170.898441,567.719326
-52.103149,-144.164556,567.812012
-46.089269,-120.963022,565.147179
-36.429171,-103.421981,560.376746
-24.772741,-90.074578,554.590398
-12.108199,-79.092632,549.011731
0.975240,-69.109782,544.659883
14.041264,-59.038188,542.080511
26.637879,-47.760688,541.234053
38.119772,-33.822815,541.577381
47.379945,-15.311034,542.306088
52.620921,8.955915,542.669407
52.097174,35.883946,542.250232
46.015273,59.221571,541.120403
36.259792,76.813248,539.823486
24.517147,90.172632,539.189368
11.792965,101.157435,540.036595
-1.497921,116.282163,542.911644
-14.546868,126.372944,547.675477
-27.081822,137.691428,553.692743
-38.458676,151.689258,559.854190
-47.576900,170.251323,564.895324
-52.668175,-165.530912,567.740402
-52.053835,-138.806414,567.793041
-45.975456,-115.681925,565.093203
-36.277982,-98.212551,560.300500
-24.602066,-84.909537,554.508750
-11.928256,-73.949836,548.940986
1.157790,-63.972915,544.611333
14.220606,-53.892654,542.057648
26.806863,-42.589284,541.232374
38.266937,-28.601752,541.586810
47.485137,-10.013057,542.315093
52.655668,14.325888,542.669373
52.047342,41.244632,542.238640
45.900209,64.503860,541.101823
36.107286,82.023010,539.808080
24.345436,95.337734,539.189341
11.612426,106.300271,540.061692
-1.680538,121.419155,542.965571
-14.725658,131.518896,547.752629
-27.249639,142.863556,553.780238
-38.604093,156.911210,559.934741
-47.679951,175.549578,564.951919
-52.701085,-160.162822,567.760929
-52.003438,-133.449066,567.773528
-45.860953,-110.401976,565.038817
-36.126423,-93.003923,560.224060
-24.431205,-79.744939,554.427148
-11.748236,-68.807226,548.870487
1.340335,-58.836028,544.563135
14.399858,-48.746888,542.035126
26.975638,-37.417371,541.230928
38.413682,-23.379798,541.596310
47.589554,-4.713894,542.324020
52.689260,19.696439,542.669180
51.996412,46.604510,542.226905
45.784450,69.784983,541.083208
35.954412,87.231963,539.792804
24.173543,100.502393,539.189608
11.431817,111.442922,540.087180
-1.863142,126.556170,543.019875
-14.904350,136.665082,547.830027
-27.417238,148.036196,553.867760
-38.749084,162.134053,560.015069
-47.782223,-179.151000,565.008079
-52.732853,-154.794191,567.780905
-51.951961,-128.092526,567.753474
-45.745765,-105.123172,564.984022
-35.974498,-87.796092,560.147428
-24.260159,-74.580780,554.345597
-11.568140,-63.664798,548.800238
1.522874,-53.699119,544.515290
14.579021,-43.600890,542.012946
27.144200,-32.244945,541.229712
38.560003,-18.156947,541.605879
47.693187,0.586457,542.332867
52.721696,25.067548,542.668826
51.944387,51.963565,542.215026
45.668002,75.064944,541.064560
35.801174,92.440113,539.777661
24.001472,105.666611,539.190169
11.251139,116.585392,540.113060
-2.045732,131.693211,543.074557
-15.082944,141.811506,547.907669
-27.584616,153.209353,553.955305
-38.893644,167.357792,560.095171
-47.883710,-173.850411,565.063803
-52.763476,-149.425035,567.800331
-51.899409,-122.736807,567.732882
-45.629899,-99.845511,564.928821
-35.822209,-82.589052,560.070607
-24.088931,-69.417056,554.264098
-11.387969,-58.522548,548.730240
1.705407,-48.562185,544.467799
14.758091,-38.454654,541.991105
27.312548,-27.072001,541.228723
38.705897,-12.933192,541.615515
47.796032,5.887994,542.341633
52.752971,30.439199,542.668312
51.891272,57.321783,542.203004
45.550871,80.343745,541.045881
35.647575,97.647465,539.762654
23.829223,110.830392,539.191028
11.070393,121.727683,540.139331
-2.228307,136.830281,543.129614
-15.261437,146.958172,547.985553
-27.751771,158.383031,554.042871
-39.037768,172.582434,560.175044
-47.984407,-168.548655,565.119088
-52.792952,-144.055373,567.819205
-51.845786,-117.381924,567.711751
-45.513359,-94.568990,564.873217
-35.669560,-77.382797,559.993602
-23.917522,-64.253762,554.182656
-11.207724,-53.380475,548.660495
1.887933,-43.425224,544.420662
14.937069,-33.308178,541.969604
27.480679,-21.898536,541.227960
38.851360,-7.708529,541.625215
47.898082,11.190717,542.350316
52.783083,35.811373,542.667637
51.837071,62.679150,542.190842
45.433062,85.621388,541.027172
35.493619,102.854025,539.747784
23.656798,115.993742,539.192185
10.889580,126.869799,540.165995
-2.410866,141.967383,543.185047
-15.439829,152.105081,548.063676
-27.918702,163.557236,554.130453
-39.181455,177.807982,560.254684
-48.084307,-163.245734,565.173932
-52.821277,-138.685223,567.837527
-51.791098,-112.027889,567.690083
-45.396151,-89.293607,564.817212
-35.516555,-72.177321,559.916416
-23.745934,-59.090895,554.101274
-11.027407,-48.238575,548.591006
2.070450,-38.288232,544.373880
15.115952,-28.161459,541.948440
27.648592,-16.724543,541.227421
38.996388,-2.482951,541.634976
47.999332,16.494627,542.358915
52.812028,41.184050,542.666800
51.781790,68.035653,542.178539
45.314581,90.897878,541.008438
35.339308,108.059800,539.733054
23.484200,121.156665,539.193644
10.708701,132.011742,540.193052
-2.593408,147.104519,543.240854
-15.618117,157.252239,548.142036
-28.085405,168.731971,554.218049
-39.324699,-176.965556,560.334088
-48.183406,-157.941646,565.228332
-52.848449,-133.314603,567.855295
-51.735348,-106.674715,567.667880
-45.278280,-84.019358,564.760809
-35.363196,-66.972620,559.839051
-23.574169,-53.928450,554.019954
-10.847019,-43.096844,548.521774
2.252958,-33.151206,544.327454
15.294740,-23.014493,541.927614
27.816284,-11.550019,541.227104
39.140976,2.743547,541.644798
48.099776,21.799722,542.367428
52.839805,46.557213,542.665801
51.725432,73.391279,542.166097
45.195432,96.173216,540.989678
35.184646,113.264793,539.718467
23.311431,126.319163,539.195404
10.527759,137.153517,540.220503
-2.775932,152.241692,543.297033
-15.796301,162.399647,548.220629
-28.251879,173.907242,554.305654
-39.467496,-171.738175,560.413253
-48.281696,-152.636394,565.282287
-52.874466,-127.943532,567.872511
-51.678542,-101.322415,567.645141
-45.159752,-78.746241,564.704010
-35.209486,-61.768688,559.761511
-23.402229,-48.766424,553.938700
-10.666561,-37.955280,548.452803
2.435455,-28.014145,544.281383
15.473430,-17.867277,541.907123
27.983752,-6.374959,541.227006
39.285121,7.970971,541.654677
48.199408,27.106003,542.375852
52.866411,51.930842,542.664640
51.668003,78.746015,542.153516
45.075623,101.447406,540.970895
35.029636,118.469012,539.704025
23.138491,131.481243,539.197470
10.346753,142.295125,540.248349
-2.958436,157.378905,543.353584
-15.974380,167.547310,548.299454
-28.418122,179.083053,554.393266
-39.609843,-166.509870,560.492175
-48.379173,-147.329979,565.335794
-52.899324,-122.572028,567.889172
-51.620683,-95.971001,567.621869
-45.040572,-73.474252,564.646819
-35.055430,-56.565519,559.683801
-23.230115,-43.604811,553.857515
-10.486034,-32.813880,548.384093
2.617940,-22.877046,544.235669
15.652022,-12.719807,541.886967
28.150996,-1.199358,541.227125
39.428819,13.199326,541.664610
48.298221,32.413467,542.384188
52.891842,57.304918,542.663316
51.609507,84.099848,542.140798
44.955157,106.720452,540.952092
34.874282,123.672462,539.689731
22.965384,136.642907,539.199842
10.165685,147.436569,540.276589
-3.140921,162.516161,543.410505
-16.152351,172.695231,548.378507
-28.584131,-175.740591,554.480880
-39.751735,-161.280636,560.570851
-48.475831,-142.022402,565.388851
-52.923022,-117.200111,567.905278
-51.561778,-90.620485,567.598064
-44.920745,-68.203389,564.589237
-34.901030,-51.363107,559.605922
-23.057829,-38.443608,553.776402
-10.305440,-27.672641,548.315647
2.800412,-17.739905,544.190312
15.830514,-7.572081,541.867145
28.318011,3.976789,541.227460
39.572065,18.428619,541.674597
48.396210,37.722114,542.392432
52.916097,62.679423,542.661829
51.549950,89.452766,542.127944
44.834041,111.992356,540.933271
34.718586,128.875148,539.675586
22.792110,141.804160,539.202522
9.984557,152.577854,540.305224
-3.323383,167.653462,543.467796
-16.330213,177.843413,548.457786
-28.749903,-170.563686,554.568495
-39.893169,-156.050466,560.649278
-48.571663,-136.713664,565.441456
-52.945557,-111.827799,567.920829
-51.501830,-85.270879,567.573729
-44.800276,-62.933647,564.531268
-34.746289,-46.161448,559.527878
-22.885374,-33.282812,553.695365
-10.124779,-22.531560,548.247467
2.982870,-12.602719,544.145313
16.008904,-2.424095,541.847656
28.484797,9.153487,541.228008
39.714856,23.658855,541.684634
48.493369,43.031943,542.400583
52.939173,68.054336,542.660179
51.489337,94.804757,542.114955
44.712280,117.263123,540.914433
34.562553,134.077076,539.661593
22.618672,146.965006,539.205512
9.803369,157.718981,540.334256
-3.505823,172.790811,543.525454
-16.507966,-177.008141,548.537288
-28.915438,-165.386226,554.656105
-40.034140,-150.819355,560.727453
-48.666664,-131.403767,565.493605
-52.966928,-106.455112,567.935823
-51.440845,-79.922194,567.548863
-44.679171,-57.665023,564.472913
-34.591211,-40.960535,559.449673
-22.712750,-28.122417,553.614406
-9.944054,-17.390634,548.179555
3.165312,-7.465487,544.100671
16.187192,2.724155,541.828499
28.651351,14.330740,541.228768
39.857188,28.890040,541.694720
48.589692,48.342951,542.408640
52.961067,73.429638,542.658366
51.427672,100.155809,542.101832
44.589880,122.532755,540.895580
34.406184,139.278251,539.647756
22.445072,152.125449,539.208814
9.622123,162.859954,540.363683
-3.688239,177.928210,543.583480
-16.685608,-171.859427,548.617011
-29.080732,-160.208207,554.743708
-40.174645,-145.587298,560.805372
-48.760828,-126.092713,565.545298
-52.987132,-101.082068,567.950262
-51.378827,-74.574441,567.523468
-44.557436,-52.397514,564.414177
-34.435798,-35.760363,559.371310
-22.539960,-22.962420,553.533528
-9.763264,-12.249860,548.111913
3.347739,-2.328205,544.056388
16.365376,7.872672,541.809672
28.817669,19.508553,541.229736
39.999055,34.122179,541.704851
48.685173,53.655138,542.416602
52.981779,78.805309,542.656388
51.364960,105.505912,542.088576
44.466845,127.801257,540.876716
34.249484,144.478680,539.634075
22.271310,157.285493,539.212430
9.440821,168.000776,540.393508
-3.870631,-176.934336,543.641870
-16.863136,-166.710442,548.696951
-29.245783,-155.029624,554.831300
-40.314678,-140.354289,560.883031
-48.854150,-120.780504,565.596532
-53.006167,-95.708689,567.964143
-51.315782,-69.227632,567.497546
-44.435074,-47.131116,564.355061
-34.280053,-30.560927,559.292793
-22.367006,-17.802817,553.452735
-9.582412,-7.109234,548.044544
3.530148,2.809130,544.012464
16.543454,13.021459,541.791175
28.983751,24.686932,541.230912
40.140454,39.355278,541.715027
48.779805,58.968500,542.424466
53.001305,84.181330,542.654246
51.301208,110.855053,542.075188
44.343180,133.068633,540.857842
34.092455,149.678368,539.620554
22.097390,162.445143,539.216361
9.259462,173.141450,540.423729
-4.052996,-171.796826,543.700625
-17.040551,-161.561182,548.777106
-29.410589,-149.850473,554.918877
-40.454237,-135.120322,560.960429
-48.946623,-115.467143,565.647304
-53.024032,-90.334992,567.977467
-51.251714,-63.881778,567.471098
-44.312092,-41.865826,564.295569
-34.123980,-25.362221,559.214124
-22.193888,-12.643604,553.372030
-9.401498,-1.968755,547.977448
3.712539,7.946520,543.968899
16.721425,18.170520,541.773005
29.149594,29.865880,541.232292
40.281381,44.589343,541.725243
48.873584,64.283037,542.432231
53.019644,89.557680,542.651940
51.236419,116.203222,542.061669
44.218892,138.334886,540.838959
33.935101,154.877320,539.607194
21.923313,167.604401,539.220609
9.078049,178.281978,540.454348
-4.235335,-166.659257,543.759743
-17.217850,-156.411645,548.857474
-29.575147,-144.670748,555.006437
-40.593316,-129.885393,561.037561
-49.038241,-110.152632,565.697614
-53.040724,-84.960998,567.990232
-51.186629,-58.536887,567.444125
-44.188494,-36.601638,564.235702
-33.967582,-20.164239,559.135308
-22.020610,-7.484777,553.291416
-9.220524,3.171581,547.910628
3.894910,13.083968,543.925693
16.899288,23.319859,541.755163
29.315195,35.045403,541.233875
40.421832,49.824379,541.735499
48.966503,69.598745,542.439896
53.036795,94.934338,542.649469
51.170599,121.550408,542.048021
44.093986,143.600020,540.820071
33.777424,160.075542,539.593999
21.749080,172.763273,539.225176
8.896583,-176.577636,540.485365
-4.417645,-161.521626,543.819222
-17.395031,-151.261825,548.938051
-29.739455,-139.490444,555.093976
-40.731912,-124.649496,561.114424
-49.129000,-104.836974,565.747457
-53.056243,-79.586726,568.002440
-51.120532,-53.192972,567.416628
-44.064286,-31.338551,564.175464
-33.810862,-14.966977,559.056347
-21.847172,-2.326332,553.210896
-9.039490,8.311778,547.844087
4.077260,18.221476,543.882847
17.077041,28.469478,541.737647
29.480552,40.225506,541.235659
40.561801,55.060391,541.745792
49.058555,74.915621,542.447459
53.052754,100.311286,542.646833
51.103754,126.896602,542.034244
43.968466,148.864040,540.801180
33.619428,165.273040,539.580971
21.574693,177.921762,539.230064
8.715064,-171.437390,540.516780
-4.599926,-156.383930,543.879062
-17.572095,-146.111721,549.018835
-29.903511,-134.309557,555.181489
-40.870020,-119.412625,561.191015
-49.218892,-99.520172,565.796834
-53.070587,-74.212197,568.014088
-51.053428,-47.850041,567.388610
-43.939472,-26.076559,564.114858
-33.653821,-9.770429,558.977246
-21.673576,2.831735,553.130473
-8.858399,13.451837,547.777825
4.259589,23.359049,543.840361
17.254682,33.619381,541.720455
29.645663,45.406194,541.237641
40.701286,60.297386,541.756120
49.149736,80.233664,542.454918
53.067522,105.688502,542.644032
51.035889,132.241792,542.020340
43.842338,154.126949,540.782287
33.461116,170.469818,539.568112
21.400154,-176.920128,539.235275
8.533494,-166.297280,540.548593
-4.782177,-151.246166,543.939260
-17.749038,-140.961328,549.099822
-30.067312,-129.128081,555.268974
-41.007636,-114.174775,561.267331
-49.307913,-94.202230,565.845740
-53.083753,-68.837430,568.025178
-50.985323,-42.508104,567.360071
-43.814058,-20.815658,564.053885
-33.496465,-4.574590,558.898006
-21.499824,7.989427,553.050150
-8.677251,18.591761,547.711845
4.441895,28.496687,543.798236
17.432211,38.769572,541.703587
29.810524,50.587472,541.239819
40.840280,65.535369,541.766481
49.240039,85.552869,542.462273
53.081096,111.065966,542.641066
50.967009,137.585969,542.006310
43.715607,159.388752,540.763395
33.302490,175.665882,539.555424
21.225465,-171.762394,539.240809
8.351875,-161.157303,540.580806
-4.964397,-146.108332,543.999815
-17.925860,-135.810643,549.181011
-30.230855,-123.946013,555.356428
-41.144755,-108.935941,561.343369
-49.396056,-88.883150,565.894175
-53.095742,-63.462447,568.035707
-50.916221,-37.167170,567.331012
-43.688048,-15.555844,563.992550
-33.338795,0.620547,558.818633
-21.325917,13.146750,552.969930
-8.496047,23.731555,547.646148
4.624177,33.634396,543.756471
17.609626,43.920054,541.687041
29.975134,55.769344,541.242191
40.978781,70.774346,541.776871
49.329458,90.873233,542.469521
53.093475,116.443658,542.637934
50.897120,142.929125,541.992156
43.588278,164.649453,540.744507
33.143554,-179.138761,539.542910
21.050627,-166.605030,539.246670
8.170207,-156.017457,540.613417
-5.146583,-140.970425,544.060727
-18.102559,-130.659663,549.262397
-30.394139,-118.763346,555.443846
-41.281374,-103.696118,561.419125
-49.483316,-83.562937,565.942137
-53.106552,-58.087266,568.045677
-50.846128,-31.827249,567.301436
-43.561449,-10.297114,563.930855
-33.180814,5.814985,558.739128
-21.151858,18.303705,552.889816
-8.314788,28.871220,547.580737
4.806433,38.772176,543.715067
17.786924,49.070830,541.670816
30.139490,60.951816,541.244755
41.116783,76.014321,541.787290
49.417987,96.194753,542.476662
53.104657,121.821556,542.634637
50.826227,148.271249,541.977878
43.460357,169.909057,540.725623
32.984310,-173.944107,539.530573
20.875642,-161.448033,539.252858
7.988491,-150.877739,540.646428
-5.328736,-135.832442,544.121992
-18.279134,-125.508384,549.343979
-30.557161,-113.580076,555.531226
-41.417487,-98.455300,561.494596
-49.569686,-78.241594,565.989622
-53.116181,-52.711908,568.055087
-50.775049,-26.488348,567.271343
-43.434264,-5.039462,563.868803
-33.022525,11.008732,558.659497
-20.977648,23.460298,552.809811
-8.133476,34.010759,547.515613
4.988664,43.910030,543.674025
17.964106,54.221905,541.654911
30.303590,66.134892,541.247509
41.254282,81.255300,541.797735
49.505620,101.517425,542.483693
53.114643,127.199640,542.631174
50.754336,153.612333,541.963478
43.331848,175.167568,540.706747
32.824762,-168.750150,539.518414
20.700512,-156.291400,539.259375
7.806730,-145.738145,540.679839
-5.510855,-130.694380,544.183611
-18.455583,-120.356802,549.425754
-30.719918,-108.396198,555.618563
-41.553091,-93.213481,561.569779
-49.655162,-72.919126,566.036630
-53.124630,-47.336394,568.063936
-50.702990,-21.150477,567.240735
-43.306498,0.217115,563.806396
-32.863931,16.201791,558.579741
-20.803289,28.616532,552.729919
-7.952113,39.150176,547.450778
5.170867,49.047963,543.633343
18.141169,59.373281,541.639324
30.467431,71.318579,541.250451
41.391274,86.497289,541.808203
49.592352,106.841244,542.490614
53.123430,132.577889,542.627545
50.681451,158.952368,541.948957
43.202756,-179.575009,540.687881
32.664912,-163.556886,539.506436
20.525238,-151.135126,539.266223
7.624923,-140.598673,540.713649
-5.692937,-125.556236,544.245581
-18.631905,-115.204914,549.507718
-30.882408,-103.211707,555.705855
-41.688181,-87.970658,561.644671
-49.739737,-67.595537,566.083158
-53.131897,-41.960743,568.072225
-50.629956,-15.813644,567.209614
-43.178157,5.472623,563.743637
-32.705036,21.394168,558.499864
-20.628781,33.772412,552.650141
-7.770698,44.289473,547.386234
5.353042,54.185976,543.593024
18.318111,64.524963,541.624054
30.631011,76.502880,541.253577
41.527754,91.740293,541.818693
49.678175,112.166207,542.497423
53.131018,137.956282,542.623751
50.607580,164.291346,541.934317
43.073086,-174.318670,540.669027
32.504763,-158.364307,539.494642
20.349823,-145.979208,539.273403
7.443072,-135.459321,540.747859
-5.874982,-120.418008,544.307902
-18.808098,-110.052716,549.589869
-31.044628,-98.026597,555.793097
-41.822753,-82.726824,561.719268
-49.823405,-62.270833,566.129205
-53.137981,-36.584978,568.079953
-50.555953,-10.477857,567.177981
-43.049245,10.727065,563.680530
-32.545840,26.585869,558.419871
-20.454128,38.927940,552.570482
-7.589233,49.428654,547.321983
5.535187,59.324072,543.553065
18.494932,69.676954,541.609099
30.794326,81.687802,541.256887
41.663718,96.984318,541.829202
49.763086,117.492309,542.504118
53.137406,143.334798,542.619791
50.532727,169.629259,541.919558
42.942844,-169.063410,540.650186
32.344319,-153.172410,539.483034
20.174267,-140.823642,539.280917
7.261178,-130.320084,540.782470
-6.056990,-115.279693,544.370570
-18.984160,-104.900206,549.672204
-31.206576,-92.840864,555.880287
-41.956801,-77.481974,561.793569
-49.906162,-56.945017,566.174768
-53.142882,-31.209117,568.087119
-50.480986,-5.143123,567.145838
-42.919768,15.980447,563.617077
-32.386349,31.776898,558.339763
-20.279329,44.083120,552.490944
-7.407719,54.567720,547.258026
5.717301,64.462254,543.513469
18.671630,74.829258,541.594459
30.957375,86.873348,541.260378
41.799160,102.229368,541.839728
49.847076,122.819544,542.510699
53.142593,148.713417,542.615665
50.456899,174.966099,541.904682
42.812034,-163.809225,540.631363
32.183581,-147.981188,539.471613
19.998572,-135.668424,539.288767
7.079243,-125.180961,540.817480
-6.238957,-110.141288,544.433586
-19.160091,-99.747378,549.754720
-31.368249,-87.654503,555.967420
-42.090322,-72.236104,561.867568
-49.988000,-51.618095,566.219845
-53.146599,-25.833182,568.093724
-50.405061,0.190551,567.113187
-42.789729,21.232772,563.553281
-32.226563,36.967262,558.259546
-20.104388,49.237957,552.411530
-7.226158,59.706675,547.194365
5.899384,69.600525,543.474234
18.848203,79.981877,541.580132
31.120154,92.059525,541.264047
41.934076,107.475449,541.850269
49.930142,128.147908,542.517164
53.146580,154.092117,542.611373
50.380100,-179.698142,541.889691
42.680662,-158.556109,540.612558
32.022553,-142.790637,539.460384
19.822741,-130.513550,539.296954
6.897267,-120.041947,540.852891
-6.420885,-105.002790,544.496946
-19.335888,-94.594230,549.837413
-31.529645,-82.467508,556.054493
-42.223311,-66.989208,561.941264
-50.068915,-46.290073,566.264435
-53.149133,-20.457192,568.099768
-50.328182,5.523157,567.080028
-42.659134,26.484047,563.489145
-32.066487,42.156965,558.179221
-19.929306,54.392453,552.332243
-7.044550,64.845522,547.131002
6.081433,74.738888,543.435362
19.024649,85.134816,541.566117
31.282662,97.246338,541.267893
42.068462,112.722566,541.860822
50.012276,133.477395,542.523511
53.149365,159.470876,542.606915
50.302336,-174.363469,541.874585
42.548731,-153.304058,540.593774
31.861238,-137.600751,539.449347
19.646774,-125.359016,539.305481
6.715252,-114.903042,540.888703
-6.602771,-99.864196,544.560650
-19.511551,-89.440758,549.920282
-31.690761,-77.279875,556.141504
-42.355762,-61.741282,562.014653
-50.148901,-40.960956,566.308536
-53.150482,-15.081170,568.105250
-50.250357,10.854689,567.046364
-42.527987,31.734274,563.424671
-31.906122,47.346012,558.098792
-19.754083,59.546614,552.253086
-6.862897,69.984264,547.067938
6.263449,79.877345,543.396851
19.200968,90.288079,541.552411
31.444895,102.433791,541.271913
42.202313,117.970724,541.871387
50.093473,138.808000,542.529740
53.150948,164.849675,542.602291
50.223614,-169.029892,541.859366
42.416247,-148.053066,540.575013
31.699638,-132.411524,539.438506
19.470673,-120.204820,539.314347
6.533198,-109.764240,540.924915
-6.784614,-94.725503,544.624697
-19.687077,-84.286957,550.003322
-31.851594,-72.091598,556.228447
-42.487673,-56.492320,562.087733
-50.227952,-35.630750,566.352146
-53.150647,-9.705135,568.110170
-50.171590,16.185139,567.012195
-42.396294,36.983460,563.359864
-31.745471,52.534409,558.018264
-19.578723,64.700441,552.174062
-6.681200,75.122903,547.005176
6.445429,85.015900,543.358703
19.377157,95.441669,541.539015
31.606851,107.621890,541.276105
42.335624,123.219928,541.881959
50.173727,144.139717,542.535848
53.151330,170.228491,542.597502
50.143939,-163.697415,541.844036
42.283215,-142.803129,540.556278
31.537755,-127.222952,539.427862
19.294440,-115.050956,539.323555
6.351108,-104.625541,540.961528
-6.966413,-89.586710,544.689083
-19.862464,-79.132826,550.086532
-32.012141,-66.902672,556.315320
-42.619037,-51.242318,562.160499
-50.306062,-30.299462,566.395263
-53.149628,-4.329108,568.114529
-50.091887,21.514502,566.977525
-42.264058,42.231609,563.294725
-31.584537,57.722161,557.937638
-19.403225,69.853940,552.095174
-6.499460,80.261442,546.942717
6.627373,90.154555,543.320916
19.553215,100.595590,541.525926
31.768528,112.810640,541.280467
42.468391,128.470185,541.892538
50.253032,149.472539,542.541836
53.150509,175.607304,542.592547
50.063317,-158.366045,541.828596
42.149640,-137.554242,540.537571
31.375594,-122.035029,539.417418
19.118076,-109.897422,539.333107
6.168982,-99.486940,540.998541
-7.148168,-84.447811,544.753808
-20.037713,-73.978359,550.169908
-32.172400,-61.713091,556.402119
-42.749850,-45.991270,562.232949
-50.383226,-24.967098,566.437886
-53.147424,1.046891,568.118326
-50.011254,26.842771,566.942355
-42.131285,47.478726,563.229259
-31.423323,62.909272,557.856920
-19.227593,75.007114,552.016425
-6.317678,85.399884,546.880561
6.809279,95.293313,543.283492
19.729140,105.749845,541.513142
31.929921,118.000046,541.284996
42.600608,133.721497,541.903120
50.331383,154.806460,542.547700
53.148487,-179.013907,542.587426
49.981753,-153.035789,541.813048
42.015526,-132.306400,540.518893
31.213155,-116.847751,539.407176
18.941583,-104.744213,539.343003
5.986821,-94.348435,541.035955
-7.329876,-79.308806,544.818870
-20.212820,-68.823554,550.253447
-32.332369,-56.522852,556.488841
-42.880108,-40.739172,562.305081
-50.459438,-19.633665,566.480012
-53.144036,6.422840,568.121561
-49.929696,32.169942,566.906685
-41.997980,52.724816,563.163466
-31.261831,68.095749,557.776111
-19.051827,80.159965,551.937817
-6.135855,90.538233,546.818712
6.991147,100.432177,543.246429
19.904932,110.904439,541.500663
32.091029,123.190114,541.289691
42.732270,138.973871,541.913705
50.408774,160.141474,542.553441
53.145263,-173.635164,542.582139
49.899254,-147.706653,541.797392
41.880878,-127.059596,540.500248
31.050443,-111.661111,539.397140
18.764963,-99.591326,539.353246
5.804626,-89.210024,541.073770
-7.511537,-74.169691,544.884268
-20.387784,-63.668406,550.337145
-32.492044,-51.331948,556.575483
-43.009806,-35.486019,562.376890
-50.534693,-14.299169,566.521640
-53.139465,11.798720,568.124234
-49.847219,37.496007,566.870519
-41.864146,57.969885,563.097352
-31.100065,73.281596,557.695215
-18.875929,85.312499,551.859354
-5.953992,95.676490,546.757171
7.172975,105.571150,543.209729
20.080587,116.059374,541.488487
32.251850,128.380849,541.294549
42.863374,144.227312,541.924289
50.485198,165.477573,542.559057
53.140837,-168.256488,542.576688
49.815825,-142.378641,541.781630
41.745700,-121.813828,540.481638
30.887460,-106.475104,539.387310
18.588216,-94.438758,539.363837
5.622399,-84.071703,541.111985
-7.693149,-69.030463,544.949998
-20.562604,-58.512912,550.421001
-32.651423,-46.140374,556.662040
-43.138938,-30.231807,562.448374
-50.608985,-8.963619,566.562767
-53.133711,17.174509,568.126345
-49.763829,42.820962,566.833857
-41.729788,63.213936,563.030918
-30.938025,78.466818,557.614237
-18.699900,90.464719,551.781038
-5.772091,100.814658,546.695939
7.354762,110.710234,543.173390
20.256105,121.214655,541.476612
32.412379,133.572256,541.299567
42.993914,149.481823,541.934871
50.560651,170.814750,542.564547
53.135211,-162.877899,542.571071
49.731472,-137.051760,541.765765
41.609998,-116.569088,540.463065
30.724208,-101.289726,539.377689
18.411345,-89.286504,539.374777
5.440140,-78.933469,541.150600
-7.874713,-63.891119,545.016061
-20.737278,-53.357067,550.505011
-32.810503,-40.948125,556.748509
-43.267501,-24.976531,562.519529
-50.682309,-3.627021,566.603394
-53.126773,22.550187,568.127894
-49.679532,48.144803,566.796702
-41.594911,68.456976,562.964168
-30.775716,83.651421,557.533178
-18.523742,95.616627,551.702872
-5.590152,105.952742,546.635017
7.536507,115.849434,543.137413
20.431484,126.370286,541.465038
32.572615,138.764341,541.304744
43.123884,154.737411,541.945449
50.635126,176.152997,542.569909
53.128385,-157.499420,542.565289
49.646202,-131.726014,541.749796
41.473776,-111.325372,540.444531
30.560689,-96.104972,539.368280
18.234352,-84.134561,539.386067
5.257852,-73.795320,541.189616
-8.056225,-58.751657,545.082453
-20.911804,-48.200869,550.589172
-32.969281,-35.755195,556.834886
-43.395489,-19.720187,562.590354
-50.754658,1.710616,566.643517
-53.118654,27.925734,568.128882
-49.594332,53.467523,566.759055
-41.459519,73.699009,562.897105
-30.613139,88.835409,557.452044
-18.347457,100.768229,551.624859
-5.408178,111.090742,546.574408
7.718209,120.988750,543.101798
20.606723,131.526270,541.453761
32.732554,143.957109,541.310078
43.253281,159.994079,541.956020
50.708618,-178.507693,542.575142
53.120358,-152.121070,542.559341
49.560019,-126.401408,541.733727
41.337039,-106.082674,540.426039
30.396908,-90.920835,539.359085
18.057237,-78.982926,539.397710
5.075534,-68.657253,541.229033
-8.237685,-53.612073,545.149174
-21.086181,-43.044313,550.673480
-33.127755,-30.561580,556.921169
-43.522897,-14.462769,562.660845
-50.826029,7.049284,566.683135
-53.109354,33.301130,568.129308
-49.508237,58.789120,566.720918
-41.323617,78.940040,562.829731
-30.450297,94.018788,557.370836
-18.171046,105.919526,551.547003
-5.226168,116.228663,546.514112
7.899866,126.128187,543.066544
20.781819,136.682612,541.442782
32.892193,149.150565,541.315565
43.382099,165.251833,541.966582
50.781122,-173.167328,542.580246
53.111133,-146.742870,542.553230
49.472931,-121.077946,541.717557
41.199790,-100.840990,540.407591
30.232865,-85.737312,539.350106
17.880002,-73.831595,539.409706
4.893188,-63.519264,541.268849
-8.419093,-48.472365,545.216220
-21.260408,-37.887395,550.757934
-33.285921,-25.367274,557.007354
-43.649720,-9.204273,562.730998
-50.896415,12.388975,566.722246
-53.098873,38.676353,568.129172
-49.421252,64.109587,566.682294
-41.187209,84.180075,562.762050
-30.287192,99.201562,557.289558
-17.994510,111.070524,551.469304
-5.044124,121.366506,546.454131
8.081478,131.267747,543.031652
20.956771,141.839314,541.432097
33.051531,154.344715,541.321204
43.510333,170.510677,541.977133
50.852631,-167.825917,542.585219
53.100710,-141.364843,542.546954
49.384942,-115.755634,541.701290
41.062035,-95.600313,540.389189
30.068564,-80.554396,539.341346
17.702649,-68.680563,539.422057
4.710815,-58.381352,541.309065
-8.600446,-43.332529,545.283591
-21.434481,-32.730113,550.842529
-33.443776,-20.172272,557.093436
-43.775954,-3.944696,562.800811
-50.965811,17.729681,566.760849
-53.087213,44.051383,568.128476
-49.333382,69.428922,566.643183
-41.050300,89.419120,562.694065
-30.123828,104.383736,557.208215
-17.817851,116.221225,551.391768
-4.862046,126.504275,546.394467
8.263042,136.407433,542.997120
21.131577,146.996381,541.421706
33.210563,159.539565,541.326993
43.637979,175.770615,541.987672
50.923140,-162.483469,542.590060
53.089089,-135.987008,542.540513
49.296059,-110.434474,541.684926
40.923779,-90.360639,540.370836
29.904007,-75.372084,539.332806
17.525178,-63.529829,539.434765
4.528417,-53.243514,541.349681
