3.588914,-47.598317,541.565064
-9.533302,-37.673868,545.635474
-22.328280,-26.977815,551.280158
-34.251526,-14.220466,557.534864
-44.416389,2.345654,563.154732
-51.307246,24.436171,566.951480
-53.008557,50.915092,568.116002
-48.867174,75.991607,566.434195
-40.337604,95.570981,562.339350
-29.278669,110.248963,556.788513
-16.906371,121.929142,550.995257
-3.924083,132.149099,546.092394
9.197105,142.065307,542.825095
22.029257,152.747562,541.372854
34.024452,165.490629,541.359128
44.285687,-177.936970,542.041690
51.270148,-155.767641,542.612877
53.010358,-129.108879,542.504771
48.824485,-103.862717,541.599191
40.204142,-84.205712,540.277170
29.052775,-69.506197,539.292375
16.609621,-57.821743,539.505826
3.406382,-42.460868,541.608132
-9.714296,-32.533185,545.704797
-22.501379,-21.818200,551.365556
-34.407409,-9.021063,557.620243
-44.538888,7.611974,563.222390
-51.370438,29.782906,566.986924
-52.989675,56.288498,568.111859
-48.773994,81.303903,566.392137
-40.197706,100.804050,562.269563
-29.113759,115.427559,556.706837
-16.728987,127.078096,550.918774
-3.741827,137.286472,546.034707
9.378357,147.205833,542.792779
22.203130,157.906958,541.364233
34.181542,170.689898,541.365785
44.409598,-172.670207,542.052103
51.334390,-150.419021,542.616881
52.991407,-123.732680,542.497327
48.730235,-98.548721,541.582269
40.062896,-78.972080,540.259168
28.886699,-64.327482,539.285242
16.431465,-52.672756,539.520752
3.223832,-37.323473,541.651599
-9.895228,-27.392355,545.774432
-22.674313,-16.658192,551.451073
-34.562960,-3.820926,557.705496
-44.660760,12.879405,563.289687
-51.432603,35.130585,567.021849
-52.969624,61.661569,568.107156
-48.679971,86.615044,566.349608
-40.057338,106.036166,562.199494
-28.948607,120.605591,556.625118
-16.551490,132.226778,550.842471
-3.559547,142.423791,545.977347
9.559554,152.346506,542.760822
22.376846,163.066748,541.355894
34.338306,175.889905,541.372575
44.532883,-167.402319,542.062489
51.397594,-145.069434,542.620747
52.971270,-118.356819,542.489722
48.635133,-93.235899,541.565261
39.921180,-73.739411,540.241231
28.720384,-59.149334,539.278347
16.253202,-47.524041,539.536044
3.041265,-32.186128,541.695462
-10.076096,-22.251372,545.844375
-22.847080,-11.497787,551.536705
-34.718177,1.379952,557.790618
-44.782001,18.147950,563.356620
-51.493736,40.479198,567.056253
-52.948406,67.034285,568.101894
-48.585110,91.925028,566.306608
-39.916503,111.267335,562.129145
-28.783214,125.783062,556.543362
-16.373882,137.375191,550.766353
-3.377243,147.561058,545.920314
9.740694,157.487330,542.729223
22.550402,168.226935,541.347836
34.494741,-178.909344,541.379496
44.655538,-162.133302,542.072846
51.459754,-139.718890,542.624471
52.949948,-112.981316,542.481955
48.539186,-87.924255,541.548170
39.778997,-68.507700,540.223363
28.553833,-53.971749,539.271691
16.074835,-42.375595,539.551702
2.858683,-27.048831,541.739723
-10.256899,-17.110236,545.914624
-23.019680,-6.336981,551.622451
-34.873056,6.581576,557.875606
-44.902607,23.417613,563.423187
-51.553832,45.828733,567.090136
-52.926023,72.406627,568.096073
-48.489419,97.233853,566.263140
-39.775205,116.497563,562.058521
-28.617582,130.959979,556.461570
-16.196164,142.523340,550.690420
-3.194915,152.698276,545.863610
9.921777,162.628306,542.697983
22.723797,173.387522,541.340056
34.650842,-173.707844,541.386545
44.777555,-156.863154,542.083171
51.520866,-134.367402,542.628054
52.927444,-107.606192,542.474027
48.442399,-82.613789,541.530997
39.636352,-63.276939,540.205564
28.387049,-48.794722,539.265276
15.896364,-37.227413,539.567727
2.676087,-21.911580,541.784380
-10.437636,-11.968943,545.985178
-23.192110,-1.175769,551.708306
-35.027594,11.783951,557.960457
-45.022571,28.688397,563.489384
-51.612885,51.179179,567.123495
-52.902478,77.778576,568.089694
-48.392902,102.541517,566.219206
-39.633449,121.726855,561.987625
-28.451715,136.136345,556.379746
-16.018338,147.671226,550.614676
-3.012566,157.835449,545.807236
10.102801,167.769439,542.667101
22.897028,178.548515,541.332552
34.806608,-168.505588,541.393721
44.898931,-151.591869,542.093462
51.580925,-129.014980,542.631494
52.903759,-102.231466,542.465938
48.344778,-77.304504,541.513745
39.493248,-58.047125,540.187839
28.220033,-43.618248,539.259104
15.717790,-32.079493,539.584122
2.493477,-16.774371,541.829433
-10.618305,-6.827489,546.056034
-23.364367,3.985852,551.794268
-35.181789,16.987083,558.045167
-45.141888,33.960306,563.555209
-51.670892,56.530523,567.156329
-52.877772,83.150113,568.082757
-48.295565,107.848020,566.174808
-39.491239,126.955217,561.916459
-28.285615,141.312166,556.297893
-15.840404,152.818855,550.539124
-2.830197,162.972577,545.751194
10.283765,172.910730,542.636577
23.070095,-176.290083,541.325324
34.962034,-163.302571,541.401020
45.019660,-146.319445,542.103717
51.639924,-123.661637,542.634791
52.878897,-96.857158,542.457689
48.246329,-71.996401,541.496414
39.349691,-52.818251,540.170188
28.052788,-38.442322,539.253179
15.539116,-26.931832,539.600887
2.310855,-11.637201,541.874881
-10.798906,-1.685872,546.127190
-23.536452,9.147887,551.880332
-35.335636,22.190977,558.129732
-45.260553,39.233342,563.620659
-51.727846,61.882755,567.188637
-52.851908,88.521219,568.075262
-48.197415,113.153359,566.129948
-39.348578,132.182653,561.845027
-28.119282,146.487446,556.216015
-15.662365,157.966228,550.463766
-2.647807,168.109665,545.695483
10.464667,178.052184,542.606409
23.242994,-171.128268,541.318369
35.117118,-158.098788,541.408441
45.139736,-141.045877,542.113935
51.697860,-118.307384,542.637944
52.852860,-91.483287,542.449281
48.147059,-66.689481,541.479007
39.205684,-47.590312,540.152615
27.885316,-33.266939,539.247501
15.360343,-21.784425,539.618023
2.128222,-6.500068,541.920725
-10.979437,3.455911,546.198645
-23.708361,14.310339,551.966497
-35.489133,27.395640,558.214150
-45.378561,44.507510,563.685732
-51.783745,67.235861,567.220418
-52.824888,93.891875,568.067210
-48.098457,118.457533,566.084628
-39.205470,137.409170,561.773332
-27.952721,151.662191,556.134116
-15.484221,163.113350,550.388605
-2.465400,173.246715,545.640107
10.645508,-176.806198,542.576598
23.415725,-165.966035,541.311686
35.271856,-152.894233,541.415981
45.259154,-135.771164,542.124114
51.754728,-112.952235,542.640951
52.825649,-86.109871,542.440713
48.046973,-61.383746,541.461525
39.061231,-42.363301,540.135122
27.717620,-28.092094,539.242073
15.181471,-16.637270,539.635531
1.945578,-1.362969,541.966963
-11.159897,8.597863,546.270395
-23.880093,19.473213,552.052758
-35.642276,32.601076,558.298416
-45.495906,49.782812,563.750424
-51.838582,72.589829,567.251670
-52.796715,99.262063,568.058602
-47.998696,123.760542,566.038851
-39.061920,142.634774,561.701377
-27.785932,156.836403,556.052198
-15.305974,168.260223,550.313643
-2.282975,178.383731,545.585065
10.826285,-171.664411,542.547144
23.588286,-160.803381,541.305272
35.426246,-147.688901,541.423638
45.377908,-130.495300,542.134251
51.810522,-107.596201,542.643812
52.797268,-80.736931,542.431987
47.946078,-56.079195,541.443971
38.916337,-37.137214,540.117712
27.549701,-22.917784,539.236898
15.002503,-11.490362,539.653413
1.762926,3.774098,542.013596
-11.340285,13.739988,546.342439
-24.051645,24.636512,552.139113
-35.795063,37.807291,558.382528
-45.612583,55.059251,563.814732
-51.892353,77.944647,567.282392
-52.767392,104.631764,568.049438
-47.898139,129.062384,565.992619
-38.917932,147.859469,561.629165
-27.618919,162.010089,555.970265
-15.127626,173.406851,550.238883
-2.100533,-176.479287,545.530359
11.006996,-166.522453,542.518044
23.760674,-155.640301,541.299126
35.580283,-142.482784,541.431410
45.495994,-125.218284,542.144345
51.865238,-102.239296,542.646526
52.767719,-75.364485,542.423103
47.844378,-50.775831,541.426345
38.771004,-31.912043,540.100386
27.381562,-17.744002,539.231977
14.823440,-6.343700,539.671669
1.580266,8.911137,542.060621
-11.520599,18.882288,546.414775
-24.223017,29.800242,552.225558
-35.947489,43.014291,558.466482
-45.728587,60.336830,563.878655
-51.945054,83.300300,567.312583
-52.736921,110.000961,568.039719
-47.796792,134.363060,565.945933
-38.773508,153.083262,561.556700
-27.451684,167.183253,555.888319
-14.949177,178.553238,550.164327
-1.918077,-171.342334,545.475989
11.187642,-161.380321,542.489300
23.932888,-150.476791,541.293247
35.733964,-137.275879,541.439294
45.613404,-119.940113,542.154393
51.918871,-96.881533,542.649092
52.737006,-69.992552,542.414062
47.741881,-45.473652,541.408650
38.625238,-26.687785,540.083147
27.213205,-12.570745,539.227313
14.644283,-1.197280,539.690300
1.397599,14.048150,542.108040
-11.700838,24.024766,546.487400
-24.394207,34.964406,552.312090
-36.099552,48.222081,558.550273
-45.843912,65.615552,563.942189
-51.996680,88.656777,567.342242
-52.705304,115.369634,568.029444
-47.694659,139.662569,565.898797
-38.628655,158.306157,561.483985
-27.284227,172.355900,555.806366
-14.770629,-176.300614,550.089979
-1.735606,-166.205407,545.421958
11.368221,-156.238012,542.460910
24.104926,-145.312847,541.287631
35.887287,-132.068180,541.447288
45.730135,-114.660782,542.164394
51.971416,-91.522926,542.651510
52.705130,-64.621150,542.404863
47.638591,-40.172660,541.390888
38.479042,-21.464432,540.065998
27.044632,-7.398008,539.222908
14.465033,3.948903,539.709308
1.214926,19.185140,542.155851
-11.881002,29.167425,546.560312
-24.565211,40.129008,552.398705
-36.251249,53.430667,558.633900
-45.958553,70.895419,564.005332
-52.047227,94.014062,567.371367
-52.672546,120.737766,568.018616
-47.591747,144.960910,565.851211
-38.483374,163.528162,561.411023
-27.116553,177.528033,555.724407
-14.591983,-171.154701,550.015839
-1.553122,-161.068505,545.368266
11.548730,-151.095522,542.432874
24.276786,-140.148464,541.282279
36.040248,-126.859679,541.455390
45.846180,-109.380290,542.174346
52.022870,-86.163488,542.653778
52.672096,-59.250298,542.395508
47.534516,-34.872855,541.373060
38.332421,-16.241980,540.048940
26.875846,-2.225786,539.218763
14.285693,9.094850,539.728694
1.032249,24.322110,542.204053
-12.061088,34.310269,546.633509
-24.736029,45.294053,552.485401
-36.402575,58.640055,558.717358
-46.072504,76.176433,564.068081
-52.096690,99.372143,567.399957
-52.638649,126.105340,568.007234
-47.488063,150.258084,565.803179
-38.337670,168.749281,561.337817
-26.948662,-177.300342,555.642446
-14.413241,-166.009020,549.941912
-1.370626,-155.931624,545.314914
11.729170,-145.952849,542.405191
24.448466,-134.983639,541.277186
36.192842,-121.650373,541.463597
45.961534,-104.098634,542.184247
52.073227,-80.803234,542.655896
52.637905,-53.880013,542.385998
47.429660,-29.574236,541.355168
38.185377,-11.020422,540.031977
26.706849,2.945925,539.214882
14.106262,14.240566,539.748458
0.849568,29.459062,542.252646
-12.241096,39.453301,546.706989
-24.906659,50.459544,552.572173
-36.553528,63.850250,558.800644
-46.185760,81.458598,564.130433
-52.145065,104.731005,567.428012
-52.603616,131.472338,567.995299
-47.383610,155.554091,565.754703
-38.191546,173.969519,561.264370
-26.780557,-172.129220,555.560487
-14.234404,-160.863568,549.868199
-1.188120,-150.794762,545.261902
11.909539,-140.809990,542.377861
24.619964,-129.818367,541.272353
36.345068,-116.440255,541.471907
46.076191,-98.815812,542.194094
52.122482,-75.442177,542.657862
52.602562,-48.510313,542.376332
47.324030,-24.276804,541.337214
38.037915,-5.799752,540.015111
26.537642,8.117131,539.211265
13.926744,19.386054,539.768602
0.666885,34.595999,542.301630
-12.421024,44.596523,546.780749
-25.077099,55.625487,552.659020
-36.704104,69.061257,558.883755
-46.298315,86.741914,564.192386
-52.192349,110.090633,567.455529
-52.567450,136.838743,567.982811
-47.278396,160.848931,565.705785
-38.045007,179.188883,561.190686
-26.612241,-166.958598,555.478533
-14.055474,-155.718341,549.794703
-1.005603,-145.657915,545.209233
12.089836,-135.666941,542.350883
24.791278,-124.652644,541.267777
36.496921,-111.229319,541.480318
46.190146,-93.531820,542.203887
52.170633,-70.080333,542.659677
52.566070,-43.141217,542.366513
47.217631,-18.980557,541.319200
37.890039,-0.579966,539.998344
26.368229,13.287835,539.207916
13.747138,24.531316,539.789126
0.484201,39.732925,542.351002
-12.600872,49.739939,546.854787
-25.247346,60.791885,552.745936
-36.854300,74.273082,558.966686
-46.410163,92.026385,564.253937
-52.238536,115.451013,567.482508
-52.530155,142.204538,567.969772
-47.172425,166.142604,565.656427
-37.898056,-175.592621,561.116769
-26.443714,-161.788471,555.396587
-13.876451,-150.573337,549.721426
-0.823078,-140.521082,545.156907
12.270059,-130.523699,542.324257
24.962407,-119.486466,541.263455
36.648398,-106.017560,541.488828
46.303392,-88.246657,542.213624
52.217674,-64.717716,542.661340
52.528431,-37.772741,542.356539
47.110470,-13.685495,541.301127
37.741752,4.638943,539.981679
26.198610,18.458043,539.204836
13.567446,29.676356,539.810031
0.301516,44.869841,542.400764
-12.780637,54.883552,546.929101
-25.417399,65.958742,552.832920
-37.004112,79.485732,559.049435
-46.521300,97.312012,564.315084
-52.283623,120.812131,567.508948
-52.491734,147.569706,567.956183
-47.065704,171.435113,565.606632
-37.750697,-170.374989,561.042620
-26.274980,-156.618834,555.314652
-13.697336,-145.428552,549.648371
-0.640546,-135.384259,545.104924
12.450207,-125.380262,542.297980
25.133348,-114.319827,541.259387
36.799496,-100.804972,541.497433
46.415925,-82.960321,542.223301
52.263601,-59.354342,542.662849
52.489650,-32.404903,542.346413
47.002552,-8.391618,541.282999
37.593058,9.856981,539.965118
26.028789,23.627758,539.202027
13.387670,34.821177,539.831319
0.118833,50.006751,542.450914
-12.960318,60.027364,547.003688
-25.587256,71.126064,552.919967
-37.153537,84.699211,559.131999
-46.631720,102.598797,564.375823
-52.327605,126.173970,567.534848
-52.452190,152.934230,567.942043
-46.958238,176.726456,565.556402
-37.602934,-165.158215,560.968244
-26.106039,-151.449683,555.232731
-13.518132,-140.283982,549.575540
-0.458007,-130.247444,545.053287
12.630279,-120.236626,542.272054
25.304100,-109.152725,541.255570
36.950211,-95.591549,541.506132
46.527738,-77.672810,542.232919
52.308409,-53.990226,542.664204
52.449730,-27.037719,542.336134
46.893883,-3.098924,541.264815
37.443962,15.074154,539.948663
25.858766,28.796985,539.199492
13.207811,39.965783,539.852989
-0.063849,55.143656,542.501451
-13.139915,65.171380,547.078547
-25.756915,76.293853,553.007075
-37.302571,89.913525,559.214373
-46.741417,107.886741,564.436153
-52.370480,131.536516,567.560206
-52.411528,158.298094,567.927354
-46.850033,-177.983364,565.505739
-37.454769,-159.942292,560.893644
-25.936896,-146.281014,555.150829
-13.338840,-135.139626,549.502936
-0.275462,-125.110633,545.001995
12.810274,-115.092787,542.246477
25.474659,-103.985154,541.252002
37.100538,-90.377286,541.514923
46.638826,-72.384121,542.242474
52.352096,-48.625383,542.665405
52.408675,-21.671207,542.325704
46.784470,2.192588,541.246580
37.294466,20.290467,539.932317
25.688545,33.965730,539.197232
13.027870,45.110177,539.875044
-0.246528,60.280561,542.552374
-13.319426,70.315602,547.153674
-25.926374,81.462116,553.094240
-37.451211,95.128680,559.296554
-46.850385,113.175847,564.496070
-52.412243,136.899752,567.585023
-52.369750,163.661283,567.912116
-46.741094,-172.694346,565.454646
-37.306208,-154.727216,560.818823
-25.767550,-141.112821,555.068948
-13.159460,-129.995479,549.430560
-0.092914,-119.973825,544.951049
12.990190,-109.948744,542.221248
25.645026,-98.817110,541.248682
37.250476,-85.162176,541.523803
46.749183,-67.094253,542.251965
52.394657,-43.259830,542.666451
52.366488,-16.305383,542.315123
46.674316,7.482920,541.228294
37.144574,25.505925,539.916083
25.518127,39.133995,539.195250
12.847848,50.254361,539.897484
-0.429202,65.417468,542.603683
-13.498849,75.460034,547.229067
-26.095631,86.630855,553.181458
-37.599453,100.344682,559.378539
-46.958619,118.466114,564.555573
-52.452890,142.263664,567.609296
-52.326861,169.023779,567.896331
-46.631428,-167.406490,565.403125
-37.157252,-149.512980,560.743785
-25.598004,-135.945102,554.987091
-12.979995,-124.851538,549.358416
0.089639,-114.837016,544.900451
13.170026,-104.804492,542.196368
25.815196,-93.648588,541.245607
37.400020,-79.946215,541.532770
46.858803,-61.803205,542.261390
52.436088,-37.893583,542.667341
52.323174,-10.940263,542.304392
46.563430,12.772072,541.209959
36.994291,30.720535,539.899962
25.347515,44.301786,539.193548
12.667748,55.398339,539.920309
-0.611872,70.554379,542.655376
-13.678184,80.604678,547.304724
-26.264683,91.800077,553.268727
-37.747294,105.561535,559.460325
-47.066113,123.757546,564.614658
-52.492417,147.628234,567.633024
-52.282864,174.385568,567.880000
-46.521039,-162.119793,565.351179
-37.007907,-144.299579,560.668532
-25.428261,-130.777850,554.905263
-12.800445,-119.707800,549.286505
0.272193,-109.700204,544.850201
13.349781,-99.660029,542.171833
25.985169,-88.479585,541.242776
37.549166,-74.729395,541.541822
46.967680,-56.510975,542.270748
52.476385,-32.526658,542.668074
52.278736,-5.575863,542.293512
46.451815,18.060046,541.191577
36.843619,35.934303,539.883958
25.176710,49.469107,539.192126
12.487569,60.542115,539.943521
-0.794534,75.691297,542.707454
-13.857429,85.749537,547.380642
-26.433530,96.969784,553.356042
-37.894729,110.779246,559.541908
-47.172861,129.050142,564.673324
-52.530822,152.993446,567.656208
-52.237763,179.746634,567.863122
-46.409934,-156.834254,565.298810
-36.858174,-139.087008,560.593068
-25.258322,-125.611062,554.823465
-12.620811,-114.564263,549.214830
0.454748,-104.563386,544.800300
13.529453,-94.515351,542.147645
26.154942,-83.310095,541.240186
37.697911,-69.511712,541.550955
47.075810,-51.217562,542.280036
52.515545,-27.159071,542.668650
52.233178,-0.212199,542.282483
46.339478,23.346844,541.173150
36.692562,41.147234,539.868072
25.005714,54.635962,539.190989
12.307314,65.685691,539.967120
-0.977190,80.828225,542.759914
-14.036583,90.894616,547.456820
-26.602168,102.139981,553.443401
-38.041756,115.997821,559.623285
-47.278858,134.343903,564.731568
-52.568101,158.359284,567.678846
-52.191562,-174.893038,567.845699
-46.298118,-151.549871,565.246020
-36.708059,-133.875260,560.517396
-25.088190,-120.444734,554.741701
-12.441096,-109.420923,549.143393
0.637303,-99.426559,544.750748
13.709041,-89.370455,542.123803
26.324513,-78.140115,541.237835
37.846251,-64.293160,541.560169
47.183185,-45.922965,542.289253
52.553564,-21.790840,542.669068
52.186504,5.150713,542.271307
46.226425,28.632468,541.154681
36.541124,46.359334,539.852307
24.834530,59.802356,539.190137
12.126983,70.829070,539.991107
-1.159837,85.965165,542.812756
-14.215644,96.039917,547.533254
-26.770596,107.310673,553.530800
-38.188370,121.217265,559.704452
-47.384099,139.638831,564.789386
-52.604250,163.725731,567.700936
-52.144266,-169.533464,567.827732
-46.185596,-146.266643,565.192812
-36.557564,-128.664330,560.441521
-24.917865,-115.278862,554.659975
-12.261299,-104.277777,549.072197
0.819857,-94.289720,544.701547
13.888544,-84.225338,542.100304
26.493880,-72.969639,541.235723
37.994182,-59.073733,541.569460
47.289800,-40.627184,542.298398
52.590439,-16.421982,542.669329
52.138719,10.512858,542.259985
46.112662,33.916921,541.136171
36.389308,51.570609,539.836666
24.663159,64.968293,539.189573
11.946578,75.972256,540.015482
-1.342474,91.102122,542.865980
-14.394611,101.185443,547.609941
-26.938811,112.481865,553.618236
-38.334568,126.437583,559.785406
-47.488577,144.934925,564.846778
-52.639265,169.092770,567.722479
-52.095878,-164.174656,567.809222
-46.072374,-140.984566,565.139188
-36.406693,-123.454213,560.365444
-24.747351,-110.113440,554.578290
-12.081423,-99.134821,549.001243
1.002409,-89.152867,544.652697
14.067961,-79.079997,542.077149
26.663042,-67.798664,541.233846
38.141700,-53.853424,541.578827
47.395649,-35.330216,542.307467
52.626165,-11.052514,542.669430
52.089827,15.874222,542.248516
45.998193,39.200203,541.117622
36.237118,56.781064,539.821150
24.491604,70.133778,539.189298
11.766101,81.115251,540.040248
-1.525101,96.239096,542.919583
-14.573483,106.331198,547.686881
-27.106812,117.653560,553.705705
-38.480346,131.658782,559.866144
-47.592286,150.232186,564.903740
-52.673145,174.460384,567.743474
-52.046403,-158.816631,567.790170
-45.958458,-135.703640,565.085152
-36.255448,-118.244903,560.289169
-24.576648,-104.948465,554.496649
-11.901468,-93.992053,548.930535
1.184958,-84.015997,544.604200
14.247289,-73.934428,542.054337
26.831995,-62.627184,541.232202
38.288803,-48.632229,541.588267
47.500727,-30.032063,542.316460
52.660740,-5.682454,542.669373
52.039832,21.234789,542.236903
45.883025,44.482318,541.099037
36.084558,61.990705,539.805764
24.319865,75.298814,539.189315
11.585551,86.258059,540.065403
-1.707715,101.376091,542.973566
-14.752259,111.477184,547.764069
-27.274597,122.825764,553.793204
-38.625700,136.880866,559.946662
-47.695221,155.530615,564.960270
-52.705885,179.828555,567.763918
-51.995844,-153.459403,567.770577
-45.843852,-130.423861,565.030704
-36.103835,-113.036394,560.212700
-24.405759,-99.783933,554.415055
-11.721437,-88.849470,548.860073
1.367502,-78.879107,544.556054
14.426528,-68.788628,542.031866
27.000738,-57.455195,541.230790
38.435485,-43.410142,541.597777
47.605026,-24.732723,542.325375
52.694161,-0.311819,542.669155
51.988739,26.594545,542.225145
45.767163,49.763269,541.080416
35.931630,67.199538,539.790507
24.147946,80.463407,539.189625
11.404932,91.400683,540.090949
-1.890317,106.513110,543.027926
-14.930937,116.623406,547.841504
-27.442163,127.998481,553.880730
-38.770626,142.103842,560.026957
-47.797377,160.830210,565.016366
-52.737483,-174.802735,567.783813
-51.944207,-148.102984,567.750443
-45.728563,-125.145228,564.975849
-35.951855,-107.828681,560.136040
-24.234687,-94.619839,554.333511
-11.541329,-83.707069,548.789861
1.550041,-73.742194,544.508262
14.605677,-63.642594,542.009736
27.169268,-52.282692,541.229607
38.581743,-38.187157,541.607356
47.708543,-19.432196,542.334211
52.726424,5.059372,542.668777
51.936551,31.953476,542.213245
45.650613,55.043056,541.061763
35.778338,72.407569,539.775384
23.975848,85.627560,539.190230
11.224243,96.543126,540.116887
-2.072905,111.650156,543.082664
-15.109515,121.769866,547.919182
-27.609508,133.171715,553.968279
-38.915122,147.327715,560.107025
-47.898747,166.130973,565.072025
-52.767936,-169.433502,567.803157
-51.891496,-142.747389,567.729771
-45.612596,-119.867736,564.920588
-35.799512,-102.621758,560.059192
-24.063431,-89.456179,554.252021
-11.361147,-78.564846,548.719901
1.732573,-68.605256,544.460823
14.784734,-58.496323,541.987946
27.337584,-47.109672,541.228652
38.727573,-32.963268,541.617002
47.811270,-14.130482,542.342964
52.757526,10.431102,542.668239
51.883274,37.311569,542.201202
45.533381,60.321685,541.043080
35.624685,77.614803,539.760397
23.803572,90.791277,539.191133
11.043487,101.685391,540.143216
-2.255478,116.787231,543.137777
-15.287994,126.916567,547.997102
-27.776630,138.345471,554.055847
-39.059181,152.552491,560.186864
-47.999326,171.432902,565.127244
-52.797240,-164.063767,567.821949
-51.837714,-137.392631,567.708560
-45.495956,-114.591385,564.864925
-35.646810,-97.415619,559.982160
-23.891995,-84.292949,554.170588
-11.180892,-73.422798,548.650194
1.915098,-63.468291,544.413739
14.963698,-53.349811,541.966495
27.505683,-41.936128,541.227923
38.872972,-27.738469,541.626711
47.913202,-8.827582,542.351635
52.787464,15.803351,542.667539
51.828912,42.668808,542.189019
45.415471,65.599156,541.024367
35.470676,82.821246,539.745548
23.631122,95.954563,539.192335
10.862664,106.827481,540.169939
-2.438035,121.924337,543.193266
-15.466370,132.063514,548.075261
-27.943527,143.519755,554.143432
-39.202802,157.778176,560.266469
-48.099107,176.735997,565.182023
-52.825394,-158.693545,567.840189
-51.782868,-132.038724,567.686813
-45.378649,-109.316171,564.808860
-35.493752,-92.210260,559.904947
-23.720381,-79.130145,554.089215
-11.000564,-68.280923,548.580743
2.097614,-58.331294,544.367010
15.142567,-48.203055,541.945381
27.673563,-36.762057,541.227417
39.017934,-22.512754,541.636481
48.014332,-3.523496,542.360221
52.816236,21.176102,542.666678
51.773470,48.025181,542.176695
45.296890,70.875474,541.005628
35.316312,88.026904,539.730839
23.458499,101.117422,539.193838
10.681776,111.969399,540.197055
-2.620574,127.061479,543.249128
-15.644643,137.210708,548.153655
-28.110196,148.694570,554.231029
-39.345980,163.004774,560.345838
-48.198086,-177.959742,565.236357
-52.852394,-153.322857,567.857876
-51.726960,-126.685679,567.664530
-45.260680,-104.042091,564.752399
-35.340341,-87.005673,559.827556
-23.548590,-73.967763,554.007905
-10.820166,-63.139218,548.511550
2.280120,-53.194264,544.320637
15.321340,-43.056052,541.924605
27.841222,-31.587453,541.227132
39.162457,-17.286119,541.646311
48.114655,1.781776,542.368720
52.843839,26.549335,542.665655
51.716953,53.380675,542.164232
45.177643,76.150641,540.986865
35.161598,93.231782,539.716273
23.285704,106.279858,539.195644
10.500824,117.111149,540.224564
-2.803095,132.198657,543.305362
-15.822811,142.358154,548.232283
-28.276636,153.869920,554.318636
-39.488710,168.232292,560.424967
-48.296256,-172.654317,565.290246
-52.878239,-147.951720,567.875009
-51.669997,-121.333510,567.641712
-45.142055,-98.769142,564.695542
-35.186580,-81.801855,559.749991
-23.376623,-68.805798,553.926661
-10.639697,-57.997679,548.442618
2.462615,-48.057197,544.274619
15.500016,-37.908799,541.904164
28.008657,-26.412313,541.227066
39.306536,-12.058557,541.656198
48.214165,7.088233,542.377131
52.870270,31.923032,542.664469
51.659365,58.735278,542.151630
45.057736,81.424661,540.968079
35.006537,98.435886,539.701853
23.112739,111.441875,539.197754
10.319809,122.252732,540.252468
-2.985597,137.335877,543.361969
-16.000874,147.505856,548.311142
-28.442844,159.045812,554.406248
-39.630990,173.460735,560.503853
-48.393611,-167.347728,565.343686
-52.902925,-142.580154,567.891587
-51.611982,-115.982229,567.618361
-45.022778,-93.497321,564.638292
-35.032472,-76.598799,559.672255
-23.204484,-63.644246,553.845487
-10.459160,-52.856303,548.373947
2.645098,-42.920091,544.228959
15.678593,-32.761291,541.884058
28.175866,-21.236630,541.227218
39.450166,-6.830062,541.666140
48.312856,12.395873,542.385453
52.895526,37.297174,542.663121
51.600711,64.088975,542.138892
44.937173,86.697536,540.949273
34.851132,103.639221,539.687580
22.939607,116.603478,539.200172
10.138732,127.394153,540.280767
-3.168078,142.473139,543.418945
-16.178829,152.653815,548.390229
-28.608818,164.222249,554.493863
-39.772814,178.690108,560.582493
-48.490146,-162.039978,565.396676
-52.926450,-137.208176,567.907611
-51.552921,-110.631847,567.594478
-44.902855,-88.226625,564.580653
-34.878021,-71.396500,559.594352
-23.032173,-58.483104,553.764385
-10.278556,-47.715088,548.305541
2.827568,-37.782944,544.183655
15.857070,-27.613527,541.864286
28.342848,-16.060402,541.227585
39.593345,-1.600629,541.676134
48.410722,17.704696,542.393683
52.919606,42.671740,542.661610
51.540996,69.441756,542.126017
44.815961,91.969271,540.930448
34.695386,108.841794,539.673458
22.766309,121.764670,539.202898
9.957595,132.535414,540.309461
-3.350537,147.610446,543.476290
-16.356675,157.802036,548.469542
-28.774555,169.399237,554.581477
-39.914180,-176.079582,560.660882
-48.585855,-156.731068,565.449213
-52.948812,-131.835807,567.923080
-51.492819,-105.282377,567.570063
-44.782292,-82.957049,564.522626
-34.723230,-66.194951,559.516284
-22.859692,-53.322368,553.683359
-10.097886,-42.574030,548.237401
3.010023,-32.645751,544.138709
16.035445,-22.465501,541.844846
28.509599,-10.883622,541.228164
39.736068,3.629748,541.686178
48.507757,23.014700,542.401820
52.942506,48.046713,542.659935
51.480226,74.793608,542.113008
44.694105,97.239869,540.911608
34.539302,114.043610,539.659488
22.592846,126.925456,539.205934
9.776399,137.676518,540.338551
-3.532973,152.747803,543.534004
-16.534412,162.950521,548.549077
-28.940054,174.576780,554.669087
-40.055082,-170.848331,560.739019
-48.680732,-151.420998,565.501295
-52.970009,-126.463066,567.937992
-51.431680,-99.933830,567.545119
-44.661093,-77.688592,564.464215
-34.568101,-60.994149,559.438056
-22.687044,-48.162033,553.602412
-9.917151,-37.433126,548.169529
3.192464,-27.508512,544.094121
16.213718,-17.317212,541.825738
28.676118,-5.706286,541.228955
39.878331,8.861074,541.696271
48.603955,28.325884,542.409863
52.964225,53.422071,542.658097
51.418405,80.144520,542.099865
44.571609,102.509333,540.892753
34.382884,119.244674,539.645673
22.419222,132.085840,539.209282
9.595144,142.817469,540.368038
-3.715386,157.885211,543.592083
-16.712036,168.099275,548.628832
-29.105312,179.754882,554.756688
-40.195516,-165.616132,560.816900
-48.774771,-146.109772,565.552920
-52.990039,-121.089971,567.952347
-51.369509,-94.586218,567.519646
-44.539264,-72.421248,564.405423
-34.412639,-55.794087,559.359670
-22.514230,-43.002095,553.521548
-9.736352,-32.292374,548.101928
3.374888,-22.371222,544.049891
16.391886,-12.168655,541.806960
28.842402,-0.528388,541.229954
40.020129,14.093356,541.706409
48.699310,33.638246,542.417810
52.984760,58.797795,542.656095
51.355538,85.494480,542.086588
44.448480,107.777667,540.873887
34.226135,124.444992,539.632016
22.245437,137.245825,539.212945
9.413833,147.958268,540.397921
-3.897774,163.022672,543.650528
-16.889548,173.248301,548.708804
-29.270327,-175.066451,554.844278
-40.335479,-160.382981,560.894521
-48.867967,-140.797392,565.604086
-53.008900,-115.716543,567.966146
-51.306311,-89.239550,567.493646
-44.416809,-67.155016,564.346251
-34.256845,-50.594760,559.281130
-22.341251,-37.842550,553.440768
-9.555490,-27.151771,548.034599
3.557294,-17.233880,544.006020
16.569948,-7.019827,541.788512
29.008449,4.650074,541.231160
40.161458,19.326598,541.716590
48.793816,38.951783,542.425659
53.004110,64.173866,542.653928
51.291631,90.843477,542.073181
44.324723,113.044875,540.855011
34.069058,129.644570,539.618518
22.071493,142.405416,539.216923
9.232466,153.098920,540.428202
-4.080135,168.160191,543.709337
-17.066945,178.397602,548.788992
-29.435096,-169.887214,554.931854
-40.474967,-155.148872,560.971879
-48.960313,-135.483860,565.654790
-53.026591,-110.342801,567.979387
-51.242092,-83.893838,567.467119
-44.293735,-61.889889,564.286703
-34.100724,-45.396162,559.202440
-22.168109,-32.683395,553.360076
-9.374567,-22.011313,547.967544
3.739682,-12.096481,543.962508
16.747903,-1.870725,541.770391
29.174255,9.829108,541.232571
40.302314,24.560807,541.726813
48.887467,44.266494,542.433409
53.022272,69.550263,542.651597
51.226688,96.191501,542.059642
44.200342,118.310962,540.836127
33.911655,134.843413,539.605183
21.897392,147.564617,539.221218
9.051045,158.239427,540.458880
-4.262470,173.297769,543.768509
-17.244227,-176.452818,548.869391
-29.599617,-164.707403,555.019410
-40.613974,-149.913799,561.048972
-49.051804,-130.169178,565.705030
-53.043109,-104.968764,567.992070
-51.176856,-78.549093,567.440069
-44.170046,-56.625866,564.226781
-33.944277,-40.198288,559.123602
-21.994807,-27.524625,553.279476
-9.193584,-16.870998,547.900766
3.922050,-6.959025,543.919356
16.925750,3.278655,541.752597
29.339820,15.008717,541.234184
40.442693,29.795988,541.737074
48.980257,49.582376,542.441059
53.039245,74.926966,542.649101
51.160716,101.538540,542.045975
44.075344,123.575930,540.817239
33.753931,140.041527,539.592012
21.723136,152.723431,539.225833
8.869571,163.379792,540.489956
-4.444776,178.435410,543.828042
-17.421391,-171.302957,548.949998
-29.763888,-159.527013,555.106946
-40.752498,-144.677757,561.125795
-49.142434,-124.853349,565.754804
-53.058452,-99.594453,568.004194
-51.110609,-73.205323,567.412495
-44.045747,-51.362942,564.166488
-33.787509,-35.001133,559.044620
-21.821345,-22.366236,553.198970
-9.012542,-11.730822,547.834266
4.104398,-1.821506,543.876564
17.103486,8.428316,541.735129
29.505141,20.188907,541.235997
40.582591,35.032147,541.747372
49.072181,54.899427,542.448606
53.055028,80.303955,542.646440
51.093719,106.884585,542.032179
43.949734,128.839784,540.798347
33.595888,145.238917,539.579009
21.548726,157.881863,539.230769
8.688045,168.520018,540.521430
-4.627052,-176.426884,543.887935
-17.598437,-166.152810,549.030813
-29.927906,-154.346038,555.194455
-40.890533,-139.440741,561.202345
-49.232197,-119.536378,565.804111
-53.072621,-94.219887,568.015760
-51.043355,-67.862539,567.384399
-43.920844,-46.101112,564.105827
-33.630422,-29.804691,558.965498
-21.647726,-17.208225,553.118562
-8.831442,-6.590783,547.768046
4.286723,3.316076,543.834132
17.281111,13.578262,541.717986
29.670214,25.369682,541.238008
40.722003,40.269288,541.757705
49.163231,60.217642,542.456050
53.069618,85.681210,542.643615
51.025702,112.229625,542.018256
43.823515,134.102528,540.779454
33.437528,150.435589,539.566175
21.374165,163.039917,539.236027
8.506468,173.660108,540.553303
-4.809299,-171.289110,543.948186
-17.775362,-161.002373,549.111830
-30.091668,-149.164475,555.281936
-41.028075,-134.202745,561.278620
-49.321087,-114.218266,565.852948
-53.085612,-88.845087,568.026766
-50.975101,-62.520751,567.355782
-43.795341,-40.840374,564.044801
-33.473018,-24.608956,558.886239
-21.473951,-12.050588,553.038254
-8.650285,-1.450878,547.702108
4.469025,8.453725,543.792060
17.458623,18.728496,541.701166
29.835038,30.551048,541.240215
40.860924,45.507419,541.768070
49.253403,65.537020,542.463389
53.083014,91.058709,542.640623
50.956672,117.573651,542.004207
43.696695,139.364167,540.760562
33.278856,155.631548,539.553512
21.199454,168.197596,539.241610
8.324841,178.800065,540.585575
-4.991513,-166.151266,544.008795
-17.952166,-155.851645,549.193049
-30.255174,-143.982318,555.369385
-41.165120,-128.963764,561.354616
-49.409099,-108.899017,565.901313
-53.097426,-83.470072,568.037213
-50.905851,-57.179967,567.326647
-43.669243,-35.580722,563.983412
-33.315301,-19.413924,558.806846
-21.300022,-6.893321,552.958050
-8.469073,3.688896,547.636454
4.651303,13.591443,543.750349
17.636020,23.879021,541.684668
29.999611,35.733009,541.242616
40.999351,50.746543,541.778465
49.342690,70.857557,542.470621
53.095215,96.436432,542.637467
50.886633,122.916653,541.990034
43.569278,144.624705,540.741674
33.119874,160.826799,539.541025
21.024594,173.354905,539.247519
8.143166,-176.060109,540.618245
-5.173695,-161.013347,544.069759
-18.128847,-150.700620,549.274465
-30.418419,-138.799562,555.456798
-41.301664,-123.723793,561.430330
-49.496227,-103.578635,565.949204
-53.108060,-78.094864,568.047100
-50.835611,-51.840197,567.296994
-43.542556,-30.322152,563.921664
-33.157275,-14.219589,558.727322
-21.125940,-1.736419,552.877952
-8.287807,8.828542,547.571085
4.833556,18.729234,543.708999
17.813301,29.029842,541.668490
30.163929,40.915571,541.245208
41.137278,55.986668,541.788887
49.431086,76.179248,542.477745
53.106219,101.814359,542.634145
50.815591,128.258623,541.975738
43.441269,149.884146,540.722791
32.960585,166.021349,539.528713
20.849587,178.511847,539.253755
7.961443,-170.920409,540.651316
-5.355843,-155.875353,544.131077
-18.305403,-145.549296,549.356076
-30.581401,-133.616201,555.544171
-41.437702,-118.482826,561.505759
-49.582465,-98.257125,565.996618
-53.117514,-72.719482,568.056426
-50.764386,-46.501450,567.266825
-43.415285,-25.064661,563.859559
-32.998940,-9.025945,558.647672
-20.951707,3.420120,552.797964
-8.106487,13.968063,547.506004
5.015783,23.867100,543.668010
17.990465,34.180961,541.652632
30.327991,46.098738,541.247990
41.274703,61.227797,541.799335
49.518585,81.502091,542.484760
53.116026,107.192469,542.630657
50.743551,133.599551,541.961320
43.312672,155.142495,540.703916
32.800991,171.215203,539.516581
20.674436,-176.331573,539.260322
7.779675,-165.780834,540.684785
-5.537956,-150.737279,544.192748
-18.481833,-140.397669,549.437879
-30.744119,-128.432232,555.631502
-41.573230,-113.240859,561.580899
-49.667807,-92.934490,566.043555
-53.125786,-67.343946,568.065192
-50.692182,-41.163733,567.236141
-43.287433,-19.808243,563.797100
-32.840302,-3.832988,558.567898
-20.777326,8.576301,552.718089
-7.925116,19.107462,547.441213
5.197982,29.005045,543.627383
18.167510,39.332383,541.637092
30.491793,51.282515,541.250959
41.411619,66.469937,541.809807
49.605182,86.826081,542.491664
53.124635,112.570741,542.627004
50.670520,138.939430,541.946780
43.183494,160.399756,540.685051
32.641097,176.408365,539.504631
20.499141,-171.175353,539.267219
7.597861,-160.641380,540.718655
-5.720033,-145.599123,544.254771
-18.658136,-135.245735,549.519871
-30.906569,-123.247649,555.718787
-41.708243,-107.997885,561.655747
-49.752247,-87.610735,566.090012
-53.132877,-61.968277,568.073398
-50.619003,-35.827055,567.204944
-43.159007,-14.552894,563.734289
-32.681361,1.359289,558.488004
-20.602796,13.732128,552.638329
-7.743693,24.246742,547.376712
5.380152,34.143070,543.587117
18.344435,44.484111,541.621869
30.655333,56.466909,541.254113
41.548022,71.713092,541.820299
49.690870,92.151214,542.498456
53.132045,117.949154,542.623184
50.596502,144.278250,541.932122
43.053739,165.655934,540.666198
32.480904,-178.399158,539.492864
20.323704,-166.019487,539.274448
7.416004,-155.502045,540.752925
-5.902073,-140.460882,544.317143
-18.834309,-130.093491,549.602050
-31.068749,-118.062447,555.806022
-41.842737,-102.753900,561.730301
-49.835780,-82.285864,566.135987
-53.138785,-56.592496,568.081042
-50.544856,-30.491424,567.173235
-43.030010,-9.298610,563.671131
-32.522122,6.550889,558.407994
-20.428121,18.887604,552.558688
-7.562221,29.385905,547.312505
5.562293,39.281178,543.547212
18.521238,49.636148,541.606962
30.818609,61.651923,541.257450
41.683908,76.957269,541.830811
49.775644,97.477484,542.505134
53.138254,123.327687,542.619199
50.521504,149.616003,541.917345
42.923412,170.911033,540.647360
32.320416,-173.207362,539.481283
20.148128,-160.863973,539.282012
7.234104,-150.362825,540.787595
-6.084074,-135.322554,544.379863
-19.010352,-124.940934,549.684411
-31.230656,-112.876621,555.893203
-41.976707,-97.508899,561.804557
-49.918400,-76.959883,566.181478
-53.143510,-51.216623,568.088125
-50.469746,-25.156847,567.141016
-42.900449,-4.045385,563.607626
-32.362586,11.741819,558.327870
-20.253302,24.042733,552.479168
-7.380700,34.524954,547.248592
5.744402,44.419374,543.507670
18.697917,54.788498,541.592368
30.981618,66.837563,541.260967
41.819272,82.202472,541.841339
49.859497,102.804888,542.511697
53.143263,128.706319,542.615048
50.445530,154.952683,541.902452
42.792518,176.165059,540.628539
32.159634,-168.016240,539.469891
19.972413,-155.708806,539.289912
7.052162,-145.223718,540.822665
-6.266036,-130.184135,544.442930
-19.186263,-119.788059,549.766954
-31.392288,-107.690166,555.980328
-42.110149,-92.262877,561.878512
-50.000102,-71.632797,566.226483
-53.147051,-45.840678,568.094647
-50.393679,-19.823332,567.108289
-42.770327,1.206783,563.543780
-32.202757,16.932084,558.247636
-20.078339,29.197519,552.399773
-7.199132,39.663893,547.184975
5.926480,49.557658,543.468489
18.874471,59.941165,541.578088
31.144357,72.023834,541.264663
41.954110,87.448707,541.851882
49.942425,108.133419,542.518144
53.147071,134.085029,542.610731
50.368588,160.288281,541.887443
42.661062,-178.581984,540.609737
31.998564,-162.825788,539.458689
19.796561,-150.553983,539.298150
6.870180,-140.084721,540.858136
-6.447957,-125.045622,544.506342
-19.362041,-114.634863,549.849674
-31.553642,-102.503077,556.067392
-42.243058,-87.015828,561.952163
-50.080879,-66.304612,566.271001
-53.149409,-40.464683,568.100608
-50.316659,-14.490885,567.075055
-42.639650,6.457901,563.479594
-32.042637,22.121689,558.167296
-19.903236,34.351965,552.320505
-7.017517,44.802724,547.121657
6.108525,54.696035,543.429670
19.050898,65.094152,541.564118
31.306824,77.210741,541.268534
42.088417,92.695978,541.862437
50.024420,113.463073,542.524474
53.149677,139.463795,542.606249
50.290681,165.622791,541.872320
42.529049,-173.330090,540.590956
31.837206,-157.636001,539.447681
19.620574,-145.399500,539.306726
6.688160,-134.945831,540.894007
-6.629837,-119.907014,544.570097
-19.537683,-109.481342,549.932568
-31.714716,-97.315348,556.154393
-42.375429,-81.767747,562.025506
-50.160726,-60.975332,566.315029
-53.150582,-35.088657,568.106006
-50.238693,-9.159514,567.041316
-42.508421,11.707974,563.415071
-31.882230,27.310639,558.086853
-19.727993,39.506075,552.241368
-6.835858,49.941450,547.058638
6.290535,59.834507,543.391214
19.227198,70.247463,541.550459
31.469016,82.398290,541.272580
42.222188,97.944292,541.873002
50.105477,118.793844,542.530685
53.151081,144.842598,542.601600
50.211817,170.956206,541.857085
42.396484,-168.079256,540.572199
31.675563,-152.446872,539.436869
19.444453,-140.245353,539.315643
6.506101,-129.807045,540.930278
-6.811674,-114.768307,544.634194
-19.713188,-104.327493,550.015634
-31.875506,-92.126974,556.241326
-42.507259,-76.518631,562.098539
-50.239637,-55.644965,566.358566
-53.150570,-29.712622,568.110843
-50.159787,-3.829225,567.007074
-42.376647,16.957005,563.350214
-31.721537,32.498940,558.006310
-19.552612,44.659854,552.162364
-6.654154,55.080074,546.995921
6.472510,64.973076,543.353119
19.403368,75.401102,541.537108
31.630931,87.586486,541.276798
42.355418,103.193653,541.883576
50.185590,124.125726,542.536775
53.151284,150.221415,542.596786
50.132000,176.288518,541.841738
42.263370,-162.829476,540.553467
31.513639,-147.258397,539.426255
19.268200,-135.091539,539.324902
6.324005,-124.668360,540.966951
-6.993466,-109.629498,544.698631
-19.888556,-99.173311,550.098869
-32.036011,-86.937951,556.328189
-42.638541,-71.268473,562.171259
-50.317606,-50.313517,566.401610
-53.149375,-24.336598,568.115119
-50.079945,1.499975,566.972329
-42.244331,22.205000,563.285027
-31.560561,37.686596,557.925670
-19.377094,49.813304,552.083497
-6.472408,60.218599,546.933507
6.654448,70.111746,543.315386
19.579406,80.555073,541.524065
31.792565,92.775333,541.281184
42.488103,108.444066,541.894155
50.264753,129.458712,542.542744
53.150284,155.600226,542.591806
50.051238,-178.380278,541.826282
42.129715,-157.580744,540.534764
31.351436,-142.070570,539.415841
19.091817,-129.938053,539.334505
6.141873,-119.529774,541.004023
-7.175214,-104.490584,544.763406
-20.063783,-94.018795,550.182269
-32.196227,-81.748273,556.414977
-42.769272,-66.017270,562.243662
-50.394629,-44.980993,566.444159
-53.146995,-18.960605,568.118832
-49.999174,6.828082,566.937084
-42.111479,27.451964,563.219512
-31.399306,42.873613,557.844938
-19.201442,54.966430,552.004769
-6.290619,65.357027,546.871397
6.836349,75.250520,543.278016
19.755312,85.709378,541.511327
31.953916,97.964838,541.285738
42.620238,113.695536,541.904738
50.342962,134.792796,542.548590
53.148083,160.979009,542.586660
49.969534,-173.050188,541.810717
41.995521,-152.333057,540.516091
31.188957,-136.883387,539.405629
18.915305,-124.784892,539.344453
5.959707,-114.391284,541.041497
-7.356915,-99.351562,544.828518
-20.238869,-88.863938,550.265832
-32.356152,-76.557935,556.501687
-42.899447,-60.765015,562.315746
-50.470699,-39.647401,566.486211
-53.143431,-13.584665,568.121983
-49.917479,12.155088,566.901341
-41.978094,32.697902,563.153671
-31.237773,48.059996,557.764116
-19.025656,60.119234,551.926182
-6.108791,70.495362,546.809594
7.018211,80.389400,543.241007
19.931083,90.864022,541.498893
32.114982,103.155005,541.290457
42.751817,118.948069,541.915322
50.420209,140.127972,542.554312
53.144680,166.357743,542.581349
49.886896,-167.721219,541.795045
41.860794,-147.086408,540.497451
31.026204,-131.696842,539.395623
18.738666,-119.632053,539.354747
5.777508,-109.252886,541.079371
-7.538569,-94.212431,544.893965
-20.413812,-83.708739,550.349554
-32.515784,-71.366931,556.588316
-43.029061,-55.511705,562.387507
-50.545811,-34.312748,566.527765
-53.138684,-8.208797,568.124573
-49.834865,17.480988,566.865101
-41.844182,37.942818,563.087509
-31.075965,53.245749,557.683209
-18.849738,65.271721,551.847741
-5.926922,75.633606,546.748098
7.200033,85.528389,543.204360
20.106718,96.019009,541.486762
32.275759,108.345839,541.295339
42.882837,124.201668,541.925906
50.496489,145.464231,542.559909
53.140076,171.736408,542.575872
49.803330,-162.393375,541.779268
41.725538,-141.840793,540.478846
30.863181,-126.510929,539.385824
18.561901,-114.479532,539.365390
5.595276,-104.114578,541.117646
-7.720174,-89.073186,544.959746
-20.588610,-78.553193,550.433433
-32.675118,-66.175257,556.674860
-43.158109,-50.257335,562.458942
-50.619959,-28.977042,566.568818
-53.132753,-2.833023,568.126601
-49.751340,22.805778,566.828366
-41.709746,43.186719,563.021029
-30.913885,58.430879,557.602218
-18.673690,70.423894,551.769447
-5.745015,80.771761,546.686912
7.381814,90.667491,543.168076
20.282215,101.174342,541.474931
32.436245,113.537347,541.300381
43.013293,129.456340,541.936488
50.571797,150.801568,542.565380
53.134271,177.114982,542.570230
49.718840,-157.066662,541.763386
41.589758,-136.596205,540.460278
30.699889,-121.325644,539.376234
18.385012,-109.327325,539.376382
5.413013,-98.976357,541.156321
-7.901730,-83.933824,545.025857
-20.763262,-73.397296,550.517466
-32.834154,-60.982907,556.761316
-43.286586,-45.001900,562.530049
-50.693139,-23.640289,566.609370
-53.125640,2.542637,568.128067
-49.666908,28.129452,566.791138
-41.574792,48.429608,562.954232
-30.751536,63.615390,557.521148
-18.497513,75.575756,551.691304
-5.563071,85.909832,546.626037
7.563552,95.806707,543.132153
20.457574,106.330025,541.463401
32.596437,118.729533,541.305582
43.143178,134.712088,541.947064
50.646126,156.139974,542.570722
53.127266,-177.506557,542.564423
49.633433,-151.741086,541.747402
41.453459,-131.352641,540.441750
30.536331,-116.140982,539.366857
18.208000,-104.175428,539.387724
5.230719,-93.838220,541.195396
-8.083235,-78.794344,545.092299
-20.937766,-68.241045,550.601649
-32.992886,-55.789876,556.847680
-43.414488,-39.745396,562.600824
-50.765343,-18.302498,566.649418
-53.117345,7.918162,568.128971
-49.581575,33.452006,566.753418
-41.439324,53.671492,562.887122
-30.588919,68.799287,557.440003
-18.321209,80.727312,551.613315
-5.381091,91.047820,546.565474
7.745247,100.946041,543.096591
20.632791,111.486062,541.452169
32.756331,123.922403,541.310938
43.272489,139.968917,541.957634
50.719471,161.479442,542.575937
53.119061,-172.128228,542.558451
49.547116,-146.416650,541.731318
41.316645,-126.110095,540.423264
30.372510,-110.956937,539.357693
18.030867,-99.023838,539.399420
5.048397,-88.700165,541.234872
-8.264687,-73.654742,545.159068
-21.112121,-63.084435,550.685979
-33.151314,-50.596159,556.933949
-43.541809,-34.487818,562.671265
-50.836567,-12.963677,566.688961
-53.107869,13.293533,568.129314
-49.495347,38.773434,566.715209
-41.303347,58.912375,562.819703
-30.426038,73.982575,557.358785
-18.144779,85.878565,551.535481
-5.199076,96.185729,546.505225
7.926898,106.085496,543.061391
20.807866,116.642457,541.441233
32.915926,129.115962,541.316448
43.401221,145.226833,541.968194
50.791827,166.819963,542.581021
53.109657,-166.750053,542.552315
49.459893,-141.093359,541.715133
41.179321,-120.868561,540.404823
30.208429,-105.773504,539.348747
17.853614,-93.872552,539.411468
4.866048,-83.562188,541.274748
-8.446087,-68.515015,545.226163
-21.286325,-57.927464,550.770454
-33.309434,-45.401749,557.020118
-43.668545,-29.229162,562.741368
-50.906806,-7.623834,566.727997
-53.097212,18.668729,568.129095
-49.408230,44.093733,566.676512
-41.166864,64.152262,562.751977
-30.262895,79.165259,557.277497
-17.968225,91.029518,551.457807
-5.017027,101.323561,546.445292
8.108503,111.225075,543.026552
20.982796,121.799213,541.430593
33.075219,134.310216,541.322109
43.529368,150.485839,541.978744
50.863188,172.161529,542.585974
53.099056,-161.372052,542.546014
49.371770,-135.771218,541.698851
41.041491,-115.628034,540.386428
30.044090,-100.590679,539.340019
17.676244,-88.721565,539.423872
4.683671,-78.424287,541.315023
-8.627432,-63.375160,545.293582
-21.460376,-52.770126,550.855070
-33.467244,-40.206643,557.106186
-43.794691,-23.969423,562.811131
-50.976054,-2.282978,566.766525
-53.085377,24.043729,568.128315
-49.320229,49.412899,566.637330
-41.029881,69.391160,562.683947
-30.099492,84.347345,557.196144
-17.791548,96.180176,551.380295
-4.834945,106.461320,546.385675
8.290061,116.364780,542.992075
21.157581,126.956335,541.420245
33.234205,139.505170,541.327919
43.656925,155.745941,541.989280
50.933548,177.504131,542.590795
53.087258,-155.994248,542.539549
49.282755,-130.450230,541.682473
40.903160,-110.388508,540.368082
29.879495,-95.408456,539.331512
17.498756,-83.570874,539.436632
4.501269,-73.286459,541.355699
-8.808722,-58.235175,545.361324
-21.634272,-47.612419,550.939824
-33.624739,-35.010834,557.192147
-43.920241,-18.708598,562.880550
-51.044306,3.058881,566.804542
-53.072364,29.418513,568.126974
-49.231350,54.730928,566.597663
-40.892401,74.629072,562.615617
-29.935832,89.528837,557.114729
-17.614749,101.330540,551.302947
-4.652832,111.599007,546.326377
8.471570,121.504615,542.957958
21.332218,132.113826,541.410190
33.392883,144.700829,541.333877
43.783887,161.007142,541.999801
51.002902,-177.152240,542.595482
53.074264,-150.616659,542.532920
49.192852,-125.130400,541.666000
40.764332,-105.149979,540.349787
29.714647,-90.226830,539.323229
17.321154,-78.420477,539.449750
4.318842,-68.148702,541.396774
-8.989955,-53.095056,545.429385
-21.808012,-42.454338,551.024713
-33.781918,-29.814317,557.277999
-44.045191,-13.446681,562.949622
-51.111556,8.401736,566.842048
-53.058174,34.793062,568.125072
-49.141600,60.047817,566.557514
-40.754429,79.866005,562.546989
-29.771917,94.709739,557.033255
-17.437831,106.480616,551.225767
-4.470687,116.736625,546.267398
8.653031,126.644582,542.924202
21.506706,137.271690,541.400425
33.551250,149.897199,541.339978
43.910250,166.269447,542.010304
51.071244,-171.807593,542.600035
53.060075,-145.239308,542.526127
49.102067,-119.811730,541.649433
40.625012,-99.912440,540.331547
29.549549,-85.045796,539.315171
17.143437,-73.270368,539.463227
4.136392,-63.011011,541.438248
-9.171130,-47.954800,545.497766
-21.981595,-37.295880,551.109734
-33.938777,-24.617087,557.363738
-44.169536,-8.183670,563.018345
-51.177800,13.745575,566.879040
-53.042808,40.167355,568.122609
-49.050983,65.363561,566.516885
-40.615969,85.101964,562.478066
-29.607750,99.890058,556.951725
-17.260794,111.630405,551.148757
-4.288514,121.874178,546.208741
8.834441,131.784684,542.890807
21.681043,142.429932,541.390948
33.709302,155.094285,541.346222
44.036007,171.532861,542.020788
51.138570,-166.461937,542.604452
53.044694,-139.862213,542.519172
49.010408,-114.494224,541.632775
40.485204,-94.675886,540.313362
29.384202,-79.865349,539.307341
16.965609,-68.120545,539.477065
3.953920,-57.873385,541.480121
-9.352246,-42.814405,545.566462
-22.155018,-32.137040,551.194883
-34.095314,-19.419138,557.449361
-44.293270,-2.919560,563.086716
-51.243031,19.090390,566.915518
-53.026269,45.541371,568.119585
-48.959506,70.678159,566.475778
-40.477026,90.336954,562.408852
-29.443333,105.069798,556.870143
-17.083640,116.779913,551.071919
-4.106312,127.011669,546.150405
9.015800,136.924925,542.857771
21.855227,147.588554,541.381758
33.867037,160.292094,541.352606
44.161155,176.797387,542.031251
51.204873,-161.115283,542.608733
53.028121,-134.485397,542.512053
48.917878,-109.177886,541.616027
40.344913,-89.440312,540.295236
29.218610,-74.685484,539.299742
16.787670,-62.971005,539.491264
3.771427,-52.735821,541.522393
