1.063409,-45.912764,542.195595
-12.030377,-35.925620,546.620792
-24.706907,-24.945641,552.470409
-36.376791,-11.607227,558.702966
-46.053118,5.916911,564.057281
-52.088331,29.099503,567.395046
-52.644511,55.831177,568.009200
-47.505801,79.995970,565.811448
-38.362550,98.500118,561.350421
-26.977313,112.458910,555.656575
-14.443735,123.754637,549.954691
-1.401755,133.833518,545.324195
11.698398,143.811290,542.410098
24.419194,154.776703,541.278233
36.166839,168.102355,541.462356
45.941906,-174.358274,542.182685
52.064714,-151.076256,542.655616
52.643819,-124.154648,542.387643
47.447602,-99.836604,541.358176
38.210490,-81.269664,540.034760
26.735692,-67.294841,539.215373
14.136876,-55.995785,539.744872
0.880729,-40.775809,542.244122
-12.210398,-30.782621,546.694224
-24.877569,-19.780226,552.557169
-36.527808,-6.397170,558.786283
-46.166492,11.198879,564.119701
-52.136892,34.458233,567.423192
-52.609671,61.198275,567.997360
-47.401479,85.292176,565.763049
-38.216498,103.720507,561.277016
-26.809244,117.630117,555.574616
-14.264914,128.900128,549.880942
-1.219250,138.970384,545.271126
11.878779,148.954118,542.382707
24.590723,159.941898,541.273355
36.319128,173.312334,541.470649
46.056682,-169.075651,542.192541
52.114158,-145.715335,542.657607
52.608672,-118.784848,542.378003
47.342103,-94.538969,541.340232
38.063099,-76.048844,540.017876
26.566521,-62.123549,539.211711
13.957372,-50.850259,539.764951
0.698046,-35.638869,542.293038
-12.390340,-25.639431,546.767937
-25.048041,-14.614361,552.644004
-36.678449,-1.186302,558.869424
-46.279167,16.481999,564.181723
-52.184362,39.817731,567.450802
-52.573698,66.564782,567.984967
-47.296394,90.587215,565.714207
-38.070030,108.940019,561.203374
-26.640964,122.800824,555.492661
-14.085999,134.045393,549.807409
-1.036735,144.107233,545.218399
12.059088,154.097134,542.355669
24.762069,165.107544,541.268735
36.471045,178.523130,541.479042
46.170757,-163.791859,542.202343
52.162498,-140.353625,542.659448
52.572376,-113.415647,542.368209
47.235835,-89.242520,541.322227
37.915293,-70.828907,540.001092
26.397142,-56.952760,539.208315
13.777781,-45.704958,539.785410
0.515362,-30.501942,542.342345
-12.570201,-20.496049,546.841928
-25.218322,-9.448041,552.730909
-36.828710,4.025384,558.952386
-46.391137,21.766273,564.243344
-52.230736,45.177985,567.477874
-52.536595,71.930682,567.972023
-47.190552,95.881088,565.664924
-37.923149,114.158662,561.129496
-26.472473,127.971035,555.410714
-13.906992,139.190435,549.734095
-0.854212,149.244068,545.166014
12.239324,159.240343,542.328983
24.933230,170.273644,541.264369
36.622586,-176.265252,541.487534
46.284125,-158.506896,542.212089
52.209728,-134.991139,542.661135
52.534933,-108.047064,542.358261
47.128804,-83.947256,541.304164
37.767076,-65.609849,539.984408
26.227558,-51.782468,539.205189
13.598103,-40.559881,539.806249
0.332677,-25.365024,542.392040
-12.749980,-15.352470,546.916195
-25.388408,-4.281262,552.817882
-36.978588,9.237892,559.035167
-46.502396,27.051703,564.304560
-52.276011,50.538977,567.504407
-52.498366,77.295958,567.958528
-47.083959,101.173795,565.615204
-37.775859,119.376441,561.055388
-26.303774,133.140755,555.328777
-13.727893,144.335257,549.661002
-0.671680,154.380892,545.113973
12.419485,164.383746,542.302647
25.104203,175.440204,541.260258
36.773749,-171.052806,541.496123
46.396779,-153.220760,542.221776
52.255845,-129.627893,542.662670
52.496346,-102.679116,542.348159
47.021015,-78.653177,541.286044
37.618452,-60.391662,539.967828
26.057771,-46.612669,539.202333
13.418342,-35.415022,539.827471
0.149993,-20.228114,542.442123
-12.929676,-10.208691,546.990736
-25.558299,0.885980,552.904919
-37.128079,14.451229,559.117763
-46.612938,32.338290,564.365370
-52.320182,55.900695,567.530400
-52.459014,82.660593,567.944483
-46.976619,106.465337,565.565049
-37.628164,124.593362,560.981051
-26.134868,138.309989,555.246855
-13.548704,149.479863,549.588133
-0.489142,159.517709,545.062276
12.599570,169.527348,542.276661
25.274987,-179.392773,541.256398
36.924529,-165.839526,541.504806
46.508716,-147.933449,542.231403
52.300845,-124.263902,542.664051
52.456620,-97.311820,542.337906
46.912474,-73.360281,541.267869
37.469424,-55.174343,539.951355
25.887783,-41.443359,539.199750
13.238497,-30.270380,539.849076
-0.032689,-15.091207,542.492594
-13.109288,-5.064710,547.065548
-25.727991,6.053690,552.992017
-37.277180,19.665401,559.200170
-46.722759,37.626037,564.425770
-52.363246,61.263121,567.555851
-52.418542,88.024571,567.929889
-46.868540,111.755715,565.514461
-37.480068,129.809429,560.906490
-25.965759,143.478740,555.164950
-13.369427,154.624256,549.515491
-0.306599,164.654520,545.010925
12.779578,174.671152,542.251024
25.445580,-174.225282,541.252787
37.074923,-160.625406,541.513581
46.619928,-142.644961,542.240968
52.344724,-118.899182,542.665277
52.415758,-91.945192,542.327501
46.803186,-68.068567,541.249641
37.319996,-49.957884,539.934989
25.717596,-36.274532,539.197443
13.058569,-25.125950,539.871065
-0.215368,-9.954303,542.543451
-13.288813,0.079476,547.140629
-25.897485,11.221871,553.079172
-37.425887,24.880412,559.282385
-46.831851,42.914944,564.485759
-52.405199,66.626241,567.580761
-52.376954,93.387876,567.914746
-46.759726,117.044931,565.463442
-37.331574,135.024650,560.831707
-25.796448,148.647014,555.083066
-13.190062,159.768439,549.443076
-0.124051,169.791328,544.959921
12.959507,179.815160,542.225736
25.615979,-169.057319,541.249425
37.224927,-155.410441,541.522445
46.730410,-137.355294,542.250470
52.387477,-113.533749,542.666349
52.373764,-86.579249,542.316944
46.693159,-62.778034,541.231363
37.170171,-44.742280,539.918735
25.547211,-31.106186,539.195413
12.878561,-19.981730,539.893439
-0.398043,-4.817397,542.594694
-13.468252,5.223872,547.215977
-26.066776,16.390529,553.166382
-37.574197,30.096269,559.364405
-46.940211,48.205013,564.545333
-52.446036,71.990038,567.605127
-52.334254,98.750492,567.899055
-46.650183,122.332985,565.411995
-37.182685,140.239028,560.756706
-25.626936,153.814814,555.001205
-13.010611,164.912414,549.370893
0.058501,174.928137,544.909264
13.139357,-175.040624,542.200796
25.786183,-163.888879,541.246308
37.374539,-150.194625,541.531397
46.840156,-132.064448,542.259906
52.429101,-108.167619,542.667264
52.330642,-81.214008,542.306238
46.582397,-57.488681,541.213035
37.019954,-39.527525,539.902594
25.376632,-25.938314,539.193662
12.698474,-14.837717,539.916198
-0.580714,0.319513,542.646322
-13.647602,10.368479,547.291590
-26.235863,21.559668,553.253643
-37.722107,35.312976,559.446226
-47.047831,53.496246,564.604491
-52.485755,77.354497,567.628950
-52.290446,104.112402,567.882817
-46.539918,127.619880,565.360122
-37.033406,145.452571,560.681490
-25.457227,158.982145,554.919372
-12.831075,170.056186,549.298942
0.241055,-179.935052,544.858954
13.319125,-169.896197,542.176202
25.956190,-158.719959,541.243435
37.523753,-144.977953,541.540434
46.949161,-126.772420,542.269274
52.469592,-102.800808,542.668023
52.286396,-75.849484,542.295383
46.470906,-52.200506,541.194660
36.869348,-34.313614,539.886569
25.205860,-20.770913,539.192192
12.518309,-9.693907,539.939343
-0.763378,5.456430,542.698334
-13.826862,15.513302,547.367464
-26.404745,26.729292,553.340951
-37.869611,40.530541,559.527844
-47.154707,58.788644,564.663229
-52.524352,82.719601,567.652227
-52.245533,109.473593,567.866033
-46.428934,132.905616,565.307825
-36.883739,150.665284,560.606063
-25.287321,164.149012,554.837569
-12.651456,175.199757,549.227227
0.423610,-174.798235,544.808994
13.498812,-164.751556,542.151955
26.125997,-153.550552,541.240803
37.672566,-139.760417,541.549553
47.057418,-121.479209,542.278574
52.508946,-97.433333,542.668626
52.241028,-70.485694,542.284379
46.358692,-46.913508,541.176241
36.718357,-29.100541,539.870662
25.034896,-15.603979,539.191005
12.338066,-4.550298,539.962876
-0.946034,10.593356,542.750729
-14.006031,20.658343,547.443597
-26.573419,31.899405,553.428303
-38.016708,45.748968,559.609257
-47.260833,64.082206,564.721545
-52.561823,88.085333,567.674959
-52.199520,114.834047,567.848704
-46.317239,138.190196,565.255108
-36.733689,155.877171,560.530427
-25.117221,169.315418,554.755800
-12.471754,-179.656869,549.155750
0.606165,-169.661409,544.759383
13.678414,-159.606697,542.128053
26.295603,-148.380656,541.238412
37.820976,-134.542014,541.558753
47.164922,-116.184814,542.287802
52.547160,-92.065211,542.669070
52.194545,-65.122652,542.273227
46.245761,-41.627683,541.157778
36.566984,-23.888300,539.854876
24.863744,-10.437506,539.190104
12.157748,0.593115,539.986796
-1.128683,15.730295,542.803506
-14.185108,25.803606,547.519988
-26.741883,37.070012,553.515696
-38.163393,50.968263,559.690461
-47.366203,69.376935,564.779437
-52.598164,93.451678,567.697144
-52.152410,120.193752,567.830831
-46.204837,143.473621,565.201972
-36.583259,161.088240,560.454587
-24.946929,174.481368,554.674068
-12.291971,-174.513690,549.084513
0.788720,-164.524573,544.710122
13.857932,-154.461618,542.104496
26.465005,-143.210265,541.236258
37.968977,-129.322736,541.568030
47.271667,-110.889234,542.296958
52.584230,-86.696459,542.669357
52.146949,-59.760375,542.261928
46.132118,-36.343031,541.139274
36.415232,-18.676885,539.839212
24.692405,-5.271492,539.189490
11.977356,5.736333,540.011105
-1.311322,20.867248,542.856665
-14.364092,30.949093,547.596633
-26.910135,42.241118,553.603126
-38.309662,56.188432,559.771452
-47.470811,74.672830,564.836902
-52.633374,98.818617,567.718781
-52.104208,125.552691,567.812414
-46.091734,148.755894,565.148420
-36.432451,166.298495,560.378544
-24.776447,179.646866,554.592376
-12.112109,-169.370702,549.013518
0.971272,-159.387722,544.661212
14.037363,-149.316315,542.081283
26.634201,-138.039375,541.234341
38.116566,-124.102579,541.577384
47.377647,-105.592469,542.306040
52.620152,-81.327094,542.669485
52.098246,-54.398877,542.250484
46.017769,-31.059549,541.120731
36.263106,-13.466290,539.823675
24.520881,-0.105930,539.189165
11.796891,10.879361,540.035803
-1.493950,26.004219,542.910203
-14.542980,36.094809,547.673529
-27.078173,47.412728,553.690590
-38.455512,61.409480,559.852227
-47.574652,79.969892,564.893939
-52.667447,104.186134,567.739870
-52.054918,130.910850,567.793455
-45.977936,154.037016,565.094454
-36.281270,171.507943,560.302304
-24.605776,-175.188083,554.510728
-11.932168,-164.227903,548.942768
1.153821,-154.250855,544.612654
14.216707,-144.170785,542.058412
26.803190,-132.867982,541.232657
38.263740,-118.881535,541.586811
47.482857,-100.294518,542.315046
52.654924,-75.957133,542.669453
52.048439,-49.038173,542.238894
45.902720,-25.777235,541.102150
36.110608,-8.256510,539.808265
24.349173,5.059183,539.189131
11.616354,16.022201,540.060892
-1.676567,31.141211,542.964121
-14.721772,41.240756,547.750675
-27.245994,52.584844,553.778085
-38.600938,66.631413,559.932783
-47.677720,85.268121,564.950543
-52.700382,109.554211,567.760409
-52.004544,136.268216,567.773955
-45.863447,159.316991,565.040077
-36.129719,176.716588,560.225869
-24.434919,-170.023476,554.429126
-11.752149,-159.085288,548.872265
1.336366,-149.113969,544.564449
14.395962,-139.025025,542.035883
26.971969,-127.696080,541.231206
38.410494,-113.659601,541.596309
47.587290,-94.995380,542.323974
52.688542,-70.586595,542.669262
51.997532,-43.678277,542.227161
45.786976,-20.496086,541.083535
35.957742,-3.047540,539.792986
24.177285,10.223850,539.189390
11.435746,21.164856,540.086371
-1.859171,36.278226,543.018417
-14.900467,46.386937,547.828068
-27.413598,57.757473,553.865606
-38.745938,71.854237,560.013117
-47.780009,90.567518,565.006714
-52.732175,114.922831,567.780399
-51.953090,141.624774,567.753914
-45.748274,164.595819,564.985292
-35.977802,-178.075564,560.149242
-24.263878,-164.859307,554.347574
-11.572055,-153.942856,548.802010
1.518906,-143.977060,544.516597
14.575126,-133.879032,542.013695
27.140536,-122.523665,541.229984
38.556824,-108.436769,541.605876
47.690940,-89.695056,542.332822
52.721002,-65.215498,542.668911
51.945531,-38.319204,542.215284
45.670543,-15.216100,541.064887
35.804512,2.160627,539.777839
24.005217,15.388078,539.189945
11.255069,26.307330,540.112241
-2.041762,41.415266,543.073090
-15.079063,51.533356,547.905706
-27.580981,62.930619,553.953152
-38.890507,77.077956,560.093225
-47.881513,95.868082,565.062448
-52.762823,120.291975,567.799837
-51.900562,146.980510,567.733335
-45.632423,169.873505,564.930101
-35.825521,-172.868506,560.072426
-24.092653,-159.695574,554.266075
-11.391885,-148.800603,548.732007
1.701440,-138.840127,544.469098
14.754199,-128.732801,541.991847
27.308888,-117.350733,541.228990
38.702728,-103.213034,541.615509
47.793803,-84.393545,542.341589
52.752303,-59.843859,542.668399
51.892439,-32.960968,542.203264
45.553427,-9.937275,541.046207
35.650921,7.367997,539.762828
23.832972,20.551869,539.190796
11.074325,31.449625,540.138504
-2.224337,46.552336,543.128139
-15.257558,56.680016,547.983585
-27.748141,68.104286,554.040717
-39.034642,82.302578,560.173103
-47.982227,101.169812,565.117744
-52.792324,125.661627,567.818724
-51.846962,152.335411,567.712217
-45.515897,175.150051,564.874507
-35.672880,-167.662234,559.995426
-23.921248,-154.532271,554.184633
-11.211642,-143.658526,548.662257
1.883966,-133.703166,544.421953
14.933178,-123.586331,541.970337
27.477024,-112.177279,541.228221
38.848200,-97.988391,541.625207
47.895870,-79.090847,542.350273
52.782440,-54.471696,542.667726
51.838262,-27.603582,542.191104
45.435633,-4.659606,541.027499
35.496972,12.574574,539.747954
23.660551,25.715229,539.191946
10.893513,36.591745,540.165159
-2.406897,51.689437,543.183564
-15.435952,61.826920,548.061703
-27.915076,73.278479,554.128300
-39.178338,87.528107,560.252749
-48.082145,106.472708,565.172598
-52.820674,131.031766,567.837059
-51.792297,157.689465,567.690562
-45.398704,-179.574542,564.818512
-35.519882,-162.456742,559.918244
-23.749664,-149.369394,554.103250
-11.031327,-138.516622,548.592763
2.066483,-128.566175,544.375164
15.112064,-118.439617,541.949166
27.644942,-107.003298,541.227677
38.993237,-92.762833,541.634967
47.997138,-73.786963,542.358873
52.811411,-49.099030,542.666892
51.783004,-22.247061,542.178803
45.317166,0.616908,541.008763
35.342669,17.780366,539.733220
23.487957,30.878160,539.193397
10.712636,41.733692,540.192207
-2.589439,56.826572,543.239362
-15.614243,66.974073,548.140057
-28.081785,78.453203,554.215895
-39.321591,92.754549,560.332159
-48.181261,111.776770,565.227009
-52.847871,136.402376,567.854841
-51.736570,163.042658,567.668371
-45.280847,-174.300268,564.762118
-35.366531,-157.252024,559.840884
-23.577903,-144.206940,554.021929
-10.850940,-133.374887,548.523526
2.248991,-123.429151,544.328730
15.290853,-113.292656,541.928332
27.812639,-101.828786,541.227354
39.137835,-87.536355,541.644786
48.097599,-68.481893,542.367386
52.839213,-43.725877,542.665896
51.726670,-16.891415,542.166362
45.198032,5.892272,540.990003
35.188014,22.985376,539.718629
23.315191,36.040668,539.195151
10.531695,46.875470,540.219649
-2.771963,61.963744,543.295533
-15.792429,72.121476,548.218646
-28.248264,83.628462,554.303501
-39.464398,97.981910,560.411330
-48.279569,117.081997,565.280975
-52.873913,141.773438,567.872069
-51.679787,168.394977,567.645645
-45.162333,-169.027127,564.705329
-35.212829,-152.048075,559.763350
-23.405966,-139.044905,553.940674
-10.670484,-128.233320,548.454549
2.431488,-118.292090,544.282652
15.469546,-108.145446,541.907834
27.980112,-96.653737,541.227251
39.281990,-82.308952,541.654663
48.197248,-63.175639,542.375812
52.865844,-38.352258,542.664737
51.669264,-11.536660,542.153784
45.078237,11.166487,540.971220
35.033012,28.189612,539.704183
23.142255,41.202756,539.197209
10.350690,52.017082,540.247485
-2.954468,67.100956,543.352076
-15.970510,77.269133,548.297466
-28.414511,88.804262,554.391113
-39.606755,103.210194,560.490258
-48.377064,122.388387,565.334493
-52.898796,147.144933,567.888744
-51.621951,173.746411,567.622386
-45.043167,-163.755114,564.648148
-35.058781,-146.844889,559.685643
-23.233856,-133.883283,553.859489
-10.489958,-123.091917,548.385834
2.613973,-113.154991,544.236930
15.648140,-102.997982,541.887671
28.147360,-91.478148,541.227365
39.425698,-77.080617,541.664595
48.296080,-57.868200,542.384148
52.891301,-32.978191,542.663416
51.610792,-6.182807,542.141068
44.957786,16.439557,540.952416
34.877665,33.393078,539.689884
22.969151,46.364430,539.199573
10.169624,57.158530,540.275716
-3.136953,72.238211,543.408989
-16.148483,82.417048,548.376514
-28.580525,93.980606,554.478728
-39.748657,108.439409,560.568941
-48.473739,127.695939,565.387560
-52.922520,152.516841,567.904863
-51.563068,179.096946,567.598594
-44.923354,-158.484225,564.590575
-34.904388,-141.642461,559.607769
-23.061574,-128.722072,553.778375
-10.309366,-117.950674,548.317383
2.796445,-108.017851,544.191566
15.826634,-97.850261,541.867842
28.314381,-86.302013,541.227695
39.568954,-71.851344,541.674580
48.394087,-52.559579,542.392393
52.915581,-27.603696,542.661932
51.551258,-0.829869,542.128216
44.836684,21.711486,540.933594
34.721977,38.595781,539.675735
22.795881,51.525692,539.202246
9.988497,62.299818,540.304343
-3.319416,77.375511,543.466272
-16.326348,87.565224,548.455788
-28.746303,99.157499,554.566343
-39.890101,113.669558,560.647374
-48.569590,133.004652,565.440175
-52.945080,157.889145,567.920427
-51.503143,-175.553428,567.574270
-44.802900,-153.214459,564.532616
-34.749654,-136.440786,559.529730
-22.889123,-123.561266,553.697337
-10.128706,-112.809590,548.249198
2.978903,-102.880667,544.146559
16.005026,-92.702280,541.848345
28.481172,-81.125327,541.228238
39.711755,-66.621129,541.684615
48.491264,-47.249776,542.400546
52.938683,-22.228791,542.660284
51.490667,4.522142,542.115228
44.714937,26.982278,540.914755
34.565951,43.797725,539.661739
22.622447,56.686547,539.205229
9.807310,67.440949,540.333365
-3.501856,82.512859,543.523922
-16.504103,92.713664,548.535286
-28.911843,104.334947,554.653954
-40.031082,118.900649,560.725555
-48.664609,138.314524,565.492336
-52.966476,163.261824,567.935435
-51.442180,-170.204722,567.549417
-44.681809,-147.945811,564.474271
-34.594583,-131.239856,559.451529
-22.716503,-118.400863,553.616377
-9.947982,-107.668660,548.181281
3.161346,-97.743436,544.101910
16.183317,-87.554036,541.829180
28.647730,-75.948086,541.228993
39.854096,-61.389965,541.694699
48.587605,-41.938793,542.408604
52.960603,-16.853498,542.658473
51.429025,9.873215,542.102107
44.592550,32.251935,540.895902
34.409590,48.998917,539.647897
22.448850,61.846998,539.208523
9.626066,72.581925,540.362784
-3.684273,87.650257,543.581939
-16.681747,97.862372,548.615004
-29.077142,109.512953,554.741558
-40.171597,124.132685,560.803480
-48.758791,143.625553,565.544040
-52.986706,168.634860,567.949886
-51.380185,-164.856950,567.524035
-44.560087,-142.678278,564.415544
-34.439178,-126.039669,559.373171
-22.543717,-113.240857,553.535498
-9.767194,-102.527883,548.113633
3.343773,-92.606155,544.057619
16.361503,-82.405525,541.810346
28.814054,-70.770285,541.229956
39.995974,-56.157846,541.704829
48.683104,-36.626633,542.416567
52.981341,-11.477834,542.656498
51.366336,15.223339,542.088853
44.469529,37.520462,540.877037
34.252897,54.199363,539.634211
22.275092,67.007051,539.212131
9.444764,77.722750,540.392599
-3.866665,92.787710,543.640322
-16.859278,103.011351,548.694940
-29.242199,114.691524,554.829150
-40.311641,129.365674,560.881146
-48.852131,148.937736,565.595284
-53.005766,174.008233,567.963780
-51.317162,-159.510120,567.498126
-44.437739,-137.411856,564.356437
-34.283440,-120.840216,559.294657
-22.370766,-108.081246,553.454704
-9.586343,-97.387254,548.046258
3.526183,-87.468821,544.013687
16.539583,-77.256744,541.791841
28.980142,-65.591919,541.231127
40.137383,-50.924768,541.715002
48.777755,-31.313296,542.424432
53.000893,-6.101821,542.654358
51.302606,20.572501,542.075466
44.345878,42.787862,540.858162
34.095875,59.399066,539.620686
22.101175,72.166709,539.216055
9.263407,82.863427,540.422811
-4.049031,97.925219,543.699069
-17.036695,108.160605,548.775091
-29.407010,119.870663,554.916729
-40.451210,134.599619,560.958550
-48.944623,154.251072,565.646068
-53.023656,179.381923,567.977117
-51.253117,-154.164245,567.471690
-44.314770,-132.146541,564.296954
-34.127375,-115.641495,559.215993
-22.197652,-102.922024,553.373998
-9.405430,-92.246771,547.979157
3.708574,-82.331433,543.970114
16.717556,-72.107689,541.773665
29.145990,-60.412983,541.232502
40.278320,-45.690725,541.725217
48.871553,-25.998785,542.432198
53.019258,-0.725478,542.652054
51.237840,25.920691,542.061949
44.221604,48.054139,540.839279
33.938528,64.598034,539.607322
21.927101,77.325976,539.220296
9.081995,88.003958,540.453421
-4.231371,103.062786,543.758179
-17.213997,113.310137,548.855454
-29.571573,125.050376,555.004290
-40.590299,139.834527,561.035689
-49.036260,159.565558,565.696388
-53.040374,-175.244089,567.989896
-51.188054,-148.819333,567.444729
-44.191185,-126.882330,564.237096
-33.970983,-110.443498,559.137181
-22.024376,-97.763189,553.293382
-9.224458,-87.106432,547.912332
3.890945,-77.193986,543.926900
16.895422,-66.958356,541.755815
29.311596,-55.233472,541.234080
40.418781,-40.455710,541.735472
48.964490,-20.683102,542.439864
53.036434,4.651174,542.649586
51.172043,31.267899,542.048303
44.096710,53.319298,540.820390
33.780859,69.796272,539.594122
21.752871,82.484856,539.224855
8.900530,93.144347,540.484429
-4.413682,108.200416,543.817650
-17.391181,118.459950,548.936027
-29.735887,130.230667,555.091829
-40.728906,145.070403,561.112558
-49.127037,164.881191,565.746243
-53.055919,-169.869823,568.002117
-51.121979,-143.475397,567.417245
-44.066990,-121.619219,564.176867
-33.814270,-105.246220,559.058224
-21.850942,-92.604736,553.212861
-9.043425,-81.966233,547.845784
4.073296,-72.056479,543.884047
17.073177,-61.808744,541.738292
29.476958,-50.053382,541.235859
40.558761,-35.219718,541.745763
49.056562,-15.366251,542.447429
53.052420,10.028116,542.646953
51.105220,36.614114,542.034528
43.971204,58.583342,540.801497
33.622869,74.993785,539.581090
21.578488,87.643353,539.229736
8.719012,98.284597,540.515835
-4.595963,113.338111,543.877482
-17.568247,123.610048,549.016806
-29.899948,135.411541,555.179344
-40.867024,150.307253,561.189156
-49.216949,170.197969,565.795630
-53.070287,-164.495300,568.013778
-51.054897,-138.132444,567.389239
-43.942189,-116.357203,564.116270
-33.657236,-100.049657,558.979126
-21.677349,-87.446661,553.132436
-8.862335,-76.826171,547.779517
4.255626,-66.918908,543.841553
17.250821,-56.658847,541.721093
29.642074,-44.872707,541.237836
40.698256,-29.982745,541.756090
49.147762,-10.048234,542.454889
53.067213,15.405326,542.644154
51.037377,41.959326,542.020626
43.845089,63.846275,540.782604
33.464564,80.190579,539.568226
21.403952,92.801471,539.234938
8.537444,103.424710,540.547640
-4.778215,118.475873,543.937672
-17.745193,128.760435,549.097789
-30.063755,140.593004,555.266830
-41.004651,155.545081,561.265479
-49.305988,175.515886,565.844548
-53.083480,-159.120538,568.024881
-50.986813,-132.790485,567.360712
-43.816788,-111.096279,564.055306
-33.499887,-94.853802,558.899891
-21.503601,-82.288960,553.052111
-8.681188,-71.686243,547.713531
4.437932,-61.781270,543.799420
17.428352,-51.508662,541.704218
29.806941,-39.691442,541.240010
40.837262,-24.744783,541.766449
49.238083,-4.729054,542.462245
53.080813,20.782785,542.641190
50.968519,47.303526,542.006598
43.718371,69.108102,540.763711
33.305945,85.386659,539.555534
21.229266,97.959214,539.240465
8.355825,108.564689,540.579843
-4.960435,123.613705,543.998220
-17.922018,133.911113,549.178974
-30.227304,145.775059,555.354285
-41.141781,160.783894,561.341523
-49.394151,-179.165058,565.892994
-53.095494,-153.745559,568.035424
-50.917732,-127.449530,567.331666
-43.690792,-105.836442,563.993980
-33.342223,-89.658650,558.820521
-21.329698,-77.131630,552.971890
-8.499986,-66.546447,547.647828
4.620214,-56.643564,543.757648
17.605769,-46.358187,541.687664
29.971556,-34.509583,541.242377
40.975773,-19.505829,541.776838
49.327522,0.591285,542.469495
53.093218,26.160472,542.638061
50.898652,52.646703,541.992445
43.591055,74.368827,540.744821
33.147015,90.582031,539.543015
21.054432,103.116586,539.246318
8.174158,113.704538,540.612445
-5.142622,128.751611,544.059123
-18.098720,139.062087,549.260356
-30.390594,150.957713,555.441705
-41.278411,166.023696,561.417286
-49.481430,-173.844870,565.940967
-53.106330,-148.370382,568.045407
-50.847661,-122.109586,567.302102
-43.564205,-100.577688,563.932294
-33.184249,-84.464196,558.741020
-21.155642,-71.974666,552.891774
-8.318728,-61.406779,547.582411
4.802471,-51.505785,543.716236
17.783070,-41.207417,541.671432
30.135918,-29.327124,541.244937
41.113786,-14.265876,541.787255
49.416070,5.912780,542.476637
53.104427,31.538366,542.634767
50.827780,57.988850,541.978169
43.463147,79.628455,540.725936
32.987778,95.776700,539.530673
20.879450,108.273591,539.252498
7.992444,118.844259,540.645447
-5.324776,133.889593,544.120381
-18.275297,144.213360,549.341935
-30.553621,156.140970,555.529086
-41.414536,171.264493,561.492764
-49.567819,-168.523552,565.988464
-53.115985,-142.995028,568.054830
-50.776604,-116.770664,567.272022
-43.437033,-95.320013,563.870250
-33.025967,-79.270435,558.661392
-20.981435,-66.818065,552.811768
-8.137418,-56.267237,547.517281
4.984702,-46.367932,543.675186
17.960254,-36.056348,541.655520
30.300024,-24.144061,541.247686
41.251296,-9.024918,541.797699
49.503723,11.235427,542.483670
53.114438,36.916446,542.631306
50.755911,63.329956,541.963770
43.334650,84.886990,540.707059
32.828237,100.970672,539.518509
20.704323,113.430232,539.259007
7.810683,123.983855,540.678849
-5.506895,139.027653,544.181992
-18.451749,149.364935,549.423705
-30.716384,161.324835,555.616424
-41.550151,176.506289,561.567954
-49.653315,-163.201108,566.035483
-53.124459,-137.619517,568.063693
-50.704566,-111.432770,567.241426
-43.309280,-90.063412,563.807852
-32.867380,-74.077361,558.581640
-20.807079,-61.661823,552.731873
-7.956055,-51.127817,547.452441
5.166906,-41.230002,543.634496
18.137320,-30.904978,541.639925
30.463870,-18.960388,541.250623
41.388299,-3.782951,541.808166
49.590474,16.559221,542.490592
53.123251,42.294691,542.627680
50.683048,68.670014,541.949251
43.205571,90.144436,540.688191
32.668393,106.163952,539.506527
20.529053,118.586513,539.265847
7.628877,129.123330,540.712650
-5.688979,144.165794,544.243955
-18.628074,154.516816,549.505666
-30.878880,166.509313,555.703718
-41.685252,-178.250909,561.642854
-49.737909,-157.877544,566.082023
-53.131751,-132.243869,568.071995
-50.631553,-106.095915,567.210317
-43.180951,-84.807881,563.745102
-32.708491,-68.884969,558.501767
-20.632575,-56.505937,552.652094
-7.774641,-45.988518,547.387891
5.349081,-36.091990,543.594169
18.314265,-25.753303,541.624648
30.627455,-13.776100,541.253745
41.524790,1.460031,541.818654
49.676318,21.884159,542.497403
53.130865,47.673082,542.623889
50.609198,74.009016,541.934612
43.075914,95.400798,540.669336
32.508251,111.356545,539.494728
20.353640,123.742439,539.273020
7.447027,134.262685,540.746851
-5.871025,149.304021,544.306267
-18.804269,159.669007,549.587813
-31.041106,171.694409,555.790961
-41.819835,-173.007097,561.717458
-49.821598,-152.552863,566.128081
-53.137861,-126.868106,568.079736
-50.557571,-100.760104,567.178697
-43.052052,-79.553416,563.682003
-32.549302,-63.693254,558.421777
-20.457924,-51.350401,552.572433
-7.593177,-40.849335,547.323633
5.531227,-30.953896,543.554203
18.491088,-20.601319,541.609687
30.790777,-8.591192,541.257050
41.660765,6.704033,541.829162
49.761248,27.210236,542.504100
53.137280,53.051596,542.619931
50.534367,79.346952,541.919854
42.945684,100.656082,540.650494
32.347813,116.548457,539.483114
20.178087,128.898013,539.280526
7.265134,139.401924,540.781452
-6.053033,154.442334,544.368928
-18.980335,164.821511,549.670144
-31.203060,176.880128,555.878153
-41.953894,-167.762270,561.791766
-49.904374,-147.227071,566.173655
-53.142788,-121.492247,568.086915
-50.482625,-95.425347,567.146566
-42.922586,-74.300011,563.618559
-32.389817,-58.502210,558.341673
-20.283129,-46.195213,552.492893
-7.411665,-35.710266,547.259670
5.713342,-25.815716,543.514599
18.667789,-15.449023,541.595040
30.953831,-3.405659,541.260536
41.796219,11.949061,541.839687
49.845259,32.537447,542.510682
53.142493,58.430212,542.615807
50.458559,84.683815,541.904980
42.814887,105.910290,540.631669
32.187081,121.739694,539.471689
20.002396,134.053239,539.288368
7.083200,144.541050,540.816454
-6.235001,159.580737,544.431936
-19.156268,169.974332,549.752656
-31.364739,-177.933524,555.965288
-42.087427,-162.516422,561.865773
-49.986232,-141.900173,566.218744
-53.146531,-116.116313,568.093534
-50.406720,-90.091650,567.113926
-42.792560,-69.047663,563.554771
-32.230038,-53.311832,558.261458
-20.108191,-41.040369,552.413477
-7.230104,-30.571309,547.196003
5.895425,-20.677447,543.475356
18.844364,-10.296410,541.580706
31.116617,1.780504,541.264201
41.931147,17.195119,541.850227
49.928344,37.865786,542.517148
53.146506,63.808910,542.611518
50.381781,90.019599,541.889990
42.683526,111.163430,540.612863
32.026060,126.930260,539.460455
19.826567,139.208120,539.296547
6.901225,149.680066,540.851856
-6.416930,164.719233,544.495289
-19.332069,175.127473,549.835346
-31.526141,-172.746544,556.052363
-42.220427,-157.269548,561.939476
-50.067167,-136.572175,566.263346
-53.149090,-110.740325,568.099591
-50.329862,-84.759021,567.080780
-42.661977,-63.796366,563.490643
-32.069967,-48.122114,558.181136
-19.933112,-35.885865,552.334188
-7.048498,-25.432459,547.132634
6.077476,-15.539086,543.436476
19.020813,-5.143478,541.566683
31.279130,6.967303,541.268043
42.065544,22.442213,541.860779
50.010499,43.195249,542.523497
53.149317,69.187669,542.607063
50.304039,95.354295,541.874886
42.551608,116.415504,540.594077
31.864751,132.120160,539.449413
19.650603,144.362661,539.305065
6.719211,154.818974,540.887658
-6.598817,169.857825,544.558986
-19.507734,-179.719062,549.918211
-31.687262,-167.558924,556.139375
-42.352890,-152.021644,562.012873
-50.147173,-131.243082,566.307458
-53.150465,-105.364303,568.105086
-50.252057,-79.427466,567.047127
-42.530842,-58.546115,563.426178
-31.909609,-42.933053,558.100711
-19.757892,-30.731698,552.255029
-6.866846,-20.293716,547.069565
6.259492,-10.400631,543.397957
19.197135,0.009778,541.552971
31.441369,12.154742,541.272058
42.199407,27.690349,541.871343
50.091716,48.525830,542.529727
53.150927,74.566467,542.602442
50.225337,100.687896,541.859669
42.419136,121.666519,540.575315
31.703156,137.309401,539.438566
19.474505,149.516865,539.313924
6.537158,159.957777,540.923861
-6.780661,174.996515,544.623025
-19.683263,-174.565269,550.001248
-31.848102,-162.370661,556.226321
-42.484813,-146.772705,562.085960
-50.226244,-125.912900,566.351080
-53.150656,-99.988268,568.110020
-50.173311,-74.096992,567.012971
-42.399160,-53.296907,563.361379
-31.748964,-37.744642,558.020185
-19.582535,-25.577863,552.176002
-6.685150,-15.155075,547.006796
6.441473,-5.262078,543.359801
19.373327,5.163361,541.539567
31.603332,17.342826,541.276246
42.332730,32.939531,541.881914
50.171991,53.857522,542.535838
53.151334,79.945283,542.597655
50.145683,106.020397,541.844340
42.286116,126.916478,540.556578
31.541280,142.497987,539.427917
19.298275,154.670736,539.323124
6.355068,165.096479,540.960465
-6.962461,-179.864693,544.687404
-19.858654,-169.411145,550.084454
-32.008655,-157.181749,556.313196
-42.616189,-141.522725,562.158734
-50.304375,-120.581635,566.394209
-53.149662,-94.612240,568.114392
-50.093628,-68.767606,566.978313
-42.266937,-48.048735,563.296249
-31.588037,-32.556876,557.939563
-19.407040,-20.424357,552.097112
-6.503410,-10.016533,546.944330
6.623418,-0.123425,543.322007
19.549388,10.317274,541.526471
31.765014,22.531562,541.280604
42.465508,38.189764,541.892492
50.251317,59.190320,542.541826
53.150540,85.324096,542.592702
50.065081,111.351791,541.828901
42.152552,132.165388,540.537869
31.379125,147.685924,539.417468
19.121914,159.824277,539.332667
6.172943,170.235082,540.997469
-7.144216,-174.725797,544.752121
-20.033905,-164.256685,550.167827
-32.168921,-151.992183,556.399998
-42.747014,-136.271700,562.231192
-50.381560,-115.249294,566.436843
-53.147485,-89.236241,568.118202
-50.013015,-63.439312,566.943154
-42.134175,-42.801596,563.230790
-31.426829,-27.369751,557.858847
-19.231411,-15.271176,552.018360
-6.321629,-4.878089,546.882169
6.805325,5.015330,543.284574
19.725316,15.471522,541.513681
31.926414,27.720954,541.285129
42.597737,43.441054,541.903074
50.329688,64.524218,542.547693
53.148544,90.702885,542.587584
49.983538,116.682071,541.813354
42.018450,137.413254,540.519190
31.216693,152.873217,539.407221
18.945424,164.977493,539.342556
5.990783,175.373589,541.034874
-7.325926,-169.586795,544.817176
-20.209015,-159.101887,550.251362
-32.328896,-146.801958,556.486722
-42.877284,-131.019625,562.303331
-50.457793,-109.915884,566.478981
-53.144123,-83.860290,568.121450
-49.931477,-58.112118,566.907497
-42.000881,-37.555483,563.165006
-31.265343,-22.183260,557.778041
-19.055647,-10.118318,551.939750
-6.139807,0.260262,546.820314
6.987194,10.154192,543.247504
19.901110,20.626108,541.501195
32.087528,32.911008,541.289820
42.729412,48.693404,541.913657
50.407100,69.859208,542.553436
53.145346,96.081630,542.582300
49.901059,122.011232,541.797699
41.883813,142.660079,540.500544
31.053986,158.059871,539.397179
18.768806,170.130387,539.352791
5.808589,-179.487998,541.072680
-7.507588,-164.447682,544.882566
-20.383983,-153.946747,550.335058
-32.488578,-141.611068,556.573366
-43.006994,-125.766496,562.375148
-50.533068,-104.581412,566.520620
-53.139577,-78.484409,568.124136
-49.849020,-52.786029,566.871342
-41.867058,-32.310393,563.098899
-31.103582,-16.997400,557.697148
-18.879752,-4.965777,551.861284
-5.957945,5.398521,546.758766
7.169022,15.293162,543.210796
20.076769,25.781036,541.489012
32.248355,38.101728,541.294673
42.860528,53.946822,541.924241
50.483545,75.195283,542.559053
53.140947,101.460308,542.576851
49.817650,127.339268,541.781939
41.748647,147.905871,540.481932
30.891009,163.245891,539.387344
18.592062,175.282962,539.363373
5.626362,-174.349675,541.110886
-7.689201,-159.308456,544.948290
-20.558806,-148.791260,550.418911
-32.647963,-136.419509,556.659925
-43.136139,-120.512307,562.446640
-50.607381,-99.245884,566.561760
-53.133848,-73.108617,568.126260
-49.765650,-47.461049,566.834692
-41.732712,-27.066320,563.032474
-30.941548,-11.812164,557.616172
-18.703726,0.186449,551.782965
-5.776045,10.536691,546.697527
7.350810,20.432245,543.174449
20.252290,30.936310,541.477130
32.408890,43.293121,541.299688
42.991080,59.201310,541.934822
50.559019,80.532437,542.564545
53.135346,106.838898,542.571236
49.733318,132.666174,541.766074
41.612957,153.150633,540.463357
30.727762,168.431282,539.377718
18.415194,-179.564777,539.374305
5.444104,-169.211439,541.149492
-7.870766,-154.169115,545.014345
-20.733483,-143.635423,550.502918
-32.807050,-131.227274,556.746397
-43.264714,-115.257054,562.517804
-50.680726,-93.909309,566.602398
-53.126937,-67.732936,568.127823
-49.681372,-42.137184,566.797549
-41.597846,-21.823258,562.965731
-30.779245,-6.627548,557.535116
-18.527571,5.338365,551.704797
-5.594107,15.674776,546.636599
7.532556,25.571441,543.138464
20.427672,36.091933,541.465549
32.569132,48.485191,541.304861
43.121063,64.456874,541.945399
50.633516,85.870661,542.569909
53.128546,112.217381,542.565456
49.648067,137.991945,541.750107
41.476746,158.394371,540.444821
30.564250,173.616050,539.368303
18.238203,-174.412828,539.385587
5.261816,-164.073288,541.188499
-8.052279,-149.029655,545.080730
-20.908013,-138.479233,550.587076
-32.965834,-126.034360,556.832777
-43.392714,-110.000732,562.588636
-50.753097,-88.571695,566.642533
-53.118843,-62.357386,568.128824
-49.596192,-36.814439,566.759914
-41.462465,-16.581203,562.898676
-30.616674,-1.443547,557.453984
-18.351289,10.489973,551.626781
-5.412133,20.812779,546.575983
7.714259,30.710755,543.102841
20.602913,41.247909,541.454266
32.729078,53.677944,541.310190
43.250472,69.713519,541.955969
50.707030,91.209948,542.575144
53.120546,117.595734,542.559512
49.561904,143.316576,541.734039
41.340019,163.637091,540.426327
30.400474,178.800200,539.359103
18.061091,-169.261186,539.397222
5.079499,-158.935219,541.227907
-8.233741,-143.890074,545.147443
-21.082393,-133.322684,550.671381
-33.124314,-120.840760,556.919062
-43.520135,-104.743338,562.659135
-50.824489,-83.233049,566.682163
-53.109568,-56.981988,568.129263
-49.510117,-31.492819,566.721789
-41.326574,-11.340150,562.831310
-30.453837,3.739845,557.372779
-18.174880,15.641277,551.548922
-5.230124,25.950701,546.515681
7.895917,35.850189,543.067580
20.778013,46.404243,541.443279
32.888724,58.871385,541.315674
43.379303,74.971249,541.966531
50.779555,96.550290,542.580250
53.111346,122.973936,542.553403
49.474835,148.640062,541.717870
41.202782,168.878797,540.407877
30.236437,-176.016263,539.350118
17.883858,-164.109848,539.409209
4.897154,-153.797229,541.267714
-8.415149,-138.750368,545.214483
-21.256622,-128.165775,550.755832
-33.282487,-115.646469,557.005250
-43.646971,-99.484866,562.729296
-50.894896,-77.893380,566.721286
-53.099113,-51.606761,568.129141
-49.423151,-26.172327,566.683176
-41.190178,-6.100093,562.763636
-30.290739,8.922632,557.291504
-17.998347,20.792281,551.471221
-5.048081,31.088546,546.455694
8.077530,40.989747,543.032679
20.952968,51.560937,541.432588
33.048068,64.065520,541.321309
43.507550,80.230069,541.977082
50.851086,101.891678,542.585224
53.100949,128.351968,542.547129
49.386866,153.962400,541.701604
41.065038,174.119496,540.389473
30.072141,-170.833334,539.341352
17.706508,-158.958810,539.421552
4.714782,-148.659316,541.307921
-8.596504,-133.610536,545.281847
-21.430699,-123.008500,550.840424
-33.440349,-110.451482,557.091335
-43.773218,-94.225312,562.799118
-50.964314,-72.552696,566.759902
-53.087479,-46.231726,568.128458
-49.335300,-20.852967,566.644077
-41.053279,-0.861027,562.695659
-30.127380,14.104819,557.210162
-17.821691,25.942988,551.393681
-4.866004,36.226316,546.396023
8.259096,46.129430,542.998140
21.127777,56.717996,541.422191
33.207107,69.260354,541.327094
43.635208,85.489983,541.987620
50.921617,107.234104,542.590067
53.089355,133.729808,542.540691
49.298002,159.283585,541.685241
40.926792,179.359192,540.371118
29.907590,-165.651009,539.332807
17.529040,-153.808070,539.434251
4.532384,-143.521476,541.348528
-8.777803,-128.470573,545.349534
-21.604622,-117.850856,550.925155
-33.597899,-105.255793,557.177315
-43.898870,-88.964672,562.868596
-51.032736,-67.211007,566.798007
-53.074666,-40.856903,568.127213
-49.246571,-15.534744,566.604493
-40.915884,4.377053,562.627380
-29.963764,19.286412,557.128758
-17.644913,31.093403,551.316305
-4.683896,41.364015,546.336671
8.440614,51.269242,542.963962
21.302440,61.875424,541.412085
33.365838,74.455892,541.333025
43.762272,90.750996,541.998143
50.991143,112.577559,542.594776
53.076565,139.107434,542.534089
49.208250,164.603613,541.668783
40.788049,-175.402109,540.352814
29.742785,-160.469281,539.324485
17.351457,-148.657622,539.447308
4.349961,-138.383706,541.389535
-8.959046,-123.330477,545.417541
-21.778389,-112.692839,551.010021
-33.755132,-100.059397,557.263187
-44.023923,-83.702942,562.937729
-51.100157,-61.868321,566.835601
-53.060677,-35.482313,568.125407
-49.156968,-10.217661,566.564427
-40.777995,9.614153,562.558804
-29.799892,24.467415,557.047294
-17.468015,36.243527,551.239097
-4.501757,46.501645,546.277638
8.622083,56.409187,542.930144
21.476953,67.033225,541.402270
33.524258,79.652141,541.339102
43.888737,96.013113,542.008649
51.059658,117.922033,542.599352
53.062580,144.484828,542.527324
49.117616,169.922481,541.652232
40.648813,-170.164402,540.334563
29.577729,-155.288147,539.316388
17.173760,-143.507465,539.460723
4.167515,-133.246004,541.430941
-9.140231,-118.190245,545.485867
-21.951999,-107.534446,551.095020
-33.912046,-94.862289,557.348946
-44.148371,-78.440118,563.006512
-51.166573,-56.524649,566.872682
-53.045512,-30.107975,568.123041
-49.066499,-4.901721,566.523881
-40.639619,14.850277,562.489932
-29.635768,29.647833,556.965774
-17.290998,41.393366,551.162058
-4.319589,51.639210,546.218925
8.803502,61.549266,542.896687
21.651316,72.191402,541.392744
33.682364,84.849104,541.345322
44.014598,101.276337,542.019136
51.127157,123.267517,542.603792
53.047402,149.861967,542.520395
49.026105,175.240185,541.635588
40.509088,-164.927681,540.316368
29.412425,-150.107600,539.308518
16.995951,-138.357593,539.474498
3.985047,-128.108368,541.472746
-9.321357,-113.049874,545.554510
-22.125449,-102.375671,551.180148
-34.068638,-89.664463,557.434589
-44.272210,-73.176195,563.074944
-51.231977,-51.180000,566.909249
-53.029173,-24.733910,568.120114
-48.975168,0.413073,566.482856
-40.500758,20.085432,562.420768
-29.471394,34.827671,556.884202
-17.113864,46.542921,551.085191
-4.137391,56.776711,546.160535
8.984869,66.689483,542.863590
21.825526,77.349959,541.383506
33.840154,90.046789,541.351681
44.139850,106.540673,542.029601
51.193635,128.614001,542.608095
53.031032,155.238833,542.513303
48.933724,-179.443277,541.618855
40.368878,-159.691940,540.298231
29.246875,-144.927636,539.300879
16.818030,-133.208005,539.488635
3.802557,-122.970794,541.514950
-9.502423,-107.909361,545.623468
-22.298739,-97.216512,551.265402
-34.224905,-84.465914,557.520113
-44.395434,-67.911170,563.143021
-51.296366,-45.834384,566.945299
-53.011661,-19.360137,568.116627
-48.882982,5.726717,566.441355
-40.361417,25.319623,562.351316
-29.306771,40.006934,556.802580
-16.936614,51.692197,551.008500
-3.955167,61.914151,546.102468
9.166184,71.829840,542.830853
21.999582,82.508900,541.374553
33.997623,95.245200,541.358179
44.264487,111.806125,542.040044
51.259086,133.961476,542.612261
53.013472,160.615403,542.506048
48.840478,-174.127909,541.602033
40.228189,-154.457174,540.280154
29.081081,-139.748251,539.293471
16.640000,-128.058695,539.503135
3.620047,-117.833279,541.557552
-9.683428,-102.768703,545.692739
-22.471865,-92.056964,551.350780
-34.380845,-79.266637,557.605514
-44.518039,-62.645039,563.210741
-51.359733,-40.487810,566.980832
-52.992978,-13.986676,568.112580
-48.789946,11.039209,566.399379
-40.221600,30.552855,562.281578
-29.141903,45.185627,556.720912
-16.759250,56.841198,550.931986
-3.772916,67.051534,546.044726
9.347445,76.970342,542.798476
22.173483,87.668230,541.365883
34.154769,100.444343,541.364813
44.388505,117.072697,542.050461
51.323505,139.309930,542.616289
52.994724,165.991658,542.498631
48.746373,-168.813712,541.585124
40.087024,-149.223377,540.262140
28.915045,-134.569439,539.286298
16.461862,-122.909662,539.517998
3.437518,-112.695821,541.600552
-9.864371,-97.627898,545.762320
-22.644828,-86.897024,551.436276
-34.536453,-74.066625,557.690789
-44.640018,-57.377798,563.278100
-51.422074,-35.140291,567.015847
-52.973126,-8.613547,568.107973
-48.696066,16.350547,566.356931
-40.081312,35.785133,562.211557
-28.976792,50.363754,556.639201
-16.581772,61.989926,550.855653
-3.590640,72.188862,545.987311
9.528651,82.110990,542.766457
22.347226,92.827953,541.357496
34.311589,105.644224,541.371580
44.511898,122.340393,542.060851
51.386886,144.659353,542.620177
52.974789,171.367578,542.491053
48.651416,-163.500690,541.568130
39.945387,-143.990544,540.244191
28.748771,-129.391195,539.279362
16.283618,-117.760901,539.533227
3.254971,-107.558416,541.643951
-10.045250,-92.486942,545.832211
-22.817624,-81.736687,551.521890
-34.691727,-68.865874,557.775934
-44.761368,-52.109443,563.345097
-51.483383,-29.791837,567.050341
-52.952107,-3.240769,568.102807
-48.601348,21.660729,566.314012
-39.940556,41.016463,562.141257
-28.811440,55.541321,556.557452
-16.404183,67.138385,550.779503
-3.408339,77.326137,545.930222
9.709801,87.251787,542.734798
22.520809,97.988071,541.349390
34.468080,110.844848,541.378478
44.634660,127.609217,542.071212
51.449225,150.009734,542.623925
52.953669,176.743143,542.483312
48.555613,-158.188845,541.551052
39.803284,-138.758670,540.226310
28.582260,-124.213514,539.272664
16.105268,-112.612409,539.548822
3.072408,-102.421063,541.687746
-10.226064,-87.345832,545.902408
-22.990252,-76.575949,551.607617
-34.846664,-63.664378,557.860946
-44.882082,-46.839971,563.411727
-51.543656,-24.442458,567.084313
-52.929923,2.131638,568.097083
-48.505798,26.969752,566.270624
-39.799337,46.246851,562.070681
-28.645849,60.718332,556.475666
-16.226484,72.286578,550.703539
-3.226016,82.463364,545.873462
9.890894,92.392737,542.703497
22.694231,103.148590,541.341562
34.624238,116.046220,541.385505
44.756786,132.879172,542.081542
51.510516,155.361062,542.627531
52.931366,-177.881667,542.475411
48.458968,-152.878178,541.533892
39.660717,-133.527748,540.208499
28.415516,-119.036392,539.266207
15.926814,-107.464182,539.564784
2.889828,-97.283759,541.731939
-10.406812,-82.204566,545.972910
-23.162711,-71.414806,551.693454
-35.001260,-58.462132,557.945821
-45.002155,-41.569379,563.477988
-51.602887,-19.092167,567.117762
-52.906576,7.503656,568.090799
-48.409422,32.277614,566.226770
-39.657659,51.476302,561.999831
-28.480022,65.894792,556.393848
-16.048676,77.434509,550.627763
-3.043670,87.600543,545.817032
10.071928,97.533843,542.672553
22.867491,108.309513,541.334011
34.780062,121.248346,541.392659
44.878272,138.150263,542.091838
51.570754,160.713326,542.630995
52.907883,-172.506872,542.467349
48.361489,-147.568692,541.516653
39.517692,-128.297773,540.190760
28.248539,-113.859824,539.259993
15.748258,-102.316218,539.581116
2.707234,-92.146500,541.776528
-10.587493,-77.063140,546.043715
-23.334998,-66.253255,551.779397
-35.155514,-53.259129,558.030555
-45.121583,-36.297662,563.543877
-51.661073,-13.740975,567.150687
-52.882068,12.875264,568.083958
-48.312224,37.584315,566.182452
-39.515525,56.704822,561.928712
-28.313961,71.070705,556.312001
-15.870761,82.582182,550.552179
-2.861304,92.737679,545.760933
10.252902,102.675107,542.641968
23.040586,113.470845,541.326736
34.935546,126.451233,541.399937
44.999112,143.422492,542.102099
51.629935,166.066512,542.634316
52.883222,-167.132491,542.459126
48.263182,-142.260387,541.499334
39.374212,-123.068739,540.173096
28.081333,-108.683804,539.254025
15.569601,-97.168513,539.597817
2.524626,-87.009283,541.821513
-10.768106,-71.921551,546.114820
-23.507113,-61.091292,551.865445
-35.309420,-48.055365,558.115146
-45.240360,-31.024818,563.609392
-51.718207,-8.388894,567.183085
-52.856401,18.246445,568.076560
-48.214212,42.889852,566.137672
-39.372941,61.932416,561.857326
-28.147668,76.246077,556.230128
-15.692739,87.729598,550.476788
-2.678918,97.874774,545.705166
10.433815,107.816533,542.611739
23.213514,118.632590,541.319734
35.090688,131.654885,541.407337
45.119299,148.695865,542.112323
51.688053,171.420611,542.637492
52.857384,-161.758543,542.450744
48.164051,-136.953265,541.481939
39.230281,-117.840640,540.155509
27.913900,-103.508329,539.248304
15.390844,-92.021063,539.614889
2.342006,-81.872107,541.866894
-10.948649,-66.779796,546.186224
-23.679052,-55.928911,551.951593
-35.462977,-42.850834,558.199590
-45.358480,-25.750843,563.674530
-51.774286,-3.035936,567.214957
-52.829578,23.617179,568.068604
-48.115391,48.194226,566.092431
-39.229909,67.159090,561.785676
-27.981146,81.420913,556.148232
-15.514613,92.876763,550.401593
-2.496514,103.011830,545.649733
10.614666,112.958123,542.581868
23.386274,123.794751,541.313004
35.245486,136.859308,541.414856
45.238830,153.970382,542.122508
51.745103,176.775608,542.640524
52.830374,-156.385049,542.442203
48.064104,-131.647327,541.464470
39.085904,-112.613471,540.138001
27.746241,-98.333393,539.242833
15.211990,-86.873865,539.632333
2.159375,-76.734968,541.912671
-11.129121,-61.637873,546.257924
-23.850814,-50.766109,552.037838
-35.616181,-37.645530,558.283883
-45.475939,-20.475734,563.739288
-51.829304,2.317886,567.246300
-52.801602,28.987448,568.060091
-48.015767,53.497433,566.046733
-39.086435,72.384848,561.713766
-27.814396,86.595216,556.066317
-15.336384,98.023678,550.326598
-2.314091,108.148851,545.594634
10.795454,118.099881,542.552352
23.558863,128.957333,541.306544
35.399935,142.064507,541.422493
45.357698,159.246049,542.132652
51.801080,-177.868508,542.643409
52.802192,-151.012027,542.433503
47.963346,-126.342575,541.446927
38.941084,-107.387227,540.120575
27.578360,-93.158992,539.237614
15.033038,-81.726916,539.650151
1.976733,-71.597864,541.958841
-11.309521,-56.495778,546.329918
-24.022397,-45.602882,552.124178
-35.769029,-32.439448,558.368022
-45.592730,-15.199490,563.803662
-51.883257,7.672560,567.277114
-52.772474,34.357234,568.051023
-47.915346,58.799475,566.000579
-38.942521,77.609698,561.641598
-27.647421,91.768991,555.984387
-15.158052,103.170348,550.251803
-2.131653,113.285839,545.539871
10.976177,123.241809,542.523192
23.731281,134.120340,541.300353
35.554032,147.270489,541.430245
45.475898,164.522868,542.142752
51.855980,-172.511751,542.646147
52.772842,-145.639495,542.424645
47.861783,-121.039008,541.429312
38.795826,-102.161901,540.103234
27.410259,-87.985120,539.232649
14.853991,-76.580212,539.668342
1.794082,-66.460791,542.005406
-11.489848,-51.353508,546.402204
-24.193800,-40.439226,552.210608
-35.921517,-27.232582,558.452003
-45.708850,-9.922105,563.867652
-51.936141,13.028072,567.307396
-52.742199,39.726517,568.041399
-47.814133,64.100349,565.953971
-38.798171,82.833644,561.569177
-27.480223,96.942244,555.902444
-14.979621,108.316775,550.177213
-1.949199,118.422797,545.485444
11.156834,128.383912,542.494387
23.903525,139.283777,541.294428
35.707775,152.477259,541.438109
45.593424,169.800843,542.152808
51.909799,-167.154133,542.648738
52.742327,-140.267473,542.415629
47.759421,-115.736627,541.411628
38.650134,-96.937487,540.085979
27.241939,-82.811774,539.227940
14.674850,-71.433750,539.686909
1.611423,-61.323748,542.052365
-11.670100,-46.211061,546.474780
-24.365021,-35.275137,552.297125
-36.073642,-22.024927,558.535823
-45.824291,-4.643579,563.931253
-51.987951,18.384409,567.337146
-52.710778,45.095281,568.031220
-47.712134,69.400057,565.906912
-38.653391,88.056693,561.496505
-27.312804,102.114978,555.820493
-14.801089,113.462964,550.102829
-1.766730,123.559728,545.431355
11.337424,133.526190,542.465937
24.075593,144.447646,541.288767
35.861159,157.684823,541.446084
45.710271,175.079975,542.162816
51.962530,-161.795669,542.651180
52.710650,-134.895979,542.406457
47.656267,-110.435433,541.393876
38.504011,-91.713980,540.068814
27.073403,-77.638949,539.223490
14.495616,-66.287527,539.705853
1.428757,-56.186731,542.099716
-11.850277,-41.068432,546.547643
-24.536057,-30.110610,552.383727
-36.225401,-16.816477,558.619479
-45.939049,0.636093,563.994464
-52.038682,23.741557,567.366363
-52.678214,50.463507,568.020487
-47.609354,74.698597,565.859404
-38.508182,93.278849,561.423585
-27.145167,107.287199,555.738535
-14.622460,118.608917,550.028654
-1.584249,128.696634,545.377605
11.517946,138.668649,542.437841
24.247483,149.611954,541.283369
36.014181,162.893186,541.454167
45.826434,-179.639731,542.172776
52.014170,-156.436372,542.653473
52.677813,-129.525032,542.397128
47.552325,-105.135425,541.376058
38.357462,-86.491375,540.051740
26.904653,-72.466639,539.219300
14.316291,-61.141540,539.725173
1.246086,-51.049737,542.147460
