0.558131,-45.576300,542.330725
-12.528100,-35.571936,546.824538
-25.178474,-24.529322,552.710518
-36.793566,-11.066550,558.932947
-46.364987,6.657315,564.228929
-52.219978,30.051276,567.471570
-52.545383,56.802774,567.975101
-47.215398,80.770091,565.676511
-37.957572,99.065251,561.146833
-26.511937,112.888929,555.429928
-13.948908,124.114196,549.751276
-0.896944,134.169732,545.178288
12.197134,144.164496,542.335241
24.893175,155.192414,541.265408
36.587142,168.642829,541.485570
46.257647,-173.616018,542.209837
52.198770,-150.118374,542.660768
52.543801,-123.175602,542.360605
47.153930,-99.058578,541.308388
37.801813,-80.703358,539.988284
26.267279,-66.864594,539.205866
13.640176,-55.636128,539.801299
0.375446,-40.439380,542.380329
-12.707899,-30.428403,546.898741
-25.348606,-19.362651,552.797475
-36.943534,-5.854235,559.015770
-46.476413,11.942474,564.290240
-52.265510,35.412097,567.498230
-52.507417,62.168198,567.961735
-47.108980,86.063071,565.626893
-37.810378,104.283232,561.072779
-26.343287,118.058763,555.347989
-13.769830,129.259070,549.678132
-0.714414,139.306559,545.126167
12.377313,149.307854,542.308823
25.064193,160.358866,541.261237
36.738393,173.855081,541.494137
46.370469,-168.330156,542.219537
52.245148,-144.755304,542.662338
52.505482,-117.807503,542.350540
47.046318,-93.764222,541.290281
37.653283,-75.484968,539.971679
26.097539,-61.694680,539.202946
13.460434,-50.491219,539.822431
0.192762,-35.302468,542.430322
-12.887614,-25.284672,546.973218
-25.518543,-14.195517,552.884497
-37.093116,-0.641092,559.098410
-46.587123,17.228790,564.351145
-52.309940,40.773646,567.524349
-52.468327,67.532984,567.947819
-47.001815,91.354886,565.576840
-37.662778,109.500353,560.998495
-26.174429,123.228110,555.266063
-13.590663,134.403726,549.605210
-0.531878,144.443377,545.074390
12.557416,154.451409,542.282755
25.235021,165.525780,541.257318
36.889263,179.068165,541.502798
46.482574,-163.043121,542.229179
52.290410,-139.391487,542.663755
52.466023,-112.440053,542.340322
46.937952,-88.471049,541.272118
37.504350,-70.267446,539.955180
25.927598,-56.525256,539.200299
13.280608,-45.346526,539.843946
0.010080,-30.165561,542.480702
-13.067246,-20.140739,547.047967
-25.688282,-9.027918,552.971582
-37.242309,4.572883,559.180862
-46.697113,22.516265,564.411642
-52.353264,46.135908,567.549928
-52.428117,72.897118,567.933353
-46.893909,96.645537,565.526353
-37.514775,114.716619,560.923986
-26.005368,128.396974,555.184154
-13.411406,139.548168,549.532514
-0.349335,149.580189,545.022958
12.737442,159.595165,542.257036
25.405659,170.693161,541.253649
37.039748,-175.717913,541.511551
46.593956,-157.754909,542.238758
52.334552,-134.026936,542.665017
52.425427,-107.073267,542.329952
46.828839,-83.179059,541.253903
37.355015,-65.050786,539.938789
25.757457,-51.356316,539.197927
13.100700,-40.202047,539.865845
-0.172601,-25.028656,542.531469
-13.246791,-14.996601,547.122985
-25.857822,-3.859847,553.058724
-37.391109,9.787697,559.263122
-46.806377,27.804901,564.471727
-52.395477,51.498867,567.574964
-52.386790,78.260581,567.918338
-46.785266,101.935024,565.475435
-37.366374,119.932038,560.849255
-25.836103,133.565359,555.102264
-13.232061,144.692400,549.460046
-0.166788,154.716997,544.971872
12.917390,164.739125,542.231667
25.576103,175.861013,541.250228
37.189844,-170.503146,541.520395
46.704610,-152.465518,542.248275
52.377569,-128.661669,542.666125
52.383697,-101.707163,542.319431
46.718984,-77.888250,541.235636
37.205283,-59.834982,539.922508
25.587118,-46.187858,539.195832
12.920711,-35.057778,539.888128
-0.355277,-19.891751,542.582621
-13.426250,-9.852254,547.198271
-26.027161,1.308699,553.145921
-37.539512,15.003356,559.345188
-46.914909,33.094698,564.531399
-52.436576,56.862507,567.599458
-52.344350,83.623360,567.902776
-46.675894,107.223351,565.424088
-37.217577,125.146613,560.774305
-25.666639,138.733270,555.020398
-13.052631,149.836424,549.387808
0.015763,159.853806,544.921133
13.097259,169.883292,542.206645
25.746353,-178.970659,541.247054
37.339548,-165.287530,541.529326
46.814529,-147.174948,542.257726
52.419457,-123.295700,542.667077
52.340839,-96.341756,542.308759
46.608394,-72.598621,541.217319
37.055158,-54.620029,539.906341
25.416585,-41.019876,539.194015
12.740642,-29.913717,539.910797
-0.537948,-14.754842,542.634159
-13.605621,-4.707697,547.273822
-26.196296,6.477725,553.233171
-37.687515,20.219864,559.427056
-47.022703,38.385659,564.590655
-52.476557,62.226812,567.623408
-52.300801,88.985437,567.886666
-46.565797,112.510516,565.372314
-37.068389,130.360351,560.699140
-25.496975,143.900710,554.938558
-12.873115,154.980243,549.315803
0.198316,164.990616,544.870742
13.277046,175.027669,542.181971
25.916406,-173.801851,541.244124
37.488855,-160.071059,541.538343
46.923708,-141.883197,542.267111
52.460214,-117.929047,542.667872
52.296855,-90.977063,542.297938
46.497073,-67.310170,541.198955
36.904642,-49.405921,539.890288
25.245857,-35.852365,539.192479
12.560495,-24.769860,539.933852
-0.720614,-9.617927,542.686081
-13.784903,0.437075,547.349635
-26.365226,11.647234,553.320468
-37.835115,25.437227,559.508722
-47.129754,43.677783,564.649491
-52.515417,67.591767,567.646814
-52.256146,94.346797,567.870010
-46.454981,117.796524,565.320117
-36.918813,135.573257,560.623762
-25.327115,149.067685,554.856748
-12.693515,160.123861,549.244033
0.380871,170.127432,544.820700
13.456752,-179.827740,542.157642
26.086260,-168.632559,541.241436
37.637763,-154.853726,541.547443
47.032140,-136.590263,542.276426
52.499834,-112.561726,542.668511
52.251750,-85.613099,542.286969
46.385028,-62.022896,541.180546
36.753741,-44.192652,539.874353
25.074939,-30.685322,539.191226
12.380271,-19.626203,539.957293
-0.903273,-4.481003,542.738386
-13.964093,5.582065,547.425708
-26.533949,16.817233,553.407810
-37.982308,30.655452,559.590183
-47.236056,48.971073,564.707907
-52.553151,72.957354,567.669673
-52.210390,99.707425,567.852809
-46.343451,123.081374,565.267498
-36.768852,140.785337,560.548175
-25.157061,154.234199,554.774971
-12.513832,165.267280,549.172500
0.563427,175.264255,544.771007
13.636374,-174.682933,542.133660
26.255914,-163.462778,541.238989
37.786267,-149.635526,541.556624
47.139821,-131.296145,542.285672
52.538316,-107.193754,542.668993
52.205527,-80.249881,542.275851
46.272264,-56.736797,541.162093
36.602457,-38.980217,539.858538
24.903830,-25.518741,539.190258
12.199970,-14.482745,539.981123
-1.085923,0.655932,542.791074
-14.143192,10.727276,547.502039
-26.702462,21.987724,553.495194
-38.129089,35.874543,559.671436
-47.341603,54.265529,564.765898
-52.589758,78.323556,567.691986
-52.163537,105.067307,567.835063
-46.231214,128.365069,565.214460
-36.618510,145.996597,560.472382
-24.986814,159.400255,554.693230
-12.334068,170.410505,549.101207
0.745981,-179.598911,544.721665
13.815912,-169.537905,542.110022
26.425364,-158.292503,541.236780
37.934364,-144.416454,541.565884
47.246745,-126.000843,542.294845
52.575654,-101.825148,542.669316
52.158192,-74.887423,542.264587
46.158787,-51.451870,541.143598
36.450793,-33.768609,539.842846
24.732535,-20.352620,539.189576
12.019595,-9.339481,540.005341
-1.268564,5.792881,542.844143
-14.322198,15.872710,547.578624
-26.870764,27.158713,553.582616
-38.275456,41.094507,559.752478
-47.446390,59.561151,564.823464
-52.625232,83.690358,567.713752
-52.115590,110.426426,567.816774
-46.118275,133.647612,565.161005
-36.467791,151.207043,560.396387
-24.816376,164.565859,554.611529
-12.154224,175.553537,549.030155
0.928534,-174.462064,544.672673
13.995364,-164.392655,542.086728
26.594608,-153.121731,541.234807
38.082050,-139.196502,541.575219
47.352905,-120.704355,542.303944
52.611845,-96.455925,542.669481
52.109747,-69.525742,542.253176
46.044603,-46.168115,541.125064
36.298754,-28.557823,539.827278
24.561054,-15.186953,539.189183
11.839147,-4.196409,540.029948
-1.451195,10.929848,542.897593
-14.501109,21.018372,547.655462
-27.038852,32.330204,553.670072
-38.421404,46.315349,559.833304
-47.550411,64.857940,564.880601
-52.659572,89.057741,567.734969
-52.066554,115.784769,567.797942
-46.004639,138.929003,565.107136
-36.316697,156.416679,560.320193
-24.645749,169.731014,554.529870
-11.974301,-179.303620,548.959348
1.111084,-169.325201,544.624032
14.174728,-159.247179,542.063777
26.763646,-147.950455,541.233069
38.229321,-133.975667,541.584629
47.458295,-115.406682,542.312967
52.646886,-91.086102,542.669487
52.060198,-64.164850,542.241621
45.929718,-40.885527,541.106492
36.146343,-23.347853,539.811838
24.389389,-10.021735,539.189081
11.658627,0.946474,540.054945
-1.633815,16.066835,542.951422
-14.679923,26.164264,547.732550
-27.206725,37.502202,553.757560
-38.566930,51.537074,559.913912
-47.653660,70.155896,564.937307
-52.692774,94.425689,567.755638
-52.016434,121.142322,567.778568
-45.890312,144.209246,565.052856
-36.165232,161.625511,560.243803
-24.474936,174.895725,554.448257
-11.794301,-174.160962,548.888786
1.293631,-164.188320,544.575744
14.354004,-154.101473,542.041168
26.932474,-142.778673,541.231563
38.376174,-128.753942,541.594111
47.562910,-110.107822,542.321913
52.680775,-85.715698,542.669333
52.009548,-58.804764,542.229920
45.814136,-35.604106,541.087884
35.993564,-18.138693,539.796528
24.217543,-4.856964,539.189271
11.478036,6.089173,540.080332
-1.816422,21.203844,543.005630
-14.858641,31.310390,547.809886
-27.374379,42.674710,553.845076
-38.712030,56.759689,559.994298
-47.756132,75.455019,564.993580
-52.724834,99.794183,567.775756
-51.965233,126.499070,567.758654
-45.775299,149.488343,564.998166
-36.013400,166.833546,560.167220
-24.303937,-179.940004,554.366694
-11.614224,-169.018487,548.818474
1.476172,-159.051417,544.527809
14.533189,-148.955534,542.018900
27.101091,-137.606379,541.230287
38.522604,-123.531320,541.603662
47.666745,-104.807775,542.330780
52.713506,-80.344729,542.669019
51.957803,-53.445497,542.218077
45.697864,-30.323848,541.069243
35.840418,-12.930339,539.781350
24.045517,0.307367,539.189756
11.297375,11.231689,540.106111
-1.999016,26.340878,543.060215
-15.037260,36.456753,547.887466
-27.541814,47.847735,553.932616
-38.856701,61.983198,560.074459
-47.857821,80.755309,565.049416
-52.755751,105.163206,567.795324
-51.912955,131.855000,567.738201
-45.659605,154.766296,564.943070
-35.861204,172.040788,560.090449
-24.132755,-174.776169,554.285182
-11.434072,-163.876193,548.748411
1.658707,-153.914490,544.480228
14.712283,-143.809360,541.996973
27.269494,-132.433568,541.229240
38.668608,-118.307798,541.613280
47.769792,-99.506542,542.339566
52.745079,-74.973216,542.668545
51.904966,-48.087064,542.206090
45.580907,-25.044751,541.050571
35.686911,-7.722783,539.766307
23.873313,5.471260,539.190538
11.116646,16.374025,540.132281
-2.181595,31.477941,543.115176
-15.215779,41.603357,547.965289
-27.709027,53.021279,554.020177
-39.000937,67.207608,560.154392
-47.958720,86.056767,565.104815
-52.785520,110.532740,567.814340
-51.859606,137.210098,567.717209
-45.543237,160.043108,564.887570
-35.708647,177.247243,560.013492
-23.961392,-169.612766,554.203726
-11.253846,-158.734075,548.678602
1.841234,-148.777535,544.433000
14.891285,-138.662946,541.975384
27.437681,-127.260237,541.228419
38.814182,-113.083368,541.622962
47.872046,-94.204122,542.348270
52.775489,-69.601174,542.667910
51.851043,-42.729478,542.193963
45.463271,-19.766812,541.031869
35.533046,-2.516020,539.751400
23.700933,10.634720,539.191618
10.935850,21.516186,540.158844
-2.364159,36.615034,543.170513
-15.394197,46.750204,548.043351
-27.876015,58.195349,554.107756
-39.144736,72.432924,560.234092
-48.058825,91.359390,565.159773
-52.814140,115.902768,567.832805
-51.805190,142.564352,567.695680
-45.426200,165.318782,564.831669
-35.555733,-177.547083,559.936353
-23.789850,-164.449790,554.122329
-11.073547,-153.592130,548.609048
2.023754,-143.640552,544.386128
15.070193,-133.516289,541.954134
27.605650,-122.086380,541.227822
38.959321,-107.858025,541.632708
47.973501,-88.900516,542.356889
52.804733,-64.228624,542.667113
51.796038,-37.372753,542.181694
45.344961,-14.490027,541.013139
35.378825,2.689954,539.736634
23.528379,15.797751,539.192998
10.754988,26.658173,540.185800
-2.546705,41.752161,543.226223
-15.572512,51.897298,548.121651
-28.042776,63.369948,554.195349
-39.288094,77.659152,560.313558
-48.158129,96.663179,565.214289
-52.841607,121.273269,567.850716
-51.749712,147.917747,567.673614
-45.308498,170.593320,564.775369
-35.402464,-172.342184,559.859034
-23.618130,-159.287237,554.040994
-10.893177,-148.450356,548.539751
2.206264,-138.503535,544.339610
15.249005,-128.369386,541.933221
27.773398,-116.911992,541.227448
39.104022,-102.631763,541.642513
48.074152,-83.595724,542.365423
52.832809,-58.855584,542.666154
51.739955,-32.016901,542.169286
45.225983,-9.214395,540.994384
35.224253,7.895147,539.722009
23.355653,20.960358,539.194680
10.574061,31.799990,540.213150
-2.729234,46.889325,543.282307
-15.750723,57.044642,548.200185
-28.209309,68.545081,554.282952
-39.431006,82.886297,560.392785
-48.256627,101.968133,565.268359
-52.867920,126.644227,567.868074
-51.693175,153.270272,567.651014
-45.190137,175.866727,564.718672
-35.248844,-167.138056,559.781540
-23.446234,-154.125104,553.959723
-10.712737,-143.308750,548.470713
2.388764,-133.366484,544.293449
15.427720,-123.222235,541.912644
27.940924,-111.737069,541.227293
39.248281,-97.404576,541.652377
48.173992,-78.289747,542.373869
52.859715,-53.482072,542.665034
51.682799,-26.661936,542.156740
45.106342,-3.939911,540.975606
35.069332,13.099564,539.707528
23.182757,26.122544,539.196667
10.393072,36.941641,540.240894
-2.911743,52.026527,543.338763
-15.928828,62.192239,548.278951
-28.375612,73.720754,554.370564
-39.573468,88.114365,560.471771
-48.354313,107.274251,565.321982
-52.893075,132.015622,567.884878
-51.635585,158.621914,567.627879
-45.071124,-178.860996,564.661582
-35.094876,-161.934692,559.703874
-23.274165,-148.963386,553.878521
-10.532228,-138.167309,548.401936
2.571252,-128.229394,544.247644
15.606337,-118.074830,541.892403
28.108225,-106.561607,541.227357
39.392094,-92.176460,541.662296
48.273015,-72.982585,542.382226
52.885447,-48.108108,542.663750
51.624576,-21.307871,542.144056
44.986044,1.333427,540.956807
34.914065,18.303210,539.693195
23.009693,31.284314,539.198959
10.212020,42.083127,540.269033
-3.094233,57.163771,543.395590
-16.106827,67.340093,548.357946
-28.541680,78.896970,554.458178
-39.715477,93.343361,560.550511
-48.451180,112.581531,565.375155
-52.917070,137.387435,567.901128
-51.576947,163.972661,567.604212
-44.951462,-173.589845,564.604101
-34.940564,-156.732087,559.626039
-23.101923,-143.802079,553.797391
-10.351651,-133.026029,548.333423
2.753727,-123.092264,544.202196
15.784855,-112.927170,541.872496
28.275300,-101.385600,541.227636
39.535456,-86.947407,541.672268
48.371216,-67.674241,542.390493
52.910003,-42.733711,542.662304
51.565291,-15.954718,542.131235
44.865094,6.605623,540.937989
34.758457,23.506091,539.679010
22.836461,36.445672,539.201560
10.030907,47.224452,540.297566
-3.276701,62.301060,543.452786
-16.284718,72.488208,548.437167
-28.707514,84.073734,554.545794
-39.857029,98.573291,560.629003
-48.547224,117.889973,565.427876
-52.939903,142.759648,567.916822
-51.517265,169.322501,567.580013
-44.831157,-168.319816,564.546232
-34.785910,-151.530235,559.548038
-22.929511,-138.641179,553.716334
-10.171007,-127.884908,548.265176
2.936189,-117.955090,544.157105
15.963271,-107.779251,541.852921
28.442144,-96.209044,541.228130
39.678364,-81.717413,541.682292
48.468588,-62.364714,542.398667
52.933380,-37.358901,542.660695
51.504947,-10.602488,542.118279
44.743497,11.876680,540.919154
34.602510,28.708212,539.664978
22.663065,41.606622,539.204469
9.849734,52.365620,540.326496
-3.459147,67.438397,543.510350
-16.462499,77.636586,548.516613
-28.873110,89.251052,554.633406
-39.998119,103.804161,560.707243
-48.642439,123.199573,565.480144
-52.961572,148.132241,567.931960
-51.456545,174.671423,567.555284
-44.710214,-163.050907,564.487977
-34.630917,-146.329132,559.469875
-22.756930,-133.480681,553.635356
-9.990298,-122.743942,548.197196
3.118635,-112.817870,544.112372
16.141586,-102.631068,541.833679
28.608757,-91.031933,541.228835
39.820813,-76.486471,541.692365
48.565125,-57.054008,542.406747
52.955578,-31.983696,542.658922
51.443550,-5.251194,542.105189
44.621260,17.146603,540.900304
34.446227,33.909580,539.651099
22.489506,46.767168,539.207691
9.668503,57.506632,540.355822
-3.641569,72.575783,543.568282
-16.640169,82.785231,548.596280
-29.038465,94.428927,554.721011
-40.138743,109.035975,560.785229
-48.736818,128.510331,565.531955
-52.982074,153.505195,567.946542
-51.394791,-179.980585,567.530026
-44.588639,-157.783113,564.429340
-34.475590,-141.128771,559.391553
-22.584183,-128.320583,553.554458
-9.809524,-117.603129,548.129485
3.301066,-107.680601,544.067997
16.319796,-97.482620,541.814767
28.775137,-85.854264,541.229749
39.962800,-71.254577,541.702484
48.660822,-51.742122,542.414732
52.976592,-26.608118,542.656985
51.381106,0.099152,542.091966
44.498387,22.415394,540.881441
34.289611,39.110199,539.637377
22.315786,51.927314,539.211225
9.487215,62.647492,540.385544
-3.823967,77.713223,543.626579
-16.817726,87.934147,548.676165
-29.203579,99.607365,554.808607
-40.278897,114.268740,560.862956
-48.830355,133.822245,565.583307
-53.001409,158.878490,567.960567
-51.332008,-174.633534,567.504240
-44.466437,-152.516431,564.370322
-34.319930,-135.929147,559.313076
-22.411270,-123.160880,553.473644
-9.628688,-112.462466,548.062046
3.483480,-102.543280,544.023981
16.497901,-92.333902,541.796185
28.941279,-80.676030,541.230872
40.104319,-66.021724,541.712647
48.755672,-46.429061,542.422620
52.996422,-21.232185,542.654884
51.317619,5.448540,542.078610
44.374883,27.683057,540.862568
34.132666,44.310076,539.623813
22.141906,57.087064,539.215075
9.305871,67.788203,540.415663
-4.006339,82.850718,543.685241
-16.995170,93.083336,548.756265
-29.368448,104.786371,554.896189
-40.418578,119.502461,560.940422
-48.923046,139.135311,565.634199
-53.019573,164.252108,567.974035
-51.268202,-169.287434,567.477928
-44.343614,-147.250858,564.310927
-34.163941,-130.730255,559.234447
-22.238194,-118.001568,553.392917
-9.447790,-107.321950,547.994881
3.665875,-97.405905,543.980324
16.675900,-87.184912,541.777932
29.107184,-75.497228,541.232199
40.245367,-60.787907,541.722853
48.849670,-41.114824,542.430410
53.015065,-15.855917,542.652618
51.253095,10.796959,542.065123
44.250754,32.949597,540.843686
33.975395,49.509216,539.610411
21.967869,62.246422,539.219241
9.124471,72.928768,540.446180
-4.188685,87.988272,543.744266
-17.172499,98.232802,548.836579
-29.533069,109.965949,554.983755
-40.557780,124.737144,561.017623
-49.014884,144.449528,565.684628
-53.036566,169.626028,567.986944
-51.203377,-163.942296,567.451090
-44.220173,-141.986389,564.251157
-34.007625,-125.532089,559.155669
-22.064957,-112.842642,553.312280
-9.266831,-102.181577,547.927991
3.848252,-92.268472,543.937027
16.853790,-82.035645,541.760006
29.272847,-70.317853,541.233730
40.385940,-55.553120,541.733098
48.942809,-35.799416,542.438099
53.032520,-10.479336,542.650188
51.187539,16.144398,542.051507
44.126005,38.215017,540.824798
33.817800,54.707624,539.597173
21.793675,67.405392,539.223726
8.943018,78.069190,540.477095
-4.371003,93.125887,543.803652
-17.349710,103.382549,548.917103
-29.697442,115.146104,555.071299
-40.696500,129.972793,561.094556
-49.105863,149.764893,565.734592
-53.052385,175.000231,567.999296
-51.137538,-158.598130,567.423729
-44.096120,-136.723020,564.191014
-33.850987,-120.334643,559.076746
-21.891559,-107.684100,553.231736
-9.085813,-97.041345,547.861378
4.030607,-87.130979,543.894089
17.031572,-76.886098,541.742406
29.438266,-65.137898,541.235462
40.526033,-50.317358,541.743381
49.035084,-30.482838,542.445687
53.048784,-5.102460,542.647593
51.120956,21.490846,542.037762
44.000642,43.479322,540.805906
33.659886,59.905307,539.584101
21.619327,72.563978,539.228531
8.761513,83.209472,540.508407
-4.553291,98.263566,543.863400
-17.526804,108.532580,548.997834
-29.861562,120.326841,555.158820
-40.834733,135.209414,561.171218
-49.195977,155.081403,565.784089
-53.067029,-179.625304,568.011089
-51.070691,-153.254946,567.395845
-43.971461,-131.460748,564.130503
-33.694028,-115.137913,558.997681
-21.718004,-102.525937,553.151289
-8.904736,-91.901251,547.795045
4.212942,-81.993423,543.851511
17.209242,-71.736268,541.725131
29.603440,-59.957361,541.237393
40.665642,-45.080615,541.753699
49.126489,-25.165094,542.453172
53.063857,0.274690,542.644833
51.053351,26.836294,542.023889
43.874669,48.742515,540.787012
33.501654,65.102268,539.571197
21.444827,77.722185,539.233658
8.579956,88.349617,540.540118
-4.735550,103.401312,543.923506
-17.703779,113.682899,549.078770
-30.025429,125.508166,555.246314
-40.972475,140.447013,561.247605
-49.285222,160.399054,565.833117
-53.080497,-174.250597,568.022322
-51.002841,-147.912754,567.367440
-43.846200,-126.199569,564.069626
-33.536752,-109.941893,558.918478
-21.544291,-97.368149,553.070941
-8.723602,-86.761292,547.728993
4.395254,-76.855802,543.809293
17.386799,-66.586151,541.708180
29.768365,-54.776235,541.239520
40.804762,-39.842885,541.764050
49.217017,-19.846186,542.460553
53.077736,5.652092,542.641908
50.984730,32.180732,542.009890
43.748092,54.004601,540.768119
33.343108,70.298515,539.558464
21.270176,82.880015,539.239108
8.398349,93.489628,540.572228
-4.917778,108.539128,543.983970
-17.880632,118.833509,549.159908
-30.189038,130.690082,555.333776
-41.109722,145.685594,561.323715
-49.373590,165.717843,565.881674
-53.092787,-168.875666,568.032997
-50.933994,-142.571563,567.338515
-43.720342,-120.939477,564.008384
-33.379162,-104.746577,558.839139
-21.370424,-92.210732,552.990695
-8.542412,-81.621466,547.663224
4.577542,-71.718111,543.767437
17.564243,-61.435744,541.691552
29.933040,-49.594515,541.241842
40.943390,-34.604164,541.774433
49.306662,-14.526118,542.467828
53.090421,11.029727,542.638818
50.915099,37.524149,541.995766
43.620915,59.265584,540.749228
33.184251,75.494052,539.545905
21.095376,88.037474,539.244884
8.216694,98.629507,540.604737
-5.099973,113.677016,544.044790
-18.057363,123.984413,549.241245
-30.352389,135.872595,555.421205
-41.246469,150.925164,561.399544
-49.461076,171.037767,565.929758
-53.103899,-163.500534,568.043111
-50.864154,-137.231382,567.309072
-43.593893,-115.680470,563.946782
-33.221260,-99.551960,558.759669
-21.196404,-87.053683,552.910554
-8.361168,-76.481768,547.597740
4.759805,-66.580350,543.725941
17.741572,-56.285043,541.675245
30.097462,-44.412197,541.244357
41.081520,-29.364445,541.784844
49.395420,-9.204893,542.474995
53.101910,16.407575,542.635562
50.844462,42.866538,541.981519
43.493145,64.525468,540.730342
33.025086,80.688886,539.533521
20.920429,93.194564,539.250988
8.034990,103.769257,540.637645
-5.282135,118.814980,544.105966
-18.233969,129.135616,549.322777
-30.515478,141.055710,555.508595
-41.382713,156.165728,561.475090
-49.547675,176.358821,565.977367
-53.113830,-158.125219,568.052665
-50.793327,-131.892219,567.279113
-43.466857,-110.422543,563.884822
-33.063050,-94.358037,558.680071
-21.022233,-81.896998,552.830522
-8.179870,-71.342197,547.532543
4.942042,-61.442515,543.684806
17.918783,-51.134045,541.659257
30.261627,-39.229276,541.247062
41.219148,-24.123723,541.795281
49.483283,-3.882515,542.482053
53.112202,21.785613,542.632140
50.772826,48.207889,541.967149
43.364786,69.784258,540.711462
32.865615,85.883020,539.521315
20.745336,98.351290,539.257420
7.853240,108.908883,540.670953
-5.464262,123.953021,544.167494
-18.410451,134.287120,549.404503
-30.678303,146.239432,555.595944
-41.518447,161.407290,561.550348
-49.633380,-178.318999,566.024498
-53.122581,-152.749743,568.061659
-50.721518,-126.554084,567.248638
-43.339240,-105.165691,563.822506
-32.904534,-89.164803,558.600347
-20.847911,-76.740672,552.750601
-7.998519,-66.202749,547.467634
5.124252,-56.304602,543.644032
18.095877,-45.982746,541.643589
30.425535,-34.045746,541.249955
41.356270,-18.881993,541.805743
49.570245,1.441011,542.489001
53.121296,27.163822,542.628553
50.700195,53.548193,541.952657
43.235843,75.041959,540.692592
32.705842,91.076461,539.509290
20.570099,103.507655,539.264182
7.671445,114.048385,540.704661
-5.646354,129.091144,544.229375
-18.586805,139.438929,549.486419
-30.840862,151.423766,555.683248
-41.653669,166.649855,561.625315
-49.718186,-172.995696,566.071150
-53.130150,-147.374126,568.070093
-50.648733,-121.216985,567.217650
-43.211045,-99.909910,563.759839
-32.745716,-83.972252,558.520502
-20.673441,-71.584702,552.670795
-7.817117,-61.063421,547.403016
5.306434,-51.166610,543.603620
18.272850,-40.831142,541.628237
30.589181,-28.861602,541.253034
41.492882,-13.639249,541.816226
49.656302,6.765681,542.495838
53.129190,32.542180,542.624799
50.626576,58.887442,541.938046
43.106320,80.298574,540.673734
32.545770,96.269215,539.497448
20.394720,108.663664,539.271276
7.489605,119.187768,540.738768
-5.828409,134.229350,544.291605
-18.763031,144.591047,549.568523
-31.003151,156.608717,555.770504
-41.788374,171.893431,561.699989
-49.802087,-167.671276,566.117321
-53.136537,-141.998388,568.077965
-50.574978,-115.880929,567.186149
-43.082279,-94.655196,563.696822
-32.586597,-78.780378,558.440539
-20.498825,-66.429085,552.591106
-7.635665,-55.924211,547.338690
5.488587,-46.028536,543.563569
18.449702,-35.679231,541.613202
30.752564,-23.676840,541.256296
41.628978,-8.395486,541.826729
49.741447,12.091492,542.502561
53.135886,37.920667,542.620880
50.551974,64.225629,541.923316
42.976224,85.554110,540.654888
32.385400,101.461286,539.485790
20.219199,113.819320,539.278704
7.307722,124.327034,540.773276
-6.010426,139.367642,544.354185
-18.939127,149.743477,549.650811
-31.165169,161.794290,555.857708
-41.922556,177.138020,561.774367
-49.885077,-162.345744,566.163009
-53.141741,-136.622549,568.085276
-50.500256,-110.545925,567.154137
-42.952946,-89.401543,563.633458
-32.427181,-73.589178,558.360462
-20.324064,-61.273816,552.511537
-7.454163,-50.785116,547.274658
5.670709,-40.890376,543.523880
18.626432,-30.527008,541.598481
30.915682,-18.491454,541.259740
41.764554,-3.150699,541.837250
49.825673,17.418438,542.509170
53.141380,43.299261,542.616796
50.476394,69.562744,541.908469
42.845559,90.808570,540.636059
32.224737,106.652680,539.474321
20.043540,118.974627,539.286467
7.125797,129.466186,540.808184
-6.192404,144.506024,544.417112
-19.115092,154.896224,549.733281
-31.326913,166.980490,555.944857
-42.056213,-177.616372,561.848445
-49.967151,-157.019105,566.208212
-53.145761,-131.246631,568.092026
-50.424576,-105.211979,567.121617
-42.823050,-84.148948,563.569751
-32.267470,-68.398644,558.280273
-20.149159,-56.118892,552.432092
-7.272614,-45.646133,547.210922
5.852800,-35.752128,543.484553
18.803037,-25.374470,541.584074
31.078530,-13.305439,541.263364
41.899605,2.095118,541.847787
49.908976,22.746513,542.515664
53.145674,48.677942,542.612545
50.399843,74.898781,541.893505
42.714330,96.061959,540.617248
32.063783,111.843402,539.463041
19.867743,124.129588,539.294568
6.943831,134.605228,540.843492
-6.374341,149.644499,544.480384
-19.290923,160.049289,549.815930
-31.488380,172.167323,556.031947
-42.189338,-172.369739,561.922220
-50.048303,-151.691364,566.252928
-53.148597,-125.870654,568.098215
-50.347941,-99.879099,567.088589
-42.692597,-78.897405,563.505702
-32.107468,-63.208773,558.199976
-19.974112,-50.964309,552.352773
-7.091018,-40.507259,547.147483
6.034858,-30.613789,543.445588
18.979516,-20.221613,541.569979
31.241108,-8.118789,541.267164
42.034127,7.341969,541.858337
49.991349,28.075714,542.522040
53.148767,54.056688,542.608128
50.322326,80.233732,541.878428
42.582542,101.314282,540.598457
31.902541,117.033458,539.451954
19.691811,129.284208,539.303006
6.761826,139.744161,540.879200
-6.556238,154.783068,544.544000
-19.466620,165.202678,549.898754
-31.649567,177.354792,556.118974
-42.321927,-167.122077,561.995689
-50.128527,-146.362526,566.297156
-53.150250,-120.494638,568.103842
-50.270357,-94.547292,567.055055
-42.561591,-73.646910,563.441316
-31.947176,-58.019558,558.119575
-19.798926,-45.810063,552.273583
-6.909377,-35.368490,547.084343
6.216883,-25.475356,543.406985
19.155867,-15.068433,541.556194
31.403411,-2.931501,541.271139
42.168116,12.589860,541.868897
50.072786,33.406033,542.528298
53.150658,59.435479,542.603546
50.243848,85.567591,541.863237
42.450199,106.565544,540.579689
31.741014,122.222853,539.441061
19.515744,134.438491,539.311784
6.579783,144.882988,540.915310
-6.738092,159.921735,544.607959
-19.642181,170.356394,549.981752
-31.810473,-177.457096,556.205935
-42.453977,-161.873380,562.068848
-50.207817,-141.032599,566.340893
-53.150718,-115.118604,568.108907
-50.191830,-89.216565,567.021017
-42.430037,-68.397458,563.376595
-31.786598,-52.830996,558.039073
-19.623600,-40.656150,552.194526
-6.727691,-30.229825,547.021504
6.398872,-20.336826,543.368743
19.332089,-9.914927,541.542718
31.565439,2.256432,541.275287
42.301565,17.838797,541.879467
50.153282,38.737466,542.534436
53.151347,64.814293,542.598797
50.164417,90.900350,541.847934
42.317307,111.815751,540.560946
31.579203,127.411592,539.430366
19.339545,139.592440,539.320904
6.397702,150.021714,540.951819
-6.919903,165.060502,544.672259
-19.817605,175.510441,550.064919
-31.971093,-172.268336,556.292828
-42.585481,-156.623644,562.141696
-50.286168,-135.701587,566.384137
-53.150001,-109.742573,568.113411
-50.112366,-83.886923,566.986476
-42.297940,-63.149045,563.311542
-31.625737,-47.643079,557.958473
-19.448138,-35.502568,552.115603
-6.545962,-25.091261,546.958967
6.580825,-15.198197,543.330864
19.508181,-4.761091,541.529550
31.727187,7.445015,541.279605
42.434471,23.088783,541.890043
50.232831,44.070006,542.540454
53.150834,70.193109,542.593883
50.084036,96.232003,541.832520
42.183870,117.064906,540.542230
31.417113,132.599681,539.419870
19.163214,144.746058,539.330367
6.215584,155.160339,540.988730
-7.101669,170.199373,544.736897
-19.992889,-179.335179,550.148252
-32.131427,-167.078924,556.379647
-42.716436,-151.372864,562.214228
-50.363575,-130.369497,566.426887
-53.148101,-104.366565,568.117353
-50.031971,-78.558373,566.951435
-42.165304,-57.901664,563.246160
-31.464594,-42.455804,557.877778
-19.272540,-30.349311,552.036819
-6.364190,-19.952794,546.896734
6.762741,-10.059466,543.293347
19.684141,0.393078,541.516688
31.888653,12.634253,541.284091
42.566829,28.339825,541.900624
50.311426,49.403646,542.546349
53.149119,75.571905,542.588804
50.002713,101.562544,541.816998
42.049894,122.313015,540.523544
31.254745,137.787124,539.409575
18.986754,149.899350,539.340175
6.033432,160.298868,541.026041
-7.283389,175.338351,544.801873
-20.168032,-174.180460,550.231750
-32.291470,-161.888854,556.466390
-42.846837,-146.121036,562.286442
-50.440031,-125.036337,566.469142
-53.145016,-98.990601,568.120732
-49.950649,-73.230921,566.915894
-42.032134,-52.655312,563.180452
-31.303173,-37.269166,557.796993
-19.096808,-25.196377,551.958175
-6.182378,-14.814422,546.834807
6.944619,-4.920629,543.256192
19.859966,5.547584,541.504131
32.049834,17.824151,541.288743
42.698635,33.591927,541.911208
50.389063,54.738381,542.552120
53.146202,80.950662,542.583558
49.920452,106.891968,541.801368
41.915382,127.560084,540.504889
31.092103,142.973927,539.399485
18.810166,155.052318,539.350328
5.851246,165.437303,541.063753
-7.465062,-179.522562,544.867185
-20.343033,-169.025400,550.315409
-32.451221,-156.698120,556.553052
-42.976678,-140.868153,562.358335
-50.515532,-119.702113,566.510898
-53.140747,-93.614702,568.123550
-49.868406,-67.904573,566.879856
-41.898435,-47.409982,563.114421
-31.141477,-32.083158,557.716121
-18.920943,-20.043763,551.879676
-6.000525,-9.676142,546.773187
7.126457,0.218315,543.219399
20.035657,10.702432,541.491877
32.210729,23.014715,541.293558
42.829882,38.845094,541.921791
50.465735,60.074203,542.557767
53.142084,86.329357,542.578148
49.837261,112.220268,541.785633
41.780339,132.806117,540.486269
30.929189,148.160095,539.389601
18.633452,160.204968,539.360829
5.669027,170.575647,541.101865
-7.646688,-174.383363,544.932831
-20.517890,-163.869995,550.399225
-32.610676,-151.506718,556.639632
-43.105955,-135.614213,562.429904
-50.590071,-114.366831,566.552155
-53.135295,-88.238887,568.125807
-49.785249,-62.579333,566.843322
-41.764211,-42.165671,563.048070
-30.979507,-26.897776,557.635164
-18.744948,-14.891463,551.801322
-5.818634,-4.537951,546.711876
7.308255,5.357371,543.182968
20.211210,15.857624,541.479925
32.371333,28.205950,541.298535
42.960566,44.099331,541.932373
50.541437,65.411105,542.563288
53.136765,91.707970,542.572572
49.753144,117.547439,541.769792
41.644771,138.051120,540.467685
30.766005,153.345633,539.379925
18.456613,165.357302,539.371679
5.486776,175.713903,541.140378
-7.828263,-169.244050,544.998808
-20.692602,-158.714240,550.483196
-32.769832,-146.314642,556.726124
-43.234664,-130.359209,562.501145
-50.663642,-109.030501,566.592911
-53.128661,-82.863179,568.127501
-49.701184,-57.255207,566.806294
-41.629466,-36.922373,562.981402
-30.817266,-21.713016,557.554127
-18.568823,-9.739475,551.723119
-5.636705,0.600154,546.650875
7.490011,10.496540,543.146898
20.386625,21.013165,541.468274
32.531644,33.397861,541.303671
43.090683,49.354643,541.942951
50.616163,70.749079,542.568682
53.130246,97.086480,542.566831
49.668108,122.873476,541.753849
41.508682,143.295097,540.449140
30.602555,158.530547,539.370461
18.279650,170.509324,539.382879
5.304495,-179.147926,541.179291
-8.009789,-164.104618,545.065116
-20.867166,-153.558133,550.567319
-32.928688,-141.121887,556.812527
-43.362799,-125.103138,562.572055
-50.736242,-103.693129,566.633164
-53.120844,-77.487596,568.128633
-49.616215,-51.932199,566.768774
-41.494205,-31.680083,562.914419
-30.654757,-16.528871,557.473012
-18.392570,-4.587796,551.645067
-5.454739,5.738175,546.590186
7.671723,15.635827,543.111191
20.561899,26.169059,541.456921
32.691659,38.590454,541.308964
43.220227,54.611035,541.953523
50.689907,76.088118,542.573947
53.122526,102.464865,542.560924
49.582158,128.198374,541.737804
41.372075,148.538055,540.430635
30.438840,163.714841,539.361210
18.102566,175.661037,539.394430
5.122185,-174.009838,541.218604
-8.191263,-158.965065,545.131753
-21.041582,-148.401669,550.651590
-33.087240,-135.928448,556.898835
-43.490356,-119.845995,562.642632
-50.807864,-98.354724,566.672913
-53.111846,-72.112160,568.129204
-49.530348,-46.610315,566.730764
-41.358434,-26.438796,562.847126
-30.491983,-11.345337,557.391824
-18.216191,0.563580,551.567171
-5.272738,10.876116,546.529810
7.853392,20.775232,543.075844
20.737032,31.325308,541.445865
32.851376,43.783733,541.314412
43.349194,59.868510,541.964087
50.762664,81.428214,542.579083
53.113607,107.843105,542.554854
49.495301,133.522129,541.721658
41.234957,153.779998,540.412175
30.274864,168.898521,539.352174
17.925362,-179.187554,539.406335
4.939846,-168.871830,541.258318
-8.372684,-153.825389,545.198716
-21.215847,-143.244844,550.736007
-33.245485,-130.734319,556.985045
-43.617330,-114.587776,562.712873
-50.878502,-93.015294,566.712155
-53.101667,-66.736891,568.129214
-49.443590,-41.289558,566.692265
-41.222155,-21.198506,562.779524
-30.328945,-6.162409,557.310565
-18.039687,5.714654,551.489432
-5.090702,16.013979,546.469749
8.035016,25.914761,543.040860
20.912021,36.481918,541.435105
33.010791,48.977705,541.320011
43.477578,65.127075,541.974640
50.834428,86.769358,542.584089
53.103491,113.221179,542.548618
49.407542,138.844736,541.705415
41.097332,159.020932,540.393760
30.110629,174.081591,539.343357
17.748039,-174.036446,539.418595
4.757480,-163.733899,541.298432
-8.554051,-148.685586,545.266005
-21.389960,-138.087655,550.820567
-33.403420,-125.539496,557.071155
-43.743715,-109.328476,562.782774
-50.948151,-87.674847,566.750889
-53.090308,-61.361810,568.128662
-49.355946,-35.969933,566.653280
-41.085373,-15.959209,562.711618
-30.165647,-0.980082,557.229239
-17.863059,10.865430,551.411855
-4.908634,21.151767,546.410005
8.216593,31.054414,543.006236
21.086865,41.638891,541.424639
33.169901,54.172375,541.325761
43.605374,70.386732,541.985181
50.905194,92.111542,542.588962
53.092177,118.599065,542.542219
49.318887,144.166191,541.689074
40.959203,164.260862,540.375393
29.946137,179.264057,539.334760
17.570598,-168.885636,539.431210
4.575088,-158.596042,541.338945
-8.735363,-143.545654,545.333616
-21.563919,-132.930098,550.905265
-33.561043,-120.343971,557.157160
-43.869507,-104.068091,562.852334
-51.016807,-82.333392,566.789114
-53.077772,-55.986935,568.127549
-49.267422,-30.651444,566.613810
-40.948094,-10.720899,562.643410
-30.002091,4.201650,557.147849
-17.686310,16.015913,551.334441
-4.726533,26.289482,546.350578
8.398122,36.194196,542.971973
21.261562,46.796233,541.414465
33.328705,59.367748,541.331659
43.732578,75.647488,541.995708
50.974956,97.454756,542.593703
53.079666,123.976743,542.535655
49.229342,149.486490,541.672638
40.820576,169.499794,540.357076
29.781391,-175.554075,539.326385
17.393042,-163.735121,539.444183
4.392671,-153.458256,541.379858
-8.916620,-138.405589,545.401548
-21.737722,-127.772169,550.990100
-33.718350,-115.147742,557.243058
-43.994700,-98.806617,562.921547
-51.084463,-76.990939,566.826828
-53.064057,-50.612289,568.125875
-49.178023,-25.334093,566.573857
-40.810321,-5.483570,562.574903
-29.838279,9.382790,557.066399
-17.509440,21.166105,551.257193
-4.544401,31.427128,546.291470
8.579603,41.334110,542.938071
21.436110,51.953945,541.404582
33.487198,64.563830,541.337702
43.859184,80.909346,542.006218
51.043708,102.798992,542.598309
53.065961,129.354193,542.528928
49.138914,154.805630,541.656108
40.681454,174.737733,540.338813
29.616394,-170.372802,539.318235
17.215372,-158.584895,539.457514
4.210231,-148.320539,541.421170
-9.097818,-133.265390,545.469800
-21.911369,-122.613864,551.075069
-33.875339,-109.950801,557.328843
-44.119291,-93.544049,562.990413
-51.151115,-71.647497,566.864030
-53.049167,-45.237890,568.123640
-49.087756,-20.017885,566.533423
-40.672058,-0.247217,562.506100
-29.674214,14.563345,556.984892
-17.332451,26.316010,551.180114
-4.362239,36.564708,546.232682
8.761033,46.474157,542.904530
21.610509,57.112034,541.394989
33.645378,69.760625,541.343888
43.985187,86.172310,542.016709
51.111446,108.144241,542.602781
53.051062,134.731394,542.522037
49.047608,160.123607,541.639486
40.541843,179.974685,540.320604
29.451147,-165.192119,539.310312
17.037589,-153.434957,539.471205
4.027767,-143.182887,541.462882
-9.278958,-128.125051,545.538369
-22.084857,-117.455179,551.160167
-34.032007,-104.753144,557.414514
-44.243273,-88.280384,563.058928
-51.216756,-66.303076,566.900717
-53.033103,-39.863760,568.120844
-48.996627,-14.702823,566.492510
-40.533310,4.988164,562.437004
-29.509898,19.743318,556.903332
-17.155344,31.465631,551.103207
-4.180049,41.702223,546.174216
8.942413,51.614341,542.871348
21.784755,62.270502,541.385683
33.803241,74.958141,541.350215
44.110582,91.436386,542.027180
51.178163,113.490492,542.607116
53.034971,140.108325,542.514983
48.955429,165.440418,541.622773
40.401747,-174.789345,540.302453
29.285654,-160.012019,539.302618
16.859694,-148.285303,539.485257
3.845283,-138.045299,541.504992
-9.460039,-122.984572,545.607253
-22.258184,-112.296110,551.245392
-34.188351,-99.554765,557.500066
-44.366641,-83.015617,563.127089
-51.281383,-60.957685,566.936889
-53.015866,-34.489917,568.117488
-48.904640,-9.388910,566.451120
-40.394081,10.222580,562.367619
-29.345333,24.922715,556.821721
-16.978121,36.614973,551.026474
-3.997830,46.839677,546.116074
9.123740,56.754666,542.838527
21.958847,67.429353,541.376663
33.960786,80.156381,541.356680
44.235363,96.701576,542.037628
51.243855,118.837736,542.611315
53.017690,145.484966,542.507766
48.862385,170.756061,541.605972
40.261169,-169.554352,540.284362
29.119917,-154.832499,539.295156
16.681690,-143.135928,539.499671
3.662777,-132.907770,541.547501
-9.641058,-117.843949,545.676451
-22.431349,-107.136654,551.330740
-34.344367,-94.355658,557.585497
-44.489391,-77.749745,563.194892
-51.344990,-55.611335,566.972543
-52.997457,-29.116381,568.113572
-48.811803,-4.076148,566.409255
-40.254375,15.456036,562.297948
-29.180523,30.101541,556.740064
-16.800783,41.764037,550.949919
-3.815585,51.977073,546.058256
9.305014,61.895133,542.806065
22.132784,72.588591,541.367927
34.118008,85.355353,541.363282
44.359526,101.967885,542.048051
51.308516,124.185961,542.615375
52.999219,150.861297,542.500387
48.768481,176.070532,541.589083
40.120115,-164.320329,540.266333
28.953938,-149.653553,539.287928
16.503577,-137.986831,539.514449
3.480253,-127.770299,541.590409
-9.822015,-112.703178,545.745960
-22.604350,-101.976805,551.416210
-34.500053,-89.155819,557.670802
-44.611518,-72.482764,563.262336
-51.407571,-50.264036,567.007679
-52.977879,-23.743172,568.109097
-48.718120,1.235461,566.366918
-40.114197,20.688537,562.227993
-29.015468,35.279800,556.658363
-16.623332,46.912829,550.873543
-3.633315,57.114414,546.000764
9.486233,67.035746,542.773963
22.306564,77.748221,541.359474
34.274904,90.555060,541.370018
44.483066,107.235318,542.058448
51.372141,129.535158,542.619295
52.979562,156.237298,542.492846
48.673723,-178.616171,541.572108
39.978589,-159.087271,540.248368
28.787720,-144.475176,539.280935
16.325357,-132.838006,539.529592
3.297710,-122.632882,541.633714
-10.002909,-107.562258,545.815778
-22.777185,-96.816562,551.501796
-34.655405,-83.955241,557.755977
-44.733015,-67.214671,563.329418
-51.469122,-44.915800,567.042296
-52.957133,-18.370310,568.104062
-48.623598,6.545913,566.324109
-39.973550,25.920089,562.157759
-28.850172,40.457498,556.576622
-16.445769,52.061351,550.797350
-3.451020,62.251701,545.943599
9.667396,72.176509,542.742219
22.480185,82.908247,541.351302
34.431473,95.755509,541.376886
44.605976,112.503877,542.068816
51.434724,134.885316,542.623076
52.958719,161.612948,542.485143
48.578117,-173.304050,541.555050
39.836594,-153.855172,540.230471
28.621264,-139.297364,539.274181
16.147032,-127.689451,539.545101
3.115150,-117.495518,541.677416
-10.183739,-102.421184,545.885904
-22.949853,-91.655918,551.587497
-34.810422,-78.753920,557.841021
-44.853878,-61.945460,563.396134
-51.529638,-39.566636,567.076390
-52.935221,-12.997815,568.098468
-48.528242,11.855208,566.280831
-39.832439,31.150697,562.087247
-28.684637,45.634639,556.494845
-16.268096,57.209606,550.721343
-3.268702,67.388939,545.886762
9.848502,77.317423,542.710834
22.653645,88.068672,541.343409
34.587709,100.956706,541.383883
44.728252,117.773567,542.079153
51.496261,140.236424,542.626715
52.936693,166.988227,542.477279
48.481669,-167.993107,541.537909
39.694136,-148.624028,540.212643
28.454574,-134.120112,539.267668
15.968602,-122.541163,539.560978
2.932574,-112.358202,541.721516
-10.364502,-97.279955,545.956335
-23.122352,-86.494871,551.673308
-34.965098,-73.551850,557.925928
-44.974102,-56.675130,563.462482
-51.589114,-34.216558,567.109962
-52.912146,-7.625704,568.092316
-48.432058,17.163342,566.237086
-39.690868,36.380367,562.016461
-28.518865,50.811227,556.413034
-16.090313,62.357598,550.645523
-3.086362,72.526129,545.830254
10.029550,82.458492,542.679807
22.826943,93.229500,541.335794
34.743611,106.158655,541.391007
44.849888,123.044392,542.089457
51.556746,145.588469,542.630213
52.913487,172.363117,542.469254
48.384385,-162.683344,541.520688
39.551217,-143.393831,540.194887
28.287652,-128.943414,539.261397
15.790070,-117.393138,539.577222
2.749983,-107.220932,541.766012
-10.545199,-92.138566,546.027069
-23.294679,-81.333416,551.759227
-35.119432,-68.349025,558.010696
-45.093682,-51.403677,563.528459
-51.647545,-28.865575,567.143010
-52.887909,-2.253998,568.085606
-48.335053,22.470315,566.192877
-39.548841,41.609104,561.945405
-28.352859,55.987268,556.331193
-15.912423,67.505330,550.569893
-2.904000,77.663275,545.774078
10.210539,87.599718,542.649138
23.000076,98.390736,541.328454
34.899175,111.361363,541.398256
44.970879,128.316354,542.099726
51.616175,150.941441,542.633567
52.889101,177.737596,542.461069
48.286271,-157.374762,541.503388
39.407843,-138.164578,540.177205
28.120499,-123.767267,539.255371
15.611436,-112.245372,539.593837
2.567379,-102.083706,541.810905
-10.725828,-86.997016,546.098104
-23.466834,-76.171549,551.845251
-35.273420,-63.145439,558.095321
-45.212612,-46.131097,563.594062
-51.704926,-23.513701,567.175532
-52.862514,3.117285,568.078338
-48.237231,27.776125,566.148204
-39.406362,46.836914,561.874081
-28.186620,61.162767,556.249326
-15.734426,72.652807,550.494457
-2.721619,82.800379,545.718233
10.391466,92.741106,542.618826
23.173044,103.552384,541.321388
35.054398,116.564835,541.405627
45.091220,133.589459,542.109959
51.674542,156.295327,542.636777
52.863539,-176.888353,542.452724
48.187333,-152.067364,541.486010
39.264018,-132.936261,540.159599
27.953119,-118.591664,539.249592
15.432703,-107.097863,539.610822
2.384761,-96.946521,541.856193
-10.906388,-81.855300,546.169438
-23.638814,-71.009266,551.931376
-35.427059,-57.941088,558.179800
-45.330886,-40.857387,563.659288
-51.761252,-18.160948,567.207527
-52.835961,8.488125,568.070512
-48.138599,33.080771,566.103072
-39.263435,52.063803,561.802493
-28.020151,66.337727,556.167436
-15.556324,77.800030,550.419216
-2.539219,87.937445,545.662722
10.572332,97.882658,542.588871
23.345843,108.714447,541.314595
35.209276,121.769077,541.413119
45.210905,138.863708,542.120153
51.731842,161.650115,542.639842
52.836802,-171.514751,542.444220
48.087576,-146.761149,541.468558
39.119745,-127.708875,540.142073
27.785513,-113.416603,539.244062
15.253871,-101.950606,539.628179
2.202132,-91.809374,541.901877
-11.086876,-76.713417,546.241069
-23.810618,-65.846563,552.017599
-35.580346,-52.735966,558.264128
-45.448500,-35.582545,563.724135
-51.816519,-12.807327,567.238994
-52.808255,13.858505,568.062130
-48.039162,38.384251,566.057480
-39.120063,57.289775,561.730643
-27.853454,71.512154,556.085525
-15.378119,82.947003,550.344174
-2.356800,93.074474,545.607544
10.753135,103.024376,542.559272
23.518473,113.876930,541.308072
35.363807,126.974095,541.420729
45.329929,144.139106,542.130306
51.788071,167.005792,542.642761
52.808895,-166.141616,542.435557
47.987008,-141.456118,541.451031
38.975028,-122.482414,540.124627
27.617684,-108.242076,539.238784
15.074942,-96.803599,539.645909
2.019493,-86.672261,541.947955
-11.267294,-71.571362,546.312994
-23.982243,-60.683437,552.103916
-35.733277,-47.530066,558.348304
-45.565448,-30.306566,563.788600
-51.870722,-7.452851,567.269932
-52.779397,19.228405,568.053192
-47.938927,43.686566,566.011433
-38.976252,62.514837,561.658536
-27.686532,76.686053,556.003599
-15.199811,88.093730,550.269332
-2.174365,98.211469,545.552702
10.933873,108.166264,542.530029
23.690931,119.039837,541.301818
35.517987,132.179893,541.428454
45.448285,149.415655,542.140417
51.843224,172.362346,542.645534
52.779818,-160.768968,542.426736
47.885633,-136.152274,541.433433
38.829873,-117.256873,540.107266
27.449634,-103.068082,539.233759
14.895917,-91.656838,539.664013
1.836844,-81.535182,541.994428
-11.447638,-66.429134,546.385212
-24.153689,-55.519881,552.190326
-35.885850,-42.323385,558.432322
-45.681725,-25.029449,563.852680
-51.923857,-2.097534,567.300339
-52.749389,24.597808,568.043698
-47.837898,48.987714,565.964931
-38.832004,67.738995,561.586174
-27.519386,81.859428,555.921659
-15.021403,93.240214,550.194694
-1.991915,103.348434,545.498197
11.114545,113.308325,542.501141
23.863216,124.203173,541.295830
35.671813,137.386478,541.436292
45.565970,154.693358,542.150483
51.897296,177.719764,542.648159
52.749576,-155.396825,542.417757
47.783457,-130.849615,541.415765
38.684282,-112.032247,540.089991
27.281365,-97.894613,539.228990
14.716798,-86.510320,539.682492
1.654187,-76.398132,542.041294
-11.627908,-61.286728,546.457721
-24.324952,-50.355894,552.276823
-36.038060,-37.115915,558.516181
-45.797326,-19.751190,563.916373
-51.975918,3.258611,567.330214
-52.718236,29.966695,568.033649
-47.736083,54.287695,565.917978
-38.687324,72.962253,561.513561
-27.352018,87.032283,555.839709
-14.842895,98.386458,550.120262
-1.809450,108.485371,545.444029
11.295151,118.450563,542.472608
24.035325,129.366940,541.290108
35.825282,142.593855,541.444241
45.682977,159.972220,542.160502
51.950282,-176.921969,542.650636
52.718170,-150.025206,542.408621
47.680488,-125.548143,541.398029
38.538259,-106.808528,540.072804
27.112879,-92.721666,539.224479
14.537586,-81.364041,539.701347
1.471523,-71.261108,542.088554
-11.808102,-56.144142,546.530517
-24.496032,-45.191470,552.363405
-36.189906,-31.907652,558.599875
-45.912244,-14.471787,563.979675
-52.026902,8.615570,567.359556
-52.685940,35.335048,568.023046
-47.633486,59.586508,565.870575
-38.542215,78.184617,561.440699
-27.184432,92.204623,555.757752
-14.664288,103.532466,550.046038
-1.626971,113.622282,545.390200
11.475689,123.592979,542.444429
24.207257,134.531145,541.284649
35.978389,147.802031,541.452299
45.799300,165.252241,542.170474
52.002178,-171.562866,542.652964
52.685604,-144.654129,542.399328
47.576730,-120.247858,541.380226
38.391809,-101.585712,540.055708
26.944179,-87.549236,539.220228
14.358282,-76.217999,539.720579
1.288852,-66.124109,542.136206
-11.988220,-51.001373,546.603599
-24.666926,-40.026605,552.450069
-36.341382,-26.698589,558.683402
-46.026475,-9.191237,564.042585
-52.076805,13.973331,567.388364
-52.652503,40.702850,568.011889
-47.530113,64.884154,565.822724
-38.396682,83.406093,561.367592
-27.016629,97.376454,555.675793
-14.485585,108.678240,549.972025
-1.444480,118.759172,545.336710
11.656157,128.735577,542.416603
24.379010,139.695790,541.279451
36.131132,153.011010,541.460463
45.914934,170.533426,542.180395
52.052979,-166.202940,542.655142
52.651881,-139.283612,542.389880
47.472189,-114.948759,541.362359
38.244936,-96.363793,540.038706
26.775267,-82.377318,539.216239
14.178887,-71.072190,539.740189
1.106177,-60.987132,542.184249
-12.168260,-45.858418,546.676965
-24.837632,-34.861294,552.536811
-36.492487,-21.488722,558.766759
-46.140013,-3.909538,564.105098
-52.125621,19.331878,567.416636
-52.617929,46.070083,568.000178
-47.425971,70.180634,565.774429
-38.250728,88.626687,561.294243
-26.848610,102.547778,555.593833
-14.306787,113.823785,549.898225
-1.261978,123.896041,545.283561
11.836555,133.878361,542.389130
24.550582,144.860881,541.274513
36.283508,158.220799,541.468731
46.029874,175.815776,542.190263
52.102681,-160.842207,542.657169
52.617004,-133.913674,542.380276
47.366871,-109.650846,541.344429
38.097643,-91.142765,540.021799
26.606145,-77.205908,539.212514
13.999404,-65.926611,539.760179
0.923497,-55.850173,542.232684
-12.348220,-40.715273,546.750612
-25.008149,-29.695535,552.623629
-36.643216,-16.278044,558.849942
-46.252852,1.373312,564.167214
-52.173346,24.691198,567.444372
-52.582221,51.436730,567.987916
-47.321064,75.475946,565.725690
-38.104357,93.846405,561.220656
-26.680379,107.718602,555.511877
-14.127894,118.969102,549.824642
-1.079465,129.032893,545.230753
12.016881,139.021333,542.362010
24.721971,150.026421,541.269832
36.435512,163.431404,541.477101
46.144113,-178.900706,542.200078
52.151280,-155.480680,542.659044
52.580976,-128.544331,542.370518
47.260783,-104.354120,541.326438
37.949934,-85.922621,540.004991
26.436815,-72.035002,539.209056
13.819833,-60.781258,539.780548
0.740815,-50.713230,542.281510
