-0.250315,-45.038098,542.553116
-13.323147,-35.002902,547.154913
-25.929887,-23.855886,553.095750
-37.454291,-10.188344,559.298006
-46.852638,7.860361,564.497125
-52.413098,31.585801,567.585429
-52.368871,58.347316,567.911782
-46.738826,81.990143,565.453659
-37.303120,99.955742,560.817431
-25.764034,113.569166,555.067483
-13.155739,124.686012,549.429347
-0.089128,134.707514,544.950310
12.993919,144.732747,542.221046
25.648554,155.864880,541.248910
37.253578,169.520792,541.524236
46.751461,-172.409734,542.252342
52.395527,-148.573749,542.666570
52.365603,-121.619311,542.314911
46.672027,-97.832577,541.227832
37.141465,-79.811118,539.915581
25.514595,-66.184022,539.194975
12.844117,-55.064151,539.897664
-0.432989,-39.901192,542.604432
-13.502569,-29.858467,547.230312
-26.099139,-18.687137,553.182970
-37.602525,-4.972325,559.379988
-46.960857,13.150653,564.556620
-52.453721,36.949726,567.609692
-52.325959,63.709798,567.895987
-46.629144,87.277975,565.402131
-37.154157,105.169960,560.742389
-25.594484,118.736876,554.985628
-12.976271,129.829948,549.357208
0.093424,139.844323,544.899720
13.173753,149.877003,542.196172
25.818721,161.033412,541.245840
37.403114,174.736771,541.533204
46.861066,-167.118661,542.261764
52.436934,-143.207488,542.667455
52.322265,-116.254206,542.304176
46.561125,-92.543450,541.209495
36.991174,-74.596526,539.899462
25.343978,-61.016240,539.193277
12.664014,-49.920177,539.920496
-0.615658,-34.764281,542.656134
-13.681902,-24.713818,547.305975
-26.268188,-13.517906,553.270240
-37.750357,0.244546,559.461770
-47.068336,18.442109,564.615698
-52.493226,42.314310,567.633411
-52.281939,69.071572,567.879645
-46.518741,92.564648,565.350177
-37.004803,110.383343,560.667133
-25.424737,123.904118,554.903800
-12.796719,134.973682,549.285302
0.275978,144.981136,544.849477
13.353506,155.021471,542.171645
25.988689,166.202425,541.243013
37.552252,179.953609,541.542256
46.969928,-161.826407,542.271120
52.477208,-137.840549,542.668184
52.277804,-110.889822,542.293291
46.449496,-87.255500,541.191111
36.840494,-69.382775,539.883459
25.173169,-55.848929,539.191861
12.483834,-44.776405,539.943716
-0.798321,-29.627362,542.708219
-13.861145,-19.568954,547.381899
-26.437030,-8.348189,553.357557
-37.897784,5.462275,559.543350
-47.175069,23.734729,564.674356
-52.531607,47.679535,567.656584
-52.236815,74.432623,567.862757
-46.407621,97.850163,565.297800
-36.855063,115.595898,560.591666
-25.254794,129.070896,554.822004
-12.617084,140.117215,549.213633
0.458534,150.117954,544.799583
13.533177,160.166153,542.147464
26.158458,171.371925,541.240427
37.700988,-174.828690,541.551391
47.078041,-156.532970,542.280405
52.516344,-132.472949,542.668755
52.232223,-105.526173,542.282258
46.337144,-81.968726,541.172683
36.689429,-64.169862,539.867575
25.002170,-50.682083,539.190729
12.303577,-39.632834,539.967322
-0.980976,-24.490434,542.760687
-14.040297,-14.423871,547.458082
-26.605664,-3.177981,553.444918
-38.044802,10.680868,559.624723
-47.281050,29.028515,564.732592
-52.568863,53.045386,567.679212
-52.190592,79.792936,567.845324
-46.295789,103.134522,565.245003
-36.704940,120.807628,560.515991
-25.084658,134.237215,554.740242
-12.437367,145.260551,549.142202
0.641089,155.254781,544.750039
13.712763,165.311054,542.123628
26.328025,176.541915,541.238082
37.849320,-169.610120,541.560605
47.185401,-151.238348,542.289620
52.554340,-127.104705,542.669169
52.185526,-100.163277,542.271078
46.224076,-76.683126,541.154211
36.537983,-58.957779,539.851811
24.830982,-45.515699,539.189882
12.123245,-34.489458,539.991317
-1.163623,-19.353493,542.813537
-14.219356,-9.278565,547.534521
-26.774087,1.992722,553.532318
-38.191407,15.900330,559.705887
-47.386275,34.323466,564.790403
-52.604988,58.411846,567.701292
-52.143273,85.152495,567.827347
-46.183253,108.417726,565.191788
-36.554437,126.018541,560.440112
-24.914329,139.403078,554.658518
-12.257569,150.403693,549.071011
0.823643,160.391620,544.700846
13.892264,170.456175,542.100137
26.497388,-178.287599,541.235973
37.997242,-164.390675,541.569897
47.292000,-145.942542,542.298761
52.591190,-121.735834,542.669425
52.137718,-94.801147,542.259751
46.110298,-71.398698,541.135699
36.386160,-53.746521,539.836172
24.659607,-40.349771,539.189323
11.942839,-29.346277,540.015700
-1.346260,-14.216537,542.866768
-14.398321,-4.133034,547.611214
-26.942298,7.163923,553.619755
-38.337597,21.120666,559.786837
-47.490737,39.619585,564.847786
-52.639980,63.778897,567.722825
-52.094862,90.511286,567.808827
-46.070017,113.699779,565.138157
-36.403558,131.228641,560.364032
-24.743811,144.568490,554.576835
-12.077691,155.546645,549.000063
1.006195,165.528474,544.652004
14.071679,175.601521,542.076989
26.666545,-173.116613,541.234100
38.144752,-159.170348,541.579265
47.397833,-140.645550,542.307828
52.626893,-116.366353,542.669522
52.088803,-89.439800,542.248278
45.995815,-66.115440,541.117149
36.233962,-48.536083,539.820658
24.488047,-35.184296,539.189053
11.762360,-24.203285,540.040472
-1.528886,-9.079562,542.920379
-14.577191,1.012725,547.688159
-27.110295,12.335629,553.707225
-38.483366,26.341883,559.867571
-47.594430,44.916870,564.904741
-52.673836,69.146523,567.743809
-52.045364,95.869294,567.789765
-45.956086,118.980681,565.084113
-36.252306,136.437935,560.287754
-24.573104,149.733456,554.495195
-11.897735,160.689409,548.929360
1.188743,170.665344,544.603513
14.251006,-179.252905,542.054184
26.835494,-167.945122,541.232461
38.291846,-153.949135,541.588705
47.502895,-135.347372,542.316819
52.661444,-110.996281,542.669460
52.038785,-84.079250,542.236661
45.880632,-60.833349,541.098561
36.081394,-43.326459,539.805272
24.316305,-30.019268,539.189075
11.581809,-19.060481,540.065635
-1.711501,-3.942566,542.974369
-14.755965,6.158717,547.765353
-27.278075,17.507844,553.794726
-38.628711,31.563986,559.948085
-47.697349,50.215323,564.961263
-52.706553,74.514705,567.764244
-51.994783,101.226506,567.770162
-45.841466,124.260436,565.029658
-36.100684,141.646427,560.211282
-24.402212,154.897979,554.413603
-11.717702,165.831988,548.858904
1.371288,175.802235,544.555375
14.430243,-174.107100,542.031720
27.004232,-162.773123,541.231053
38.438519,-148.727029,541.598216
47.607179,-130.048007,542.325731
52.694841,-105.625635,542.669238
51.987669,-78.719510,542.224899
45.764756,-55.552422,541.079939
35.928458,-38.117642,539.790018
24.144382,-24.854685,539.189390
11.401188,-13.917860,540.091189
-1.894103,1.194454,543.028738
-14.934641,11.304943,547.842793
-27.445636,22.680571,553.882252
-38.773629,36.786981,560.028376
-47.799489,55.514943,565.017350
-52.738127,79.883426,567.784129
-51.943124,106.582908,567.750019
-45.726163,129.539046,564.974796
-35.948697,146.854124,560.134619
-24.231135,160.062064,554.332061
-11.537593,170.974386,548.788698
1.553826,-179.060852,544.507590
14.609390,-168.961062,542.009597
27.172758,-157.600610,541.229875
38.584769,-143.504025,541.607796
47.710679,-124.747455,542.334564
52.727080,-100.254432,542.668856
51.935459,-73.360596,542.212994
45.648192,-50.272659,541.061284
35.775159,-32.909628,539.774897
23.972280,-19.690541,539.190001
11.220498,-8.775421,540.117134
-2.076690,6.331500,543.083483
-15.113218,16.451408,547.920476
-27.612977,27.853816,553.969802
-38.918115,42.010873,560.108441
-47.900842,60.815730,565.073001
-52.768556,85.252669,567.803462
-51.890390,111.938486,567.729336
-45.610182,134.816514,564.919528
-35.796347,152.061031,560.057769
-24.059876,165.225715,554.250573
-11.357409,176.116605,548.718743
1.736358,-173.923914,544.460160
14.788445,-163.814786,541.987814
27.341070,-152.427578,541.228924
38.730590,-138.280117,541.617441
47.813389,-119.445717,542.343315
52.758158,-94.882691,542.668313
51.882159,-68.002522,542.200948
45.530946,-44.994054,541.042598
35.621499,-27.702410,539.759911
23.800001,-14.526833,539.190909
11.039740,-3.633160,540.143472
-2.259263,11.468575,543.138604
-15.291694,21.598115,547.998401
-27.780094,33.027584,554.057371
-39.062166,47.235667,560.188275
-48.001405,66.117683,565.128213
-52.797836,90.622415,567.822244
-51.836587,117.293226,567.708116
-45.493528,140.092841,564.863857
-35.643637,157.267153,559.980734
-23.888437,170.388936,554.169142
-11.177152,-178.741351,548.649042
1.918883,-168.786947,544.413083
14.967407,-158.668269,541.966369
27.509164,-147.254023,541.228199
38.875979,-133.055299,541.627151
47.915305,-114.142793,542.351982
52.788072,-89.510431,542.667608
51.827775,-62.645300,542.188760
45.413022,-39.716607,541.023884
35.467482,-22.495984,539.745064
23.627547,-9.363556,539.192116
10.858916,1.508927,540.170202
-2.441819,16.605682,543.194100
-15.470068,26.745066,548.076565
-27.946986,38.201878,554.144957
-39.205778,52.461371,560.267877
-48.101169,71.420803,565.182983
-52.825966,95.992647,567.840474
-51.781718,122.647116,567.686359
-45.376208,145.368032,564.807786
-35.490572,162.472496,559.903518
-23.716818,175.551731,554.087771
-10.996823,-173.599480,548.579597
2.101398,-163.649950,544.366362
15.146274,-153.521508,541.945262
27.677040,-142.079941,541.227697
39.020933,-127.829566,541.636922
48.016418,-108.838682,542.360565
52.816820,-84.137670,542.666743
51.772311,-57.288945,542.176432
45.294427,-34.440313,541.005143
35.313111,-17.290342,539.730357
23.454920,-4.200706,539.193625
10.678027,6.650841,540.197325
-2.624358,21.742825,543.249969
-15.648339,31.892266,548.154965
-28.113651,43.376704,554.232555
-39.348946,57.687988,560.347242
-48.200131,76.725087,565.237310
-52.852943,101.363344,567.858150
-51.725789,128.000142,567.664066
-45.258225,150.642088,564.751317
-35.337153,167.677067,559.826125
-23.545023,-179.285895,554.006463
-10.816423,-168.457778,548.510410
2.283904,-158.512919,544.319996
15.325045,-148.374500,541.924493
27.844694,-136.905327,541.227416
39.165446,-122.602911,541.646752
48.116725,-103.533386,542.369062
52.844398,-78.764427,542.665715
51.715771,-51.933469,542.163964
45.175167,-29.165169,540.986378
35.158390,-12.085480,539.715793
23.282122,0.961722,539.195436
10.497073,11.792587,540.224842
-2.806879,26.880004,543.306212
-15.826505,37.039717,548.233598
-28.280086,48.552066,554.320162
-39.491667,62.915525,560.426367
-48.298284,82.030537,565.291190
-52.878763,106.734490,567.875273
-51.668804,133.352293,567.641238
-45.139586,155.915014,564.694453
-35.183385,172.880869,559.748558
-23.373054,-174.123939,553.925221
-10.635953,-163.316242,548.441484
2.466399,-153.375852,544.273986
15.503719,-143.227241,541.904059
28.012124,-131.730175,541.227354
39.309516,-117.375330,541.656639
48.216218,-98.226904,542.377470
52.870805,-73.390721,542.664525
51.658161,-46.578886,542.151359
45.055246,-23.891173,540.967590
35.003321,-6.881392,539.701374
23.109154,6.123730,539.197552
10.316057,16.934167,540.252754
-2.989380,32.017224,543.362825
-16.004565,42.187424,548.312462
-28.446289,53.727969,554.407775
-39.633937,68.143987,560.505248
-48.395623,87.337149,565.344622
-52.903425,112.106065,567.891841
-51.610767,138.703556,567.617877
-45.020296,161.186811,564.637197
-35.029270,178.083910,559.670819
-23.200911,-168.962396,553.844049
-10.455415,-158.174870,548.372819
2.648882,-148.238745,544.228333
15.682294,-138.079728,541.883959
28.179329,-126.554481,541.227510
39.453137,-112.146816,541.666581
48.314892,-92.919240,542.385789
52.896037,-68.016570,542.663172
51.599485,-41.225207,542.138616
44.934669,-18.618322,540.948783
34.847909,-1.678072,539.687104
22.936018,11.285325,539.199975
10.134979,22.075585,540.281060
-3.171860,37.154487,543.419809
-16.182518,47.335388,548.391554
-28.612258,58.904418,554.495391
-39.775752,73.373380,560.583884
-48.492141,92.644924,565.397604
-52.926926,117.478051,567.907855
-51.551685,144.053919,567.593984
-44.900359,166.457485,564.579550
-34.874812,-176.713807,559.592913
-23.028596,-163.801263,553.762950
-10.274809,-153.033658,548.304419
2.831351,-143.101597,544.183036
15.860768,-132.931958,541.864194
28.346306,-121.378241,541.227880
39.596307,-106.917363,541.676576
48.412741,-87.610392,542.394016
52.920092,-62.641995,542.661656
51.539749,-35.872445,542.125738
44.813444,-13.346610,540.929957
34.692156,3.524485,539.672983
22.762716,16.446508,539.202707
9.953840,27.216842,540.309762
-3.354319,42.291796,543.477162
-16.360362,52.483615,548.470871
-28.777991,64.081417,554.583005
-39.917108,78.603709,560.662269
-48.587832,97.953858,565.450133
-52.949264,122.850428,567.923313
-51.491560,149.403369,567.569560
-44.779783,171.727037,564.521517
-34.720014,-171.512274,559.514843
-22.856112,-158.640534,553.681927
-10.094138,-147.892603,548.236285
3.013807,-137.964404,544.138098
16.039142,-127.783927,541.844761
28.513053,-116.201450,541.228464
39.739020,-101.686967,541.686620
48.509758,-82.300363,542.402150
52.942968,-57.267015,542.659977
51.478956,-30.520612,542.112724
44.691574,-8.076036,540.911115
34.536065,8.726285,539.659016
22.589251,21.607286,539.205749
9.772643,32.357943,540.338860
-3.536755,47.429153,543.534883
-16.538096,57.632106,548.550411
-28.943485,69.258971,554.670615
-40.058000,83.834980,560.740402
-48.682692,103.263952,565.502206
-52.970437,128.223177,567.938215
-51.430400,154.751897,567.544606
-44.658571,176.995471,564.463099
-34.564878,-166.311487,559.436613
-22.683460,-153.480208,553.600982
-9.913401,-142.751703,548.168419
3.196247,-132.827163,544.093517
16.217412,-122.635632,541.825659
28.679566,-111.024102,541.229258
39.881273,-96.455621,541.696713
48.605939,-76.989155,542.410190
52.964662,-51.891649,542.658134
51.417114,-25.169720,542.099577
44.569065,-2.806596,540.892259
34.379641,13.927334,539.645203
22.415623,26.767661,539.209103
9.591387,37.498891,540.368355
-3.719167,52.566562,543.592970
-16.715719,62.780866,548.630171
-29.108738,74.437085,554.758217
-40.198425,89.067198,560.818278
-48.776714,108.575201,565.553823
-52.990443,133.596279,567.952560
-51.368207,160.099490,567.519123
-44.536728,-177.737209,564.404300
-34.409409,-161.111441,559.358225
-22.510642,-148.320278,553.520120
-9.732601,-137.610954,548.100824
3.378670,-127.689872,544.049295
16.395578,-117.487070,541.806888
28.845845,-105.846193,541.230261
40.023061,-91.223319,541.706851
48.701276,-71.676769,542.418134
52.985173,-46.515917,542.656127
51.354225,-19.819780,542.086297
44.445923,2.461715,540.873391
34.222885,19.127636,539.631548
22.241834,31.927638,539.212771
9.410075,42.639687,540.398246
-3.901554,57.704025,543.651422
-16.893228,67.929897,548.710148
-29.273747,79.615764,554.845808
-40.338378,94.300369,560.895894
-48.869892,113.887606,565.604980
-53.009279,138.969714,567.966348
-51.304988,165.446138,567.493113
-44.414261,-172.470999,564.345121
-34.253609,-155.912129,559.279683
-22.337660,-143.160741,553.439343
-9.551738,-132.470354,548.033501
3.561076,-122.552529,544.005432
16.573638,-112.338236,541.788446
29.011887,-100.667719,541.231471
40.164381,-85.990057,541.717032
48.795765,-66.363207,542.425980
53.004498,-41.139839,542.653956
51.290296,-14.470803,542.072885
44.322153,7.728900,540.854514
34.065800,24.327199,539.618053
22.067887,37.087221,539.216755
9.228707,47.780336,540.428534
-4.083916,62.841545,543.710239
-17.070623,73.079204,548.790340
-29.438511,84.795013,554.933383
-40.477856,99.534499,560.973248
-48.962220,119.201162,565.655675
-53.026945,144.343463,567.979579
-51.240748,170.791830,567.466578
-44.291174,-167.205896,564.285567
-34.097480,-150.713546,559.200990
-22.164515,-138.001594,553.358654
-9.370814,-127.329899,547.966453
3.743464,-117.415129,543.961928
16.751591,-107.189129,541.770332
29.177689,-95.488673,541.232885
40.305227,-80.755828,541.727255
48.889398,-61.048472,542.433727
53.022636,-35.763436,542.651620
51.225333,-9.122799,542.059343
44.197760,12.994963,540.835629
33.908391,29.526027,539.604720
21.893783,42.246414,539.221056
9.047285,52.920840,540.459220
-4.266249,67.979125,543.769418
-17.247902,78.228789,548.870743
-29.603027,89.974836,555.020940
-40.616854,104.769592,561.050336
-49.053693,124.515868,565.705907
-53.043439,149.717505,567.992251
-51.175491,176.136555,567.439517
-44.167472,-161.941895,564.225638
-33.941027,-145.515687,559.122150
-21.991209,-132.842832,553.278057
-9.189829,-122.189586,547.899681
3.925832,-112.277671,543.918783
16.929435,-102.039743,541.752545
29.343249,-90.309052,541.234502
40.445597,-75.520627,541.737516
48.982170,-55.732566,542.441373
53.039584,-30.386726,542.649119
51.159339,-3.775781,542.045671
44.072749,18.259908,540.816739
33.750660,34.724126,539.591551
21.719524,47.405220,539.225677
8.865809,58.061202,540.490303
-4.448555,73.116767,543.828958
-17.425064,83.378657,548.951356
-29.767293,95.155238,555.108475
-40.755367,110.005654,561.127154
-49.144305,129.831720,565.755673
-53.058758,155.091822,568.004366
-51.109223,-178.519695,567.411934
-44.043161,-156.678994,564.165339
-33.784252,-140.318546,559.043167
-21.817744,-127.684452,553.197554
-9.008786,-117.049414,547.833187
4.108178,-107.140152,543.875998
17.107169,-96.890076,541.735083
29.508564,-85.128850,541.236318
40.585484,-70.284448,541.747814
49.074076,-50.415491,542.448917
53.055342,-25.009732,542.646454
51.092320,1.570243,542.031871
43.947125,23.523740,540.797845
33.592610,39.921501,539.578550
21.545111,52.563644,539.230618
8.684282,63.201425,540.521785
-4.630831,78.254474,543.888858
-17.602107,88.528810,549.032175
-29.931305,100.336225,555.195985
-40.893392,115.242690,561.203700
-49.234050,135.148715,565.804971
-53.072902,160.466393,568.015921
-51.041949,-173.176932,567.383828
-43.918245,-151.417187,564.104672
-33.627158,-135.122119,558.964043
-21.644122,-122.526448,553.117148
-8.827685,-111.909377,547.766973
4.290503,-102.002568,543.833574
17.284792,-91.740125,541.717946
29.673632,-79.948063,541.238333
40.724886,-65.047286,541.758147
49.165108,-45.097252,542.456358
53.069907,-19.632472,542.643624
51.024283,6.915262,542.017945
43.820895,28.786461,540.778951
33.434245,45.118158,539.565719
21.370547,57.721690,539.235883
8.502704,68.341512,540.553666
-4.813077,83.392249,543.949117
-17.779030,93.679252,549.113197
-30.095063,105.517800,555.283466
-41.030924,120.480706,561.279970
-49.322923,140.466851,565.853799
-53.085869,165.841197,568.026917
-50.973674,-167.835165,567.355202
-43.792730,-146.156471,564.043639
-33.469748,-129.926399,558.884782
-21.470344,-117.368819,553.036843
-8.646527,-106.769475,547.701041
4.472805,-96.864918,543.791510
17.462301,-86.589885,541.701133
29.838451,-74.766685,541.240544
40.863797,-59.809135,541.768511
49.255261,-39.777850,542.463693
53.083278,-14.254968,542.640628
50.955231,12.259267,542.003892
43.694062,34.048077,540.760058
33.275566,50.314102,539.553059
21.195832,62.879362,539.241471
8.321076,73.481467,540.585946
-4.995291,88.530096,544.009733
-17.955831,98.829987,549.194419
-30.258563,110.699970,555.370915
-41.167959,125.719708,561.355961
-49.410916,145.786123,565.902155
-53.097658,171.216216,568.037353
-50.904403,-162.494402,567.326057
-43.666620,-140.896841,563.982244
-33.312025,-124.731381,558.805387
-21.296411,-112.211559,552.956642
-8.465314,-101.629704,547.635394
4.655083,-91.727198,543.749806
17.639696,-81.439353,541.684641
30.003019,-69.584711,541.242948
41.002213,-54.569990,541.778906
49.344530,-34.457289,542.470922
53.095455,-8.877240,542.637467
50.885172,17.602248,541.989715
43.566633,39.308592,540.741169
33.116577,55.509339,539.540574
21.020969,68.036663,539.247386
8.139400,78.621291,540.618624
-5.177472,93.668015,544.070704
-18.132510,103.981017,549.275840
-30.421802,115.882739,555.458327
-41.304492,130.959699,561.431670
-49.498026,151.106529,565.950037
-53.108268,176.591428,568.047230
-50.834143,-157.154653,567.296395
-43.539921,-135.638294,563.920490
-33.153992,-119.537060,558.725862
-21.122327,-107.054665,552.876547
-8.284047,-96.490060,547.570032
4.837335,-86.589405,543.708464
17.816975,-76.288526,541.668470
30.167331,-64.402137,541.245544
41.140131,-49.329845,541.789328
49.432907,-29.135574,542.478043
53.106434,-3.499309,542.634140
50.814109,22.944197,541.975415
43.438611,44.568010,540.722285
32.957282,60.703874,539.528266
20.845960,73.193598,539.253629
7.957676,83.760988,540.651702
-5.359619,98.806012,544.132030
-18.309063,109.132348,549.357455
-30.584780,121.066111,555.545701
-41.440520,136.200687,561.507093
-49.584245,156.428062,565.997443
-53.117697,-178.033186,568.056546
-50.762898,-151.815927,567.266216
-43.412637,-130.380825,563.858378
-32.995651,-114.343431,558.646210
-20.948091,-101.898133,552.796562
-8.102726,-91.350542,547.504957
5.019561,-81.451538,543.667483
17.994136,-71.137400,541.652618
30.331388,-59.218958,541.248329
41.277544,-44.088695,541.799776
49.520388,-23.812707,542.485054
53.116217,1.878804,542.630648
50.742049,28.285103,541.960993
43.310003,49.826336,540.703409
32.797682,65.897713,539.516136
20.670805,78.350170,539.260201
7.775907,88.900560,540.685180
-5.541731,103.944087,544.193708
-18.485491,114.283981,549.439262
-30.747492,126.250093,555.633031
-41.576037,141.442676,561.582228
-49.669568,161.750721,566.044371
-53.125946,-172.657647,568.065301
-50.690673,-146.478231,567.235523
-43.284773,-125.124429,563.795913
-32.837006,-109.150488,558.566435
-20.773706,-96.741960,552.716690
-7.921353,-86.211145,547.440172
5.201759,-76.313592,543.626863
18.171179,-65.985972,541.637085
30.495184,-54.035167,541.251301
41.414450,-38.846534,541.810247
49.606966,-18.488693,542.491955
53.124801,7.257079,542.626989
50.668997,33.624960,541.946450
43.180813,55.083575,540.684543
32.637781,71.090862,539.504188
20.495507,83.506383,539.267104
7.594092,94.040012,540.719058
-5.723807,109.082245,544.255738
-18.661791,119.435921,549.521259
-30.909936,131.434689,555.720316
-41.711039,146.685670,561.657072
-49.753990,167.074499,566.090819
-53.133012,-167.281976,568.073496
-50.617474,-141.141575,567.204316
-43.156335,-119.869103,563.733097
-32.678060,-103.958226,558.486540
-20.599174,-91.586140,552.636933
-7.739930,-81.071868,547.375678
5.383929,-71.175565,543.586604
18.348101,-60.834238,541.621868
30.658719,-48.850761,541.254458
41.550842,-33.603357,541.820739
49.692635,-13.163537,542.498743
53.132185,12.635495,542.623166
50.594959,38.963758,541.931788
43.051046,60.339731,540.665690
32.477582,76.283324,539.492424
20.320068,88.662241,539.274340
7.412234,99.179344,540.753335
-5.905846,114.220488,544.318117
-18.837962,124.588172,549.603442
-31.072110,136.619904,555.807550
-41.845522,151.929676,561.731620
-49.837504,172.399393,566.136785
-53.138895,-161.906192,568.081130
-50.543307,-135.805966,567.172598
-43.027327,-114.614841,563.669932
-32.518814,-98.766639,558.406528
-20.424496,-86.430672,552.557295
-7.558456,-75.932707,547.311477
5.566069,-66.037454,543.546707
18.524901,-55.682195,541.606967
30.821989,-43.665734,541.257798
41.686718,-28.359159,541.831250
49.777390,-7.837243,542.505418
53.138370,18.014030,542.619176
50.519940,44.301489,541.917008
42.920707,65.594808,540.646851
32.317088,81.475107,539.480846
20.144488,93.817748,539.281911
7.230333,104.318562,540.788013
-6.087847,119.358818,544.380845
-19.014002,129.740736,549.685808
-31.234012,141.805743,555.894731
-41.979481,157.174698,561.805871
-49.920105,177.725397,566.182268
-53.143596,-156.530318,568.088203
-50.468177,-130.471411,567.140371
-42.897754,-109.361638,563.606422
-32.359272,-93.575723,558.326402
-20.249673,-81.275550,552.477779
-7.376935,-70.793660,547.247571
5.748178,-60.899257,543.507172
18.701578,-50.529838,541.592379
30.984993,-38.480081,541.261318
41.822071,-23.113935,541.841777
49.861224,-2.509816,542.511978
53.143354,23.392664,542.615020
50.443947,49.638147,541.902110
42.789801,70.848812,540.628029
32.156301,86.666214,539.469457
19.968770,98.972908,539.289817
7.048391,109.457666,540.823091
-6.269808,124.497239,544.443919
-19.189910,134.893618,549.768354
-31.395638,146.992211,555.981855
-42.112912,162.420742,561.879820
-50.001788,-176.947495,566.227264
-53.147112,-151.154372,568.094715
-50.392090,-125.137918,567.107634
-42.767620,-104.109491,563.542569
-32.199437,-88.385472,558.246167
-20.074708,-76.120771,552.398387
-7.195366,-65.654724,547.183961
5.930255,-55.760971,543.467999
18.878129,-45.377165,541.578105
31.147726,-33.293797,541.265017
41.956898,-17.867679,541.852319
49.944132,2.818739,542.518421
53.147137,28.771375,542.610698
50.366984,54.973723,541.887098
42.658334,76.101747,540.609226
31.995224,91.856652,539.458259
19.792916,104.127724,539.298060
6.866408,114.596661,540.858570
-6.451729,129.635753,544.507338
-19.365685,140.046821,549.851078
-31.556986,152.179314,556.068919
-42.245810,167.667812,561.953466
-50.082545,-171.619286,566.271773
-53.149445,-145.778375,568.100665
-50.315050,-119.805493,567.074391
-42.636932,-98.858395,563.478377
-32.039311,-83.195881,558.165826
-19.899601,-70.966332,552.319123
-7.013750,-60.515895,547.120649
6.112299,-50.622592,543.429188
19.054554,-40.224171,541.564142
31.310188,-28.106876,541.268892
42.091193,-12.620386,541.862874
50.026108,8.148416,542.524747
53.149718,34.150143,542.606211
50.289057,60.308210,541.871972
42.526309,81.353618,540.590444
31.833860,97.046426,539.447254
19.616926,109.282200,539.306643
6.684387,119.735549,540.894448
-6.633607,134.774363,544.571100
-19.541324,145.200348,549.933976
-31.718054,157.367056,556.155919
-42.378170,172.915914,562.026804
-50.162373,-166.289984,566.315792
-53.150593,-140.402349,568.106053
-50.237065,-114.474145,567.040643
-42.505692,-93.608344,563.413849
-31.878898,-78.006944,558.085382
-19.724355,-65.812228,552.239989
-6.832090,-55.377171,547.057637
6.294308,-45.484119,543.390739
19.230851,-35.070853,541.550488
31.472374,-22.919314,541.272940
42.224953,-7.372050,541.873439
50.107146,13.479210,542.530954
53.151098,39.528946,542.601558
50.210173,65.641602,541.856733
42.393732,86.604430,540.571686
31.672212,102.235542,539.436444
19.440802,114.436340,539.315567
6.502327,124.874333,540.930728
-6.815443,139.913073,544.635204
-19.716827,150.354204,550.017046
-31.878839,162.555443,556.242851
-42.509988,178.165052,562.099831
-50.241265,-160.959595,566.359320
-53.150558,-135.026314,568.110880
-50.158139,-109.143878,567.006391
-42.373906,-88.359335,563.348986
-31.718199,-72.818657,558.004837
-19.548972,-60.658457,552.160989
-6.650385,-50.238549,546.994926
6.476283,-40.345547,543.352652
19.407018,-29.917207,541.537144
31.634283,-17.731105,541.277160
42.358172,-2.122668,541.884011
50.187239,18.811114,542.537041
53.151275,44.907763,542.596739
50.130337,70.973891,541.841382
42.260608,91.854189,540.552954
31.510282,107.424003,539.425833
19.264547,119.590148,539.324832
6.320230,130.013015,540.967408
-6.997235,145.051884,544.699648
-19.892191,155.508392,550.100284
-32.039338,167.744480,556.329713
-42.641260,-176.584769,562.172545
-50.319215,-155.628124,566.402354
-53.149337,-129.650290,568.115144
-50.078278,-103.814701,566.971637
-42.241579,-83.111361,563.283793
-31.557218,-67.631014,557.924197
-19.373451,-55.505013,552.082125
-6.468638,-45.100026,546.932519
6.658220,-35.206875,543.314927
19.583053,-24.763230,541.524106
31.795911,-12.542244,541.281550
42.490846,3.127767,541.894589
50.266383,24.144123,542.543006
53.150251,50.286573,542.591754
50.049555,76.305072,541.825922
42.126941,97.102899,540.534250
31.348073,112.611816,539.415422
19.088161,124.743626,539.334441
6.138098,135.151600,541.004489
-7.178982,150.190800,544.764430
-20.067416,160.662916,550.183688
-32.199548,172.934171,556.416500
-42.771979,-171.333543,562.244943
-50.396218,-150.295578,566.444894
-53.146933,-124.274299,568.118847
-49.997487,-98.486617,566.936383
-42.108716,-77.864418,563.218272
-31.395956,-62.444010,557.843464
-19.197796,-50.351894,552.003400
-6.286849,-39.961600,546.870416
6.840120,-30.068099,543.277564
19.758956,-19.608918,541.511374
31.957257,-7.352726,541.286107
42.622969,8.379259,541.905172
50.344571,29.478230,542.548849
53.148025,55.665356,542.586603
49.967832,81.635139,541.810354
41.992736,102.350565,540.515577
31.185588,117.798986,539.405214
18.911647,129.896780,539.344395
5.955931,140.290088,541.041970
-7.360682,155.329824,544.829549
-20.242499,165.817779,550.267255
-32.359467,178.124523,556.503210
-42.902142,-166.081267,562.317021
-50.472268,-144.961964,566.486937
-53.143345,-118.898360,568.121988
-49.915773,-93.159634,566.900631
-41.975320,-72.618502,563.152427
-31.234418,-57.257641,557.762641
-19.022007,-45.199097,551.924818
-6.105019,-34.823268,546.808619
7.021981,-24.929217,543.240563
19.934725,-14.454266,541.498946
32.118317,-2.162545,541.290829
42.754537,13.631814,541.915755
50.421799,34.813428,542.554567
53.144597,61.044089,542.581288
49.885175,86.964085,541.794679
41.857997,107.597192,540.496936
31.022830,122.985519,539.395211
18.735005,135.049613,539.354696
5.773731,145.428484,541.079852
-7.542335,160.468958,544.895003
-20.417439,170.972986,550.350981
-32.519092,-176.684459,556.589838
-43.031745,-160.827935,562.388776
-50.547360,-139.627289,566.528482
-53.138573,-113.522494,568.124568
-49.833141,-87.833756,566.864382
-41.841397,-67.373607,563.086259
-31.072604,-52.071900,557.681733
-18.846087,-40.046617,551.846380
-5.923150,-29.685026,546.747131
7.203802,-19.790225,543.203924
20.110357,-9.299273,541.486821
32.279088,3.028303,541.295713
42.885546,18.885436,541.926338
50.498059,40.149710,542.560160
53.139968,66.422752,542.575806
49.801589,92.291905,541.778898
41.722731,112.842786,540.478331
30.859801,128.171418,539.385415
18.558237,140.202128,539.365345
5.591498,150.566791,541.118135
-7.723939,165.608205,544.960790
-20.592234,176.128539,550.434864
-32.678421,-171.492771,556.676381
-43.160781,-155.573543,562.460206
-50.621488,-134.291561,566.569526
-53.132617,-108.146722,568.126585
-49.749597,-82.508990,566.827638
-41.706951,-62.129727,563.019773
-30.910519,-46.886783,557.600742
-18.670036,-34.894450,551.768090
-5.741242,-24.546872,546.685951
7.385582,-14.651122,543.167646
20.285852,-4.143932,541.474997
32.439567,8.219825,541.300758
43.015989,24.140129,541.936918
50.573346,45.487069,542.565627
53.134138,71.801323,542.570160
49.717080,97.618595,541.763013
41.586940,118.087352,540.459763
30.696503,133.356690,539.375829
18.381345,145.354329,539.376344
5.409235,155.705010,541.156818
-7.905494,170.747569,545.026909
-20.766883,-178.715556,550.518900
-32.837450,-166.300407,556.762835
-43.289246,-150.318086,562.531307
-50.694647,-128.954786,566.610068
-53.125480,-102.771065,568.128041
-49.665146,-77.185339,566.790401
-41.571986,-56.886859,562.952971
-30.748164,-41.702285,557.519671
-18.493857,-29.742594,551.689951
-5.559297,-19.408803,546.625083
7.567320,-9.511903,543.131731
20.461207,1.011758,541.463472
32.599753,13.412025,541.305961
43.145863,29.395900,541.947494
50.647655,50.825497,542.570966
53.127108,77.179783,542.564348
49.631655,102.944148,541.747026
41.450630,123.330895,540.441235
30.532940,138.541340,539.366455
18.204331,150.506219,539.387693
5.226941,160.843145,541.195901
-8.086997,175.887052,545.093357
-20.941384,-173.559298,550.603086
-32.996176,-161.107362,556.849198
-43.417136,-145.061559,562.602076
-50.766831,-123.616974,566.650107
-53.117160,-97.395542,568.128935
-49.579794,-71.862809,566.752672
-41.436507,-51.644996,562.885856
-30.585542,-36.518401,557.438525
-18.317550,-24.591044,551.611966
-5.377317,-14.270816,546.564527
7.749014,-4.372566,543.096177
20.636421,6.167802,541.452246
32.759641,18.604910,541.311319
43.275162,34.652752,541.958062
50.720980,56.164987,542.576176
53.118879,82.558109,542.558372
49.545318,108.268560,541.730938
41.313806,128.573421,540.422748
30.369114,143.725372,539.357295
18.027195,155.657802,539.399395
5.044618,165.981198,541.235385
-8.268449,-178.973343,545.160133
-21.115736,-168.402681,550.687420
-33.154598,-155.913630,556.935465
-43.544445,-139.803959,562.672511
-50.838035,-118.278131,566.689641
-53.107659,-92.020175,568.129267
-49.493548,-66.541404,566.714454
-41.300519,-46.404134,562.818432
-30.422655,-31.335125,557.357306
-18.141118,-19.439798,551.534136
-5.195301,-9.132909,546.504285
7.930664,0.766891,543.060984
20.811493,11.324205,541.441316
32.919230,23.798483,541.316832
43.403881,39.910690,541.968622
50.793315,61.505530,542.581257
53.109450,87.936280,542.552230
49.458077,113.591827,541.714750
41.176471,133.814934,540.404307
30.205027,148.908792,539.348352
17.849940,160.809083,539.411450
4.862268,171.119174,541.275269
-8.449847,-173.833614,545.227234
-21.289936,-163.245702,550.771898
-33.312711,-150.719206,557.021634
-43.671169,-134.545280,562.742608
-50.908253,-112.938267,566.728667
-53.096979,-86.644983,568.129038
-49.406412,-61.221128,566.675749
-41.164026,-41.164267,562.750700
-30.259507,-26.152453,557.276019
-17.964561,-14.288851,551.456466
-5.013251,-3.995078,546.444359
8.112267,5.906473,543.026153
20.986420,16.480969,541.430681
33.078516,28.992751,541.322496
43.532016,45.169719,541.979170
50.864655,66.847117,542.586206
53.098824,93.314277,542.545925
49.369936,118.913944,541.698465
41.038631,139.055440,540.385912
30.040683,154.091605,539.339628
17.672567,165.960063,539.423861
4.679891,176.257073,541.315552
-8.631191,-168.693756,545.294660
-21.463984,-158.088356,550.856517
-33.470514,-145.524085,557.107699
-43.797302,-129.285519,562.812364
-50.977481,-107.597391,566.767185
-53.085119,-81.269987,568.128247
-49.318393,-55.901985,566.636557
-41.027032,-35.925390,562.682665
-30.096098,-20.970380,557.194665
-17.787881,-9.138199,551.378958
-4.831168,1.142678,546.384749
8.293824,11.046181,542.991683
21.161202,21.638098,541.420339
33.237496,34.187719,541.328308
43.659561,50.429843,541.989705
50.934995,72.189740,542.591023
53.087001,98.692077,542.539455
49.280902,124.234908,541.682083
40.900290,144.294945,540.367566
29.876083,159.273815,539.331125
17.495077,171.110747,539.436628
4.497488,-178.605101,541.356236
-8.812480,-163.553768,545.362409
-21.637877,-152.930642,550.941274
-33.628003,-140.328262,557.193659
-43.922840,-124.024671,562.881777
-51.045712,-102.255510,566.805193
-53.072081,-75.895207,568.126896
-49.229496,-50.583980,566.596882
-40.889542,-30.687498,562.614330
-29.932433,-15.788901,557.113250
-17.611080,-3.987841,551.301614
-4.649054,6.280364,546.325458
8.475333,16.186018,542.957574
21.335836,26.795597,541.410290
33.396168,39.383393,541.334268
43.786511,55.691067,542.000224
51.004328,77.533391,542.595706
53.073982,104.069661,542.532822
49.190981,129.554715,541.665607
40.761452,149.533454,540.349271
29.711230,164.455429,539.322845
17.317472,176.261139,539.449752
4.315061,-173.467344,541.397319
-8.993712,-158.413646,545.430477
-21.811614,-147.772553,551.026166
-33.785176,-135.131730,557.279510
-44.047778,-118.762732,562.950843
-51.112941,-96.912635,566.842690
-53.057867,-70.520664,568.124983
-49.139727,-45.267115,566.556724
-40.751560,-25.450585,562.545697
-29.768513,-10.608010,557.031775
-17.434159,1.162229,551.224438
-4.466910,11.417981,546.266486
8.656793,21.325988,542.923825
21.510321,31.953469,541.400530
33.554528,44.579778,541.340372
43.912861,60.953395,542.010726
51.072649,82.878059,542.600255
53.059769,109.447007,542.526024
49.100178,134.873360,541.649037
40.622121,154.770972,540.331030
29.546126,169.636451,539.314791
17.139754,-178.588758,539.463236
4.132611,-168.329655,541.438801
-9.174886,-153.273388,545.498864
-21.985193,-142.614087,551.111190
-33.942028,-129.934485,557.365247
-44.172110,-113.499698,563.019560
-51.179164,-91.568775,566.879673
-53.042477,-65.146377,568.122510
-49.049093,-39.951394,566.516087
-40.613090,-20.214646,562.476769
-29.604341,-5.427704,556.950246
-17.257120,6.312013,551.147432
-4.284735,16.555533,546.207835
8.838202,26.466093,542.890437
21.684654,37.111718,541.391059
33.712574,49.776879,541.346618
44.038606,66.216832,542.021209
51.139953,88.223735,542.604669
53.044363,114.824096,542.519064
49.008500,140.190842,541.632376
40.482303,160.007506,540.312846
29.380774,174.816886,539.306965
16.961923,-173.438941,539.477081
3.950138,-163.192031,541.480682
-9.356000,-148.132990,545.567567
-22.158613,-137.455239,551.196343
-34.098559,-124.736521,557.450868
-44.295832,-108.235565,563.087925
-51.244374,-86.223940,566.916141
-53.025913,-59.772366,568.119476
-48.957598,-34.636821,566.474971
-40.474137,-14.979676,562.407551
-29.439919,-0.247976,556.868664
-17.079964,11.461514,551.070599
-4.102533,21.693022,546.149507
9.019559,31.606337,542.857409
21.858835,42.270349,541.381875
33.870302,54.974703,541.353004
44.163741,71.481381,542.031670
51.206235,93.570410,542.608946
53.027765,120.200906,542.511940
48.915953,145.507156,541.615625
40.342002,165.243060,540.294719
29.215177,179.996738,539.299369
16.783982,-168.289406,539.491286
3.767644,-158.054468,541.522962
-9.537055,-142.992450,545.636585
-22.331872,-132.296006,551.281621
-34.254763,-119.537834,557.536369
-44.418938,-102.970328,563.155934
-51.308568,-80.878140,566.952093
-53.008177,-54.398651,568.115882
-48.865249,-29.323396,566.433379
-40.334705,-9.745669,562.338044
-29.275249,4.931178,556.787033
-16.902692,16.610738,550.993942
-3.920303,26.830451,546.091502
9.200864,36.746722,542.824741
22.032862,47.429364,541.372976
34.027710,60.173253,541.359528
44.288260,76.747047,542.042108
51.271489,98.918072,542.613085
53.009977,125.577418,542.504654
48.822542,150.822300,541.598786
40.201221,170.477640,540.276654
29.049337,-174.823986,539.292006
16.605931,-163.140150,539.505855
3.585131,-152.916964,541.565640
-9.718048,-137.851764,545.705915
-22.504967,-127.136383,551.367021
-34.410639,-114.338416,557.621746
-44.541423,-97.703985,563.223585
-51.371739,-75.531385,566.987528
-52.989271,-49.025252,568.111729
-48.772051,-24.011125,566.391313
-40.194798,-4.512621,562.268252
-29.110335,10.109762,556.705357
-16.725306,21.759686,550.917463
-3.738047,31.967823,546.033823
9.382115,41.887251,542.792432
22.206732,52.588769,541.364361
34.184794,65.372537,541.366187
44.412158,82.013833,542.052520
51.335710,104.266713,542.617085
52.991002,130.953611,542.497206
48.728274,156.136272,541.581860
40.059966,175.711251,540.258652
28.883256,-169.645283,539.284878
16.427772,-157.991169,539.520788
3.402598,-147.779517,541.608717
-9.898979,-132.710930,545.775556
-22.677898,-121.976367,551.452541
-34.566184,-109.138263,557.706997
-44.663282,-92.436531,563.290876
-51.433883,-70.183686,567.022443
-52.969195,-43.652189,568.107016
-48.678010,-18.700008,566.348775
-40.054420,0.719476,562.198178
-28.945177,15.287781,556.623639
-16.547807,26.908362,550.841164
-3.555766,37.105141,545.976470
9.563310,47.027927,542.760482
22.380445,57.748567,541.356027
34.341551,70.572559,541.372979
44.535431,87.281745,542.062904
51.398892,109.616320,542.620946
52.970840,136.329464,542.489596
48.633155,161.449069,541.564849
39.918239,-179.056100,540.240716
28.716936,-164.467147,539.277986
16.249507,-152.842460,539.536087
3.220048,-142.642123,541.652191
-10.079845,-127.569945,545.845506
-22.850662,-116.815953,551.538176
-34.721394,-103.937370,557.792117
-44.784511,-87.167963,563.357803
-51.494994,-64.835054,567.056838
-52.947953,-38.279480,568.101743
-48.583133,-13.390048,566.305766
-39.913575,5.950626,562.127825
-28.779779,20.465242,556.541882
-16.370197,32.056770,550.765050
-3.373461,42.242407,545.919444
9.744449,52.168754,542.728891
22.553998,62.908761,541.347974
34.497979,75.773326,541.379902
44.658072,92.550785,542.073259
51.461031,114.966883,542.624667
52.949494,141.704959,542.481824
48.537190,166.760689,541.547755
39.776047,-173.824408,540.222847
28.550381,-159.289574,539.271334
16.071138,-147.694019,539.551752
3.037481,-137.504779,541.696063
-10.260647,-122.428806,545.915761
-23.023258,-111.655139,551.623925
-34.876266,-98.735731,557.877103
-44.905103,-81.898277,563.424363
-51.555068,-59.485500,567.090711
-52.925547,-32.907146,568.095912
-48.487424,-8.081247,566.262290
-39.772268,11.180834,562.057196
-28.614143,25.642147,556.460091
-16.192476,37.204913,550.689122
-3.191134,47.379624,545.862747
9.925530,57.309733,542.697658
22.727389,68.069357,541.340199
34.654073,80.974842,541.386953
44.780076,97.820957,542.083582
51.522121,120.318391,542.628246
52.926965,147.080075,542.473891
48.440385,172.071131,541.530580
39.633392,-168.593667,540.205049
28.383591,-154.112558,539.264923
15.892664,-142.545843,539.567784
2.854899,-132.367483,541.740331
-10.441382,-117.287509,545.986321
-23.195684,-106.493918,551.709782
-35.030797,-93.533340,557.961952
-45.025053,-76.627469,563.490553
-51.614100,-54.135036,567.124060
-52.901977,-27.535205,568.089523
-48.390890,-2.773606,566.218347
-39.630502,16.410107,561.986296
-28.448271,30.818502,556.378267
-16.014648,42.352794,550.613383
-3.008784,52.516795,545.806381
10.106553,62.450869,542.666784
22.900617,73.230359,541.332701
34.809832,86.177114,541.394130
44.901439,103.092265,542.093871
51.582157,125.670832,542.631682
52.903256,152.454792,542.465798
48.342747,177.380391,541.513325
39.490279,-163.363873,540.187324
28.216571,-148.936095,539.258756
15.714089,-137.397928,539.584186
2.672302,-127.230233,541.784996
-10.622050,-112.146052,546.057184
-23.367938,-101.332289,551.795747
-35.184984,-88.330192,558.046660
-45.144357,-71.355537,563.556371
-51.672085,-48.783672,567.156884
-52.877247,-22.163677,568.082575
-48.293536,2.532872,566.173941
-39.488282,21.638449,561.915125
-28.282165,35.994311,556.296415
-15.836712,47.500417,550.537835
-2.826414,57.653923,545.750345
10.287516,67.592164,542.636266
23.073680,78.391769,541.325478
34.965251,91.380146,541.401432
45.022154,108.364713,542.104125
51.641135,131.024194,542.634975
52.878370,157.829092,542.457545
48.244282,-177.311530,541.495991
39.346713,-158.135018,540.169674
28.049321,-143.760180,539.252835
15.535413,-132.250272,539.600958
2.489692,-122.093024,541.830057
-10.802650,-107.004431,546.128346
-23.540019,-96.170245,551.881814
-35.338824,-83.126282,558.131223
-45.263008,-66.082477,563.621815
-51.729017,-43.431423,567.189183
-52.851359,-16.792580,568.075070
-48.195369,7.838187,566.129073
-39.345612,26.865866,561.843689
-28.115828,41.169580,556.214537
-15.658670,52.647785,550.462482
-2.644025,62.791010,545.694642
10.468417,72.733621,542.606106
23.246576,83.553593,541.318529
35.120328,96.583945,541.408854
45.142216,113.638304,542.114341
51.699049,136.378465,542.638123
52.852308,163.202954,542.449132
48.144995,-172.004635,541.478581
39.202697,-152.907098,540.152102
27.881844,-138.584808,539.247161
15.356637,-127.102870,539.618101
2.307069,-116.955855,541.875513
-10.983179,-101.862645,546.199807
-23.711924,-91.007785,551.967981
-35.492314,-77.921603,558.215638
-45.381003,-60.808286,563.686880
-51.784894,-38.078298,567.220954
-52.824315,-11.421933,568.067008
-48.096394,13.142337,566.083745
-39.202495,32.092364,561.771989
-27.949262,46.344314,556.132638
-15.480525,57.794902,550.387326
-2.461617,67.928060,545.639273
10.649256,77.875243,542.576303
23.419304,88.715835,541.311850
35.275059,101.788516,541.416396
45.261620,118.913042,542.124518
51.755894,141.733633,542.641126
52.825073,168.576360,542.440560
48.044892,-166.698924,541.461097
39.058234,-147.680106,540.134609
27.714143,-133.409975,539.241738
15.177764,-121.955720,539.635616
2.124436,-111.818723,541.921365
-11.163638,-96.720689,546.271564
-23.883653,-85.844902,552.054245
-35.645450,-72.716151,558.299902
-45.498334,-55.532960,563.751565
-51.839709,-32.724312,567.252196
-52.796118,-6.051755,568.058390
-47.996617,18.445321,566.037960
-39.058936,37.317949,561.700030
-27.782469,51.518515,556.050721
-15.302276,62.941770,550.312368
-2.279191,73.065074,545.584238
10.830032,83.017033,542.546855
23.591860,93.878498,541.305442
35.429441,106.993865,541.424055
45.380361,124.188929,542.134653
51.811666,147.089685,542.643983
52.796668,173.949290,542.431829
47.943980,-161.394398,541.443539
38.913331,-142.454038,540.117199
27.546220,-128.235676,539.236567
14.998794,-116.808818,539.653505
1.941792,-106.681625,541.967611
-11.344024,-91.578561,546.343614
-24.055202,-80.681593,552.140602
-35.798229,-67.509919,558.384012
-45.614997,-50.256497,563.815867
-51.893458,-27.369477,567.282909
-52.766771,-0.682065,568.049216
-47.896044,23.747140,565.991719
-38.914939,42.542625,561.627814
-27.615451,56.692190,555.968788
-15.123925,68.088393,550.237613
-2.096749,78.202056,545.529539
11.010742,88.158995,542.517763
23.764245,99.041586,541.299301
35.583471,112.199997,541.431828
45.498433,129.465969,542.144745
51.866359,152.446608,542.646693
52.767095,179.321725,542.422940
47.842264,-156.091058,541.425911
38.767989,-137.228887,540.099874
27.378076,-123.061905,539.231651
14.819728,-111.662161,539.671768
1.759140,-101.544559,542.014251
-11.524337,-86.436257,546.415956
-24.226570,-75.517855,552.227049
-35.950648,-62.302903,558.467963
-45.730987,-44.978895,563.879783
-51.946136,-22.013806,567.313090
-52.736276,4.687121,568.039486
-47.794680,29.047791,565.945025
-38.770507,47.766399,561.555345
-27.448211,61.865343,555.886844
-14.945474,73.234775,550.163062
-1.914293,83.339009,545.475177
11.191387,93.301130,542.489026
23.936455,104.205105,541.293427
35.737145,117.406919,541.439714
45.615829,134.744164,542.154791
51.919970,157.804388,542.649254
52.736357,-175.306352,542.413894
47.739750,-150.788904,541.408213
38.622214,-132.004647,540.082636
27.209715,-117.888659,539.226991
14.640569,-106.515745,539.690407
1.576479,-96.407520,542.061285
-11.704575,-81.293775,546.488587
-24.397755,-70.353682,552.313583
-36.102703,-57.095097,558.551752
-45.846298,-39.700149,563.943310
-51.997740,-16.657313,567.342738
-52.704636,10.055783,568.029201
-47.692531,34.347276,565.897881
-38.625644,52.989277,561.482626
-27.280750,67.037979,555.804891
-14.766924,78.380918,550.088719
-1.731822,88.475935,545.421153
11.371964,98.443443,542.460644
24.108489,109.369058,541.287816
35.890460,122.614635,541.447709
45.732546,140.023519,542.164790
51.972493,163.163013,542.651668
52.704458,-169.934962,542.404691
47.636444,-145.487937,541.390448
38.476010,-126.781313,540.065487
27.041138,-112.715932,539.222590
14.461318,-101.369568,539.709422
1.393812,-91.270508,542.108711
-11.884737,-76.151112,546.561505
-24.568756,-65.189071,552.400200
-36.254392,-51.886494,558.635376
-45.960925,-34.420259,564.006446
-52.048264,-11.300011,567.371854
-52.671854,15.423904,568.018362
-47.589603,39.645593,565.850287
-38.480354,58.211262,561.409660
-27.113071,72.210102,555.722933
-14.588276,83.526826,550.014584
-1.549338,93.612836,545.367468
11.552472,103.585937,542.432615
24.280346,114.533450,541.282469
36.043413,127.823152,541.455813
45.848577,145.304035,542.174740
52.023924,168.522468,542.653932
52.671399,-164.564121,542.395332
47.532352,-140.188156,541.372618
38.329379,-121.558879,540.048431
26.872347,-107.543721,539.218450
14.281976,-96.223625,539.728815
1.211140,-86.133518,542.156530
-12.064822,-71.008264,546.634708
-24.739571,-60.024017,552.486898
-36.405711,-46.677090,558.718831
-46.074861,-29.139220,564.069187
-52.097705,-5.941914,567.400434
-52.637933,20.791466,568.006970
-47.485902,44.942742,565.802247
-38.334641,63.432363,561.336450
-26.945176,77.381717,555.640973
-14.409532,88.672502,549.940662
-1.366842,98.749717,545.314123
11.732911,108.728613,542.404939
24.452022,119.698284,541.277381
36.196000,133.032475,541.464021
45.963916,150.585715,542.184639
52.074258,173.882739,542.656045
52.637185,-159.193848,542.385817
47.427480,-134.889562,541.354723
38.182327,-116.337340,540.031468
26.703346,-102.372020,539.214573
14.102543,-91.077914,539.748587
1.028462,-80.996549,542.204740
-12.244828,-65.865229,546.708194
-24.910196,-54.858516,552.573673
-36.556656,-41.466878,558.802114
-46.188103,-23.857032,564.131532
-52.146058,-0.583036,567.428478
-52.602877,26.158452,567.995025
-47.381434,50.238725,565.753763
-38.188509,68.652583,561.262999
-26.777067,82.552828,555.559015
-14.230693,93.817950,549.866954
-1.184335,103.886579,545.261119
11.913278,113.871477,542.377616
24.623516,124.863565,541.272553
36.348218,138.242610,541.472333
46.078559,155.868562,542.194485
52.123491,179.243812,542.658007
52.601818,-153.824160,542.376147
47.321834,-129.592154,541.336767
38.034856,-111.116689,540.014603
26.534135,-97.200825,539.210961
13.923023,-85.932431,539.768737
0.845781,-75.859597,542.253341
-12.424754,-60.722003,546.781960
-25.080632,-49.692564,552.660521
-36.707224,-36.255854,558.885222
-46.300643,-18.573692,564.193478
-52.193318,4.776608,567.455986
-52.566687,31.524845,567.982527
-47.276204,55.533541,565.704837
-38.041962,73.871929,561.189312
-26.608746,87.723439,555.477062
-14.051761,98.963172,549.793463
-1.001818,109.023425,545.208458
12.093573,119.014529,542.350646
24.794827,130.029298,541.267981
36.500064,143.453563,541.480745
46.192499,161.152577,542.204275
52.171618,-175.394328,542.659818
52.565302,-148.455077,542.366323
47.215420,-124.295932,541.318750
37.886971,-105.896920,539.997837
26.364717,-92.030131,539.207617
13.743415,-80.787174,539.789269
0.663098,-70.722660,542.302332
-12.604600,-55.578583,546.856004
-25.250875,-44.526157,552.747440
-36.857412,-31.044011,558.968150
-46.412477,-13.289197,564.255022
-52.239483,10.137004,567.482955
-52.529369,36.890626,567.969478
-47.170217,60.827190,565.655471
-37.895002,79.090407,561.115390
-26.440215,92.893556,555.395117
-13.872736,104.108171,549.720192
-0.819293,114.160258,545.156139
12.273795,124.157775,542.324026
24.965952,135.195486,541.263665
36.651533,148.665339,541.489256
46.305731,166.437765,542.214009
52.218636,-170.031695,542.661476
52.527639,-143.086614,542.356345
47.108243,-119.000894,541.300675
37.738676,-100.678029,539.981173
26.195094,-86.859934,539.204541
13.563722,-75.642138,539.810181
0.480414,-65.585734,542.351713
-12.784363,-50.434966,546.930324
-25.420924,-39.359289,552.834425
-37.007217,-25.831345,559.050896
-46.523599,-8.003546,564.316161
-52.284547,15.498136,567.509385
-52.490924,42.255781,567.955878
-47.063481,66.119674,565.605668
-37.747635,84.308021,561.041238
-26.271476,98.063183,555.313183
-13.693620,109.252952,549.647142
-0.636761,119.297081,545.104164
12.453941,129.301216,542.297757
25.136889,140.362134,541.259601
36.802623,153.877944,541.497862
46.418248,171.724125,542.223685
52.264540,-164.668306,542.662981
52.488835,-137.718789,542.346214
47.000309,-113.707041,541.282544
37.589974,-95.460009,539.964613
26.025268,-81.690229,539.201737
13.383944,-70.497321,539.831476
0.297729,-60.448818,542.401483
-12.964043,-45.291149,547.004917
-25.590777,-34.191958,552.921474
-37.156633,-20.617848,559.133457
-46.634004,-2.716737,564.376893
-52.328507,20.859990,567.535275
-52.451357,47.620292,567.941729
-46.956000,71.410994,565.555430
-37.599863,89.524778,560.966859
-26.102532,103.232324,555.231264
-13.514414,114.397517,549.574316
-0.454221,124.433896,545.052533
12.634012,134.444857,542.271838
25.307636,145.529246,541.255789
36.953329,159.091384,541.506563
46.530046,177.011661,542.233300
52.309326,-159.304174,542.664332
52.448891,-132.351619,542.335931
46.891625,-108.414372,541.264359
37.440869,-90.242854,539.948159
25.855242,-76.521011,539.199207
13.204083,-65.352720,539.853155
0.115046,-55.311909,542.451640
-13.143638,-40.147129,547.079781
-25.760432,-29.024159,553.008584
-37.305659,-15.403517,559.215828
-46.743686,2.571232,564.437215
-52.371358,26.222551,567.560623
-52.410672,52.984142,567.927029
-46.847779,76.701150,565.504760
-37.451690,94.740683,560.892255
-25.933384,108.400983,555.149363
-13.335120,119.541869,549.501717
-0.271677,129.570706,545.001249
12.814005,139.588699,542.246268
25.478192,150.696827,541.252226
37.103649,164.305665,541.515355
46.641119,-177.699626,542.242853
52.352989,-153.939317,542.665528
52.407813,-126.985121,542.325496
46.782196,-103.122884,541.246121
37.291365,-85.026559,539.931815
25.685017,-71.352277,539.196952
13.024140,-60.208331,539.875217
-0.067636,-50.175003,542.502185
