-0.806079,-44.668079,542.710393
-13.868756,-34.609328,547.385083
-26.444197,-23.387501,553.361224
-37.904037,-9.574990,559.546775
-47.179586,8.700652,564.676812
-52.533213,32.648531,567.657542
-52.234874,59.401411,567.862026
-46.402885,82.815733,565.295578
-36.848694,100.558376,560.588479
-25.247571,114.031438,554.818565
-12.609452,125.076775,549.210636
0.466288,135.077233,544.797517
13.540806,145.125771,542.146491
26.165664,156.332602,541.240365
37.707296,170.134042,541.551816
47.082617,-171.567013,542.280824
52.517981,-147.503854,542.668790
52.230262,-120.557278,542.281787
46.332357,-97.003105,541.171887
36.683005,-79.207370,539.866878
24.994903,-65.721540,539.190652
12.295920,-54.673273,539.968291
-0.988734,-39.531150,542.762878
-14.047904,-29.464236,547.461277
-26.612822,-18.217273,553.448586
-38.051038,-4.356360,559.628139
-47.285535,13.994487,564.735030
-52.570420,38.014408,567.680147
-52.188604,64.761692,567.844570
-46.291023,88.100043,565.242763
-36.698554,105.770071,560.512796
-25.077426,119.197737,554.736804
-12.429731,130.220102,549.139215
0.648843,140.214061,544.747988
13.720389,150.270681,542.122669
26.335223,161.502614,541.238029
37.855611,175.352650,541.561034
47.189944,-166.272341,542.290035
52.555928,-142.135583,542.669197
52.183518,-115.194414,542.270601
46.219259,-91.717555,541.153413
36.531543,-73.995322,539.851120
24.823707,-60.555175,539.189817
12.115584,-49.529906,539.992302
-1.171380,-34.394209,542.815744
-14.226959,-24.318921,547.537727
-26.781236,-13.046549,553.535988
-38.197626,0.863138,559.709294
-47.390728,19.289488,564.792823
-52.606497,43.380893,567.702204
-52.141238,70.121218,567.826571
-46.178457,93.383198,565.189530
-36.548035,110.980949,560.436909
-24.907090,124.363581,554.655082
-12.249930,135.363237,549.068034
0.831397,145.350900,544.698810
13.899887,155.415812,542.099193
26.504577,166.673121,541.235931
38.003516,-179.427867,541.570329
47.296511,-160.976485,542.299173
52.592730,-136.766686,542.669446
52.135663,-109.832317,542.259267
46.105450,-86.433176,541.134900
36.379703,-68.784099,539.835485
24.652324,-55.389266,539.189270
11.935175,-44.386732,540.016702
-1.354017,-29.257252,542.868991
-14.405921,-19.173380,547.614431
-26.949438,-7.875326,553.623427
-38.343797,6.083512,559.790235
-47.495157,24.585656,564.850189
-52.641441,48.747969,567.723714
-52.092782,75.479977,567.808028
-46.065191,98.665202,565.135882
-36.397140,116.191015,560.360820
-24.736563,129.528974,554.573400
-12.070049,140.506180,548.997097
1.013949,150.487755,544.649982
14.079297,160.561167,542.076059
26.673725,171.844128,541.234068
38.151008,-174.207503,541.579699
47.402311,-155.679442,542.308237
52.628384,-131.397180,542.669536
52.086701,-104.471003,542.247788
45.990937,-81.149968,541.116347
36.227490,-63.573696,539.819977
24.480757,-50.223810,539.189013
11.754693,-39.243748,540.041491
-1.536643,-24.120276,542.922618
-14.584787,-14.027611,547.691387
-27.117426,-2.703599,553.710899
-38.489548,11.304767,559.870960
-47.598818,29.882991,564.907125
-52.675249,54.115618,567.744675
-52.043238,80.837952,567.788943
-45.951231,103.946056,565.081820
-36.245873,121.400275,560.284535
-24.565849,134.693921,554.491763
-11.890089,145.648936,548.926404
1.196497,155.624626,544.601507
14.258620,165.706751,542.053268
26.842665,177.015640,541.232439
38.298084,-168.986252,541.589143
47.507340,-150.381214,542.317224
52.662886,-126.027083,542.669467
52.036637,-99.110487,542.236164
45.875725,-75.867926,541.097758
36.074906,-58.364106,539.804597
24.309007,-45.058802,539.189047
11.574139,-34.100952,540.066670
-1.719257,-18.983279,542.976625
-14.763556,-8.881610,547.768591
-27.285197,2.468638,553.798400
-38.634876,16.526908,559.951465
-47.701704,35.181494,564.963628
-52.707917,59.483824,567.765087
-51.992611,86.195130,567.769317
-45.836582,109.225762,565.027349
-36.094236,126.608733,560.208055
-24.394949,139.858425,554.410173
-11.710053,150.791508,548.855959
1.379041,160.761517,544.553384
14.437854,170.852565,542.030819
27.011395,-177.812339,541.231041
38.444740,-163.764108,541.598657
47.611590,-145.081799,542.326133
52.696233,-120.656413,542.669238
51.985474,-93.750782,542.224396
45.759820,-70.587049,541.079134
35.921954,-53.155324,539.789348
24.137076,-39.894237,539.189375
11.393515,-28.958339,540.092241
-1.901858,-13.846258,543.031009
-14.942228,-3.735373,547.846041
-27.452749,7.641387,553.885928
-38.779775,21.749940,560.031747
-47.803810,40.481163,565.019698
-52.739443,64.852568,567.784948
-51.940906,91.551497,567.749151
-45.721250,114.504323,564.972469
-35.942233,131.816396,560.131384
-24.223864,145.022492,554.328634
-11.529941,155.933898,548.785764
1.561579,165.898431,544.505614
14.616997,175.998614,542.008710
27.179911,-172.639803,541.229872
38.590971,-158.541066,541.608239
47.715057,-139.781197,542.334962
52.728423,-115.285187,542.668848
51.933217,-88.391904,542.212485
45.643226,-65.307335,541.060477
35.768640,-47.947343,539.774232
23.964967,-34.730112,539.189998
11.212822,-23.815908,540.118202
-2.084445,-8.709211,543.085770
-15.120800,1.411102,547.923735
-27.620080,12.814654,553.973479
-38.924243,26.973870,560.111801
-47.905130,45.781999,565.075330
-52.769823,70.221833,567.804258
-51.888126,96.907039,567.728446
-45.605240,119.781742,564.917184
-35.789868,137.023269,560.054526
-24.052597,150.186124,554.247148
-11.349754,161.076109,548.715820
1.744111,171.035371,544.458199
14.796048,-178.855100,541.986941
27.348214,-167.466750,541.228931
38.736774,-153.317119,541.617887
47.817734,-134.479408,542.343709
52.759452,-109.913424,542.668298
51.879872,-83.033865,542.200432
45.525951,-60.028780,541.041790
35.614964,-42.740159,539.759252
23.792680,-29.566422,539.190918
11.032062,-18.673654,540.144556
-2.267017,-3.572135,543.140907
-15.299272,6.557819,548.001670
-27.787188,17.988444,554.061049
-39.068275,32.198704,560.191626
-48.005659,51.084003,565.130523
-52.799055,75.591600,567.823017
-51.834278,102.261743,567.707203
-45.488558,125.058021,564.861496
-35.637143,142.229359,559.977483
-23.881150,155.349327,554.165719
-11.169494,166.218146,548.646130
1.926635,176.172338,544.411137
14.975006,-173.708573,541.965511
27.516299,-162.293173,541.228215
38.882145,-148.092263,541.627599
47.919615,-129.176433,542.352373
52.789317,-104.541142,542.667587
51.825441,-77.676680,542.188238
45.407999,-54.751381,541.023075
35.460932,-37.533766,539.744410
23.620219,-24.403163,539.192138
10.851235,-13.531575,540.171303
-2.449573,1.564974,543.196419
-15.477642,11.704781,548.079844
-27.954070,23.162761,554.148635
-39.211868,37.424446,560.271218
-48.105389,56.387172,565.185275
-52.827136,80.961851,567.841223
-51.779364,107.615597,567.685423
-45.371209,130.333163,564.805408
-35.484062,147.434669,559.900260
-23.709525,160.512104,554.084351
-10.989162,171.360010,548.576696
2.109150,-178.690663,544.364431
15.153869,-168.561802,541.944419
27.684165,-157.119068,541.227722
39.027080,-142.866491,541.637373
48.020695,-123.872272,542.360952
52.818015,-99.168360,542.666714
51.769931,-72.320362,542.175904
45.289376,-49.475136,541.004333
35.306547,-32.328158,539.729709
23.447585,-19.240331,539.193660
10.670342,-8.389667,540.198443
-2.632111,6.702118,543.252304
-15.655908,16.851991,548.158254
-28.120725,28.337609,554.236233
-39.355017,42.651102,560.350573
-48.204317,61.691506,565.239583
-52.854063,86.332568,567.858876
-51.723390,112.968587,567.663108
-45.253199,135.607172,564.748923
-35.330629,152.639207,559.822859
-23.537722,165.674460,554.003046
-10.808759,176.501705,548.507520
2.291656,-173.553630,544.318080
15.332636,-163.414783,541.923664
27.851810,-151.944431,541.227450
39.171574,-137.639797,541.647205
48.120967,-118.566925,542.369445
52.845544,-93.795097,542.665680
51.713346,-66.964924,542.163431
45.170087,-44.200042,540.985566
35.151811,-27.123329,539.715151
23.274779,-14.077922,539.195484
10.489386,-3.247929,540.225977
-2.814631,11.839299,543.308562
-15.834070,21.999454,548.236897
-28.287150,33.512994,554.323841
-39.497720,47.878678,560.429687
-48.302436,66.997005,565.293445
-52.879834,91.703733,567.875976
-51.666360,118.320700,567.640258
-45.134532,140.880049,564.692043
-35.176846,157.842977,559.745285
-23.365745,170.836399,553.921808
-10.628286,-178.356766,548.438604
2.474150,-168.416561,544.272085
15.511306,-158.267513,541.903244
28.019231,-146.769256,541.227398
39.315625,-132.412176,541.657095
48.220425,-113.260394,542.377849
52.871900,-88.421371,542.664483
51.655690,-61.610378,542.150819
45.050138,-38.926094,540.966778
34.996728,-21.919274,539.700739
23.101804,-8.915930,539.197613
10.308367,1.893645,540.253905
-2.997131,16.976521,543.365192
-16.012126,27.147171,548.315770
-28.453344,38.688920,554.411455
-39.639970,53.107179,560.508559
-48.399739,72.303667,565.346858
-52.904447,97.075326,567.892521
-51.608279,123.671925,567.616874
-45.015214,146.151799,564.634770
-35.022716,163.045985,559.667539
-23.193595,175.997924,553.840639
-10.447745,-173.215401,548.369951
2.656632,-163.279453,544.226447
15.689876,-153.119990,541.883159
28.186426,-141.593540,541.227563
39.459227,-127.183622,541.667039
48.319065,-107.952679,542.386164
52.897082,-83.047203,542.663123
51.596970,-56.256738,542.138071
44.929534,-33.653291,540.947969
34.841301,-16.715986,539.686475
22.928661,-3.754354,539.200049
10.127286,7.035055,540.282228
-3.179611,22.113786,543.422191
-16.190074,32.295146,548.394872
-28.619303,43.865392,554.499070
-39.781766,58.336612,560.587184
-48.496222,77.611490,565.399820
-52.927898,102.447329,567.908511
-51.549152,129.022249,567.592958
-44.895251,151.422425,564.577107
-34.868244,168.248237,559.589627
-23.021273,-178.840960,553.759543
-10.267137,-168.074196,548.301562
2.839101,-158.142303,544.181166
15.868347,-147.972209,541.863407
28.353393,-136.417276,541.227942
39.602378,-121.954130,541.677035
48.416878,-102.643781,542.394387
52.921087,-77.672610,542.661600
51.537188,-50.904016,542.125186
44.808281,-28.381628,540.929142
34.685533,-11.513462,539.672360
22.755352,1.406813,539.202793
9.946146,12.176306,540.310947
-3.362068,27.251097,543.479560
-16.367914,37.443384,548.474199
-28.785025,49.042415,554.586685
-39.923102,63.566981,560.665559
-48.591879,82.920474,565.452330
-52.950187,107.819722,567.923945
-51.488983,134.371660,567.568512
-44.774647,156.691929,564.519058
-34.713431,173.449737,559.511550
-22.848782,-173.680249,553.678523
-10.086462,-162.933148,548.233439
3.021556,-153.005108,544.136243
16.046716,-142.824167,541.843988
28.520130,-131.240461,541.228535
39.745071,-116.723693,541.687082
48.513860,-97.333702,542.402517
52.943913,-72.297613,542.659913
51.476351,-45.552223,542.112167
44.686384,-23.111102,540.910299
34.529429,-6.311693,539.658399
22.581879,6.567573,539.205848
9.764945,17.317401,540.340062
-3.544503,32.388456,543.537296
-16.545643,42.591887,548.553748
-28.950509,54.219993,554.674295
-40.063975,68.798292,560.743681
-48.686703,88.230617,565.504384
-52.971310,113.192486,567.938824
-51.427779,139.720149,567.543535
-44.653408,161.960316,564.460624
-34.558281,178.650493,559.433313
-22.676123,-168.519939,553.597582
-9.905723,-157.792254,548.165585
3.203996,-147.867865,544.091678
16.224982,-137.675860,541.824901
28.686634,-126.063090,541.229338
39.887305,-111.492306,541.697176
48.610005,-92.022444,542.410553
52.965557,-66.922231,542.658063
51.414464,-40.201371,542.099014
44.563848,-17.841710,540.891442
34.372990,-1.110677,539.644593
22.408245,11.727931,539.209216
9.583687,22.458341,540.369573
-3.726915,37.525867,543.595399
-16.723261,47.740658,548.633517
-29.115752,59.398131,554.761896
-40.204380,74.030551,560.821546
-48.780689,93.541916,565.555981
-52.991267,118.565602,567.953146
-51.365543,145.067702,567.518031
-44.531539,167.227589,564.401808
-34.402798,-176.149492,559.354918
-22.503298,-163.360026,553.516723
-9.724920,-152.651511,548.098002
3.386418,-142.730572,544.047471
16.403143,-132.527286,541.806143
28.852902,-120.885157,541.230350
40.029073,-106.259964,541.707316
48.705307,-86.710008,542.418492
52.986018,-61.546484,542.656049
51.351531,-34.851471,542.085728
44.440679,-12.573447,540.872574
34.216220,4.089595,539.630944
22.234450,16.887891,539.212897
9.402373,27.599131,540.399481
-3.909301,42.663333,543.653867
-16.900765,52.889701,548.713504
-29.280751,64.576834,554.849486
-40.344313,79.263762,560.899151
-48.873831,98.854369,565.607119
-53.010054,123.939051,567.966910
-51.302280,150.414309,567.491999
-44.409045,172.493752,564.342614
-34.246983,-170.950211,559.276370
-22.330309,-158.200506,553.435950
-9.544054,-147.510917,548.030691
3.568824,-137.593226,544.003623
16.581199,-127.378441,541.787715
29.018934,-115.706658,541.231568
40.170373,-101.026661,541.717499
48.799759,-81.396396,542.426334
53.005292,-56.170392,542.653871
51.287558,-29.502535,542.072310
44.316882,-7.306309,540.853696
34.059122,9.289126,539.617456
22.060496,22.047458,539.216894
9.221003,32.739774,540.429786
-4.091661,47.800855,543.712698
-17.078155,58.039019,548.793705
-29.445504,69.756107,554.937061
-40.483770,84.497932,560.976494
-48.966123,104.167974,565.657795
-53.027670,129.312813,567.980117
-51.237996,155.759960,567.465441
-44.285932,177.758808,564.283044
-34.090841,-165.751659,559.197671
-22.157157,-153.041375,553.355265
-9.363128,-142.370468,547.963654
3.751210,-132.455824,543.960134
16.759147,-122.229322,541.769615
29.184726,-110.527588,541.232991
40.311199,-95.792391,541.727723
48.893356,-76.081611,542.434076
53.023380,-50.793975,542.651528
51.222551,-24.154574,542.058762
44.192463,-2.040294,540.834811
33.901699,14.487923,539.604130
21.886385,27.206634,539.221209
9.039578,37.880272,540.460488
-4.273993,52.938437,543.771893
-17.255430,63.188617,548.874117
-29.610010,74.935954,555.024617
-40.622747,89.733066,561.053570
-49.057560,109.482729,565.708007
-53.044114,134.686867,567.992766
-51.172697,161.104645,567.438358
-44.162204,-176.977238,564.223100
-33.934374,-160.553831,559.118825
-21.983844,-147.882629,553.274672
-9.182141,-137.230162,547.896894
3.933577,-127.318364,543.917004
16.936986,-117.079924,541.751842
29.350275,-105.347943,541.234616
40.451548,-90.557148,541.737986
48.986091,-70.765655,542.441718
53.040278,-45.417253,542.649020
51.156513,-18.807597,542.045085
44.067426,3.224604,540.815921
33.743954,19.685991,539.590968
21.712119,32.365424,539.225843
8.858100,43.020628,540.491589
-4.456298,58.076082,543.831448
-17.432586,68.338496,548.954739
-29.774264,80.116381,555.112152
-40.761240,94.969170,561.130377
-49.148135,114.798629,565.757753
-53.059383,140.061195,568.004857
-51.106386,166.448352,567.410753
-44.037867,-171.714383,564.162785
-33.777586,-155.356721,559.039836
-21.810373,-142.724265,553.194173
-9.001095,-132.089995,547.830412
4.115923,-122.180842,543.874235
17.114716,-111.930245,541.734394
29.515580,-100.167716,541.236441
40.591415,-85.320928,541.748285
49.077960,-65.448531,542.449258
53.055985,-40.040247,542.646347
51.089452,-13.461615,542.031279
43.941777,8.488388,540.797027
33.585891,24.883335,539.577974
21.537700,37.523832,539.230798
8.676571,48.160845,540.523088
-4.638572,63.213792,543.891364
-17.609624,73.488661,549.035566
-29.938266,85.297393,555.199660
-40.899244,100.206248,561.206912
-49.237843,120.115673,565.807032
-53.073477,145.435776,568.016389
-51.039069,171.791073,567.382625
-43.912926,-166.452623,564.102102
-33.620478,-150.160323,558.960706
-21.636744,-137.566278,553.113772
-8.819991,-126.949965,547.764210
4.298247,-117.043255,543.831826
17.292333,-106.780282,541.717271
29.680638,-94.986904,541.238464
40.730796,-80.083724,541.758619
49.168955,-60.130242,542.456694
53.070499,-34.662976,542.643510
51.021371,-8.116639,542.017347
43.815520,13.751062,540.778133
33.427512,30.079962,539.565150
21.363129,42.681862,539.236076
8.494991,53.300927,540.554985
-4.820817,68.351570,543.951638
-17.786542,78.639116,549.116597
-30.102013,90.478993,555.287140
-41.036755,105.444306,561.283170
-49.326678,125.433857,565.855840
-53.086394,150.810591,568.027361
-50.970752,177.132798,567.353977
-43.787385,-161.191953,564.041054
-33.463055,-144.964633,558.881439
-21.462959,-132.408664,553.033471
-8.638831,-121.810068,547.698290
4.480548,-111.905602,543.789777
17.469838,-101.630029,541.700471
29.845446,-89.805501,541.240682
40.869686,-74.845531,541.768985
49.259071,-54.810791,542.464024
53.083820,-29.285462,542.640507
50.952276,-2.772678,542.003289
43.688662,19.012631,540.759240
33.268820,35.275876,539.552498
21.188408,47.839518,539.241679
8.313361,58.440875,540.587282
-5.003029,73.489420,544.012269
-17.963338,83.789863,549.197828
-30.265502,95.661188,555.374587
-41.173768,110.683349,561.359149
-49.414635,130.753178,565.904176
-53.098133,156.185618,568.037774
-50.901439,-177.526482,567.324811
-43.661250,-155.932369,563.979644
-33.305319,-139.769645,558.802039
-21.289020,-127.251420,552.953274
-8.457616,-116.670302,547.632655
4.662824,-106.767879,543.748089
17.647228,-96.479485,541.683993
30.010003,-84.623502,541.243095
41.008081,-69.606343,541.779380
49.348301,-49.490181,542.471249
53.095945,-23.907725,542.637338
50.882174,2.570260,541.989107
43.561207,24.273100,540.740350
33.109818,40.471083,539.540020
21.013539,52.996803,539.247607
8.131682,63.580694,540.619977
-5.185209,78.627343,544.073255
-18.140011,88.940907,549.279257
-30.428730,100.843983,555.461999
-41.310280,115.923383,561.434846
-49.501706,136.073631,565.952038
-53.108693,161.560838,568.047627
-50.831136,-172.186776,567.295126
-43.534526,-150.673868,563.917875
-33.147272,-134.575354,558.722509
-21.114929,-122.094542,552.873184
-8.276346,-111.530664,547.567305
4.845076,-101.630084,543.706762
17.824502,-91.328646,541.667835
30.174305,-79.440902,541.245698
41.145977,-64.366155,541.789804
49.436641,-44.168417,542.478365
53.106874,-18.529786,542.634004
50.811069,7.912164,541.974801
43.433161,29.532471,540.721467
32.950509,45.665589,539.527718
20.838523,58.153723,539.253864
7.949957,68.720386,540.653072
-5.367355,83.765342,544.134596
-18.316560,94.092250,549.360880
-30.591696,106.027381,555.549370
-41.446286,121.164413,561.510258
-49.587888,141.395213,565.999424
-53.118072,166.936231,568.056919
-50.759849,-166.848094,567.264926
-43.407217,-145.416445,563.855748
-32.988919,-129.381754,558.642852
-20.940687,-116.938025,552.793204
-8.095023,-106.391151,547.502243
5.027300,-96.492212,543.665796
18.001659,-86.177507,541.651997
30.338350,-74.257697,541.248491
41.283369,-59.124963,541.800252
49.524084,-38.845501,542.485371
53.116606,-13.151665,542.630505
50.738966,13.253026,541.960374
43.304528,34.790751,540.702591
32.790897,50.859398,539.515597
20.663363,63.310279,539.260450
7.768185,73.859953,540.686567
-5.549466,88.903421,544.196289
-18.492982,99.243896,549.442696
-30.754397,111.211389,555.636699
-41.581782,126.406444,561.585381
-49.673173,146.717919,566.046332
-53.126270,172.311776,568.065651
-50.687583,-161.510442,567.234211
-43.279329,-140.160094,563.793268
-32.830261,-124.188840,558.563071
-20.766296,-111.781866,552.713337
-7.913648,-101.251759,547.437470
5.209497,-91.354263,543.625191
18.178696,-81.026066,541.636477
30.502135,-69.073880,541.251471
41.420253,-53.882759,541.810724
49.610623,-33.521439,542.492267
53.125139,-7.773384,542.626840
50.665873,18.592838,541.945826
43.175313,40.047944,540.683725
32.630984,56.052517,539.503656
20.488059,68.466477,539.267367
7.586369,78.999399,540.720461
-5.731540,94.041582,544.258334
-18.669276,104.395849,549.524700
-30.916830,116.396011,555.723981
-41.716762,131.649482,561.660212
-49.757556,152.041745,566.092760
-53.133286,177.687452,568.073823
-50.614343,-156.173830,567.202983
-43.150867,-134.904813,563.730437
-32.671301,-118.996607,558.483171
-20.591757,-106.626062,552.633585
-7.732222,-96.112487,547.372989
5.391666,-86.216233,543.584948
18.355613,-75.874319,541.621274
30.665659,-63.889448,541.254636
41.556624,-48.639539,541.821217
49.696254,-28.196235,542.499050
53.132472,-2.394963,542.623008
50.591793,23.931591,541.931158
43.045522,45.304053,540.664872
32.470772,61.244951,539.491900
20.312613,73.622321,539.274617
7.404509,84.138727,540.754756
-5.913578,99.179829,544.320728
-18.845442,109.548113,549.606891
-31.078993,121.581252,555.811213
-41.851223,136.893531,561.734748
-49.841032,157.366685,566.138705
-53.139119,-176.936760,568.081433
-50.540135,-150.838265,567.171244
-43.021834,-129.650596,563.667258
-32.512043,-113.805049,558.403155
-20.417073,-101.470608,552.553953
-7.550747,-90.973332,547.308800
5.573805,-81.078119,543.545067
18.532408,-70.722263,541.606386
30.828918,-58.704394,541.257984
41.692477,-43.395298,541.831728
49.780970,-22.869892,542.505720
53.138606,2.983577,542.619011
50.516733,29.269277,541.916373
42.915159,50.559085,540.646034
32.310265,66.436704,539.480330
20.137028,78.777813,539.282202
7.222606,89.277940,540.789451
-6.095576,104.318163,544.383470
-19.021476,114.700691,549.689265
-31.240883,126.767118,555.898392
-41.985160,142.138596,561.808986
-49.923594,162.692736,566.184167
-53.143769,-171.560882,568.088482
-50.464965,-145.503755,567.138994
-42.892237,-124.397439,563.603733
-32.352489,-108.614161,558.323025
-20.242244,-96.315501,552.474442
-7.369223,-85.834289,547.244906
5.755912,-75.939918,543.505547
18.709079,-65.569892,541.591812
30.991910,-53.518714,541.261512
41.827808,-38.150029,541.842257
49.864765,-17.542417,542.512275
53.143539,8.362214,542.614848
50.440698,34.605889,541.901471
42.784229,55.813043,540.627212
32.149465,71.627784,539.468948
19.961304,83.932958,539.290122
7.040662,94.417040,540.824546
-6.277536,109.456587,544.446559
-19.197379,119.853586,549.771819
-31.402497,131.953613,555.985514
-42.118568,147.384683,561.882923
-50.005237,168.019892,566.229143
-53.147236,-166.184934,568.094970
-50.388837,-140.170308,567.106237
-42.762080,-119.145337,563.539867
-32.192641,-103.423938,558.242785
-20.067273,-91.160737,552.395055
-7.187652,-80.695357,547.181309
5.937988,-70.801628,543.466390
18.885625,-60.417205,541.577550
31.154632,-48.332403,541.265218
41.962612,-32.903729,541.852799
49.947633,-12.213815,542.518713
53.147271,13.740928,542.610520
50.363694,39.941418,541.886453
42.652738,61.065933,540.608410
31.988376,76.818193,539.457758
19.785444,89.087759,539.298380
6.858678,99.556030,540.860041
-6.459455,114.595106,544.509992
-19.373148,125.006803,549.854550
-31.563834,137.140743,556.072575
-42.251443,152.631797,561.956555
-50.085955,173.348147,566.273631
-53.149518,-160.808936,568.100896
-50.311757,-134.837929,567.072972
-42.631368,-113.894285,563.475660
-32.032503,-98.234374,558.162440
-19.892160,-86.006312,552.315797
-7.006035,-75.556533,547.118010
6.120030,-65.663245,543.427594
19.062045,-55.264198,541.563600
31.317082,-43.145455,541.269100
42.096885,-27.656392,541.863354
50.029569,-6.884090,542.525034
53.149801,19.119698,542.606025
50.285727,45.275859,541.871322
42.520690,66.317759,540.589629
31.827000,82.007939,539.446761
19.609448,94.242221,539.306977
6.676655,104.694913,540.895937
-6.641332,119.733720,544.573769
-19.548781,130.160344,549.937456
-31.724889,142.328512,556.159572
-42.383781,157.879943,562.029880
-50.165743,178.677495,566.317630
-53.150616,-155.432909,568.106261
-50.233731,-129.506626,567.039203
-42.500105,-108.644278,563.411118
-31.872078,-93.045465,558.081991
-19.716909,-80.852222,552.236669
-6.824372,-70.417813,547.055011
6.302038,-60.524767,543.389160
19.238336,-50.110866,541.549960
31.479257,-37.957866,541.273156
42.230622,-22.408012,541.873919
50.110566,-1.553249,542.531236
53.151130,24.498502,542.601364
50.206802,50.609204,541.856078
42.388089,71.568527,540.570872
31.665340,87.197027,539.435960
19.433319,99.396347,539.315915
6.494593,109.833693,540.932233
-6.823166,124.872434,544.637887
-19.724278,135.314214,550.020533
-31.885662,147.516927,556.246502
-42.515576,163.129125,562.102894
-50.244595,-175.992069,566.361137
-53.150530,-150.056874,568.111064
-50.154765,-124.176406,567.004930
-42.368296,-103.395313,563.346241
-31.711367,-87.857206,558.001443
-19.541519,-75.698465,552.157674
-6.642666,-65.279196,546.992313
6.484011,-55.386192,543.351088
19.414497,-44.957206,541.536628
31.641154,-32.769629,541.277383
42.363818,-17.158585,541.884492
50.190620,3.778703,542.537317
53.151256,29.877319,542.596538
50.126926,55.941447,541.840723
42.254942,76.818241,540.552141
31.503398,92.385460,539.425357
19.257058,104.550140,539.325195
6.312495,114.972371,540.968931
-7.004955,130.011250,544.702346
-19.899637,140.468416,550.103778
-32.046149,152.705991,556.333361
-42.646823,168.379349,562.175595
-50.322505,-170.660552,566.404151
-53.149259,-144.680851,568.115305
-50.074865,-118.847274,566.970155
-42.235947,-98.147383,563.281035
-31.550373,-82.669590,557.920799
-19.365993,-70.545035,552.078816
-6.460917,-60.140677,546.929918
6.665947,-50.247515,543.313379
19.590527,-39.803215,541.523604
31.802770,-27.580741,541.281780
42.496468,-11.908105,541.895070
50.269723,9.111758,542.543277
53.150181,35.256129,542.591546
50.046103,61.272581,541.825258
42.121252,82.066906,540.533438
31.341178,97.573246,539.414955
19.080667,109.703605,539.334818
6.130361,120.110951,541.006028
-7.186700,135.150170,544.767142
-20.074855,145.622954,550.187189
-32.206347,157.895711,556.420145
-42.777520,173.630619,562.247979
-50.399468,-165.327961,566.446669
-53.146805,-139.304861,568.118984
-49.994035,-113.519238,566.934880
-42.103060,-92.900484,563.215500
-31.389100,-77.482614,557.840062
-19.190332,-65.391930,552.000098
-6.279126,-55.002255,546.867829
6.847845,-45.108735,543.276031
19.766425,-34.648888,541.510885
31.964103,-22.391195,541.286344
42.628568,-6.656568,541.905652
50.347871,14.445912,542.549114
53.147904,40.634910,542.586389
49.964341,66.602600,541.809685
41.987024,87.314528,540.514766
31.178681,102.760389,539.404755
18.904147,114.856746,539.344787
5.948193,125.249436,541.043527
-7.368399,140.289199,544.832276
-20.249932,150.777832,550.270763
-32.366253,163.086091,556.506851
-42.907659,178.882940,562.320044
-50.475477,-159.994302,566.488691
-53.143166,-133.928925,568.122102
-49.912282,-108.192301,566.899107
-41.969642,-87.654611,563.149641
-31.227550,-72.296271,557.759236
-19.014538,-60.239146,551.921521
-6.097295,-49.863926,546.806045
7.029705,-39.969848,543.239045
19.942187,-29.494223,541.498470
32.125151,-17.200986,541.291072
42.760113,-1.403968,541.916236
50.425057,19.781156,542.554827
53.144425,46.013640,542.581065
49.881644,71.931498,541.794005
41.852263,92.561111,540.496127
31.015911,107.946894,539.394761
18.727499,120.009565,539.355103
5.765991,130.387828,541.081426
-7.550049,145.428337,544.897744
-20.424866,155.933053,550.354496
-32.525866,168.277137,556.593476
-43.037237,-175.863683,562.391786
-50.550528,-154.659582,566.530215
-53.138344,-128.553062,568.124657
-49.829611,-102.866471,566.862837
-41.835696,-82.409759,563.083460
-31.065725,-67.110557,557.678324
-18.838612,-55.086679,551.843090
-5.915424,-44.725688,546.744570
7.211524,-34.830852,543.202421
20.117814,-24.339214,541.486357
32.285910,-12.010108,541.295963
42.891097,3.849699,541.926818
50.501276,25.117484,542.560415
53.139745,51.392300,542.575577
49.798019,77.259271,541.778219
41.716974,97.806662,540.477523
30.852871,113.132767,539.384974
18.550727,125.162066,539.365766
5.583758,135.526131,541.119725
-7.731652,150.567590,544.963545
-20.599655,161.088622,550.438385
-32.685182,173.468853,556.680015
-43.166249,-170.609246,562.463202
-50.624616,-149.323809,566.571238
-53.132338,-123.177295,568.126651
-49.746028,-97.541751,566.826072
-41.701228,-77.165923,563.016960
-30.903628,-61.925466,557.597329
-18.662556,-49.934526,551.764807
-5.733515,-39.587538,546.683404
7.393302,-29.691743,543.166160
20.293302,-19.183859,541.474546
32.446377,-6.818558,541.301015
43.021517,9.104438,541.937398
50.576522,30.454889,542.565876
53.133864,56.770867,542.569923
49.713471,82.585912,541.762330
41.581161,103.051184,540.458956
30.689562,118.318013,539.375396
18.373830,130.314253,539.376780
5.401493,140.664346,541.158425
-7.913204,155.706958,545.029678
-20.774298,166.244541,550.522428
-32.844198,178.661246,556.766466
-43.294690,-165.353743,562.534289
-50.697733,-143.986990,566.611759
-53.125150,-117.801643,568.128083
-49.661539,-92.218148,566.788814
-41.566242,-71.923097,562.950145
-30.741262,-56.740994,557.516256
-18.486371,-44.782683,551.686674
-5.551568,-34.449472,546.622549
7.575038,-24.552519,543.130259
20.468652,-14.028154,541.463034
32.606550,-1.626329,541.306224
43.151366,14.360254,541.947973
50.650789,35.793362,542.571209
53.126783,62.149321,542.564104
49.628007,87.911417,541.746338
41.444830,108.294684,540.440430
30.525988,123.502636,539.366031
18.196810,135.466131,539.388144
5.219198,145.802478,541.197526
-8.094706,160.846446,545.096140
-20.948793,171.400815,550.606620
-33.002912,-176.145679,556.852825
-43.422555,-160.097172,562.605044
-50.769876,-138.649134,566.651777
-53.116781,-112.426126,568.128953
-49.576149,-86.895666,566.751065
-41.430741,-66.681277,562.883017
-30.578628,-51.557136,557.435107
-18.310059,-39.631146,551.608695
-5.369586,-29.311489,546.562006
7.756730,-19.413178,543.094721
20.643860,-8.872094,541.451820
32.766426,3.566585,541.311589
43.280641,19.617152,541.958541
50.724072,41.132896,542.576414
53.118502,67.527641,542.558121
49.541631,93.235780,541.730246
41.307983,113.537166,540.421945
30.362150,128.686642,539.356880
18.019669,140.617701,539.399860
5.036874,150.940528,541.237026
-8.276155,165.986056,545.162929
-21.123138,176.557447,550.690960
-33.161320,-170.951918,556.939088
-43.549840,-154.839525,562.675464
-50.841038,-133.310248,566.691289
-53.107230,-107.050766,568.129262
-49.489865,-81.574308,566.712826
-41.294732,-61.440457,562.815580
-30.415730,-46.373886,557.353885
-18.133621,-34.479912,551.530873
-5.187569,-24.173585,546.501778
7.938378,-14.273715,543.059544
20.818926,-3.715677,541.440902
32.926002,8.760188,541.317108
43.409336,24.875137,541.969100
50.796366,46.473484,542.581488
53.109023,72.905805,542.551972
49.454351,98.558999,541.714054
41.170627,118.778636,540.403505
30.198053,133.870036,539.347946
17.842409,145.768969,539.411931
4.854522,156.078500,541.276927
-8.457551,171.125791,545.230045
-21.297332,-178.285558,550.775445
-33.319421,-165.757465,557.025252
-43.676539,-149.580801,562.745547
-50.911214,-127.970341,566.730294
-53.096499,-101.675582,568.129009
-49.402691,-76.254081,566.674100
-41.158217,-56.200632,562.747836
-30.252571,-41.191240,557.272595
-17.957059,-29.328978,551.453209
-5.005518,-19.035758,546.441865
8.119980,-9.134128,543.024728
20.993847,1.441102,541.430280
33.085275,13.954485,541.322778
43.537445,30.134212,541.979647
50.867663,51.815115,542.586432
53.098346,78.283794,542.545660
49.366173,103.881067,541.697764
41.032766,124.019100,540.385112
30.033697,139.052823,539.339231
17.665031,150.919937,539.424356
4.672144,161.216396,541.317227
-8.638893,176.265654,545.297485
-21.471373,-173.128198,550.860070
-33.477210,-160.562314,557.111314
-43.802647,-144.320994,562.815289
-50.980399,-122.629421,566.768791
-53.084589,-96.300595,568.128195
-49.314635,-70.934987,566.634888
-41.021202,-50.961797,562.679788
-30.089152,-36.009192,557.191239
-17.780374,-24.178339,551.375708
-4.823434,-13.898004,546.382268
8.301535,-3.994415,542.990273
21.168622,6.598247,541.419951
33.244242,19.149483,541.328597
43.664965,35.394383,541.990182
50.937960,57.157782,542.591243
53.086472,83.661586,542.539183
49.277101,109.201982,541.681378
40.894403,129.258562,540.366768
29.869086,144.235009,539.330737
17.487536,156.070608,539.437138
4.489740,166.354219,541.357928
-8.820179,-178.594352,545.365247
-21.645260,-167.970467,550.944833
-33.634686,-155.366461,557.197269
-43.928160,-139.060099,562.884687
-51.048588,-117.287498,566.806777
-53.071501,-90.925825,568.126819
-49.225701,-65.617030,566.595192
-40.883691,-45.723947,562.611440
-29.925475,-30.827738,557.109821
-17.603568,-19.027993,551.298372
-4.641318,-8.760322,546.322991
8.483042,1.145428,542.956179
21.343250,11.755762,541.409913
33.402900,24.345187,541.334563
43.791890,40.655654,542.000700
51.007250,62.501476,542.595921
53.073402,89.039160,542.532542
49.187142,114.521739,541.664897
40.755544,134.497029,540.348475
29.704222,149.416597,539.322467
17.309926,161.220988,539.450278
4.307312,171.491973,541.399028
-9.001408,-173.454224,545.433329
-21.818990,-162.812362,551.029731
-33.791845,-150.169899,557.283115
-44.053071,-133.798114,562.953739
-51.115775,-111.944581,566.844252
-53.057237,-85.551292,568.124883
-49.135895,-60.300213,566.555015
-40.745688,-40.487076,562.542795
-29.761545,-25.646872,557.028344
-17.426642,-13.877936,551.221203
-4.459172,-3.622707,546.264033
8.664499,6.285403,542.922446
21.517728,16.913650,541.400166
33.561247,29.541602,541.340673
43.918214,45.918029,542.011202
51.075528,67.846187,542.600464
53.059139,94.416496,542.525738
49.096302,119.840335,541.648324
40.616193,139.734506,540.330237
29.539108,154.597594,539.314423
17.132203,166.371078,539.463777
4.124861,176.629659,541.440527
-9.182580,-168.313960,545.501729
-21.992563,-157.653880,551.114760
-33.948684,-144.972623,557.368847
-44.177378,-128.535033,563.022441
-51.181954,-106.600680,566.881214
-53.041797,-80.177016,568.122386
-49.045224,-54.984541,566.514357
-40.607198,-35.251178,562.473855
-29.597362,-20.466590,556.946812
-17.249597,-8.728164,551.144204
-4.276997,1.514842,546.205396
8.845906,11.425515,542.889073
21.692056,22.071915,541.390707
33.719280,34.738734,541.346925
44.043933,51.181513,542.021683
51.142789,73.191906,542.604871
53.043682,99.793573,542.518770
49.004587,125.157767,541.631659
40.476354,144.970997,540.312054
29.373746,159.778004,539.306606
16.954368,171.520883,539.477637
3.942387,-178.232719,541.482425
-9.363692,-163.173556,545.570446
-22.165976,-152.495016,551.199918
-34.105200,-139.774629,557.454463
-44.301073,-123.270853,563.090791
-51.247122,-101.255803,566.917660
-53.025183,-74.803017,568.119329
-48.953692,-49.670016,566.473221
-40.468224,-30.016249,562.404624
-29.432929,-15.286887,556.865228
-17.072436,-3.578674,551.067379
-4.094793,6.652328,546.147081
9.027261,16.565764,542.856060
21.866230,27.230562,541.381535
33.876994,39.936588,541.353317
44.169042,56.446109,542.032143
51.209027,78.538623,542.609142
53.027034,105.170371,542.511639
48.912003,130.474032,541.614904
40.336032,150.206510,540.293930
29.208139,164.957832,539.299020
16.776422,176.670406,539.491858
3.759893,-173.095159,541.524722
-9.544744,-158.033010,545.639477
-22.339227,-147.335766,551.285201
-34.261391,-134.575910,557.539959
-44.424153,-118.005570,563.158785
-51.311272,-95.909962,566.953591
-53.007398,-69.429316,568.115712
-48.861307,-44.356641,566.431609
-40.328772,-24.782283,562.335105
-29.268249,-10.107758,556.783596
-16.895159,1.570538,550.990729
-3.912562,11.789755,546.089090
9.208563,21.706155,542.823407
22.040250,32.389594,541.372648
34.034388,45.135170,541.359846
44.293535,61.711822,542.042580
51.274238,83.886327,542.613275
53.009196,110.546869,542.504346
48.818556,135.789127,541.598061
40.195231,155.441049,540.275868
29.042288,170.137083,539.291667
16.598366,-178.180349,539.506442
3.577378,-167.957658,541.567417
-9.725734,-152.892318,545.708820
-22.512316,-142.176127,551.370607
-34.417253,-129.376462,557.625332
-44.546612,-112.739180,563.226422
-51.374400,-90.563167,566.989003
-52.988442,-64.055931,568.111534
-48.768073,-39.044418,566.389523
-40.188844,-19.549275,562.265301
-29.103324,-4.929198,556.701918
-16.717768,6.719474,550.914258
-3.730305,16.927125,546.031425
9.389812,26.846690,542.791114
22.214114,37.549016,541.364045
34.191458,50.334485,541.366511
44.417407,66.978657,542.052990
51.338414,89.235009,542.617270
52.990170,115.923048,542.496891
48.724252,141.103049,541.581131
40.053956,160.674619,540.257868
28.876197,175.315762,539.284549
16.420203,-173.031380,539.521391
3.394845,-162.820213,541.610510
-9.906662,-147.751478,545.778474
-22.685239,-137.016094,551.456132
-34.572783,-124.176278,557.710577
-44.668445,-107.471678,563.293697
-51.436499,-85.215428,567.023897
-52.968317,-58.682882,568.106798
-48.673997,-33.733350,566.346965
-40.048446,-14.317219,562.195215
-28.938156,0.248798,556.620198
-16.540265,11.868139,550.837967
-3.548023,22.064440,545.974085
9.571005,31.987373,542.759179
22.387819,42.708830,541.355723
34.348202,55.534539,541.373308
44.540652,72.246616,542.063373
51.401552,94.584657,542.621125
52.969957,121.298887,542.489274
48.629096,146.415796,541.564117
39.912210,165.907228,540.239934
28.709867,-179.506126,539.277667
16.241934,-167.882682,539.536704
3.212294,-157.682821,541.654001
-10.087526,-142.610486,545.848437
-22.857997,-131.855663,551.541772
-34.727979,-118.975353,557.795691
-44.789646,-102.203063,563.360608
-51.497567,-79.866757,567.058269
-52.947025,-53.310189,568.101502
-48.579084,-28.423440,566.303937
-39.907582,-9.086109,562.124851
-28.772748,5.426235,556.538440
-16.362650,17.016535,550.761861
-3.365717,27.201704,545.917074
9.752142,37.128206,542.727603
22.561365,47.869042,541.347682
34.504615,60.735337,541.380237
44.663266,77.515704,542.073727
51.463647,99.935260,542.624839
52.948561,126.674366,542.481495
48.533095,151.727366,541.547019
39.769997,171.138879,540.222069
28.543301,-174.328577,539.271025
16.063559,-162.734252,539.552385
3.029726,-152.545479,541.697889
-10.268325,-137.469340,545.918705
-23.030585,-126.694832,551.627525
-34.882837,-113.773682,557.880672
-44.910211,-96.933329,563.427152
-51.557597,-74.517164,567.092120
-52.924569,-47.937871,568.095647
-48.483340,-23.114688,566.260441
-39.766255,-3.855940,562.054211
-28.607102,10.603116,556.456647
-16.184925,22.164667,550.685941
-3.183389,32.338919,545.860391
9.933221,42.269192,542.696386
22.734750,53.029655,541.339919
34.660696,65.936885,541.387293
44.785244,82.785924,542.084048
51.524692,105.286808,542.628412
52.925982,132.049465,542.473555
48.436255,157.037757,541.529840
39.627323,176.369579,540.204274
28.376502,-169.151585,539.264624
15.885082,-157.586088,539.568433
2.847143,-147.408185,541.742175
-10.449058,-132.328036,545.989279
-23.203004,-121.533594,551.713387
-35.037353,-108.571259,557.965515
-45.030134,-91.662474,563.493327
-51.616584,-69.166661,567.125447
-52.900950,-42.565947,568.089234
-48.386771,-17.807097,566.216479
-39.624470,1.373292,561.983299
-28.441220,15.779448,556.374822
-16.007092,27.312537,550.610210
-3.001039,37.476088,545.804039
10.114241,47.410335,542.665526
22.907971,58.190673,541.332433
34.816440,71.139189,541.394476
44.906579,88.057281,542.094336
51.584684,110.639288,542.631842
52.902223,137.424166,542.465455
48.338582,162.346967,541.512581
39.484191,-178.400666,540.186551
28.209472,-163.975145,539.258467
15.706502,-152.438184,539.584851
2.664546,-142.270937,541.786856
-10.629723,-127.186572,546.060154
-23.375251,-116.371947,551.799356
-35.191526,-103.368079,558.050216
-45.149410,-86.390494,563.559130
-51.674524,-63.815260,567.158250
-52.876171,-37.194437,568.082263
-48.289383,-12.500668,566.172053
-39.482231,6.601595,561.912117
-28.275105,20.955235,556.292969
-15.829152,32.460149,550.534671
-2.818668,42.613214,545.748017
10.295201,52.551636,542.635024
23.081027,63.352101,541.325221
34.971845,76.342254,541.401782
45.027266,93.329778,542.104588
51.643616,115.992689,542.635128
52.877287,142.798447,542.457195
48.240082,167.654996,541.495244
39.340605,-173.171851,540.168904
28.042212,-158.799253,539.252556
15.527821,-147.290539,539.601638
2.481935,-137.133730,541.831934
-10.810319,-122.044945,546.131329
-23.547325,-111.209886,551.885428
-35.345351,-98.164136,558.134774
-45.268034,-81.117386,563.624558
-51.731412,-58.462973,567.190526
-52.850234,-31.823359,568.074735
-48.191181,-7.195403,566.127166
-39.339542,11.828973,561.840670
-28.108758,26.130481,556.211091
-15.651106,37.607507,550.459326
-2.636277,47.750300,545.692328
10.476100,57.693100,542.604879
23.253916,68.513943,541.318283
35.126907,81.546085,541.409210
45.147301,98.603417,542.114803
51.701485,121.346999,542.638270
52.851175,148.172290,542.448775
48.140760,172.961841,541.477831
39.196570,-167.943971,540.151335
27.874726,-153.623904,539.246893
15.349042,-142.143148,539.618797
2.299312,-131.996563,541.877407
-10.990846,-116.903151,546.202802
-23.719222,-106.047407,551.971599
-35.498826,-92.959425,558.219183
-45.386000,-75.843146,563.689607
-51.787244,-53.109812,567.222275
-52.823141,-26.452732,568.066649
-48.092172,-1.891302,566.081819
-39.196406,17.055433,561.768959
-27.942182,31.305191,556.129191
-15.472955,42.754613,550.384178
-2.453868,52.887348,545.636973
10.656936,62.834729,542.575091
23.426636,73.676202,541.311616
35.281623,86.750689,541.416756
45.266677,103.878203,542.124977
51.758285,126.702205,542.641267
52.823891,153.545676,542.440196
48.040623,178.267502,541.460343
39.052089,-162.717019,540.133846
27.707016,-148.449094,539.241481
15.170164,-136.996008,539.636328
2.116678,-126.859432,541.923276
-11.171301,-111.761188,546.274571
-23.890943,-100.884506,552.057867
-35.651947,-87.753939,558.303441
-45.503303,-70.567772,563.754276
-51.842013,-47.755789,567.253495
-52.794895,-21.082574,568.058007
-47.992361,3.411633,566.036014
-39.052828,22.280978,561.696989
-27.775379,36.479371,556.047273
-15.294702,47.901470,550.309229
-2.271442,58.024361,545.581953
10.837709,67.976527,542.545658
23.599186,78.838883,541.305219
35.435990,91.956071,541.424420
45.385389,109.154139,542.135111
51.814011,132.058294,542.644117
52.795436,158.918585,542.431458
47.939676,-176.428023,541.442782
38.907167,-157.490989,540.116439
27.539083,-143.274817,539.236320
14.991190,-131.849117,539.654232
1.934034,-121.722335,541.969539
-11.351684,-106.619053,546.346634
-24.062484,-95.721180,552.144228
-35.804710,-82.547675,558.387543
-45.619938,-65.291261,563.818562
-51.895717,-42.400919,567.284185
-52.765499,-15.712904,568.048810
-47.891754,8.713402,565.989754
-38.908812,27.505616,561.624763
-27.608352,41.653023,555.965340
-15.116347,53.048083,550.234483
-2.089000,63.161342,545.527268
11.018416,73.118496,542.516581
23.771563,84.001990,541.299090
35.590005,97.162237,541.432198
45.503432,114.431228,542.145200
51.868658,137.415253,542.646821
52.765813,164.290999,542.422563
47.837926,-171.124733,541.425151
38.761807,-152.265877,540.099117
27.370930,-138.101069,539.231415
14.812121,-126.702470,539.672511
1.751382,-116.585270,542.016195
-11.531994,-101.476742,546.418988
-24.233845,-90.557423,552.230679
-35.957114,-77.340625,558.471487
-45.735899,-60.013610,563.882461
-51.948350,-37.045213,567.314343
-52.734955,-10.343741,568.039056
-47.790356,14.014004,565.943041
-38.764362,32.729352,561.552283
-27.441102,46.826154,555.883395
-14.937892,58.194455,550.159941
-1.906542,68.298293,545.472921
11.199058,78.260639,542.487859
23.943766,89.165528,541.293226
35.743664,102.369192,541.440088
45.620800,119.709473,542.155245
51.922223,142.773070,542.649376
52.735026,169.662899,542.413510
47.735378,-165.822630,541.407450
38.616014,-147.041676,540.081883
27.202559,-132.927845,539.226766
14.632958,-121.556064,539.691166
1.568721,-111.448233,542.063246
-11.712229,-96.334252,546.491631
-24.405023,-85.393231,552.317217
-36.109154,-72.132785,558.555270
-45.851181,-54.734816,563.945972
-51.999908,-31.688685,567.343970
-52.703267,-4.975101,568.028749
-47.688175,19.313439,565.895878
-38.619481,37.952191,561.479554
-27.273632,51.998768,555.801442
-14.759338,63.340588,550.085606
-1.724071,73.435218,545.418911
11.379632,83.402959,542.459492
24.115792,94.329499,541.287627
35.896964,107.576942,541.448088
45.737488,124.988877,542.165241
51.974700,148.131730,542.651783
52.703077,175.034267,542.404300
47.632039,-160.521713,541.389682
38.469791,-141.818380,540.064738
27.033973,-127.755140,539.222376
14.453703,-116.409897,539.710197
1.386054,-106.311221,542.110689
-11.892387,-91.191581,546.564562
-24.576015,-80.228601,552.403838
-36.260827,-66.924148,558.638887
-45.965778,-49.454877,564.009091
-52.050387,-26.331348,567.373062
-52.670436,0.392996,568.017886
-47.585214,24.611706,565.848265
-38.474173,43.174140,561.406577
-27.105944,57.170869,555.719484
-14.580686,68.486486,550.011481
-1.541586,78.572118,545.365241
11.560137,88.545460,542.431478
24.287641,99.493909,541.282290
36.049901,112.785493,541.456196
45.853490,130.269442,542.175189
52.026084,153.491220,542.654040
52.669970,-179.594916,542.394934
47.527914,-155.221983,541.371848
38.323142,-136.595984,540.047685
26.865174,-122.582951,539.218247
14.274356,-111.263964,539.729606
1.203381,-101.174232,542.158524
-12.072469,-86.048725,546.637777
-24.746822,-75.063529,552.490539
-36.412130,-61.714710,558.722335
-46.079686,-44.173790,564.071816
-52.099781,-20.973218,567.401620
-52.636467,5.760534,568.006471
-47.481480,29.908806,565.800207
-38.328442,48.395203,561.333357
-26.938040,62.342463,555.637525
-14.401938,73.632152,549.937568
-1.359090,83.708998,545.311910
11.740573,93.688145,542.403818
24.459309,104.658763,541.277214
36.202473,117.994851,541.464409
45.968800,135.551172,542.185085
52.076371,158.851525,542.656147
52.635706,-174.224667,542.385412
47.423009,-149.923439,541.353951
38.176072,-131.374483,540.030727
26.696163,-117.411271,539.214381
14.094920,-106.118263,539.749393
1.020703,-96.037264,542.206751
-12.252472,-80.905682,546.711275
-24.917440,-69.898009,552.577317
-36.563059,-56.504464,558.805611
-46.192897,-38.891552,564.134144
-52.148088,-15.614307,567.429642
-52.601362,11.127495,567.994502
-47.376979,35.204739,565.751704
-38.182293,53.615386,561.259897
-26.769922,67.513552,555.555567
-14.223095,78.777590,549.863869
-1.176583,88.845859,545.258921
11.920937,98.831016,542.376510
24.630796,109.824063,541.272396
36.354675,123.205020,541.472724
46.083412,140.834068,542.194929
52.125557,164.212632,542.658103
52.600290,-168.855005,542.375735
47.317330,-144.626081,541.335992
38.028584,-126.153869,540.013866
26.526943,-112.240097,539.210780
13.915396,-100.972790,539.769560
0.838022,-90.900313,542.255368
-12.432395,-75.762447,546.785053
-25.087867,-64.732037,552.664168
-36.713612,-51.293405,558.888711
-46.305408,-33.608163,564.196073
-52.195302,-10.254631,567.457127
-52.565125,16.493862,567.981981
-47.271717,40.499505,565.702759
-38.035728,58.834695,561.186199
-26.601591,72.684143,555.473614
-14.044158,83.922803,549.790387
-0.994066,93.982705,545.206274
12.101229,103.974077,542.349554
24.802099,114.989814,541.267836
36.506505,128.416008,541.481141
46.197322,146.118133,542.204717
52.173638,169.574525,542.659907
52.563725,-163.485947,542.365904
47.210883,-139.329909,541.317973
37.880681,-120.934138,539.997104
26.357517,-107.069425,539.207447
13.735785,-95.827542,539.790108
0.655339,-85.763376,542.304376
-12.612237,-70.619019,546.859108
-25.258102,-59.565611,552.751090
-36.863783,-46.081527,558.971632
-46.417212,-28.323619,564.257600
-52.241419,-4.894203,567.484073
-52.527759,21.859618,567.968909
-47.165699,45.793105,565.653375
-37.888751,64.053135,561.112268
-26.433052,77.854239,555.391669
-13.865130,89.067793,549.717125
-0.811540,99.119537,545.153969
12.281448,109.117331,542.322949
24.973216,120.156022,541.263530
36.657958,133.627819,541.489655
46.310524,151.403370,542.214448
52.220608,174.937190,542.661558
52.526015,-158.117511,542.355920
47.103674,-134.034922,541.299895
37.732369,-115.715284,539.980444
26.187885,-101.899248,539.204383
13.556088,-90.682516,539.811037
0.472655,-80.626451,542.353773
-12.791997,-65.475394,546.933440
-25.428143,-54.398724,552.838078
-37.013571,-40.868826,559.054370
-46.528304,-23.037919,564.318722
-52.286437,0.466960,567.510480
-52.489266,27.224745,567.955286
-47.058930,51.085540,565.603554
-37.741366,69.270713,561.038107
-26.264304,83.023845,555.309736
-13.686010,94.212565,549.644085
-0.629007,104.256360,545.102009
12.461591,114.260781,542.296695
25.144145,125.322689,541.259477
36.809031,138.840460,541.498266
46.423011,156.689781,542.224121
52.266465,-179.699388,542.663056
52.487161,-152.749714,542.345782
46.995709,-128.741120,541.281762
37.583650,-110.497301,539.963888
26.018051,-96.729564,539.201590
13.376306,-85.537708,539.832348
0.289970,-75.489536,542.403559
-12.971673,-60.331568,547.008044
-25.597988,-49.231373,552.925130
-37.162972,-35.655294,559.136923
-46.638678,-17.751061,564.379436
-52.330349,5.828844,567.536347
-52.449652,32.589228,567.941113
-46.951418,56.376810,565.553298
-37.593577,74.487434,560.963718
-26.095351,88.192965,555.227818
-13.506800,99.357120,549.571269
-0.446468,109.393174,545.050393
12.641658,119.404430,542.270791
25.314884,130.489821,541.255675
36.959721,144.053935,541.506970
46.534779,161.977367,542.233733
52.311203,-174.335226,542.664401
52.447170,-147.382572,542.335493
46.886992,-123.448500,541.263574
37.434528,-105.280183,539.947439
25.848016,-91.560367,539.199071
13.196442,-80.393116,539.854042
0.107286,-70.352626,542.453733
-13.151265,-55.187539,547.082920
-25.767634,-44.063553,553.012242
-37.311981,-30.440927,559.219286
-46.748328,-12.463043,564.439741
-52.373154,11.191434,567.561673
-52.408919,37.953051,567.926391
-46.843166,61.666916,565.502609
-37.445387,79.703302,560.889105
-25.926194,93.361604,555.145918
-13.327502,104.501464,549.498679
-0.263923,114.529985,544.999123
12.821648,124.548281,542.245235
25.485432,135.657422,541.252123
37.110025,149.268252,541.515766
46.645821,167.266130,542.243283
52.354819,-168.970338,542.665590
52.406043,-142.016103,542.325051
46.777532,-118.157063,541.245333
37.285007,-100.063924,539.931099
25.677782,-86.391654,539.196828
13.016496,-75.248735,539.876120
-0.075395,-65.215721,542.504294
-13.330770,-50.043304,547.158064
-25.937080,-38.895261,553.099411
-37.460596,-25.225718,559.301456
-46.857250,-7.173864,564.499634
-52.414846,16.554714,567.586456
-52.367071,43.316196,567.911120
-46.734181,66.955861,565.451491
-37.296801,84.918326,560.814271
-25.756836,98.529767,555.064039
-13.148117,109.645598,549.426319
-0.081374,119.666793,544.948200
13.001559,129.692337,542.220029
25.655786,140.825496,541.248817
37.259938,154.483415,541.524651
46.756131,172.556072,542.252769
52.397308,-163.604740,542.666625
52.363785,-136.650323,542.314459
46.667332,-112.866806,541.227043
37.135090,-94.848520,539.914870
25.507352,-81.223418,539.194863
12.836469,-70.104564,539.898584
-0.258074,-60.078816,542.555242
-13.510188,-44.898859,547.233474
-26.106324,-33.726491,553.186633
-37.608812,-20.009663,559.383429
-46.965438,-1.883523,564.559112
-52.455422,21.918667,567.610696
-52.324111,48.678648,567.895302
-46.624469,72.243644,565.399944
-37.147820,90.132508,560.739220
-25.587278,103.697457,554.982185
-12.968646,114.789525,549.354190
0.101178,124.803602,544.897624
13.181390,134.836602,542.195169
25.825944,145.994048,541.245757
37.409456,159.699431,541.533622
46.865704,177.847195,542.262189
52.438668,-158.238450,542.667503
52.320399,-131.285248,542.303718
46.556399,-107.577729,541.208703
36.984782,-89.633963,539.898756
25.336728,-76.055657,539.193177
12.656363,-64.960599,539.921433
-0.440748,-54.941909,542.606574
-13.689517,-39.754202,547.309148
-26.275363,-28.557239,553.273905
-37.756627,-14.792756,559.465204
-47.072885,3.407982,564.618172
-52.494879,27.283278,567.634392
-52.280044,54.040391,567.878937
-46.514035,77.530267,565.347972
-36.998450,95.345856,560.663955
-25.417523,108.864679,554.900359
-12.789091,119.933250,549.282295
0.283732,129.940414,544.847396
13.361139,139.981079,542.170657
25.995904,151.163082,541.242941
37.558577,164.916305,541.542678
46.974535,-176.860501,542.271541
52.478893,-152.871482,542.668225
52.275890,-125.920894,542.292827
46.444739,-102.289829,541.190317
36.834086,-84.420248,539.882758
25.165910,-70.888366,539.191773
12.476180,-59.816836,539.944668
-0.623417,-49.804998,542.658292
