-11.366763,-37.495509,546.351781
-24.076822,-26.595850,552.150615
-35.817472,-13.418734,558.393852
-45.629665,3.843574,563.823381
-51.900162,26.740462,567.286408
-52.762987,53.429655,568.047941
-47.883300,77.850250,565.986041
-38.896744,96.636021,561.619124
-27.594370,110.779178,555.959104
-15.101425,122.171986,550.229011
-2.073743,132.284446,545.523570
11.033521,142.242024,542.515045
23.785963,153.127295,541.299415
35.602859,166.291153,541.433559
45.513265,-176.433916,542.146570
51.873175,-153.443234,542.647348
52.763286,-126.566260,542.421874
47.829389,-101.987798,541.423485
38.749643,-83.135458,540.097247
27.356869,-68.974922,539.230386
14.797151,-57.578573,539.673274
1.736113,-47.462162,542.019242
-11.547066,-32.353183,546.424160
-24.248167,-21.432057,552.237075
-35.969845,-8.211619,558.477785
-45.745569,9.121321,563.887250
-51.952705,32.096237,567.316525
-52.732348,58.798776,568.038145
-47.781837,83.150754,565.939294
-38.752257,101.859682,561.546626
-27.427102,115.952265,555.877161
-14.922962,127.318338,550.154488
-1.891285,137.421395,545.469252
11.214157,147.384182,542.486353
23.958151,158.290868,541.293573
35.756488,171.498174,541.441457
45.630576,-171.155574,542.156608
51.926649,-148.085346,542.649887
52.732402,-121.194404,542.412804
47.726775,-96.685793,541.405775
38.603813,-77.911333,540.080017
27.188481,-63.801742,539.225757
14.617980,-52.432188,539.691958
1.553452,-42.325127,542.066324
-11.727295,-27.210678,546.496828
-24.419330,-16.267829,552.323621
-36.121855,-3.003712,558.561555
-45.860794,14.400211,563.950731
-52.004173,37.452833,567.346110
-52.700564,64.167370,568.027794
-47.679590,88.450091,565.892096
-38.607340,107.082446,561.473879
-27.259613,121.124836,555.795210
-14.744400,132.464451,550.080172
-1.708812,142.558318,545.415271
11.394725,152.526517,542.458015
24.130163,163.454876,541.287995
35.909758,176.705991,541.449464
45.747207,-165.876074,542.166598
51.979034,-142.726616,542.652278
52.700356,-115.823081,542.403578
47.623370,-91.384975,541.387998
38.457555,-72.688113,540.062877
27.019877,-58.629081,539.221386
14.438717,-47.286040,539.711019
1.370784,-37.188117,542.113799
-11.907447,-22.067992,546.569782
-24.590307,-11.103162,552.410250
-36.273497,2.204992,558.645160
-45.975334,19.680246,564.013820
-52.054561,42.810237,567.375161
-52.667638,69.535422,568.016889
-47.576564,93.748261,565.844450
-38.461997,112.304320,561.400885
-27.091907,126.296895,555.713254
-14.565740,137.610330,550.006066
-1.526326,147.695217,545.361630
11.575225,157.669034,542.430030
24.301996,168.619323,541.282679
36.062665,-178.085391,541.457578
45.863151,-160.595411,542.176538
52.030327,-137.367058,542.654520
52.667151,-110.452311,542.394195
47.519179,-86.085344,541.370155
38.310871,-67.465792,540.045829
26.851059,-53.456934,539.217276
14.259363,-42.140127,539.730458
1.188110,-32.051130,542.161666
-12.087522,-16.925121,546.643021
-24.761098,-5.938052,552.496959
-36.424769,7.414497,558.728596
-46.089183,24.961429,564.076515
-52.103865,48.168433,567.403678
-52.633573,74.902912,568.005430
-47.472766,99.045263,565.796357
-38.316231,117.525309,561.327648
-26.923985,131.468445,555.631297
-14.386984,142.755977,549.932172
-1.343829,152.832095,545.308329
11.755654,162.811734,542.402399
24.473650,173.784213,541.277623
36.215206,-172.875966,541.465798
45.978403,-155.313584,542.186427
52.080523,-132.006685,542.656611
52.632792,-105.082111,542.384657
47.414210,-80.786900,541.352249
38.163765,-62.244365,540.028875
26.682031,-48.285297,539.213430
14.079920,-36.994444,539.750275
1.005432,-26.914163,542.209925
-12.267519,-11.782061,546.716543
-24.931700,-0.772494,552.583744
-36.575667,12.624811,558.811860
-46.202337,30.243763,564.138813
-52.152080,53.527408,567.431658
-52.598374,80.269824,567.993419
-47.368201,104.341098,565.747821
-38.170047,122.745419,561.254171
-26.755849,136.639493,555.549342
-14.208133,147.901395,549.858494
-1.161321,157.968954,545.255369
11.936013,167.954621,542.375120
24.645121,178.949551,541.272825
36.367377,-167.665728,541.474120
46.092957,-150.030590,542.196263
52.129617,-126.645512,542.658551
52.597280,-99.712498,542.374964
47.308466,-75.489641,541.334282
38.016242,-57.023825,540.012019
26.512794,-43.114165,539.209849
13.900388,-31.848990,539.770472
0.822751,-21.777213,542.258574
-12.447435,-6.638811,546.790344
-25.102111,4.393515,552.670603
-36.726188,17.835938,558.894947
-46.314788,35.527249,564.200711
-52.199202,58.887148,567.459101
-52.562042,85.636141,567.980856
-47.262875,109.635767,565.698843
-38.023447,127.964655,561.180457
-26.587501,141.810042,555.467392
-14.029189,153.046589,549.785032
-0.978804,163.105799,545.202751
12.116298,173.097698,542.348193
24.816408,-175.884659,541.268285
36.519175,-162.454672,541.482542
46.206808,-144.746427,542.206044
52.177605,-121.283553,542.660339
52.560619,-94.343492,542.365117
47.201956,-70.193568,541.316254
37.868306,-51.804168,539.995263
26.343350,-37.943534,539.206536
13.720770,-26.703761,539.791050
0.640068,-16.640278,542.307614
-12.627270,-1.495366,546.864424
-25.272330,9.559980,552.757532
-36.876327,23.047884,558.977855
-46.426533,40.811890,564.262207
-52.245228,64.247638,567.486006
-52.524581,91.001844,567.967741
-47.156794,114.929270,565.649425
-37.876436,133.183023,561.106509
-26.418944,146.980097,555.385450
-13.850152,158.191561,549.711790
-0.796277,168.242630,545.150476
12.296511,178.240968,542.321617
24.987510,-170.718414,541.263999
36.670597,-157.242791,541.491063
46.319950,-139.461092,542.215768
52.224482,-115.920825,542.661974
52.522812,-88.975108,542.355116
47.094683,-64.898680,541.298168
37.719959,-46.585387,539.978608
26.173701,-32.773399,539.203492
13.541065,-21.558753,539.812009
0.457383,-11.503354,542.357043
-12.807023,3.648276,546.938778
-25.442355,14.726906,552.844527
-37.026083,28.260655,559.060581
-46.537565,46.097687,564.323298
-52.290153,69.608862,567.512371
-52.485995,96.366919,567.954075
-47.049963,120.221607,565.599571
-37.729017,138.400529,561.032331
-26.250179,152.149662,555.303521
-13.671025,163.336315,549.638770
-0.613744,173.379452,545.098545
12.476648,-176.615566,542.295392
25.158423,-165.551707,541.259966
36.821639,-152.030081,541.499679
46.432377,-134.174584,542.225433
52.270245,-110.557341,542.663456
52.483864,-83.607365,542.344962
46.986655,-59.604976,541.280027
37.571206,-41.367476,539.962058
26.003850,-27.603755,539.200720
13.361277,-16.413963,539.833351
0.274699,-6.366439,542.406861
-12.986693,8.792118,547.013406
-25.612183,19.894296,552.931585
-37.175451,33.474257,559.143119
-46.647879,51.384642,564.383981
-52.333973,74.970806,567.538196
-52.446287,101.731347,567.939860
-46.942389,125.512779,565.549282
-37.581195,143.617178,560.957927
-26.081209,157.318742,555.221606
-13.491808,168.480852,549.565974
-0.431204,178.516266,545.046959
12.656708,-171.471900,542.269517
25.329146,-160.384536,541.256183
36.972296,-146.816536,541.508389
46.544084,-128.886900,542.235037
52.314890,-105.193117,542.664784
52.443777,-78.240279,542.334656
46.877876,-54.312456,541.261831
37.422050,-36.150430,539.945615
25.833799,-22.434599,539.198221
13.181406,-11.269389,539.855075
0.092015,-1.229530,542.457067
-13.166277,13.936164,547.088305
-25.781812,25.062155,553.018704
-37.324427,38.688694,559.225469
-46.757469,56.672757,564.444255
-52.376685,80.333454,567.563480
-52.405460,107.095113,567.925095
-46.834075,130.802788,565.498561
-37.432972,148.832976,560.883298
-25.912035,162.487341,555.139710
-13.312503,173.625178,549.493406
-0.248659,-176.346924,544.995719
12.836691,-166.328032,542.243990
25.499678,-155.216896,541.252650
37.122567,-141.602148,541.517190
46.655065,-123.598038,542.244579
52.358412,-99.828169,542.665957
52.402556,-72.873867,542.324199
46.768353,-49.021117,541.243583
37.272496,-30.934243,539.929281
25.663548,-17.265925,539.195999
13.001453,-6.125026,539.877184
-0.090666,3.907376,542.507659
-13.345775,19.080417,547.163471
-25.951242,30.230487,553.105878
-37.473009,43.903973,559.307625
-46.866329,61.962033,564.504115
-52.418284,85.696791,567.588221
-52.363519,112.458201,567.909782
-46.725030,136.091635,565.447410
-37.284352,154.047928,560.808449
-25.742660,167.655464,555.057836
-13.133111,178.769295,549.421066
-0.066110,-171.210116,544.944825
13.016596,-161.183958,542.218812
25.670015,-150.048783,541.249364
37.272447,-136.386914,541.526080
46.765314,-118.307997,542.254056
52.400807,-94.462513,542.666975
52.360203,-67.508145,542.313591
46.658092,-43.730959,541.225285
37.122547,-25.718909,539.913059
25.493102,-12.097730,539.194054
12.821419,-0.980872,539.899678
-0.273344,9.044280,542.558639
-13.525185,24.224879,547.238904
-26.120469,35.399297,553.193106
-37.621192,49.120099,559.389584
-46.974455,67.252471,564.563561
-52.458767,91.060800,567.612419
-52.320466,117.820594,567.893922
-46.615257,141.379321,565.395831
-37.135339,159.262041,560.733383
-25.573086,172.823115,554.975987
-12.953633,-176.086795,549.348958
0.116443,-166.073307,544.894279
13.196420,-156.039676,542.193982
25.840157,-144.880191,541.246323
37.421933,-131.170827,541.535056
46.874826,-113.016776,542.263468
52.442072,-89.096165,542.667838
52.316724,-62.143130,542.302833
46.547098,-38.441980,541.206938
36.972206,-20.504423,539.896951
25.322461,-6.930008,539.192389
12.641307,4.163076,539.922558
-0.456018,14.181187,542.610003
-13.704507,29.369555,547.314600
-26.289491,40.568589,553.280384
-37.768973,54.337079,559.471344
-47.081840,72.544074,564.622589
-52.498130,96.425466,567.636072
-52.276307,123.182278,567.877515
-46.504763,146.665848,565.343827
-36.985936,164.475320,560.658104
-25.403314,177.990298,554.894166
-12.774070,-170.943087,549.277084
0.298997,-160.936494,544.844081
13.376162,-150.895181,542.169498
26.010100,-139.711116,541.243525
37.571020,-125.953881,541.544116
46.983594,-107.724373,542.272811
52.482202,-83.729142,542.668543
52.272121,-56.778837,542.291926
46.435377,-33.154178,541.188545
36.821477,-15.290778,539.880960
25.151628,-1.762756,539.191007
12.461117,9.306822,539.945824
-0.638687,19.318099,542.661752
-13.883739,34.514447,547.390557
-26.458307,45.738368,553.367708
-37.916349,59.554917,559.552900
-47.188478,77.836841,564.681197
-52.536369,101.790771,567.659181
-52.231045,128.543236,567.860562
-46.393553,151.951217,565.291401
-36.836148,169.687770,560.582613
-25.233346,-176.842982,554.812376
-12.594424,-165.799579,549.205446
0.481552,-155.799674,544.794232
13.555822,-145.750472,542.145360
26.179844,-134.541555,541.240969
37.719706,-120.736071,541.553259
47.091613,-102.430786,542.282085
52.521195,-78.361460,542.669091
52.226400,-51.415283,542.280871
46.322935,-27.867552,541.170107
36.670364,-10.077969,539.865087
24.980604,3.404031,539.189907
12.280850,14.450369,539.969478
-0.821348,24.455019,542.713885
-14.062879,39.659558,547.466773
-26.626915,50.908638,553.455075
-38.063315,64.773619,559.634249
-47.294365,83.130774,564.739383
-52.573482,107.156700,567.681743
-52.184683,133.903454,567.843064
-46.281632,157.235430,565.238554
-36.685976,174.899397,560.506916
-25.063185,-171.676721,554.730621
-12.414697,-160.656268,549.134047
0.664107,-150.662846,544.744732
13.735398,-140.605543,542.121567
26.349385,-129.371502,541.238652
37.867986,-115.517391,541.562481
47.198877,-97.136015,542.291287
52.559046,-72.993136,542.669482
52.179563,-46.052482,542.269668
46.209778,-22.582100,541.151627
36.518871,-4.865991,539.849336
24.809393,8.570358,539.189094
12.100509,19.593720,539.993520
-1.004003,29.591949,542.766401
-14.241927,44.804892,547.543245
-26.795312,56.079403,553.542482
-38.209868,69.993190,559.715388
-47.399494,88.425873,564.797143
-52.609465,112.523235,567.703758
-52.137226,139.262917,567.825022
-46.169007,162.518489,565.185290
-36.535426,-179.889793,560.431014
-24.892833,-166.510915,554.648905
-12.234889,-155.513149,549.062888
0.846661,-145.526005,544.695584
13.914888,-135.460394,542.098119
26.518722,-124.200954,541.236572
38.015857,-110.297835,541.571780
47.305380,-91.840060,542.300416
52.595753,-67.624187,542.669714
52.131615,-40.690451,542.258319
46.095910,-17.297819,541.133106
36.367000,0.345163,539.833709
24.637994,13.736229,539.188569
11.920093,24.736877,540.017951
-1.186648,34.728891,542.819298
-14.420880,49.950451,547.619971
-26.963496,61.250668,553.629925
-38.356005,75.213638,559.796314
-47.503859,93.722138,564.854476
-52.644314,117.890359,567.725225
-52.088678,144.621610,567.806437
-46.055683,167.800396,565.131610
-36.384499,-174.679795,560.354912
-24.722291,-161.345560,554.567229
-12.055001,-150.370222,548.991973
1.029213,-140.389150,544.646786
14.094292,-130.315019,542.075013
26.687853,-119.029905,541.234727
38.163314,-105.077397,541.581155
47.411116,-86.542918,542.309471
52.631310,-62.254632,542.669788
52.082561,-35.329203,542.246825
45.981339,-12.014708,541.114547
36.214755,5.555498,539.818208
24.466412,18.901648,539.188334
11.739605,29.879845,540.042771
-1.369284,39.865850,542.872577
-14.599738,55.096240,547.696948
-27.131465,66.422438,553.717401
-38.501721,80.434966,559.877023
-47.607455,99.019571,564.911379
-52.678026,123.258056,567.746143
-52.039043,149.979519,567.787311
-45.941665,173.081154,565.077518
-36.233201,-169.470603,560.278613
-24.551561,-156.180650,554.485598
-11.875035,-145.227481,548.921302
1.211761,-135.252277,544.598341
14.273607,-125.169417,542.052251
26.856775,-113.858350,541.233115
38.310355,-99.856071,541.590602
47.516080,-81.244591,542.318448
52.665716,-56.884486,542.669702
52.032404,-29.968754,542.235185
45.866068,-6.732764,541.095952
36.062140,10.765021,539.802836
24.294647,24.066619,539.188390
11.559045,35.022626,540.067982
-1.551909,45.002827,542.926235
-14.778500,60.242261,547.774173
-27.299218,71.594717,553.804906
-38.647013,85.657181,559.957512
-47.710276,104.318171,564.967849
-52.710599,128.626307,567.766512
-51.988326,155.336630,567.767643
-45.826959,178.360764,565.023015
-36.081533,-164.262212,560.202120
-24.380645,-151.016182,554.404014
-11.694993,-140.084925,548.850879
1.394304,-130.115384,544.550248
14.452833,-120.023583,542.029829
27.025487,-108.686286,541.231735
38.456975,-94.633853,541.600119
47.620265,-75.945077,542.327348
52.698967,-51.513768,542.669456
51.981150,-24.609118,542.223402
45.750105,-1.451985,541.077321
35.909159,15.973736,539.787595
24.122701,29.231146,539.188740
11.378416,40.165224,540.093583
-1.734522,50.139826,542.980273
-14.957163,65.388517,547.851644
-27.466752,76.767510,553.892437
-38.791876,90.880289,560.037777
-47.812317,109.617938,565.023885
-52.742029,133.995096,567.786331
-51.936531,160.692929,567.747435
-45.711570,-176.360770,564.968105
-35.929500,-159.054615,560.125437
-24.209545,-145.852153,554.322481
-11.514874,-134.942550,548.780706
1.576842,-124.978468,544.502508
14.631969,-114.877515,542.007749
27.193986,-103.513708,541.230584
38.603171,-89.410735,541.609705
47.723666,-70.644376,542.336167
52.731060,-46.142497,542.669050
51.928802,-19.250309,542.211475
45.633455,3.827633,541.058659
35.755814,21.181649,539.772488
23.950577,34.395235,539.189386
11.197717,45.307640,540.119576
-1.917122,55.276849,543.034688
-15.135727,70.535012,547.929359
-27.634064,81.940821,553.979991
-38.936308,96.104294,560.117815
-47.913571,114.918872,565.079484
-52.772313,139.364403,567.805598
-51.883662,166.048401,567.726689
-45.595504,-171.083447,564.912790
-35.777104,-153.847807,560.048566
-24.038263,-140.688556,554.241003
-11.334681,-129.800353,548.710785
1.759373,-119.841526,544.455123
14.811012,-109.731208,541.986008
27.362270,-98.340611,541.229660
38.748938,-84.186713,541.619356
47.826277,-65.342488,542.344904
52.761991,-40.770690,542.668483
51.875366,-13.892341,542.199407
45.516123,9.106091,541.039966
35.602108,26.388767,539.757516
23.778276,39.558889,539.190329
11.016951,50.449879,540.145961
-2.099708,60.413899,543.089480
-15.314191,75.681750,548.007315
-27.801153,87.114654,554.067564
-39.080303,101.329203,560.197623
-48.014033,120.220973,565.134643
-52.801448,144.734211,567.824314
-51.829724,171.403035,567.705404
-45.478766,-165.807263,564.857072
-35.624350,-148.641784,559.971511
-23.866801,-135.525389,554.159581
-11.154415,-124.658331,548.641118
1.941896,-114.704556,544.408091
14.989962,-104.584661,541.964605
27.530337,-93.166990,541.228961
38.894273,-78.961780,541.629071
47.928091,-60.039414,542.353558
52.791759,-35.398366,542.667755
51.820845,-8.535228,542.187197
45.398114,14.383393,541.021245
35.448047,31.595094,539.742683
23.605800,44.722112,539.191572
10.836118,55.591944,540.172739
-2.282279,65.550978,543.144648
-15.492552,80.828732,548.085509
-27.968017,92.289015,554.155153
-39.223859,106.555022,560.277197
-48.113697,125.524240,565.189361
-52.829433,150.104502,567.842478
-51.774721,176.756817,567.683583
-45.361361,-160.532216,564.800954
-35.471239,-143.436538,559.894276
-23.695161,-130.362647,554.078221
-10.974077,-119.516482,548.571707
2.124411,-109.567555,544.361415
15.168817,-99.437869,541.943541
27.698185,-87.992841,541.228486
39.039171,-73.735931,541.638847
48.029104,-54.735154,542.362127
52.820360,-30.025543,542.666865
51.765245,-3.178983,542.174848
45.279435,19.659542,541.002497
35.293632,36.800637,539.727991
23.433151,49.884909,539.193116
10.655221,60.733837,540.199911
-2.464833,70.688090,543.200191
-15.670810,85.975964,548.163939
-28.134653,97.463909,554.242754
-39.366972,111.781755,560.356534
-48.212557,130.828671,565.243634
-52.856263,155.475258,567.860088
-51.718658,-177.890266,567.661227
-45.243295,-155.258302,564.744439
-35.317777,-138.232065,559.816864
-23.523344,-125.200326,553.996923
-10.793668,-114.374801,548.502554
2.306915,-104.430519,544.315094
15.347576,-94.290830,541.922813
27.865811,-82.818159,541.228231
39.183629,-68.509160,541.648682
48.129308,-49.429708,542.370610
52.847791,-24.652240,542.665814
51.708570,2.176381,542.162360
45.160091,24.934541,540.983726
35.138866,42.005402,539.713442
23.260331,55.047283,539.194963
10.474259,65.875562,540.227476
-2.647370,75.825236,543.256107
-15.848963,91.123447,548.242602
-28.301059,102.639339,554.330364
-39.509636,117.009408,560.435631
-48.310607,136.134268,565.297461
-52.881938,160.846459,567.877144
-51.661540,-172.538227,567.638335
-45.124574,-149.985519,564.687529
-35.163964,-133.028359,559.739277
-23.351352,-120.038423,553.915693
-10.613190,-109.233286,548.433661
2.489409,-99.293447,544.269130
15.526237,-89.143539,541.902420
28.033213,-77.642939,541.228195
39.327642,-63.281461,541.658574
48.228698,-44.123078,542.379003
52.874049,-19.278477,542.664599
51.650826,7.530852,542.149733
45.040087,30.208392,540.964932
34.983755,47.209392,539.699039
23.087341,60.209239,539.197115
10.293235,71.017122,540.255436
-2.829888,80.962421,543.312396
-16.027010,96.271186,548.321495
-28.467233,107.815310,554.417979
-39.651849,122.237987,560.514484
-48.407843,141.441027,565.350840
-52.906453,166.218087,567.893646
-51.603372,-167.187077,567.614911
-45.005202,-144.713863,564.630226
-35.009806,-127.825414,559.661521
-23.179187,-114.876932,553.834532
-10.432643,-104.091934,548.365031
2.671890,-94.156335,544.223522
15.704799,-83.995994,541.882363
28.200389,-72.467177,541.228376
39.471207,-58.052829,541.668520
48.327269,-38.815264,542.387307
52.899133,-13.904272,542.663223
51.592016,12.884416,542.136970
44.919429,35.481100,540.946118
34.828299,52.412616,539.684784
22.914185,65.370782,539.199575
10.112149,76.158519,540.283791
-3.012387,86.099646,543.369056
-16.204949,101.419183,548.400616
-28.633172,112.991828,554.505597
-39.793606,127.467498,560.593091
-48.504257,146.748948,565.403768
-52.929808,171.590123,567.909593
-51.544157,-161.836829,567.590954
-44.885185,-139.443332,564.572535
-34.855305,-122.623225,559.583597
-23.006851,-109.715850,553.753445
-10.252029,-98.950742,548.296666
2.854358,-89.019182,544.178272
15.883261,-78.848191,541.862638
28.367337,-67.290868,541.228772
39.614319,-52.823258,541.678519
48.425013,-33.506267,542.395520
52.923040,-8.529645,542.661682
51.532146,18.237061,542.124070
44.798122,40.752668,540.927287
34.672503,57.615077,539.670680
22.740862,70.531914,539.202343
9.931003,81.299757,540.312542
-3.194865,91.236915,543.426086
-16.382779,106.567443,548.479963
-28.798875,118.168897,554.593212
-39.934904,132.697946,560.671447
-48.599844,152.058029,565.456242
-52.951999,176.962548,567.924985
-51.483902,-156.487494,567.566467
-44.764527,-134.173921,564.514456
-34.700464,-117.421787,559.505510
-22.834346,-104.555172,553.672433
-10.071349,-93.809707,548.228567
3.036811,-83.881983,544.133379
16.061622,-73.700127,541.843247
28.534054,-62.114007,541.229381
39.756974,-47.592743,541.688567
48.521925,-28.196090,542.403639
52.945767,-3.154615,542.659979
51.471221,23.588776,542.111036
44.676171,46.023099,540.908439
34.516371,62.816783,539.656729
22.567376,75.692640,539.205422
9.749798,86.440838,540.341688
-3.377321,96.374230,543.483485
-16.560499,111.715968,548.559531
-28.964338,123.346522,554.680823
-40.075737,137.929336,560.749550
-48.694598,157.368268,565.508262
-52.973025,-177.664657,567.939820
-51.422611,-151.139084,567.541450
-44.643235,-128.905627,564.455994
-34.545286,-112.221094,559.427262
-22.661673,-99.394896,553.591501
-9.890605,-88.668826,548.160737
3.219249,-78.744736,544.088844
16.239879,-68.551799,541.824186
28.700539,-56.936588,541.230200
39.899169,-42.361276,541.698663
48.618000,-22.884733,542.411664
52.967312,2.220798,542.658112
51.409246,28.939549,542.097868
44.553582,51.292397,540.889578
34.359904,68.017737,539.642933
22.393728,80.852965,539.208813
9.568535,91.581766,540.371231
-3.559754,101.511593,543.541251
-16.738108,116.864762,548.639319
-29.129561,128.524707,554.768425
-40.216103,143.161674,560.827396
-48.788514,162.679664,565.559823
-52.992883,-172.291512,567.954099
-51.360289,-145.791609,567.515904
-44.521314,-123.638447,564.397150
-34.389775,-107.021140,559.348857
-22.488834,-94.235016,553.510652
-9.709796,-83.528096,548.093178
3.401670,-73.607439,544.044667
16.418031,-63.403202,541.805456
28.866788,-51.758609,541.231228
40.040898,-37.128854,541.708804
48.713231,-17.572199,542.419592
52.987673,7.596575,542.656081
51.346227,34.289368,542.084568
44.430361,56.560566,540.870706
34.203106,73.217946,539.629295
22.219919,86.012892,539.212519
9.387216,96.722544,540.401171
-3.742163,106.649009,543.599384
-16.915603,122.013828,548.719325
-29.294539,133.703457,554.856016
-40.355997,148.394966,560.904982
-48.881585,167.992213,565.610925
-53.011573,-166.918037,567.967820
-51.296941,-140.445081,567.489832
-44.398768,-118.372377,564.337927
-34.233933,-101.821921,559.270299
-22.315831,-89.075529,553.429888
-9.528926,-78.387514,548.025891
3.584074,-68.470088,544.000849
16.596078,-58.254335,541.787054
29.032799,-46.580062,541.232462
40.182158,-31.895470,541.718988
48.807612,-12.258489,542.427422
53.006849,12.972695,542.653885
51.282167,39.638223,542.071136
44.306512,61.827610,540.851824
34.045981,78.417416,539.615817
22.045952,91.172426,539.216540
9.205841,101.863174,540.431508
-3.924547,111.786479,543.657882
-17.092983,127.163169,548.799544
-29.459272,138.882778,554.943591
-40.495414,153.629216,560.982305
-48.973806,173.305915,565.661566
-53.029091,-161.544250,567.980984
-51.232572,-135.099511,567.463233
-44.275604,-113.107413,564.278329
-34.077764,-96.623430,559.191591
-22.142666,-83.916430,553.349213
-9.347994,-73.247077,547.958878
3.766459,-63.332681,543.957391
16.774017,-53.105192,541.768981
29.198571,-41.400945,541.233900
40.322945,-26.661119,541.729213
48.901137,-6.943606,542.435154
53.024837,18.349138,542.651525
51.217073,44.986103,542.057574
44.182040,67.093531,540.832935
33.888531,83.616152,539.602501
21.871828,96.331570,539.220879
9.024412,107.003660,540.462242
-4.106905,116.924006,543.716744
-17.270248,132.312790,548.879975
-29.623757,144.062674,555.031147
-40.634351,158.864431,561.059362
-49.065171,178.620765,565.711742
-53.045436,-156.170171,567.993590
-51.167187,-129.754908,567.436111
-44.151825,-107.843552,564.218357
-33.921270,-91.425662,559.112736
-21.969340,-78.757717,553.268629
-9.167002,-68.106783,547.892143
3.948824,-58.195216,543.914292
16.951847,-47.955771,541.751234
29.364100,-36.221251,541.235540
40.463254,-21.425795,541.739476
48.993800,-1.627553,542.442784
53.041636,23.725884,542.649000
51.150950,50.332997,542.043882
44.056952,72.358336,540.814041
33.730760,88.814159,539.589351
21.697550,101.490328,539.225538
8.842930,112.144005,540.493375
-4.289235,122.061594,543.775968
-17.447395,137.462694,548.960614
-29.787991,149.243150,555.118681
-40.772803,164.100616,561.136148
-49.155674,-176.063238,565.761452
-53.060607,-150.795822,568.005637
-51.100792,-124.411282,567.408465
-44.027437,-102.580789,564.158015
-33.764455,-86.228612,559.033737
-21.795855,-73.599384,553.188141
-8.985952,-62.966627,547.825685
4.131168,-53.057689,543.871553
17.129568,-42.806069,541.733813
29.529384,-31.040975,541.237380
40.603080,-16.189493,541.749776
49.085596,3.689669,542.450312
53.057243,29.102914,542.646310
51.083803,55.678895,542.030063
43.931252,77.622027,540.795144
33.572670,94.011443,539.576368
21.523118,106.648704,539.230518
8.661396,117.284211,540.524906
-4.471537,127.199244,543.835554
-17.624423,142.612883,549.041459
-29.951971,154.424210,555.206189
-40.910766,169.337776,561.212662
-49.245309,-170.746098,565.810695
-53.074603,-145.421220,568.017125
-51.033391,-119.068644,567.380297
-43.902445,-97.319120,564.097305
-33.607321,-81.032274,558.954599
-21.622213,-68.441428,553.107750
-8.804843,-57.826608,547.759508
4.313490,-47.920097,543.829174
17.307176,-37.656081,541.716716
29.694421,-25.860114,541.239417
40.742420,-10.952206,541.760110
49.176518,9.008055,542.457736
53.071658,34.480205,542.643455
51.015637,61.023787,542.016116
43.804945,82.884609,540.776246
33.414264,99.208010,539.563555
21.348534,111.806703,539.235821
8.479811,122.424281,540.556835
-4.653809,132.336959,543.895499
-17.801330,147.763362,549.122508
-30.115697,159.605861,555.293668
-41.048235,174.575916,561.288900
-49.334071,-165.427819,565.859467
-53.087422,-140.046387,568.028054
-50.964990,-113.727003,567.351609
-43.776854,-92.058541,564.036230
-33.449871,-75.836643,558.875324
-21.448416,-63.283846,553.027460
-8.623679,-52.686723,547.693614
4.495789,-42.782438,543.787156
17.484671,-32.505805,541.699942
29.859209,-20.678661,541.241651
40.881269,-5.713930,541.770476
49.266560,14.327603,542.465055
53.084879,39.857738,542.640435
50.946459,66.367663,542.002044
43.678037,88.146086,540.757350
33.255546,104.403865,539.550914
21.173801,116.964328,539.241448
8.298177,127.564219,540.589164
-4.836051,137.474744,543.955802
-17.978116,152.914134,549.203756
-30.279164,164.788106,555.381114
-41.185207,179.815042,561.364858
-49.421953,-160.108404,565.907766
-53.099062,-134.671343,568.038424
-50.895595,-108.386368,567.322403
-43.650670,-86.799048,563.974793
-33.292109,-70.641713,558.795915
-21.274464,-58.126632,552.947275
-8.442458,-47.546968,547.628003
4.678063,-37.644709,543.745498
17.662051,-27.355236,541.683490
30.023744,-15.496612,541.244077
41.019623,-0.474659,541.780872
49.355716,19.648309,542.472267
53.096904,45.235493,542.637250
50.876272,71.710515,541.987848
43.550532,93.406463,540.738457
33.096519,109.599013,539.538448
20.998919,122.121583,539.247402
8.116495,132.704027,540.621892
-5.018261,142.612599,544.016463
-18.154779,158.065202,549.285202
-30.442370,169.970950,555.468524
-41.321677,-174.944841,561.440534
-49.508951,-154.787856,565.955592
-53.109523,-129.296108,568.048233
-50.825210,-103.046748,567.292679
-43.523897,-81.540637,563.912997
-33.134037,-65.447480,558.716377
-21.100360,-52.969784,552.867196
-8.261184,-42.407340,547.562679
4.860312,-32.506907,543.704202
17.839315,-22.204372,541.667359
30.188025,-10.313962,541.246695
41.157477,4.765612,541.791295
49.443981,24.970170,542.479371
53.107733,50.613448,542.633898
50.805083,77.052332,541.973529
43.422437,98.665743,540.719571
32.937185,114.793461,539.526159
20.823891,127.278471,539.253684
7.934766,137.843708,540.655019
-5.200438,147.750528,544.077479
-18.331317,163.216571,549.366843
-30.605314,175.154400,555.555894
-41.457640,-169.703727,561.515924
-49.595057,-149.466180,566.002941
-53.118803,-123.920701,568.057482
-50.753840,-97.708151,567.262439
-43.396539,-76.283304,563.850844
-32.975657,-60.253937,558.636713
-20.926106,-47.813298,552.787227
-8.079857,-37.267837,547.497642
5.042535,-27.369030,543.663266
18.016462,-17.053208,541.651547
30.352048,-5.130706,541.249502
41.294827,10.006889,541.801743
49.531348,30.293182,542.486365
53.117365,55.991583,542.630381
50.732898,82.393107,541.959088
43.293755,103.923932,540.700693
32.777547,119.987212,539.514050
20.648719,132.434998,539.260296
7.752990,142.983265,540.688546
-5.382581,152.888535,544.138849
-18.507728,168.368242,549.448675
-30.767993,-179.661542,555.643221
-41.593093,-164.461612,561.591025
-49.680267,-144.143380,566.049812
-53.126902,-118.545145,568.066171
-50.681493,-92.370586,567.231684
-43.268603,-71.027043,563.788338
-32.816974,-55.061080,558.556925
-20.751702,-42.657169,552.707371
-7.898478,-32.128456,547.432895
5.224730,-22.231074,543.622692
18.193489,-11.901742,541.636052
30.515812,0.053162,541.252496
41.431668,15.249177,541.812214
49.617812,35.617339,542.493248
53.125797,61.369877,542.626699
50.659722,87.732830,541.944526
43.164491,109.181034,540.681825
32.617609,125.180274,539.502122
20.473403,137.591166,539.267239
7.571170,148.122701,540.722472
-5.564689,158.026620,544.200571
-18.684012,173.520222,549.530696
-30.930403,-174.476868,555.730501
-41.728030,-159.218490,561.665834
-49.764575,-138.819461,566.096202
-53.133819,-113.169458,568.074299
-50.608171,-87.034061,567.200417
-43.140093,-65.771851,563.725481
-32.657990,-49.868904,558.477018
-20.577151,-37.501394,552.627632
-7.717048,-26.989194,547.368439
5.406896,-17.093037,543.582479
18.370396,-6.749969,541.620874
30.679313,5.237646,541.255675
41.567995,20.492482,541.822706
49.703367,40.942639,542.500019
53.133031,66.748309,542.622850
50.585560,93.071494,541.929845
43.034652,114.437053,540.662970
32.457372,130.372650,539.490378
20.297945,142.746980,539.274514
7.389306,153.262019,540.756799
-5.746760,163.164789,544.262645
-18.860167,178.672511,549.612903
-31.092543,-169.291574,555.817730
-41.862447,-153.974356,561.740348
-49.847974,-133.494427,566.142111
-53.139554,-107.793662,568.081866
-50.533883,-81.698585,567.168638
-43.011013,-60.517723,563.662276
-32.498707,-44.677402,558.396994
-20.402455,-32.345969,552.548011
-7.535569,-21.850048,547.304276
5.589032,-11.954915,543.542628
18.547181,-1.597886,541.606012
30.842550,10.422752,541.259036
41.703805,25.736809,541.833216
49.788006,46.269076,542.506676
53.139064,72.126857,542.618836
50.510418,98.409091,541.915046
42.904242,119.691995,540.644129
32.296841,135.564348,539.478821
20.122348,147.902443,539.282125
7.207400,158.401222,540.791526
-5.928795,168.303042,544.325068
-19.036191,-176.174884,549.695292
-31.254410,-164.105656,555.904906
-41.996340,-148.729205,561.814563
-49.930460,-128.168283,566.187535
-53.144105,-102.417777,568.088871
-50.458632,-76.364163,567.136350
-42.881369,-55.264654,563.598726
-32.339128,-39.486570,558.316858
-20.227614,-27.190891,552.468513
-7.354041,-16.711015,547.240408
5.771137,-6.816707,543.503139
18.723841,3.554510,541.591463
31.005520,15.608484,541.262577
41.839092,30.982163,541.843743
49.871724,51.596646,542.513218
53.143897,77.505502,542.614656
50.434302,103.745613,541.900131
42.773265,124.945864,540.625306
32.136017,140.755371,539.467453
19.946613,153.057559,539.290071
7.025453,163.540313,540.826653
-6.110790,173.441384,544.387839
-19.212082,-171.021962,549.777862
-31.416002,-158.919108,555.992025
-42.129704,-143.483033,561.888477
-50.012026,-122.841035,566.232473
-53.147472,-97.041824,568.095316
-50.382424,-71.030805,567.103553
-42.751165,-50.012640,563.534834
-32.179256,-34.296402,558.236612
-20.052631,-22.036155,552.389139
-7.172466,-11.572092,547.176837
5.953210,-1.678410,543.464012
18.900377,8.707224,541.577227
31.168219,20.794848,541.266296
41.973852,36.228550,541.854284
49.954514,56.925342,542.519644
53.147528,82.884221,542.610310
50.357217,109.081052,541.885101
42.641727,130.198665,540.606502
31.974903,145.945725,539.456276
19.770741,158.212332,539.298355
6.843465,168.679294,540.862181
-6.292746,178.579816,544.450956
-19.387840,-165.868719,549.860609
-31.577315,-153.731925,556.079083
-42.262534,-138.235832,561.962086
-50.092666,-117.512689,566.276923
-53.149655,-91.665823,568.101198
-50.305265,-65.698516,567.070250
-42.620407,-44.761676,563.470602
-32.019094,-29.106894,558.156261
-19.877507,-16.881759,552.309893
-6.990845,-6.433276,547.113564
6.135249,3.459981,543.425247
19.076786,13.860259,541.563302
31.330646,25.981849,541.270191
42.108081,41.475974,541.864838
50.036372,62.255160,542.525951
53.149958,88.262995,542.605798
50.279170,114.415401,541.869956
42.509632,135.450402,540.587720
31.813504,151.135415,539.445292
19.594734,163.366766,539.306979
6.661439,173.818169,540.898109
-6.474662,-176.281658,544.514419
-19.563462,-160.715150,549.943530
-31.738347,-148.544102,556.166076
-42.394827,-132.987600,562.035388
-50.172376,-112.183249,566.320884
-53.150654,-86.289794,568.106519
-50.227160,-60.367303,567.036442
-42.489098,-39.511757,563.406035
-31.858644,-23.918040,558.075806
-19.702244,-11.727697,552.230778
-6.809179,-1.294566,547.050591
6.317254,8.598467,543.386843
19.253066,19.013618,541.549687
31.492797,31.169492,541.274259
42.241773,46.724441,541.875401
50.117291,67.586094,542.532140
53.151186,93.641801,542.601120
50.200165,119.748654,541.854699
42.376986,140.701082,540.568962
31.651820,156.324448,539.434505
19.418594,168.520864,539.315943
6.479374,178.956940,540.934438
-6.656535,-171.143035,544.578224
-19.738947,-155.561252,550.026623
-31.899096,-143.355633,556.253002
-42.526576,-127.738331,562.108379
-50.251149,-106.852723,566.364353
-53.150469,-80.913759,568.111279
-50.148116,-55.037174,567.002130
-42.357244,-34.262878,563.341134
-31.697909,-18.729834,557.995253
-19.526843,-6.573967,552.151797
-6.627469,3.844044,546.987920
6.499224,13.737051,543.348802
19.429217,24.167305,541.536380
31.654671,36.357783,541.278499
42.374923,51.973956,541.885971
50.197265,72.918138,542.538208
53.151212,99.020618,542.596276
50.120210,125.080805,541.839332
42.243793,145.950708,540.550230
31.489854,161.512828,539.423916
19.242322,173.674630,539.325250
6.297273,-175.904390,540.971168
-6.838366,-166.004313,544.642371
-19.914294,-150.407022,550.109883
-32.059559,-138.166514,556.339856
-42.657778,-122.488020,562.181056
-50.328980,-101.521116,566.407329
-53.149099,-75.537739,568.115476
-50.068137,-49.708134,566.967317
-42.224849,-29.015035,563.275903
-31.536893,-13.542272,557.914603
-19.351305,-1.420565,552.072953
-6.445716,8.982554,546.925552
6.681157,18.875736,543.311123
19.605236,29.321324,541.523380
31.816264,41.546727,541.282908
42.507528,57.224524,541.896548
50.276289,78.251286,542.544155
53.150037,104.399426,542.591267
50.039309,130.411846,541.823854
42.110058,151.199286,540.531526
31.327611,166.700560,539.413528
19.065920,178.828067,539.334900
6.115136,-170.765818,541.008298
-7.020152,-160.865488,544.706857
-20.089501,-145.252455,550.193309
-32.219732,-132.976739,556.426636
-42.788428,-117.236662,562.253416
-50.405863,-96.188435,566.449809
-53.146546,-70.161752,568.119112
-49.987230,-44.380189,566.932004
-42.091918,-23.768222,563.210344
-31.375596,-8.355349,557.833862
-19.175633,3.732513,551.994248
-6.263922,14.120968,546.863489
6.863052,24.014525,543.273805
19.781122,34.475679,541.510686
31.977573,46.736328,541.287484
42.639581,62.476150,541.907127
50.354357,83.585531,542.549978
53.147659,109.778204,542.586092
49.957468,135.741771,541.808268
41.975786,156.446821,540.512853
31.165091,171.887649,539.403342
18.889389,-176.018819,539.344896
5.932965,-165.627341,541.045829
-7.201893,-155.726559,544.771682
-20.264566,-140.097549,550.276896
-32.379615,-127.786304,556.513337
-42.918520,-111.984253,562.325457
-50.481793,-90.854686,566.491793
-53.142808,-64.785821,568.122186
-49.905400,-39.053345,566.896192
-41.958456,-18.522435,563.144461
-31.214023,-3.169059,557.753031
-18.999828,8.885270,551.915686
-6.082087,19.259289,546.801732
7.044908,29.153421,543.236850
19.956873,39.630373,541.498295
32.138597,51.926593,541.292224
42.771079,67.728838,541.917708
50.431462,88.920866,542.555678
53.144080,115.156929,542.580752
49.874693,141.070576,541.792576
41.840980,161.693318,540.494214
31.002299,177.074101,539.393362
18.712731,-170.866027,539.355239
5.750760,-160.488957,541.083760
-7.383587,-150.587521,544.836843
-20.439488,-134.942299,550.360643
-32.539203,-122.595202,556.599956
-43.048051,-106.730787,562.397174
-50.556764,-85.519878,566.533278
-53.137887,-59.409966,568.124698
-49.822652,-33.727607,566.859885
-41.824466,-13.277668,563.078257
-31.052175,2.016603,557.672115
-18.823891,14.037711,551.837269
-5.900213,24.397520,546.740283
7.226724,34.292426,543.200256
20.132488,44.785410,541.486207
32.299331,57.117526,541.297127
42.902017,72.982595,541.928288
50.507600,94.257284,542.561252
53.139300,120.535582,542.575246
49.790991,146.398254,541.776778
41.705647,166.938782,540.475610
30.839235,-177.740079,539.383590
18.535948,-165.713552,539.365929
5.568524,-155.350661,541.122092
-7.565234,-145.448373,544.902339
-20.614265,-129.786701,550.444547
-32.698493,-117.403429,556.686490
-43.177016,-101.476261,562.468565
-50.630770,-80.184017,566.574262
-53.131782,-54.034208,568.126648
-49.738993,-28.402981,566.823082
-41.689954,-8.033916,563.011734
-30.890055,7.201641,557.591116
-18.647824,19.189838,551.759000
-5.718301,29.535663,546.679144
7.408498,39.431544,543.164025
20.307965,49.940794,541.474420
32.459774,62.309133,541.302190
43.032389,78.237424,541.938865
50.582764,99.594778,542.566699
53.133319,125.914140,542.569575
49.706366,151.724800,541.760877
41.569791,172.183219,540.457043
30.675904,-172.554885,539.374028
18.359041,-160.561390,539.376970
5.386256,-150.212453,541.160824
-7.746832,-140.309111,544.968168
-20.788895,-124.630753,550.528603
-32.857484,-112.210979,556.772936
-43.305409,-96.220669,562.539627
-50.703806,-74.847112,566.614744
-53.124495,-48.658566,568.128037
-49.654429,-23.079471,566.785786
-41.554925,-2.791175,562.944896
-30.727667,12.386061,557.510039
-18.471629,24.341655,551.680882
-5.536352,34.673721,546.618316
7.590230,44.570778,543.128155
20.483302,55.096529,541.462932
32.619922,67.501419,541.307411
43.162190,83.493330,541.949437
50.656950,104.933340,542.572019
53.126137,131.292584,542.563739
49.620825,157.050210,541.744873
41.433416,177.426633,540.438517
30.512308,-167.370314,539.364678
18.182011,-155.409539,539.388362
5.203959,-145.074328,541.199957
-7.928380,-135.169732,545.034328
-20.963378,-119.474449,550.612809
-33.016173,-107.017848,556.859289
-43.433226,-90.964008,562.610357
-50.775867,-69.509169,566.654723
-53.116027,-43.283062,568.128863
-49.568964,-17.757083,566.748000
-41.419381,2.450561,562.877745
-30.565011,17.569869,557.428886
-18.295306,29.493167,551.602918
-5.354366,39.811698,546.557801
7.771919,49.710129,543.092647
20.658499,60.252618,541.451742
32.779773,72.694390,541.312787
43.291417,88.750319,541.960002
50.730150,110.272963,542.577209
53.117756,136.670891,542.557738
49.534374,162.374478,541.728769
41.296527,-177.330969,540.420032
30.348449,-162.186359,539.355542
18.004860,-150.257994,539.400106
5.021632,-139.936285,541.239490
-8.109878,-130.030234,545.100818
-21.137711,-114.317786,550.697162
-33.174556,-101.824029,556.945546
-43.560461,-85.706272,562.680752
-50.846947,-64.170197,566.694196
-53.106377,-37.907716,568.129128
-49.482605,-12.435820,566.709724
-41.283329,7.691298,562.810285
-30.402091,22.753068,557.347661
-18.118858,34.644375,551.525110
-5.172346,44.949595,546.497600
7.953563,54.849602,543.057500
20.833552,65.409066,541.440848
32.939324,77.888050,541.318316
43.420062,94.008394,541.970557
50.802360,115.613638,542.582270
53.108177,142.049042,542.551572
49.447019,167.697601,541.712565
41.159129,-172.089583,540.401593
30.184329,-157.003016,539.346624
17.827590,-145.106752,539.412204
4.839279,-134.798319,541.279423
-8.291323,-124.890614,545.167635
-21.311892,-109.160761,550.781659
-33.332630,-96.629517,557.031703
-43.687111,-80.447457,562.750809
-50.917041,-58.830205,566.733162
-53.095548,-32.532547,568.128832
-49.395357,-7.115687,566.670960
-41.146773,12.931039,562.742519
-30.238910,27.935664,557.266368
-17.942285,39.795285,551.447462
-4.990292,50.087416,546.437714
8.135161,59.989199,543.022714
21.008462,70.565876,541.430249
33.098571,83.082406,541.323997
43.548123,99.267561,541.981101
50.873575,120.955356,542.587199
53.097400,147.427015,542.545242
49.358765,173.019573,541.696264
41.021225,-166.849204,540.383201
30.019952,-151.820279,539.337924
17.650202,-139.955809,539.424657
4.656898,-129.660429,541.319756
-8.472714,-119.750868,545.234778
-21.485920,-104.003370,550.866297
-33.490394,-91.434308,557.117758
-43.813170,-75.187559,562.820525
-50.986143,-53.489201,566.771619
-53.083539,-27.157578,568.127975
-49.307227,-1.796688,566.631711
-41.009716,18.169792,562.674449
-30.075469,33.117662,557.185010
-17.765590,44.945899,551.369977
-4.808206,55.225164,546.378146
8.316712,65.128923,542.988289
21.183225,75.723051,541.419944
33.257513,88.277463,541.329826
43.675593,104.527824,541.991631
50.943787,126.298110,542.591995
53.085426,152.804789,542.538748
49.269619,178.340391,541.679867
40.882821,-161.609825,540.364858
29.855320,-146.638144,539.329447
17.472698,-134.805161,539.437467
4.474492,-124.522612,541.360489
-8.654052,-114.610994,545.302245
-21.659794,-98.845608,550.951073
-33.647843,-86.238395,557.203706
-43.938632,-69.926573,562.889897
-51.054248,-48.147194,566.809566
-53.070353,-21.782827,568.126556
-49.218220,3.521174,566.591979
-40.872164,23.407560,562.606079
-29.911772,38.299067,557.103589
-17.588774,50.096220,551.292656
-4.626088,60.362840,546.318896
8.498214,70.268777,542.954226
21.357840,80.880597,541.409929
33.416145,93.473226,541.335802
43.802468,109.789186,542.002146
51.012993,131.641889,542.596659
53.072257,158.182344,542.532090
49.179587,-176.339949,541.663375
40.743920,-156.371441,540.346566
29.690435,-141.456605,539.321192
17.295078,-129.654806,539.450635
4.292062,-119.384864,541.401621
-8.835333,-109.470990,545.370033
-21.833511,-93.687472,551.035983
-33.804975,-81.041774,557.289545
-44.063494,-64.664496,562.958922
-51.121350,-42.804195,566.847001
-53.055990,-16.408314,568.124576
-49.128342,8.837895,566.551764
-40.734120,28.644350,562.537412
-29.747820,43.479883,557.022110
-17.411838,55.246254,551.215503
-4.443939,65.500449,546.259965
8.679667,75.408764,542.920523
21.532306,86.038516,541.400205
33.574466,98.669701,541.341922
43.928742,115.051654,542.012643
51.081187,136.986684,542.601187
53.057893,163.559659,542.525269
49.088673,-171.021450,541.646790
40.604529,-151.134047,540.328329
29.525301,-136.275657,539.313164
17.117345,-124.504740,539.464163
4.109609,-114.247183,541.443153
-9.016558,-104.330851,545.438142
-22.007071,-88.528958,551.121024
-33.961788,-75.844439,557.375270
-44.187749,-59.401324,563.027598
-51.187446,-37.460211,566.883923
-53.040452,-11.034061,568.122036
-49.037598,14.153471,566.511070
-40.595589,33.880166,562.468451
-29.583616,48.660117,556.940577
-17.234784,60.396002,551.138521
-4.261761,70.637993,546.201356
8.861070,80.548887,542.887180
21.706620,91.196813,541.390769
33.732472,103.866893,541.348184
44.054410,120.315230,542.023120
51.148362,142.332487,542.605580
53.042337,168.936714,542.518284
48.996886,-165.704115,541.630114
40.464649,-145.897637,540.310148
29.359918,-131.095296,539.305365
16.939501,-119.354958,539.478050
3.927134,-109.109567,541.485083
-9.197724,-99.190575,545.506569
-22.180470,-83.370061,551.206194
-34.118277,-70.646384,557.460878
-44.311393,-54.137051,563.095921
-51.252528,-32.115254,566.920330
-53.023740,-5.660086,568.118935
-48.945995,19.467900,566.469898
-40.456575,39.115014,562.399199
-29.419163,53.839772,556.858991
-17.057613,65.545468,551.061712
-4.079556,75.775474,546.143070
9.042421,85.689148,542.854197
21.880782,96.355492,541.381620
33.890160,109.064808,541.354586
44.179467,125.579920,542.033575
51.214515,147.679286,542.609837
53.025589,174.313488,542.511137
48.904229,-160.387948,541.613348
40.324287,-140.662206,540.292026
29.194290,-125.915517,539.297795
16.761545,-114.205459,539.492300
3.744637,-103.972012,541.527413
-9.378831,-94.050159,545.575312
-22.353708,-78.210779,551.291489
-34.274440,-65.447604,557.546365
-44.434421,-48.871676,563.163888
-51.316593,-26.769332,566.956220
-53.005857,-0.286410,568.115274
-48.853539,24.781179,566.428249
-40.317083,44.348900,562.329660
-29.254462,59.018853,556.777357
-16.880327,70.694657,550.985079
-3.897322,80.912896,546.085107
9.223719,90.829551,542.821574
22.054789,101.514556,541.372756
34.047527,114.263450,541.361125
44.303909,130.845727,542.044007
51.279639,153.027073,542.613955
53.007652,179.689960,542.503826
48.810710,-155.072951,541.596494
40.183446,-135.427748,540.273966
29.028419,-120.736314,539.290459
16.583481,-109.056237,539.506913
3.562121,-98.834515,541.570140
-9.559878,-88.909601,545.644370
-22.526783,-73.051107,551.376905
-34.430275,-60.248094,557.631729
-44.556828,-43.605192,563.231497
-51.379635,-21.422458,566.991593
-52.986803,5.086947,568.111054
-48.760234,30.093305,566.386127
-40.177116,49.581828,562.259835
-29.089517,64.197366,556.695678
-16.702926,75.843570,550.908624
-3.715063,86.050261,546.027470
9.404962,95.970098,542.789310
22.228639,106.674010,541.364175
34.204570,119.462827,541.367798
44.427728,136.112655,542.054413
51.343729,158.375835,542.617935
52.988526,-174.933889,542.496354
48.716335,-149.759127,541.579554
40.042131,-130.194258,540.255968
28.862308,-115.557682,539.283358
16.405309,-103.907291,539.521890
3.379586,-93.697074,541.613266
-9.740864,-83.768897,545.713739
-22.699693,-67.891041,551.462441
-34.585777,-55.047849,557.716965
-44.678608,-38.337598,563.298744
-51.441648,-16.074641,567.026446
-52.966580,10.459967,568.106274
-48.666088,35.404276,566.343533
-40.036679,54.813805,562.189729
-28.924329,69.375315,556.613958
-16.525414,80.992213,550.832351
-3.532779,91.187572,545.970159
9.586151,101.110793,542.757406
22.402331,111.833858,541.355876
34.361286,124.662943,541.374605
44.550922,141.380708,542.064791
51.406780,163.725564,542.621775
52.968215,-169.558079,542.488720
48.621108,-144.446478,541.562529
39.900346,-124.961730,540.238037
28.695958,-110.379617,539.276493
16.227031,-98.758615,539.537233
3.197034,-88.559687,541.656789
-9.921786,-78.628044,545.783419
-22.872436,-62.730577,551.548092
-34.740945,-49.846861,557.802071
-44.799757,-33.068889,563.365628
-51.502629,-10.725891,567.060778
-52.945191,15.832629,568.100935
-48.571105,40.714090,566.300470
-39.895776,60.044836,562.119345
-28.758901,74.552704,556.532200
-16.347789,86.140587,550.756262
-3.350472,96.324832,545.913175
9.767283,106.251639,542.725860
22.575864,116.994103,541.347857
34.517671,129.863803,541.381542
44.673483,146.649891,542.075139
51.468787,169.076247,542.625474
52.946720,-164.182631,542.480924
48.525037,-139.135007,541.545421
39.758095,-119.730158,540.220174
28.529373,-105.202115,539.269869
16.048648,-93.610208,539.552942
3.014465,-83.422349,541.700710
-10.102645,-73.487039,545.853408
-23.045011,-57.569712,551.633855
-34.895774,-44.645128,557.887042
-44.920268,-27.799062,563.432144
-51.562572,-5.376222,567.094588
-52.922637,21.204915,568.095037
-48.475292,46.022744,566.256938
-39.754411,65.274926,562.048685
-28.593235,79.729540,556.450406
-16.170056,91.288697,550.680359
-3.168141,101.462043,545.856521
9.948357,111.392638,542.694672
22.749235,122.154750,541.340116
34.673724,135.065414,541.388607
44.795407,151.920206,542.085455
51.529745,174.427873,542.629031
52.924042,-158.807564,542.472967
48.428127,-133.824714,541.528232
39.615382,-114.499537,540.202382
28.362554,-100.025169,539.263486
15.870161,-88.462065,539.569019
2.831881,-78.285059,541.745027
-10.283438,-68.345880,545.923702
-23.217415,-52.408440,551.719728
-35.050262,-39.442642,557.971875
-45.040137,-22.528112,563.498291
-51.621472,-0.025643,567.127875
-52.898921,26.576805,568.088581
-48.378654,51.330238,566.212940
-39.612588,70.504080,561.977753
-28.427333,84.905826,556.368582
-15.992213,96.436545,550.604646
-2.985789,106.599208,545.800197
10.129372,116.533793,542.663842
22.922442,127.315802,541.332651
34.829440,140.267781,541.395798
44.916688,157.191658,542.095737
51.589648,179.780430,542.632446
52.900185,-153.432898,542.464850
48.330385,-128.515602,541.510963
39.472212,-109.269861,540.184663
28.195505,-94.848775,539.257347
15.691573,-83.314183,539.585466
2.649282,-73.147814,541.789741
-10.464165,-63.204563,545.994301
-23.389648,-47.246758,551.805706
-35.204406,-34.239398,558.056567
-45.159359,-17.256038,563.564065
-51.679324,5.325832,567.160636
-52.874045,31.948280,568.081566
-48.281198,56.636570,566.168479
-39.470311,75.732306,561.906553
-28.261198,90.081567,556.286729
-15.814264,101.584136,550.529125
-2.803417,111.736331,545.744204
10.310327,121.675109,542.633370
23.095484,132.477265,541.325462
34.984816,145.470910,541.403113
45.037321,162.464249,542.105983
51.648492,-174.866092,542.635717
52.875151,-148.058653,542.456573
48.231815,-123.207673,541.493616
39.328589,-104.041125,540.167019
28.028226,-89.672929,539.251454
15.512884,-78.166559,539.602282
2.466670,-68.010611,541.834851
-10.644825,-58.063085,546.065201
-23.561707,-42.084662,551.891788
-35.358202,-29.035391,558.141114
-45.277928,-11.982835,563.629464
-51.736124,10.678193,567.192872
-52.848011,37.319321,568.073995
-48.182928,61.941738,566.123557
-39.327584,80.959607,561.835086
-28.094832,95.256768,556.204851
-15.636210,106.731472,550.453798
-2.621025,116.873413,545.688544
10.491220,126.816586,542.603255
23.268359,137.639141,541.318545
35.139849,150.674806,541.410548
45.157301,167.737985,542.116191
51.706271,-169.511707,542.638844
52.848941,-142.684847,542.448136
48.132425,-117.900926,541.476193
39.184516,-98.813322,540.149453
27.860721,-84.497625,539.245809
15.334096,-73.019189,539.619471
2.284046,-62.873447,541.880357
-10.825416,-52.921444,546.136402
-23.733590,-36.922149,551.977968
-35.511647,-23.830615,558.225513
-45.395839,-6.708501,563.694485
-51.791867,16.031427,567.224580
-52.820822,42.689909,568.065866
-48.083852,67.245741,566.078175
-39.184411,86.185989,561.763357
-27.928237,100.431434,556.122952
-15.458051,111.878557,550.378669
-2.438614,122.010458,545.633218
10.672051,131.958229,542.573496
23.441065,142.801435,541.311900
35.294536,155.879474,541.418103
45.276622,173.012867,542.126360
51.762982,-164.156427,542.641825
52.821558,-137.311501,542.439541
48.032220,-112.595365,541.458696
39.039998,-93.586447,540.131968
27.692992,-79.322859,539.240415
15.155210,-67.872071,539.637031
2.101411,-57.736319,541.926258
-11.005936,-47.779636,546.207900
-23.905295,-31.759212,552.064245
-35.664738,-18.625065,558.309760
-45.513086,-1.433032,563.759124
-51.846548,21.385521,567.255759
-52.792480,48.060027,568.057182
-47.983974,72.548578,566.032335
-39.040796,91.411459,561.691368
-27.761416,105.605569,556.041035
-15.279789,117.025394,550.303739
-2.256187,127.147468,545.578226
10.852819,137.100041,542.544093
23.613600,147.964152,541.305524
35.448874,161.084922,541.425774
45.395278,178.288899,542.136487
51.818618,-158.800265,542.644660
52.793006,-131.938632,542.430786
47.931206,-107.290988,541.441126
38.895039,-88.360494,540.114565
27.525040,-74.148627,539.235273
14.976228,-62.725200,539.654965
1.918767,-52.599225,541.972553
-11.186386,-42.637659,546.279694
