-12.014719,-37.037906,546.613318
-24.692062,-26.059860,552.461837
-36.363648,-12.725305,558.694836
-46.043232,4.792603,564.051180
-52.084060,27.968511,567.392193
-52.647484,54.699395,568.010126
-47.514829,78.870319,565.815868
-38.375222,97.381067,561.357316
-26.991909,111.344148,555.664474
-14.459275,122.642120,549.962073
-1.417623,132.721758,545.329893
11.682706,142.699018,542.413583
24.404264,153.662493,541.279687
36.153570,166.984263,541.462505
45.931884,-175.482675,542.182467
52.060359,-152.207492,542.655802
52.646824,-125.286725,542.388536
47.456748,-100.962426,541.359485
38.223298,-82.388785,540.035692
26.750403,-68.409630,539.214914
14.152489,-57.108316,539.742168
1.079299,-47.024537,542.190310
-12.194747,-31.894923,546.686726
-24.862740,-20.894484,552.548592
-36.514697,-7.515319,558.778170
-46.156668,10.074471,564.113638
-52.132716,33.327173,567.420390
-52.612743,60.066543,567.998339
-47.410573,84.166627,565.767511
-38.229206,102.601531,561.283936
-26.823859,116.515398,555.582518
-14.280462,127.787630,549.888307
-1.235119,137.858625,545.276795
11.863094,147.841829,542.386162
24.575809,158.827650,541.274785
36.305891,172.194171,541.470785
46.046721,-170.200153,542.192324
52.109898,-146.846641,542.657803
52.611778,-119.916873,542.378905
47.351317,-95.664688,541.341541
38.075943,-77.167887,540.018796
26.581250,-63.238295,539.211225
13.972992,-51.962770,539.762211
0.896619,-41.887580,542.238802
-12.374696,-26.751750,546.760414
-25.033229,-15.728658,552.635422
-36.665371,-2.304522,558.861329
-46.269404,15.357491,564.175699
-52.180280,38.686605,567.448051
-52.576869,65.433103,567.985999
-47.305555,89.461767,565.718712
-38.082774,107.821120,561.210317
-26.655597,121.686148,555.500566
-14.101555,132.932915,549.814758
-1.052605,142.995475,545.224039
12.043409,152.984829,542.359093
24.747171,163.993256,541.270141
36.457841,177.404896,541.479167
46.160857,-164.916463,542.202127
52.158334,-141.484999,542.659652
52.575581,-114.547619,542.369120
47.245116,-90.368136,541.323538
37.928174,-71.947874,540.001999
26.411890,-58.067462,539.207803
13.793409,-46.817451,539.782635
0.713936,-36.750639,542.287684
-12.554564,-21.608384,546.834381
-25.203526,-10.562378,552.722323
-36.815665,2.907093,558.944310
-46.381435,20.641664,564.237358
-52.226750,44.046793,567.475173
-52.539864,70.799056,567.973107
-47.199778,94.755741,565.669472
-37.935928,113.039838,561.136464
-26.487124,126.856402,555.418621
-13.922556,138.077976,549.741427
-0.870082,148.132311,545.171625
12.223651,158.128020,542.332375
24.918347,169.159317,541.265752
36.609415,-177.383558,541.487649
46.274287,-159.631602,542.211874
52.205661,-136.122579,542.661349
52.538237,-109.178982,542.359181
47.138150,-85.072769,541.305475
37.779992,-66.728739,539.985302
26.242323,-52.897127,539.204650
13.613739,-41.672353,539.803439
0.531252,-31.613711,542.336956
-12.734351,-16.464822,546.908625
-25.373629,-5.395639,552.809292
-36.965576,8.119530,559.027110
-46.492756,25.926994,564.298613
-52.272121,49.407723,567.501757
-52.501732,76.164387,567.959664
-47.093250,100.048549,565.619794
-37.788674,118.257692,561.062379
-26.318443,132.026165,555.336686
-13.743465,143.222817,549.668317
-0.687552,153.269136,545.119555
12.403819,163.271407,542.306008
25.089337,174.325836,541.261617
36.760611,-172.171184,541.496226
46.387004,-154.345568,542.221563
52.251875,-130.759399,542.662893
52.499750,-103.810978,542.349088
47.030427,-79.778587,541.287356
37.631403,-61.510477,539.968710
26.072554,-47.727285,539.201768
13.433984,-36.527476,539.824626
0.348567,-26.476792,542.386616
-12.914054,-11.321061,546.983143
-25.543537,-0.228437,552.896325
-37.115101,13.332795,559.109724
-46.603361,31.213480,564.359461
-52.316388,54.769377,567.527801
-52.462477,81.529078,567.945671
-46.985975,105.340192,565.569681
-37.641014,123.474687,560.988066
-26.149556,137.195441,555.254766
-13.564284,148.367442,549.595430
-0.505014,158.405953,545.067830
12.583910,168.414991,542.279992
25.260137,179.492819,541.257733
36.911424,-166.957977,541.504898
46.499003,-149.058360,542.231192
52.296973,-125.395473,542.664283
52.460123,-98.443624,542.338844
46.921951,-74.485588,541.269181
37.482410,-56.293082,539.952223
25.902583,-42.557932,539.199158
13.254147,-31.382815,539.846196
0.165883,-21.339881,542.436665
-13.093673,-6.177098,547.057932
-25.713247,4.939232,552.983419
-37.264236,18.546893,559.192151
-46.713244,36.501126,564.419901
-52.359548,60.131743,567.553304
-52.422102,86.893114,567.931129
-46.877960,110.630672,565.519135
-37.492953,128.690828,560.913528
-25.980464,142.364234,555.172862
-13.385015,153.511853,549.522770
-0.322471,163.542765,545.016449
12.763925,173.558777,542.254324
25.430747,-175.339731,541.254099
37.061852,-161.743931,541.513663
46.610278,-143.769974,542.240759
52.340949,-120.030816,542.665519
52.419360,-93.076937,542.328447
46.812728,-69.193771,541.250954
37.333017,-51.076548,539.935844
25.732413,-37.389064,539.196824
13.074226,-26.238367,539.868149
-0.016799,-16.202975,542.487101
-13.273206,-1.032929,547.132991
-25.882758,10.107372,553.070572
-37.412978,23.761831,559.274385
-46.822400,41.789932,564.479929
-52.401598,65.494803,567.578265
-52.380611,92.256478,567.916038
-46.769210,115.919988,565.468157
-37.344493,133.906122,560.838768
-25.811170,147.532548,555.090979
-13.205658,158.656054,549.450337
-0.139923,168.679573,544.965415
12.943861,178.702768,542.229005
25.601163,-170.171810,541.250714
37.211890,-156.529040,541.522517
46.720824,-138.480411,542.250263
52.383800,-114.665444,542.666599
52.377465,-87.710934,542.317900
46.702765,-63.903136,541.232675
37.183227,-45.860870,539.919576
25.562046,-32.220676,539.194766
12.894225,-21.094129,539.890487
-0.199479,-11.066070,542.537924
-13.452652,4.111448,547.208316
-26.052067,15.275989,553.157779
-37.561323,28.977614,559.356425
-46.930824,47.079901,564.539543
-52.442532,70.858542,567.602683
-52.338008,97.619154,567.900399
-46.659730,121.208144,565.416751
-37.195639,139.120573,560.763790
-25.641676,152.700390,555.009119
-13.026214,163.800047,549.378135
0.042628,173.816382,544.914729
13.123718,-176.153035,542.204034
25.771384,-165.003412,541.247574
37.361536,-151.313298,541.531458
46.830634,-133.189667,542.259701
52.425523,-109.299374,542.667524
52.334441,-82.345632,542.307202
46.592067,-58.613680,541.214348
37.033044,-40.646042,539.903422
25.391483,-27.052763,539.192988
12.714145,-15.950098,539.913211
-0.382155,-5.929164,542.589133
-13.632010,9.256037,547.283906
-26.221172,20.445085,553.245037
-37.709267,34.194248,559.438266
-47.038509,52.371033,564.598741
-52.482348,76.222944,567.626556
-52.294296,102.981127,567.884213
-46.549527,126.495139,565.364919
-37.046393,144.334189,560.688596
-25.471984,157.867761,554.927286
-12.846686,168.943836,549.306167
0.225181,178.953193,544.864390
13.303494,-171.008626,542.179410
25.941408,-159.834533,541.244678
37.510785,-146.096700,541.540485
46.939703,-127.897742,542.269072
52.466112,-103.932622,542.668293
52.290292,-76.981045,542.296355
46.480639,-53.325403,541.195973
36.882471,-35.432058,539.887383
25.220728,-21.885321,539.191491
12.533986,-10.806270,539.936320
-0.564826,-0.792255,542.640727
-13.811278,14.400841,547.359758
-26.390072,25.614667,553.332342
-37.856807,39.411738,559.519905
-47.145450,57.663329,564.657519
-52.521043,81.587993,567.649885
-52.249479,108.342380,567.867480
-46.438606,131.780976,565.312664
-36.896760,149.546973,560.613191
-25.302095,163.034668,554.845484
-12.667073,174.087425,549.234433
0.407737,-175.909991,544.814400
13.483187,-165.864004,542.155133
26.111232,-154.665169,541.242024
37.659633,-140.879240,541.549594
47.048026,-122.604634,542.278374
52.505566,-98.565204,542.668905
52.245022,-71.617190,542.285360
46.368488,-48.038302,541.177553
36.731513,-30.218912,539.871462
25.049781,-16.718346,539.190276
12.353750,-5.662643,539.959817
-0.747490,4.344661,542.692704
-13.990455,19.545863,547.435870
-26.558764,30.784737,553.419693
-38.003940,44.630090,559.601338
-47.251641,62.956790,564.715876
-52.558612,86.953671,567.672669
-52.203561,113.702899,567.850203
-46.326972,137.065656,565.259987
-36.746743,154.758932,560.537577
-25.132012,168.201114,554.763715
-12.487379,179.230815,549.162937
0.590292,-170.773166,544.764759
13.662797,-160.719164,542.131200
26.280856,-149.495316,541.239610
37.808078,-135.660913,541.558784
47.155596,-117.310342,542.287605
52.543879,-93.197138,542.669359
52.198635,-66.254083,542.274216
46.255619,-42.752375,541.159090
36.580173,-25.006598,539.855661
24.878645,-11.551834,539.189347
12.173439,-0.519214,539.983702
-0.930148,9.481587,542.745065
-14.169540,24.691106,547.512238
-26.727246,35.955302,553.507084
-38.150660,49.849309,559.682563
-47.357077,68.251418,564.773808
-52.595052,92.319963,567.694905
-52.156546,119.062670,567.832381
-46.214631,142.349181,565.206891
-36.596345,159.970072,560.461758
-24.961737,173.367103,554.681982
-12.307603,-175.625989,549.091681
0.772846,-165.636331,544.715468
13.842322,-155.574105,542.107613
26.450276,-144.324968,541.237434
37.956114,-130.441711,541.568053
47.262407,-112.014866,542.296764
52.581048,-87.828440,542.669655
52.151136,-60.891738,542.262926
46.142038,-37.467621,541.140585
36.428454,-19.795111,539.839983
24.707322,-6.385779,539.188705
11.993053,4.624022,540.007975
-1.112797,14.618524,542.797809
-14.348532,29.836574,547.588862
-26.895517,41.126364,553.594513
-38.296966,55.069402,559.763576
-47.461752,73.547211,564.831314
-52.630359,97.686852,567.716594
-52.108439,124.421676,567.814016
-46.101589,147.631554,565.153380
-36.445571,165.180397,560.385737
-24.791271,178.532641,554.600290
-12.127747,-170.482984,549.020667
0.955399,-160.499482,544.666529
14.021761,-150.428822,542.084369
26.619490,-139.154122,541.235494
38.103740,-125.221631,541.577397
47.368454,-106.718204,542.305848
52.617071,-82.459127,542.669793
52.102529,-55.530172,542.251490
46.027750,-32.184037,541.122041
36.276360,-14.584446,539.824431
24.535813,-1.220178,539.188352
11.812594,9.767066,540.032638
-1.295437,19.755476,542.850933
-14.527429,34.982270,547.665737
-27.063574,46.297930,553.681976
-38.442852,60.290374,559.844373
-47.565659,78.844172,564.888392
-52.664532,103.054319,567.737735
-52.059243,129.779903,567.795109
-45.987851,152.912776,565.099454
-36.294422,170.389915,560.309517
-24.620617,-176.302270,554.518640
-11.947813,-165.340169,548.949897
1.137948,-155.362616,544.617941
14.201112,-145.283312,542.061468
26.788497,-133.982772,541.233789
38.250950,-120.000665,541.586814
47.473731,-101.420356,542.314857
52.651943,-77.089218,542.669771
52.052818,-50.169398,542.239909
45.912762,-26.901621,541.103459
36.123895,-9.374595,539.809006
24.364122,3.944973,539.188290
11.632063,14.909922,540.057690
-1.478067,24.892445,542.904438
-14.706230,40.128196,547.742863
-27.231414,51.470002,553.769470
-38.588316,65.512229,559.924951
-47.668795,84.142300,564.945037
-52.697566,108.422348,567.758326
-52.008963,135.137338,567.775660
-45.873422,158.192850,565.045117
-36.142903,175.598629,560.233102
-24.449776,-171.137624,554.437037
-11.767801,-160.197538,548.879374
1.320494,-150.225732,544.569706
14.380374,-140.137572,542.038908
26.957294,-128.810915,541.232315
38.397740,-114.778808,541.596304
47.578232,-96.121321,542.323788
52.685661,-71.718730,542.669590
52.002007,-44.809431,542.228183
45.797078,-21.620371,541.084843
35.971061,-4.165555,539.793712
24.192249,9.109680,539.188521
11.451462,20.052593,540.083134
-1.660685,30.029435,542.958322
-14.884933,45.274357,547.820235
-27.399037,56.642586,553.856991
-38.733353,70.734976,560.005307
-47.771152,89.441595,565.001250
-52.729458,113.790922,567.778368
-51.957603,140.493967,567.755671
-45.758309,163.471778,564.990372
-35.991018,-179.193453,560.156495
-24.278751,-165.973418,554.355484
-11.587713,-155.055090,548.809100
1.503034,-145.088825,544.521823
14.559547,-134.991599,542.016690
27.125879,-123.638545,541.231071
38.544108,-109.556054,541.605862
47.681951,-90.821100,542.332640
52.718223,-66.347680,542.669248
51.950101,-39.450286,542.216314
45.680705,-16.340284,541.066193
35.817862,1.042682,539.778550
24.020197,14.273945,539.189047
11.270791,25.195083,540.108968
-1.843290,35.166448,543.012585
-15.063537,50.420755,547.897852
-27.566439,61.815687,553.944536
-38.877960,75.958617,560.085438
-47.872724,94.742058,565.057026
-52.760206,119.160021,567.797858
-51.905168,145.849775,567.735142
-45.642516,168.749563,564.935220
-35.838768,-173.986327,560.079700
-24.107542,-160.809647,554.273983
-11.407550,-149.912822,548.739077
1.685568,-139.951895,544.474294
14.738627,-129.845389,541.994812
27.294251,-118.465658,541.230056
38.690049,-104.332399,541.615487
47.784882,-85.519693,542.341410
52.749624,-60.976087,542.668746
51.897104,-34.091977,542.204303
45.563648,-11.061357,541.047512
35.664303,6.250121,539.763523
23.847967,19.437774,539.189869
11.090052,30.337393,540.135195
-2.025882,40.303486,543.067225
-15.242042,55.567394,547.975710
-27.733618,66.989309,554.032102
-39.022132,81.183160,560.165339
-47.973507,100.043687,565.112363
-52.789806,124.529629,567.816798
-51.851662,151.204750,567.714075
-45.526049,174.026208,564.879665
-35.686158,-168.779987,560.002719
-23.936153,-155.646307,554.192538
-11.227314,-144.770730,548.669306
1.868095,-134.814936,544.427120
14.917615,-124.698939,541.973273
27.462406,-113.292250,541.229266
38.835559,-99.107835,541.625176
47.887019,-80.217098,542.350098
52.779863,-55.603970,542.668083
51.843021,-28.734516,542.192150
45.445912,-5.783588,541.028802
35.510385,11.456767,539.748634
23.675561,24.601171,539.190991
10.909246,35.479528,540.161814
-2.208458,45.440553,543.122241
-15.420444,60.714277,548.053808
-27.900573,72.163456,554.119685
-39.165866,86.408610,560.245008
-48.073495,105.346482,565.167260
-52.818256,129.899727,567.835185
-51.797089,156.558878,567.692471
-45.408913,179.301714,564.823709
-35.533191,-163.574428,559.925557
-23.764584,-150.483393,554.111153
-11.047005,-139.628810,548.599792
2.050613,-129.677948,544.380300
15.096509,-119.552247,541.952071
27.630342,-108.118315,541.228700
38.980634,-93.882357,541.634928
47.988356,-74.913318,542.358701
52.808936,-50.231346,542.667259
51.787857,-23.377919,542.179857
45.327504,-0.506973,541.010064
35.356112,16.662627,539.733884
23.502982,29.764140,539.192412
10.728374,40.621490,540.188826
-2.391019,50.577652,543.177632
-15.598744,65.861408,548.132143
-28.067302,77.338134,554.207282
-39.309158,91.634973,560.324442
-48.172680,110.650443,565.221713
-52.845554,135.270297,567.853019
-51.741454,161.912146,567.670331
-45.291114,-175.423914,564.767354
-35.379871,-158.369643,559.848216
-23.592838,-145.320903,554.029829
-10.866624,-134.487062,548.530534
2.233121,-124.540926,544.333835
15.275306,-114.405308,541.931207
27.798058,-102.943849,541.228357
39.125270,-88.655959,541.644739
48.088888,-69.608351,542.367219
52.836840,-44.858236,542.666273
51.731616,-18.022197,542.167425
45.208428,4.768490,540.991302
35.201488,21.867705,539.719277
23.330231,34.926684,539.194137
10.547438,45.763283,540.216232
-2.573563,55.714784,543.233397
-15.776940,71.008789,548.210712
-28.233801,82.513346,554.294888
-39.452004,96.862253,560.403636
-48.271059,115.955568,565.275721
-52.871696,140.641320,567.870300
-51.684762,167.264541,567.647656
-45.172657,-170.150674,564.710603
-35.226199,-153.165627,559.770700
-23.420917,-140.158831,553.948571
-10.686174,-129.345480,548.461536
2.415619,-119.403869,544.287727
15.454007,-109.258119,541.910679
27.965551,-97.768847,541.228233
39.269464,-83.428637,541.654608
48.188608,-64.302200,542.375648
52.863573,-39.484656,542.665124
51.674303,-12.667364,542.154854
45.088690,10.042805,540.972517
35.046516,27.072008,539.704814
23.157310,40.088809,539.196166
10.366439,50.904909,540.244032
-2.756089,60.851953,543.289536
-15.955030,76.156424,548.289513
-28.400069,87.689098,554.382502
-39.594401,102.090458,560.482589
-48.368625,121.261857,565.329282
-52.896680,146.012778,567.887026
-51.627018,172.616052,567.624447
-45.053547,-164.878563,564.653460
-35.072181,-147.962375,559.693012
-23.248822,-134.997173,553.867382
-10.505655,-124.204063,548.392800
2.598105,-114.266774,544.241975
15.632610,-104.110678,541.890486
28.132819,-92.593305,541.228326
39.413210,-78.200383,541.664532
48.287511,-58.994864,542.383989
52.889132,-34.110627,542.663813
51.615924,-7.313432,542.142145
44.968296,15.315975,540.953711
34.891199,32.275541,539.690499
22.984221,45.250518,539.198501
10.185378,56.046371,540.272227
-2.938596,65.989161,543.346046
-16.133013,81.304317,548.368542
-28.566103,92.865395,554.470119
-39.736343,107.319591,560.561296
-48.465371,126.569309,565.382392
-52.920504,151.384652,567.903198
-51.568226,177.966666,567.600706
-44.933790,-159.607578,564.595925
-34.917818,-142.759882,559.615156
-23.076555,-129.835926,553.786265
-10.325068,-119.062806,548.324328
2.780579,-109.129638,544.196580
15.811113,-98.962979,541.870627
28.299859,-87.417218,541.228635
39.556506,-72.971192,541.674510
48.385590,-53.686346,542.392238
52.913515,-28.736169,542.662338
51.556482,-1.960413,542.129301
44.847250,20.588003,540.934886
34.735540,37.478310,539.676333
22.810965,50.411816,539.201144
10.004256,61.187673,540.300818
-3.121082,71.126412,543.402926
-16.310887,86.452470,548.447798
-28.731902,98.042240,554.557736
-39.877826,112.549659,560.639754
-48.561294,131.877921,565.435051
-52.943166,156.756922,567.918814
-51.508391,-176.683628,567.576433
-44.813391,-154.337714,564.538003
-34.763114,-137.558141,559.537134
-22.904118,-124.675086,553.705223
-10.144414,-113.921708,548.256121
2.963038,-103.992457,544.151542
15.989514,-93.815021,541.851101
28.466670,-82.240580,541.229158
39.699347,-67.741059,541.684538
48.482839,-48.376646,542.400395
52.936719,-23.361299,542.660701
51.495983,3.391679,542.116321
44.725559,25.858893,540.916044
34.579543,42.680320,539.662320
22.637545,55.572706,539.204096
9.823075,66.328818,540.329804
-3.303547,76.263708,543.460176
-16.488652,91.600887,548.527277
-28.897463,103.219640,554.645349
-40.018848,117.780668,560.717960
-48.656385,137.187692,565.487254
-52.964664,162.129569,567.933875
-51.447518,-171.334842,567.551630
-44.692355,-149.068969,564.479696
-34.608072,-132.357147,559.458951
-22.731513,-119.514648,553.624259
-9.963696,-108.780765,548.188182
3.145483,-98.855230,544.106862
16.167813,-88.666800,541.831907
28.633249,-77.063388,541.229892
39.841728,-62.509978,541.694614
48.579253,-43.065766,542.408458
52.958742,-17.986039,542.658900
51.434432,8.742834,542.103206
44.603228,31.128649,540.897188
34.423211,47.881578,539.648460
22.463962,60.733193,539.207361
9.641836,71.469807,540.359186
-3.485990,81.401052,543.517794
-16.666306,96.749572,548.606977
-29.062783,108.397598,554.732956
-40.159404,123.012622,560.795910
-48.750641,142.498620,565.539002
-52.984994,167.502575,567.948379
-51.385612,-165.986988,567.526299
-44.570688,-143.801339,564.421006
-34.452695,-127.156895,559.380610
-22.558741,-114.354608,553.543376
-9.782913,-103.639975,548.120513
3.327911,-93.717954,544.062541
16.346008,-83.518313,541.813043
28.799594,-71.885636,541.230836
39.983646,-57.277943,541.704737
48.674826,-37.753707,542.416425
52.979583,-12.610407,542.656934
51.371834,14.093041,542.089959
44.480261,36.397274,540.878320
34.266547,53.082088,539.634758
22.290218,65.893280,539.210939
9.460539,76.610645,540.388966
-3.668409,86.538446,543.575779
-16.843847,101.898527,548.686894
-29.227860,113.576119,554.820551
-40.299488,128.245527,560.873602
-48.844054,147.810704,565.590290
-53.004157,172.875919,567.962326
-51.322678,-160.640076,567.500439
-44.448394,-138.534821,564.361937
-34.296987,-121.957379,559.302113
-22.385804,-109.194962,553.462577
-9.602068,-98.499333,548.053116
3.510322,-88.580625,544.018578
16.524098,-78.369555,541.794509
28.965701,-66.707319,541.231986
40.125096,-52.044948,541.714904
48.769551,-32.440473,542.424295
52.999238,-7.234423,542.654805
51.308195,19.442287,542.076580
44.356665,41.664772,540.859441
34.109554,58.281856,539.621215
22.116315,71.052973,539.214832
9.279186,81.751335,540.419142
-3.850803,91.675893,543.634130
-17.021274,107.047757,548.767028
-29.392693,118.755208,554.908133
-40.439099,133.479389,560.951032
-48.936620,153.123940,565.641118
-53.022148,178.249582,567.975715
-51.258722,-155.294117,567.474054
-44.325479,-133.269410,564.302490
-34.140950,-116.758594,559.223466
-22.212704,-104.035707,553.381866
-9.421160,-93.358838,547.985992
3.692714,-83.443241,543.974974
16.702081,-73.220524,541.776303
29.131570,-61.528433,541.233342
40.266075,-46.810989,541.725113
48.863423,-27.126064,542.432067
53.017707,-1.858108,542.652511
51.243518,24.790562,542.063070
44.232445,46.931147,540.840555
33.952235,63.480888,539.607833
21.942254,76.212274,539.219043
9.097779,86.891879,540.449715
-4.033172,96.813397,543.692844
-17.198585,112.197265,548.847373
-29.557278,123.934871,554.995698
-40.578230,138.714214,561.028196
-49.028331,158.438326,565.691482
-53.038968,-176.376455,567.988547
-51.193747,-149.949122,567.447143
-44.201948,-128.005103,564.242669
-33.984586,-111.560534,559.144670
-22.039443,-98.876839,553.301245
-9.240193,-88.218486,547.919144
3.875088,-78.305800,543.931730
16.879955,-68.071216,541.758424
29.297198,-56.348973,541.234901
40.406577,-41.576059,541.735361
48.956436,-21.810483,542.439738
53.034986,3.518518,542.650053
51.177811,30.137856,542.049430
44.107606,52.196403,540.821662
33.794593,68.679189,539.594616
21.768038,81.371187,539.223572
8.916318,92.032280,540.480687
-4.215513,101.950960,543.751922
-17.375780,117.347053,548.927929
-29.721614,129.115112,555.083241
-40.716879,143.950006,561.105093
-49.119183,163.753860,565.741381
-53.054615,-171.002212,568.000820
-51.127760,-144.605100,567.419709
-44.077805,-122.741896,564.182476
-33.827901,-106.363195,559.065729
-21.866022,-93.718352,553.220718
-9.059166,-83.078275,547.852574
4.057440,-73.168298,543.888845
17.057720,-62.921628,541.740872
29.462581,-51.168933,541.236660
40.546599,-36.340153,541.745646
49.048583,-16.493734,542.447307
53.051076,8.895435,542.647430
51.111077,35.484158,542.035662
43.982152,57.460544,540.802766
33.636632,73.876765,539.581565
21.593668,86.529717,539.228422
8.734805,97.172542,540.512057
-4.397827,107.088584,543.811362
-17.552856,122.497127,549.008691
-29.885697,134.295935,555.170760
-40.855040,149.186770,561.181718
-49.209170,169.070537,565.790813
-53.069086,-165.627710,568.012535
-51.060765,-139.262062,567.391752
-43.953057,-117.479786,564.121915
-33.670895,-101.166569,558.986647
-21.692444,-88.560245,553.140287
-8.878081,-77.938201,547.786284
4.239771,-68.030733,543.846321
17.235374,-57.771756,541.723644
29.627718,-45.988309,541.238618
40.686137,-31.103265,541.755967
49.139859,-11.175818,542.454773
53.065973,14.272623,542.644642
51.043323,40.829458,542.021767
43.856090,62.723574,540.783868
33.478353,79.073621,539.568683
21.419145,91.687868,539.233594
8.553241,102.312667,540.543825
-4.580111,112.226273,543.871162
-17.729813,127.647488,549.089658
-30.049526,139.477347,555.258251
-40.992710,154.424514,561.258067
-49.298286,174.388356,565.839776
-53.082380,-160.252968,568.023690
-50.992768,-133.920016,567.363275
-43.827708,-112.218767,564.060987
-33.513573,-95.970653,558.907427
-21.518709,-83.402512,553.059956
-8.696939,-72.798262,547.720275
4.422080,-62.893101,543.804157
17.412915,-52.621597,541.706739
29.792607,-40.807096,541.240772
40.825185,-25.865390,541.766320
49.230257,-5.856739,542.462134
53.079677,19.650061,542.641688
50.974553,46.173746,542.007745
43.729424,67.985497,540.764971
33.319762,84.269763,539.555972
21.244472,96.845644,539.239089
8.371627,107.452658,540.575992
-4.762366,117.364029,543.931321
-17.906648,132.798141,549.170826
-30.213098,144.659351,555.345711
-41.129883,159.663240,561.334139
-49.386525,179.707313,565.888267
-53.094497,-154.878007,568.034286
-50.923774,-128.578973,567.334278
-43.701763,-106.958835,563.999697
-33.355937,-90.775441,558.828072
-21.344819,-78.245150,552.979728
-8.515741,-67.658455,547.654549
4.604364,-57.755401,543.762353
17.590342,-47.471147,541.690157
29.957245,-35.625289,541.243121
40.963739,-20.626522,541.776703
49.319773,-0.536501,542.469390
53.092186,25.027729,542.638569
50.904773,51.517013,541.993599
43.602160,73.246318,540.746077
33.160859,89.465197,539.543435
21.069650,102.003048,539.244911
8.189964,112.592518,540.608558
-4.944588,122.501856,543.991837
-18.083361,137.949089,549.252192
-30.376410,149.841952,555.433136
-41.266557,164.902956,561.409930
-49.473881,-174.972597,565.936284
-53.105435,-149.502847,568.044322
-50.853788,-123.238941,567.304763
-43.575227,-101.699987,563.938046
-33.197989,-85.580927,558.748586
-21.170776,-73.088154,552.899606
-8.334488,-62.518776,547.589109
4.786624,-52.617629,543.720911
17.767653,-42.320402,541.673896
30.121628,-30.442882,541.245662
41.101796,-15.386656,541.787115
49.408399,4.784893,542.476537
53.103499,30.405605,542.635285
50.833989,56.859250,541.979329
43.474303,78.506041,540.727187
33.001648,94.659927,539.531074
20.894681,107.160084,539.251060
8.008254,117.732250,540.641524
-5.126779,127.639755,544.052709
-18.259949,143.100336,549.333754
-30.539460,155.025156,555.520523
-41.402725,170.143666,561.485436
-49.560348,-169.651377,565.983826
-53.115193,-144.127507,568.053798
-50.782816,-117.899930,567.274732
-43.448106,-96.442219,563.876037
-33.039734,-80.387105,558.668972
-20.996583,-67.931522,552.819592
-8.153182,-57.379223,547.523956
4.968857,-47.479782,543.679829
17.944847,-37.169360,541.657955
30.285756,-25.259872,541.248392
41.239350,-10.145786,541.797553
49.496130,10.107440,542.483576
53.113614,35.783670,542.631834
50.762206,62.200447,541.964937
43.345858,83.764671,540.708305
32.842133,99.853959,539.518891
20.719567,112.316757,539.257538
7.826497,122.871857,540.674889
-5.308936,132.777730,544.113936
-18.436412,148.251885,549.415509
-30.702246,160.208968,555.607867
-41.538385,175.385376,561.560654
-49.645921,-164.329031,566.030891
-53.123770,-138.752009,568.062714
-50.710863,-112.561947,567.244186
-43.320403,-91.185525,563.813673
-32.881173,-75.193972,558.589234
-20.822239,-62.775249,552.739691
-7.971824,-52.239793,547.459091
5.151063,-42.341859,543.639109
18.121923,-32.018017,541.642332
30.449625,-20.076252,541.251311
41.376397,-4.903907,541.808015
49.582960,15.431135,542.490504
53.122532,41.161902,542.628219
50.689430,67.540597,541.950424
43.216829,89.022212,540.689433
32.682316,105.047299,539.506889
20.544309,117.473069,539.264347
7.644694,128.011342,540.708654
-5.491058,137.915783,544.175516
-18.612748,153.403739,549.497454
-30.864766,165.393393,555.695167
-41.673531,-179.371910,561.635582
-49.730594,-159.005563,566.077476
-53.131165,-133.376372,568.071068
-50.637935,-107.225000,567.213126
-43.192124,-85.929901,563.750958
-32.722310,-70.001521,558.509375
-20.647748,-57.619332,552.659904
-7.790415,-47.100483,547.394517
5.333241,-37.203855,543.598750
18.298879,-26.866368,541.627027
30.613233,-14.892018,541.254415
41.512933,0.338986,541.818499
49.668883,20.755973,542.497320
53.130250,46.540281,542.624437
50.615665,72.879690,541.935791
43.087222,94.278668,540.670572
32.522200,110.239952,539.495070
20.368909,122.629026,539.271487
7.462848,133.150707,540.742819
-5.673144,143.053917,544.237448
-18.788955,158.555903,549.579587
-31.027015,170.578435,555.782417
-41.808159,-174.128186,561.710215
-49.814362,-153.680979,566.123580
-53.137377,-128.000618,568.078862
-50.564037,-101.889099,567.181554
-43.063274,-80.675344,563.687894
-32.563148,-64.809747,558.429398
-20.473110,-52.463766,552.580235
-7.608955,-41.961290,547.330236
5.515389,-32.065768,543.558753
18.475713,-21.714411,541.612037
30.776577,-9.707164,541.257702
41.648953,5.582899,541.829002
49.753892,26.081951,542.504023
53.136769,51.918785,542.620490
50.540919,78.217719,541.921039
42.957042,99.534045,540.651725
32.361787,115.431923,539.483437
20.193368,127.784630,539.278962
7.280959,138.289957,540.777384
-5.855194,148.192136,544.299730
-18.965032,163.708379,549.661903
-31.188993,175.764100,555.869615
-41.942265,-168.883447,561.784552
-49.897217,-148.355284,566.169200
-53.142407,-122.624767,568.086095
-50.489174,-96.554250,567.149472
-42.933858,-75.421847,563.624483
-32.403688,-59.618645,558.349307
-20.298328,-47.308548,552.500687
-7.427447,-36.822212,547.266249
5.697507,-26.927595,543.519117
18.652424,-16.562142,541.597361
30.939655,-4.521686,541.261170
41.784452,10.827837,541.839523
49.837983,31.409063,542.510612
53.142087,57.297393,542.616376
50.465196,83.554676,541.906171
42.826294,104.788347,540.632894
32.201081,120.623218,539.471992
20.017688,132.939886,539.286772
7.099028,143.429092,540.812349
-6.037205,153.330442,544.362361
-19.140977,168.861173,549.744400
-31.350696,-179.049607,555.956758
-42.075843,-163.637688,561.858589
-49.979156,-143.028482,566.214336
-53.146253,-117.248838,568.092767
-50.413353,-91.220461,567.116880
-42.803880,-70.169407,563.560729
-32.243934,-54.428209,558.269106
-20.123402,-42.153674,552.421263
-7.245891,-31.683245,547.202558
5.879593,-21.789334,543.479844
18.829010,-11.409557,541.582999
31.102464,0.664422,541.264818
41.919426,16.073806,541.850058
49.921150,36.737305,542.517084
53.146204,62.676085,542.612097
50.388503,88.890554,541.891186
42.694982,110.041579,540.614082
32.040085,125.813842,539.460738
19.841871,138.094798,539.294920
6.917057,148.568117,540.847715
-6.219178,158.468837,544.425338
-19.316789,174.014286,549.827076
-31.512122,-173.862682,556.043841
-42.208890,-158.390904,561.932322
-50.060171,-137.700579,566.258984
-53.148915,-111.872854,568.098877
-50.336578,-85.887739,567.083782
-42.673345,-64.918019,563.496635
-32.083889,-49.238435,558.188797
-19.948335,-36.999141,552.341965
-7.064288,-26.544386,547.139164
6.061646,-16.650981,543.440932
19.005470,-6.256653,541.568948
31.265002,5.851165,541.268642
42.053870,21.320810,541.860606
50.003385,42.066670,542.523440
53.149120,68.054839,542.607652
50.310844,94.225345,541.876088
42.563112,115.293746,540.595291
31.878800,131.003800,539.449675
19.665919,143.249368,539.303406
6.735046,153.707035,540.883481
-6.401109,163.607325,544.488661
-19.492466,179.167723,549.909927
-31.673268,-168.675118,556.130861
-42.341400,-153.143089,562.005748
-50.140258,-132.371581,566.303143
-53.150393,-106.496834,568.104425
-50.258855,-80.556090,567.050178
-42.542258,-59.667678,563.432203
-31.923556,-44.049317,558.108384
-19.773128,-31.844944,552.262797
-6.882640,-21.405633,547.076070
6.243665,-11.512534,543.402382
19.181803,-1.103425,541.555208
31.427265,11.038548,541.272640
42.187779,26.568854,541.871166
50.084685,47.397154,542.529676
53.150834,73.433634,542.603041
50.232226,99.559042,541.860876
42.430688,120.544853,540.576522
31.717231,136.193098,539.438808
19.489832,148.403601,539.312232
6.552996,158.845847,540.919648
-6.583000,168.745908,544.552328
-19.668007,-175.678513,549.992950
-31.834132,-163.486911,556.217814
-42.473369,-147.894240,562.078865
-50.219411,-127.041493,566.346811
-53.150686,-101.120799,568.109412
-50.180190,-75.225522,567.016070
-42.410624,-54.418379,563.367437
-31.762936,-38.860849,558.027870
-19.597782,-26.691080,552.183761
-6.700948,-16.266984,547.013276
6.425649,-6.373990,543.364195
19.358006,4.050129,541.541777
31.589251,16.226577,541.276811
42.321149,31.817945,541.881733
50.165042,52.728749,542.535793
53.151347,78.812450,542.598264
50.152654,104.891639,541.845552
42.297716,125.794905,540.557779
31.555379,141.381741,539.428139
19.313614,153.557501,539.321400
6.370910,163.984558,540.956215
-6.764848,173.884590,544.616337
-19.843410,-170.524418,550.076143
-31.994711,-158.298055,556.304698
-42.604793,-142.644351,562.151670
-50.297624,-121.710322,566.389987
-53.149796,-95.744770,568.113837
-50.100588,-69.896041,566.981460
-42.278447,-49.170118,563.302339
-31.602033,-33.673028,557.947259
-19.422299,-21.537546,552.104862
-6.519212,-11.128434,546.950785
6.607597,-1.235347,543.326369
19.534078,9.204013,541.528653
31.750958,21.415255,541.281152
42.453975,37.068086,541.892307
50.244450,58.061452,542.541789
53.150657,84.191264,542.593322
50.072135,110.223129,541.830119
42.164199,131.043906,540.539064
31.393248,146.569735,539.417669
19.137264,158.711071,539.330911
6.188787,169.123169,540.993183
-6.946652,179.023373,544.680686
-20.018674,-165.369988,550.159502
-32.155002,-153.108546,556.391509
-42.735667,-137.393417,562.224159
-50.374891,-116.378074,566.432668
-53.147721,-90.368768,568.117700
-50.020056,-64.567652,566.946349
-42.145732,-43.922889,563.236913
-31.440849,-28.485847,557.866555
-19.246682,-16.384338,552.026100
-6.337435,-5.989981,546.888599
6.789507,3.903400,543.288905
19.710018,14.358232,541.515835
31.912382,26.604590,541.285660
42.586252,42.319284,541.902886
50.322905,63.395254,542.547662
53.148765,89.570056,542.588213
49.990673,115.553507,541.814577
42.030143,136.291862,540.520378
31.230839,151.757083,539.407401
18.960785,163.864315,539.340767
6.006630,174.261684,541.030552
-7.128412,-175.837741,544.745374
-20.193796,-160.215219,550.243025
-32.315002,-147.918379,556.478242
-42.865985,-132.141433,562.296329
-50.451207,-111.044757,566.474853
-53.144462,-84.992812,568.121001
-49.938598,-59.240362,566.910739
-42.012484,-38.676687,563.171161
-31.279387,-23.299301,557.785760
-19.070930,-11.231451,551.947480
-6.155616,-0.851623,546.826718
6.971379,9.042252,543.251804
19.885824,19.512788,541.503321
32.073522,31.794586,541.290334
42.717975,47.571542,541.913466
50.400401,68.730149,542.553412
53.145672,94.948805,542.582940
49.908275,120.882765,541.798927
41.895553,141.538778,540.501725
31.068157,156.943792,539.397337
18.784178,169.017237,539.350969
5.824439,179.400106,541.068322
-7.310125,-170.698747,544.810400
-20.368776,-155.060109,550.326708
-32.474709,-142.727547,556.564895
-42.995744,-126.888395,562.368177
-50.526566,-105.710376,566.516539
-53.140019,-79.616924,568.123741
-49.856221,-53.914177,566.874631
-41.878707,-33.431508,563.105086
-31.117650,-18.113386,557.704878
-18.895046,-6.078883,551.869004
-5.973758,4.286644,546.765145
7.153212,14.181213,543.215064
20.061494,24.667686,541.491111
32.234373,36.985248,541.295171
42.849140,52.824866,541.924047
50.476930,74.066130,542.559036
53.141377,100.327490,542.577500
49.824947,126.210900,541.783172
41.760433,146.784659,540.483106
30.905203,162.129868,539.387481
18.607445,174.169840,539.361519
5.642215,-175.461563,541.106491
-7.491791,-165.559644,544.875761
-20.543612,-149.904652,550.410549
-32.634121,-137.536046,556.651464
-43.124938,-121.634299,562.439701
-50.600963,-100.374940,566.557727
-53.134393,-74.241124,568.125918
-49.772930,-48.589100,566.838029
-41.744406,-28.187347,563.038692
-30.955640,-12.928097,557.623912
-18.719032,-0.926629,551.790675
-5.791861,9.424823,546.703880
7.335003,19.320285,543.178686
20.237028,29.822930,541.479202
32.394934,42.176582,541.300170
42.979741,58.079261,541.934625
50.552489,79.403190,542.564535
53.135882,105.706089,542.571896
49.740695,131.537904,541.767312
41.624788,152.029510,540.464523
30.741980,167.315314,539.377833
18.430588,179.322128,539.372417
5.459960,-170.323320,541.145062
-7.673409,-160.420428,544.941455
-20.718302,-144.748846,550.494543
-32.793233,-132.343870,556.737946
-43.253563,-116.379138,562.510896
-50.674392,-95.038456,566.598412
-53.127584,-68.865432,568.127534
-49.688731,-43.265139,566.800933
-41.609585,-22.944198,562.971981
-30.793360,-7.743427,557.542866
-18.542888,4.225313,551.712495
-5.609927,14.562915,546.642927
7.516752,24.459472,543.142670
20.412422,34.978522,541.467593
32.555202,47.368593,541.305327
43.109774,63.334731,541.945199
50.627071,84.741321,542.569906
53.129185,111.084582,542.566126
49.655524,136.863774,541.751349
41.488622,157.273338,540.445980
30.578490,172.500136,539.368397
18.253608,-175.525896,539.383667
5.277674,-165.185162,541.184033
-7.854978,-155.281097,545.007482
-20.892844,-139.592686,550.578689
-32.952044,-127.151015,556.824337
-43.381613,-111.122910,562.581761
-50.746848,-89.700931,566.638595
-53.119593,-63.489870,568.128588
-49.603629,-37.942296,566.763345
-41.474249,-17.702056,562.904957
-30.630812,-2.559372,557.461744
-18.366617,9.376947,551.634469
-5.427956,19.700924,546.582285
7.698459,29.598775,543.107015
20.587675,40.134468,541.456283
32.715173,52.561286,541.310640
43.239233,68.591282,541.955767
50.700670,90.080516,542.575149
53.121290,116.462947,542.560192
49.569440,142.188504,541.735285
41.351940,162.516146,540.427478
30.414737,177.684339,539.359174
18.076506,-170.374227,539.395268
5.095359,-160.047086,541.223404
-8.036496,-150.141648,545.073838
-21.067238,-134.436169,550.662984
-33.110551,-121.957475,556.910633
-43.509084,-105.865609,562.652292
-50.818325,-84.362375,566.678273
-53.110421,-58.114457,568.129080
-49.517631,-32.620578,566.725267
-41.338402,-12.460916,562.837622
-30.467999,2.624072,557.380548
-18.190219,14.528278,551.556598
-5.245950,24.838853,546.521956
7.880121,34.738199,543.071722
20.762787,45.290770,541.445270
32.874846,57.754667,541.316108
43.368115,73.848917,541.966326
50.773282,95.420766,542.580262
53.112195,121.841163,542.554093
49.482450,147.512091,541.719121
41.214747,167.757940,540.409020
30.250722,-177.132071,539.350167
17.899284,-165.222863,539.407223
4.913016,-154.909089,541.263175
-8.217962,-145.002077,545.140523
-21.241481,-129.279291,550.747423
-33.268751,-116.763244,556.996831
-43.635972,-100.607230,562.722486
-50.888818,-79.022794,566.717444
-53.100069,-52.739215,568.129011
-49.430742,-27.299987,566.686700
-41.202049,-7.220772,562.769979
-30.304923,7.806911,557.299282
-18.013697,19.679308,551.478885
-5.063909,29.976705,546.461943
8.061738,39.877745,543.036791
20.937755,50.447433,541.434552
33.034216,62.948741,541.321728
43.496412,79.107642,541.976874
50.844899,100.762064,542.585244
53.101902,127.219211,542.547829
49.394559,152.834528,541.702859
41.077047,172.998726,540.390608
30.086449,-171.949089,539.341379
17.721943,-160.071800,539.419532
4.730647,-149.771169,541.303346
-8.399376,-139.862382,545.207534
-21.415571,-124.122048,550.832004
-33.426640,-111.568317,557.082928
-43.762270,-95.347771,562.792341
-50.958321,-73.682198,566.756108
-53.088537,-47.364162,568.128381
-49.342968,-21.980529,566.647647
-41.065194,-1.981621,562.702032
-30.141587,12.989151,557.217950
-17.837051,24.830041,551.401334
-4.881836,35.114482,546.402246
8.243308,45.017418,543.002220
21.112577,55.604460,541.424128
33.193282,68.143514,541.327497
43.624122,84.367461,541.987410
50.915518,106.104400,542.590094
53.090412,132.597068,542.541401
49.305773,158.155814,541.686500
40.938845,178.238509,540.372245
29.921920,-166.766711,539.332811
17.544486,-154.921033,539.432198
4.548251,-144.633323,541.343918
-8.580735,-134.722561,545.274870
-21.589508,-118.964436,550.916724
-33.584217,-106.372690,557.168920
-43.887974,-90.087226,562.861852
-51.026830,-68.340596,566.794261
-53.075826,-41.989320,568.127189
-49.254315,-16.662207,566.608110
-40.927842,3.256545,562.633783
-29.977993,18.170795,557.136554
-17.660284,29.980480,551.323946
-4.699730,40.252187,546.342867
8.424830,50.157219,542.968010
21.287252,60.761856,541.413996
33.352040,73.338991,541.333414
43.751238,89.628378,541.997931
50.985131,111.447765,542.594811
53.077725,137.974714,542.534809
49.216098,163.475943,541.670046
40.800145,-176.522705,540.353932
29.757137,-161.584932,539.324466
17.366912,-149.770560,539.445221
4.365830,-139.495547,541.384888
-8.762039,-129.582609,545.342529
-21.763288,-113.806452,551.001581
-33.741478,-101.176356,557.254803
-44.013079,-84.825590,562.931018
-51.094339,-62.997997,566.831904
-53.061939,-36.614709,568.125437
-49.164788,-11.345025,566.568091
-40.789996,8.493730,562.565236
-29.814143,23.351849,557.055099
-17.483396,35.130630,551.246726
-4.517594,45.389823,546.283808
8.606303,55.297151,542.934161
21.461779,65.919623,541.404154
33.510487,78.535177,541.339476
43.877755,94.890399,542.008435
51.053735,116.792151,542.599394
53.063845,143.352128,542.528054
49.125540,168.794912,541.653498
40.660951,-171.284912,540.335673
29.592103,-156.403746,539.316346
17.189225,-144.620377,539.458602
4.183386,-134.357840,541.426258
-8.943287,-124.442525,545.410509
-21.936912,-108.648091,551.086569
-33.898420,-95.979310,557.340575
-44.137580,-79.562861,562.999836
-51.160842,-57.654410,566.869033
-53.046876,-31.240349,568.123123
-49.074394,-6.028986,566.527590
-40.651662,13.729939,562.496394
-29.650041,28.532317,556.973587
-17.306390,40.280493,551.169674
-4.335428,50.527392,546.225068
8.787726,60.437219,542.900673
21.636154,71.077767,541.394602
33.668620,83.732079,541.345680
44.003669,100.153526,542.018921
51.121323,122.137547,542.603842
53.048770,148.729291,542.521135
49.034105,174.112718,541.636859
40.521268,-166.048105,540.317469
29.426820,-151.223148,539.308454
17.011426,-139.470481,539.472344
4.000920,-129.220197,541.468027
-9.124477,-119.302305,545.478807
-22.110376,-103.489350,551.171688
-34.055040,-90.781547,557.426231
-44.261472,-74.299034,563.068302
-51.226335,-52.309845,566.905649
-53.030639,-25.866259,568.120249
-48.983138,-0.714092,566.486611
-40.512843,18.965178,562.427259
-29.485688,33.712205,556.892022
-17.129266,45.430073,551.092795
-4.153233,55.664899,546.166651
8.969098,65.577424,542.867545
21.810378,76.236291,541.385337
33.826437,88.929700,541.352026
44.128974,105.417765,542.029385
51.187890,127.483945,542.608153
53.032504,154.106181,542.514053
48.941799,179.429357,541.620129
40.381101,-160.812279,540.299322
29.261291,-146.043134,539.300791
16.833515,-134.320868,539.486447
3.818432,-124.082618,541.510195
-9.305608,-114.161946,545.547423
-22.283679,-98.330224,551.256932
-34.211336,-85.583061,557.511768
-44.384750,-69.034105,563.136413
-51.290811,-46.964312,566.941748
-53.013229,-20.492460,568.116815
-48.891025,4.599652,566.445156
-40.373543,24.199452,562.357836
-29.321087,38.891518,556.810408
-16.952026,50.579373,551.016090
-3.971011,60.802344,546.108558
9.150418,70.717769,542.834776
21.984448,81.395199,541.376358
33.983934,94.128048,541.358509
44.253665,110.683120,542.039826
51.253430,132.831334,542.612328
53.015048,159.482777,542.506808
48.848628,-175.255173,541.603310
40.240453,-155.577428,540.281237
29.095518,-140.863698,539.293360
16.655494,-129.171535,539.500913
3.635924,-118.945098,541.552762
-9.486680,-109.021446,545.616353
-22.456820,-93.170710,551.342300
-34.367304,-80.383847,557.597182
-44.507409,-63.768070,563.204168
-51.354267,-41.617822,566.977331
-52.994648,-15.118971,568.112821
-48.798063,9.912244,566.403225
-40.233768,29.432767,562.288126
-29.156241,44.070260,556.728747
-16.774671,55.728398,550.939563
-3.788762,65.939732,546.050789
9.331683,75.858257,542.802367
22.158362,86.554495,541.367663
34.141109,99.327127,541.365129
44.377737,115.949594,542.050243
51.317939,138.179703,542.616363
52.996403,164.859061,542.499401
48.754598,-169.940874,541.586404
40.099329,-150.343547,540.263213
28.929504,-135.684836,539.286163
16.477366,-124.022477,539.515743
3.453396,-113.807635,541.595727
-9.667690,-103.880801,545.685597
-22.629797,-88.010804,551.427788
-34.522941,-75.183899,557.682470
-44.629443,-58.500926,563.271562
-51.416698,-36.270384,567.012394
-52.974897,-9.745812,568.108268
-48.704256,15.223683,566.360822
-40.093520,34.665128,562.218134
-28.991151,49.248436,556.647043
-16.597204,60.877149,550.863217
-3.606488,71.077064,545.993345
9.512894,80.998892,542.770317
22.332118,91.714183,541.359250
34.297957,104.526943,541.371882
44.501184,121.217192,542.060632
51.381411,143.529042,542.620260
52.976571,170.235011,542.491832
48.659715,-164.627750,541.569413
39.957733,-145.110631,540.245255
28.763250,-130.506543,539.279202
16.299130,-118.873693,539.530937
3.270851,-108.670226,541.639089
-9.848638,-98.740008,545.755152
-22.802608,-82.850502,551.513393
-34.678244,-69.983212,557.767629
-44.750847,-53.232668,563.338593
-51.478097,-30.922011,567.046937
-52.953980,-4.373003,568.103155
-48.609611,20.533965,566.317948
-39.952805,39.896540,562.147862
-28.825819,54.426052,556.565300
-16.419624,66.025631,550.787053
-3.424190,76.214344,545.936230
9.694049,86.139677,542.738627
22.505716,96.874267,541.351117
34.454477,109.727502,541.378766
44.624001,126.485917,542.070992
51.443841,148.879340,542.624016
52.955554,175.610607,542.484101
48.563985,-159.315802,541.552338
39.815670,-139.878673,540.227364
28.596760,-125.328814,539.272481
16.120789,-113.725177,539.546498
3.088288,-103.532869,541.682849
-10.029523,-93.599065,545.825016
-22.975251,-77.689799,551.599111
-34.833210,-64.781781,557.852655
-44.871617,-47.963293,563.405258
-51.538460,-25.572712,567.080959
-52.931897,0.999437,568.097483
-48.514133,25.843088,566.274605
-39.811626,45.127010,562.077313
-28.660249,59.603111,556.483520
-16.241935,71.173848,550.711075
-3.241869,81.351575,545.879442
9.875147,91.280613,542.707294
22.679152,102.034751,541.343264
34.610664,114.928809,541.385780
44.746184,131.755774,542.081321
51.505223,154.230586,542.627630
52.933354,-179.014169,542.476209
48.467414,-154.005032,541.535181
39.673144,-134.647668,540.209542
28.430036,-120.151643,539.265999
15.942345,-108.576928,539.562426
2.905710,-98.395560,541.727006
-10.210343,-88.457969,545.895187
-23.147725,-72.528692,551.684940
-34.987837,-59.579600,557.937545
-44.991746,-42.692798,563.471555
-51.597782,-20.222500,567.114458
-52.908651,6.371489,568.091252
-48.417828,31.151052,566.230796
-39.669988,50.356542,562.006491
-28.494443,64.779618,556.401708
-16.064136,76.321801,550.635285
-3.059525,86.488758,545.822984
10.056186,96.421705,542.676320
22.852426,107.195639,541.335688
34.766517,120.130870,541.392920
44.867725,137.026766,542.091617
51.565553,159.582769,542.631103
52.909974,-173.639339,542.468157
48.370007,-148.695443,541.517944
39.530158,-129.417611,540.191793
28.263079,-114.975027,539.259761
15.763797,-103.428941,539.578723
2.723117,-93.258297,541.771560
-10.391097,-83.316716,545.965662
-23.320027,-67.367176,551.770876
-35.142120,-54.376663,558.022295
-45.111231,-37.421179,563.537480
-51.656059,-14.871385,567.147432
-52.884243,11.743134,568.084464
-48.320702,36.457854,566.186523
-39.527894,55.585142,561.935399
-28.328402,69.955579,556.319866
-15.886230,81.469496,550.559686
-2.877161,91.625898,545.766858
10.237165,101.562956,542.645703
23.025535,112.356935,541.328387
34.922031,125.333690,541.400184
44.988621,142.298896,542.101878
51.624826,164.935875,542.634432
52.885415,-168.264921,542.459944
48.271771,-143.387035,541.500628
39.386717,-124.188495,540.174118
28.095893,-109.798960,539.253768
15.585149,-98.281213,539.595390
2.540511,-88.121077,541.816510
-10.571784,-78.175304,546.036441
-23.492156,-62.205248,551.856917
-35.296057,-49.172966,558.106901
-45.230064,-32.148433,563.603031
-51.713284,-9.519381,567.179880
-52.858677,17.114353,568.077118
-48.222760,41.763492,566.141787
-39.385348,60.812817,561.864040
-28.162129,75.130998,556.237998
-15.708218,86.616934,550.484280
-2.694777,96.762996,545.711063
10.418084,106.704367,542.615443
23.198477,117.518643,541.321360
35.077203,130.537275,541.407571
45.108866,147.572169,542.112102
51.683037,170.289895,542.637617
52.859680,-162.890935,542.451571
48.172712,-138.079810,541.483236
39.242826,-118.960315,540.156521
27.928479,-104.623437,539.248023
15.406401,-93.133741,539.612428
2.357891,-82.983897,541.861855
-10.752402,-73.033729,546.107521
-23.664111,-57.042904,551.943058
-35.449644,-43.968501,558.191360
-45.348242,-26.874556,563.668206
-51.769455,-4.166499,567.211802
-52.831955,22.485127,568.069215
-48.124010,47.067966,566.096590
-39.242356,66.039570,561.792417
-27.995627,80.305880,556.156108
-15.530101,91.764121,550.409070
-2.512374,101.900056,545.655602
10.598940,111.845943,542.585540
23.371252,122.680768,541.314605
35.232031,135.741630,541.415078
45.228454,152.846587,542.122286
51.740180,175.644814,542.640657
52.832771,-157.517401,542.443040
48.072836,-132.773769,541.465768
39.098487,-113.733066,540.139002
27.760840,-99.448455,539.242527
15.227554,-87.986521,539.629837
2.175261,-77.846755,541.907596
-10.932952,-67.891989,546.178899
-23.835888,-51.880139,552.029296
-35.602879,-38.763265,558.275669
-45.465758,-21.599546,563.733000
-51.824566,1.187249,567.243195
-52.804078,27.855437,568.060755
-48.024455,52.371275,566.050936
-39.098919,71.265408,561.720533
-27.828896,85.480229,556.074198
-15.351881,96.911058,550.334060
-2.329953,107.037079,545.600474
10.779733,116.987686,542.555993
23.543856,127.843313,541.308121
35.386510,140.946762,541.422702
45.347380,158.122153,542.132430
51.796251,-178.999378,542.643551
52.804692,-152.144336,542.434349
47.972148,-127.468914,541.448227
38.953706,-108.506741,540.121565
27.592978,-94.274007,539.237283
15.048611,-82.839550,539.647620
1.992620,-72.709648,541.953732
-11.113430,-62.750081,546.250573
-24.007487,-46.716950,552.115629
-35.755758,-33.557250,558.359824
-45.582608,-16.323400,563.797412
-51.878612,6.541849,567.274059
-52.775051,33.225265,568.051739
-47.924102,57.673418,566.004825
-38.955043,76.490336,561.648392
-27.661941,90.654050,555.992272
-15.173558,102.057749,550.259250
-2.147516,112.174070,545.545683
10.960462,122.129600,542.526802
23.716289,133.006283,541.301904
35.540638,146.152676,541.430441
45.465638,163.398872,542.142531
51.851245,-173.642697,542.646298
52.775444,-146.771761,542.425501
47.870655,-122.165243,541.430615
38.808486,-103.281335,540.104213
27.424896,-89.100090,539.232293
14.869572,-77.692825,539.665777
1.809970,-67.572573,542.000261
-11.293837,-57.608001,546.322542
-24.178906,-41.553331,552.202053
-35.908277,-28.350453,558.443821
-45.698786,-11.046115,563.861438
-51.931589,11.897289,567.304392
-52.744875,38.594593,568.042168
-47.822958,62.974394,565.958261
-38.810732,81.714361,561.575996
-27.494762,95.827348,555.910333
-14.995135,107.204197,550.184644
-1.965063,117.311031,545.491228
11.141125,127.271686,542.497966
23.888548,138.169682,541.295955
35.694412,151.359377,541.438294
45.583223,168.676746,542.152587
51.905157,-168.285154,542.648897
52.745030,-141.399694,542.416494
47.768363,-116.862759,541.412932
38.662831,-98.056842,540.086947
27.256595,-83.926698,539.227558
14.690439,-72.546343,539.684309
1.627311,-62.435527,542.047185
-11.474170,-52.465747,546.394804
-24.350143,-36.389279,552.288564
-36.060435,-23.142867,558.527658
-45.814286,-5.767688,563.925077
-51.983492,17.253555,567.334192
-52.713553,43.963403,568.032042
-47.721027,68.274203,565.911246
-38.665988,86.937487,561.503350
-27.327363,101.000127,555.828385
-14.816612,112.350406,550.110244
-1.782596,122.447964,545.437111
11.321721,132.413950,542.469485
24.060631,143.333514,541.290270
35.847827,156.566871,541.446257
45.700129,173.955777,542.162596
51.957984,-162.926763,542.651348
52.713453,-136.028154,542.407331
47.665277,-111.561462,541.395182
38.516746,-92.833257,540.069770
27.088078,-78.753827,539.223082
14.511213,-67.400099,539.703218
1.444646,-57.298507,542.094501
-11.654429,-47.323315,546.467355
-24.521195,-31.224790,552.375160
-36.212226,-17.934486,558.611331
-45.929103,-0.488116,563.988325
-52.034317,22.610633,567.363460
-52.681088,49.331676,568.021361
-47.618315,73.572845,565.863781
-38.520817,92.159720,561.430455
-27.159744,106.172392,555.746431
-14.637992,117.496379,550.036053
-1.600115,127.584872,545.383332
11.502248,137.556392,542.441357
24.232537,148.497783,541.284848
36.000881,161.775165,541.454328
45.816352,179.235970,542.172557
52.009719,-157.567538,542.653650
52.680717,-130.657158,542.398011
47.561403,-106.261351,541.377365
38.370234,-87.610573,540.052684
26.919346,-73.581473,539.218867
14.331896,-62.254092,539.722504
1.261975,-52.161511,542.142210
-11.834612,-42.180702,546.540194
