-13.605262,-35.900911,547.272479
-26.195961,-24.715535,553.231893
-37.687226,-10.973486,559.425966
-47.022494,7.192167,564.589860
-52.476481,31.033183,567.622987
-52.300886,57.791815,567.886657
-46.566010,81.317038,565.372711
-37.068679,99.167012,560.699894
-25.497307,112.707459,554.939589
-12.873469,123.787034,549.317007
0.197951,133.797418,544.872008
13.276682,143.834452,542.183195
25.916058,155.004878,541.245218
37.488546,168.735568,541.539236
46.923480,-173.076731,542.267753
52.460130,-149.122742,542.668229
52.296949,-122.170753,542.297985
46.497307,-98.503699,541.198681
36.904957,-80.599292,539.889697
25.246212,-67.045636,539.191595
12.560865,-55.963079,539.932726
-0.537578,-45.948045,542.632872
-13.784543,-30.756140,547.348292
-26.364892,-19.546026,553.319192
-37.834826,-5.756124,559.507635
-47.129546,12.484290,564.648702
-52.515343,36.398136,567.646398
-52.256233,63.153176,567.870006
-46.455195,86.603048,565.320519
-36.919103,104.379920,560.624521
-25.327448,117.874434,554.857782
-12.693870,128.930652,549.245238
0.380506,138.934233,544.821966
13.456388,148.979042,542.158865
26.085913,160.174169,541.242527
37.637455,173.952899,541.548333
47.031915,-167.783800,542.277065
52.499753,-143.755422,542.668864
52.251846,-116.806788,542.287011
46.385264,-93.216422,541.180267
36.754057,-75.386022,539.873758
25.075293,-61.878592,539.190338
12.380641,-50.819423,539.956165
-0.720243,-40.811130,542.684792
-13.963734,-25.611150,547.424365
-26.533615,-14.376029,553.406536
-37.982020,-0.537901,559.589100
-47.235850,17.777577,564.707122
-52.553079,41.763722,567.669263
-52.210480,68.513806,567.852811
-46.343668,91.887900,565.267905
-36.769143,109.592002,560.548938
-25.157394,123.040949,554.776008
-12.514187,134.074072,549.173707
0.563061,144.071057,544.772274
13.636011,154.123849,542.134882
26.255566,165.343949,541.240078
37.785960,179.171097,541.557511
47.139597,-162.489685,542.286307
52.538236,-138.387452,542.669341
52.205626,-111.443568,542.275890
46.272502,-87.930321,541.161810
36.602773,-70.173584,539.857938
24.904185,-56.712011,539.189366
12.200340,-45.675964,539.979992
-0.902902,-35.674206,542.737096
-14.142833,-20.465940,547.500696
-26.702129,-9.205539,553.493921
-38.128802,4.681188,559.670357
-47.341399,23.072031,564.765118
-52.589688,47.129923,567.691582
-52.163628,73.873689,567.835071
-46.231432,97.171598,565.214872
-36.618802,114.803263,560.473150
-24.987147,128.207006,554.694270
-12.334424,139.217297,549.102415
0.745616,149.207890,544.722931
13.815548,159.268876,542.111242
26.425016,170.514223,541.237866
37.934058,-175.609833,541.566767
47.246522,-157.194385,542.295476
52.575576,-133.018847,542.669660
52.158292,-106.081109,542.264621
46.159026,-82.645392,541.143311
36.451111,-64.961975,539.842242
24.732890,-51.545888,539.188681
12.019966,-40.532700,540.004207
-1.085552,-30.537271,542.789782
-14.321839,-15.320506,547.577281
-26.870431,-4.034551,553.581345
-38.275170,9.901150,559.751401
-47.446187,28.367650,564.822689
-52.625165,52.496724,567.713353
-52.115684,79.232810,567.816787
-46.118494,102.454142,565.161423
-36.468084,120.013710,560.397159
-24.816710,133.372610,554.612572
-12.154580,144.360330,549.031365
0.928169,154.344737,544.673939
13.995000,164.414125,542.087947
26.594262,175.684994,541.235891
38.081745,-170.389884,541.576100
47.352684,-151.897900,542.304571
52.611770,-127.649625,542.669821
52.109850,-100.719426,542.253206
46.044844,-77.361634,541.124772
36.299072,-59.751187,539.826670
24.561409,-46.380220,539.188284
11.839517,-35.389627,540.028811
-1.268194,-25.400321,542.842850
-14.500750,-10.174845,547.654119
-27.038520,1.136939,553.668803
-38.421119,15.121990,559.832231
-47.550210,33.664437,564.879830
-52.659507,57.864106,567.734576
-52.066650,84.591155,567.797961
-46.004859,107.735536,565.107560
-36.316991,125.223348,560.320969
-24.646083,138.537766,554.530916
-11.974657,149.503173,548.960559
1.110719,159.481600,544.625299
14.174364,169.559601,542.064995
26.763300,-179.143732,541.234150
38.229017,-165.169050,541.585507
47.458076,-146.600229,542.313591
52.646814,-122.279803,542.669822
52.060303,-95.358533,542.241646
45.929959,-72.079044,541.106195
36.146662,-54.541215,539.811226
24.389745,-41.215002,539.188178
11.658997,-30.246743,540.053805
-1.450825,-20.263354,542.896298
-14.679565,-5.028953,547.731208
-27.206393,6.308936,553.756293
-38.566646,20.343714,559.912843
-47.653461,38.962391,564.936541
-52.692711,63.232053,567.755250
-52.016532,89.948709,567.778594
-45.890533,113.015781,565.053285
-36.165527,130.432182,560.244584
-24.475270,143.702478,554.449307
-11.794657,154.645831,548.889999
1.293265,164.618481,544.577011
14.353640,174.705307,542.042384
26.932128,-173.971950,541.232642
38.375870,-159.947327,541.594985
47.562693,-141.301372,542.322533
52.680705,-116.909400,542.669664
52.009656,-89.998445,542.229941
45.814379,-66.797620,541.087583
35.993883,-49.332054,539.795911
24.217899,-36.050229,539.188365
11.478406,-25.104045,540.079190
-1.633445,-15.126368,542.950126
-14.858283,0.117173,547.808543
-27.374048,11.481444,553.843811
-38.711747,25.566327,559.993232
-47.755934,44.261512,564.992819
-52.724774,68.600546,567.775374
-51.965332,95.305458,567.758686
-45.775522,118.294880,564.998600
-36.013695,135.640218,560.168006
-24.304272,148.866750,554.367746
-11.614580,159.788306,548.819688
1.475806,169.755384,544.529076
14.532826,179.851245,542.020115
27.100745,-168.799657,541.231364
38.522301,-154.724707,541.604533
47.666529,-136.001328,542.331396
52.713439,-111.538433,542.669346
51.957913,-84.639176,542.218093
45.698109,-61.517360,541.068938
35.840739,-44.123697,539.780729
24.045873,-30.885898,539.188846
11.297745,-19.961528,540.104966
-1.816052,-9.989359,543.004332
-15.036902,5.263535,547.886124
-27.541483,16.654467,553.931353
-38.856418,30.789835,560.073397
-47.857624,49.561800,565.048660
-52.755692,73.969568,567.794948
-51.913057,100.661390,567.738238
-45.659830,123.572835,564.943510
-35.861500,140.847461,560.091239
-24.133091,154.030586,554.286237
-11.434428,164.930601,548.749627
1.658341,174.892311,544.481494
14.711920,-175.002581,541.998186
27.269148,-163.626848,541.230314
38.668306,-149.501187,541.614147
47.769577,-130.700097,542.340178
52.745014,-106.166920,542.668868
51.905079,-79.280741,542.206102
45.581153,-56.238260,541.050261
35.687232,-38.916140,539.765681
23.873670,-25.722004,539.189624
11.117017,-14.819191,540.131133
-1.998646,-4.852324,543.058915
-15.215422,10.410138,547.963947
-27.708696,21.828011,554.018916
-39.000655,36.014243,560.153333
-47.958525,54.863255,565.104064
-52.785464,79.339101,567.813970
-51.859710,106.016490,567.717252
-45.543463,128.849650,564.888015
-35.708944,146.053918,560.014286
-23.961728,159.193990,554.204784
-11.254203,170.072720,548.679820
1.840869,-179.970735,544.434267
14.890922,-169.856167,541.976597
27.437336,-158.453518,541.229491
38.813880,-144.276758,541.623827
47.871833,-125.397680,542.348878
52.775426,-100.794880,542.668228
51.851158,-73.923153,542.193970
45.463518,-50.960318,541.031554
35.533368,-33.709376,539.750771
23.701290,-20.558543,539.190700
10.936221,-9.677030,540.157694
-2.181225,0.284738,543.113875
-15.393840,15.556985,548.042009
-27.875685,27.002079,554.106497
-39.144455,41.239557,560.233038
-48.058632,60.165877,565.159027
-52.814086,84.709128,567.832440
-51.805296,111.370745,567.695728
-45.426426,134.125326,564.832119
-35.556030,151.259594,559.937151
-23.790186,164.356966,554.123390
-11.073904,175.214664,548.610267
2.023388,-174.833751,544.387394
15.069830,-164.709511,541.955345
27.605305,-153.279662,541.228892
38.959021,-139.051417,541.633569
47.973290,-120.094076,542.357494
52.804673,-95.422331,542.667428
51.796154,-68.566426,542.181697
45.345210,-45.683531,541.012820
35.379148,-28.503399,539.736000
23.528737,-15.395511,539.192077
10.755359,-4.535042,540.184647
-2.363789,5.421832,543.169211
-15.572155,20.704078,548.120309
-28.042447,32.176678,554.194092
-39.287813,46.465783,560.312507
-48.157937,65.469664,565.213547
-52.841555,90.079628,567.850357
-51.749820,116.724142,567.673669
-45.308726,139.399866,564.775824
-35.402762,156.464494,559.859837
-23.618467,169.519520,554.042058
-10.893535,-179.643562,548.540971
2.205898,-169.696734,544.340877
15.248642,-159.562609,541.934431
27.773054,-148.105275,541.228515
39.103723,-133.825157,541.643371
48.073943,-114.789287,542.366024
52.832751,-90.049292,542.666465
51.740074,-63.210573,542.169285
45.226233,-40.407897,540.994061
35.224576,-23.298205,539.721371
23.356011,-10.232903,539.193756
10.574432,0.606775,540.211994
-2.546335,10.558959,543.224920
-15.750366,25.851422,548.198844
-28.208980,37.351810,554.281698
-39.430726,51.692927,560.391738
-48.256437,70.774616,565.267622
-52.867870,95.450585,567.867721
-51.693285,122.076668,567.651074
-45.190367,144.673275,564.719133
-35.249143,161.668624,559.782347
-23.446571,174.681654,553.960790
-10.713094,-174.501955,548.471935
2.388398,-164.559683,544.294715
15.427357,-154.415458,541.913852
27.940580,-142.930354,541.228358
39.247982,-128.597973,541.653231
48.173784,-109.483312,542.374466
52.859659,-84.675781,542.665340
51.682921,-57.855606,542.156734
45.106594,-35.133410,540.975279
35.069655,-18.093787,539.706886
23.183116,-5.070716,539.195739
10.393443,5.748426,540.239735
-2.728864,15.696122,543.281003
-15.928472,30.999019,548.277610
-28.375283,42.527481,554.369311
-39.573190,56.920993,560.470727
-48.354124,76.080731,565.321250
-52.893027,100.821979,567.884530
-51.635697,127.428312,567.627945
-45.071354,149.945554,564.662048
-35.095176,166.871989,559.704685
-23.274502,179.843373,553.879591
-10.532585,-169.360514,548.403159
2.570886,-159.422594,544.248910
15.605975,-149.268054,541.893610
28.107882,-137.754893,541.228419
39.391796,-123.369858,541.663147
48.272809,-104.176153,542.382819
52.885394,-79.301818,542.664052
51.624700,-52.501539,542.144045
44.986297,-29.860070,540.956475
34.914390,-12.890139,539.692548
23.010051,0.091055,539.198027
10.212391,10.889913,540.267871
-2.911373,20.833324,543.337457
-16.106471,36.146873,548.356605
-28.541352,47.703696,554.456928
-39.715200,62.149987,560.549471
-48.450993,81.388009,565.374428
-52.917025,106.193792,567.900785
-51.577061,132.779061,567.604284
-44.951693,155.216707,564.604572
-34.940864,172.074596,559.626854
-23.102261,-174.995319,553.798463
-10.352009,-164.219233,548.334648
2.753361,-154.285463,544.203462
15.784492,-144.120395,541.873701
28.274957,-132.578887,541.228696
39.535159,-118.140808,541.673116
48.371011,-98.867811,542.391082
52.909952,-73.927422,542.662602
51.565416,-47.148384,542.131220
44.865348,-24.587871,540.937652
34.758782,-7.687257,539.678360
22.836820,5.252414,539.200624
10.031278,16.031238,540.296402
-3.093863,25.970569,543.394283
-16.284362,41.294987,548.435827
-28.707186,52.880460,554.544545
-39.856752,67.379916,560.627967
-48.547039,86.696448,565.427155
-52.939860,111.566004,567.916485
-51.517382,138.128903,567.580091
-44.831390,160.486738,564.546708
-34.786211,177.276448,559.548858
-22.929849,-169.834418,553.717410
-10.171365,-159.078112,548.266401
2.935823,-149.148290,544.158371
15.962909,-138.972476,541.854125
28.441802,-127.402332,541.229187
39.678068,-112.910816,541.683137
48.468385,-93.558287,542.399252
52.933332,-68.552613,542.660988
51.505075,-41.796152,542.118260
44.743753,-19.316812,540.918813
34.602835,-2.485133,539.664323
22.663424,10.413364,539.203530
9.850105,21.172406,540.325329
-3.276331,31.107858,543.451477
-16.462143,46.443364,548.515273
-28.872783,58.057776,554.632159
-39.997843,72.610784,560.706211
-48.642255,92.006047,565.479427
-52.961531,116.938596,567.931629
-51.456663,143.477826,567.555367
-44.710449,165.755650,564.488459
-34.631219,-177.522447,559.470699
-22.757269,-164.673920,553.636434
-9.990656,-153.937146,548.198423
3.118269,-144.011070,544.113637
16.141224,-133.824294,541.834881
28.608415,-122.225222,541.229889
39.820518,-107.679876,541.693206
48.564924,-88.247583,542.407329
52.955532,-63.177409,542.659211
51.443681,-36.444857,542.105165
44.621517,-14.046887,540.899958
34.446553,2.716236,539.650440
22.489866,15.573911,539.206748
9.668875,26.313418,540.354652
-3.458777,36.245194,543.509041
-16.639813,51.592009,548.594940
-29.038139,63.235650,554.719767
-40.138468,77.842596,560.784200
-48.736635,97.316803,565.531243
-52.982036,122.311550,567.946217
-51.394911,148.825820,567.530115
-44.588875,171.023446,564.429826
-34.475892,-172.322084,559.392381
-22.584522,-159.513821,553.555539
-9.809883,-148.796333,548.130713
3.300700,-138.873801,544.069263
16.319434,-128.675847,541.815968
28.774795,-117.047554,541.230801
39.962505,-102.447984,541.703322
48.660623,-82.935700,542.415310
52.976549,-57.801831,542.657270
51.381239,-31.094508,542.091937
44.498645,-8.778093,540.881091
34.289938,7.916857,539.636713
22.316146,20.734058,539.210279
9.487586,31.454279,540.384372
-3.641200,41.382581,543.566971
-16.817371,56.740924,548.674826
-29.203253,68.414087,554.807365
-40.278624,83.075360,560.861931
-48.830175,102.628714,565.582600
-53.001373,127.684845,567.960247
-51.332130,154.172873,567.504335
-44.466674,176.290130,564.370814
-34.320233,-167.122459,559.313908
-22.411609,-154.354117,553.474728
-9.629047,-143.655669,548.063276
3.483114,-133.736480,544.025246
16.497540,-123.527129,541.797384
28.940938,-111.869322,541.231921
40.104026,-97.215133,541.713482
48.755475,-77.622641,542.423194
52.996381,-52.425899,542.655164
51.317754,-25.745118,542.078577
44.375142,-3.510427,540.862213
34.132994,13.116735,539.623146
22.142266,25.893809,539.214124
9.306242,36.594991,540.414489
-3.823598,46.520020,543.625267
-16.994815,61.890113,548.754927
-29.368122,73.593092,554.894949
-40.418305,88.309079,560.939400
-48.922867,107.941778,565.633497
-53.019539,133.058462,567.973721
-51.268326,159.518975,567.478028
-44.343852,-178.444295,564.311424
-34.164244,-161.923566,559.235283
-22.238534,-149.194804,553.394004
-9.448149,-138.515153,547.996111
3.665509,-128.599105,543.981589
16.675538,-118.378139,541.779130
29.106843,-106.690521,541.233246
40.245075,-91.981318,541.723684
48.849474,-72.308407,542.430980
53.015027,-47.049632,542.652895
51.253232,-20.396697,542.065086
44.251015,1.756115,540.843327
33.975723,18.315877,539.609740
21.968229,31.053168,539.218287
9.124843,41.735556,540.445003
-4.005970,51.657515,543.683927
-17.172144,67.039579,548.835242
-29.532744,78.772669,554.982517
-40.557508,93.543759,561.016605
-49.014706,113.255993,565.683931
-53.036534,138.432381,567.986636
-51.203503,164.864114,567.451196
-44.220412,-173.179824,564.251659
-34.007930,-156.725398,559.156510
-22.065297,-144.035878,553.313370
-9.267190,-133.374780,547.929223
3.847885,-123.461672,543.938291
16.853429,-113.228873,541.761202
29.272506,-101.511147,541.234774
40.385649,-86.746533,541.733926
48.942616,-66.993001,542.438666
53.032484,-41.673051,542.650460
51.187678,-15.049256,542.051465
44.126267,7.021537,540.824435
33.818129,23.514287,539.596497
21.794036,36.212139,539.222768
8.943390,46.875978,540.475915
-4.188316,56.795069,543.742951
-17.349357,72.189325,548.915766
-29.697117,83.952823,555.070064
-40.696229,98.779406,561.093542
-49.105687,118.571356,565.733900
-53.052355,143.806583,567.998993
-51.137666,170.208282,567.423840
-44.096360,-167.916453,564.191522
-33.851292,-151.527951,559.077591
-21.891900,-138.877335,553.232829
-9.086172,-128.234548,547.862611
4.030241,-118.324180,543.895353
17.031210,-108.079327,541.743601
29.437926,-96.331194,541.236503
40.525743,-81.510773,541.744206
49.034892,-61.676426,542.446250
53.048751,-36.296176,542.647861
51.121097,-9.702806,542.037716
44.000905,12.285844,540.805539
33.660215,28.711970,539.583421
21.619688,41.370726,539.227570
8.761885,52.016261,540.507225
-4.370634,61.932684,543.802337
-17.526451,77.339356,548.996498
-29.861238,89.133559,555.157587
-40.834463,104.016026,561.170208
-49.195803,123.887863,565.783402
-53.067002,149.181048,568.010792
-51.070821,175.551468,567.395962
-43.971702,-162.654179,564.131016
-33.694334,-146.331220,558.998530
-21.718344,-133.719171,553.152384
-8.905095,-123.094454,547.796279
4.212576,-113.186624,543.852775
17.208881,-102.929497,541.726324
29.603101,-91.150657,541.238432
40.665353,-76.274032,541.754521
49.126298,-56.358684,542.453731
53.063826,-30.919027,542.645097
51.053494,-4.357356,542.023839
43.874934,17.549040,540.786640
33.501984,33.908934,539.570513
21.445188,46.528933,539.232693
8.580328,57.156406,540.538934
-4.552923,67.070363,543.862083
-17.703425,82.489674,549.077434
-30.025105,94.314882,555.245083
-40.972207,109.253623,561.246599
-49.285049,129.205512,565.832436
-53.080472,154.555755,568.022031
-51.002973,-179.106338,567.367563
-43.846443,-157.392997,564.070143
-33.537059,-141.135198,558.919331
-21.544633,-128.561383,553.072038
-8.723962,-117.954495,547.730228
4.394887,-108.049003,543.810557
17.386439,-97.779381,541.709372
29.768027,-85.969532,541.240556
40.804474,-71.036304,541.764869
49.216828,-51.039778,542.461108
53.077708,-25.541625,542.642168
50.984876,0.987084,542.009835
43.748358,22.811128,540.767742
33.343439,39.105182,539.557776
21.270538,51.686765,539.238140
8.398721,62.296417,540.571041
-4.735181,72.208109,543.922188
-17.880279,87.640283,549.158573
-30.188716,99.496798,555.332548
-41.109454,114.492202,561.322713
-49.373419,134.524299,565.880998
-53.092765,159.930685,568.032711
-50.934128,-173.765145,567.338644
-43.720586,-152.132904,564.008907
-33.379469,-135.939881,558.839996
-21.370766,-123.403965,552.991795
-8.542772,-112.814668,547.664460
4.577175,-102.911313,543.768700
17.563883,-92.628975,541.692741
29.932702,-80.787814,541.242876
40.943102,-65.797585,541.775247
49.306476,-45.719713,542.468378
53.090396,-20.163991,542.639073
50.915246,6.330504,541.995707
43.621183,28.072113,540.748847
33.184582,44.300721,539.545212
21.095738,56.844224,539.243913
8.217065,67.436296,540.603547
-4.917409,77.345925,543.982651
-18.057010,92.791187,549.239910
-30.352067,104.679310,555.419979
-41.246203,119.731770,561.398546
-49.460907,139.844221,565.929086
-53.103878,165.305817,568.042831
-50.864290,-168.424962,567.309207
-43.594138,-146.873895,563.947310
-33.221568,-130.745263,558.760530
-21.196746,-118.246916,552.911657
-8.361528,-107.674970,547.598978
4.759439,-97.773552,543.727203
17.741211,-87.478275,541.676433
30.097124,-75.605497,541.245388
41.081234,-60.557868,541.785655
49.395235,-40.398491,542.475541
53.101887,-14.786144,542.635813
50.844612,11.672895,541.981455
43.493414,33.331999,540.729956
33.025418,49.495555,539.532824
20.920791,62.001315,539.250013
8.035362,72.576047,540.636453
-5.099605,82.483813,544.043471
-18.233617,97.942389,549.321443
-30.515156,109.862424,555.507371
-41.382447,124.972332,561.474095
-49.547508,145.165273,565.976700
-53.113812,170.681131,568.052391
-50.793464,-163.085797,567.279253
-43.467104,-141.615965,563.885355
-33.063358,-125.551339,558.680936
-21.022575,-113.090230,552.831628
-8.180230,-102.535398,547.533781
4.941676,-92.635716,543.686068
17.918423,-82.327277,541.660444
30.261290,-70.422577,541.248090
41.218863,-55.317148,541.796089
49.483100,-35.076116,542.482596
53.112181,-9.408106,542.632387
50.772977,17.014248,541.967080
43.365056,38.590792,540.711073
32.865948,54.689692,539.520614
20.745698,67.158041,539.256441
7.853612,77.715672,540.669759
-5.281766,87.621776,544.104645
-18.410099,103.093892,549.403170
-30.677982,115.046145,555.594723
-41.518183,130.213892,561.549357
-49.633215,150.487451,566.023836
-53.122565,176.056607,568.061391
-50.721658,-157.747660,567.248784
-43.339487,-136.359112,563.823045
-32.904843,-120.358103,558.601216
-20.848254,-107.933903,552.751709
-7.998879,-97.395950,547.468874
5.123886,-87.497804,543.645294
18.095517,-77.175979,541.644773
30.425198,-65.239049,541.250981
41.355986,-50.075420,541.806547
49.570064,-29.752592,542.489540
53.121278,-4.029897,542.628795
50.700349,22.354554,541.952584
43.236113,43.848495,540.692198
32.706175,59.883134,539.508585
20.570461,72.314407,539.263200
7.671816,82.855175,540.703464
-5.463894,92.759818,544.166172
-18.586453,108.245701,549.485087
-30.840541,120.230478,555.682029
-41.653406,135.456456,561.624329
-49.718022,155.810751,566.070494
-53.130137,-178.567776,568.069830
-50.648875,-152.410559,567.217801
-43.211294,-131.103329,563.760382
-32.746025,-115.165551,558.521375
-20.673784,-102.777933,552.671906
-7.817477,-92.256623,547.404257
5.306068,-82.359812,543.604881
18.272490,-72.024376,541.629420
30.588845,-60.054906,541.254057
41.492599,-44.832679,541.817027
49.656123,-24.427924,542.496373
53.129175,1.348460,542.625038
50.626732,27.693806,541.937969
43.106593,49.105113,540.673335
32.546103,65.075889,539.496738
20.395082,77.470417,539.270291
7.489977,87.994559,540.737569
-5.645986,97.897940,544.228052
-18.762680,113.397819,549.567191
-31.002831,125.415427,555.769288
-41.788111,140.700029,561.699007
-49.801925,161.135169,566.116670
-53.136526,-173.192038,568.077708
-50.575121,-147.074501,567.186306
-43.082529,-125.848612,563.697370
-32.586907,-109.973676,558.441416
-20.499168,-97.622315,552.592219
-7.636025,-87.117412,547.339932
5.488221,-77.221738,543.564830
18.449343,-66.872465,541.614383
30.752228,-54.870145,541.257317
41.628696,-39.588918,541.827527
49.741269,-19.102115,542.503092
53.135873,6.726947,542.621114
50.552131,33.031994,541.923234
42.976498,54.360651,540.654485
32.385735,70.267962,539.485077
20.219562,82.626074,539.277715
7.308094,93.133825,540.772074
-5.828041,103.036146,544.290282
-18.938776,118.550248,549.649480
-31.164850,130.600999,555.856494
-41.922295,145.944616,561.773388
-49.884917,166.460699,566.162363
-53.141732,-167.816200,568.085025
-50.500402,-141.739495,567.154300
-42.953197,-120.594958,563.634012
-32.427491,-104.782474,558.361343
-20.324407,-92.467045,552.512653
-7.454524,-81.978317,547.275901
5.670343,-72.083578,543.525141
18.626072,-61.720243,541.599661
30.915346,-49.684761,541.260758
41.764273,-34.344133,541.838045
49.825498,-13.775172,542.509697
53.141370,12.105541,542.617025
50.476554,38.369112,541.908383
42.845834,59.615113,540.635652
32.225073,75.459357,539.473603
20.043903,87.781381,539.285475
7.126169,98.272977,540.806979
-6.010058,108.174438,544.352860
-19.114741,123.702994,549.731951
-31.326594,135.787198,555.943645
-42.055952,151.190223,561.847470
-49.966993,171.787336,566.207571
-53.145754,-162.440281,568.091781
-50.424723,-136.405547,567.121786
-42.823302,-115.342360,563.570309
-32.267781,-99.591939,558.281158
-20.149503,-87.312121,552.433211
-7.272975,-76.839334,547.212166
5.852434,-66.945331,543.485813
18.802677,-56.567705,541.585252
31.078195,-44.498747,541.264378
41.899325,-29.098319,541.848578
49.908802,-8.447099,542.516187
53.145667,17.484222,542.612770
50.400005,43.705151,541.893415
42.714606,64.868504,540.616836
32.064119,80.650081,539.462320
19.868107,92.936344,539.293572
6.944203,103.412019,540.842285
-6.192036,113.312820,544.415786
-19.290573,128.856059,549.814600
-31.488062,140.974029,556.030737
-42.189079,156.436854,561.921249
-50.048146,177.115075,566.252293
-53.148593,-157.064304,568.097975
-50.348089,-131.072665,567.088763
-42.692850,-110.090816,563.506266
-32.107780,-94.402067,558.200865
-19.974457,-82.157537,552.353894
-7.091379,-71.700459,547.148728
6.034492,-61.806992,543.446847
18.979156,-51.414849,541.571155
31.240773,-39.312099,541.268176
42.033848,-23.851470,541.859124
49.991177,-3.117901,542.522559
53.148762,22.862968,542.608349
50.322490,49.040105,541.878333
42.582819,70.120830,540.598041
31.902878,85.840138,539.451228
19.692174,98.090965,539.302007
6.762198,108.550952,540.877992
-6.373974,118.451294,544.479058
-19.466270,134.009448,549.897425
-31.649250,146.161497,556.117767
-42.321669,161.684514,561.994722
-50.128372,-177.556089,566.296525
-53.150248,-151.688288,568.103608
-50.270508,-125.740856,567.055235
-42.561845,-104.840319,563.441885
-31.947489,-89.212851,558.120468
-19.799270,-77.003290,552.274707
-6.909738,-66.561691,547.085589
6.216516,-56.668559,543.408244
19.155508,-46.261670,541.557368
31.403078,-34.124812,541.272148
42.167838,-18.603581,541.869681
50.072617,2.212416,542.528813
53.150655,28.241758,542.603763
50.244014,54.373965,541.863137
42.450477,75.372094,540.579268
31.741350,91.029535,539.440332
19.516108,103.245248,539.310782
6.580155,113.689780,540.914098
-6.555871,123.589863,544.542673
-19.641832,139.163163,549.980424
-31.810156,151.349608,556.204731
-42.453720,166.933209,562.067886
-50.207664,-172.226164,566.340267
-53.150718,-146.312254,568.108679
-50.191983,-120.410126,567.021203
-42.430292,-99.590865,563.377169
-31.786911,-84.024287,558.039969
-19.623945,-71.849377,552.195652
-6.728052,-61.423026,547.022751
6.398506,-51.530030,543.370002
19.331731,-41.108165,541.543891
31.565105,-28.936880,541.276293
42.301288,-13.354646,541.880247
50.153115,7.543846,542.534948
53.151346,33.620572,542.599010
50.164584,59.706727,541.847830
42.317586,80.622303,540.560521
31.579541,96.218275,539.429632
19.339909,108.399197,539.319898
6.398073,118.828506,540.950606
-6.737725,128.728530,544.606631
-19.817255,144.317209,550.063591
-31.970777,156.538366,556.291626
-42.585225,172.182943,562.140738
-50.286018,-166.895154,566.383517
-53.150004,-140.936223,568.113188
-50.112520,-115.080483,566.986668
-42.298196,-94.342449,563.312121
-31.626051,-78.836369,557.959373
-19.448483,-66.695794,552.116732
-6.546323,-56.284461,546.960215
6.580459,-46.391401,543.332122
19.507823,-35.954330,541.530721
31.726854,-23.748299,541.280608
42.434196,-8.104662,541.890820
50.232665,12.876384,542.540961
53.150836,38.999388,542.594092
50.084206,65.038383,541.832412
42.184151,85.871460,540.541801
31.417451,101.406365,539.419132
19.163578,113.552816,539.329358
6.215956,123.967132,540.987514
-6.919536,133.867297,544.670930
-19.992540,149.471588,550.146926
-32.131111,161.727778,556.378448
-42.716181,177.433721,562.213274
-50.363426,-161.563066,566.426272
-53.148105,-135.560215,568.117135
-50.032126,-109.751931,566.951632
-42.165561,-89.095066,563.246744
-31.464909,-73.649093,557.878683
-19.272885,-61.542537,552.037950
-6.364552,-51.145994,546.897983
6.762375,-41.252670,543.294605
19.683782,-30.800161,541.517857
31.888321,-18.559062,541.285092
42.566555,-2.853622,541.901398
50.311263,18.210022,542.546852
53.149124,44.378185,542.589008
50.002885,70.368926,541.816885
42.050175,91.119572,540.523110
31.255084,106.593809,539.408833
18.987119,118.706109,539.339162
6.033804,129.105661,541.024823
-7.101302,139.006168,544.735568
-20.167683,154.626306,550.230425
-32.291155,166.917847,556.465193
-42.846583,-177.314453,562.285493
-50.439884,-156.229908,566.468532
-53.145023,-130.184251,568.120521
-49.950806,-104.424477,566.916097
-42.032393,-83.848712,563.181041
-31.303488,-68.462453,557.797901
-19.097153,-56.389602,551.959309
-6.182739,-46.007622,546.836057
6.944253,-36.113834,543.257449
19.859608,-25.645655,541.505298
32.049503,-13.369165,541.289741
42.698361,2.398477,541.911978
50.388901,23.544755,542.552620
53.146210,49.756942,542.583758
49.920626,75.698352,541.801251
41.915664,96.366643,540.504451
31.092442,111.780614,539.398738
18.810531,123.859078,539.349312
5.851618,134.244096,541.062532
-7.283023,144.145146,544.800543
-20.342685,159.781366,550.314084
-32.450906,172.108579,556.551859
-42.976425,-172.061572,562.357389
-50.515386,-150.895686,566.510294
-53.140757,-124.808352,568.123345
-49.868566,-99.098126,566.880064
-41.898694,-78.603381,563.115015
-31.141792,-63.276445,557.717033
-18.921289,-51.236987,551.880811
-6.000887,-40.869341,546.774437
7.126091,-30.974889,543.220655
20.035299,-20.490809,541.493043
32.210397,-8.178603,541.294554
42.829609,7.651642,541.922558
50.465576,28.880574,542.558263
53.142094,55.135637,542.578343
49.837437,81.026655,541.785511
41.780623,101.612678,540.485826
30.929528,116.966783,539.388850
18.633817,129.011729,539.359809
5.669399,139.382440,541.100642
-7.464696,149.284232,544.865854
-20.517542,164.936770,550.397902
-32.610362,177.299980,556.638441
-43.105704,-166.807634,562.428962
-50.589927,-145.560406,566.551556
-53.135307,-119.432537,568.125607
-49.785411,-93.772884,566.843536
-41.764471,-73.359068,563.048669
-30.979823,-58.091062,557.636080
-18.745294,-46.084687,551.802460
-5.818996,-35.731150,546.713127
7.307889,-25.835834,543.184223
20.210852,-15.335617,541.481089
32.371002,-2.987370,541.299528
42.960295,12.905877,541.933136
50.541280,34.217474,542.563779
53.136778,60.514250,542.572763
49.753322,86.353828,541.769666
41.645056,106.857683,540.467238
30.766345,122.152323,539.379171
18.456978,134.164063,539.370656
5.487148,144.520697,541.139153
-7.646321,154.423431,544.931499
-20.692254,170.092524,550.481874
-32.769519,-177.507946,556.724936
-43.234414,-161.552632,562.500207
-50.663501,-140.224078,566.592317
-53.128675,-114.056828,568.127307
-49.701347,-88.448756,566.806514
-41.629727,-68.115768,562.982005
-30.817582,-52.906300,557.555046
-18.569170,-40.932699,551.724259
-5.637067,-30.593045,546.652127
7.489645,-20.696665,543.148153
20.386267,-10.180077,541.469435
32.531313,2.204540,541.304661
43.090413,18.161186,541.943711
50.616008,39.555446,542.569169
53.130261,65.892760,542.567017
49.668287,91.679867,541.753718
41.508967,112.101662,540.448688
30.602895,127.337238,539.369702
18.280016,139.316086,539.381852
5.304867,149.658867,541.178064
-7.827897,159.562745,544.997476
-20.866819,175.248631,550.565997
-32.928375,-172.315192,556.811341
-43.362550,-156.296563,562.571122
-50.736102,-134.886708,566.632575
-53.120860,-108.681245,568.128445
-49.616379,-83.125746,566.768999
-41.494468,-62.873476,562.915028
-30.655074,-47.722154,557.473935
-18.392917,-35.781018,551.646210
-5.455101,-25.455024,546.591439
7.671357,-15.557379,543.112445
20.561542,-5.024184,541.458080
32.691329,7.397131,541.309951
43.219958,23.417575,541.954279
50.689754,44.894482,542.574431
53.122544,71.271146,542.561107
49.582339,97.004768,541.737668
41.372362,117.344622,540.430179
30.439181,132.521533,539.360447
18.102932,144.467800,539.393401
5.122557,154.796955,541.217375
-8.009423,164.702176,545.063783
-21.041235,-179.594906,550.650270
-33.086928,-167.121754,556.897652
-43.490108,-151.039423,562.641703
-50.807726,-129.548305,566.672329
-53.111864,-103.305809,568.129022
-49.530515,-77.803860,566.730995
-41.358697,-57.632187,562.847739
-30.492300,-42.538619,557.392751
-18.216538,-30.629643,551.568316
-5.273100,-20.317083,546.531064
7.853026,-10.417973,543.077098
20.736675,0.132065,541.447023
32.851046,12.590409,541.315396
43.348926,28.675049,541.964839
50.762513,50.234576,542.579563
53.113627,76.649386,542.555032
49.495484,102.328525,541.721519
41.235245,122.586568,540.411714
30.275205,137.705214,539.351408
17.925727,149.619210,539.405303
4.940218,159.934964,541.257087
-8.190897,169.841729,545.130419
-21.215500,-174.438082,550.734688
-33.245173,-161.927627,556.983866
-43.617083,-145.781205,562.711948
-50.878366,-124.208876,566.711577
-53.101688,-97.930540,568.129037
-49.443758,-72.483101,566.692502
-41.222419,-52.391895,562.780143
-30.329263,-37.355690,557.311496
-18.040034,-25.478568,551.490580
-5.091065,-15.179220,546.471003
8.034650,-5.278445,543.042112
20.911664,5.288673,541.436260
33.010462,17.784380,541.320992
43.477311,33.933611,541.975389
50.834279,55.575718,542.584564
53.103513,82.027460,542.548792
49.407727,107.651135,541.705271
41.097620,127.827504,540.393295
30.110971,142.888286,539.342586
17.748404,154.770318,539.417559
4.757852,165.072895,541.297198
-8.372318,174.981405,545.197382
-21.389613,-169.280893,550.819248
-33.403109,-156.732804,557.069978
-43.743469,-140.521907,562.781854
-50.948017,-118.868431,566.750316
-53.090331,-92.555458,568.128491
-49.356116,-67.163474,566.653522
-41.085639,-47.152596,562.712241
-30.165966,-32.173361,557.230173
-17.863407,-20.327791,551.413004
-4.908996,-10.041432,546.411259
8.216227,-0.138792,543.007488
21.086509,10.445646,541.425792
33.169573,22.979048,541.326739
43.605109,39.193266,541.985926
50.905047,60.917899,542.589433
53.092202,87.405346,542.542388
49.319074,112.972592,541.688925
40.959493,133.067436,540.374923
29.946479,148.070754,539.333985
17.570964,159.921128,539.430171
4.575460,170.210752,541.337709
-8.553686,-179.878793,545.264669
-21.563573,-164.123337,550.903948
-33.560733,-151.537282,557.155986
-43.869262,-135.261524,562.851417
-51.016675,-113.526979,566.788547
-53.077797,-87.180583,568.127383
-49.267593,-61.844982,566.614057
-40.948360,-41.914284,562.644038
-30.002410,-26.991629,557.148787
-17.686658,-15.177308,551.335592
-4.726896,-4.903717,546.351833
8.397756,5.000990,542.973224
21.261206,15.602986,541.415617
33.328377,28.174419,541.332634
43.732314,44.454019,541.996449
50.974811,66.261112,542.594170
53.079694,92.783025,542.535820
49.229531,118.292894,541.672485
40.820866,138.306370,540.356603
29.781734,153.252622,539.325606
17.393408,165.071645,539.443140
4.393043,175.348538,541.378620
-8.734998,-174.738861,545.332280
-21.737377,-158.965408,550.988784
-33.718041,-146.341053,557.241886
-43.994457,-130.000052,562.920636
-51.084333,-108.184528,566.826266
-53.064085,-81.805936,568.125715
-49.178197,-56.527629,566.574110
-40.810588,-36.676953,562.575536
-29.838599,-21.810487,557.067341
-17.509788,-10.027115,551.258347
-4.544764,0.233929,546.292726
8.579237,10.140903,542.939322
21.435754,20.760698,541.405732
33.486871,33.370500,541.338674
43.858921,49.715875,542.006956
51.043565,71.605346,542.598773
53.065991,98.160476,542.529088
49.139105,123.612036,541.655951
40.681746,143.544311,540.338334
29.616737,158.433896,539.317452
17.215738,170.221871,539.456468
4.210603,-179.513744,541.419931
-8.916255,-169.598796,545.400212
-21.911024,-153.807104,551.073754
-33.875031,-141.144114,557.327675
-44.119049,-124.737486,562.989506
-51.150987,-102.841087,566.863473
-53.049197,-76.431537,568.123486
-49.087931,-51.211419,566.533682
-40.672326,-31.440599,562.506738
-29.674534,-16.629931,556.985838
-17.332799,-4.877210,551.181270
-4.362602,5.371509,546.233939
8.760668,15.280950,542.905779
21.610153,25.918786,541.396137
33.645052,38.567294,541.344857
43.984925,54.978837,542.017444
51.111305,76.950592,542.603240
53.051095,103.537677,542.522193
49.047800,128.930016,541.639324
40.542136,148.781265,540.320121
29.451491,163.614581,539.309525
17.037955,175.371809,539.470156
4.028139,-174.376092,541.461640
-9.097453,-164.458597,545.468463
-22.084512,-148.648420,551.158853
-34.031699,-135.946458,557.413348
-44.243032,-119.473823,563.058025
-51.216630,-97.496668,566.900165
-53.033135,-71.057406,568.120696
-48.996803,-45.896355,566.492775
-40.533579,-26.205216,562.437647
-29.510219,-11.449957,556.904281
-17.155693,0.272412,551.104365
-4.180412,10.509024,546.175474
8.942047,20.421134,542.872597
21.784399,31.077253,541.386829
33.802916,43.764808,541.351181
44.110321,60.242910,542.027911
51.178025,82.296841,542.607571
53.035006,108.914609,542.515135
48.955624,134.246829,541.622607
40.402041,154.017237,540.301966
29.285999,168.794682,539.301828
16.860061,-179.478535,539.484204
3.845654,-169.238504,541.503749
-9.278594,-159.318259,545.537032
-22.257839,-143.489352,551.244079
-34.188043,-130.748080,557.498904
-44.366402,-114.209059,563.126190
-51.281259,-92.151279,566.936342
-53.015900,-65.683562,568.117346
-48.904818,-40.582439,566.451390
-40.394351,-20.970798,562.368267
-29.345655,-6.270559,556.822674
-16.978470,5.421754,551.027635
-3.998193,15.646479,546.117332
9.123374,25.561458,542.839775
21.958492,36.236103,541.377807
33.960461,48.963047,541.357644
44.235104,65.508098,542.038355
51.243718,87.644082,542.611766
53.017727,114.291251,542.507914
48.862582,139.562474,541.605801
40.261464,159.252233,540.283870
29.120262,173.974204,539.294362
16.682057,-174.329161,539.498616
3.663149,-164.100975,541.546256
-9.459674,-154.177780,545.605915
-22.431005,-138.329896,551.329429
-34.344060,-125.548975,557.584337
-44.489153,-108.943189,563.193998
-51.344868,-86.804931,566.972002
-52.997493,-60.310026,568.113436
-48.811983,-35.269675,566.409531
-40.254646,-15.737340,562.298600
-29.180844,-1.091732,556.741020
-16.801133,10.570819,550.951081
-3.815949,20.783875,546.059514
9.304648,30.701925,542.807313
22.132429,41.395341,541.369069
34.117683,54.162016,541.364243
44.359268,70.774405,542.048775
51.308382,92.992306,542.615822
52.999259,119.667582,542.500530
48.768680,144.876948,541.588908
40.120411,164.486258,540.265837
28.954284,179.153151,539.287129
16.503944,-169.180062,539.513390
3.480625,-158.963504,541.589161
-9.640694,-149.037157,545.675112
-22.604006,-133.170048,551.414900
-34.499747,-120.349137,557.669645
-44.611280,-103.676210,563.261446
-51.407451,-81.457634,567.007144
-52.977917,-54.936817,568.108966
-48.718301,-29.958064,566.367199
-40.114469,-10.504837,562.228651
-29.015790,4.086528,556.659323
-16.623682,15.719611,550.874708
-3.633678,25.921215,546.002023
9.485867,35.842538,542.775209
22.306209,46.554970,541.360614
34.274581,59.361722,541.370976
44.482809,76.041835,542.059168
51.372008,98.341501,542.619738
52.979605,125.043583,542.492985
48.673923,150.190247,541.571929
39.978886,169.719318,540.247868
28.788066,-175.668471,539.280133
16.325724,-164.031237,539.528530
3.298082,-153.826087,541.632464
-9.821651,-143.896386,545.744621
-22.776842,-128.009805,551.500487
-34.655100,-115.148561,557.754823
-44.732779,-98.408118,563.328532
-51.469004,-76.109399,567.041765
-52.957174,-49.563954,568.103937
-48.623781,-24.647609,566.324396
-39.973823,-5.273284,562.158421
-28.850495,9.264227,556.577586
-16.446119,20.868133,550.798517
-3.451384,31.058503,545.944858
9.667031,40.983300,542.743465
22.479831,51.714995,541.352440
34.431150,64.562170,541.377841
44.605721,81.310392,542.069532
51.434594,103.691657,542.623515
52.958764,130.419234,542.485278
48.578319,155.502371,541.554866
39.836892,174.951418,540.229967
28.621611,-170.490658,539.273375
16.147399,-158.882682,539.544036
3.115522,-148.688722,541.676164
-10.002545,-138.755466,545.814439
-22.949510,-122.849162,551.586189
-34.810117,-109.947241,557.839870
-44.853644,-93.138910,563.395253
-51.529522,-70.760238,567.075865
-52.935265,-44.191458,568.098349
-48.528427,-19.338313,566.281123
-39.832713,-0.042674,562.087913
-28.684960,14.441369,556.495812
-16.268446,26.016389,550.722511
-3.269066,36.195741,545.888022
9.848137,46.124213,542.712079
22.653291,56.875419,541.344545
34.587387,69.763365,541.384835
44.727998,86.580080,542.079865
51.496133,109.042762,542.627150
52.936741,135.794514,542.477409
48.481873,160.813316,541.537720
39.694434,-179.817435,540.212134
28.454921,-165.313404,539.266857
15.968970,-153.734393,539.559909
2.932946,-143.551406,541.720262
-10.183375,-133.614393,545.884564
-23.122009,-117.688116,551.672002
-34.964795,-104.745172,557.924780
-44.973869,-87.868583,563.461605
-51.589000,-65.410161,567.109443
-52.912192,-38.819346,568.092203
-48.432245,-14.030176,566.237384
-39.691143,5.186998,562.017133
-28.519189,19.617958,556.414005
-16.090664,31.164382,550.646693
-3.086726,41.332931,545.831515
10.029185,51.265282,542.681051
22.826589,62.036246,541.336927
34.743289,74.965313,541.391956
44.849635,91.850902,542.090166
51.556621,114.394806,542.630643
52.913537,141.169404,542.469380
48.384590,166.123082,541.520494
39.551517,-174.587237,540.194374
28.287999,-160.136705,539.260582
15.790438,-148.586367,539.576151
2.750355,-138.414136,541.764757
-10.364139,-128.473164,545.954995
-23.294337,-112.526662,551.757923
-35.119129,-99.542349,558.009551
-45.093450,-82.597131,563.527586
-51.647433,-60.059180,567.142496
-52.887957,-33.447639,568.085498
-48.335241,-8.723201,566.193180
-39.549117,10.415737,561.946081
-28.353183,24.794000,556.332168
-15.912773,36.312115,550.571066
-2.904364,46.470077,545.775339
10.210173,56.406508,542.650381
22.999723,67.197481,541.329586
34.898854,80.168019,541.399202
44.970628,97.122862,542.100432
51.616051,119.747776,542.633993
52.889153,146.543885,542.461191
48.286478,171.431666,541.503190
39.408144,-169.357981,540.176687
28.120847,-154.960557,539.254552
15.611804,-143.438601,539.592762
2.567750,-133.276910,541.809647
-10.544836,-123.331775,546.025728
-23.466492,-107.364796,551.843948
-35.273118,-94.338765,558.094179
-45.212381,-77.324554,563.593194
-51.704816,-54.707308,567.175023
-52.862564,-28.076356,568.078236
-48.237420,-3.417389,566.148514
-39.406638,15.643549,561.874762
-28.186945,29.969500,556.250304
-15.734777,41.459591,550.495631
-2.721983,51.607181,545.719495
10.391101,61.547896,542.620068
23.172690,72.359128,541.322518
35.054078,85.371490,541.406570
45.090970,102.395964,542.110661
51.674421,125.101660,542.637199
52.863594,151.917936,542.452842
48.187541,176.739067,541.485808
39.264319,-164.129662,540.159077
27.953467,-149.784953,539.248769
15.433071,-138.291091,539.609744
2.385133,-128.139725,541.854934
-10.725465,-118.190225,546.096763
-23.638473,-102.202514,551.930074
-35.426758,-89.134415,558.178661
-45.330657,-72.050846,563.658425
-51.761144,-49.354556,567.207024
-52.836014,-22.705514,568.070416
-48.138790,1.887259,566.103386
-39.263712,20.870439,561.803178
-28.020476,35.144461,556.168417
-15.556675,46.606815,550.420393
-2.539583,56.744246,545.663984
10.571967,66.689447,542.590112
23.345490,77.521190,541.315722
35.208957,90.575730,541.414059
45.210656,107.670211,542.120851
51.731723,130.456446,542.640260
52.836860,157.291540,542.444333
48.087787,-177.954715,541.468351
39.120047,-158.902274,540.141546
27.785861,-144.609890,539.243236
15.254239,-133.143833,539.627098
2.202504,-123.002577,541.900615
-10.906025,-113.048510,546.168097
-23.810277,-97.039812,552.016298
-35.580045,-83.929294,558.262993
-45.448272,-66.776005,563.723276
-51.816413,-44.000936,567.238497
-52.808309,-17.335134,568.062040
-48.039355,7.190742,566.057801
-39.120342,26.096413,561.731334
-27.853780,40.318890,556.086510
-15.378470,51.753789,550.345352
-2.357164,61.881275,545.608807
10.752769,71.831165,542.560512
23.518120,82.683673,541.309197
35.363488,95.780745,541.421665
45.329681,112.945606,542.131001
51.787955,135.812121,542.643176
52.808955,162.664675,542.435666
47.987220,-172.649682,541.450820
38.975332,-153.675812,540.124097
27.618033,-139.435363,539.237954
15.075310,-127.996826,539.644825
2.019865,-117.865465,541.946692
-11.086514,-107.906627,546.239727
-23.981903,-91.876686,552.102617
-35.732977,-78.723396,558.347171
-45.565221,-61.500029,563.787746
-51.870618,-38.646462,567.269440
-52.779453,-11.965233,568.053108
-47.939121,12.493059,566.011759
-38.976531,31.321477,561.659231
-27.686858,45.492789,556.004587
-15.200163,56.900516,550.270513
-2.174730,67.018271,545.553965
10.933508,76.973053,542.531268
23.690579,87.846579,541.302941
35.517669,100.986542,541.429387
45.448039,118.222153,542.141108
51.843110,141.168673,542.645944
52.779881,168.037324,542.426840
47.885846,-167.345835,541.433218
38.830177,-148.450269,540.106731
27.449983,-134.261367,539.232925
14.896285,-122.850064,539.662926
1.837216,-112.728385,541.993163
-11.266931,-102.764573,546.311653
-24.153349,-86.713131,552.189028
-35.885551,-73.516716,558.431193
-45.681500,-56.222914,563.851830
-51.923755,-33.291147,567.299852
-52.749448,-6.595829,568.043620
-47.838094,17.794209,565.965263
-38.832284,36.545636,561.586874
-27.519712,50.666165,555.922650
-15.021755,62.047001,550.195876
-1.992279,72.155236,545.499460
11.114180,82.115113,542.502379
23.862863,93.009913,541.296951
35.671496,106.193125,541.437223
45.565725,123.499854,542.151170
51.897184,146.526089,542.648565
52.749641,173.409468,542.417857
47.783673,-162.043174,541.415545
38.684587,-143.225640,540.089451
27.281714,-129.087897,539.228152
14.717166,-117.703546,539.681402
1.654559,-107.591335,542.040027
-11.447275,-97.622344,546.383870
-24.324612,-81.549144,552.275527
-36.037762,-68.309248,558.515054
-45.797101,-50.944657,563.915527
-51.975819,-27.935004,567.329733
-52.718297,-1.226941,568.033577
-47.736280,23.094192,565.918315
-38.687605,41.768896,561.514265
-27.352346,55.839021,555.840704
-14.843247,67.193245,550.121446
-1.809814,77.292173,545.445293
11.294786,87.257350,542.473844
24.034973,98.173680,541.291226
35.824965,111.400501,541.445169
45.682733,128.778712,542.161186
51.950172,151.884354,542.651038
52.718237,178.781089,542.408716
47.680705,-156.741700,541.397804
38.538565,-138.001920,540.072260
27.113229,-123.914949,539.223637
14.537954,-112.557267,539.700254
1.471894,-102.454312,542.087285
-11.627546,-92.479939,546.456378
-24.495693,-76.384721,552.362111
-36.189608,-63.100986,558.598752
-45.912021,-45.665256,563.978834
-52.026805,-22.578045,567.359080
-52.686003,4.141414,568.022979
-47.633685,28.393008,565.870917
-38.542497,46.991262,561.441408
-27.184760,61.011362,555.758751
-14.664641,72.339253,550.047224
-1.627336,82.429084,545.391464
11.475324,92.399766,542.445664
24.206906,103.337884,541.285765
35.978073,116.608675,541.453224
45.799058,134.058731,542.171154
52.002071,157.243456,542.653362
52.685674,-175.847833,542.399419
47.576948,-151.441412,541.379997
38.392116,-132.779102,540.055160
26.944530,-118.742518,539.219382
14.358650,-107.411224,539.719483
1.289224,-97.317313,542.134935
-11.807740,-87.337354,546.529175
-24.666587,-71.219857,552.448776
-36.341085,-57.891925,558.682283
-46.026253,-40.384708,564.041748
-52.076709,-17.220286,567.387894
-52.652569,9.509217,568.011828
-47.530313,33.690656,565.823072
-38.396965,52.212740,561.368305
-27.016957,66.183194,555.676794
-14.485938,77.485028,549.973213
-1.444845,87.565973,545.337974
11.655793,97.542364,542.417838
24.378659,108.502528,541.280565
36.130817,121.817653,541.461385
45.914694,139.339913,542.181071
52.052874,162.603379,542.655535
52.651953,-170.477315,542.389967
47.472409,-146.142310,541.362125
38.245244,-127.557181,540.038154
26.775618,-113.570599,539.215389
14.179256,-102.265414,539.739090
1.106548,-92.180335,542.182977
-11.987858,-82.194585,546.602257
-24.837294,-66.054547,552.535520
-36.492191,-52.682059,558.765642
-46.139792,-35.103012,564.104267
-52.125527,-11.861740,567.416171
-52.617997,14.876451,568.000123
-47.426172,38.987138,565.774782
-38.251011,57.433336,561.294961
-26.848939,71.354519,555.594838
-14.307140,82.630573,549.899415
-1.262342,92.702843,545.284825
11.836191,102.685147,542.390364
24.550231,113.667618,541.275625
36.283193,127.027440,541.469650
46.029635,144.622261,542.190936
52.102578,167.964111,542.657558
52.617079,-165.107375,542.380358
47.367093,-140.844395,541.344191
38.097951,-122.336150,540.021243
26.606496,-108.399188,539.211661
13.999773,-97.119834,539.759077
0.923869,-87.043376,542.231410
-12.167898,-77.051630,546.675622
-25.007811,-60.888789,552.622339
-36.642921,-47.471383,558.848828
-46.252633,-29.820164,564.166387
-52.173255,-6.502422,567.443913
-52.582291,20.243099,567.987866
-47.321267,44.282452,565.726048
-38.104641,62.653055,561.221379
-26.680708,76.525344,555.512886
-14.128247,87.775891,549.825833
-1.079830,97.839695,545.232018
12.016517,107.828119,542.363242
24.721621,118.833157,541.270942
36.435198,132.238042,541.478017
46.143876,149.905777,542.200747
52.151179,173.325637,542.659430
52.581053,-159.738031,542.370596
47.261007,-135.547666,541.326195
37.950243,-117.116005,540.004430
26.437166,-103.228281,539.208198
13.820203,-91.974481,539.779443
0.741186,-81.906433,542.280234
-12.347859,-71.908486,546.749269
-25.178137,-55.722576,552.709229
-36.793272,-42.259891,558.931836
-46.364770,-24.536163,564.228106
-52.219889,-1.142345,567.471116
-52.545455,25.609144,567.975057
-47.215603,49.576600,565.676875
-37.957857,67.871903,561.147561
-26.512267,81.695671,555.430940
-13.949261,92.920985,549.752470
-0.897309,102.976534,545.179553
12.196770,112.971281,542.336472
24.892825,123.999149,541.266515
36.586829,137.449466,541.486483
46.257411,155.190463,542.210502
52.198672,178.687941,542.661149
52.543881,-154.369301,542.360679
47.154155,-130.252122,541.308141
37.802123,-111.896740,539.987718
26.267631,-98.057872,539.205005
13.640546,-86.829351,539.800191
0.558502,-76.769503,542.329447
-12.527739,-66.765149,546.823195
-25.348269,-50.555906,552.796188
-36.943240,-37.047577,559.014664
-46.476197,-19.251006,564.289422
-52.265423,4.218474,567.497781
-52.507491,30.974569,567.961697
-47.109187,54.869582,565.627263
-37.810664,73.089885,561.073511
-26.343616,86.865507,555.349004
-13.770184,98.065859,549.679327
-0.714779,108.113360,545.127432
12.376949,118.114639,542.310053
25.063843,129.165600,541.262342
36.738081,142.661716,541.495046
46.370235,160.476321,542.220199
52.245052,-175.948991,542.662715
52.505564,-149.001201,542.350609
47.046544,-124.957763,541.290029
37.653594,-106.678348,539.971110
26.097892,-92.887957,539.202081
13.460804,-81.684441,539.821320
0.375818,-71.632583,542.379050
-12.707538,-61.621616,546.897398
-25.518206,-45.388774,552.883213
-37.092823,-31.834436,559.097307
-46.586909,-13.964692,564.350332
-52.309855,9.580022,567.523906
-52.468403,36.339357,567.947786
-47.002023,60.161399,565.577215
-37.663064,78.307008,560.999232
-26.174760,92.034855,555.267081
-13.591017,103.210516,549.606407
-0.532243,113.250178,545.075655
12.557052,123.258193,542.283984
25.234671,134.332513,541.258421
36.888952,147.874798,541.503704
46.482341,165.763355,542.229836
52.290316,-170.585175,542.664128
52.466107,-143.633749,542.340386
46.938180,-119.664588,541.271862
37.504661,-101.460824,539.954606
25.927951,-87.718531,539.199431
13.280978,-76.539748,539.842832
0.193133,-66.495671,542.429041
-12.887254,-56.477885,546.971875
-25.687946,-40.221175,552.970298
-37.242017,-26.620462,559.179762
-46.696900,-8.677219,564.410833
-52.353181,14.942282,567.549490
-52.428195,41.703491,567.933326
-46.894118,65.452052,565.526733
-37.515062,83.523276,560.924727
-26.005699,97.203720,555.185175
-13.411760,108.354959,549.533713
-0.349700,118.386990,545.024223
12.737078,128.401949,542.258264
25.405309,139.499893,541.254750
37.039437,153.088719,541.512454
46.593725,171.051564,542.239412
52.334460,-165.220626,542.665386
52.425513,-138.266962,542.330012
46.829069,-114.372595,541.253642
37.355327,-96.244162,539.938211
25.757810,-82.549591,539.197055
13.101070,-71.395268,539.864728
0.010451,-61.358764,542.479419
-13.066885,-51.333952,547.046623
-25.857486,-35.053105,553.057442
-37.390817,-21.405649,559.262025
-46.806165,-3.388586,564.470924
-52.395396,20.305240,567.574532
-52.386871,47.066956,567.918317
-46.785477,70.741542,565.475820
-37.366662,88.738696,560.850001
-25.836435,102.372106,555.103289
-13.232416,113.499190,549.461246
-0.167153,123.523799,544.973138
12.917026,133.545909,542.232893
25.575754,144.667744,541.251327
37.189534,158.303484,541.521294
46.704380,176.340952,542.248925
52.377480,-159.855360,542.666490
52.383786,-132.900856,542.319486
46.719216,-109.081784,541.235371
37.205596,-91.028357,539.921926
25.587472,-77.381132,539.194956
12.921081,-66.250999,539.887008
-0.172230,-56.221859,542.530185
-13.246431,-46.189815,547.121642
-26.026825,-29.884560,553.144642
-37.539221,-16.189993,559.344095
-46.914698,1.901209,564.530600
-52.436497,25.668879,567.599032
-52.344433,52.429736,567.902761
-46.676106,76.029870,565.424479
-37.217866,93.953273,560.775055
-25.666970,107.540017,555.021426
-13.052985,118.643215,549.389010
0.015398,128.660607,544.922399
13.096895,138.690075,542.207870
25.746005,149.836071,541.248150
37.339238,163.519098,541.530223
46.814300,-178.368480,542.258373
52.419371,-154.489393,542.667437
52.340930,-127.535448,542.308811
46.608627,-103.792152,541.217050
37.055472,-85.813402,539.905754
25.416939,-72.213148,539.193135
12.741012,-61.106937,539.909674
-0.354906,-51.084953,542.581336
-13.425891,-41.045469,547.196928
