-14.348472,-35.362295,547.588638
-26.895461,-24.072513,553.594301
-38.296918,-10.129491,559.763396
-47.461718,8.348295,564.831185
-52.630348,32.487913,567.716528
-52.108455,59.222740,567.814019
-46.101625,82.432643,565.153449
-36.445620,99.981509,560.385865
-24.791327,113.333766,554.600463
-12.127807,124.318148,549.020868
0.955338,134.301652,544.666740
14.021700,144.372309,542.084572
26.619432,155.646999,541.235675
38.103689,169.579473,541.577543
47.368418,-171.917128,542.305953
52.617059,-147.658077,542.669849
52.102546,-120.729119,542.251495
46.027790,-97.382957,541.121992
36.276413,-79.783340,539.824329
24.535873,-66.419056,539.188202
11.812656,-55.431804,540.032448
-1.295375,-45.443391,542.850717
-14.527369,-30.216600,547.665513
-27.063518,-18.900948,553.681764
-38.442805,-4.908520,559.844194
-47.565626,13.645255,564.888263
-52.664521,37.855380,567.737669
-52.059259,64.580968,567.795112
-45.987887,87.713865,565.099525
-36.294471,105.191026,560.309646
-24.620673,118.498855,554.518814
-11.947872,129.460964,548.950099
1.137887,139.438517,544.618152
14.201051,149.517818,542.061670
26.788439,160.818348,541.233969
38.250899,174.800438,541.586960
47.473695,-166.619280,542.314961
52.651931,-142.288168,542.669827
52.052835,-115.368345,542.239913
45.912802,-92.100541,541.103410
36.123948,-74.573489,539.808904
24.364181,-61.253905,539.188139
11.632125,-50.288948,540.057500
-1.478005,-40.306422,542.904222
-14.706170,-25.070673,547.742639
-27.231359,-13.728875,553.769258
-38.588268,0.313336,559.924773
-47.668761,18.943383,564.944910
-52.697555,43.223409,567.758262
-52.008980,69.938403,567.775664
-45.873459,92.993940,565.045189
-36.142952,110.399741,560.233232
-24.449832,123.663501,554.437212
-11.767861,134.603594,548.879576
1.320433,144.575402,544.569916
14.380314,154.663558,542.039111
26.957236,165.990205,541.232495
38.397690,-179.977705,541.596449
47.578196,-161.320247,542.323891
52.685650,-136.917680,542.669645
52.002025,-110.008378,542.228186
45.797119,-86.819290,541.084792
35.971114,-69.364448,539.793609
24.192308,-56.089198,539.188370
11.451523,-45.146276,540.082943
-1.660623,-35.169432,542.958106
-14.884873,-19.924513,547.820011
-27.398981,-8.556291,553.856780
-38.733306,5.536082,560.005129
-47.771119,24.242678,565.001123
-52.729448,48.591982,567.778304
-51.957620,75.295032,567.755676
-45.758346,98.272868,564.990444
-35.991067,115.607659,560.156626
-24.278806,128.827708,554.355659
-11.587773,139.746042,548.809302
1.502973,149.712308,544.522034
14.559486,159.809531,542.016892
27.125822,171.162575,541.231251
38.544058,-174.754952,541.606007
47.681915,-156.020026,542.332742
52.718212,-131.546631,542.669303
51.950119,-104.649233,542.216317
45.680746,-81.539203,541.066142
35.817916,-64.156211,539.778446
24.020256,-50.924932,539.188895
11.270852,-40.003787,540.108777
-1.843228,-30.032419,543.012368
-15.063478,-14.778114,547.897628
-27.566384,-3.383191,553.944326
-38.877912,10.759723,560.085260
-47.872692,29.543139,565.056899
-52.760196,53.961082,567.797796
-51.905185,80.650840,567.735148
-45.642553,103.550653,564.935293
-35.838817,120.814785,560.079831
-24.107598,133.991479,554.274159
-11.407610,144.888310,548.739279
1.685507,154.849239,544.474505
14.738567,164.955741,541.995014
27.294193,176.335462,541.230235
38.689999,-169.531297,541.615631
47.784846,-150.718618,542.341512
52.749613,-126.175038,542.668800
51.897123,-99.290923,542.204305
45.563689,-76.260276,541.047460
35.664356,-58.948772,539.763418
23.848026,-45.761103,539.189717
11.090113,-34.861476,540.135003
-2.025820,-24.895381,543.067008
-15.241982,-9.631475,547.975486
-27.733563,1.790431,554.031892
-39.022085,15.984266,560.165162
-47.973475,34.844768,565.112238
-52.789797,59.330689,567.816736
-51.851679,86.005815,567.714082
-45.526086,108.827298,564.879739
-35.686208,126.021125,560.002852
-23.936209,139.154819,554.192714
-11.227373,150.030403,548.669509
1.868034,159.986197,544.427330
14.917555,170.102190,541.973474
27.462348,-178.491130,541.229445
38.835509,-164.306733,541.625320
47.886983,-145.416025,542.350199
52.779852,-120.802921,542.668136
51.843040,-93.933462,542.192151
45.445954,-70.982506,541.028749
35.510438,-53.742125,539.748528
23.675621,-40.597706,539.190837
10.909308,-29.719341,540.161622
-2.208397,-19.758314,543.122024
-15.420385,-4.484592,548.053585
-27.900518,6.964578,554.119475
-39.165819,21.209716,560.244832
-48.073462,40.147563,565.167135
-52.818247,64.700787,567.835124
-51.797107,91.359943,567.692479
-45.408951,114.102805,564.823784
-35.533241,131.226685,559.925690
-23.764640,144.317733,554.111329
-11.047064,155.172322,548.599995
2.050552,165.123186,544.380511
15.096448,175.248883,541.952273
27.630285,-173.317195,541.228878
38.980584,-159.081256,541.635071
47.988321,-140.112244,542.358802
52.808926,-115.430298,542.667311
51.787876,-88.576864,542.179857
45.327545,-65.705891,541.010011
35.356166,-48.536265,539.733778
23.503042,-35.434737,539.192259
10.728436,-24.577379,540.188634
-2.390958,-14.621216,543.177415
-15.598685,0.662538,548.131920
-28.067247,12.139255,554.207072
-39.309112,26.436078,560.324266
-48.172648,45.451523,565.221590
-52.845545,70.071357,567.852959
-51.741472,96.713211,567.670340
-45.291152,119.377177,564.767430
-35.379920,136.431470,559.848350
-23.592894,149.480224,554.030006
-10.866684,160.314071,548.530737
2.233060,170.260207,544.334046
15.275246,-179.604178,541.931409
27.798001,-168.142730,541.228534
39.125220,-153.854859,541.644882
48.088853,-134.807278,542.367319
52.836830,-110.057187,542.666324
51.731636,-83.221142,542.167424
45.208470,-60.430427,540.991248
35.201542,-43.331187,539.719170
23.330291,-30.272192,539.193982
10.547500,-19.435586,540.216039
-2.573502,-9.484083,543.233180
-15.776880,5.809919,548.210489
-28.233746,17.314468,554.294679
-39.451958,31.663358,560.403462
-48.271027,50.756649,565.275598
-52.871688,75.442380,567.870240
-51.684781,102.065607,567.647666
-45.172695,124.650417,564.710680
-35.226249,141.635486,559.770834
-23.420973,154.642296,553.948749
-10.686234,165.455653,548.461740
2.415558,175.397264,544.287938
15.453947,-174.456990,541.910881
27.965494,-162.967728,541.228410
39.269414,-148.627536,541.654750
48.188573,-129.501127,542.375748
52.863564,-104.683608,542.665175
51.674324,-77.866309,542.154852
45.088732,-55.156112,540.972462
35.046570,-38.126884,539.704707
23.157370,-25.110067,539.196011
10.366501,-14.293960,540.243839
-2.756028,-4.346914,543.289318
-15.954970,10.957554,548.289289
-28.400014,22.490220,554.382293
-39.594354,36.891562,560.482415
-48.368593,56.062937,565.329160
-52.896672,80.813838,567.886968
-51.627037,107.417119,567.624458
-45.053586,129.922529,564.653537
-35.072231,146.838738,559.693147
-23.248878,159.803953,553.867561
-10.505714,170.597070,548.393004
2.598044,-179.465641,544.242186
15.632549,-169.309548,541.890687
28.132762,-157.792186,541.228503
39.413161,-143.399282,541.664674
48.287476,-124.193792,542.384087
52.889123,-99.309579,542.663863
51.615944,-72.512376,542.142143
44.968338,-49.882941,540.953655
34.891253,-32.923350,539.690391
22.984280,-19.948358,539.198345
10.185440,-9.152498,540.272034
-2.938534,0.790294,543.345828
-16.132953,16.105446,548.368319
-28.566049,27.666516,554.469910
-39.736296,42.120695,560.561122
-48.465340,61.370388,565.382271
-52.920497,86.185711,567.903141
-51.568245,112.767733,567.600718
-44.933829,135.193515,564.596004
-34.917868,152.041232,559.615291
-23.076611,164.965200,553.786444
-10.325127,175.738326,548.324531
2.780518,-174.328504,544.196790
15.811052,-164.161850,541.870828
28.299802,-152.616099,541.228812
39.556457,-138.170092,541.674651
48.385556,-118.885274,542.392336
52.913506,-93.935121,542.662388
51.556503,-67.159358,542.129298
44.847293,-44.610912,540.934829
34.735595,-27.720581,539.676225
22.811025,-14.787060,539.200987
10.004318,-4.011196,540.300624
-3.121021,5.927545,543.402708
-16.310828,21.253600,548.447574
-28.731847,32.843361,554.557528
-39.877780,47.350763,560.639581
-48.561263,66.679000,565.434930
-52.943159,91.557981,567.918758
-51.508410,118.117439,567.576446
-44.813430,140.463379,564.538083
-34.763164,157.242973,559.537271
-22.904174,170.126041,553.705402
-10.144474,-179.120575,548.256325
2.962977,-169.191324,544.151753
15.989454,-159.013892,541.851302
28.466613,-147.439462,541.229334
39.699297,-132.939959,541.684678
48.482806,-113.575575,542.400492
52.936711,-88.560251,542.660749
51.496004,-61.807265,542.116317
44.725602,-39.340022,540.915987
34.579598,-22.518570,539.662210
22.637605,-9.626170,539.203940
9.823137,1.129949,540.329609
-3.303486,11.064841,543.459958
-16.488593,26.402017,548.527053
-28.897408,38.020760,554.645141
-40.018802,52.581771,560.717787
-48.656355,71.988771,565.487135
-52.964657,96.930628,567.933819
-51.447538,123.466225,567.551644
-44.692394,145.732124,564.479776
-34.608122,162.443967,559.459088
-22.731569,175.286479,553.624438
-9.963755,-173.979633,548.188386
3.145422,-164.054097,544.107073
16.167753,-153.865671,541.832107
28.633192,-142.262269,541.230068
39.841679,-127.708879,541.694754
48.579220,-108.264695,542.408555
52.958735,-83.184991,542.658948
51.434454,-56.456109,542.103202
44.603271,-34.070266,540.897130
34.423266,-17.317313,539.648350
22.464022,-4.465683,539.207204
9.641897,6.270938,540.358991
-3.485928,16.202184,543.517576
-16.666246,31.550701,548.606753
-29.062728,43.198718,554.732748
-40.159358,57.813725,560.795738
-48.750610,77.299699,565.538883
-52.984988,102.303634,567.948324
-51.385632,128.814079,567.526313
-44.570727,150.999754,564.421087
-34.452746,167.644219,559.380748
-22.558797,-179.553481,553.543556
-9.782973,-168.838842,548.120717
3.327850,-158.916820,544.062751
16.345948,-148.717184,541.813243
28.799537,-137.084517,541.231011
39.983597,-122.476844,541.704877
48.674793,-102.952637,542.416521
52.979576,-77.809359,542.656982
51.371856,-51.105903,542.089954
44.480305,-28.801640,540.878261
34.266602,-12.116803,539.634647
22.290278,0.694405,539.210781
9.460601,11.411777,540.388770
-3.668347,21.339579,543.575560
-16.843788,36.699657,548.686671
-29.227806,48.377239,554.820344
-40.299443,63.046630,560.873431
-48.844024,82.611782,565.590172
-53.004151,107.676978,567.962272
-51.322699,134.160992,567.500455
-44.448433,156.266273,564.362018
-34.297037,172.843735,559.302252
-22.385861,-174.393835,553.462757
-9.602127,-163.698200,548.053320
3.510261,-153.779492,544.018789
16.524038,-143.568426,541.794709
28.965645,-131.906201,541.232161
40.125048,-117.243850,541.715043
48.769518,-97.639403,542.424391
52.999232,-72.433375,542.654852
51.308217,-45.756656,542.076574
44.356709,-23.534142,540.859382
34.109609,-6.917034,539.621103
22.116375,5.854097,539.214674
9.279248,16.552466,540.418946
-3.850742,26.477026,543.633911
-17.021215,41.848887,548.766804
-29.392639,53.556329,554.907926
-40.439053,68.280492,560.950861
-48.936590,87.925018,565.641000
-53.022143,113.050641,567.975663
-51.258742,139.506951,567.474070
-44.325519,161.531684,564.302573
-34.141000,178.042521,559.223605
-22.212761,-169.234580,553.382047
-9.421220,-158.557705,547.986197
3.692653,-148.642108,543.975185
16.702020,-138.419395,541.776502
29.131513,-126.727315,541.233516
40.266026,-112.009891,541.725251
48.863391,-92.324994,542.432161
53.017700,-67.057061,542.652557
51.243541,-40.408380,542.063064
44.232489,-18.267766,540.840495
33.952290,-1.718002,539.607721
21.942314,11.013398,539.218883
9.097841,21.693010,540.449519
-4.033110,31.614530,543.692625
-17.198526,46.998394,548.847150
-29.557224,58.735991,554.995491
-40.578185,73.515316,561.028027
-49.028302,93.239403,565.691366
-53.038963,118.424604,567.988495
-51.193768,144.851947,567.447161
-44.201988,166.795991,564.242753
-33.984637,-176.759419,559.144810
-22.039500,-164.075711,553.301426
-9.240253,-153.417354,547.919350
3.875027,-143.504667,543.931940
16.879895,-133.270087,541.758623
29.297141,-121.547855,541.235074
40.406529,-106.774961,541.735499
48.956403,-87.009414,542.439832
53.034981,-61.680435,542.650098
51.177834,-35.061086,542.049423
44.107649,-13.002510,540.821601
33.794648,3.480299,539.594503
21.768098,16.172312,539.223412
8.916380,26.833412,540.480490
-4.215452,36.752093,543.751703
-17.375721,52.148183,548.927706
-29.721560,63.916232,555.083035
-40.716834,78.751108,561.104924
-49.119154,98.554937,565.741266
-53.054610,123.798847,568.000770
-51.127781,150.195969,567.419727
-44.077845,172.059198,564.182561
-33.827952,-171.562079,559.065870
-21.866079,-158.917225,553.220899
-9.059226,-148.277142,547.852780
4.057379,-138.367165,543.889056
17.057660,-128.120499,541.741070
29.462524,-116.367815,541.236833
40.546551,-101.539056,541.745783
49.048551,-81.692665,542.447400
53.051070,-56.303517,542.647474
51.111101,-29.714784,542.035654
43.982196,-7.738369,540.802704
33.636687,8.677876,539.581451
21.593728,21.330842,539.228261
8.734867,31.973673,540.511859
-4.397765,41.889717,543.811142
-17.552797,57.298256,549.008468
-29.885643,69.097055,555.170555
-40.854995,83.987872,561.181549
-49.209141,103.871614,565.790698
-53.069081,129.173349,568.012485
-51.060787,155.539008,567.391772
-43.953098,177.321309,564.122000
-33.670946,-166.365454,558.986788
-21.692500,-153.759117,553.140469
-8.878141,-143.137069,547.786489
4.239710,-133.229600,543.846531
17.235313,-122.970627,541.723842
29.627662,-111.187192,541.238791
40.686088,-96.302168,541.756103
49.139827,-76.374750,542.454866
53.065968,-50.926330,542.644685
51.043346,-24.369484,542.021758
43.856134,-2.475339,540.783806
33.478409,13.874732,539.568568
21.419205,26.488993,539.233433
8.553303,37.113798,540.543627
-4.580050,47.027406,543.870942
-17.729754,62.448617,549.089435
-30.049472,74.278466,555.258046
-40.992665,89.225615,561.257900
-49.298257,109.189433,565.839662
-53.082376,134.548090,568.023641
-50.992790,160.881053,567.363295
-43.827749,-177.417671,564.061074
-33.513624,-161.169537,558.907569
-21.518765,-148.601384,553.060139
-8.696999,-137.997129,547.720481
4.422019,-128.091968,543.804367
17.412854,-117.820468,541.706938
29.792551,-106.005979,541.240945
40.825137,-91.064293,541.766456
49.230226,-71.055672,542.462227
53.079672,-45.548892,542.641731
50.974577,-19.025195,542.007736
43.729469,2.786585,540.764908
33.319817,19.070874,539.555857
21.244532,31.646769,539.238928
8.371689,42.253789,540.575794
-4.762304,52.165162,543.931101
-17.906589,67.599270,549.170603
-30.213044,79.460470,555.345506
-41.129839,94.464342,561.333972
-49.386496,114.508389,565.888154
-53.094493,139.923051,568.034238
-50.923796,166.222097,567.334299
-43.701804,-172.157740,563.999784
-33.355988,-155.974325,558.828215
-21.344876,-143.444022,552.979911
-8.515801,-132.857322,547.654755
4.604303,-122.954268,543.762564
17.590281,-112.670018,541.690355
29.957188,-100.824172,541.243293
40.963692,-85.825426,541.776839
49.319742,-65.735434,542.469481
53.092182,-40.171224,542.638611
50.904798,-13.681928,541.993589
43.602205,8.047406,540.746013
33.160914,24.266308,539.543319
21.069711,36.804173,539.244749
8.190026,47.393649,540.608360
-4.944527,57.302988,543.991617
-18.083302,72.750218,549.251970
-30.376356,84.643071,555.432932
-41.266512,99.704057,561.409763
-49.473853,119.828479,565.936172
-53.105432,145.298212,568.044275
-50.853811,171.562129,567.304786
-43.575268,-166.898892,563.938133
-33.198041,-150.779810,558.748729
-21.170833,-138.287026,552.899790
-8.334548,-127.717643,547.589315
4.786563,-117.816496,543.721121
17.767593,-107.519274,541.674094
30.121572,-95.641766,541.245833
41.101748,-80.585560,541.787250
49.408368,-60.414040,542.476628
53.103495,-34.793348,542.635326
50.834014,-8.339691,541.979318
43.474348,13.307130,540.727123
33.001704,29.461038,539.530957
20.894742,41.961209,539.250897
8.008315,52.533381,540.641325
-5.126718,62.440888,544.052489
-18.259891,77.901465,549.333532
-30.539407,89.826275,555.520319
-41.402681,104.944767,561.485270
-49.560320,125.149699,565.983715
-53.115190,150.673551,568.053752
-50.782839,176.901141,567.274755
-43.448147,-161.641123,563.876126
-33.039785,-145.585989,558.669116
-20.996640,-133.130394,552.819777
-8.153242,-122.578090,547.524162
4.968796,-112.678649,543.680039
17.944787,-102.368232,541.658152
30.285700,-90.458755,541.248563
41.239303,-75.344690,541.797688
49.496099,-55.091493,542.483666
53.113611,-29.415283,542.631875
50.762231,-2.998493,541.964925
43.345903,18.565760,540.708240
32.842189,34.655071,539.518774
20.719627,47.117882,539.257375
7.826559,57.672989,540.674689
-5.308874,67.578862,544.113716
-18.436354,83.053013,549.415287
-30.702193,95.010087,555.607664
-41.538341,110.186476,561.560489
-49.645894,130.472044,566.030781
-53.123767,156.049050,568.062669
-50.710887,-177.760876,567.244210
-43.320444,-156.384428,563.813763
-32.881225,-140.392855,558.589379
-20.822296,-127.974121,552.739875
-7.971884,-117.438660,547.459298
5.151002,-107.540726,543.639319
18.121863,-97.216889,541.642529
30.449569,-85.275136,541.251481
41.376350,-70.102812,541.808149
49.582930,-49.767799,542.490593
53.122529,-24.037051,542.628259
50.689455,2.341657,541.950411
43.216874,23.823301,540.689367
32.682372,39.848411,539.506771
20.544369,52.274195,539.264183
7.644756,62.812473,540.708454
-5.490997,72.716916,544.175296
-18.612689,88.204868,549.497232
-30.864712,100.194511,555.694964
-41.673487,115.429190,561.635417
-49.730567,135.795511,566.077367
-53.131163,161.424686,568.071025
-50.637959,-172.423929,567.213151
-43.192166,-151.128804,563.751048
-32.722362,-135.200404,558.509520
-20.647805,-122.818203,552.660089
-7.790475,-112.299350,547.394724
5.333180,-102.402722,543.598960
18.298819,-92.065240,541.627223
30.613177,-80.090902,541.254585
41.512886,-64.859919,541.818632
49.668853,-44.442961,542.497409
53.130248,-18.658673,542.624476
50.615691,7.680751,541.935777
43.087267,29.079758,540.670505
32.522255,45.041064,539.494952
20.368969,57.430152,539.271323
7.462910,67.951839,540.742619
-5.673083,77.855050,544.237228
-18.788896,93.357031,549.579364
-31.026962,105.379553,555.782214
-41.808115,120.672914,561.710052
-49.814335,141.120095,566.123471
-53.137376,166.800440,568.078819
-50.564061,-167.088028,567.181580
-43.063316,-145.874246,563.687985
-32.563199,-130.008630,558.429544
-20.473167,-117.662637,552.580420
-7.609015,-107.160157,547.330443
5.515328,-97.264635,543.558963
18.475653,-86.913283,541.612233
30.776521,-74.906048,541.257872
41.648906,-59.616006,541.829135
49.753863,-39.116983,542.504111
53.136767,-13.280169,542.620528
50.540945,13.018780,541.921025
42.957088,34.335135,540.651658
32.361843,50.233036,539.483318
20.193428,62.585756,539.278797
7.281021,73.091088,540.777183
-5.855133,82.993269,544.299509
-18.964973,98.509508,549.661681
-31.188940,110.565218,555.869413
-41.942221,125.917653,561.784389
-49.897191,146.445790,566.169093
-53.142405,172.176292,568.086053
-50.489199,-161.753178,567.149499
-42.933899,-140.620749,563.624575
-32.403740,-124.817527,558.349454
-20.298385,-112.507419,552.500873
-7.427507,-102.021079,547.266456
5.697446,-92.126462,543.519327
18.652364,-81.761014,541.597558
30.939599,-69.720570,541.261340
41.784405,-54.371069,541.839655
49.837954,-33.789872,542.510699
53.142086,-7.901560,542.616414
50.465223,18.355738,541.906156
42.826339,39.589438,540.632826
32.201137,55.424331,539.471872
20.017749,67.741012,539.286607
7.099090,78.230224,540.812148
-6.037144,88.131574,544.362140
-19.140918,103.662301,549.744178
-31.350643,115.751511,555.956556
-42.075799,131.163411,561.858426
-49.979130,151.772592,566.214229
-53.146252,177.552220,568.092726
-50.413377,-156.419389,567.116908
-42.803922,-135.368309,563.560822
-32.243986,-119.627092,558.269253
-20.123459,-107.352546,552.421449
-7.245951,-96.882111,547.202765
5.879532,-86.988201,543.480054
18.828950,-76.608430,541.583195
31.102408,-64.534463,541.264987
41.919379,-49.125100,541.850190
49.921121,-28.461631,542.517171
53.146203,-2.522869,542.612134
50.388530,23.691616,541.891171
42.695028,44.842670,540.614013
32.040140,60.614955,539.460617
19.841932,72.895924,539.294754
6.917119,83.369249,540.847514
-6.219116,93.269970,544.425117
-19.316730,108.815414,549.826854
-31.512069,120.938436,556.043639
-42.208846,136.410195,561.932160
-50.060145,157.100494,566.258878
-53.148914,-177.071796,568.098837
-50.336603,-151.086666,567.083811
-42.673387,-130.116921,563.496729
-32.083941,-114.437317,558.188945
-19.948392,-102.198012,552.342152
-7.064348,-91.743253,547.139371
6.061585,-81.849848,543.441142
19.005410,-71.455525,541.569144
31.264946,-59.347720,541.268810
42.053823,-43.878097,541.860737
50.003357,-23.132266,542.523526
53.149119,2.855886,542.607688
50.310871,29.026407,541.876071
42.563158,50.094838,540.595221
31.878856,65.804914,539.449554
19.665979,78.050494,539.303239
6.735107,88.508167,540.883279
-6.401048,98.408458,544.488440
-19.492408,113.968851,549.909705
-31.673215,126.126000,556.130660
-42.341357,141.658009,562.005587
-50.140233,162.429492,566.303038
-53.150393,-171.695776,568.104386
-50.258880,-145.755017,567.050208
-42.542300,-124.866579,563.432298
-31.923608,-109.248199,558.108532
-19.773185,-97.043815,552.262984
-6.882700,-86.604500,547.076277
6.243604,-76.711402,543.402592
19.181743,-66.302298,541.555404
31.427209,-54.160337,541.272808
42.187733,-38.630053,541.871296
50.084657,-17.801783,542.529762
53.150834,8.234681,542.603077
50.232253,34.360105,541.860859
42.430734,55.345945,540.576452
31.717287,70.994212,539.438687
19.489893,83.204727,539.312065
6.553058,93.646979,540.919446
-6.582939,103.547041,544.552106
-19.667949,119.122615,549.992729
-31.834079,131.314207,556.217614
-42.473327,146.906858,562.078705
-50.219386,167.759580,566.346707
-53.150687,-166.319741,568.109374
-50.180215,-140.424449,567.016101
-42.410666,-119.617280,563.367533
-31.762988,-104.059731,558.028019
-19.597839,-91.889952,552.183949
-6.701008,-81.465850,547.013484
6.425588,-71.572858,543.364404
19.357946,-61.148744,541.541972
31.589195,-48.972309,541.276978
42.321103,-33.380962,541.881863
50.165014,-12.470187,542.535878
53.151347,13.613496,542.598299
50.152682,39.692702,541.845535
42.297762,60.595997,540.557708
31.555435,76.182855,539.428016
19.313674,88.358627,539.321232
6.370972,98.785690,540.956013
-6.764787,108.685723,544.616115
-19.843352,124.276710,550.075922
-31.994658,136.503062,556.304498
-42.604751,152.156747,562.151510
-50.297598,173.090750,566.389883
-53.149796,-160.943712,568.113800
-50.100614,-135.094967,566.981491
-42.278490,-114.369018,563.302436
-31.602085,-98.871909,557.947409
-19.422357,-86.736417,552.105049
-6.519273,-76.327300,546.950993
6.607536,-66.434214,543.326578
19.534019,-55.994860,541.528848
31.750902,-43.783630,541.281319
42.453929,-28.130821,541.892437
50.244423,-7.137485,542.541873
53.150657,18.992311,542.593356
50.072163,45.024193,541.830101
42.164246,65.844998,540.538992
31.393304,81.370849,539.417546
19.137325,93.512197,539.330742
6.188849,103.924301,540.992981
-6.946591,113.824505,544.680464
-20.018615,129.431140,550.159281
-32.154949,141.692571,556.391309
-42.735624,157.407681,562.224000
-50.374866,178.422997,566.432565
-53.147722,-155.567709,568.117664
-50.020082,-129.766578,566.946381
-42.145775,-109.121789,563.237010
-31.440902,-93.684728,557.866705
-19.246739,-81.583209,552.026288
-6.337495,-71.188848,546.888807
6.789446,-61.295467,543.289115
19.709959,-50.840641,541.516029
31.912327,-38.594296,541.285827
42.586206,-22.879624,541.903014
50.322878,-1.803684,542.547746
53.148766,24.371103,542.588247
49.990702,50.354570,541.814558
42.030190,71.092955,540.520305
31.230896,86.558197,539.407277
18.960846,98.665442,539.340598
6.006692,109.062816,541.030349
-7.128350,118.963392,544.745153
-20.193738,134.585909,550.242804
-32.314950,146.882738,556.478043
-42.865943,162.659664,562.296170
-50.451182,-176.243685,566.474751
-53.144463,-150.191754,568.120966
-49.938624,-124.439288,566.910772
-42.012527,-103.875587,563.171259
-31.279440,-88.498183,557.785911
-19.070988,-76.430322,551.947668
-6.155677,-66.050489,546.826926
6.971318,-56.156615,543.252013
19.885765,-45.686085,541.503516
32.073466,-33.404300,541.290500
42.717930,-17.627366,541.913594
50.400374,3.531211,542.553494
53.145673,29.749852,542.582973
49.908304,55.683829,541.798907
41.895600,76.339871,540.501651
31.068213,91.744907,539.397213
18.784239,103.818363,539.350799
5.824501,114.201238,541.068118
-7.310064,124.102385,544.810178
-20.368718,139.741019,550.326487
-32.474657,152.073570,556.564696
-42.995702,167.912701,562.368019
-50.526541,-170.909305,566.516439
-53.140021,-144.815865,568.123706
-49.856247,-119.113102,566.874666
-41.878750,-98.630408,563.105185
-31.117703,-83.312267,557.705030
-18.895104,-71.277754,551.869193
-5.973818,-60.912222,546.765353
7.153151,-51.017654,543.215273
20.061435,-40.531187,541.491305
32.234318,-28.213638,541.295337
42.849094,-12.374043,541.924174
50.476904,8.867191,542.559118
53.141379,35.128536,542.577533
49.824977,61.011964,541.783151
41.760480,81.585752,540.483031
30.905259,96.930982,539.387355
18.607506,108.970966,539.361348
5.642277,119.339569,541.106287
-7.491730,129.241489,544.875539
-20.543554,144.896476,550.410328
-32.634068,157.265070,556.651266
-43.124896,173.166798,562.439544
-50.600939,-165.573869,566.557627
-53.134395,-139.440065,568.125885
-49.772957,-113.788026,566.838065
-41.744449,-93.386246,563.038792
-30.955693,-78.126977,557.624065
-18.719089,-66.125500,551.790864
-5.791921,-55.774044,546.704089
7.334942,-45.878582,543.178895
20.236968,-35.375944,541.479396
32.394879,-23.022305,541.300335
42.979696,-7.119648,541.934752
50.552463,14.204251,542.564616
53.135884,40.507136,542.571927
49.740725,66.338969,541.767290
41.624835,86.830604,540.464448
30.742036,102.116429,539.377707
18.430649,114.123254,539.372247
5.460022,124.477812,541.144858
-7.673348,134.380704,544.941233
-20.718244,150.052282,550.494323
-32.793181,162.457246,556.737748
-43.253521,178.421958,562.510740
-50.674368,-160.237385,566.598313
-53.127586,-134.064374,568.127502
-49.688758,-108.464063,566.800969
-41.609629,-88.143097,562.972082
-30.793413,-72.942308,557.543020
-18.542946,-60.973558,551.712685
-5.609987,-50.635952,546.643135
7.516691,-40.739396,543.142879
20.412362,-30.220351,541.467787
32.555147,-17.830294,541.305492
43.109729,-1.864178,541.945325
50.627045,19.542382,542.569987
53.129188,45.885628,542.566157
49.655554,71.664839,541.751327
41.488670,92.074432,540.445904
30.578547,107.301251,539.368270
18.253669,119.275231,539.383495
5.277736,129.615970,541.183828
-7.854917,139.520035,545.007259
-20.892786,155.208441,550.578469
-32.951992,167.650101,556.824139
-43.381572,-176.321814,562.581606
-50.746824,-154.899861,566.638497
-53.119596,-128.688812,568.128557
-49.603656,-103.141221,566.763382
-41.474293,-82.900954,562.905058
-30.630865,-67.758253,557.461898
-18.366674,-55.821923,551.634659
-5.428016,-45.497942,546.582493
7.698398,-35.600092,543.107224
20.587616,-25.064406,541.456476
32.715118,-12.637601,541.310805
43.239189,3.392372,541.955892
50.700645,24.881577,542.575229
53.121293,51.263993,542.560222
49.569471,76.989570,541.735262
41.351988,97.317240,540.427402
30.414794,112.485455,539.359047
18.076567,124.426900,539.395096
5.095421,134.754046,541.223199
-8.036435,144.659485,545.073616
-21.067180,160.364958,550.662763
-33.110499,172.843641,556.910436
-43.509043,-171.064513,562.652137
-50.818302,-149.561305,566.678175
-53.110424,-123.313399,568.129050
-49.517659,-97.819502,566.725305
-41.338446,-77.659814,562.837724
-30.468052,-62.574808,557.380703
-18.190277,-50.670593,551.556789
-5.246010,-40.360013,546.522165
7.880060,-30.460669,543.071931
20.762727,-19.908104,541.445462
32.874791,-7.444220,541.316272
43.368070,8.650007,541.966451
50.773257,30.221826,542.580341
53.112198,56.642210,542.554122
49.482481,82.313157,541.719097
41.214795,102.559035,540.408943
30.250779,117.669045,539.350039
17.899345,129.578264,539.407050
4.913078,139.892043,541.262970
-8.217901,149.799055,545.140300
-21.241423,165.521836,550.747203
-33.268699,178.037871,556.996634
-43.635931,-165.806135,562.722332
-50.888795,-144.221725,566.717348
-53.100072,-117.938156,568.128982
-49.430770,-92.498911,566.686740
-41.202093,-72.419670,562.770082
-30.304976,-57.391969,557.299437
-18.013755,-45.519562,551.479077
-5.063970,-35.222162,546.462152
8.061677,-25.321122,543.036999
20.937695,-14.751441,541.434744
33.034161,-2.250146,541.321891
43.496368,13.908731,541.976999
50.844874,35.563124,542.585323
53.101906,62.020257,542.547858
49.394590,87.635595,541.702835
41.077095,107.799822,540.390531
30.086506,122.852027,539.341250
17.722004,134.729328,539.419359
4.730709,145.029963,541.303141
-8.399315,154.938750,545.207312
-21.415513,170.679079,550.831784
-33.426589,-176.767202,557.082732
-43.762229,-160.546676,562.792187
-50.958299,-138.881129,566.756012
-53.088540,-112.563104,568.128352
-49.342996,-87.179453,566.647688
-41.065239,-67.180518,562.702135
-30.141640,-52.209729,557.218106
-17.837109,-40.368829,551.401525
-4.881896,-30.084385,546.402455
8.243247,-20.181450,543.002428
21.112518,-9.594414,541.424320
33.193227,2.944626,541.327660
43.624078,19.168550,541.987534
50.915493,40.905459,542.590172
53.090416,67.398115,542.541429
49.305804,92.956881,541.686475
40.938893,113.039605,540.372166
29.921977,128.034405,539.332682
17.544547,139.880094,539.432024
4.548313,150.167810,541.343711
-8.580674,160.078571,545.274648
-21.589450,175.836691,550.916505
-33.584165,-171.571575,557.168724
-43.887933,-155.286131,562.861700
-51.026808,-133.539527,566.794167
-53.075831,-107.188262,568.127162
-49.254343,-81.861130,566.608152
-40.927886,-61.942353,562.633888
-29.978046,-47.028085,557.136711
-17.660342,-35.218390,551.324138
-4.699791,-24.946680,546.343076
8.424769,-15.041649,542.968219
21.287193,-4.437019,541.414187
33.351985,8.140103,541.333576
43.751194,24.429467,541.998054
50.985107,46.248824,542.594889
53.077730,72.775761,542.534836
49.216129,98.277010,541.670020
40.800193,118.278391,540.353853
29.757194,133.216184,539.324336
17.366973,145.030567,539.445047
4.365892,155.305585,541.384682
-8.761978,165.218523,545.342306
-21.763231,-179.005325,551.001361
-33.741426,-166.375241,557.254608
-44.013039,-150.024496,562.930866
-51.094317,-128.196928,566.831810
-53.061944,-101.813650,568.125410
-49.164817,-76.543948,566.568133
-40.790041,-56.705168,562.565341
-29.814197,-41.847031,557.055256
-17.483454,-30.068240,551.246918
-4.517655,-19.809044,546.284017
8.606242,-9.901716,542.934370
21.461719,0.720749,541.404346
33.510432,13.336289,541.339638
43.877712,29.691487,542.008558
51.053711,51.593210,542.599471
53.063850,78.153175,542.528080
49.125572,103.595979,541.653472
40.660999,123.516185,540.335593
29.592160,138.397371,539.316216
17.189286,150.180750,539.458428
4.183448,160.443293,541.426051
-8.943226,170.358607,545.410286
-21.936854,-173.846964,551.086350
-33.898368,-161.178195,557.340380
-44.137540,-144.761768,562.999685
-51.160821,-122.853342,566.868940
-53.046881,-96.439290,568.123098
-49.074423,-71.227908,566.527633
-40.651707,-51.468958,562.496500
-29.650095,-36.666562,556.973744
-17.306448,-24.918377,551.169867
-4.335488,-14.671474,546.225278
8.787665,-4.761649,542.900881
21.636095,5.878893,541.394793
33.668566,18.533190,541.345842
44.003626,34.954614,542.019043
51.121299,56.938606,542.603918
53.048776,83.530338,542.521160
49.034137,108.913786,541.636831
40.521317,128.752992,540.317388
29.426878,143.577969,539.308322
17.011487,155.330646,539.472169
4.000982,165.580935,541.467820
-9.124416,175.498827,545.478584
-22.110318,-168.688223,551.171468
-34.054989,-155.980432,557.426036
-44.261432,-139.497941,563.068151
-51.226314,-117.508777,566.905557
-53.030644,-91.065200,568.120225
-48.983167,-65.913014,566.486655
-40.512888,-46.233719,562.427366
-29.485742,-31.486674,556.892180
-17.129324,-19.768797,551.092988
-4.153294,-9.533968,546.166861
8.969037,0.378556,542.867753
21.810319,11.037416,541.385528
33.826383,23.730811,541.352187
44.128931,40.218852,542.029507
51.187867,62.285003,542.608229
53.032510,88.907228,542.514078
48.941832,114.230426,541.620101
40.381150,133.988819,540.299241
29.261348,148.757983,539.300659
16.833576,160.480260,539.486272
3.818494,170.718515,541.509988
-9.305547,-179.360814,545.547200
-22.283622,-163.529098,551.256713
-34.211285,-150.781947,557.511574
-44.384710,-134.233012,563.136263
-51.290791,-112.163245,566.941657
-53.013235,-85.691401,568.116791
-48.891055,-60.599270,566.445201
-40.373588,-40.999444,562.357944
-29.321141,-26.307361,556.810566
-16.952084,-14.619496,551.016283
-3.971072,-4.396522,546.108767
9.150357,5.518901,542.834984
21.984388,16.196324,541.376548
33.983880,28.929159,541.358670
44.253622,45.484207,542.039947
51.253407,67.632391,542.612402
53.015054,94.283825,542.506832
48.848661,119.545896,541.603281
40.240502,139.223670,540.281154
29.095576,153.937419,539.293227
16.655555,165.629593,539.500737
3.635986,175.856035,541.552554
-9.486619,-174.220314,545.616130
-22.456763,-158.369584,551.342081
-34.367253,-145.582733,557.596989
-44.507369,-128.966978,563.204018
-51.354247,-106.816754,566.977240
-52.994654,-80.317912,568.112798
-48.798093,-55.286677,566.403271
-40.233813,-35.766129,562.288235
-29.156294,-21.128619,556.728906
-16.774730,-9.470472,550.939757
-3.788823,0.740865,546.050998
9.331622,10.659389,542.802575
22.158302,21.355620,541.367853
34.141055,34.128238,541.365288
44.377694,50.750681,542.050363
51.317917,72.980760,542.616437
52.996409,99.660108,542.499424
48.754631,124.860195,541.586375
40.099378,144.457551,540.263130
28.929561,159.116281,539.286030
16.477427,170.778651,539.515566
3.453458,-179.006502,541.595518
-9.667629,-169.079669,545.685374
-22.629740,-153.209678,551.427570
-34.522890,-140.382785,557.682277
-44.629403,-123.699833,563.271413
-51.416678,-101.469317,567.012305
-52.974904,-74.944753,568.108246
-48.704287,-49.975238,566.360869
-40.093566,-30.533768,562.218243
-28.991204,-15.950442,556.647203
-16.597262,-4.321720,550.863410
-3.606549,5.878198,545.993555
9.512833,15.800024,542.770525
22.332059,26.515308,541.359439
34.297903,39.328054,541.372041
44.501141,56.018278,542.060752
51.381389,78.330099,542.620333
52.976578,105.036058,542.491854
48.659749,130.173320,541.569383
39.957783,149.690467,540.245171
28.763308,164.294574,539.279068
16.299191,175.927435,539.530760
3.270913,-173.869093,541.638881
-9.848578,-163.938876,545.754928
-22.802551,-148.049375,551.513175
-34.678193,-135.182099,557.767437
-44.750808,-118.431576,563.338445
-51.478077,-96.120944,567.046849
-52.953987,-69.571944,568.103134
-48.609642,-44.664956,566.317996
-39.952851,-25.302355,562.147972
-28.825873,-10.772827,556.565460
-16.419683,0.826762,550.787247
-3.424251,11.015478,545.936439
9.693988,20.940809,542.738834
22.505656,31.675392,541.351307
34.454423,44.528612,541.378925
44.623959,61.287003,542.071111
51.443819,83.680397,542.624088
52.955562,110.411655,542.484123
48.564019,135.485268,541.552307
39.815720,154.922425,540.227279
28.596818,169.472304,539.272346
16.120851,-178.924049,539.546320
3.088350,-168.731736,541.682640
-10.029462,-158.797933,545.824792
-22.975194,-142.888673,551.598893
-34.833160,-129.980668,557.852463
-44.871578,-113.162201,563.405111
-51.538440,-90.771646,567.080871
-52.931904,-64.199503,568.097463
-48.514164,-39.355832,566.274654
-39.811672,-20.071885,562.077424
-28.660303,-5.595768,556.483681
-16.241993,5.974978,550.711269
-3.241929,16.152708,545.879652
9.875086,26.081745,542.707501
22.679093,36.835875,541.343453
34.610611,49.729919,541.385938
44.746141,66.556859,542.081440
51.505202,89.031643,542.627702
52.933362,115.786879,542.476231
48.467448,140.796038,541.535150
39.673194,160.153431,540.209457
28.430093,174.649475,539.265864
15.942406,-173.775800,539.562248
2.905772,-163.594427,541.726797
-10.210282,-153.656837,545.894963
-23.147668,-137.727566,551.684722
-34.987786,-124.778487,557.937353
-44.991707,-107.891706,563.471409
-51.597763,-85.421433,567.114371
-52.908658,-58.827451,568.091233
-48.417859,-34.047868,566.230846
-39.670034,-14.842353,562.006603
-28.494497,-0.419260,556.401870
-16.064195,11.122932,550.635480
-3.059586,21.289892,545.823194
10.056125,31.222837,542.676527
22.852367,41.996763,541.335877
34.766463,54.931979,541.393078
44.867683,71.827851,542.091735
51.565532,94.383825,542.631174
52.909982,121.161709,542.468177
48.370041,146.105628,541.517912
39.530208,165.383488,540.191707
28.263137,179.826091,539.259625
15.763859,-168.627813,539.578544
2.723179,-158.457164,541.771350
-10.391036,-148.515584,545.965439
-23.319970,-132.566051,551.770659
-35.142070,-119.575551,558.022104
-45.111192,-102.620088,563.537335
-51.656040,-80.070319,567.147346
-52.884251,-53.455806,568.084446
-48.320733,-28.741066,566.186573
-39.527940,-9.613752,561.935512
-28.328456,4.756701,556.320028
-15.886289,16.270627,550.559881
-2.877222,26.427031,545.767068
10.237104,36.364087,542.645910
23.025476,47.158059,541.328576
34.921977,60.134799,541.400342
44.988579,77.099981,542.101995
51.624806,99.736931,542.634502
52.885424,126.536127,542.459964
48.271806,151.414036,541.500595
39.386767,170.612604,540.174032
28.095951,-174.997841,539.253632
15.585210,-163.480085,539.595211
2.540573,-153.319944,541.816300
-10.571723,-143.374172,546.036217
-23.492099,-127.404123,551.856699
-35.296007,-114.371853,558.106710
-45.230026,-97.347342,563.602887
-51.713266,-74.718315,567.179796
-52.858685,-48.084587,568.077101
-48.222792,-23.435427,566.141838
-39.385395,-4.386078,561.864153
-28.162183,9.932120,556.238161
-15.708276,21.418065,550.484476
-2.694837,31.564130,545.711273
10.418023,41.505499,542.615650
23.198418,52.319767,541.321548
35.077150,65.338384,541.407728
45.108824,82.373253,542.112218
51.683016,105.090950,542.637687
52.859689,131.910113,542.451591
48.172747,156.721262,541.483202
39.242876,175.840784,540.156433
27.928537,-169.822319,539.247886
15.406462,-158.332612,539.612248
2.357953,-148.182765,541.861645
-10.752342,-138.232598,546.107297
-23.664054,-122.241779,551.942840
-35.449594,-109.167389,558.191170
-45.348203,-92.073466,563.668061
-51.769437,-69.365433,567.211718
-52.831963,-42.713813,568.069199
-48.124041,-18.130952,566.096643
-39.242402,0.840676,561.792531
-27.995681,15.107002,556.156271
-15.530160,26.565251,550.409266
-2.512434,36.701189,545.655812
10.598879,46.647074,542.585747
23.371193,57.481892,541.314793
35.231977,70.542739,541.415234
45.228412,87.647670,542.122403
51.740160,110.445870,542.640726
52.832781,137.283648,542.443058
48.072871,162.027303,541.465733
39.098538,-178.931966,540.138914
27.760898,-164.647336,539.242389
15.227616,-153.185392,539.629657
2.175323,-143.045622,541.907386
-10.932891,-133.090858,546.178675
-23.835831,-117.079014,552.029079
-35.602829,-103.962153,558.275479
-45.465720,-86.798456,563.732857
-51.824548,-64.011686,567.243112
-52.804087,-37.343503,568.060740
-48.024487,-12.827643,566.050989
-39.098966,6.066514,561.720648
-27.828951,20.281351,556.074362
-15.351939,31.712188,550.334256
-2.330014,41.838213,545.600685
10.779672,51.788817,542.556200
23.543798,62.644437,541.308308
35.386457,75.747870,541.422858
45.347338,92.923237,542.132546
51.796231,115.801676,542.643619
52.804702,142.656712,542.434367
47.972184,167.332159,541.448192
38.953757,-173.705641,540.121477
27.593036,-159.472888,539.237144
15.048673,-148.038422,539.647439
1.992682,-137.908515,541.953521
-11.113370,-127.948949,546.250350
-24.007431,-111.915824,552.115412
-35.755708,-98.756139,558.359635
-45.582570,-81.522311,563.797269
-51.878595,-58.657086,567.273977
-52.775060,-31.973674,568.051725
-47.924135,-7.525500,566.004880
-38.955090,11.291443,561.648507
-27.661995,25.455173,555.992437
-15.173617,36.858880,550.259446
-2.147576,46.975204,545.545893
10.960401,56.930731,542.527008
23.716230,67.807407,541.302091
35.540585,80.953784,541.430597
45.465597,98.199955,542.142646
51.851226,121.158358,542.646366
52.775454,148.029287,542.425518
47.870691,172.635830,541.430578
38.808537,-168.480234,540.104123
27.424954,-154.298970,539.232153
14.869634,-142.891696,539.665596
1.810032,-132.771440,542.000050
-11.293776,-122.806869,546.322318
-24.178850,-106.752206,552.201836
-35.908228,-93.549342,558.443633
-45.698748,-76.245026,563.861296
-51.931572,-53.301647,567.304310
-52.744885,-26.604346,568.042155
-47.822991,-2.224523,565.958316
-38.810778,16.515468,561.576113
-27.494817,30.628471,555.910498
-14.995194,42.005328,550.184841
-1.965124,52.112164,545.491438
11.141064,62.072818,542.498172
23.888489,72.970806,541.296141
35.694359,86.160485,541.438449
45.583182,103.477828,542.152701
51.905139,126.515900,542.648965
52.745041,153.401355,542.416511
47.768399,177.938314,541.412895
38.662882,-163.255741,540.086857
27.256653,-149.125579,539.227419
14.690501,-137.745214,539.684127
1.627373,-127.634394,542.046973
-11.474110,-117.664615,546.394580
-24.350086,-101.588154,552.288348
-36.060385,-88.341756,558.527471
-45.814249,-70.966599,563.924936
-51.983475,-47.945381,567.334112
-52.713563,-21.235537,568.032029
-47.721060,3.075286,565.911302
-38.666035,21.738594,561.503467
-27.327417,35.801250,555.828551
-14.816671,47.151537,550.110441
-1.782657,57.249097,545.437321
11.321660,67.215081,542.469691
24.060573,78.134637,541.290456
35.847774,91.367979,541.446411
45.700089,108.756859,542.162710
51.957965,131.874291,542.651415
52.713465,158.772896,542.407347
47.665313,-176.760388,541.395144
38.516797,-158.032155,540.069679
27.088136,-143.952708,539.222942
14.511275,-132.598970,539.703035
1.444708,-122.497374,542.094289
-11.654369,-112.522183,546.467131
-24.521139,-96.423666,552.374944
-36.212176,-83.133375,558.611144
-45.929066,-65.687027,563.988185
-52.034301,-42.588303,567.363380
-52.681099,-15.867263,568.021350
-47.618349,8.373928,565.863837
-38.520864,26.960828,561.430573
-27.159799,40.973515,555.746598
-14.638051,52.297510,550.036251
-1.600176,62.386005,545.383543
11.502187,72.357524,542.441563
24.232479,83.298906,541.285033
36.000828,96.576272,541.454481
45.816311,114.037051,542.172670
52.009701,137.233516,542.653716
52.680729,164.143892,542.398026
47.561440,-171.460277,541.377327
38.370285,-152.809471,540.052592
26.919405,-138.780353,539.218726
14.331958,-127.452962,539.722321
1.262037,-117.360379,542.141998
-11.834552,-107.379571,546.539970
-24.692005,-91.258735,552.461622
-36.363598,-77.924195,558.694649
-46.043196,-60.406309,564.051040
-52.084044,-37.230426,567.392114
-52.647495,-10.499544,568.010116
-47.514862,13.671403,565.815926
-38.375269,32.182174,561.357435
-26.991964,46.145271,555.664641
-14.459333,57.443251,549.962271
-1.417684,67.522891,545.330104
11.682645,77.500149,542.413789
24.404205,88.463616,541.279872
36.153518,101.785370,541.462658
45.931844,119.318406,542.182579
52.060341,142.593561,542.655867
52.646836,169.514325,542.388550
47.456785,-166.161352,541.359445
38.223349,-147.587683,540.035599
26.750462,-133.608510,539.214772
14.152550,-122.307187,539.741984
1.079360,-112.223404,542.190098
-12.014658,-102.236774,546.613094
-24.862684,-86.093359,552.548377
-36.514648,-72.714209,558.777983
-46.156631,-55.124441,564.113500
-52.132700,-31.871764,567.420312
-52.612754,-5.132395,567.998329
-47.410607,18.967711,565.767570
-38.229253,37.402639,561.284055
-26.823914,51.316522,555.582686
-14.280521,62.588762,549.888506
-1.235180,72.659758,545.277006
11.863033,82.642960,542.386367
24.575750,93.628773,541.274970
36.305839,106.995278,541.470938
46.046681,124.600928,542.192436
52.109881,147.954412,542.657867
52.611790,174.884177,542.378918
47.351354,-160.863613,541.341501
38.075995,-142.366785,540.018703
26.581309,-128.437175,539.211083
13.973054,-117.161641,539.762027
0.896680,-107.086447,542.238589
-12.194687,-97.093791,546.686502
-25.033173,-80.927534,552.635207
-36.665322,-67.503411,558.861143
-46.269367,-49.841422,564.175561
-52.180265,-26.512332,567.447974
-52.576880,0.234164,567.985990
-47.305589,24.262851,565.718772
-38.082821,42.622228,561.210438
-26.655652,56.487272,555.500734
-14.101614,67.734046,549.814956
-1.052666,77.796608,545.224250
12.043348,87.785960,542.359298
24.747112,98.794379,541.270325
36.457788,112.206002,541.479320
46.160818,129.884618,542.202239
52.158317,153.316054,542.659716
52.575594,-179.746569,542.369132
47.245153,-155.567060,541.323497
37.928225,-137.146771,540.001905
26.411948,-123.266341,539.207660
13.793470,-112.016321,539.782450
0.713998,-101.949506,542.287471
-12.374636,-91.950619,546.760190
-25.203470,-75.761253,552.722108
-36.815616,-62.291797,558.944125
-46.381399,-44.557249,564.237220
-52.226735,-21.152144,567.475098
-52.539876,5.600118,567.973100
-47.199812,29.556826,565.669533
-37.935976,47.840947,561.136585
-26.487179,61.657526,555.418789
-13.922615,72.879107,549.741625
-0.870143,82.933445,545.171836
12.223590,92.929151,542.332580
24.918289,103.960439,541.265936
36.609363,117.417548,541.487800
46.274247,135.169478,542.211985
52.205645,158.678473,542.661412
52.538250,-174.377932,542.359192
47.138188,-150.271693,541.305434
37.780044,-131.927636,539.985208
26.242382,-118.096006,539.204506
13.613801,-106.871224,539.803254
0.531314,-96.812578,542.336742
-12.554504,-86.807253,546.834157
-25.373573,-70.594515,552.809077
-36.965527,-57.079361,559.026925
-46.492720,-39.271920,564.298476
-52.272106,-15.791215,567.501682
-52.501745,10.965449,567.959658
-47.093284,34.849634,565.619856
-37.788722,53.058801,561.062501
-26.318498,66.827289,555.336855
-13.743524,78.023949,549.668516
-0.687613,88.070270,545.119766
12.403758,98.072538,542.306213
25.089279,109.126959,541.261801
36.760559,122.629922,541.496378
46.386965,140.455511,542.221673
52.251859,164.041653,542.662955
52.499764,-169.009927,542.349099
47.030465,-144.977510,541.287313
37.631455,-126.709374,539.968614
26.072613,-112.926164,539.201623
13.434046,-101.726346,539.824440
0.348629,-91.675660,542.386403
-12.734290,-81.663691,546.908401
-25.543481,-65.427313,552.896111
-37.115053,-51.866096,559.109540
-46.603325,-33.985434,564.359326
-52.316374,-10.429560,567.527727
-52.462490,16.330140,567.945666
-46.986010,40.141278,565.569744
-37.641062,58.275796,560.988189
-26.149611,71.996565,555.254935
-13.564343,83.168573,549.595629
-0.505075,93.207087,545.068040
12.583850,103.216122,542.280196
25.260079,114.293941,541.257917
36.911372,127.843129,541.505049
46.498964,145.742719,542.231301
52.296957,169.405579,542.664345
52.460137,-163.642573,542.338854
46.921989,-139.684511,541.269138
37.482462,-121.491978,539.952127
25.902642,-107.756811,539.199013
13.254208,-96.581685,539.846010
0.165945,-86.538748,542.436451
-12.913994,-76.519930,546.982919
-25.713191,-60.259644,552.983205
-37.264188,-46.651998,559.191967
-46.713209,-28.697788,564.419766
-52.359535,-5.067195,567.553231
-52.422116,21.694176,567.931124
-46.877995,45.431758,565.519198
-37.493001,63.491938,560.913651
-25.980519,77.165358,555.173032
-13.385074,88.312985,549.522969
-0.322532,98.343898,545.016660
12.763864,108.359908,542.254529
25.430688,119.461391,541.254283
37.061800,133.057175,541.513813
46.610239,151.031104,542.240868
52.340934,174.770236,542.665580
52.419375,-158.275886,542.328457
46.812767,-134.392694,541.250910
37.333069,-116.275444,539.935748
25.732472,-102.587943,539.196678
13.074288,-91.437237,539.867963
-0.016738,-81.401842,542.486887
-13.093613,-71.375967,547.057708
-25.882702,-55.091504,553.070358
-37.412930,-41.437060,559.274203
-46.822365,-23.408982,564.479795
-52.401584,0.295865,567.578193
-52.380625,27.057541,567.916034
-46.769245,50.721075,565.468221
-37.344541,68.707232,560.838892
-25.811226,82.333673,555.091149
-13.205717,93.457185,549.450537
-0.139984,103.480707,544.965626
12.943801,113.503898,542.229210
25.601105,124.629312,541.250896
37.211839,138.272065,541.522666
46.720785,156.320668,542.250371
52.383786,-179.864393,542.666660
52.377480,-152.909883,542.317909
46.702804,-129.102058,541.232631
37.183279,-111.059766,539.919479
25.562105,-97.419555,539.194620
12.894287,-86.292999,539.890300
-0.199417,-76.264937,542.537710
-13.273146,-66.231798,547.132767
-26.052011,-49.922888,553.157565
-37.561275,-36.221277,559.356243
-46.930789,-18.119014,564.539410
-52.442519,5.659604,567.602611
-52.338022,32.420217,567.900396
-46.659765,56.009230,565.416816
-37.195687,73.921683,560.763915
-25.641732,87.501514,555.009290
-13.026273,98.601179,549.378336
0.042567,108.617515,544.914939
13.123657,118.648096,542.204238
25.771326,129.797710,541.247756
37.361484,143.487806,541.531607
46.830596,161.611411,542.259808
52.425508,-174.498323,542.667584
52.334456,-147.544580,542.307210
46.592106,-123.812602,541.214303
37.033096,-105.844937,539.903324
25.391542,-92.251642,539.192841
12.714206,-81.148968,539.913023
-0.382093,-71.128031,542.588919
-13.452592,-61.087421,547.208092
-26.221116,-44.753791,553.244824
-37.709219,-31.004644,559.438084
-47.038474,-12.827882,564.598608
-52.482336,11.024006,567.626486
-52.294310,37.782190,567.884211
-46.549562,61.296226,565.364985
-37.046442,79.135299,560.688722
-25.472039,92.668886,554.927458
-12.846745,103.744968,549.306367
0.225121,113.754326,544.864601
13.303433,123.792504,542.179614
25.941350,134.966589,541.244860
37.510733,148.704404,541.540633
46.939666,166.903336,542.269179
52.466098,-169.131571,542.668352
52.290307,-142.179993,542.296363
46.480678,-118.524324,541.195927
36.882524,-100.630953,539.887284
25.220787,-87.084200,539.191343
12.534048,-76.005140,539.936133
-0.564764,-65.991122,542.640512
-13.631950,-55.942832,547.283682
-26.390016,-39.584210,553.332130
-37.856759,-25.787154,559.519724
-47.145415,-7.535587,564.657387
-52.521030,16.389054,567.649816
-52.249493,43.143443,567.867480
-46.438641,66.582063,565.312731
-36.896809,84.348083,560.613317
-25.302151,97.835793,554.845656
-12.667133,108.888557,549.234634
0.407676,118.891143,544.814610
13.483126,128.937127,542.155336
26.111174,140.135952,541.242205
37.659582,153.921864,541.549742
47.047988,172.196443,542.278480
52.505552,-163.764154,542.668963
52.245038,-136.816138,542.285366
46.368527,-113.237223,541.177506
36.731566,-95.417807,539.871362
25.049840,-81.917225,539.190128
12.353812,-70.861513,539.959629
-0.747428,-60.854206,542.692489
-13.811218,-50.798028,547.359534
-26.558708,-34.414140,553.419480
-38.003892,-20.568802,559.601158
-47.251607,-2.242126,564.715745
-52.558600,21.754733,567.672600
-52.203576,48.503963,567.850203
-46.327008,71.866744,565.260055
-36.746792,89.560043,560.537704
-25.132068,103.002239,554.763887
-12.487438,114.031947,549.163138
0.590231,124.027967,544.764970
13.662736,134.081966,542.131404
26.280798,145.305805,541.239791
37.808027,159.140191,541.558932
47.155559,177.490735,542.287711
52.543866,-158.396087,542.669417
52.198652,-131.453031,542.274222
46.255659,-107.951296,541.159042
36.580226,-90.205493,539.855561
24.878704,-76.750712,539.189198
12.173501,-65.718084,539.983513
-0.930086,-55.717280,542.744850
-13.990395,-45.653006,547.435646
-26.727191,-29.243575,553.506872
-38.150612,-15.349583,559.682383
-47.357043,3.052501,564.773678
-52.595040,27.121025,567.694838
-52.156562,53.863733,567.832383
-46.214667,77.150270,565.206960
-36.596394,94.771183,560.461886
-24.961793,108.168228,554.682155
-12.307662,119.175143,549.091882
0.772785,129.164803,544.715679
13.842261,139.227025,542.107816
26.450218,150.476153,541.237615
37.956063,164.359392,541.568200
47.262370,-177.213789,542.296869
52.581036,-153.027390,542.669712
52.151153,-126.090686,542.262932
46.142078,-102.666541,541.140537
36.428507,-84.994006,539.839882
24.707381,-71.584657,539.188556
11.993115,-60.574848,540.007786
-1.112735,-50.580343,542.797593
-14.169481,-40.507763,547.512014
