-14.595851,-35.181897,547.694997
-27.127817,-23.856265,553.715247
-38.498559,-9.844817,559.875061
-47.605213,8.738132,564.909995
-52.677306,32.975098,567.745614
-52.040133,59.696789,567.787728
-45.944149,82.800102,565.078771
-36.236492,100.249896,560.280418
-24.555272,113.540807,554.487575
-11.878947,124.494453,548.923082
1.207792,134.469783,544.599659
14.269709,144.552450,542.053012
26.853104,155.862948,541.233396
38.307161,169.864140,541.590602
47.513804,-171.526059,542.318401
52.664980,-147.167511,542.669782
52.033508,-120.251554,542.235439
45.868584,-97.013852,541.096279
36.065465,-79.514494,539.803020
24.298385,-66.211930,539.188177
11.562973,-55.255442,540.067178
-1.547938,-45.275116,542.924791
-14.774615,-30.035881,547.772218
-27.295575,-18.683997,553.802752
-38.643860,-4.622621,559.955555
-47.708051,14.036707,564.966476
-52.709903,38.343338,567.765996
-51.989439,65.053917,567.768073
-45.829458,88.079738,565.024278
-36.084832,105.458305,560.203930
-24.384360,118.705284,554.405991
-11.698906,129.637014,548.852655
1.390336,139.606675,544.551559
14.448937,149.698279,542.030583
27.021820,161.035001,541.232010
38.453790,175.086339,541.600117
47.618007,-166.226571,542.327301
52.698256,-141.796806,542.669539
51.982277,-114.891900,542.223658
45.752636,-91.733047,541.077648
35.912491,-74.305762,539.787775
24.126443,-61.047393,539.188520
11.382345,-50.112841,540.092770
-1.730552,-40.138118,542.978820
-14.953280,-24.889630,547.849684
-27.463113,-13.511216,553.890283
-38.788733,0.600467,560.035826
-47.810108,19.336449,565.022522
-52.741358,43.712114,567.785827
-51.937667,70.410233,567.747879
-45.714084,93.358228,564.969378
-35.932807,110.665919,560.127251
-24.213265,123.869323,554.324458
-11.518789,134.779393,548.782477
1.572874,144.743591,544.503812
14.628075,154.844342,542.008495
27.190324,166.207568,541.230854
38.599995,-179.690563,541.609700
47.721425,-160.925896,542.336121
52.730374,-136.425547,542.669135
51.929953,-109.533073,542.211733
45.636001,-86.453404,541.058985
35.759154,-69.097831,539.772664
23.954323,-55.883295,539.189158
11.201648,-44.970420,540.118754
-1.913152,-35.001096,543.033227
-15.131847,-19.743140,547.927394
-27.630430,-8.337916,553.977837
-38.933174,5.824453,560.115870
-47.911380,24.637357,565.078131
-52.771667,49.081411,567.805108
-51.884822,75.765724,567.727145
-45.598032,98.635576,564.914073
-35.780419,115.872743,560.050386
-24.041987,129.032929,554.242979
-11.338598,139.921593,548.712550
1.755405,149.880532,544.456419
14.807120,159.990643,541.986746
27.358612,171.380654,541.229924
38.745772,-174.466561,541.619349
47.824053,-155.624034,542.344860
52.761331,-131.053751,542.668571
51.876540,-104.175087,542.199667
45.518683,-81.174921,541.040292
35.605457,-63.890696,539.757688
23.782026,-50.719632,539.190094
11.020883,-39.828177,540.145131
-2.095738,-29.864047,543.088010
-15.310312,-14.596408,548.005344
-27.797524,-3.164094,554.065410
-39.077179,11.049342,560.195683
-48.011859,29.939433,565.133301
-52.800828,54.451208,567.823837
-51.830907,81.120376,567.705873
-45.481308,103.911785,564.858364
-35.627672,121.078784,559.973336
-23.870529,134.196105,554.161557
-11.158334,145.063619,548.642878
1.937929,155.017501,544.409380
14.986072,165.137185,541.965336
27.526684,176.554263,541.229220
38.891116,-169.241648,541.629062
47.925885,-150.320986,542.353515
52.791124,-125.681438,542.667845
51.822043,-98.817955,542.187460
45.400689,-75.897593,541.021570
35.451403,-58.684351,539.742851
23.609554,-45.556399,539.191330
10.840052,-34.686109,540.171900
-2.278309,-24.726968,543.143170
-15.488676,-9.449430,548.083534
-27.964393,2.010255,554.152999
-39.220745,16.275141,560.275263
-48.111540,35.242674,565.188029
-52.828837,59.821489,567.842013
-51.775927,86.474176,567.684065
-45.363918,109.186857,564.802256
-35.474569,126.284047,559.896105
-23.698892,139.358856,554.080196
-10.977997,150.205473,548.573462
2.120443,160.154502,544.362696
15.164929,170.283971,541.944264
27.694536,-178.271599,541.228739
39.036023,-164.015819,541.638836
48.026914,-145.016751,542.362084
52.819750,-120.308626,542.666958
51.766467,-93.461690,542.175112
45.282025,-70.621420,541.002822
35.296995,-53.478791,539.728155
23.436908,-40.393593,539.192867
10.659156,-29.544212,540.199062
-2.460864,-19.589857,543.198704
-15.666936,-4.302204,548.161959
-28.131034,7.185137,554.240600
-39.363867,21.501854,560.354606
-48.210418,40.547081,565.242313
-52.855693,65.192235,567.859636
-51.719887,91.827112,567.661721
-45.245867,114.460795,564.745751
-35.321114,131.488536,559.818698
-23.527079,144.521186,553.998898
-10.797590,155.347157,548.504304
2.302948,165.291537,544.316368
15.343690,175.431005,541.923529
27.862167,-173.096929,541.228480
39.180491,-158.789068,541.648670
48.127136,-139.711331,542.370568
52.847206,-114.935333,542.665908
51.709815,-88.106307,542.162626
45.162695,-65.346396,540.984050
35.142237,-48.274010,539.713603
23.264092,-35.231210,539.194707
10.478195,-24.402483,540.226619
-2.643401,-14.452711,543.254612
-15.845091,0.845274,548.240617
-28.297445,12.360556,554.328211
-39.506541,26.729487,560.433709
-48.308486,45.852651,565.296151
-52.881392,70.563426,567.876706
-51.662792,97.179171,567.638842
-45.127160,119.733603,564.688850
-35.167310,136.692259,559.741116
-23.355091,149.683099,553.917666
-10.617113,160.488676,548.435406
2.485441,170.428608,544.270396
15.522353,-179.421709,541.903129
28.029574,-167.921721,541.228439
39.324514,-153.561390,541.658559
48.226544,-134.404727,542.378963
52.873490,-109.561580,542.664697
51.652094,-82.751817,542.150001
45.042705,-60.072519,540.965256
34.987133,-43.070003,539.699195
23.091106,-30.069244,539.196852
10.297172,-19.260920,540.254570
-2.825920,-9.315527,543.310893
-16.023140,5.993007,548.319505
-28.463624,17.536515,554.415826
-39.648764,31.958046,560.512569
-48.405739,51.159385,565.349541
-52.905933,75.935045,567.893221
-51.604646,102.530340,567.615430
-45.007802,125.005283,564.631557
-35.013159,141.895220,559.663364
-23.182930,154.844599,553.836505
-10.436568,165.630031,548.366771
2.667923,175.565719,544.224780
15.700918,-174.274170,541.883064
28.196756,-162.745971,541.228615
39.468088,-148.332778,541.668504
48.325133,-129.096939,542.387268
52.898600,-104.187384,542.663322
51.593307,-77.398233,542.137240
44.922061,-54.799787,540.946441
34.831685,-37.866763,539.684936
22.917953,-24.907693,539.199304
10.116088,-14.119520,540.282916
-3.008419,-4.178303,543.367545
-16.201082,11.140999,548.398622
-28.629568,22.713021,554.503444
-39.790531,37.187537,560.591181
-48.502171,56.467281,565.402479
-52.929313,81.307073,567.909181
-51.545455,107.880608,567.591486
-44.887798,130.275839,564.573875
-34.858665,147.097425,559.585445
-23.010598,160.005690,553.755416
-10.255955,170.771226,548.298400
2.850391,-179.297128,544.179522
15.879382,-169.126373,541.863332
28.363709,-157.569673,541.229005
39.611210,-143.103227,541.678500
48.422895,-123.787968,542.395481
52.922532,-98.812766,542.661785
51.533460,-72.045568,542.124342
44.800768,-49.528194,540.927609
34.675897,-32.664285,539.670828
22.744634,-19.746552,539.202065
9.934943,-8.978278,540.311657
-3.190897,0.958965,543.424567
-16.378915,16.289252,548.477963
-28.795276,27.890078,554.591060
-39.931839,42.417964,560.669544
-48.597776,61.776337,565.454964
-52.951529,86.679489,567.924586
-51.485222,113.229963,567.567011
-44.767155,135.545274,564.515806
-34.703832,152.298880,559.507362
-22.838096,165.166376,553.674404
-10.075277,175.912265,548.230296
3.032845,-174.159931,544.134621
16.057744,-163.978315,541.843933
28.530431,-152.392824,541.229609
39.753876,-137.872732,541.688547
48.519826,-118.477816,542.403602
52.945285,-93.437745,542.660084
51.472558,-66.693833,542.111310
44.678831,-44.257738,540.908761
34.519771,-27.462563,539.656872
22.571152,-14.585817,539.205136
9.753740,-3.837193,540.340794
-3.373354,6.096279,543.481957
-16.556637,21.437772,548.557527
-28.960745,33.067691,554.678672
-40.072682,47.649333,560.747653
-48.692549,67.086551,565.506995
-52.972580,92.052276,567.939434
-51.423953,118.578393,567.542007
-44.645877,140.813592,564.457353
-34.548661,157.499589,559.429119
-22.665427,170.326661,553.593471
-9.894533,-178.946851,548.162460
3.215283,-169.022685,544.090079
16.236004,-158.829992,541.824865
28.696920,-147.215418,541.230423
39.896080,-132.641287,541.698641
48.615919,-113.166485,542.411627
52.966856,-88.062340,542.658219
51.410606,-61.343039,542.098144
44.556257,-38.988416,540.889899
34.363312,-22.261592,539.643072
22.397507,-9.425483,539.208520
9.572478,1.303738,540.370328
-3.555787,11.233641,543.539716
-16.734248,26.586560,548.637311
-29.125973,38.245864,554.766275
-40.213058,52.881651,560.825505
-48.786482,72.397922,565.558567
-52.992464,97.425414,567.953726
-51.361653,123.925888,567.516474
-44.523969,146.080796,564.398519
-34.393157,162.699558,559.350718
-22.492592,175.486550,553.512621
-9.713727,-173.806118,548.094895
3.397705,-163.885389,544.045895
16.414159,-153.681401,541.806127
28.863174,-142.037451,541.231446
40.037820,-127.408886,541.708780
48.711168,-107.853977,542.419557
52.987243,-82.686571,542.656190
51.347609,-55.993199,542.084845
44.433049,-33.720222,540.871026
34.206521,-17.061367,539.629429
22.223702,-4.265547,539.212218
9.391160,6.444519,540.400259
-3.738197,16.371056,543.597841
-16.911746,31.735620,548.717311
-29.290957,43.424602,554.853866
-40.352962,58.114922,560.903098
-48.879572,77.710446,565.609680
-53.011179,102.798883,567.967461
-51.298328,129.272437,567.490414
-44.401437,151.346890,564.339305
-34.237322,167.898794,559.272164
-22.319592,-179.353955,553.431856
-9.532857,-168.665533,548.027603
3.580109,-158.748039,544.002069
16.592207,-148.532540,541.787718
29.029191,-136.858917,541.232674
40.179090,-122.175523,541.718962
48.805567,-102.540292,542.427388
53.006444,-77.310458,542.653997
51.283572,-50.644323,542.071415
44.309213,-28.453154,540.852143
34.049403,-11.861881,539.615947
22.049738,0.893995,539.216231
9.209786,11.585152,540.430587
-3.920582,21.508524,543.656331
-17.089129,36.884955,548.797526
-29.455695,48.603910,554.941442
-40.492390,63.349152,560.980427
-48.971812,83.024123,565.660332
-53.028723,108.172663,567.980638
-51.233981,134.618028,567.463828
-44.278286,156.611878,564.279716
-34.081160,173.097301,559.193460
-22.146431,-174.194848,553.351179
-9.351927,-163.525093,547.960585
3.762494,-153.610634,543.958603
16.770149,-143.383403,541.769638
29.194968,-131.679812,541.234108
40.319887,-116.941193,541.729186
48.899111,-97.225435,542.435121
53.024458,-71.934022,542.651640
51.218501,-45.296422,542.057854
44.184755,-23.187208,540.833253
33.891960,-6.663129,539.602627
21.875618,6.053147,539.220563
9.028358,16.725642,540.461312
-4.102940,26.646050,543.715185
-17.266396,42.034570,548.877953
-29.620185,53.783793,555.028999
-40.631337,68.584345,561.057491
-49.063195,88.338948,565.710519
-53.045094,113.546735,567.993257
-51.168618,139.962652,567.436718
-44.154520,161.875763,564.219753
-33.924673,178.295084,559.114609
-21.973108,-169.036126,553.270594
-9.170936,-158.384795,547.893844
3.944860,-148.473170,543.915496
16.947982,-138.233988,541.751884
29.360502,-126.500130,541.235743
40.460206,-111.705890,541.739448
48.991793,-91.909407,542.442752
53.041283,-66.557282,542.649118
51.152400,-39.949506,542.044164
44.059680,-17.922379,540.814358
33.734196,-1.465106,539.589473
21.701342,11.211914,539.225214
8.846877,21.865989,540.492436
-4.285271,31.783636,543.774401
-17.443545,47.184467,548.958588
-29.784424,58.964256,555.116534
-40.769800,73.820509,561.134284
-49.153717,93.654920,565.760241
-53.060290,118.921079,568.005317
-51.102245,145.306299,567.409084
-44.030145,167.138550,564.159420
-33.767865,-176.507850,559.035615
-21.799627,-163.877785,553.190104
-8.989887,-153.244637,547.827381
4.127204,-143.335644,543.872750
17.125704,-133.084292,541.734455
29.525792,-121.319868,541.237578
40.600043,-106.469609,541.749746
49.083608,-86.592211,542.450282
53.056916,-61.180259,542.646430
51.085275,-34.603587,542.030346
43.933993,-12.658664,540.795460
33.576113,3.732194,539.576485
21.526914,16.370298,539.230186
8.665345,27.006198,540.523958
-4.467573,36.921285,543.833979
-17.620576,52.334650,549.039429
-29.948410,64.145304,555.204044
-40.907773,79.057648,561.210804
-49.243371,98.972035,565.809494
-53.074312,124.295675,568.016819
-51.034866,150.648959,567.380929
-43.905167,172.400243,564.098719
-33.610738,-171.311496,558.956480
-21.625988,-158.719821,553.109712
-8.808780,-148.104615,547.761198
4.309527,-138.198054,543.830363
17.303315,-127.934310,541.717351
29.690834,-116.139019,541.239611
40.739394,-101.232344,541.760079
49.174549,-81.273850,542.457707
53.071357,-55.802973,542.643578
51.017131,-29.258673,542.016402
43.807700,-7.396058,540.776561
33.417714,8.928776,539.563668
21.352333,21.528305,539.235482
8.483761,32.146271,540.555878
-4.649847,42.059000,543.893916
-17.797486,57.485123,549.120473
-30.112141,69.326942,555.291524
-41.045254,84.295766,561.287049
-49.332152,104.290290,565.858277
-53.087156,129.670504,568.027761
-50.966487,155.990622,567.352254
-43.779589,177.660845,564.037653
-33.453295,-166.115850,558.877209
-21.452194,-153.562231,553.029421
-8.627617,-142.964727,547.695298
4.491826,-133.060396,543.788337
17.480812,-122.784040,541.700570
29.855627,-110.957579,541.241839
40.878254,-95.994090,541.770443
49.264610,-75.954327,542.465027
53.084604,-50.425444,542.640560
50.947975,-23.914774,542.002332
43.680805,-2.134557,540.757664
33.259003,14.124646,539.551022
21.177603,26.685938,539.241101
8.302128,37.286212,540.588198
-4.832089,47.196782,543.954212
-17.974275,62.635888,549.201718
-30.275614,74.509174,555.378971
-41.182236,89.534871,561.363014
-49.420054,109.609680,565.906588
-53.098821,135.045543,568.038143
-50.897113,161.331279,567.323060
-43.653417,-177.079639,563.976225
-33.295539,-160.920905,558.797804
-21.278245,-148.405009,552.949233
-8.446398,-137.824969,547.629681
4.674101,-127.922669,543.746672
17.658195,-117.633478,541.684111
30.020168,-105.775543,541.244261
41.016618,-90.754840,541.780837
49.353786,-70.633646,542.472241
53.096655,-45.047694,542.637377
50.877810,-18.571900,541.988137
43.553313,3.125844,540.738771
33.099982,19.319810,539.538551
21.002725,31.843201,539.247048
8.120447,42.426023,540.620916
-5.014300,52.334636,544.014864
-18.150940,67.786950,549.283160
-30.438827,79.692005,555.466382
-41.318717,94.774967,561.438697
-49.507070,114.930204,565.954425
-53.109308,140.420775,568.047966
-50.826749,166.670921,567.293348
-43.526657,-171.821204,563.914437
-33.137474,-155.726657,558.718269
-21.104145,-143.248153,552.869153
-8.265125,-132.685338,547.564351
4.856351,-122.784869,543.705367
17.835462,-112.482620,541.667972
30.184454,-100.592906,541.246875
41.154483,-85.514591,541.791259
49.442070,-65.311810,542.479346
53.107510,-39.669743,542.634028
50.806643,-13.230060,541.973819
43.425230,8.385148,540.719883
32.940655,24.514273,539.526258
20.827700,37.000098,539.253322
7.938718,47.565706,540.654034
-5.196477,57.472564,544.075872
-18.327481,72.938312,549.364796
-30.601776,84.875442,555.553753
-41.454692,100.016059,561.514094
-49.593196,120.251855,566.001785
-53.118614,145.796178,568.057228
-50.755401,172.009540,567.263120
-43.399312,-166.563847,563.852293
-32.979102,-150.533100,558.638608
-20.929894,-138.091659,552.789182
-8.083798,-127.545833,547.499308
5.038574,-117.646993,543.664424
18.012611,-107.331463,541.652153
30.348483,-95.409663,541.249677
41.291844,-80.273336,541.801706
49.529457,-59.988824,542.486342
53.117168,-34.291612,542.630514
50.734479,-7.889262,541.959380
43.296561,13.643360,540.701004
32.781024,29.708039,539.514143
20.652531,42.156632,539.259925
7.756944,52.705266,540.687552
-5.378621,62.610568,544.137235
-18.503895,78.089977,549.446624
-30.764460,90.059487,555.641082
-41.590155,105.258152,561.589202
-49.678426,125.574631,566.048667
-53.126739,151.171731,568.065930
-50.683074,177.347128,567.232378
-43.271388,-161.307563,563.789796
-32.820425,-145.340228,558.558824
-20.755493,-132.935523,552.709325
-7.902421,-122.406449,547.434555
5.220769,-112.509039,543.623842
18.189641,-102.180004,541.636651
30.512253,-90.225809,541.252666
41.428696,-75.031069,541.812176
49.615941,-54.664691,542.493226
53.125627,-28.913321,542.626834
50.661324,-2.549516,541.944820
43.167310,18.900486,540.682135
32.621092,34.901116,539.502210
20.477218,47.312808,539.266860
7.575125,57.844705,540.721470
-5.560730,67.748652,544.198949
-18.680182,83.241950,549.528641
-30.926877,95.244147,555.728363
-41.725104,110.501252,561.664018
-49.762753,130.898526,566.095069
-53.133682,156.547415,568.074071
-50.609774,-177.316325,567.201123
-43.142890,-156.052348,563.726947
-32.661447,-140.148037,558.478921
-20.580946,-127.779740,552.629583
-7.720992,-117.267184,547.370093
5.402936,-107.371003,543.583622
18.366550,-97.028237,541.621466
30.675760,-85.041338,541.255840
41.565035,-69.787787,541.822666
49.701515,-49.339416,542.499999
53.132886,-23.534893,542.622988
50.587184,2.789171,541.930140
43.037484,24.156529,540.663278
32.460862,40.093507,539.490462
20.301764,52.468629,539.274128
7.393262,62.984026,540.755787
-5.742802,72.886819,544.261015
-18.856339,88.394233,549.610845
-31.089023,100.429427,555.815594
-41.859532,115.745364,561.738539
-49.846172,136.223536,566.140989
-53.139442,161.923209,568.081652
-50.535507,-171.980825,567.169357
-43.013823,-150.798197,563.663751
-32.502170,-134.956520,558.398900
-20.406252,-122.624308,552.549961
-7.539514,-112.128036,547.305924
5.585072,-102.232884,543.543763
18.543338,-91.876161,541.606597
30.839003,-79.856246,541.259197
41.700856,-64.543482,541.833176
49.786174,-44.013004,542.506657
53.138946,-18.156346,542.618976
50.512063,8.126791,541.915343
42.907085,29.411494,540.644436
32.300336,45.285219,539.478900
20.126169,57.624100,539.281731
7.211357,68.123231,540.790505
-5.924837,78.025070,544.323431
-19.032366,93.546830,549.693231
-31.250896,105.615332,555.902772
-41.993437,120.990492,561.812762
-49.928678,141.549655,566.186425
-53.144018,167.299092,568.088670
-50.460276,-166.646381,567.137080
-42.884191,-145.545105,563.600209
-32.342598,-129.765674,558.318767
-20.231415,-117.469222,552.470460
-7.357987,-106.989000,547.242050
5.767178,-97.094678,543.504266
18.720001,-86.723772,541.592041
31.001978,-74.670528,541.262733
41.836155,-59.298150,541.843702
49.869912,-38.685459,542.513201
53.143804,-12.777703,542.614799
50.435968,13.463336,541.900429
42.776121,34.665386,540.625612
32.139519,50.476257,539.467526
19.950437,62.779224,539.289669
7.029410,73.262324,540.825624
-6.106834,83.163410,544.386194
-19.208260,98.699745,549.775797
-31.412493,110.801866,555.989893
-42.126812,126.236643,561.886683
-50.010264,146.876879,566.231375
-53.147411,172.675044,568.095128
-50.384089,-161.312999,567.104296
-42.754000,-140.293068,563.536326
-32.182732,-124.575492,558.238525
-20.056435,-112.314479,552.391084
-7.176413,-101.850075,547.178473
5.949252,-91.956382,543.465131
18.896539,-81.571065,541.577798
31.164683,-69.484177,541.266448
41.970926,-54.051786,541.854242
49.952723,-33.356787,542.519628
53.147462,-7.398985,542.610455
50.358905,18.798799,541.885400
42.644595,39.918210,540.606806
31.978412,55.666625,539.456344
19.774568,67.934004,539.297945
6.847423,78.401308,540.861142
-6.288791,88.301841,544.449304
-19.384021,103.852982,549.858540
-31.573812,115.989036,556.076952
-42.259654,131.483821,561.960300
-50.090924,152.205202,566.275837
-53.149620,178.051045,568.101024
-50.306951,-155.980687,567.071004
-42.623253,-135.042081,563.472103
-32.022576,-119.385969,558.158176
-19.881314,-107.160075,552.311836
-6.994793,-96.711257,547.115194
6.131292,-86.817994,543.426358
19.072951,-76.418038,541.563866
31.327116,-64.297190,541.270339
42.105166,-48.804385,541.864794
50.034601,-28.026993,542.525937
53.149918,-2.020213,542.605946
50.280878,24.133172,541.870257
42.512513,45.169971,540.588023
31.817018,60.856331,539.445356
19.598564,73.088445,539.306561
6.665398,83.540185,540.897062
-6.470707,93.440365,544.512759
-19.559646,109.006544,549.941458
-31.734851,121.176845,556.163948
-42.391958,136.732031,562.033609
-50.170655,157.534618,566.319809
-53.150645,-176.572927,568.106358
-50.228867,-150.649451,567.037208
-42.491956,-129.792140,563.407544
-31.862133,-114.197101,558.077725
-19.706054,-102.006006,552.232719
-6.813128,-91.572544,547.052215
6.313298,-81.679510,543.387946
19.249234,-71.264686,541.550244
31.489273,-59.109561,541.274403
42.238870,-43.555940,541.875356
50.115540,-22.696083,542.532128
53.151172,3.358593,542.601270
50.201895,29.466449,541.855001
42.379878,50.420673,540.569263
31.655340,66.045377,539.434564
19.422427,78.242550,539.315517
6.483334,88.678958,540.933381
-6.652581,98.578985,544.576556
-19.735134,114.160434,550.024547
-31.895606,126.365299,556.250876
-42.523719,141.981277,562.106608
-50.249448,162.865121,566.363290
-53.150486,-171.196892,568.111131
-50.149843,-145.319298,567.002909
-42.360114,-124.543238,563.342651
-31.701404,-109.008881,557.997175
-19.530655,-96.852269,552.153736
-6.631419,-86.433933,546.989537
6.495268,-76.540928,543.349897
19.425387,-66.111006,541.536930
31.651153,-53.921284,541.278639
42.372032,-38.306448,541.885926
50.195535,-17.364063,542.538197
53.151225,8.737410,542.596429
50.121960,34.798624,541.839635
42.246697,55.670322,540.550529
31.493381,71.233771,539.423969
19.246158,83.396323,539.324816
6.301233,93.817630,540.970102
-6.834413,103.717705,544.640696
-19.910484,119.314657,550.107804
-32.056075,131.554404,556.337732
-42.654933,147.231566,562.179293
-50.327300,168.196704,566.406277
-53.149142,-165.820871,568.115342
-50.069884,-139.990234,566.968107
-42.227731,-119.295373,563.277428
-31.540394,-103.821305,557.916528
-19.355121,-91.698860,552.074889
-6.449667,-81.295421,546.927163
6.677202,-71.402245,543.312210
19.601409,-60.956994,541.523923
31.812752,-48.732355,541.283043
42.504649,-33.055904,541.896501
50.274580,-12.030940,542.544146
53.150075,14.116219,542.591423
50.041079,40.129689,541.824159
42.112974,60.918923,540.531824
31.331144,76.421517,539.413576
19.069759,88.549768,539.334458
6.119097,98.956205,541.007223
-7.016200,108.856527,544.705175
-20.085694,124.469216,550.191226
-32.216255,136.744165,556.424514
-42.785595,152.482901,562.251660
-50.404203,173.529362,566.448769
-53.146614,-160.444884,568.118991
-49.988997,-134.662265,566.932806
-42.094811,-114.048538,563.211878
-31.379103,-98.634368,557.835789
-19.179452,-86.545775,551.996182
-6.267874,-76.157004,546.865094
6.859098,-66.263459,543.274885
19.777298,-55.802646,541.511222
31.974068,-43.542768,541.287615
42.636714,-27.804301,541.907080
50.352668,-6.696719,542.549971
53.147724,19.494997,542.586250
49.959259,45.459639,541.808574
41.978713,66.166481,540.513150
31.168630,81.608620,539.403385
18.893231,93.702889,539.344446
5.936927,104.094683,541.044745
-7.197942,113.995455,544.769993
-20.260762,129.624115,550.274811
-32.376143,141.934586,556.511217
-42.915700,157.735287,562.323708
-50.480154,178.863087,566.490765
-53.142902,-155.068951,568.122078
-49.907187,-129.335397,566.897007
-41.961360,-108.802728,563.146003
-31.217536,-93.448065,557.754961
-19.003650,-81.393010,551.917617
-6.086040,-71.018681,546.803331
7.040954,-61.124565,543.237922
19.953052,-50.647960,541.498824
32.135097,-38.352518,541.292351
42.768224,-22.551635,541.917660
50.429795,-1.361407,542.555672
53.144171,24.873723,542.580912
49.876504,50.788468,541.792883
41.843919,71.413000,540.494508
31.005843,86.795087,539.393400
18.716575,98.855688,539.354780
5.754723,109.233070,541.082667
-7.379637,119.134490,544.835146
-20.435687,134.779358,550.358554
-32.535738,147.125673,556.597839
-43.045243,162.988730,562.395433
-50.555145,-175.802127,566.532261
-53.138006,-149.693094,568.124603
-49.824459,-124.009636,566.860711
-41.827382,-103.557939,563.079806
-31.055694,-88.262389,557.674048
-18.827716,-76.240563,551.839197
-5.904167,-65.880449,546.741876
7.222771,-55.985562,543.201320
20.128670,-45.492930,541.486729
32.295838,-33.161599,541.297250
42.899174,-17.297902,541.928239
50.505954,3.974987,542.561248
53.139416,30.252378,542.575409
49.792822,56.116171,541.777087
41.708598,76.658487,540.475902
30.842786,91.980920,539.383622
18.539795,104.008170,539.365463
5.572487,114.371367,541.120990
-7.561285,124.273636,544.900635
-20.610468,139.934948,550.442455
-32.695035,152.317432,556.684376
-43.174220,168.243233,562.466833
-50.629173,-170.466289,566.573258
-53.131927,-144.317334,568.126567
-49.740820,-118.684985,566.823920
-41.692882,-98.314165,563.013291
-30.893581,-83.077337,557.593052
-18.651651,-71.088429,551.760926
-5.722255,-60.742304,546.680730
7.404547,-50.846446,543.165081
20.304150,-40.337553,541.474935
32.456287,-27.970007,541.302309
43.029558,-12.043097,541.938815
50.581139,9.312458,542.566697
53.133461,35.630939,542.569740
49.708217,61.442742,541.761187
41.572753,81.902946,540.457334
30.679461,97.166127,539.374054
18.362890,109.160338,539.376495
5.390220,119.509577,541.159713
-7.742885,129.412895,544.966457
-20.785101,145.090889,550.526508
-32.854033,157.509867,556.770824
-43.302625,173.498801,562.537903
-50.702230,-165.129406,566.613752
-53.124666,-138.941689,568.127969
-49.656275,-113.361451,566.786636
-41.557863,-93.071402,562.946461
-30.731198,-77.892904,557.511977
-18.475459,-65.936605,551.682805
-5.540307,-55.604243,546.619896
7.586280,-45.707216,543.129203
20.479491,-35.181826,541.463440
32.616442,-22.777736,541.307525
43.159372,-6.787214,541.949386
50.655346,14.650997,542.572018
53.126306,41.009385,542.563907
49.622697,66.768176,541.745184
41.436389,87.146382,540.438805
30.515870,102.350712,539.364699
18.185863,114.312196,539.387878
5.207923,124.647704,541.198837
-7.924434,134.552271,545.032610
-20.959587,150.247185,550.610711
-33.012728,162.702983,556.857179
-43.430455,178.755440,562.608641
-50.774312,-159.791486,566.653742
-53.116223,-133.566182,568.128809
-49.570830,-108.039038,566.748861
-41.422331,-87.829644,562.879318
-30.568548,-72.709083,557.430827
-18.299139,-60.785087,551.604838
-5.358322,-50.466265,546.559374
7.767969,-40.567866,543.093687
20.654690,-30.025745,541.452244
32.776299,-17.584780,541.312898
43.288611,-1.530249,541.959950
50.728568,19.990597,542.577211
53.117952,46.387696,542.557908
49.536265,72.092469,541.729081
41.299511,92.388802,540.420319
30.352017,107.534680,539.355558
18.008715,119.463748,539.399614
5.025598,129.785749,541.238361
-8.105932,139.691767,545.099092
-21.133923,155.403840,550.695061
-33.171117,167.896787,556.943439
-43.557703,-175.986848,562.679044
-50.845413,-154.452536,566.693227
-53.106599,-128.190832,568.129087
-49.484490,-102.717751,566.710597
-41.286290,-82.588886,562.811865
-30.405634,-67.525871,557.349604
-18.122693,-55.633872,551.527028
-5.176303,-45.328366,546.499166
7.949614,-35.428396,543.058532
20.829747,-24.869305,541.441343
32.935856,-12.391134,541.318423
43.417270,3.727803,541.970505
50.800800,25.331249,542.582273
53.108398,51.765850,542.551745
49.448930,77.415617,541.712878
41.162124,97.630210,540.401878
30.187903,112.718037,539.346634
17.831447,124.614997,539.411704
4.843244,134.923716,541.278285
-8.287378,144.831384,545.165902
-21.308108,160.560857,550.779556
-33.329199,173.091284,557.029599
-43.684366,-170.728056,562.749109
-50.915528,-149.112566,566.732205
-53.095795,-122.815659,568.128804
-49.397262,-97.397593,566.671845
-41.149745,-77.349123,562.744107
-30.242458,-62.343262,557.268313
-17.946124,-50.482956,551.449377
-4.994250,-40.190544,546.439274
8.131213,-30.288802,543.023739
21.004659,-19.712503,541.430738
33.095111,-7.196794,541.324100
43.545343,8.986946,541.981048
50.872036,30.672945,542.587204
53.097647,57.143827,542.545418
49.360695,82.737614,541.696578
41.024231,102.870612,540.383483
30.023531,117.900787,539.337929
17.654062,129.765946,539.424149
4.660865,140.061608,541.318609
-8.468771,149.971127,545.233038
-21.482139,165.718240,550.864191
-33.486969,178.286478,557.115657
-43.810437,-165.468182,562.818833
-50.984652,-143.771584,566.770675
-53.083812,-117.440685,568.127960
-49.309151,-92.078570,566.632608
-41.012699,-72.110349,562.676044
-30.079023,-57.161251,557.186957
-17.769431,-45.332336,551.371889
-4.812164,-35.052795,546.379699
8.312765,-25.149081,542.989306
21.179426,-14.555336,541.420425
33.254059,-2.001752,541.329926
43.672826,14.247185,541.991578
50.942270,36.015676,542.592003
53.085699,62.521606,542.538926
49.271569,88.058457,541.680181
40.885838,108.110012,540.365138
29.858905,123.082935,539.329445
17.476560,134.916600,539.436951
4.478459,145.199427,541.359333
-8.650110,155.110998,545.300498
-21.656017,170.875994,550.948964
-33.644425,-176.517625,557.201608
-43.935913,-160.207220,562.888214
-51.052779,-138.429599,566.808634
-53.070652,-112.065929,568.126554
-49.220163,-86.760683,566.592887
-40.875157,-66.872559,562.607682
-29.915331,-51.979833,557.105539
-17.592618,-40.182008,551.294565
-4.630046,-29.915116,546.320442
8.494269,-20.009230,542.955235
21.354044,-9.397798,541.410404
33.412698,3.193996,541.335898
43.799714,19.508524,542.002092
51.011498,41.359432,542.596668
53.072556,67.899166,542.532271
49.181555,93.378143,541.663691
40.746948,113.348418,540.346845
29.694025,128.264487,539.321186
17.298943,140.066962,539.450110
4.296030,150.337176,541.400456
-8.831392,160.251000,545.368279
-21.829737,176.034122,551.033871
-33.801564,-171.321019,557.287449
-44.060787,-154.945167,562.957247
-51.119903,-133.086621,566.846081
-53.056314,-106.691411,568.124588
-49.130303,-81.443938,566.552684
-40.737124,-61.635749,562.539023
-29.751384,-46.799004,557.024062
-17.415685,-35.031968,551.217409
-4.447899,-24.777506,546.261505
8.675723,-14.869246,542.921524
21.528513,-4.239887,541.400674
33.571026,8.390455,541.342014
43.926001,24.770967,542.012589
51.079714,46.704206,542.601198
53.058218,73.276486,542.525452
49.090661,98.696667,541.647107
40.607567,118.585833,540.328605
29.528896,133.445447,539.313152
17.121213,145.217034,539.463629
4.113577,155.474858,541.441979
-9.012618,165.391136,545.436381
-22.003300,-178.807372,551.118910
-33.958383,-166.123699,557.373178
-44.185056,-149.682018,563.025931
-51.186020,-127.742659,566.883015
-53.040802,-101.317152,568.122061
-49.039578,-76.128337,566.512001
-40.598604,-56.399911,562.470069
-29.587186,-41.618758,556.942530
-17.238633,-29.882214,551.140424
-4.265722,-19.639961,546.202889
8.857127,-9.729126,542.888173
21.702831,0.918402,541.391231
33.729038,13.587631,541.348272
44.051683,30.034519,542.023066
51.146912,52.049987,542.605593
53.042688,78.653547,542.518470
48.998892,104.014027,541.630431
40.467698,123.822264,540.310422
29.363518,138.625821,539.305346
16.943370,150.366822,539.477509
3.931102,160.612476,541.483900
-9.193786,170.531409,545.504801
-22.176703,-173.648484,551.204077
-34.114880,-160.925660,557.458789
-44.308714,-144.417769,563.094263
-51.251125,-122.397722,566.919434
-53.024116,-95.943171,568.118973
-48.947994,-70.813883,566.470840
-40.459600,-51.165042,562.400824
-29.422738,-36.439090,556.860946
-17.061465,-24.732742,551.063611
-4.083516,-14.502478,546.144596
9.038479,-4.588868,542.855182
21.876996,6.077072,541.382075
33.886733,18.785530,541.354670
44.176753,35.299185,542.033521
51.213086,57.396765,542.609852
53.025966,84.030327,542.511325
48.906255,109.330220,541.613666
40.327346,129.057717,540.292298
29.197896,143.805613,539.297771
16.765417,155.516328,539.491750
3.748606,165.750033,541.526221
-9.374895,175.671822,545.573538
-22.349945,-168.489210,551.289370
-34.271050,-155.726896,557.544280
-44.431755,-139.152418,563.162239
-51.315212,-117.051822,566.955336
-53.006257,-90.569489,568.115326
-48.855556,-65.500579,566.429203
-40.320118,-45.931136,562.331292
-29.258043,-31.259997,556.779314
-16.884181,-19.583547,550.986975
-3.901284,-9.365055,546.086627
9.219778,0.551532,542.822552
22.051006,11.236128,541.373205
34.044107,23.984157,541.361206
44.301208,40.564967,542.043952
51.278233,62.744530,542.613972
53.008055,89.406806,542.504017
48.812754,114.645242,541.596813
40.186516,134.292195,540.274235
29.032030,148.984829,539.290429
16.587355,160.665555,539.506354
3.566090,170.887531,541.568939
-9.555943,-179.187623,545.642588
-22.523023,-163.329547,551.374784
-34.426892,-150.527402,557.629647
-44.554175,-133.885959,563.229856
-51.378276,-111.704968,566.990721
-52.987229,-85.196124,568.111118
-48.762270,-60.188428,566.387092
-40.180162,-40.698187,562.261474
-29.093103,-26.081472,556.697637
-16.706783,-14.434628,550.910517
-3.719025,-4.227689,546.028982
9.401022,5.692076,542.790280
22.224860,16.395574,541.364617
34.201157,29.183517,541.367876
44.425041,45.831871,542.054358
51.342345,68.093271,542.617954
52.988955,94.782965,542.496547
48.718397,119.959091,541.579874
40.045211,139.525707,540.256236
28.865924,154.163473,539.283321
16.409185,165.814508,539.521323
3.383556,176.024973,541.612056
-9.736930,-174.046922,545.711951
-22.695936,-158.169489,551.460318
-34.582402,-145.327173,557.714887
-44.675969,-128.618389,563.297112
-51.440312,-106.357171,567.025586
-52.967032,-79.823097,568.106352
-48.668142,-54.877432,566.344510
-40.039735,-35.466189,562.191375
-28.927920,-20.903511,556.615919
-16.529272,-9.285980,550.834240
-3.536742,0.909623,545.971665
9.582212,10.832768,542.758368
22.398556,21.555413,541.356312
34.357880,34.383617,541.374679
44.548248,51.099899,542.064735
51.405419,73.442979,542.621796
52.968670,100.158782,542.488915
48.623189,125.271766,541.562850
39.903436,144.758256,540.238302
28.699580,159.341550,539.276451
16.230909,170.963189,539.536657
3.201004,-178.837639,541.655570
-9.917854,-168.906072,545.781625
-22.868683,-153.009034,551.545967
-34.737577,-140.126202,557.799996
-44.797131,-123.349704,563.364005
-51.501316,-101.008442,567.059931
-52.945668,-74.450426,568.101026
-48.573177,-49.567593,566.301457
-39.898842,-30.235138,562.120998
-28.762497,-15.726109,556.534162
-16.351651,-4.137600,550.758148
-3.354435,6.046884,545.914674
9.763345,15.973610,542.726814
22.572092,26.715649,541.348286
34.514273,39.584461,541.381613
44.670823,56.369057,542.075083
51.467449,78.793641,542.625497
52.947200,105.534238,542.481122
48.527137,130.583263,541.545743
39.761195,149.989848,540.220436
28.533000,164.519065,539.269821
16.052529,176.111602,539.552358
3.018435,-173.700300,541.699482
-10.098714,-163.765071,545.851606
-23.041262,-147.848177,551.631728
-34.892413,-134.924484,557.884970
-44.917657,-118.079901,563.430530
-51.561281,-95.658792,567.093754
-52.923140,-69.078132,568.095141
-48.477382,-44.258913,566.257937
-39.757486,-25.005028,562.050345
-28.596836,-10.549261,556.452370
-16.173919,1.010516,550.682242
-3.172105,11.184096,545.858013
9.944420,21.114606,542.695618
22.745466,31.876287,541.340539
34.670333,44.786056,541.388674
44.792761,61.639348,542.085399
51.528430,84.145247,542.629056
52.924549,110.909313,542.473167
48.430245,135.893581,541.528554
39.618492,155.220490,540.202642
28.366186,169.696023,539.263432
15.874045,-178.740249,539.568427
2.835851,-168.563009,541.743791
-10.279509,-158.623915,545.921894
-23.213670,-142.686914,551.717599
-35.046909,-129.722015,557.969807
-45.037540,-112.808976,563.496686
-51.620204,-90.308233,567.127053
-52.899449,-63.706234,568.088698
-48.380762,-38.951393,566.213950
-39.615673,-19.775853,561.979420
-28.430940,-5.372963,556.370547
-15.996079,6.158370,550.606525
-2.989753,16.321262,545.801682
10.125437,26.255758,542.664781
22.918677,37.037331,541.333068
34.826056,49.988406,541.395862
44.914056,66.910775,542.095681
51.588356,89.497784,542.632473
52.900717,116.283988,542.465053
48.332521,141.202719,541.511286
39.475332,160.450186,540.184920
28.199141,174.872428,539.257286
15.695458,-173.592362,539.584864
2.653253,-163.425763,541.788496
-10.460237,-153.482602,545.992486
-23.385906,-137.525242,551.803575
-35.201060,-124.518787,558.054503
-45.156776,-107.536926,563.562469
-51.678079,-84.956777,567.159827
-52.874598,-58.334750,568.081697
-48.283323,-33.645037,566.169500
-39.473406,-14.547607,561.908226
-28.264810,-0.197210,556.288695
-15.818132,11.305966,550.531000
-2.807381,21.458386,545.745683
10.306393,31.397069,542.634301
23.091723,42.198784,541.325872
34.981440,55.191518,541.403173
45.034703,72.183342,542.105927
51.647223,94.851242,542.635747
52.875708,121.658243,542.456778
48.233969,146.510674,541.493939
39.331719,165.678943,540.167274
28.031868,-179.951713,539.251387
15.516772,-168.444732,539.601672
2.470641,-158.288559,541.833597
-10.640898,-148.341128,546.063380
-23.557969,-132.363155,551.889655
-35.354863,-119.314797,558.139054
-45.275359,-102.263748,563.627877
-51.734902,-79.604435,567.192075
-52.848589,-52.963699,568.074139
-48.185071,-28.339843,566.124589
-39.330689,-9.320286,561.836767
-28.098449,4.978002,556.206819
-15.640080,16.453308,550.455670
-2.624990,26.595469,545.690015
10.487288,36.538543,542.604177
23.264601,47.360651,541.318949
35.136481,60.395397,541.410606
45.154697,77.457052,542.116136
51.705025,100.205607,542.638875
52.849524,127.032058,542.448344
48.134597,151.817446,541.476517
39.187655,170.906766,540.149705
27.864368,-174.776398,539.245736
15.337986,-163.297357,539.618852
2.288018,-153.151394,541.879094
-10.821490,-143.199490,546.134574
-23.729856,-127.200650,551.975834
-35.508316,-114.110038,558.223456
-45.393284,-96.989438,563.692906
-51.790667,-74.251220,567.223795
-52.821425,-47.593100,568.066023
-48.086012,-23.035815,566.079218
-39.187526,-4.093884,561.765044
-27.931859,10.152680,556.124921
-15.461923,21.600398,550.380536
-2.442580,31.732515,545.634682
10.668120,41.680183,542.574411
23.437311,52.522936,541.312298
35.291175,65.600049,541.418157
45.274033,82.731909,542.126304
51.761759,105.560867,542.641859
52.822167,132.405415,542.439750
48.034409,157.123034,541.459020
39.043147,176.133661,540.132217
27.696643,-169.601621,539.240336
15.159102,-158.150233,539.636404
2.105383,-148.014265,541.924986
-11.002013,-138.057686,546.206066
-23.901565,-122.037723,552.062109
-35.661415,-108.904504,558.307707
-45.510546,-91.713994,563.757555
-51.845371,-68.897145,567.254986
-52.793108,-42.222972,568.057352
-47.986152,-17.732952,566.033390
-39.043921,1.131606,561.693062
-27.765043,15.326826,556.043005
-15.283664,26.747241,550.305602
-2.260153,36.869525,545.579683
10.848889,46.821991,542.545000
23.609850,57.685644,541.305915
35.445521,70.805479,541.425825
45.392704,88.007916,542.136431
51.817419,110.917011,542.644696
52.793639,137.778294,542.430998
47.933413,162.427436,541.441451
38.898198,-178.640366,540.114811
27.528697,-164.427376,539.235188
14.980122,-153.003357,539.654329
1.922738,-142.877171,541.971272
-11.182464,-132.915712,546.277854
-24.073096,-116.874370,552.148477
-35.814157,-103.698191,558.391803
-45.627139,-86.437412,563.821821
-51.899009,-63.542222,567.285648
-52.763640,-36.853333,568.048124
-47.885495,-12.431256,565.987106
-38.899878,6.356188,561.620824
-27.598002,20.500447,555.961075
-15.105303,31.893838,550.230871
-2.077709,42.006504,545.525021
11.029593,51.963970,542.515945
23.782216,62.848777,541.299801
35.599514,76.011694,541.433607
45.510705,93.285076,542.146515
51.871999,116.274023,542.647386
52.763945,143.150677,542.422089
47.831613,167.730653,541.423810
38.752811,-173.415310,540.097491
27.360530,-159.253661,539.230295
14.801047,-147.856725,539.672629
1.740085,-137.740107,542.017952
-11.362842,-127.773566,546.349935
-24.244445,-111.710586,552.234935
-35.966538,-98.491092,558.475740
-45.743059,-81.159690,563.885700
-51.951575,-58.186465,567.315778
-52.733025,-31.484202,568.038341
-47.784049,-7.130726,565.940370
-38.755401,11.579868,561.548333
-27.430738,25.673545,555.879133
-14.926841,37.040195,550.156344
-1.895251,47.143454,545.470695
11.210230,57.106124,542.487245
23.954408,68.012341,541.293952
35.753150,81.218698,541.441501
45.628031,98.563393,542.156552
51.925497,121.631893,542.649928
52.733086,148.522545,542.413021
47.729017,173.032683,541.406101
38.606991,-168.191165,540.080258
27.192146,-154.080469,539.225659
14.621878,-142.710334,539.691305
1.557424,-132.603071,542.065026
-11.543147,-122.631244,546.422307
-24.415611,-106.546368,552.321480
-36.118556,-93.283203,558.559515
-45.858298,-75.880825,563.949190
-52.003066,-52.829886,567.345376
-52.701266,-26.115595,568.028003
-47.681819,-1.831364,565.893183
-38.610493,16.802651,561.475592
-27.263255,30.846127,555.797183
-14.748281,42.186313,550.082024
-1.712778,52.280377,545.416707
11.390800,62.248456,542.458899
24.126424,73.176340,541.288368
35.906428,86.426497,541.449505
45.744676,103.842868,542.166542
51.977906,126.990604,542.652321
52.701065,153.893879,542.403797
47.625628,178.333526,541.388324
38.460742,-162.967925,540.063114
27.023547,-148.907796,539.221281
14.442617,-137.564181,539.710357
1.374756,-127.466061,542.112492
-11.723378,-117.488743,546.494969
-24.586593,-101.381710,552.408108
-36.270206,-88.074517,558.643125
-45.972853,-70.600815,564.012289
-52.053478,-47.472500,567.374439
-52.668365,-20.747532,568.017112
-47.578810,3.466831,565.845547
-38.465159,22.024545,561.402604
-27.095553,36.018197,555.715228
-14.569623,47.332197,550.007914
-1.530293,57.417276,545.363059
11.571301,67.390968,542.430906
24.298261,78.340777,541.283046
36.059343,91.635098,541.457617
45.860635,109.123505,542.176483
52.029223,132.350145,542.654565
52.667886,159.264662,542.394417
47.521455,-176.366817,541.370482
38.314067,-157.745585,540.046063
26.854734,-143.735638,539.217165
14.263265,-132.418263,539.729787
1.192083,-122.329074,542.160350
-11.903532,-112.346061,546.567917
-24.757388,-96.216610,552.494815
-36.421486,-82.865029,558.726565
-46.086717,-65.319656,564.074993
-52.102805,-42.114321,567.402968
-52.634325,-15.380029,568.005666
-47.475029,8.763859,565.797466
-38.319402,27.245553,561.329373
-26.927635,41.189759,555.633272
-14.390869,52.477849,549.934016
-1.347796,62.554155,545.309751
11.751732,72.533664,542.403267
24.469919,83.505658,541.277984
36.211892,96.844505,541.465833
45.975902,114.405307,542.186373
52.079442,137.710500,542.656658
52.633552,164.634875,542.384881
47.416502,-171.068346,541.352576
38.166971,-152.524138,540.029107
26.685711,-138.563990,539.213312
14.083824,-127.272576,539.749596
1.009405,-117.192106,542.208600
-12.083608,-107.203193,546.641150
-24.927994,-91.051062,552.581599
-36.572392,-77.654732,558.809833
-46.199886,-60.037348,564.137300
-52.151044,-36.755363,567.430961
-52.599150,-10.013104,567.993668
-47.370481,14.059720,565.748940
-38.173227,32.465682,561.255902
-26.759504,46.360817,555.551317
-14.212021,57.623273,549.860333
-1.165288,67.691015,545.256783
11.932092,77.676547,542.375981
24.641394,88.670986,541.273181
36.364071,102.054725,541.474153
46.090472,119.688275,542.196209
52.128560,143.071656,542.658600
52.598065,170.004500,542.375190
47.310776,-165.771062,541.334609
38.019457,-147.303579,540.012248
26.516478,-133.392847,539.209725
13.904294,-122.127116,539.769784
0.826724,-112.055156,542.257241
-12.263606,-102.060138,546.714666
-25.098410,-85.885063,552.668457
-36.722921,-72.443623,558.892925
-46.312353,-54.753887,564.199208
-52.198190,-31.395639,567.458417
-52.562843,-4.646775,567.981118
-47.265171,19.354414,565.699972
-38.026636,37.684937,561.182194
-26.591161,51.531377,555.469368
-14.033079,62.768471,549.786867
-0.982771,72.827859,545.204158
12.112379,82.819620,542.349046
24.812685,93.836765,541.268634
36.515877,107.265763,541.482572
46.204338,124.972413,542.205990
52.176572,148.433597,542.660390
52.561429,175.373520,542.365345
47.204282,-160.474963,541.316581
37.871529,-142.083903,539.995488
26.347038,-128.222205,539.206405
13.724677,-116.981882,539.790353
0.644040,-106.918220,542.306272
-12.443525,-96.916892,546.788461
-25.268633,-80.718607,552.755385
-36.873069,-67.231695,558.975838
-46.424113,-49.469271,564.260713
-52.244240,-26.035166,567.485335
-52.525407,0.718943,567.968016
-47.159107,24.647942,565.650566
-37.879634,42.903324,561.108253
-26.422608,56.701442,555.387427
-13.854044,67.913448,549.713621
-0.800245,77.964691,545.151876
12.292593,87.962886,542.322463
24.983790,99.003001,541.264342
36.667307,112.477626,541.491090
46.317496,130.257722,542.215714
52.223474,153.796309,542.662028
52.523647,-179.258083,542.355346
47.097026,-155.180049,541.298496
37.723191,-136.865103,539.978831
26.177394,-123.052060,539.203355
13.544975,-111.836870,539.811303
0.461356,-101.781296,542.355693
-12.623362,-91.773451,546.862535
-25.438662,-75.551692,552.842379
-37.022833,-62.018942,559.058567
-46.535160,-44.183500,564.321814
-52.289189,-20.673957,567.511713
-52.486845,6.084031,567.954363
-47.052292,29.940304,565.600722
-37.732224,48.120848,561.034081
-26.253848,61.871018,555.305498
-13.674919,73.058206,549.640596
-0.617712,83.101513,545.099938
12.472732,93.106348,542.296230
25.154708,104.169697,541.260303
36.818357,117.690318,541.499704
46.429939,135.544205,542.225379
52.269261,159.159777,542.663512
52.484724,-173.890326,542.345195
46.989013,-149.886320,541.280355
37.574447,-131.647173,539.962277
26.007547,-117.882406,539.200576
13.365188,-106.692075,539.832636
0.278671,-96.644381,542.405502
-12.803117,-86.629814,546.936884
-25.608494,-70.384312,552.929436
-37.172209,-56.805358,559.141111
-46.645490,-38.896570,564.382507
-52.333033,-15.312028,567.537551
-52.447161,11.448473,567.940161
-46.944733,35.231502,565.550443
-37.584410,53.337516,560.959682
-26.084882,67.040109,555.223584
-13.495704,78.202749,549.567797
-0.435172,88.238327,545.048344
12.652794,98.250009,542.270347
25.325435,109.336858,541.256515
36.969023,122.903845,541.508411
46.541662,140.831864,542.234984
52.313930,164.523985,542.664843
52.444662,-168.523225,542.334891
46.880251,-144.593773,541.262159
37.425300,-126.430108,539.945831
25.837500,-112.713239,539.198071
13.185319,-101.547496,539.854352
0.095988,-91.507472,542.455699
-12.982788,-81.485976,547.011506
-25.778128,-65.216463,553.016554
-37.321194,-51.590939,559.223465
-46.755096,-33.608480,564.442790
-52.375769,-9.949395,567.562847
-52.406359,16.812254,567.925409
-46.836436,40.521536,565.499733
-37.436196,58.553332,560.885059
-25.915713,72.208718,555.141688
-13.316400,83.347079,549.495223
-0.252627,93.375137,544.997097
12.832779,103.393873,542.244813
25.495971,114.504488,541.252976
37.119302,128.118214,541.517209
46.652658,146.120700,542.244526
52.357477,169.888917,542.666018
52.403465,-163.156798,542.324436
46.770745,-139.302409,541.243911
37.275755,-121.213903,539.929494
25.667254,-107.544555,539.195842
13.005367,-96.403129,539.876452
-0.086694,-86.370566,542.506283
-13.162374,-76.341934,547.086398
-25.947562,-60.048141,553.103727
-37.469785,-46.375678,559.305626
-46.863972,-28.319229,564.502661
-52.417392,-4.586074,567.587601
-52.364442,22.175356,567.910109
-46.727406,45.810408,565.448592
-37.287585,63.768303,560.810216
-25.746342,77.376851,555.059814
-13.137010,88.491200,549.422879
-0.070078,98.511945,544.946196
13.012685,108.537942,542.219627
25.666313,119.672591,541.249684
37.269191,133.333430,541.526096
46.762924,151.410715,542.254004
52.399897,175.254558,542.667039
52.361137,-157.791061,542.313830
46.660499,-134.012225,541.225613
37.125814,-115.998550,539.913268
25.496812,-102.376349,539.193890
12.825336,-91.258970,539.898937
-0.269372,-81.233661,542.557253
-13.341874,-71.197686,547.161559
-26.116793,-54.879342,553.190955
-37.617977,-41.159571,559.387590
-46.972114,-23.028815,564.562117
-52.457899,0.777921,567.611812
-52.321413,27.537765,567.894262
-46.617649,51.098120,565.397023
-37.138580,68.982434,560.735156
-25.576772,82.544512,554.977965
-12.957534,93.635115,549.350767
0.112474,103.648754,544.895642
13.192511,113.682220,542.194789
25.836459,124.841173,541.246637
37.418685,138.549498,541.535070
46.872451,156.701910,542.263416
52.441186,-179.379109,542.667903
52.317682,-152.426030,542.303074
46.549521,-128.723220,541.207266
36.975481,-110.784046,539.897157
25.326175,-97.208617,539.192218
12.645225,-86.115017,539.921808
-0.452046,-76.096755,542.608609
-13.521286,-66.053228,547.236986
-26.285820,-49.710060,553.278232
-37.765767,-35.942610,559.469355
-47.079515,-17.737238,564.621155
-52.497286,6.142572,567.635478
-52.277278,32.899464,567.877868
-46.507170,56.384671,565.345030
-36.989186,74.195730,560.659882
-25.407005,87.711705,554.896144
-12.777973,98.778827,549.278888
0.295029,108.785567,544.845437
13.372255,118.826710,542.170297
26.006406,130.010236,541.243834
37.567781,143.766425,541.544128
46.981235,161.994288,542.272760
52.481341,-174.012101,542.668611
52.273104,-147.061722,542.292170
46.437816,-123.435393,541.188873
36.824761,-105.570383,539.881162
25.155346,-92.041354,539.190829
12.465037,-80.971267,539.945065
-0.634715,-70.959843,542.660350
-13.700610,-60.908557,547.312677
-26.454640,-44.540292,553.365555
-37.913151,-30.724791,559.550916
-47.186170,-12.444496,564.679773
-52.535550,11.507864,567.658599
-52.232039,38.260439,567.860928
-46.395976,61.670065,565.292614
-36.839406,79.408198,560.584397
-25.237041,92.878435,554.814354
-12.598329,103.922339,549.207246
0.477584,113.922386,544.795580
13.551917,123.971415,542.146152
26.176154,135.179787,541.241272
37.716476,148.984216,541.553268
47.089271,167.287849,542.282035
52.520359,-168.644433,542.669162
52.227406,-141.698151,542.281117
46.325390,-118.148742,541.170435
36.673656,-100.357556,539.865286
24.984327,-86.874557,539.189723
12.284772,-75.827716,539.968710
-0.817377,-65.822924,542.712474
-13.879844,-55.763670,547.388629
-26.623253,-39.370033,553.452922
-38.060126,-25.506108,559.632271
-47.292073,-7.150589,564.737968
-52.572688,16.873780,567.681174
-52.185701,43.620673,567.843443
-46.284071,66.954304,565.239777
-36.689243,84.619843,560.508705
-25.066885,98.044706,554.732600
-12.418604,109.065655,549.135841
0.660139,119.059215,544.746074
13.731494,129.116338,542.122351
26.345700,140.349829,541.238949
37.864764,154.202878,541.562488
47.196551,172.582593,542.291238
52.558235,-163.276123,542.669555
52.180594,-136.335334,542.269916
46.212248,-112.863264,541.151955
36.522171,-95.145559,539.849531
24.813119,-81.708220,539.188902
12.104432,-70.684361,539.992743
-1.000031,-60.685994,542.764982
-14.058986,-50.618564,547.464839
-26.791654,-34.199278,553.540328
-38.206689,-20.286555,559.713415
-47.397218,-1.855515,564.795739
-52.608695,22.240302,567.703202
-52.138268,48.980153,567.825414
-46.171461,72.237388,565.186523
-36.538700,89.830671,560.432809
-24.896536,103.210522,554.650883
-12.238797,114.208777,549.064678
0.842693,124.196055,544.696917
13.910986,134.261483,542.098895
26.515042,145.520367,541.236863
38.012644,159.422415,541.571785
47.303071,177.878523,542.300368
52.594966,-157.907187,542.669789
52.132670,-130.973285,542.258569
46.098396,-107.578958,541.133434
36.370308,-89.934387,539.833900
24.641725,-76.542340,539.188370
11.924018,-65.541199,540.017165
-1.182677,-55.549051,542.817871
-14.238035,-45.473235,547.541306
-26.959843,-29.028024,553.627771
-38.352834,-15.066126,559.794347
-47.501600,3.440725,564.853082
-52.643569,27.607414,567.724682
-52.089744,54.338863,567.806842
-46.058152,77.519320,565.132853
-36.387782,95.040686,560.356712
-24.725998,108.375887,554.569207
-12.058911,119.351709,548.993758
1.025244,129.332910,544.648112
14.090392,139.406852,542.075782
26.684177,150.691405,541.235013
38.160111,164.642833,541.581157
47.408824,-176.824361,542.309423
52.630549,-152.537644,542.669865
52.083640,-125.612020,542.247077
45.983839,-102.295821,541.114874
36.218072,-84.724034,539.818396
24.470146,-71.376911,539.188128
11.743531,-60.398227,540.041976
-1.365313,-50.412093,542.871141
-14.416991,-40.327680,547.618026
