-19.499750,-31.468901,549.912739
-31.679948,-19.310317,556.133911
-42.346888,-3.775777,562.008345
-50.143563,16.999105,566.304671
-53.150429,42.875781,568.104522
-50.255608,68.814660,567.048833
-42.536805,89.699696,563.429760
-31.916895,105.315524,558.105440
-19.765854,117.518452,552.260036
-6.875104,127.957125,547.074062
6.251212,137.850214,543.401428
19.189110,148.259939,541.555262
31.433984,160.403333,541.273357
42.193316,175.936159,541.872036
50.088032,-163.232127,542.530215
53.150879,-137.193670,542.602957
50.228949,-111.070154,541.860171
42.425191,-90.087763,540.575496
31.710531,-74.442068,539.437956
19.482533,-62.233009,539.312073
6.545449,-51.791396,540.920542
-6.590541,-41.891338,544.554328
-19.675285,-26.315123,549.995770
-31.840800,-14.122083,556.220863
-42.478835,1.473115,562.081451
-50.222676,22.329237,566.348321
-53.150673,48.251816,568.109488
-50.176904,74.145183,567.014707
-42.405148,94.948952,563.364982
-31.756263,110.503964,558.024924
-19.590503,122.672302,552.181007
-6.693410,133.095771,547.011282
6.433195,142.988762,543.363255
19.365308,153.413507,541.541843
31.595958,165.591388,541.277534
42.326663,-178.814707,541.882602
50.168350,-157.900485,542.536325
53.151342,-131.814854,542.598170
50.149338,-105.737603,541.844841
42.292196,-84.837755,540.556752
31.548667,-69.253452,539.427292
19.306308,-57.079123,539.321254
6.363361,-46.652689,540.957125
-6.772387,-36.752652,544.618351
-19.850682,-21.161014,550.078971
-32.001367,-8.933200,556.307746
-42.610236,6.723048,562.154244
-50.300850,27.660453,566.391478
-53.149733,53.627844,568.113892
-50.097264,79.474619,566.980078
-42.272949,100.197171,563.299873
-31.595349,115.691759,557.944312
-19.415015,127.825823,552.102115
-6.511673,138.234317,546.948805
6.615141,148.127410,543.325444
19.541375,158.567405,541.528731
31.757653,170.780094,541.281880
42.459466,-173.564522,541.893175
50.247719,-152.567737,542.542313
53.150602,-126.436040,542.593218
50.068779,-100.406159,541.829400
42.158657,-79.588797,540.538035
31.386524,-64.065486,539.416829
19.129953,-51.925567,539.330778
6.181237,-41.514082,540.994109
-6.954190,-31.613865,544.682715
-20.025940,-16.006570,550.162338
-32.161646,-3.743664,556.394554
-42.741086,11.974025,562.226722
-50.378077,32.992745,566.434141
-53.147609,59.003846,568.117734
-50.016693,84.802962,566.944949
-42.140212,105.444357,563.234436
-31.434153,120.878913,557.863605
-19.239392,132.979018,552.023360
-6.329893,143.372765,546.886632
6.797050,153.266161,543.287996
19.717309,163.721637,541.515925
31.919066,175.969456,541.286394
42.591720,-168.313281,541.903752
50.326135,-147.233890,542.548179
53.148661,-121.057249,542.588101
49.987279,-95.075828,541.813851
42.024579,-74.340884,540.519348
31.224105,-58.878163,539.406567
18.953469,-46.772336,539.340647
5.999078,-36.375571,541.031494
-7.135947,-26.474974,544.747417
-20.201057,-10.851787,550.245868
-32.321635,1.446531,556.481286
-42.871382,17.226052,562.298880
-50.454354,38.326107,566.476307
-53.144301,64.379799,568.121015
-49.935197,90.130206,566.909321
-42.006942,110.690515,563.168673
-31.272680,126.065432,557.782809
-19.063635,138.131891,551.944748
-6.148073,148.511120,546.824764
6.978920,158.405018,543.250909
19.893109,168.876208,541.503424
32.080193,-178.840521,541.291074
42.723421,-163.060978,541.914330
50.403590,-141.898950,542.553921
53.145518,-115.678503,542.582818
49.904842,-89.746616,541.798194
41.889966,-69.094011,540.500694
31.061411,-53.691481,539.396510
18.776857,-41.619428,539.350862
5.816886,-31.237153,541.069279
-7.317659,-21.335976,544.812456
-20.376031,-5.696662,550.329558
-32.481330,6.637391,556.567937
-43.001117,22.479134,562.370717
-50.529673,43.660532,566.517976
-53.139809,69.755684,568.123733
-49.852781,95.456346,566.873196
-41.873143,115.935652,563.102587
-31.110932,131.251321,557.701925
-18.887745,143.284446,551.866279
-5.966214,153.649383,546.763205
7.160751,163.543983,543.214185
20.068774,174.031120,541.491225
32.241033,-173.649831,541.295916
42.854562,-157.807610,541.924909
50.480080,-136.562924,542.559538
53.141173,-110.299821,542.577369
49.821476,-84.418528,541.782432
41.754824,-63.848173,540.482074
30.898445,-48.505432,539.386660
18.600119,-36.466838,539.361424
5.634661,-26.098826,541.107465
-7.499323,-16.196868,544.877831
-20.550861,-0.541191,550.413406
-32.640729,11.828920,556.654504
-43.130288,27.733275,562.442229
-50.604030,48.996011,566.559145
-53.134134,75.131480,568.125890
-49.769452,100.781376,566.836575
-41.738820,121.179771,563.036182
-30.948911,136.436585,557.620958
-18.711725,148.436686,551.787957
-5.784315,158.787558,546.701954
7.342541,168.683060,543.177822
20.244301,179.186378,541.479328
32.401582,-168.458469,541.300920
42.985140,-152.553171,541.935485
50.555598,-131.225819,542.565029
53.135628,-104.921226,542.571755
49.737185,-79.091570,541.766565
41.619157,-58.603364,540.463491
30.735211,-43.320011,539.377019
18.423256,-31.314563,539.372336
5.452404,-20.960586,541.146051
-7.680939,-11.057648,544.943539
-20.725545,4.614630,550.497407
-32.799829,17.021123,556.740983
-43.258889,32.988480,562.513413
-50.677419,54.332539,566.599812
-53.127276,80.507166,568.127485
-49.685216,106.105291,566.799461
-41.603978,126.422879,562.969460
-30.786619,141.621229,557.539911
-18.535576,153.588616,551.709786
-5.602379,163.925646,546.641014
7.524288,173.822251,543.141821
20.419690,-175.658015,541.467731
32.561837,-163.266430,541.306082
43.115149,-147.297656,541.946057
50.630139,-125.887644,542.570393
53.128882,-99.542738,542.565977
49.651976,-73.765748,541.750596
41.482970,-53.359579,540.444947
30.571711,-38.135215,539.367590
18.246271,-26.162599,539.383599
5.270117,-15.822432,541.185038
-7.862506,-5.918312,545.009579
-20.900081,9.770804,550.581560
-32.958627,22.214007,556.827371
-43.386915,38.244753,562.584266
-50.749834,59.670107,566.639976
-53.119236,85.882723,568.128518
-49.600077,111.428087,566.761855
-41.468620,131.664979,562.902425
-30.624060,146.805258,557.458788
-18.359300,158.740238,551.631767
-5.420407,169.063652,546.580386
7.705993,178.961560,543.106181
20.594937,-170.502055,541.456432
32.721796,-158.073708,541.311401
43.244585,-142.041060,541.956622
50.703698,-120.548405,542.575628
53.120937,-94.164379,542.560033
49.565855,-68.441064,541.734525
41.346267,-48.116813,540.426445
30.407947,-32.951037,539.358374
18.069164,-21.010944,539.395214
5.087801,-10.684359,541.224424
-8.044022,-0.778857,545.075949
-21.074468,14.927336,550.665861
-33.117121,27.407576,556.913665
-43.514362,43.502098,562.654785
-50.821270,65.008706,566.679635
-53.110015,91.258129,568.128990
-49.514041,116.749759,566.723759
-41.332752,136.906078,562.835080
-30.461236,151.988677,557.377591
-18.182897,163.891556,551.553904
-5.238399,174.201578,546.520071
7.887653,-175.899012,543.070903
20.770043,-165.345738,541.445431
32.881456,-152.880299,541.316873
43.373442,-136.783380,541.967179
50.776268,-115.208111,542.580733
53.111792,-88.786169,542.553924
49.478827,-63.117526,541.718354
41.209053,-42.875060,540.407986
30.243921,-27.767472,539.349375
17.891937,-15.859592,539.407182
4.905457,-5.546365,541.264212
-8.225486,4.360718,545.142648
-21.248705,20.084229,550.750307
-33.275308,32.601835,556.999860
-43.641225,48.760521,562.724967
-50.891723,70.348329,566.718788
-53.099613,96.633364,568.128900
-49.427116,122.070302,566.685175
-41.196378,142.146180,562.767426
-30.298149,157.171492,557.296324
-18.006370,169.042573,551.476200
-5.056357,179.339426,546.460072
8.069268,-170.759460,543.035986
20.945005,-160.189060,541.434724
33.040814,-147.686196,541.322498
43.501715,-131.524610,541.977725
50.847845,-109.866771,542.585708
53.101450,-83.408129,542.547651
49.390899,-57.795136,541.702086
41.071332,-37.634316,540.389574
30.079638,-22.584516,539.340593
17.714591,-10.708541,539.419504
4.723086,-0.408448,541.304399
-8.406897,9.500418,545.209673
-21.422789,25.241488,550.834895
-33.433185,37.796791,557.085954
-43.767499,54.020026,562.794809
-50.961185,75.688967,566.757432
-53.088032,102.008408,568.128249
-49.339305,127.389713,566.646105
-41.059503,147.385290,562.699469
-30.134802,162.353706,557.214991
-17.829719,174.193294,551.398656
-4.874283,-175.522800,546.400389
8.250836,-165.619783,543.001431
21.119821,-155.032018,541.424311
33.199867,-142.491394,541.328272
43.629400,-126.264746,541.988259
50.918421,-104.524392,542.590550
53.089910,-78.030281,542.541214
49.302076,-52.473898,541.685720
40.933109,-32.394574,540.371210
29.915098,-17.402163,539.332033
17.537129,-5.557786,539.432183
4.540689,4.729395,541.344986
-8.588254,14.640245,545.277022
-21.596719,30.399115,550.919622
-33.590748,42.992448,557.171943
-43.893178,59.280616,562.864308
-51.029652,81.030611,566.795567
-53.075273,107.383241,568.127037
-49.250615,132.707988,566.606550
-40.922130,152.623415,562.631210
-29.971198,167.535326,557.133594
-17.652947,179.343721,551.321277
-4.692176,-170.385098,546.341023
8.432356,-160.479976,542.967236
21.294490,-149.874607,541.414191
33.358612,-137.295888,541.334194
43.756492,-121.003783,541.998777
50.987993,-99.180984,542.595259
53.077174,-72.652644,542.534613
49.212364,-47.153817,541.669260
40.794388,-27.155830,540.352898
29.750304,-12.220408,539.323695
17.359551,-0.407326,539.445220
4.358268,9.867168,541.385972
-8.769556,19.780202,545.344694
-21.770493,35.557115,551.004484
-33.747996,48.188811,557.257823
-44.018258,64.542297,562.933462
-51.097119,86.373251,566.833191
-53.061337,112.757842,568.125263
-49.161053,138.025123,566.566513
-40.784264,157.860559,562.562653
-29.807338,172.716355,557.052139
-17.476054,-175.506141,551.244064
-4.510038,-165.247465,546.281978
8.613827,-155.340038,542.933402
21.469010,-144.716823,541.404361
33.517046,-132.099672,541.340260
43.882984,-115.741717,542.009279
51.056555,-93.836556,542.599835
53.063244,-67.275239,542.527848
49.121770,-41.834896,541.652706
40.655174,-21.918077,540.334638
29.585260,-7.039246,539.315583
17.181859,4.742845,539.458615
4.175823,15.004873,541.427358
-8.950801,24.920292,545.412687
-21.944110,40.715491,551.089479
-33.904925,53.385887,557.343592
-44.142734,69.805072,563.002267
-51.163581,91.716879,566.870301
-53.046225,118.132192,568.122929
-49.070622,143.341115,566.525995
-40.645909,163.096728,562.493801
-29.643225,177.896799,556.970626
-17.299043,-170.356290,551.167021
-4.327871,-160.109898,546.223253
8.795248,-150.199965,542.899929
21.643380,-139.558664,541.394820
33.675167,-126.902741,541.346469
44.008873,-110.478543,542.019761
51.124101,-88.491118,542.604274
53.048120,-61.898088,542.520920
49.030299,-36.517139,541.636060
40.515471,-16.681311,540.316434
29.419967,-1.858673,539.307698
17.004055,9.892730,539.472370
3.993355,20.142512,541.469143
-9.131989,30.060518,545.480999
-22.117568,45.874248,551.174604
-34.061532,58.583680,557.429244
-44.266601,75.068944,563.070720
-51.229031,97.061484,566.906898
-53.029939,123.506270,568.120034
-48.979331,148.655960,566.484999
-40.507070,168.331926,562.424657
-29.478862,-176.923336,556.889061
-17.121914,-165.206722,551.090151
-4.145675,-154.972394,546.164850
8.976618,-145.059755,542.866815
21.817597,-134.400124,541.385566
33.832970,-121.705089,541.352819
44.134153,-105.214258,542.030223
51.190625,-83.144679,542.608578
53.031805,-56.521210,542.513828
48.937957,-31.200547,541.619324
40.375284,-11.445525,540.298288
29.254428,3.321317,539.300043
16.826139,15.042331,539.486487
3.810866,25.280089,541.511327
-9.313118,35.200883,545.549628
-22.290865,51.033390,551.259854
-34.217814,63.782196,557.514777
-44.389853,80.333919,563.138819
-51.293466,102.407057,566.942978
-53.012481,128.880056,568.116580
-48.887183,153.969657,566.443526
-40.367751,173.566161,562.355224
-29.314251,-171.744047,556.807447
-16.944669,-160.057433,551.013455
-3.963452,-149.834951,546.106770
9.157935,-139.919403,542.834061
21.991660,-129.241200,541.376597
33.990454,-116.506711,541.359306
44.258818,-99.948857,542.040661
51.256123,-77.797250,542.612744
53.014299,-51.144625,542.506574
48.844751,-25.885126,541.602499
40.234616,-6.210715,540.280202
29.088645,8.500729,539.292619
16.648114,20.191653,539.500966
3.628357,30.417607,541.553909
-9.494187,40.341389,545.618571
-22.463999,56.192920,551.345228
-34.373768,68.981440,557.600188
-44.512486,85.600000,563.206560
-51.356879,107.753587,566.978541
-52.993851,134.253532,568.112565
-48.794186,159.282201,566.401579
-40.227956,178.799436,562.285505
-29.149394,-166.565329,556.725786
-16.767310,-154.908420,550.936937
-3.781202,-144.697566,546.049015
9.339198,-134.778909,542.801667
22.165567,-124.081888,541.367913
34.147615,-111.307602,541.365930
44.382864,-94.682336,542.051074
51.320589,-72.448840,542.616772
52.995605,-45.768355,542.499158
48.750685,-20.570876,541.585587
40.093473,-0.976874,540.262179
28.922620,13.679567,539.285430
16.469981,25.340699,539.515810
3.445829,35.555068,541.596890
-9.675195,45.482040,545.687828
-22.636969,61.352843,551.430722
-34.529391,74.181419,557.685473
-44.634494,90.867191,563.273941
-51.419267,113.101063,567.013585
-52.974052,139.626676,568.107990
-48.700344,164.593592,566.359158
-40.087689,-175.968243,562.215503
-28.984294,-161.387176,556.644082
-16.589838,-149.759680,550.860599
-3.598927,-139.560236,545.991586
9.520407,-129.638268,542.769632
22.339317,-118.922184,541.359511
34.304450,-106.107755,541.372687
44.506285,-89.414692,542.061460
51.384018,-67.099461,542.620660
52.975724,-40.392419,542.491579
48.655767,-15.257800,541.568590
39.951858,4.256002,540.244221
28.756357,18.857837,539.278478
16.291741,30.489473,539.531018
3.263283,40.692474,541.640268
-9.856141,50.622839,545.757396
-22.809773,66.513162,551.516332
-34.684681,79.382136,557.770628
-44.755872,96.135495,563.340959
-51.480623,118.449476,567.048109
-52.953086,144.999471,568.102857
-48.605664,169.903826,566.316267
-39.946954,-170.736869,562.145222
-28.818953,-156.209584,556.562339
-16.412254,-144.611209,550.784444
-3.416628,-134.422958,545.934484
9.701559,-124.497477,542.737956
22.512908,-113.762083,541.351390
34.460956,-100.907165,541.379575
44.629076,-84.145920,542.071817
51.446404,-61.749124,542.624408
52.954658,-35.016838,542.483840
48.560002,-9.945901,541.551509
39.809775,9.487920,540.226331
28.589857,24.035543,539.271764
16.113396,35.637977,539.546593
3.080720,45.829830,541.684044
-10.037022,55.763788,545.827273
-22.982409,71.673881,551.602056
-34.839633,84.583598,557.855650
-44.876615,101.404916,563.407611
-51.540943,123.798812,567.082112
-52.930955,150.371895,568.097164
-48.510151,175.212901,566.272908
-39.805756,-165.506439,562.074664
-28.653373,-151.032548,556.480560
-16.234560,-139.463003,550.708475
-3.234306,-129.285729,545.877711
9.882655,-119.356534,542.706639
22.686338,-108.601583,541.343547
34.617130,-95.705827,541.386593
44.751232,-78.876016,542.082143
51.507743,-56.397839,542.628014
52.932409,-29.641630,542.475939
48.463396,-4.635180,541.534346
39.667230,14.718886,540.208510
28.423123,29.212691,539.265291
15.934947,40.786215,539.562535
2.898141,50.967137,541.728217
-10.217840,60.904891,545.897456
-23.154876,76.835005,551.687890
-34.994245,89.785811,557.940535
-44.996718,106.675458,563.473895
-51.600222,129.149063,567.115591
-52.907660,155.743931,568.090913
-48.413812,-179.479184,566.229082
-39.664099,-160.276945,562.003833
-28.487557,-145.856063,556.398748
-16.056757,-134.315061,550.632694
-3.051962,-124.148547,545.821268
10.063691,-114.215436,542.675679
22.859604,-103.440678,541.335982
34.772968,-90.503736,541.393737
44.872747,-73.604977,542.092435
51.568030,-51.045618,542.631478
52.908980,-24.266817,542.467877
48.365955,0.674360,541.517103
39.524225,19.948904,540.190762
28.256157,34.389284,539.259061
15.756395,45.934192,539.578846
2.715547,56.104398,541.772787
-10.398591,66.046150,545.967945
-23.327171,81.996538,551.773832
-35.148514,94.988779,558.025280
-45.116176,111.947124,563.539807
-51.658455,134.500214,567.148546
-52.883205,161.115558,568.084104
-48.316652,-174.172430,566.184792
-39.521986,-155.048384,561.932732
-28.321506,-140.680125,556.316907
-15.878846,-129.167377,550.557104
-2.869596,-119.011410,545.765156
10.244668,-109.074179,542.645077
23.032707,-98.279365,541.328691
34.928468,-85.300884,541.401005
44.993616,-68.332800,542.102693
51.627259,-45.692473,542.634799
52.884372,-18.892416,542.459655
48.267685,5.982719,541.499782
39.380766,25.177981,540.173088
28.088961,39.565329,539.253077
15.577743,51.081909,539.595527
2.532940,61.241616,541.817752
-10.579275,71.187569,546.038736
-23.499293,87.158483,551.859877
-35.302437,100.192508,558.109882
-45.234982,117.219917,563.605344
-51.715637,139.852255,567.180975
-52.857591,166.486759,568.076738
-48.218677,-168.866840,566.140039
-39.379422,-149.820748,561.861364
-28.155224,-135.504728,556.235041
-15.700830,-124.019949,550.481708
-2.687211,-113.874313,545.709375
10.425584,-103.932761,542.614832
23.205642,-93.117639,541.321675
35.083626,-80.097267,541.408395
45.113833,-63.059480,542.112913
51.685425,-40.338416,542.637975
52.858589,-13.518449,542.451273
48.168592,11.289895,541.482384
39.236855,30.406122,540.155491
27.921538,44.740829,539.247340
15.398991,56.229370,539.612579
2.350321,66.378794,541.863114
-10.759891,76.329150,546.109828
-23.671240,92.320845,551.946023
-35.456010,105.397005,558.194336
-45.353132,122.493840,563.670505
-51.771764,145.205174,567.212877
-52.830820,171.857514,568.068814
-48.119893,-163.562414,566.094826
-39.236411,-144.594033,561.789732
-27.988712,-130.329869,556.153151
-15.522709,-118.872773,550.406508
-2.504808,-108.737255,545.653928
10.606438,-98.791178,542.584943
23.378410,-87.955497,541.314931
35.238439,-74.892880,541.415905
45.233394,-57.785014,542.123094
51.742524,-34.983459,542.641007
52.831632,-8.144934,542.442733
48.068682,16.595887,541.464910
39.092498,35.633333,540.137974
27.753889,49.915789,539.241852
15.220140,61.376580,539.630003
2.167689,71.515935,541.908870
-10.940437,81.470897,546.181219
-23.843010,97.483627,552.032266
-35.609230,110.602273,558.278640
-45.470621,127.768897,563.735285
-51.826831,150.558957,567.244251
-52.802896,177.227805,568.060334
-48.020305,-158.259154,566.049155
-39.092956,-139.368232,561.717840
-27.821972,-125.155542,556.071242
-15.344484,-113.725846,550.331507
-2.322386,-103.600233,545.598816
10.787228,-93.649428,542.555411
23.551007,-82.792935,541.308456
35.392904,-69.687716,541.423533
45.352292,-52.509400,542.133234
51.798550,-29.627616,542.643892
52.803503,-2.771889,542.434033
47.967960,21.900693,541.447364
38.947699,40.859620,540.120538
27.586018,55.090215,539.236617
15.041193,66.523540,539.647800
1.985048,76.653041,541.955022
-11.120913,86.612813,546.252906
-24.014602,102.646834,552.118604
-35.762094,115.808320,558.362790
-45.587443,133.045091,563.799683
-51.880832,155.913592,567.275095
-52.773821,-177.402388,568.051297
-47.919919,-152.957059,566.003028
-38.949062,-134.143342,561.645690
-27.655007,-119.981743,555.989317
-15.166157,-108.579165,550.256706
-2.139948,-98.463243,545.544039
10.967954,-88.507507,542.526235
23.723433,-77.629947,541.302250
35.547017,-64.481769,541.431275
45.470523,-47.232634,542.143331
51.853500,-24.270898,542.646631
52.774207,2.600665,542.425175
47.866434,27.204315,541.429746
38.802461,46.084988,540.103187
27.417927,60.264110,539.231635
14.862150,71.670255,539.665971
1.802398,81.790115,542.001567
-11.301317,91.754900,546.324887
-24.186013,107.810471,552.205032
-35.914598,121.015150,558.446783
-45.703593,138.322423,563.863695
-51.933765,161.269067,567.305408
-52.743597,-172.033081,568.041706
-47.818742,-147.656132,565.956448
-38.804732,-128.919355,561.573287
-27.487820,-114.808466,555.907380
-14.987730,-103.432727,550.182110
-1.957495,-93.326284,545.489598
11.148614,-83.365413,542.497413
23.895684,-72.466530,541.296310
35.700776,-59.275035,541.439131
45.588080,-41.954712,542.153383
51.907367,-18.913320,542.649222
52.743745,7.972711,542.416160
47.764109,32.506749,541.412058
38.656788,51.309443,540.085922
27.249617,65.437480,539.226910
14.683013,76.816728,539.684518
1.619739,86.927159,542.048506
-11.481647,96.897162,546.397161
-24.357242,112.974541,552.291548
-36.066740,126.222769,558.530615
-45.819065,143.600898,563.927320
-51.985623,166.625366,567.335189
-52.712228,-166.664293,568.031559
-47.716779,-142.356371,565.909416
-38.659971,-123.696266,561.500632
-27.320411,-109.635709,555.825434
-14.809203,-98.286528,550.107720
-1.775027,-88.189352,545.435496
11.329207,-78.223143,542.468946
24.067760,-67.302681,541.290635
35.854177,-54.067508,541.447097
45.704958,-36.675633,542.163388
51.960148,-13.554894,542.651665
52.712120,13.344229,542.406988
47.660990,37.807998,541.394303
38.510685,56.532991,540.068746
27.081091,70.610329,539.222443
14.503783,81.962962,539.703441
1.437073,92.064178,542.095838
-11.661903,102.039601,546.469724
-24.528287,118.139048,552.378148
-36.218516,131.431183,558.614282
-45.933854,148.880518,563.990554
-52.036403,171.982478,567.364436
-52.679716,-161.296042,568.020857
-47.614035,-137.057778,565.861935
-38.514782,-118.474069,561.427729
-27.152783,-104.463465,555.743481
-14.630579,-93.140564,550.033539
-1.592547,-83.052445,545.381732
11.509732,-73.080692,542.440833
24.239659,-62.138393,541.285223
36.007216,-48.859181,541.455171
45.821152,-31.395392,542.173345
52.011838,-8.195634,542.653958
52.679336,18.715202,542.397659
47.557084,43.108060,541.376481
38.364155,61.755638,540.051662
26.912350,75.782663,539.218236
14.324462,87.108960,539.722741
1.254402,97.201173,542.143563
-11.842083,107.182221,546.542575
-24.699146,123.303997,552.464830
-36.369923,136.640397,558.697781
-46.047954,154.161284,564.053394
-52.086101,177.340389,567.393149
-52.646064,-155.928346,568.009603
-47.510516,-131.760352,565.814007
-38.369169,-113.252760,561.354583
-26.984939,-99.291730,555.661526
-14.451858,-87.994834,549.959570
-1.410053,-77.915560,545.328308
11.690187,-67.938059,542.413074
24.411378,-56.973665,541.280072
36.159890,-43.650050,541.463351
45.936656,-26.113988,542.183251
52.062432,-2.835555,542.656101
52.645395,24.085611,542.388174
47.452396,48.406935,541.358595
38.217202,66.977389,540.034672
26.743399,80.954484,539.214292
14.145051,92.254725,539.742419
1.071725,102.338147,542.191679
-12.022186,112.325025,546.615711
-24.869817,128.469391,552.551589
-36.520957,141.850417,558.781110
-46.161361,159.443200,564.115839
-52.134712,-177.300917,567.421327
-52.611276,-150.561222,567.997795
-47.406229,-126.464093,565.765634
-38.223136,-108.032332,561.281195
-26.816881,-94.120501,555.579572
-14.273041,-82.849332,549.885814
-1.227549,-72.778694,545.275224
11.870571,-62.795241,542.385667
24.582915,-51.808490,541.275180
36.312195,-38.440108,541.471634
46.051464,-20.831418,542.193104
52.111927,2.525329,542.658093
52.610301,29.455439,542.378535
47.346933,53.704624,541.340647
38.069830,72.198250,540.017778
26.574237,86.125799,539.210613
13.965551,97.400262,539.762477
0.889045,107.475103,542.240186
-12.202211,117.468016,546.689131
-25.040297,133.635236,552.638423
-36.671615,147.061248,558.864263
-46.274068,164.726268,564.177884
-52.182231,-171.941453,567.448968
-52.575355,-145.194688,567.985434
-47.301179,-121.169001,565.716818
-38.076686,-102.812779,561.207569
-26.648610,-88.949771,555.497622
-14.094131,-77.704057,549.812274
-1.045035,-67.641844,545.222482
12.050884,-57.652233,542.358612
24.754270,-46.642865,541.270546
36.464129,-33.229349,541.480019
46.165571,-15.547679,542.202903
52.160317,7.887004,542.659934
52.574057,34.824667,542.368740
47.240700,59.001127,541.322638
37.922043,77.418227,540.000982
26.404868,91.296611,539.207200
13.785964,102.545573,539.782915
0.706362,112.612043,542.289084
-12.382157,122.611197,546.762831
-25.210586,138.801535,552.725327
-36.821893,152.272897,558.947238
-46.386070,170.010489,564.239529
-52.228655,-166.581233,567.476070
-52.538303,-139.828760,567.972522
-47.195371,-115.875076,565.667563
-37.929824,-97.594097,561.133708
-26.480128,-83.779538,555.415679
-13.915128,-72.559005,549.738954
-0.862512,-62.505009,545.170083
12.231123,-52.509033,542.331909
24.925439,-41.476785,541.266166
36.615688,-28.017769,541.488502
46.278971,-10.262770,542.212645
52.207598,13.249455,542.661622
52.536666,40.193279,542.358792
47.133703,64.296445,541.304571
37.773845,82.637325,539.984288
26.235293,96.466926,539.204056
13.606291,107.690661,539.803735
0.523678,117.748971,542.338371
-12.562022,127.754571,546.836810
-25.380682,143.968293,552.812300
-36.971789,157.485368,559.030032
-46.497361,175.295866,564.300769
-52.273980,-161.220274,567.502634
-52.500125,-134.463456,567.959059
-47.088811,-110.582316,565.617869
-37.782553,-92.376279,561.059616
-26.311439,-78.609795,555.333746
-13.736033,-67.414173,549.665854
-0.679981,-57.368184,545.118028
12.411287,-47.365639,542.305556
25.096420,-36.310246,541.262041
36.766868,-22.805361,541.497082
46.391658,-4.976688,542.222329
52.253766,18.612666,542.663157
52.498131,45.561256,542.348691
47.025949,69.590579,541.286446
37.625239,87.855551,539.967698
26.065515,101.636747,539.201184
13.426533,112.835529,539.824936
0.340993,122.885889,542.388048
-12.741805,132.898141,546.911066
-25.550581,149.135514,552.899336
-37.121298,162.698667,559.112640
-46.607936,-179.417599,564.361603
-52.318202,-155.858589,567.528658
-52.460823,-129.098791,567.945046
-46.981506,-105.290721,565.567741
-37.634877,-87.159320,560.985295
-26.142543,-73.440540,555.251828
-13.556849,-62.269557,549.592978
-0.497443,-52.231367,545.066317
12.591376,-42.222046,542.279554
25.267213,-31.143245,541.258167
36.917665,-17.592119,541.505757
46.503627,0.310569,542.231954
52.298817,23.976623,542.664538
52.458457,50.928583,542.338438
46.917442,74.883528,541.268267
37.476229,93.072910,539.951213
25.895536,106.806080,539.198584
13.246691,117.980181,539.846520
0.158309,128.022800,542.438112
-12.921505,138.041910,546.985595
-25.720283,154.303203,552.986434
-37.270417,167.912801,559.195061
-46.717789,-174.129905,564.422028
-52.361316,-150.496195,567.554141
-52.420402,-123.734783,567.930483
-46.873460,-100.000290,565.517179
-37.486799,-81.943214,560.910750
-25.973443,-68.271767,555.169927
-13.377575,-57.125155,549.520328
-0.314900,-47.094556,545.014952
12.771387,-37.078251,542.253901
25.437814,-25.975775,541.254542
37.068077,-12.378038,541.514523
46.614872,5.599004,542.241516
52.342746,29.341310,542.665765
52.417647,56.295241,542.328032
46.808188,80.175296,541.250035
37.326819,98.289409,539.934837
25.725358,111.974928,539.196259
13.066768,123.124621,539.868489
-0.024373,133.159706,542.488564
-13.101120,143.185882,547.060396
-25.889786,159.471363,553.073590
-37.419142,173.127774,559.277289
-46.826915,-168.841050,564.482041
-52.403319,-145.133106,567.579082
-52.378865,-118.371447,567.915372
-46.764679,-94.711021,565.466186
-37.338322,-76.727955,560.835983
-25.804141,-63.103472,555.088046
-13.198214,-51.980963,549.447906
-0.132352,-41.957748,544.963933
12.951320,-31.934253,542.228596
25.608222,-20.807834,541.251166
37.218099,-7.163112,541.523379
46.725387,10.888616,542.251015
52.385551,34.706711,542.666837
52.375705,61.661216,542.317476
46.698194,85.465883,541.231752
37.177013,103.505051,539.918571
25.554982,117.143296,539.194212
12.886763,128.268850,539.890841
-0.207053,138.296611,542.539402
-13.280649,148.330059,547.135466
-26.059086,164.639999,553.160800
-37.567470,178.343592,559.359322
-46.935308,-163.551033,564.541640
-52.444207,-139.769339,567.603479
-52.336215,-113.008800,567.899712
-46.655170,-89.422914,565.414765
-37.189452,-71.513538,560.760998
-25.634638,-57.935650,555.006189
-13.018767,-46.836978,549.375715
0.050199,-36.820939,544.913261
13.131173,-26.790046,542.203639
25.778435,-15.639416,541.248035
37.367728,-1.947335,541.532323
46.835167,16.179409,542.260448
52.427227,40.072809,542.667753
52.332634,67.026489,542.306770
46.587466,90.755289,541.213420
37.026814,108.719845,539.902419
25.384412,122.311189,539.192443
12.706679,133.412873,539.913580
-0.389728,143.433517,542.590627
-13.460092,153.474445,547.210802
-26.228183,169.809116,553.248061
-37.715398,-176.439739,559.441156
-47.042962,-158.259853,564.600822
-52.483977,-134.404910,567.627333
-52.292457,-107.646857,567.883506
-46.544937,-84.135967,565.362918
-37.040190,-66.299958,560.685798
-25.464938,-52.768298,554.924360
-12.839236,-41.693197,549.303757
0.232753,-31.684128,544.862937
13.310946,-21.645629,542.179029
25.948451,-10.470518,541.245148
37.516961,3.269299,541.541351
46.944206,21.471383,542.269814
52.467769,45.439589,542.668513
52.288439,72.391046,542.295914
46.476008,96.043518,541.195041
36.876225,113.933794,539.886383
25.213648,127.478612,539.190956
12.526517,138.556692,539.936705
-0.572399,148.570427,542.642236
-13.639446,158.619043,547.286404
-26.397074,174.978718,553.335370
-37.862921,-171.222213,559.522788
-47.149872,-152.967509,564.659585
-52.522625,-129.039835,567.650642
-52.247594,-102.285633,567.866754
-46.433986,-78.850178,565.310647
-36.890541,-61.087208,560.610386
-25.295041,-47.601411,554.842560
-12.659620,-36.549617,549.232035
0.415308,-26.547311,544.812962
13.490636,-16.500998,542.154766
26.118267,-5.301134,541.242503
37.665792,8.486794,541.550462
47.052497,26.764540,542.279111
52.507175,50.807034,542.669116
52.243123,77.754870,542.284910
46.363827,101.330571,541.176617
36.725251,119.146905,539.870465
25.042693,132.645567,539.189751
12.346278,143.700310,539.960216
-0.755063,153.707343,542.694229
-13.818711,163.763856,547.362267
-26.565758,-179.851191,553.422723
-38.010036,-166.003825,559.604215
-47.256032,-147.673999,564.717926
-52.560147,-123.674130,567.673405
-52.201631,-96.925145,567.849457
-46.322322,-73.565546,565.257955
-36.740508,-55.875283,560.534766
-25.124950,-42.434984,554.760794
-12.479922,-31.406235,549.160550
0.597863,-21.410486,544.763336
13.670242,-11.356149,542.130847
26.287882,-0.131260,541.240098
37.814220,13.705158,541.559654
47.160036,32.058881,542.288337
52.545441,56.175127,542.669561
52.196690,83.117946,542.273758
46.250928,106.616449,541.158149
36.573895,124.359185,539.854667
24.871550,137.812061,539.188832
12.165964,148.843732,539.984116
-0.937720,158.844269,542.746606
-13.997884,168.908887,547.438389
-26.734231,-174.680606,553.510117
-38.156740,-160.784570,559.685432
-47.361437,-142.379323,564.775843
-52.596540,-118.307813,567.695621
-52.154571,-91.565406,567.831615
-46.209952,-68.282069,565.204845
-36.590095,-50.664177,560.458940
-24.954667,-37.269013,554.679065
-12.300143,-26.263047,549.089305
0.780418,-16.273650,544.714060
13.849763,-6.211080,542.107274
26.457293,5.039108,541.237931
37.962240,18.924396,541.568924
47.266816,37.354406,542.297491
52.582563,61.543851,542.669848
52.149145,88.480259,542.262459
46.137318,111.901154,541.139640
36.422161,129.570637,539.838992
24.700219,142.978097,539.188201
11.985575,153.986959,540.008404
-1.120369,163.981207,542.799364
-14.176966,174.054140,547.514769
-26.902493,-169.509523,553.597548
-38.303028,-155.564441,559.766438
-47.466080,-137.083481,564.833334
-52.631801,-112.940900,567.717290
-52.106418,-86.206432,567.813230
-46.096881,-62.999744,565.151318
-36.439304,-45.453885,560.382913
-24.784193,-32.103495,554.597376
-12.120284,-21.120051,549.018302
0.962970,-11.136801,544.665136
14.029198,-1.065788,542.084043
26.626499,10.209975,541.236000
38.109848,24.144513,541.578269
47.372831,42.651117,542.306570
52.618538,66.913189,542.669977
52.100492,93.841793,542.251015
46.023001,117.184689,541.121092
36.270052,134.781269,539.823443
24.528703,148.143679,539.187858
11.805113,159.129996,540.033082
-1.303009,169.118159,542.852504
-14.355953,179.199617,547.591403
-27.070541,-164.337937,553.685014
-38.448897,-150.343433,559.847227
-47.569956,-131.786472,564.890395
-52.665926,-107.573409,567.738410
-52.057178,-80.848237,567.794302
-45.983114,-57.718569,565.097378
-36.288141,-40.244401,560.306687
-24.613531,-26.938424,554.515730
-11.940347,-15.977243,548.947543
1.145519,-5.999935,544.616563
14.208546,4.079731,542.061156
26.795497,15.381346,541.234303
38.257040,29.365516,541.587689
47.478076,47.949014,542.315574
52.653363,72.283122,542.669946
52.050735,99.202533,542.239425
45.907984,122.467057,541.102507
36.117571,139.991086,539.808021
24.357004,153.308812,539.187806
11.624579,164.272844,540.058150
-1.485638,174.255130,542.906024
-14.534846,-175.654678,547.668290
-27.238372,-159.165843,553.772510
-38.594343,-145.121540,559.927798
-47.673059,-126.488295,564.947025
-52.698912,-102.205357,567.758981
-52.006853,-75.490835,567.774834
-45.868657,-52.438543,565.043027
-36.136606,-35.035720,560.230267
-24.442683,-21.773796,554.434131
-11.760332,-10.834620,548.877032
1.328064,-0.863049,544.568343
14.387805,9.225481,542.038611
26.964286,20.553224,541.232838
38.403814,34.587409,541.597179
47.582544,53.248098,542.324499
52.687033,77.653634,542.669756
51.999879,104.562466,542.227691
45.792272,127.748259,541.083887
35.964722,145.200093,539.792730
24.185123,158.473500,539.188048
11.443975,169.415508,540.083608
-1.668256,179.392120,542.959924
-14.713643,-170.508742,547.745425
-27.405986,-153.993237,553.860033
-38.739362,-139.898757,560.008147
-47.775383,-121.188952,565.003221
-52.730757,-96.836761,567.779002
-51.955448,-70.134241,567.754825
-45.753515,-47.159662,564.988267
-35.984705,-29.827835,560.153654
-24.271649,-16.609608,554.352581
-11.580241,-5.692180,548.806769
1.510604,4.273858,544.520475
14.566973,14.371464,542.016406
27.132862,25.725615,541.231603
38.550164,39.810200,541.606738
47.686231,58.548368,542.333345
52.719547,83.024707,542.669405
51.947927,109.921577,542.215813
45.675870,133.028298,541.065233
35.811508,150.408297,539.777572
24.013064,163.637747,539.188584
11.263301,174.557990,540.109458
-1.850861,-175.470866,543.014202
-14.892342,-165.362571,547.822808
-27.573379,-148.820115,553.947581
-38.883951,-134.675078,560.088269
-47.876923,-115.888441,565.058981
-52.761457,-91.467640,567.798472
-51.902968,-64.778467,567.734276
-45.637694,-41.881925,564.933101
-35.832441,-24.620742,560.076853
-24.100433,-11.445855,554.271084
-11.400075,-0.549918,548.736757
1.693138,9.410790,544.472961
14.746050,19.517683,541.994542
27.301224,30.898524,541.230596
38.696087,45.033893,541.616364
47.789129,63.849825,542.342110
52.750900,88.396321,542.668894
51.894885,115.279851,542.203794
45.558785,138.307176,541.046548
35.657933,155.615703,539.762548
23.840826,168.801559,539.189417
11.082559,179.700293,540.135700
-2.033452,-170.333826,543.068857
-15.070943,-160.216163,547.900435
-27.740549,-143.646472,554.035148
-39.028105,-129.450497,560.168163
-47.977673,-110.586763,565.114303
-52.791010,-86.098012,567.817391
-51.849417,-59.423527,567.713190
-45.521199,-36.605328,564.877531
-35.679816,-19.414435,559.999867
-23.929037,-6.282532,554.189643
-11.219835,4.592167,548.666999
1.875664,14.547750,544.425802
14.925034,24.664143,541.973016
27.469370,36.071954,541.229814
38.841579,50.258495,541.626055
47.891233,69.152468,542.350793
52.781090,93.768460,542.668222
51.840758,120.637276,542.191633
45.441021,143.584898,541.027834
35.504000,160.822317,539.747662
23.668414,173.964938,539.190549
10.901750,-175.157579,540.162334
-2.216028,-165.196758,543.123888
-15.249443,-155.069514,547.978305
-27.907495,-138.472302,554.122733
-39.171821,-124.225009,560.247824
-48.077627,-105.283920,565.169183
-52.819412,-80.727894,567.835758
-51.794800,-54.069435,567.691566
-45.404036,-31.329869,564.821561
-35.526835,-14.208907,559.922699
-23.757461,-1.119637,554.108262
-11.039523,9.734079,548.597495
2.058182,19.684739,544.378997
15.103923,29.810845,541.951828
27.637298,41.245911,541.229257
38.986636,55.484011,541.635807
47.992537,74.456298,542.359390
52.810115,99.141104,542.667389
51.785549,125.993838,542.179331
45.322585,148.861465,541.009093
35.349713,166.028144,539.732917
23.495827,179.127889,539.191982
10.720876,-170.015624,540.189362
-2.398588,-160.059658,543.179295
-15.427841,-149.922620,548.056413
-28.074214,-133.297603,554.210331
-39.315095,-118.998609,560.327249
-48.176780,-99.979911,565.223620
-52.846662,-75.357304,567.853571
-51.739122,-48.716203,567.669406
-45.286209,-26.055544,564.765192
-35.373499,-9.004154,559.845353
-23.585707,4.042836,554.026943
-10.859140,14.875820,548.528250
2.240690,24.821762,544.332548
15.282717,34.957795,541.930978
27.805005,46.420399,541.228921
39.131254,60.710447,541.645619
48.093035,79.761313,542.367902
52.837970,104.514235,542.666393
51.729263,131.349523,542.166890
45.203481,154.136881,540.990328
35.195075,171.233190,539.718313
23.323069,-175.709584,539.193717
10.539937,-164.873838,540.216783
-2.581132,-154.922525,543.235075
-15.606137,-144.775479,548.134758
-28.240704,-128.122368,554.297939
-39.457923,-113.771290,560.406436
-48.275125,-94.674737,565.277612
-52.872756,-69.986263,567.870831
-51.682386,-43.363843,567.646711
-45.167725,-20.782351,564.708427
-35.219814,-3.800171,559.767832
-23.413779,9.204891,553.945690
-10.678686,20.017395,548.459264
2.423188,29.958821,544.286454
15.461414,40.104994,541.910463
27.972488,51.595423,541.228805
39.275429,65.937808,541.655489
48.192722,85.067514,542.376326
52.864655,109.887833,542.665235
51.671906,136.704319,542.154311
45.083716,159.411148,540.971539
35.040088,176.437461,539.703855
23.150141,-170.547477,539.195757
10.358936,-159.732219,540.244598
-2.763657,-149.785354,543.291229
-15.784328,-139.628088,548.213337
-28.406962,-122.946593,554.385554
-39.600300,-108.543047,560.485380
-48.372657,-89.368399,565.331156
-52.897692,-64.614788,567.887537
-51.624598,-38.012369,567.623483
-45.048589,-15.510287,564.651270
-35.065781,1.403050,559.690139
-23.241677,14.366531,553.864505
-10.498164,25.158806,548.390539
2.605673,35.095918,544.240717
15.640012,45.252446,541.890284
28.139747,56.770987,541.228906
39.419157,71.166100,541.665414
48.291590,90.374898,542.384660
52.890165,115.261880,542.663915
51.613483,142.058214,542.141595
44.963295,164.684271,540.952730
34.884757,-178.359038,539.689544
22.977045,-165.385785,539.198103
10.177872,-154.590764,540.272809
-2.946163,-144.648144,543.347754
-15.962414,-134.480442,548.292148
-28.572987,-117.770274,554.473173
-39.742223,-103.313875,560.564078
-48.469369,-84.060900,565.384250
-52.921468,-59.242897,567.903689
-51.565763,-32.661793,567.599722
-44.928805,-10.239348,564.593722
-34.911404,6.605512,559.612278
-23.069403,19.527761,553.783393
-10.317575,30.300056,548.322079
2.788146,40.233056,544.195337
15.818511,50.400155,541.870438
28.306778,61.947097,541.229223
39.562434,76.395330,541.675391
48.389635,95.683466,542.392904
52.914499,120.636356,542.662431
51.553997,147.411194,542.128742
44.842222,169.956252,540.933902
34.729084,-173.156301,539.675382
22.803782,-160.224504,539.200757
9.996748,-149.449468,540.301415
-3.128648,-139.510891,543.404649
-16.140392,-129.332539,548.371187
-28.738775,-112.593406,554.560791
-39.883688,-98.083768,560.642527
-48.565257,-78.752239,565.436892
-52.944082,-53.870611,567.919284
-51.505884,-27.312125,567.575430
-44.808379,-4.969531,564.535786
-34.756686,11.807222,559.534252
-22.896959,24.688585,553.702355
-10.136919,35.441147,548.253884
2.970605,45.370238,544.150315
15.996908,55.548123,541.850926
28.473579,67.123758,541.229754
39.705255,81.625502,541.685420
48.486850,100.993215,542.401054
52.937655,126.011242,542.660784
51.493454,152.763248,542.115754
44.720505,175.227095,540.915057
34.573073,-167.954322,539.661373
22.630355,-155.063630,539.203721
9.815564,-144.308330,540.330416
-3.311112,-134.373593,543.461914
-16.318262,-124.184375,548.450452
-28.904326,-107.415983,554.648405
-40.024690,-92.852720,560.720725
-48.660314,-73.442420,565.489079
-52.965531,-48.497948,567.934324
-51.444969,-21.963378,567.550608
-44.687317,0.299168,564.477465
-34.601630,17.008184,559.456064
-22.724346,29.849006,553.621396
-9.956197,40.582084,548.185957
3.153049,50.507467,544.105650
16.175203,60.696356,541.831744
28.640148,72.300973,541.230495
39.847618,86.856623,541.695497
48.583229,106.304144,542.409111
52.959629,131.386519,542.658974
51.431860,158.114364,542.102631
44.598147,-179.503196,540.896198
34.416728,-162.753095,539.647518
22.456765,-149.903160,539.206997
9.634322,-139.167347,540.359814
-3.493554,-129.236248,543.519547
-16.496023,-119.035946,548.529941
-29.069636,-102.238002,554.736012
-40.165226,-87.620727,560.798666
-48.754535,-68.131444,565.540809
-52.985813,-43.124928,567.948808
-51.383020,-16.615563,567.525256
-44.565624,5.566752,564.418762
-34.446239,22.208406,559.377718
-22.551568,35.009030,553.540518
-9.775412,45.722868,548.118301
3.335476,55.644746,544.061344
16.353394,65.844854,541.812894
28.806483,77.478749,541.231446
39.989516,92.088697,541.705620
48.678767,111.616251,542.417072
52.980421,136.762166,542.657000
51.369219,163.464531,542.089376
44.475154,-174.234618,540.877327
34.260050,-157.552616,539.633820
22.283015,-144.743089,539.210587
9.453023,-134.026515,540.389609
-3.675972,-124.098851,543.577547
-16.673672,-113.887251,548.609650
-29.234704,-97.059457,554.823608
-40.305292,-82.387782,560.876349
-48.847913,-62.819312,565.592081
-53.004927,-37.751570,567.962734
-51.320044,-11.268690,567.499378
-44.443304,10.833224,564.359679
-34.290517,27.407891,559.299218
-22.378624,40.168659,553.459724
-9.594564,50.863503,548.050916
3.517886,60.782076,544.017396
16.531479,70.993623,541.794373
28.972581,82.657089,541.232604
40.130947,97.321732,541.715787
48.773457,116.929534,542.424936
53.000027,142.138163,542.654861
51.305536,168.813737,542.075989
44.351532,-168.967166,540.858446
34.103043,-152.352879,539.620281
22.109105,-139.583413,539.214492
9.271668,-128.885831,540.419800
-3.858365,-118.961401,543.635912
-16.851208,-108.738284,548.689578
-29.399526,-91.880344,554.911191
-40.444882,-77.153880,560.953770
-48.940443,-57.506029,565.642891
-53.022870,-32.377894,567.976103
-51.256044,-5.922771,567.472973
-44.320363,16.098589,564.300219
-34.134466,32.606646,559.220566
-22.205518,45.327898,553.379018
-9.413654,56.003992,547.983804
3.700278,65.919462,543.973807
16.709457,76.142666,541.776180
29.138439,87.835999,541.233967
40.271906,102.555731,541.725995
48.867293,122.243991,542.432701
53.018446,147.514491,542.652558
51.240817,174.161972,542.062471
44.227286,-163.700838,540.839556
33.945710,-147.153877,539.606904
21.935038,-134.424129,539.218714
9.090259,-123.745293,540.450390
-4.040733,-113.823895,543.694642
-17.028630,-103.589042,548.769720
-29.564101,-86.700657,554.998756
-40.583994,-71.919015,561.030925
-49.032119,-52.191595,565.693239
-53.039641,-27.003919,567.988914
-51.191028,-0.577816,567.446043
-44.196806,21.362850,564.240385
-33.978090,37.804676,559.141766
-22.032250,50.486751,553.298403
-9.232684,61.144338,547.916969
3.882651,71.056906,543.930578
16.887327,81.291985,541.758314
29.304057,93.015483,541.235533
40.412389,107.790701,541.736243
48.960270,127.559620,542.440366
53.035676,152.891130,542.650090
51.175067,179.509225,542.048823
44.102421,-158.435628,540.820661
33.788055,-141.955606,539.593691
21.760815,-129.265231,539.223255
8.908796,-118.604898,540.481377
-4.223073,-108.686330,543.753735
-17.205937,-98.439523,548.850075
-29.728426,-81.520393,555.086299
-40.722622,-66.683183,561.107812
-49.122936,-46.876014,565.743121
-53.055239,-21.629666,568.001166
-51.124998,4.766166,567.418589
-44.072639,26.626011,564.180180
-33.821391,43.001986,559.062821
-21.858823,55.645221,553.217881
-9.051655,66.284543,547.850412
4.065002,76.194411,543.887709
17.065087,86.441585,541.740775
29.469430,98.195547,541.237299
40.552391,113.026648,541.746528
49.052381,132.876418,542.447929
53.051716,158.268059,542.647458
51.108291,-175.144515,542.035047
43.976942,-153.171534,540.801762
33.630081,-136.758060,539.580645
21.586439,-124.106716,539.228116
8.727280,-113.464642,540.512762
-4.405386,-103.548703,543.813189
-17.383127,-93.289723,548.930640
-29.892499,-76.339545,555.173818
-40.860763,-61.446378,561.184427
-49.212887,-41.559288,565.792535
-53.069661,-16.255153,568.012860
-51.057962,10.109163,567.390614
-43.947866,31.888076,564.119605
-33.664372,48.198581,558.983735
-21.685237,60.803313,553.137456
-8.870567,71.424612,547.784134
4.247332,81.331979,543.845200
17.242736,91.591469,541.723560
29.634557,103.376195,541.239264
40.691908,118.263577,541.756848
49.143621,138.194382,542.455388
53.066564,163.645258,542.644660
51.040494,-169.799257,542.021144
43.850855,-147.908549,540.782862
33.471789,-131.561234,539.567768
21.411910,-118.948581,539.233300
8.545714,-108.324523,540.544546
-4.587669,-98.411011,543.873004
-17.560198,-88.139637,549.011411
-30.056317,-71.158109,555.261310
-40.998412,-56.208594,561.260767
-49.301966,-36.241422,565.841481
-53.082907,-10.880402,568.023995
-50.989923,15.451167,567.362117
-43.822492,37.149050,564.058665
-33.507036,53.394468,558.904512
-21.511496,65.961031,553.057131
-8.689423,76.564545,547.718137
4.429640,86.469613,543.803051
17.420273,96.741640,541.706668
29.799435,108.557432,541.241426
40.830936,123.501493,541.767201
49.233983,143.513509,542.462743
53.080219,169.022705,542.641697
50.971682,-164.455010,542.007115
43.724165,-142.646672,540.763963
33.313184,-126.365121,539.555062
21.237231,-113.790821,539.238808
8.364098,-103.184537,540.576729
-4.769922,-93.273252,543.933177
-17.737150,-82.989264,549.092387
-30.219878,-65.976080,555.348769
-41.135565,-50.969826,561.336829
-49.390168,-30.922418,565.889954
-53.094975,-5.505432,568.034570
-50.920888,20.792168,567.333102
-43.696522,42.408936,563.997362
-33.349387,58.589652,558.825153
-21.337600,71.118377,552.976909
-8.508223,81.704347,547.652425
4.611923,91.607316,543.761262
17.597695,101.892102,541.690099
29.964062,113.739264,541.243781
40.969470,128.740402,541.777584
49.323462,148.833795,542.469991
53.092678,174.400382,542.638569
50.901861,-159.111786,541.992961
43.596876,-137.385896,540.745066
33.154269,-121.169717,539.542531
21.062403,-108.633432,539.244641
8.182433,-98.044683,540.609310
-4.952143,-88.135423,543.993708
-17.913980,-77.838599,549.173563
-30.383180,-60.793454,555.436194
-41.272218,-45.730069,561.412610
-49.477487,-25.602281,565.937955
-53.105863,-0.130264,568.044585
-50.850861,26.132158,567.303568
-43.569962,47.667739,563.935698
-33.191427,63.784137,558.745664
-21.163551,76.275358,552.896793
-8.326968,86.844021,547.586997
4.794181,96.745091,543.719835
17.775001,107.042859,541.673851
30.128436,118.921695,541.246329
41.107505,133.980309,541.787995
49.412051,154.155238,542.477132
53.103941,179.778267,542.635275
50.831036,-153.769592,541.978684
43.468994,-132.126219,540.726175
32.995046,-115.975016,539.530175
20.887428,-103.476411,539.250802
8.000720,-92.904956,540.642292
-5.134333,-82.997521,544.054595
-18.090688,-72.687638,549.254939
-30.546220,-55.610224,555.523580
-41.408366,-40.489317,561.488106
-49.563918,-20.281014,565.985479
-53.115572,5.245083,568.054041
-50.779849,31.471127,567.273518
-43.442816,52.925463,563.873677
-33.033159,68.977929,558.666047
-20.989351,81.431975,552.816785
-8.145660,91.983569,547.521856
4.976413,101.882941,543.678768
17.952191,112.193913,541.657922
30.292553,124.104731,541.249066
41.245039,139.221221,541.798432
49.499745,159.477832,542.484164
53.114007,-174.843661,542.631816
50.759211,-148.428438,541.964284
43.340524,-126.867634,540.707291
32.835518,-110.781012,539.517997
20.712307,-98.319754,539.257292
7.818962,-87.765354,540.675673
-5.316488,-77.859543,544.115837
-18.267271,-67.536379,549.336510
-30.708995,-50.426387,555.610924
-41.544004,-35.247566,561.563314
-49.649454,-14.958621,566.032526
-53.124100,10.620587,568.062935
-50.707855,36.809067,567.242953
-43.315089,58.182113,563.811301
-32.874586,74.171034,558.586306
-20.815002,86.588233,552.736890
-7.964300,97.122994,547.457005
5.158618,107.020868,543.638063
18.129261,117.345269,541.642312
30.456411,129.288376,541.251991
41.382065,144.463142,541.808894
49.586537,164.801574,542.491085
53.122875,-169.465422,542.628190
50.686394,-143.088332,541.949763
43.211472,-121.610138,540.688416
32.675688,-105.587701,539.506001
20.537043,-93.163456,539.264113
7.637158,-82.625874,540.709453
-5.498609,-72.721486,544.177431
-18.443729,-62.384818,549.418273
-30.871503,-45.241937,555.698223
-41.679129,-30.004810,561.638231
-49.734090,-9.635107,566.079094
-53.131446,15.996229,568.071269
-50.634887,42.145970,567.211874
-43.186787,63.437692,563.748574
-32.715710,79.363457,558.506444
-20.640504,91.744136,552.657110
-7.782888,102.262299,547.392444
5.340795,112.158875,543.597720
18.306212,122.496930,541.627019
30.620008,134.472636,541.255101
41.518579,149.706077,541.819376
49.672422,170.126460,542.497895
53.130544,-164.087038,542.624400
50.612589,-137.749282,541.935122
43.081841,-116.353727,540.669553
32.515560,-100.395076,539.494188
20.361637,-88.007514,539.271266
7.455309,-77.486513,540.743634
-5.680694,-67.583348,544.239377
-18.620059,-57.232951,549.500226
-31.033741,-40.056869,555.785473
-41.813735,-24.761044,561.712855
-49.817819,-4.310477,566.125180
-53.137610,21.371988,568.079042
-50.560948,47.481828,567.180283
-43.057913,68.692205,563.685497
-32.556535,84.555203,558.426465
-20.465861,96.899687,552.577447
-7.601427,107.401487,547.328176
5.522942,117.296966,543.557738
18.483041,127.648900,541.612041
30.783341,139.657516,541.258395
41.654577,154.950032,541.829878
49.757394,175.452485,542.504591
53.137013,-158.708530,542.620443
50.537802,-132.411297,541.920364
42.951637,-111.098394,540.650705
32.355135,-95.203133,539.482561
20.186090,-82.851924,539.278753
7.273419,-72.347269,540.778215
-5.862742,-62.445126,544.301674
-18.796261,-52.080774,549.582367
-31.195708,-34.871178,555.872670
-41.947819,-19.516263,561.787181
-49.900637,1.015264,566.170782
-53.142590,26.747843,568.086254
-50.486046,52.816633,567.148183
-42.928473,73.945658,563.622075
-32.397063,89.746278,558.346371
-20.291072,102.054890,552.497905
-7.419916,112.540560,547.264202
5.705058,122.435142,543.518117
18.659747,132.801182,541.597379
30.946408,144.843020,541.261869
41.790055,160.195013,541.840397
49.841447,-179.220356,542.511172
53.142282,-153.329918,542.616320
50.462039,-127.074385,541.905488
42.820865,-105.844137,540.631873
32.194417,-90.011866,539.471122
20.010405,-77.696682,539.286576
7.091486,-67.208138,540.813196
-6.044752,-57.306816,544.364319
-18.972332,-46.928284,549.664691
-31.357399,-29.684859,555.959811
-42.081375,-14.270461,561.861207
-49.982537,6.342112,566.215899
-53.146387,32.123774,568.092905
-50.410184,58.150378,567.115573
-42.798472,79.198054,563.558309
-32.237298,94.936686,558.266167
-20.116141,107.209750,552.418488
-7.238358,117.679523,547.200524
5.887143,127.573407,543.478859
18.836328,137.953781,541.583029
31.109206,150.029154,541.265523
41.925007,165.441024,541.850932
49.924575,-173.892068,542.517638
53.146349,-147.951223,542.612031
50.385305,-121.738552,541.890496
42.689530,-100.590949,540.613059
32.033408,-84.821270,539.459873
19.834583,-72.541785,539.294736
6.909513,-62.069117,540.848577
-6.226722,-52.168417,544.427310
-19.148272,-41.775478,549.747197
-31.518814,-24.497907,556.046893
-42.214400,-9.023634,561.934929
-50.063514,11.670061,566.260530
-53.149000,37.499760,568.098994
-50.333370,63.483056,567.082456
-42.667914,84.449399,563.494203
-32.077241,100.126432,558.185856
-19.941067,112.364269,552.339197
-7.056754,122.818377,547.137143
6.069195,132.711763,543.439962
19.012783,143.106698,541.568990
31.271732,155.215923,541.269353
42.059429,170.688071,541.861479
50.006772,-168.562657,542.523986
53.149215,-142.572467,542.607577
50.307607,-116.403806,541.875390
42.557637,-95.338826,540.594266
31.872112,-79.631339,539.448817
19.658625,-67.387229,539.303235
6.727500,-56.930204,540.884359
-6.408652,-47.029925,544.490647
-19.324078,-36.622351,549.829880
