-29.139672,-23.025317,554.772387
-40.224688,-8.385014,560.831009
-48.794242,11.137832,565.562168
-52.994063,36.170419,567.954566
-51.356435,62.668708,567.514373
-44.513820,84.816940,564.394019
-34.380234,101.430135,559.344931
-22.478240,114.213812,553.506908
-9.698722,124.919562,548.090480
3.412835,134.840012,544.043512
16.428926,145.044942,541.805838
28.876945,156.691337,541.232671
40.049545,171.324427,541.710544
48.719021,-169.114021,542.420845
52.988879,-143.941415,542.656312
51.342344,-117.250251,542.083671
44.422813,-94.984044,540.869036
34.193515,-78.330800,539.627555
22.209290,-65.538300,539.211521
9.376126,-54.829807,540.401557
-3.753322,-44.903537,543.601388
-16.748976,-34.687076,548.642665
-29.304636,-17.846531,554.859979
-40.364553,-3.151664,560.908584
-48.887262,16.450453,565.613247
-53.012680,41.543914,567.968259
-51.293024,68.015177,567.488274
-44.391236,90.082942,564.334779
-34.224372,106.629310,559.266369
-22.305227,119.373275,553.426153
-9.517848,130.060135,548.023212
3.595237,139.977365,543.999716
16.606966,150.193826,541.787456
29.042942,161.869918,541.233915
40.190776,176.557870,541.720726
48.813350,-163.800240,542.428664
53.007982,-138.565275,542.654100
51.278221,-111.901455,542.070225
44.298926,-89.717069,540.850148
34.036370,-73.131375,539.614082
22.035314,-60.378790,539.215558
9.194748,-49.689185,540.431916
-3.935705,-39.766063,543.659908
-16.926464,-29.537993,548.722684
-29.469353,-12.667175,554.947556
-40.503941,2.082646,560.985895
-48.979430,21.764225,565.663864
-53.030127,46.917720,567.981395
-51.228592,73.360689,567.461650
-44.268034,95.347838,564.275163
-34.068182,111.827757,559.187656
-22.132052,124.532350,553.345487
-9.336913,135.200563,547.956219
3.777621,145.114776,543.956281
16.784898,155.342986,541.769401
29.208698,167.049071,541.235363
40.331533,-178.207720,541.730949
48.906823,-158.485285,542.436383
53.025897,-133.188812,542.651724
51.213064,-106.553635,542.056648
44.174417,-84.451215,540.831253
33.878900,-67.932684,539.600772
21.861180,-55.219670,539.219913
9.013316,-44.548708,540.462672
-4.118061,-34.628532,543.718791
-17.103838,-24.388634,548.802918
-29.633823,-7.487244,555.035114
-40.642848,7.317920,561.062939
-49.070743,27.079146,565.714018
-53.046400,52.291815,567.993973
-51.163146,78.705232,567.434501
-44.144217,100.611632,564.215174
-33.911669,117.025480,559.108797
-21.958717,129.691040,553.264914
-9.155917,140.340849,547.889502
3.959985,150.252245,543.913204
16.962722,160.492423,541.751673
29.374212,172.228800,541.237012
40.471813,-172.972336,541.741211
48.999433,-153.169160,542.444002
53.042623,-127.812048,542.649183
51.146878,-101.206802,542.042943
44.049291,-79.186479,540.812352
33.721109,-62.734721,539.587626
21.686892,-50.060935,539.224588
8.831830,-39.408372,540.493827
-4.300390,-29.490941,543.778037
-17.281095,-19.238996,548.883363
-29.798041,-2.306733,555.122650
-40.781270,12.554164,561.139713
-49.161193,32.395213,565.763705
-53.061499,57.666181,568.005992
-51.096688,84.048797,567.406829
-44.019792,105.874328,564.154815
-33.754834,122.222487,559.029795
-21.785222,134.849349,553.184435
-8.974863,145.480996,547.823064
4.142327,155.389776,543.870488
17.140435,165.642143,541.734271
29.539482,177.409111,541.238862
40.611610,-167.735974,541.751508
49.091176,-147.851868,542.451518
53.058158,-122.435003,542.646477
51.079669,-95.860965,542.029109
43.923554,-73.922856,540.793450
33.563000,-57.537480,539.574649
21.512451,-44.902582,539.229584
8.650293,-34.268175,540.525380
-4.482690,-24.353287,543.837644
-17.458235,-14.089075,548.964016
-29.962006,2.874364,555.210159
-40.919203,17.791384,561.216215
-49.250775,37.712422,565.812924
-53.075423,63.040797,568.017452
-51.029226,89.391375,567.378636
-43.894764,111.135930,564.094089
-33.597681,127.418781,558.950653
-21.611571,140.007282,553.104054
-8.793752,150.621006,547.756907
4.324648,160.527372,543.828132
17.318036,170.792148,541.717192
29.704503,-177.409992,541.240908
40.750920,-162.498627,541.761840
49.182044,-142.533410,542.458931
53.072500,-117.057696,542.643606
51.011441,-90.516135,542.015149
43.797210,-68.660341,540.774546
33.404575,-52.340957,539.561841
21.337858,-39.744606,539.234902
8.468705,-29.128112,540.557332
-4.664960,-19.215567,543.897611
-17.635256,-8.938868,549.044875
-30.125716,8.056051,555.297639
-41.056642,23.029585,561.292440
-49.339483,43.030771,565.861672
-53.088169,68.415644,568.028352
-50.960764,94.732954,567.349923
-43.769136,116.396442,564.032997
-33.440212,132.614369,558.871375
-21.437763,145.164842,553.023774
-8.612583,155.760884,547.691032
4.506945,165.665035,543.786136
17.495524,175.942443,541.700437
29.869275,-172.228503,541.243151
40.889739,-157.260291,541.772204
49.272032,-137.213792,542.466238
53.085648,-111.680148,542.640570
50.942200,-85.172321,542.001063
43.670265,-63.398932,540.755644
33.245838,-47.145145,539.549206
21.163115,-34.587004,539.240546
8.287068,-23.988183,540.589682
-4.847200,-14.077778,543.957936
-17.812156,-3.788371,549.125937
-30.289167,13.238332,555.385086
-41.193584,28.268772,561.368385
-49.427311,48.350256,565.909948
-53.099737,73.790700,568.038694
-50.891308,100.073528,567.320690
-43.642916,121.655869,563.971544
-33.282430,137.809256,558.791963
-21.263802,150.322032,552.943599
-8.431360,160.900631,547.625441
4.689218,170.802768,543.744501
17.672898,-178.906971,541.684003
30.033795,-167.046417,541.245586
41.028062,-152.020959,541.782597
49.361134,-131.893015,542.473438
53.097600,-106.302381,542.637368
50.871953,-79.829532,541.986853
43.542724,-58.138622,540.736747
33.086792,-41.950040,539.536746
20.988225,-29.429772,539.246516
8.105383,-18.848382,540.622432
-5.029408,-8.939919,544.018617
-17.988935,1.362419,549.207199
-30.452358,18.421214,555.472496
-41.330023,33.508950,561.444048
-49.514254,53.670873,565.957750
-53.110125,79.165947,568.048475
-50.820862,105.413085,567.290941
-43.516107,126.914213,563.909732
-33.124339,143.003446,558.712422
-21.089689,155.478858,552.863530
-8.250083,166.040251,547.560136
4.871465,175.940574,543.703227
17.850155,-173.756088,541.667890
30.198060,-161.863730,541.248213
41.165885,-146.780627,541.793017
49.449344,-126.571084,542.480530
53.108356,-100.924414,542.634001
50.800703,-74.487778,541.972520
43.414593,-52.879408,540.717855
32.927439,-36.755635,539.524463
20.813188,-24.272905,539.252815
7.923651,-13.708709,540.655582
-5.211583,-3.801984,544.079655
-18.165590,6.513505,549.288658
-30.615286,23.604701,555.559867
-41.465955,38.750125,561.519425
-49.600306,58.992618,566.005075
-53.119334,84.541363,568.057696
-50.749433,110.751619,567.260676
-43.388714,132.171481,563.847563
-32.965942,148.196947,558.632755
-20.915426,160.635322,552.783572
-8.068752,171.179746,547.495119
5.053686,-178.921544,543.662314
18.027294,-168.604906,541.652096
30.362068,-156.680437,541.251028
41.303204,-141.539288,541.803462
49.536657,-121.248002,542.487512
53.117914,-95.546269,542.630468
50.728457,-69.147067,541.958066
43.285875,-47.621286,540.698971
32.767783,-31.561926,539.512359
20.638006,-19.116401,539.259443
7.741873,-8.569159,540.689131
-5.393724,1.336027,544.141046
-18.342120,11.664892,549.370312
-30.777948,28.788797,555.647194
-41.601376,43.992301,561.594512
-49.685461,64.315487,566.051922
-53.127360,89.916928,568.066356
-50.677025,116.089120,567.229896
-43.260742,137.427676,563.785041
-32.807240,153.389762,558.552965
-20.741013,165.791429,552.703727
-7.887370,176.319120,547.430392
5.235879,-173.783583,543.621762
18.204314,-163.453421,541.636620
30.525815,-151.496532,541.254030
41.440014,-136.296938,541.813930
49.623065,-115.923774,542.494383
53.126274,-90.167966,542.626769
50.655220,-63.807408,541.943491
43.156576,-42.364250,540.680098
32.607826,-26.368906,539.500438
20.462682,-13.960254,539.266402
7.560050,-3.429730,540.723080
-5.575830,6.474117,544.202790
-18.518524,16.816583,549.452157
-30.940342,33.973509,555.734474
-41.736281,49.235485,561.669308
-49.769713,69.639475,566.098289
-53.134205,95.292622,568.074455
-50.603645,121.425581,567.198603
-43.132197,142.682802,563.722168
-32.648237,158.581897,558.473055
-20.566454,170.947183,552.623998
-7.705937,-178.541625,547.365956
5.418043,-168.645541,543.581572
18.381213,-158.301630,541.621460
30.689301,-146.312010,541.257217
41.576310,-131.053570,541.824419
49.708564,-110.598405,542.501141
53.133434,-84.789527,542.622904
50.580998,-58.468809,541.928796
43.026702,-37.108297,540.661238
32.447572,-21.176571,539.488700
20.287216,-8.804462,539.273695
7.378183,1.709581,540.757429
-5.757899,11.612291,544.264884
-18.694800,21.968581,549.534191
-31.102465,39.158840,555.821703
-41.870667,54.479681,561.743808
-49.853056,74.964577,566.144173
-53.139867,100.668424,568.081994
-50.529297,126.760993,567.166799
-43.003082,147.936865,563.658948
-32.488936,163.773357,558.393030
-20.391748,176.102586,552.544389
-7.524455,-173.402486,547.301813
5.600177,-163.507414,543.541744
18.557990,-153.149528,541.606615
30.852521,-141.126866,541.260586
41.712088,-125.809181,541.834926
49.793147,-105.271899,542.507786
53.139394,-79.410972,542.618874
50.505796,-53.131278,541.913984
42.896257,-31.853421,540.642393
32.287022,-15.984916,539.477150
20.111610,-3.649020,539.281322
7.196274,6.848777,540.792179
-5.939931,16.750550,544.327328
-18.870947,27.120890,549.616411
-31.264316,44.344797,555.908879
-42.004527,59.724895,561.818009
-49.935486,80.290789,566.189573
-53.144345,106.044314,568.088971
-50.453987,132.095350,567.134486
-42.873404,153.189869,563.595382
-32.329339,168.964148,558.312892
-20.216899,-178.742357,552.464901
-7.342924,-168.263460,547.237966
5.782280,-158.369201,543.502277
18.734643,-147.997112,541.592084
31.015474,-135.941095,541.264135
41.847343,-120.563764,541.845449
49.876808,-99.944260,542.514315
53.144153,-74.032322,542.614677
50.429621,-47.794822,541.899056
42.765246,-26.599617,540.623565
32.126180,-10.793934,539.465788
19.935866,1.506075,539.289286
7.014324,11.987861,540.827328
-6.121925,21.888897,544.390120
-19.046963,32.273514,549.698813
-31.425890,49.531384,555.995997
-42.137859,64.971131,561.891909
-50.016995,85.618104,566.234487
-53.147640,111.420271,568.095387
-50.377721,137.428643,567.101664
-42.743166,158.441819,563.531475
-32.169449,174.154275,558.232644
-20.041907,-173.587642,552.385539
-7.161347,-163.124544,547.174415
5.964351,-153.230898,543.463172
18.911171,-142.844379,541.577866
31.178157,-130.754692,541.267862
41.982071,-115.317314,541.855987
49.959542,-94.615495,542.520728
53.147711,-68.653598,542.610315
50.352477,-42.459449,541.884012
42.633674,-21.346881,540.604757
31.965050,-5.603620,539.454618
19.759986,6.660827,539.297587
6.832334,17.126836,540.862879
-6.303879,27.027335,544.453259
-19.222846,37.426455,549.781395
-31.587186,54.718606,556.083054
-42.270656,70.218394,561.965505
-50.097579,90.946518,566.278913
-53.149751,116.796274,568.101241
-50.300504,142.760866,567.068336
-42.612374,163.692719,563.467229
-32.009269,179.343743,558.152291
-19.866775,-168.433266,552.306305
-6.979723,-157.985735,547.111162
6.146388,-148.092501,543.424429
19.087572,-137.691325,541.563958
31.340567,-125.567652,541.271764
42.116266,-110.069827,541.866536
50.041343,-89.285609,542.527023
53.150068,-63.274823,542.605787
50.274372,-37.125167,541.868855
42.501545,-16.095209,540.585970
31.803632,-0.413970,539.443642
19.583971,11.815240,539.306228
6.650305,22.265704,540.898829
-6.485791,32.165867,544.516742
-19.398595,42.579719,549.864154
-31.748201,59.906469,556.170046
-42.402915,75.466689,562.038792
-50.177232,96.276024,566.322849
-53.150677,122.172304,568.106534
-50.222341,148.092012,567.034503
-42.481031,168.942574,563.402647
-31.848802,-175.467442,558.071835
-19.691503,-163.279225,552.227202
-6.798054,-152.847030,547.048210
6.328391,-142.954010,543.386048
19.263844,-132.537946,541.550361
31.502702,-120.379970,541.275840
42.249925,-104.821296,541.877095
50.122204,-83.954607,542.533199
53.151222,-57.896015,542.601093
50.195309,-31.791981,541.853585
42.368865,-10.844594,540.567208
31.641931,4.775023,539.432862
19.407823,16.969318,539.315209
6.468238,27.404469,540.935181
-6.667662,37.304496,544.580568
-19.574209,47.733308,549.947087
-31.908933,65.094977,556.256971
-42.534631,80.716022,562.111768
-50.255947,101.606617,566.366293
-53.150419,127.548338,568.111265
-50.143240,153.422075,567.000167
-42.349144,174.191389,563.337731
-31.688050,-170.279276,557.991281
-19.516094,-158.125515,552.148232
-6.616342,-147.708427,546.985559
6.510359,-137.815420,543.348029
19.439986,-127.384239,541.537071
31.664558,-115.191639,541.280087
42.383042,-99.571717,541.887662
50.202120,-78.622495,542.539254
53.151175,-52.517198,542.596233
50.115295,-26.459898,541.838204
42.235639,-5.595032,540.548472
31.479949,9.963363,539.422280
19.231543,22.123064,539.324533
6.286135,32.543133,540.971933
-6.849490,42.443224,544.644735
-19.749686,52.887226,550.030192
-32.069378,70.284136,556.343824
-42.665800,85.966398,562.184430
-50.333720,106.938291,566.409244
-53.148977,132.924358,568.115435
-50.063204,158.751048,566.965329
-42.216716,179.439169,563.272486
-31.527016,-165.091754,557.910630
-19.340548,-152.972133,552.069400
-6.434586,-142.569923,546.923211
6.692289,-132.676728,543.310372
19.615997,-122.230199,541.524088
31.826134,-110.002656,541.284503
42.515613,-94.321084,541.898234
50.281086,-73.289281,542.545187
53.149926,-47.138391,542.591207
50.034337,-21.128925,541.822714
42.101871,-0.346517,540.529765
31.317688,15.151055,539.411899
19.055133,27.276482,539.334201
6.103996,37.681699,541.009086
-7.031274,47.582055,544.709242
-19.925025,58.041477,550.113464
-32.229534,75.473951,556.430602
-42.796415,91.217820,562.256776
-50.410545,112.271037,566.451700
-53.146350,138.300341,568.119042
-49.982240,164.078926,566.929992
-42.083752,-175.314081,563.206913
-31.365703,-159.904869,557.829888
-19.164868,-147.819075,551.990707
-6.252790,-137.431515,546.861169
6.874182,-127.537933,543.273077
19.791875,-117.075824,541.511411
31.987426,-104.813014,541.289086
42.647633,-89.069394,541.908809
50.359095,-67.954969,542.550998
53.147475,-41.759616,542.586016
49.952439,-15.799068,541.807115
41.967566,4.900954,540.511088
31.155152,20.338106,539.401722
18.878594,32.429575,539.344215
5.921823,42.820170,541.046639
-7.213012,52.720991,544.774088
-20.100223,63.196064,550.196901
-32.389398,80.664428,556.517302
-42.926474,96.470294,562.328801
-50.486416,117.604851,566.493658
-53.142540,143.676268,568.122087
-49.900353,169.405702,566.894156
-41.950257,-170.068357,563.141016
-31.204113,-154.718618,557.749057
-18.989054,-142.666337,551.912157
-6.070953,-132.293199,546.799433
7.056035,-122.399031,543.236144
19.967618,-111.921109,541.499037
32.148431,-99.622709,541.293833
42.779097,-83.816640,541.919385
50.436141,-62.619568,542.556684
53.143822,-36.380895,542.580660
49.869607,-10.470332,541.791411
41.832728,10.147388,540.492445
30.992342,25.524519,539.391750
18.701928,37.582348,539.354575
5.739616,47.958549,541.084593
-7.394704,57.860035,544.839269
-20.275279,68.350991,550.280500
-32.548968,85.855571,556.603920
-43.055970,101.723824,562.400503
-50.561328,122.939724,566.535118
-53.137546,149.052118,568.124571
-49.817550,174.731372,566.857824
-41.816236,-164.823652,563.074798
-31.042248,-149.532995,557.668140
-18.813110,-137.513916,551.833753
-5.889076,-127.154974,546.738005
7.237848,-117.260018,543.199573
20.143224,-106.766051,541.486966
32.309148,-94.431735,541.298743
42.910000,-78.562819,541.929960
50.512220,-57.283084,542.562245
53.138969,-31.002247,542.575138
49.785848,-5.142723,541.775600
41.697363,15.392789,540.473837
30.829263,30.710301,539.381985
18.525137,42.734804,539.365284
5.557377,53.096839,541.122948
-7.576348,62.999191,544.904786
-20.450193,73.506263,550.364259
-32.708241,91.047385,556.690452
-43.184900,106.978416,562.471878
-50.635275,128.275649,566.576077
-53.131369,154.427870,568.126493
-49.733835,-179.944070,566.820997
-41.681692,-159.579963,563.008261
-30.880112,-144.347995,557.587141
-18.637035,-132.361808,551.755496
-5.707162,-122.016836,546.676887
7.419620,-112.120893,543.163364
20.318693,-101.610645,541.475195
32.469573,-89.240086,541.303812
43.040337,-73.307924,541.940532
50.587324,-51.945524,542.567679
53.132914,-25.623695,542.569450
49.701167,0.183755,541.759687
41.561475,20.637163,540.455267
30.665915,35.895456,539.372431
18.348222,47.886947,539.376342
5.375108,58.235042,541.161703
-7.757943,68.138460,544.970635
-20.624961,78.661882,550.448173
-32.867213,96.239876,556.776895
-43.313258,112.234073,562.542925
-50.708251,133.612619,566.616535
-53.124010,159.803504,568.127853
-49.649215,-174.620629,566.783677
-41.546631,-154.337283,562.941409
-30.717707,-139.163612,557.506064
-18.460832,-127.210010,551.677391
-5.525210,-116.878783,546.616080
7.601350,-106.981653,543.127516
20.494022,-96.454889,541.463724
32.629703,-84.047759,541.309039
43.170104,-68.051951,541.951099
50.661450,-46.606897,542.572985
53.125660,-20.245259,542.563598
49.615571,5.509095,541.743671
41.425069,25.880515,540.436738
30.502303,41.079990,539.363090
18.171185,53.038779,539.387752
5.192808,63.373162,541.200858
-7.939488,73.277846,545.036815
-20.799582,83.817852,550.532240
-33.025883,101.433050,556.863245
-43.441039,117.490800,562.613639
-50.780252,138.950625,566.656488
-53.115469,165.178999,568.128651
-49.563695,-169.298310,566.745867
-41.411057,-149.095608,562.874245
-30.555035,-133.979842,557.424912
-18.284501,-122.058517,551.599440
-5.343223,-111.740812,546.555586
7.783036,-101.842294,543.092030
20.669210,-91.298778,541.452550
32.789535,-78.854746,541.314421
43.299294,-62.794897,541.961659
50.734590,-41.267210,542.578162
53.117206,-14.866961,542.557581
49.529065,10.833293,541.727554
41.288148,31.122851,540.418250
30.338427,46.263907,539.353963
17.994027,58.190306,539.399515
5.010480,68.511201,541.240414
-8.120982,78.417351,545.103325
-20.974056,88.974178,550.616457
-33.184247,106.626911,556.949499
-43.568239,122.748603,562.684018
-50.851272,144.289659,566.695935
-53.105747,170.554335,568.128888
-49.477282,-163.977116,566.707567
-41.274973,-143.854933,562.806772
-30.392099,-128.796680,557.343687
-18.108045,-116.907327,551.521646
-5.161201,-106.602919,546.495405
7.964677,-96.702814,543.056905
20.844254,-86.142309,541.441673
32.949068,-73.661043,541.319957
43.427905,-57.536755,541.972209
50.806739,-35.926471,542.583209
53.107553,-9.488820,542.551400
49.441654,16.156345,541.711338
41.150719,36.364175,540.399808
30.174292,51.447213,539.345053
17.816749,63.341530,539.411631
4.828125,73.649162,541.280370
-8.302424,83.556979,545.170162
-21.148379,94.130862,550.700821
-33.342303,111.821465,557.035654
-43.694853,128.007484,562.754059
-50.921305,149.629714,566.734876
-53.094845,175.929492,568.128564
-49.389980,-158.657052,566.668780
-41.138386,-138.615252,562.738992
-30.228902,-123.614121,557.262395
-17.931466,-111.756436,551.444011
-4.979145,-101.465103,546.435541
8.146272,-91.563209,543.022142
21.019154,-80.985477,541.431090
33.108296,-68.466644,541.325643
43.555929,-52.277521,541.982747
50.877893,-30.584689,542.588124
53.096703,-4.110859,542.545053
49.353346,21.478247,541.695025
41.012784,41.604494,540.381413
30.009899,56.629913,539.336362
17.639354,68.492455,539.424103
4.645743,78.787047,541.320726
-8.483813,88.696733,545.237324
-21.322551,99.287910,550.785329
-33.500047,117.016718,557.121706
-43.820875,133.267448,562.823759
-50.990346,154.970780,566.773307
-53.082765,-178.695551,568.127678
-49.301796,-153.338123,566.629507
-41.001299,-133.376560,562.670910
-30.065445,-118.432160,557.181037
-17.754763,-106.605840,551.366539
-4.797057,-96.327360,546.375994
8.327820,-86.423477,542.987739
21.193908,-75.828278,541.420801
33.267219,-63.271545,541.331478
43.683363,-47.017192,541.993272
50.948044,-25.241873,542.592907
53.084656,1.266902,542.538543
49.264145,26.798995,541.678616
40.874350,46.843812,540.363068
29.845252,61.812012,539.327893
17.461843,73.643084,539.436931
4.463335,83.924860,541.361481
-8.665146,93.836615,545.304811
-21.496570,104.445324,550.869977
-33.657477,122.212674,557.207651
-43.946301,138.528501,562.893114
-51.058390,160.312847,566.811229
-53.069506,-173.320814,568.126231
-49.212735,-148.020331,566.589751
-40.863716,-128.138852,562.602527
-29.901732,-113.250791,557.099617
-17.577940,-101.455536,551.289232
-4.614937,-91.189687,546.316765
8.509319,-81.283615,542.953697
21.368514,-70.670710,541.410802
33.425833,-58.075738,541.337460
43.810201,-41.755761,542.003781
51.017188,-19.898032,542.597557
53.071413,6.644443,542.531869
49.174059,32.118584,541.662112
40.735419,52.082135,540.344774
29.680352,66.993515,539.319648
17.284216,78.793421,539.450118
4.280904,89.062604,541.402636
-8.846425,98.976628,545.372619
-21.670435,109.603109,550.954762
-33.814590,127.409339,557.293486
-44.071126,143.790645,562.962123
-51.125431,165.655908,566.848638
-53.055071,-167.946318,568.124223
-49.122804,-142.703681,566.549513
-40.725643,-122.902123,562.533848
-29.737765,-108.070010,557.018140
-17.400997,-96.305520,551.212093
-4.432787,-86.052083,546.257856
8.690769,-76.143620,542.920016
21.542971,-65.512768,541.401094
33.584134,-52.879220,541.343585
43.936438,-36.493226,542.014272
51.085320,-14.553174,542.602071
53.056977,12.021743,542.525032
49.083092,37.437012,541.645515
40.595997,57.319469,540.326535
29.515201,72.174426,539.311629
17.106476,83.943470,539.463664
4.098449,94.200281,541.444190
-9.027646,104.116775,545.440748
-21.844142,114.761268,551.039682
-33.971383,132.606718,557.379207
-44.195344,149.053885,563.030782
-51.191464,170.999951,566.885534
-53.039461,-162.572081,568.121654
-49.032007,-137.388175,566.508796
-40.587082,-117.666366,562.464875
-29.573546,-102.889813,556.936607
-17.223935,-91.155789,551.135124
-4.250607,-80.914543,546.199268
8.872168,-71.003489,542.886695
21.717276,-60.354448,541.391674
33.742121,-47.681984,541.349852
44.062069,-31.229582,542.024743
51.152433,-9.207311,542.606450
53.041348,17.398781,542.518031
48.991251,42.754276,541.628828
40.456088,62.555819,540.308352
29.349804,77.354752,539.303839
16.928625,89.093235,539.477571
3.915972,99.337894,541.486144
-9.208809,109.257059,545.509194
-22.017692,119.919806,551.124734
-34.127852,137.804817,557.464812
-44.318950,154.318225,563.099088
-51.256484,176.344968,566.921915
-53.022678,-157.198124,568.118526
-48.940352,-132.073816,566.467600
-40.448039,-112.431577,562.395610
-29.409077,-97.710193,556.855023
-17.046757,-86.006340,551.058329
-4.068400,-75.777065,546.141003
9.053516,-65.863220,542.853734
21.891428,-55.195745,541.382540
33.899789,-42.484025,541.356259
44.187089,-25.964824,542.035192
51.218523,-3.860451,542.610693
53.024527,22.775537,542.510867
48.898542,48.070371,541.612050
40.315697,67.791190,540.290228
29.184161,82.534496,539.296279
16.750663,94.242717,539.491839
3.733474,104.475445,541.528496
-9.389912,114.397484,545.577957
-22.191082,125.078725,551.209913
-34.283996,143.003641,557.550295
-44.441941,159.583668,563.167038
-51.320487,-178.309052,566.957779
-53.004722,-151.824467,568.114837
-48.847843,-126.760608,566.425929
-40.308517,-107.197750,562.326059
-29.244362,-92.531147,556.773391
-16.869464,-80.857169,550.981710
-3.886165,-70.639647,546.083062
9.234811,-60.722808,542.821133
22.065425,-50.036657,541.373692
34.057136,-37.285338,541.362802
44.311493,-20.698949,542.045618
51.283584,1.487396,542.614797
53.006518,28.151990,542.503541
48.804970,53.385297,541.595185
40.174827,73.025589,540.272165
29.018275,87.713664,539.288953
16.572592,99.391922,539.506471
3.550957,109.612938,541.571246
-9.570956,119.538051,545.647034
-22.364310,130.238031,551.295217
-34.439810,148.203196,557.635655
-44.564309,164.850219,563.234629
-51.383466,-172.962119,566.993125
-52.985596,-146.451129,568.110588
-48.754487,-121.448553,566.383784
-40.168522,-101.964880,562.256223
-29.079401,-87.352669,556.691714
-16.692057,-75.708272,550.905270
-3.703904,-65.502286,546.025446
9.416051,-55.582252,542.788891
22.239266,-44.877180,541.365126
34.214159,-32.085916,541.369481
44.435274,-15.431953,542.056017
51.347611,6.836218,542.618762
52.987320,33.528121,542.496052
48.710542,58.699049,541.578233
40.033483,78.259020,540.254167
28.852149,92.892261,539.281861
16.394413,104.540852,539.521467
3.368421,114.750376,541.614394
-9.751937,124.678764,545.716423
-22.537375,135.397727,551.380643
-34.595292,153.403487,557.720887
-44.686051,170.117882,563.301860
-51.445416,-167.614244,567.027952
-52.965302,-141.078131,568.105780
-48.660289,-116.137652,566.341168
-40.028056,-96.732962,562.186105
-28.914199,-82.174754,556.609996
-16.514537,-70.559646,550.829011
-3.521619,-60.364978,545.968156
9.597236,-50.441548,542.757008
22.412949,-39.717308,541.356842
34.370855,-26.885755,541.376292
44.558429,-10.163830,542.066388
51.410598,12.186004,542.622588
52.966936,38.903909,542.488402
48.615264,64.011626,541.561197
39.891669,83.491490,540.236234
28.685785,98.070291,539.275007
16.216128,109.689511,539.536829
3.185868,119.887760,541.657941
-9.932856,129.819626,545.786122
-22.710274,140.557818,551.466188
-34.750439,158.604520,557.805988
-44.807160,175.386660,563.368725
-51.506333,-162.265438,567.062258
-52.943842,-135.705491,568.100412
-48.565255,-110.827910,566.298081
-39.887124,-91.501989,562.115709
-28.748756,-76.997399,556.528240
-16.336906,-65.411288,550.752936
-3.339310,-55.227721,545.911195
9.778364,-45.300693,542.725484
22.586471,-34.557038,541.348838
34.527220,-21.684849,541.383233
44.680951,-4.894579,542.076730
51.472541,17.536745,542.626273
52.945369,44.279335,542.480590
48.519142,69.323026,541.544078
39.749390,88.723003,540.218370
28.519185,103.247760,539.268393
16.037739,114.837902,539.552558
3.003298,125.025095,541.701884
-10.113711,134.960640,545.856129
-22.883008,145.718306,551.551848
-34.905248,163.806300,557.890954
-44.927632,-179.343444,563.435224
-51.566213,-156.915713,567.096042
-52.921217,-130.333229,568.094486
-48.469391,-105.519326,566.254527
-39.745731,-86.271956,562.045038
-28.583076,-71.820597,556.446449
-16.159166,-60.263195,550.677048
-3.156978,-50.090513,545.854562
9.959434,-40.159684,542.694318
22.759832,-29.396367,541.341112
34.683252,-16.483192,541.390303
44.802836,0.375806,542.087039
51.533434,22.888428,542.629816
52.922619,49.654377,542.472618
48.422181,74.633246,541.526878
39.606649,93.953566,540.200576
28.352352,108.424672,539.262020
15.859246,119.986029,539.568655
2.820712,130.162382,541.746224
-10.294500,140.101809,545.926442
-23.055572,150.879197,551.637620
-35.059715,169.008832,557.975782
-45.047462,-174.072426,563.501353
-51.625048,-151.565079,567.129303
-52.897430,-124.961364,568.088002
-48.372703,-100.211903,566.210507
-39.603880,-81.042859,561.974095
-28.417160,-66.644345,556.364627
-15.981317,-55.115362,550.601350
-2.974625,-44.953350,545.798260
10.140446,-35.018519,542.663510
22.933029,-24.235290,541.333663
34.838947,-11.280779,541.397498
44.924078,5.647327,542.097314
51.593273,28.241043,542.633216
52.898690,55.029018,542.464485
48.324388,79.942286,541.509598
39.463451,99.183185,540.182856
28.185289,113.601032,539.255891
15.680651,125.133895,539.585121
2.638113,135.299625,541.790961
-10.475223,145.243136,545.997060
-23.227966,156.040493,551.723502
-35.213837,174.212123,558.060469
-45.166644,-168.800283,563.567109
-51.682836,-146.213548,567.162038
-52.872482,-119.589915,568.080960
-48.275197,-94.905643,566.166024
-39.461575,-75.814690,561.902884
-28.251011,-61.468637,556.282777
-15.803362,-49.967787,550.525844
-2.792251,-39.816230,545.742289
10.321397,-29.877194,542.633059
23.106061,-19.073802,541.326488
34.994303,-6.077603,541.404816
45.044671,10.919988,542.107553
51.652052,33.594576,542.636473
52.873583,60.403237,542.456192
48.225768,85.250143,541.492240
39.319800,104.411864,540.165212
28.017996,118.776845,539.250009
15.501956,130.281503,539.601957
2.455500,140.436826,541.836094
-10.655879,150.384624,546.067979
-23.400188,161.202200,551.809489
-35.367612,179.416177,558.145011
-45.285173,-163.527011,563.632490
-51.739572,-140.861134,567.194247
-52.846377,-114.218901,568.073360
-48.176878,-89.600547,566.121079
-39.318821,-70.587446,561.831407
-28.084631,-56.293469,556.200903
-15.625300,-44.820467,550.450532
-2.609858,-34.679151,545.686651
10.502287,-24.735707,542.602966
23.278926,-13.911900,541.319586
35.149315,-0.873660,541.412255
45.164611,16.193793,542.117754
51.709766,38.949016,542.639585
52.847302,65.777015,542.447739
48.126328,90.556817,541.474807
39.175700,109.639610,540.147645
27.850477,123.952116,539.244375
15.323162,135.428857,539.619165
2.272875,145.573987,541.881622
-10.836465,155.526275,546.139198
-23.572236,166.364322,551.895578
-35.521035,-175.379000,558.229404
-45.403043,-158.252607,563.697492
-51.795249,-135.507847,567.225928
-52.819117,-108.848341,568.065204
-48.077752,-84.296615,566.075675
-39.175621,-65.361119,561.759667
-27.918022,-51.118835,556.119007
-15.447135,-39.673397,550.375418
-2.427447,-29.542108,545.631346
10.683114,-19.594053,542.573228
23.451621,-8.749581,541.312955
35.303981,4.331056,541.419813
45.283891,21.468746,542.127915
51.766411,44.304350,542.642551
52.819848,71.150333,542.439127
48.026073,95.862307,541.457299
39.031155,114.866429,540.130159
27.682734,129.126849,539.238992
15.144271,140.575961,539.636745
2.090240,150.711113,541.927545
-11.016982,160.668093,546.210715
-23.744109,171.526861,551.981767
-35.674105,-170.173402,558.313645
-45.520250,-152.977068,563.762113
-51.849865,-130.153701,567.257080
-52.790705,-103.478253,568.056491
-47.977825,-78.993849,566.029814
-39.031980,-60.135706,561.687668
-27.751187,-45.944733,556.037094
-15.268867,-34.526575,550.300503
-2.245019,-24.405100,545.576376
10.863877,-14.452231,542.543847
23.624146,-3.586838,541.306593
35.458297,9.536551,541.427488
45.402507,26.744848,542.138035
51.821981,49.660565,542.645371
52.791224,76.523172,542.430357
47.925010,101.166611,541.439718
38.886169,120.092325,540.112756
27.514769,134.301049,539.233861
14.965283,145.722817,539.654699
1.907594,155.848205,541.973863
-11.197427,165.810081,546.282527
-23.915804,176.689824,552.068052
-35.826817,-164.967024,558.397731
-45.636787,-147.700392,563.826351
-51.903414,-124.798708,567.287702
-52.761142,-98.108655,568.047223
-47.877103,-73.692249,565.983497
-38.887900,-54.911199,561.615413
-27.584127,-40.771156,555.955166
-15.090498,-29.379998,550.225791
-2.062574,-19.268124,545.521743
11.044575,-9.310238,542.514820
23.796498,1.576331,541.300499
35.612260,14.742830,541.435277
45.520452,32.022104,542.148110
51.876473,55.017650,542.648044
52.761433,81.895513,542.421429
47.823144,106.469729,541.422067
38.740746,125.317306,540.095438
27.346585,139.474721,539.228986
14.786200,150.869429,539.673027
1.724940,160.985266,542.020575
-11.377800,170.952242,546.354633
-24.087319,-178.146787,552.154429
-35.979168,-159.759860,558.481658
-45.752650,-142.422575,563.890202
-51.955891,-119.442882,567.317793
-52.730432,-92.739567,568.037399
-47.775591,-68.391817,565.936729
-38.743387,-49.687593,561.542906
-27.416845,-35.598100,555.873226
-14.912028,-24.233661,550.151283
-1.880115,-14.131177,545.467446
11.225207,-4.168069,542.486149
23.968675,6.739931,541.294671
35.765867,19.949900,541.443177
45.637722,37.300516,542.158140
51.929880,60.375589,542.650569
52.730478,87.267338,542.412344
47.720482,111.771661,541.404347
38.594890,130.541375,540.078208
27.178183,144.647870,539.224367
14.607023,156.015800,539.691732
1.542278,166.122300,542.067680
-11.558099,176.094579,546.427030
-24.258653,-172.982968,552.240897
-36.131155,-154.551904,558.565422
-45.867834,-137.143615,563.953664
-52.007293,-114.086236,567.347351
-52.698578,-87.371005,568.027020
-47.673296,-63.092551,565.889509
-38.598444,-44.464884,561.470149
-27.249344,-30.425561,555.791279
-14.733460,-19.087562,550.076983
-1.697641,-8.994256,545.413488
11.405771,0.974277,542.457832
24.140676,11.903965,541.289106
35.919115,25.157765,541.451187
45.754311,42.580087,542.168122
51.982199,65.734370,542.652945
52.698361,92.638627,542.403102
47.617028,117.072406,541.386560
38.448605,135.764541,540.061068
27.009566,149.820500,539.220008
14.427754,161.161933,539.710813
1.359610,171.259308,542.115178
-11.738323,-178.762906,546.499716
-24.429804,-167.818713,552.327450
-36.282775,-149.343152,558.649021
-45.982331,-131.863509,564.016734
-52.057614,-108.728783,567.376375
-52.665582,-82.002987,568.016087
-47.570223,-57.794453,565.841842
-38.453075,-39.243064,561.397145
-27.081624,-25.253534,555.709328
-14.554794,-13.941698,550.002893
-1.515155,-3.857358,545.359869
11.586266,6.116805,542.429869
24.312499,17.068439,541.283804
36.072000,30.366433,541.459304
45.870213,47.860821,542.178054
52.033425,71.093979,542.655172
52.665086,98.009363,542.393704
47.512790,122.371965,541.368708
38.301895,140.986807,540.044020
26.840736,154.992616,539.215910
14.248395,166.307832,539.730272
1.176936,176.396294,542.163068
-11.918470,-173.620208,546.572688
-24.600770,-162.654019,552.414086
-36.434024,-144.133596,558.732450
-46.096138,-126.582256,564.079409
-52.106851,-103.370539,567.404865
-52.631448,-76.635531,568.004601
-47.466378,-52.497522,565.793728
-38.307283,-34.022129,561.323899
-26.913689,-20.082014,555.627375
-14.376033,-8.796065,549.929016
-1.332657,1.279519,545.306589
11.766691,11.259516,542.402259
24.484141,22.233357,541.278762
36.224518,35.575907,541.467526
45.985422,53.142719,542.187935
52.083553,76.454401,542.657248
52.630656,103.379528,542.384150
47.407773,127.670337,541.350792
38.154764,146.208180,540.027067
26.671694,160.164222,539.212076
14.068946,171.453501,539.750110
0.994258,-178.466740,542.211349
-12.098541,-168.477325,546.645945
-24.771550,-157.488881,552.500802
-36.584899,-138.923233,558.815707
-46.209248,-121.299851,564.141688
-52.155000,-98.011516,567.432818
-52.596179,-71.268656,567.992562
-47.361766,-47.201758,565.745170
-38.161073,-28.802073,561.250412
-26.745540,-14.910997,555.545425
-14.197176,-3.650660,549.855353
-1.150149,6.416377,545.253652
11.947045,16.402414,542.375001
24.655601,27.398722,541.273978
36.376666,40.786195,541.475851
46.099934,58.425784,542.197763
52.132580,81.815622,542.659173
52.595073,108.749103,542.374441
47.301982,132.967523,541.332814
38.007216,151.428665,540.010212
26.502444,165.335323,539.208507
13.889409,176.598941,539.770327
0.811577,-173.329791,542.260021
-12.278532,-163.334254,546.719485
-24.942140,-152.323296,552.587595
-36.735397,-133.712056,558.898787
-46.321657,-116.016295,564.203566
-52.202055,-92.651730,567.460234
-52.559778,-65.902376,567.979971
-47.256394,-41.907161,565.696171
-38.014448,-23.582891,561.176689
-26.577179,-9.740479,555.463479
-14.018226,1.494520,549.781908
-0.967630,11.553221,545.201056
12.127326,21.545503,542.348095
24.826877,32.564539,541.269451
36.528442,45.997301,541.484275
46.213741,63.710019,542.207535
52.180500,87.177628,542.660946
52.558342,114.118072,542.364578
47.195425,138.263524,541.314777
37.859254,156.648269,539.993456
26.332988,170.505923,539.205206
13.709785,-178.255843,539.790925
0.628893,-168.192856,542.309084
-12.458444,-158.190992,546.793304
-25.112540,-147.157259,552.674460
-36.885513,-128.500059,558.981688
-46.433358,-110.731583,564.265042
-52.248014,-87.291195,567.487111
-52.522248,-60.536711,567.966828
-47.150267,-36.613730,565.646733
-37.867412,-18.364576,561.102733
-26.408609,-4.570454,555.381543
-13.839184,6.639478,549.708682
-0.785104,16.690051,545.148803
12.307534,26.688785,542.321540
24.997966,37.730813,541.265178
36.679840,51.209232,541.492798
46.326840,68.995425,542.217251
52.227310,92.540403,542.662566
52.520466,119.486417,542.354562
47.088106,143.558339,541.296682
37.710882,161.866997,539.976803
26.163327,175.676028,539.202174
13.530075,-173.110849,539.811905
0.446208,-163.055933,542.358535
-12.638274,-153.047535,546.867401
-25.282747,-141.990766,552.761395
-37.035245,-123.287237,559.064406
-46.544346,-105.445715,564.326113
-52.292871,-81.929926,567.513450
-52.483593,-55.171675,567.953135
-47.043390,-31.321465,565.596858
-37.719969,-13.147123,561.028547
-26.239832,0.599081,555.299619
-13.660051,11.784218,549.635678
-0.602570,21.826872,545.096894
12.487666,31.832263,542.295336
25.168868,42.897547,541.261158
36.830858,56.421993,541.501416
46.439223,74.282006,542.226907
52.273005,97.903932,542.664033
52.481448,124.854121,542.344392
46.980032,148.851971,541.278531
37.562105,167.084855,539.960254
25.993463,-179.154358,539.199414
13.350282,-167.966072,539.833267
0.263524,-157.919018,542.408376
-12.818022,-147.903881,546.941773
-25.452760,-136.823812,552.848397
-37.184589,-118.073585,559.146937
-46.654616,-100.158689,564.386777
-52.336623,-76.567938,567.539247
-52.443816,-49.807287,567.938892
-46.935770,-26.030363,565.546549
-37.572121,-7.930526,560.954133
-26.070849,5.768131,555.217709
-13.480829,16.928743,549.562900
-0.420030,26.963686,545.045331
12.667722,36.975941,542.269481
25.339580,48.064747,541.257389
36.981492,61.635589,541.510128
46.550886,79.569761,542.236502
52.317581,103.268201,542.665345
52.441292,130.221166,542.334071
46.871208,154.144419,541.260326
37.412925,172.301848,539.943812
25.823399,-173.985231,539.196929
13.170405,-162.821511,539.855012
0.080840,-152.782110,542.458604
-12.997686,-142.760026,547.016418
-25.622576,-131.656393,552.935461
-37.333541,-112.859096,559.229278
-46.764161,-94.870503,564.447030
-52.379267,-71.205247,567.564504
-52.402921,-44.443562,567.924100
-46.827412,-20.740426,565.495807
-37.423874,-2.714780,560.879497
-25.901663,10.936701,555.135819
-13.301519,22.073056,549.490348
-0.237485,32.100496,544.994113
12.847700,42.119822,542.243976
25.510099,53.232416,541.253868
37.131739,66.850028,541.518931
46.661823,84.858695,542.246035
52.361034,108.633192,542.666503
52.400001,135.587536,542.323598
46.761640,159.435686,541.242069
37.263346,177.517983,539.927479
25.653137,-168.816587,539.194719
12.990447,-157.677161,539.877142
-0.101841,-147.645204,542.509219
-13.177266,-137.615967,547.091333
-25.792193,-126.488505,553.022585
-37.482099,-107.643765,559.311426
-46.872977,-89.581155,564.506871
-52.420797,-65.841869,567.589217
-52.360911,-39.080517,567.908760
-46.718321,-15.451650,565.444635
-37.275230,2.500121,560.804640
-25.732276,16.104795,555.053950
-13.122121,27.217159,549.418025
-0.054935,37.237304,544.943241
13.027600,47.263908,542.218818
25.680425,58.400558,541.250595
37.281595,72.065314,541.527822
46.772027,90.148808,542.255504
52.403360,113.998891,542.667506
52.357580,140.953216,542.312975
46.651333,164.725772,541.223762
37.113373,-177.266735,539.911259
25.482679,-163.648421,539.192787
12.810409,-152.533020,539.899657
-0.284519,-142.508299,542.560221
-13.356758,-132.471702,547.166517
-25.961611,-121.320144,553.109766
-37.630258,-102.427587,559.393377
-46.981058,-84.290645,564.566296
-52.461212,-60.477819,567.613388
-52.317791,-33.718166,567.892872
-46.608504,-10.164035,565.393037
-37.126193,7.714182,560.729566
-25.562689,21.272417,554.972107
-12.942638,32.361057,549.345934
0.127617,42.374113,544.892717
13.207419,52.408204,542.194008
25.850554,63.569179,541.247566
37.431057,77.281454,541.536799
46.881493,95.440101,542.264906
52.444556,119.365280,542.668353
52.314032,146.318187,542.302202
46.540295,170.014679,541.205406
36.963008,-172.052301,539.895152
25.312026,-158.480728,539.191135
12.630292,-147.389084,539.922557
-0.467193,-137.371392,542.611608
-13.536164,-127.327226,547.241967
-26.130825,-116.151304,553.196999
-37.778014,-97.210555,559.475128
-47.088397,-78.998971,564.625304
-52.500506,-55.113114,567.637014
-52.273564,-28.356527,567.876438
-46.497966,-4.877580,565.341013
-36.976767,12.927410,560.654278
-25.392905,26.439571,554.890292
-12.763070,37.504753,549.274077
0.310172,47.510926,544.842542
13.387156,57.552711,542.169545
26.020486,68.738283,541.244781
37.580119,82.498452,541.545861
46.990215,100.732577,542.274240
52.484617,124.732344,542.669043
52.269361,151.682435,542.291280
46.428530,175.302409,541.187004
36.812256,-166.838707,539.879163
25.141181,-153.313504,539.189765
12.450097,-142.245350,539.945845
-0.649861,-132.234480,542.663380
-13.715480,-122.182538,547.317680
-26.299835,-110.981983,553.284282
-37.925365,-91.992664,559.556676
-47.194990,-73.706133,564.683891
-52.538677,-49.747770,567.660094
-52.228234,-22.995613,567.859457
-46.386712,0.407718,565.288567
-36.826955,18.139809,560.578781
-25.222926,31.606263,554.808508
-12.583420,42.648249,549.202457
0.492727,52.647746,544.792715
13.566811,62.697434,542.145427
26.190217,73.907874,541.242237
37.728780,87.716315,541.555005
47.098188,106.026235,542.283504
52.523540,130.100066,542.669575
52.223571,157.045944,542.280209
46.316044,-179.411037,541.168558
36.661120,-161.625949,539.863292
24.970146,-148.146745,539.188680
12.269826,-137.101815,539.969519
-0.832523,-127.097560,542.715535
-13.894706,-117.037632,547.393654
-26.468638,-105.812174,553.371612
-38.072306,-86.773909,559.638017
-47.300830,-68.412128,564.742055
-52.575720,-44.381803,567.682629
-52.181805,-17.635441,567.841932
-46.274748,5.691861,565.235700
-36.676760,23.351386,560.503076
-25.052753,36.772496,554.726760
-12.403687,47.791548,549.131075
0.675282,57.784575,544.743239
13.746381,67.842376,542.121655
26.359746,79.077957,541.239932
37.877035,92.935049,541.564227
47.205406,111.321078,542.292697
52.561321,135.468429,542.669950
52.176666,162.408698,542.268992
46.202843,-174.125656,541.150069
36.509603,-156.414021,539.847544
24.798923,-142.980446,539.187880
12.089479,-131.958476,539.993582
-1.015176,-121.960629,542.768073
-14.073841,-111.892508,547.469886
-26.637233,-100.641874,553.458984
-38.218834,-81.554283,559.719147
-47.405912,-63.116958,564.799795
-52.611634,-39.015231,567.704616
-52.134281,-12.276025,567.823864
-46.162080,10.974849,565.182416
-36.526186,28.562146,560.427167
-24.882389,41.938274,554.645050
-12.223874,52.934654,549.059933
0.857835,62.921417,544.694112
13.925866,72.987539,542.098227
26.529070,84.248536,541.237863
38.024881,98.154658,541.573527
47.311862,116.617106,542.301817
52.597958,140.837415,542.670167
52.128651,167.770682,542.257627
46.088932,-168.841447,541.131540
36.357709,-151.202917,539.831919
24.627513,-137.814603,539.187368
11.909059,-126.815330,540.018034
-1.197822,-116.823685,542.820993
-14.252883,-106.747160,547.546374
-26.805617,-95.471078,553.546395
-38.364945,-76.333782,559.800063
-47.510230,-57.820621,564.857106
-52.646413,-33.648071,567.726056
-52.085666,-6.917379,567.805252
-46.048713,16.256686,565.128717
-36.375237,33.772094,560.351058
-24.711836,47.103602,554.563381
-12.043982,58.077570,548.989035
1.040387,68.058273,544.645337
14.105264,78.132927,542.075141
26.698188,89.419616,541.236030
38.172313,103.375150,541.582902
47.417552,121.914320,542.310861
52.633445,146.207007,542.670225
52.079529,173.131882,542.246118
45.974317,-163.558407,541.112973
36.205442,-145.992632,539.816421
24.455919,-132.649212,539.187146
11.728567,-121.672374,540.042876
-1.380457,-111.686725,542.874294
-14.431831,-101.601587,547.623116
-26.973788,-90.299782,553.633843
-38.510635,-71.112400,559.880763
-47.613779,-52.523116,564.913988
-52.680056,-28.280340,567.746946
-52.035965,-1.559519,567.786098
-45.934653,21.537373,565.074606
-36.223916,38.981237,560.274753
-24.541094,52.268485,554.481757
-11.864011,63.220299,548.918383
1.222934,73.195147,544.596914
14.284574,83.278544,542.052399
26.867098,94.591202,541.234431
38.319329,108.596530,541.592350
47.522468,127.212720,542.319829
52.667780,151.577188,542.670123
52.029305,178.492282,542.234463
45.859005,-158.276534,541.094369
36.052804,-140.783159,539.801051
24.284143,-127.484268,539.187216
11.548003,-116.529604,540.068107
-1.563081,-106.549747,542.927975
-14.610683,-96.455784,547.700109
-27.141745,-85.127981,553.721323
-38.655900,-65.890130,559.961242
-47.716553,-47.224445,564.970437
-52.712558,-22.912055,567.767287
-51.985182,3.797542,567.766403
-45.819905,26.816913,565.020084
-36.072226,44.189580,560.198253
-24.370167,57.432925,554.400180
-11.683964,68.362844,548.847978
1.405477,78.332041,544.548844
14.463795,88.424392,542.029997
27.035796,99.763297,541.233062
38.465923,113.818803,541.601867
47.626605,132.512307,542.328718
52.700961,156.947940,542.669862
51.977984,-176.148133,542.222665
45.742999,-152.995826,541.075731
35.899800,-135.574493,539.785813
24.112186,-122.319767,539.187580
11.367369,-111.387018,540.093730
-1.745694,-101.412747,542.982034
-14.789438,-91.309749,547.777351
-27.309484,-79.955670,553.808833
-38.800738,-60.666967,560.041497
-47.818545,-41.924606,565.026452
-52.743918,-17.543234,567.787078
-51.933320,9.153791,567.746169
-45.704474,32.095308,564.965155
-35.920170,49.397128,560.121563
-24.199056,62.596928,554.318655
-11.503841,73.505208,548.777823
1.588015,83.468959,544.501127
14.642925,93.570474,542.007937
27.204282,104.935907,541.231922
38.612092,119.041976,541.611453
47.729958,137.813080,542.337527
52.732983,162.319245,542.669440
51.925570,-170.789375,542.210723
45.626307,-147.716279,541.057061
35.746433,-130.366628,539.770709
23.940051,-117.155705,539.188240
11.186666,-106.244612,540.119745
-1.928293,-96.275722,543.036472
-14.968096,-86.163478,547.854838
-27.477004,-74.782846,553.896368
-38.945143,-55.442907,560.121526
-47.919751,-36.623601,565.082029
-52.774132,-12.173896,567.806318
-51.880386,14.509212,567.725395
-45.588367,37.372562,564.909821
-35.767753,54.603887,560.044686
-24.027763,67.760498,554.237184
-11.323644,78.647394,548.707919
1.770545,88.605902,544.453764
14.821962,98.716795,541.986216
27.372553,110.109036,541.231010
38.757833,124.266054,541.621104
47.832520,143.115040,542.346254
52.763843,167.691084,542.668858
51.872067,-165.431459,542.198640
45.508934,-142.437891,541.038360
35.592706,-125.159559,539.755741
23.767739,-111.992078,539.189198
11.005895,-101.102383,540.146152
-2.110878,-91.138671,543.091286
-15.146654,-81.016968,547.932569
-27.644303,-69.609503,553.983926
-39.089111,-50.217942,560.201323
-48.020164,-31.321428,565.137166
-52.803197,-6.804057,567.825006
-51.826382,19.863794,567.704084
-45.471588,42.648676,564.854084
-35.614976,59.809863,559.967625
-23.856290,72.923639,554.155770
-11.143373,83.789406,548.638270
1.953068,93.742874,544.406755
15.000906,103.863357,541.964833
27.540606,115.282688,541.230322
38.903141,129.491042,541.630819
47.934286,148.418187,542.354898
52.793540,173.063439,542.668114
51.817480,-160.074398,542.186416
45.390884,-137.160660,541.019631
35.438622,-119.953279,539.740911
23.595252,-106.828881,539.190455
10.825059,-95.960329,540.172951
-2.293448,-86.001589,543.146476
-15.325111,-75.870215,548.010540
-27.811379,-64.435638,554.071503
-39.232640,-44.992068,560.280887
-48.119779,-26.018090,565.191862
-52.831111,-1.433737,567.843141
-51.771314,25.217523,567.682237
-45.354142,47.923654,564.797948
-35.461844,65.015061,559.890384
-23.684639,78.086355,554.074417
-10.963031,88.931245,548.568878
2.135582,98.879877,544.360101
15.179755,109.010164,541.943788
27.708440,120.456870,541.229857
39.048012,134.716948,541.640595
48.035249,153.722519,542.363456
52.822069,178.436292,542.667208
51.761814,-154.718206,542.174052
45.272164,-131.884581,541.000876
35.284186,-114.747784,539.726222
23.422593,-101.666110,539.192013
10.644157,-90.818446,540.200144
-2.476001,-80.864476,543.202041
-15.503466,-70.723217,548.088750
-27.978229,-59.261244,554.159095
-39.375725,-39.765278,560.360214
-48.218590,-20.713587,565.246113
-52.857871,3.937046,567.860724
-51.715187,30.570387,567.659853
-45.236036,53.197498,564.741414
-35.308360,70.219487,559.812966
-23.512811,83.248650,553.993128
-10.782618,94.072916,548.499743
2.318085,104.016915,544.313803
15.358508,114.157219,541.923080
27.876053,125.631585,541.229613
39.192443,139.943775,541.650429
48.135404,159.028037,542.371928
52.849428,-176.190377,542.666141
51.705074,-149.362897,542.161549
45.152780,-126.609653,540.982097
35.129399,-109.543067,539.711677
23.249762,-96.503761,539.193875
10.463191,-85.676732,540.227731
-2.658537,-75.727327,543.257979
-15.681718,-65.575971,548.167195
-28.144850,-54.086318,554.246699
-39.518362,-34.537568,560.439300
-48.316591,-15.407919,565.299918
-52.883474,9.308274,567.877752
-51.658004,35.922372,567.636935
-45.117275,58.470212,564.684486
-35.154526,75.423146,559.735375
-23.340809,88.410528,553.911905
-10.602135,99.214420,548.430869
2.500578,109.153989,544.267862
15.537163,119.304525,541.902707
28.043441,130.806837,541.229588
39.336429,145.171530,541.660320
48.234744,164.334740,542.380311
52.875615,-170.816586,542.664911
51.647264,-144.008481,542.148908
45.032735,-121.335871,540.963296
34.974266,-104.339123,539.697278
23.076763,-91.341830,539.196042
10.282163,-80.535182,540.255713
-2.841054,-70.590140,543.314290
-15.859864,-60.428472,548.245873
-28.311242,-48.910855,554.334312
-39.660548,-29.308932,560.518143
-48.413776,-10.101089,565.353275
-52.907918,14.679928,567.894226
-51.599771,41.273467,567.613484
-44.997863,63.741798,564.627166
-35.000347,80.626044,559.657613
-23.168634,93.571994,553.830753
-10.421585,104.355762,548.362258
2.683058,114.291103,544.222276
15.715719,124.452086,541.882668
28.210604,135.982633,541.229780
39.479966,150.400220,541.670265
48.333264,169.642626,542.388604
52.900627,-165.442355,542.663518
51.588389,-138.654973,542.136130
44.912037,-116.063233,540.944476
34.818790,-99.135947,539.683027
22.903596,-86.180313,539.198517
10.101074,-75.393795,540.284090
-3.023551,-65.452912,543.370972
-16.037905,-55.280717,548.324782
-28.477402,-43.734850,554.421931
-39.802277,-24.079364,560.596738
-48.510139,-4.793097,565.406180
-52.931202,20.051988,567.910145
-51.540493,46.623659,567.589501
-44.877806,69.012261,564.569456
-34.845825,85.828187,559.579684
-22.996287,98.733051,553.749674
-10.240967,109.496945,548.293911
2.865525,119.428260,544.177048
15.894175,129.599904,541.862963
28.377537,141.158975,541.230186
39.623050,155.629848,541.680263
48.430958,174.951695,542.396806
52.924462,-160.067703,542.661962
51.528455,-133.302384,542.123216
44.790691,-110.791735,540.925637
34.662973,-93.933532,539.668927
22.730263,-81.019205,539.201300
9.919924,-70.252566,540.312862
-3.206028,-60.315640,543.428024
-16.215838,-50.132703,548.403918
-28.643327,-38.558298,554.509551
-39.943546,-18.848859,560.675083
-48.605675,0.516055,565.458632
-52.953321,25.424436,567.925508
-51.480174,51.972938,567.564988
-44.757110,74.281603,564.511360
-34.690963,91.029579,559.501592
-22.823772,103.893704,553.668671
-10.060283,114.637970,548.225831
3.047978,124.565462,544.132178
16.072529,134.747984,541.843591
28.544240,146.335871,541.230805
39.765678,160.860422,541.690310
48.527819,-179.738056,542.404914
52.947117,-154.692649,542.660242
51.467466,-127.950726,542.110168
44.668701,-105.521373,540.906783
34.506820,-88.731872,539.654980
22.556767,-75.858503,539.204394
9.738715,-65.111494,540.342030
-3.388483,-55.178322,543.485445
-16.393661,-44.984428,548.483279
-28.809015,-33.381195,554.597169
-40.084351,-13.617410,560.753175
-48.700378,5.826366,565.510629
-52.974276,30.797253,567.940316
-51.418820,57.321291,567.539944
-44.635780,79.549828,564.452880
-34.535765,96.230227,559.423340
-22.651089,109.053956,553.587748
-9.879534,119.778842,548.158020
3.230415,129.702711,544.087666
16.250780,139.896329,541.824549
28.710710,151.513323,541.231634
39.907844,166.091946,541.700404
48.623842,-174.426627,542.412928
52.968590,-149.317213,542.658359
51.405427,-122.600011,542.096986
44.546073,-100.252144,540.887915
34.350333,-83.530964,539.641188
22.383109,-70.698203,539.207800
9.557449,-59.970576,540.371595
-3.570914,-50.040955,543.543233
-16.571375,-39.835886,548.562862
-28.974464,-28.203536,554.684782
