34.264017,174.581164,541.362136
44.474522,-168.743258,542.052061
51.367770,-146.449046,542.615566
52.980960,-119.748703,542.492397
48.680307,-94.597809,541.574877
39.988404,-75.063378,540.253642
28.799255,-60.447528,539.287560
16.337746,-48.808340,539.536294
3.310428,-38.602454,541.639441
-9.809376,-28.673017,545.750135
-22.592238,-17.948014,551.418811
-34.489133,-5.129873,557.672265
-44.602947,11.538419,563.263306
-51.403196,33.751469,567.008717
-52.979297,60.270532,568.110438
-48.724750,85.253536,566.368357
-40.124084,104.712195,562.228929
-29.027082,119.307284,556.657996
-16.635788,130.942397,550.871167
-3.646075,141.144802,545.996058
9.473584,151.065925,542.767191
22.294469,161.777094,541.351501
34.420608,179.781562,541.369014
44.597476,-163.474776,542.062459
51.430425,-141.098954,542.619389
52.960199,-114.373028,542.484741
48.584759,-89.285607,541.557860
39.846442,-69.831213,540.235772
28.632816,-55.269678,539.280815
16.159428,-43.659767,539.551796
3.127870,-33.465086,541.683125
-9.990274,-23.532107,545.819930
-22.765085,-12.787798,551.504378
-34.644509,0.070652,557.757429
-44.724489,16.806434,563.330385
-51.464820,39.099640,567.043337
-52.958633,65.643419,568.105407
-48.630287,90.564070,566.325546
-39.983470,109.943814,562.158682
-28.861803,124.485022,556.576231
-16.458232,136.090938,550.794942
-3.463781,146.282094,545.938861
9.654751,156.206677,542.735424
22.468102,166.937092,541.343321
34.576869,-175.017293,541.376023
44.719796,-158.205164,542.072826
51.492035,-135.747912,542.623072
52.938255,-108.997722,542.476924
48.488369,-83.974582,541.540760
39.704015,-64.600003,540.217971
28.466142,-50.092387,539.274311
15.981006,-38.511461,539.567665
2.945295,-28.327768,541.727206
-10.171108,-18.391045,545.890033
-22.937764,-7.627183,551.590059
-34.799548,5.271920,557.842461
-44.845397,22.075565,563.397099
-51.525409,44.448738,567.077435
-52.936804,71.015941,568.099817
-48.534990,95.873447,566.282266
-39.842392,115.174488,562.088157
-28.696284,129.662202,556.494430
-16.280566,141.239212,550.718903
-3.281464,151.419335,545.881992
9.835862,161.347581,542.704015
22.641574,172.097489,541.335420
34.732794,-169.815395,541.383159
44.841477,-152.934418,542.083161
51.552593,-130.395931,542.626612
52.915130,-103.622805,542.468946
48.391143,-78.664738,541.523579
39.561129,-59.369742,540.200242
28.299236,-44.915651,539.268049
15.802482,-33.363418,539.583902
2.762706,-23.190495,541.771683
-10.351876,-13.249826,545.960441
-23.110274,-2.466165,551.675851
-34.954249,10.473938,557.927357
-44.965666,27.345815,563.463445
-51.584958,49.798752,567.111010
-52.913811,76.388080,568.093669
-48.438864,101.181663,566.238518
-39.700853,120.404224,562.017359
-28.530529,134.838829,556.412596
-16.102791,146.387223,550.643052
-3.099125,156.556529,545.825453
10.016914,166.488639,542.672965
22.814883,177.258290,541.327797
34.888382,-164.612740,541.390420
44.962514,-147.662534,542.093461
51.612095,-125.043022,542.630009
52.890826,-98.248296,542.460807
48.293086,-73.356074,541.506319
39.417786,-54.140423,540.182586
28.132100,-39.739466,539.262032
15.623856,-28.215634,539.600509
2.580103,-18.053267,541.816556
-10.532577,-8.108450,546.031152
-23.282613,2.695261,551.761751
-35.108606,15.676709,558.012114
-45.085290,32.617189,563.529419
-51.643463,55.149670,567.144062
-52.889656,81.759815,568.086962
-48.341916,106.488718,566.194306
-39.558857,125.633027,561.946290
-28.364538,140.014909,556.330731
-15.924907,151.534974,550.567391
-2.916764,161.693678,545.769245
10.197907,171.629855,542.642272
22.988029,-177.580502,541.320449
35.043629,-159.409321,541.397804
45.082900,-142.389508,542.103724
51.670536,-119.689199,542.633263
52.865345,-92.874215,542.452509
48.194205,-68.048594,541.488983
39.273992,-48.912041,540.165007
27.964735,-34.563827,539.256262
15.445129,-23.068107,539.617486
2.397487,-12.916079,541.861825
-10.713210,-2.966911,546.102164
-23.454780,7.857098,551.847756
-35.262619,20.880240,558.096729
-45.204266,37.889689,563.595021
-51.700918,60.501482,567.176588
-52.864342,87.131128,568.079697
-48.244152,111.794610,566.149632
-39.416410,130.860903,561.874953
-28.198315,145.190446,556.248839
-15.746918,156.682468,550.491923
-2.734384,166.830785,545.713368
10.378840,176.771232,542.611937
23.161008,-172.418883,541.313376
35.198532,-154.205132,541.405308
45.202631,-137.115338,542.113949
51.727911,-114.334473,542.636371
52.838690,-87.500581,542.444052
48.094505,-62.742297,541.471570
39.129750,-43.684592,540.147507
27.797145,-29.388728,539.250741
15.266305,-17.920834,539.634835
2.214859,-7.778929,541.907490
-10.893774,2.174793,546.173475
-23.626772,13.019352,551.933861
-35.416282,26.084537,558.181196
-45.322586,43.163319,563.660245
-51.757319,65.854174,567.208587
-52.837871,92.502000,568.071876
-48.145577,117.099338,566.104496
-39.273514,136.087856,561.803351
-28.031862,150.365444,556.166925
-15.568823,161.829709,550.416651
-2.551984,171.967854,545.657825
10.559710,-178.087228,542.581959
23.333820,-167.256848,541.306576
35.353087,-149.000168,541.412931
45.321701,-131.840020,542.124134
51.784214,-108.978856,542.639334
52.810863,-82.127414,542.435435
47.993992,-57.437185,541.454084
38.985065,-38.458068,540.130088
27.629332,-24.214165,539.245470
15.087383,-12.773810,539.652556
2.032221,-2.641815,541.953548
-11.074267,7.316664,546.245083
-23.798587,18.182024,552.020065
-35.569593,31.289605,558.265514
-45.440247,48.438082,563.725090
-51.812660,71.207734,567.240058
-52.810246,97.872413,568.063497
-48.046196,122.402901,566.058902
-39.130173,141.313893,561.731488
-27.865181,155.539909,556.084990
-15.390624,166.976700,550.341576
-2.369567,177.104885,545.602616
10.740518,-172.945521,542.552337
23.506462,-162.094394,541.300046
35.507292,-143.794424,541.420669
45.440104,-126.563550,542.134276
51.839441,-103.622362,542.642150
52.781867,-76.754731,542.426661
47.892673,-52.133259,541.436526
38.839939,-33.232464,540.112752
27.461297,-19.040134,539.240454
14.908365,-7.627032,539.670651
1.849573,2.495266,542.000002
-11.254689,12.458706,546.316986
-23.970225,23.345121,552.106364
-35.722549,36.495449,558.349679
-45.557242,53.713980,563.789554
-51.866938,76.562149,567.270999
-52.781468,103.242347,568.054563
-47.946017,127.705298,566.012852
-38.986392,146.539020,561.659368
-27.698274,160.713845,556.003039
-15.212323,172.123445,550.266703
-2.187132,-177.758117,545.547743
10.921261,-167.803644,542.523071
23.678932,-156.931516,541.293786
35.661143,-138.587893,541.428521
45.557835,-121.285926,542.144374
51.893588,-98.265004,542.644819
52.751705,-71.382553,542.417728
47.790553,-46.830518,541.418898
38.694379,-28.007774,540.095502
27.293044,-13.866629,539.235692
14.729253,-2.480497,539.689122
1.666917,7.632318,542.046848
-11.435038,17.600922,546.389181
-24.141683,28.508646,552.192754
-35.875147,41.702075,558.433688
-45.673566,58.991016,563.853632
-51.920148,81.917407,567.301410
-52.751542,108.611786,568.045072
-47.845044,133.006528,565.966347
-38.842175,151.763241,561.586992
-27.531143,165.887257,555.921074
-15.033922,177.269946,550.192033
-2.004682,-172.621149,545.493206
11.101939,-162.661595,542.494161
23.851229,-151.768210,541.287792
35.814637,-133.380570,541.436484
45.674889,-116.007145,542.154425
51.946650,-92.906795,542.647340
52.720380,-66.010897,542.408639
47.687638,-41.528964,541.401201
38.548386,-22.783993,540.078341
27.124574,-8.693646,539.231189
14.550047,2.665797,539.707968
1.484254,12.769343,542.094088
-11.615312,22.743315,546.461666
-24.312959,33.672602,552.279233
-36.027383,46.909489,558.517536
-45.789214,64.269195,563.917324
-51.972286,87.273493,567.331289
-52.720470,113.980709,568.035027
-47.743284,138.306591,565.919390
-38.697525,156.986562,561.514364
-27.363791,171.060148,555.839099
-14.855420,-177.583793,550.117569
-1.822218,-167.484210,545.439007
11.282550,-157.519369,542.465605
24.023351,-146.604472,541.282064
35.967770,-128.172450,541.444556
45.791260,-110.727203,542.164428
51.998621,-87.547748,542.649712
52.687894,-60.639781,542.399393
47.583934,-36.228597,541.383438
38.401966,-17.561115,540.061270
26.955889,-3.521181,539.226945
14.370750,7.811855,539.727191
1.301584,17.906343,542.141720
-11.795512,27.885887,546.534439
-24.484051,38.836995,552.365796
-36.179253,52.117696,558.601220
-45.904180,69.548517,563.980625
-52.023346,92.630396,567.360635
-52.688254,119.349101,568.024427
-47.640742,143.605488,565.871984
-38.552446,162.208990,561.441489
-27.196220,176.232525,555.757118
-14.676820,-172.437768,550.043313
-1.639740,-162.347297,545.385146
11.463093,-152.376965,542.437404
24.195296,-141.440298,541.276599
36.120539,-122.963526,541.452734
45.906943,-105.446099,542.174382
52.049499,-82.187879,542.651933
52.654251,-55.269225,542.389991
47.479447,-30.929416,541.365610
38.255122,-12.339134,540.044292
26.786992,1.650772,539.222963
14.191362,12.957680,539.746792
1.118909,23.043322,542.189743
-11.975634,33.028643,546.607499
-24.654957,44.001829,552.452442
-36.330756,57.326702,558.684737
-46.018460,74.828985,564.043533
-52.073324,97.988100,567.389447
-52.654897,124.716942,568.013273
-47.537424,148.903216,565.824130
-38.406943,167.430529,561.368367
-27.028431,-178.595608,555.675133
-14.498123,-167.291977,549.969268
-1.457249,-157.210406,545.331625
11.643567,-147.234379,542.409556
24.367062,-136.275683,541.271396
36.272940,-117.753793,541.461017
46.021931,-100.163829,542.184283
52.099277,-76.827200,542.654005
52.619454,-49.899246,542.380433
47.374183,-25.631422,541.347719
38.107858,-7.118044,540.027411
26.617884,6.822216,539.219244
14.011886,18.103275,539.766771
0.936231,28.180282,542.238158
-12.155679,38.171585,546.680842
-24.825676,49.167108,552.539165
-36.481886,62.536512,558.768084
-46.132046,80.110603,564.106046
-52.122217,103.346592,567.417724
-52.620403,130.084216,568.001566
-47.433335,154.199778,565.775830
-38.261018,172.651185,561.295004
-26.860428,-173.424248,555.593148
-14.319331,-162.146416,549.895437
-1.274747,-152.073535,545.278444
11.823970,-142.091609,542.382062
24.538647,-131.110623,541.266452
36.424971,-112.543245,541.469402
46.136219,-94.880392,542.194130
52.147952,-71.465727,542.655924
52.583506,-44.529861,542.370721
47.268148,-20.334613,541.329767
37.960178,-1.897840,540.010627
26.448569,11.993157,539.215793
13.832321,23.248643,539.787131
0.753549,33.317225,542.286963
-12.335645,43.314716,546.754466
-24.996206,54.332835,552.625964
-36.632641,67.747132,558.851257
-46.244935,85.393371,564.168160
-52.170020,108.705858,567.445463
-52.584775,135.450905,567.989306
-47.328482,159.495172,565.727088
-38.114676,177.870964,561.221403
-26.692211,-168.253389,555.511167
-14.140444,-157.001083,549.821821
-1.092235,-146.936681,545.225606
12.004301,-136.948650,542.354920
24.710050,-125.945114,541.261767
36.576627,-107.331877,541.477886
46.249802,-89.595784,542.203922
52.195519,-66.103475,542.657692
52.546410,-39.161089,542.360855
47.161348,-15.038990,541.311756
37.812085,3.321484,539.993943
26.279047,17.163600,539.212609
13.652671,28.393788,539.807872
0.570866,38.454156,542.336158
-12.515530,48.458039,546.828369
-25.166544,59.499016,552.712835
-36.783018,72.958568,558.934252
-46.357119,90.677293,564.229874
-52.216728,114.065883,567.472666
-52.548016,140.816992,567.976494
-47.222870,164.789400,565.677905
-37.967920,-176.910128,561.147565
-26.523784,-163.083027,555.429192
-13.961464,-151.855973,549.748423
-0.909713,-141.799841,545.173110
12.184560,-131.805499,542.328129
24.881267,-120.779152,541.257337
36.727905,-102.119682,541.486468
46.362674,-84.310004,542.213656
52.241974,-60.740457,542.659307
52.508170,-33.792947,542.350836
47.053788,-9.744552,541.293687
37.663584,8.539934,539.977362
26.109322,22.333547,539.209695
13.472935,33.538713,539.828994
0.388181,43.591076,542.385742
-12.695334,53.601558,546.902549
-25.336690,64.665654,552.799774
-36.933012,78.170825,559.017067
-46.468595,95.962370,564.291185
-52.262338,119.426651,567.499329
-52.510130,146.182459,567.963131
-47.116504,170.082462,565.628283
-37.820754,-171.692086,561.073496
-26.355147,-157.913158,555.347227
-13.782393,-146.711084,549.675247
-0.727184,-136.663013,545.120957
12.364744,-126.662155,542.301690
25.052298,-115.612732,541.253162
36.878802,-96.906656,541.495145
46.474829,-79.023049,542.223331
52.287314,-55.376691,542.660768
52.468789,-28.425451,542.340664
46.945475,-4.451297,541.275564
37.514678,13.757515,539.960887
25.939395,27.503005,539.207054
13.293115,38.683420,539.850498
0.205498,48.727988,542.435714
-12.875055,58.745275,546.977003
-25.506640,69.832754,552.886779
-37.082621,83.383909,559.099697
-46.579356,101.248604,564.352089
-52.306846,124.788149,567.525453
-52.471119,151.547291,567.949218
-47.009392,175.374359,565.578226
-37.673182,-166.474905,560.999197
-26.186304,-152.743776,555.265275
-13.603231,-141.566412,549.602293
-0.544647,-131.526194,545.069149
12.544853,-121.518613,542.275601
25.223140,-110.445850,541.249239
37.029314,-91.692791,541.503914
46.586262,-73.734918,542.232944
52.331533,-50.012190,542.662075
52.428271,-23.058618,542.330340
46.836413,0.840775,541.257386
37.365371,18.974235,539.944519
25.769268,32.671977,539.204687
13.113213,43.827913,539.872387
0.022815,53.864894,542.486074
-13.054692,63.889193,547.051729
-25.676392,75.000321,552.973845
-37.231841,88.597825,559.182139
-46.689397,106.535997,564.412585
-52.350248,130.150361,567.551035
-52.430988,156.911471,567.934755
-46.901537,-179.334908,565.527735
-37.525208,-161.258578,560.924673
-26.017257,-147.574878,555.183340
-13.423980,-136.421954,549.529565
-0.362105,-126.389382,545.017686
12.724885,-116.374871,542.249862
25.393791,-105.278501,541.245567
37.179437,-86.478083,541.512774
46.696966,-68.445609,542.242494
52.374628,-44.646971,542.663227
52.386620,-17.692466,542.319866
46.726610,6.131666,541.239158
37.215667,24.190097,539.928262
25.598944,37.840469,539.202597
12.933230,48.972196,539.894659
-0.159865,59.001799,542.536820
-13.234243,69.033317,547.126725
-25.845946,80.168358,553.060969
-37.380669,93.812580,559.264391
-46.798711,111.824550,564.472670
-52.392539,135.513271,567.576076
-52.389740,162.274983,567.919744
-46.792946,-174.045338,565.476812
-37.376834,-156.043100,560.849927
-25.848006,-142.406459,555.101425
-13.244641,-131.277708,549.457065
-0.179557,-121.252572,544.966570
12.904839,-111.230925,542.224472
25.564250,-100.110681,541.242143
37.329168,-81.262526,541.521722
46.806936,-63.155120,542.251980
52.416595,-39.281051,542.664224
52.343840,-12.327010,542.309240
46.616070,11.421376,541.220879
37.065569,29.405108,539.912117
25.428424,43.008484,539.200785
12.753167,54.116272,539.917317
-0.342541,64.138704,542.587952
-13.413708,74.177648,547.201988
-26.015298,85.336870,553.148149
-37.529100,99.028178,559.346448
-46.907295,117.114266,564.532342
-52.433717,140.876863,567.600574
-52.347378,167.637810,567.904184
-46.683625,-168.756930,565.425460
-37.228065,-150.828465,560.774961
-25.678555,-137.238515,555.019532
-13.065216,-126.133669,549.384795
0.002994,-116.115764,544.915801
13.084714,-106.086772,542.199430
25.734514,-94.942387,541.238965
37.478504,-76.046113,541.530756
46.916167,-57.863450,542.261398
52.457430,-33.914444,542.665065
52.299934,-6.962267,542.298466
46.504799,16.709908,541.202553
36.915081,34.619274,539.896087
25.257710,48.176027,539.199254
12.573026,59.260142,539.940361
-0.525212,69.275612,542.639469
-13.593084,79.322190,547.277516
-26.184448,90.505862,553.235380
-37.677131,104.244626,559.428306
-47.015141,122.405144,564.591597
-52.473776,146.241122,567.624529
-52.303907,172.999937,567.888077
-46.573579,-163.469682,565.373682
-37.078904,-145.614668,560.699780
-25.508905,-132.071042,554.937666
-12.885706,-120.989835,549.312757
0.185548,-110.978953,544.865379
13.264508,-100.942409,542.174735
25.904581,-89.773612,541.236032
37.627440,-70.828840,541.539873
47.024651,-52.570598,542.270749
52.497129,-28.547169,542.665748
52.254906,-1.598253,542.287542
46.392804,21.997263,541.184181
36.764206,39.832601,539.880174
25.086805,53.343102,539.198005
12.392807,64.403812,539.963791
-0.707878,74.412526,542.691370
-13.772371,84.466947,547.353307
-26.353392,95.675337,553.322660
-37.824759,109.461929,559.509964
-47.122244,127.697186,564.650433
-52.512715,151.606031,567.647938
-52.259330,178.361348,567.871423
-46.462813,-158.183593,565.321480
-36.929355,-140.401703,560.624386
-25.339059,-126.904034,554.855830
-12.706111,-115.846203,549.240955
0.368103,-105.842138,544.815306
13.444219,-95.797833,542.150387
26.074450,-84.604353,541.233341
37.775972,-65.610700,541.549071
47.132385,-47.276562,542.280028
52.535689,-23.179241,542.666275
52.208761,3.765017,542.276471
46.280090,27.283443,541.165766
36.612949,45.045094,539.864382
24.915710,58.509714,539.197041
12.212512,69.547284,539.987609
-0.890536,79.549449,542.743654
-13.951568,89.611921,547.429357
-26.522129,100.845301,553.409985
-37.971980,114.680092,559.591417
-47.228598,132.990393,564.708849
-52.550529,156.971574,567.670802
-52.213652,-176.277971,567.854225
-46.351334,-152.898661,565.268856
-36.779421,-135.189565,560.548783
-25.169018,-121.737488,554.774026
-12.526434,-110.702769,549.169389
0.550659,-100.705315,544.765583
13.623848,-90.653040,542.126385
26.244117,-79.434606,541.230891
37.924098,-60.391688,541.558348
47.239361,-41.981341,542.289236
52.573107,-17.810678,542.666643
52.161502,9.127528,542.265252
46.166663,32.568450,541.147308
36.461312,50.256759,539.848711
24.744428,63.675867,539.196364
12.032143,74.690561,540.011815
-1.073187,84.686383,542.796321
-14.130673,94.757116,547.505665
-26.690656,106.015757,553.497351
-38.118790,119.899122,559.672661
-47.334199,138.284766,564.766840
-52.587215,162.337733,567.693120
-52.166875,-170.918037,567.836482
-46.239146,-147.614884,565.215813
-36.629105,-129.978247,560.472974
-24.998784,-116.571399,554.692258
-12.346675,-105.559531,549.098063
0.733214,-95.568481,544.716210
13.803392,-85.508028,542.102727
26.413582,-74.264365,541.228680
38.071813,-55.171797,541.567702
47.345574,-36.684936,542.298371
52.609377,-12.441496,542.666854
52.113134,14.489264,542.253888
46.052527,37.852287,541.128811
36.309299,55.467601,539.833165
24.572960,68.841565,539.195974
11.851700,79.833646,540.036410
-1.255828,89.823331,542.849369
-14.309684,99.902534,547.582228
-26.858973,111.186710,553.584756
-38.265186,125.119024,559.753694
-47.439040,143.580306,564.824406
-52.622770,167.704493,567.714890
-52.119006,-165.558863,567.818195
-46.126256,-142.332260,565.162353
-36.478412,-124.767744,560.396963
-24.828359,-111.405763,554.610530
-12.166836,-100.416485,549.026979
0.915768,-90.431635,544.667188
13.982850,-80.362793,542.079414
26.582841,-69.093627,541.226705
38.219113,-49.951023,541.577130
47.451018,-31.387344,542.307429
52.644499,-7.071714,542.666905
52.063661,19.850210,542.242377
45.937690,43.134955,541.110276
36.156914,60.677627,539.817747
24.401308,74.006813,539.195876
11.671185,84.976542,540.061395
-1.438460,94.960296,542.902797
-14.488602,105.048179,547.659043
-27.027076,116.358166,553.672195
-38.411163,130.339803,559.834513
-47.543115,148.877012,564.881543
-52.657190,173.071835,567.736111
-52.070047,-160.200465,567.799365
-46.012669,-137.050787,565.108479
-36.327344,-119.558051,560.320752
-24.657745,-106.240576,554.528845
-11.986918,-95.273628,548.956139
1.098318,-85.294773,544.618517
14.162221,-75.217332,542.056444
26.751894,-63.922386,541.224966
38.365995,-44.729359,541.586630
47.555688,-26.088566,542.316411
52.678467,-1.701349,542.666796
52.013088,25.210353,542.230723
45.822157,48.416457,541.091706
36.004160,65.886842,539.802458
24.229475,79.171615,539.196069
11.490599,90.119253,540.086771
-1.621080,100.097281,542.956605
-14.667423,110.194055,547.736109
-27.194963,121.530127,553.759666
-38.556719,135.561466,559.915112
-47.646418,154.174886,564.938249
-52.690472,178.439744,567.756784
-52.020002,-154.842856,567.779994
-45.898390,-131.770464,565.054193
-36.175906,-114.349162,560.244346
-24.486944,-101.075834,554.447205
-11.806923,-90.130958,548.885545
1.280865,-80.157893,544.570199
14.341503,-70.071642,542.033816
26.920737,-58.750639,541.223458
38.512455,-39.506800,541.596199
47.659576,-20.788601,542.325313
52.711279,3.669581,542.666528
51.961418,30.569677,542.218925
45.705932,53.696795,541.073101
35.851040,71.095252,539.787300
24.057461,84.335976,539.196557
11.309944,95.261781,540.112537
-1.803688,105.234288,543.010791
-14.846147,115.340164,547.813422
-27.362632,126.702599,553.847165
-38.701849,140.784017,559.995491
-47.748945,159.473926,564.994522
-52.722613,-176.191800,567.776907
-51.968877,-149.486051,567.760083
-45.783425,-126.491286,564.999498
-36.024099,-109.141071,560.167746
-24.315958,-95.911532,554.365614
-11.626851,-84.988470,548.815200
1.463407,-75.020991,544.522234
14.520696,-64.925720,542.011529
27.089369,-53.578380,541.222182
38.658489,-34.283340,541.605836
47.762678,-15.487449,542.334135
52.742931,9.041058,542.666099
51.908657,35.928168,542.206984
45.589023,58.975972,541.054465
35.697558,76.302863,539.772278
23.885270,89.499899,539.197342
11.129220,100.404130,540.138695
-1.986282,110.371320,543.065355
-15.024772,120.486510,547.890980
-27.530082,131.875587,553.934688
-38.846549,146.007463,560.075644
-47.850689,164.774134,565.050360
-52.753610,-170.822814,567.796479
-51.916676,-144.130063,567.739631
-45.667780,-121.213252,564.944396
-35.871928,-103.933773,560.090958
-24.144789,-90.747666,554.284075
-11.446704,-79.846162,548.745105
1.645943,-69.884065,544.474623
14.699797,-59.779561,541.989583
27.257787,-48.405605,541.221133
38.804093,-29.058972,541.615538
47.864988,-10.185111,542.342875
52.773422,14.413064,542.665509
51.854808,41.285813,542.194902
45.471433,64.253991,541.035799
35.543718,81.509680,539.757392
23.712903,94.663388,539.198424
10.948429,105.546302,540.165245
-2.168861,115.508380,543.120295
-15.203298,125.633096,547.968780
-27.697310,137.049095,554.022233
-38.990816,151.231809,560.155569
-47.951644,170.075509,565.105759
-52.783460,-165.453316,567.815500
-51.863402,-138.774905,567.718642
-45.551459,-115.936360,564.888890
-35.719396,-98.727262,560.013984
-23.973438,-85.584233,554.202592
-11.266482,-74.704032,548.675263
1.828472,-64.747112,544.427366
14.878806,-54.633163,541.967976
27.425990,-43.232310,541.220312
38.949263,-23.833692,541.625303
47.966499,-4.881587,542.351530
52.802747,19.785580,542.664758
51.799877,46.642599,542.182679
45.353170,69.530855,541.017106
35.389522,86.715709,539.742645
23.540362,99.826449,539.199806
10.767572,110.688301,540.192188
-2.351425,120.645471,543.175610
-15.381722,130.779926,548.046820
-27.864314,142.223127,554.109795
-39.134645,156.457061,560.235262
-48.051805,175.378050,565.160718
-52.812161,-160.083323,567.833969
-51.809061,-133.420592,567.697114
-45.434468,-110.660605,564.832982
-35.566507,-93.521533,559.936827
-23.801908,-80.421226,554.121167
-11.086189,-69.562075,548.605677
2.010993,-59.610130,544.380464
15.057720,-49.486524,541.946708
27.593974,-38.058489,541.219715
39.093995,-18.607494,541.635128
48.067206,0.423124,542.360100
52.830904,25.158587,542.663845
51.743869,51.998511,542.170317
45.234238,74.806567,540.998387
35.234974,91.920955,539.728041
23.367648,104.989085,539.201491
10.586651,115.830130,540.219525
-2.533973,125.782595,543.231299
-15.560044,135.927002,548.125097
-28.031091,147.397688,554.197372
-39.278034,161.683224,560.314720
-48.151165,-179.318243,565.215234
-52.839710,-154.712854,567.851885
-51.753657,-128.067136,567.675051
-45.316813,-105.385987,564.776676
-35.413263,-88.316580,559.859492
-23.630200,-75.258644,554.039804
-10.905823,-64.420289,548.536347
2.193504,-54.473116,544.333917
15.236539,-44.339638,541.925777
27.761738,-32.884138,541.219340
39.238285,-13.380371,541.645012
48.167102,5.729019,542.368583
52.857891,30.532067,542.662770
51.686788,57.353537,542.157816
45.114643,80.081130,540.979645
35.080077,97.125425,539.713580
23.194764,110.151300,539.203479
10.405666,120.971791,540.247256
-2.716502,130.919756,543.287361
-15.738262,141.074328,548.203609
-28.197640,152.572784,554.284959
-39.420977,166.910304,560.393940
-48.249720,-174.013372,565.269305
-52.866103,-149.341929,567.869248
-51.697195,-122.714549,567.652452
-45.198499,-100.112501,564.719973
-35.259667,-83.112397,559.781980
-23.458317,-70.096481,553.958506
-10.725387,-59.278671,548.467276
2.376005,-49.336067,544.287726
15.415262,-39.192503,541.905183
27.929280,-27.709252,541.219186
39.382129,-8.152319,541.654951
48.266182,11.036099,542.376977
52.883704,35.906000,542.661533
51.628638,62.707665,542.145177
44.994390,85.354547,540.960881
34.924835,102.329124,539.699266
23.021711,115.313098,539.205773
10.224618,126.113288,540.275381
-2.899012,136.056955,543.343795
-15.916374,146.221907,548.282353
-28.363958,157.748418,554.372554
-39.563471,172.138307,560.472919
-48.347463,-168.707336,565.322929
-52.891340,-143.970564,567.886056
-51.639679,-117.362844,567.629320
-45.079531,-94.840144,564.662877
-35.105723,-77.908979,559.704296
-23.286259,-64.934733,553.877276
-10.544882,-54.137217,548.398467
2.558494,-44.198979,544.241891
15.593886,-34.045116,541.884924
28.096598,-22.533827,541.219250
39.525523,-2.923331,541.664944
48.364440,16.344362,542.385281
52.908341,41.280368,542.660133
51.569426,68.060882,542.132402
44.873485,90.626822,540.942098
34.769250,107.532058,539.685101
22.848492,120.474484,539.208375
10.043510,131.254624,540.303901
-3.081503,141.194196,543.400600
-16.094380,151.369743,548.361326
-28.530042,162.924595,554.460153
-39.705512,177.367237,560.551652
-48.444388,-163.400138,565.376103
-52.915417,-138.598780,567.902310
-51.581115,-112.012034,567.605654
-44.959914,-89.568913,564.605389
-34.951435,-72.706321,559.626443
-23.114029,-59.773397,553.796117
-10.364309,-48.995926,548.329921
2.740971,-39.061852,544.196414
15.772411,-28.897474,541.864999
28.263688,-17.357858,541.219530
39.668463,2.306598,541.674989
48.461870,21.653807,542.393492
52.931801,46.655151,542.658569
51.509155,73.413176,542.119491
44.751934,95.897958,540.923298
34.613326,112.734231,539.671087
22.675108,125.635462,539.211286
9.862342,136.395802,540.332817
-3.263972,146.331481,543.457774
-16.272278,156.517839,548.440525
-28.695892,168.101320,554.547752
-39.847095,-177.402899,560.630137
-48.540490,-158.091779,565.428825
-52.938332,-133.226595,567.918009
-51.521507,-106.662129,567.581457
-44.839654,-84.298805,564.547513
-34.796805,-67.504416,559.548424
-22.941628,-54.612468,553.715033
-10.183670,-43.854793,548.261641
2.923434,-33.924681,544.151294
15.950836,-23.749572,541.845408
28.430549,-12.181339,541.220025
39.810944,7.537474,541.685082
48.558465,26.964432,542.401610
52.954080,52.030329,542.656842
51.447831,78.764535,542.106445
44.629740,101.167958,540.904483
34.457067,117.935651,539.657227
22.501560,130.796035,539.214508
9.681116,141.536825,540.362129
-3.446419,151.468814,543.515317
-16.450066,161.666198,548.519949
-28.861504,173.278598,554.635348
-39.988217,-172.172096,560.708371
-48.635763,-152.782260,565.481094
-52.960083,-127.854028,567.933151
-51.460859,-101.313143,567.556729
-44.718756,-79.029817,564.489251
-34.641836,-62.303260,559.470243
-22.769059,-49.451943,553.634026
-10.002965,-38.713817,548.193628
3.105882,-28.787464,544.106532
16.129158,-18.601408,541.826149
28.597179,-7.004267,541.220731
39.952963,12.769302,541.695223
48.654221,32.276236,542.409632
52.975176,57.405882,542.654951
51.385459,84.114947,542.093267
44.506911,106.436827,540.885655
34.300474,123.136321,539.643523
22.327851,135.956209,539.218043
9.499832,146.677695,540.391837
-3.628843,156.606197,543.573226
-16.627743,166.814824,548.599593
-29.026877,178.456434,554.722938
-40.128874,-166.940349,560.786350
-48.730201,-147.471584,565.532906
-52.980668,-122.481099,567.947738
-51.399178,-95.965085,567.531473
-44.597226,-73.761944,564.430607
-34.486531,-57.102847,559.391903
-22.596323,-44.291816,553.553100
-9.822196,-33.572993,548.125885
3.288315,-23.650198,544.062129
16.307376,-13.452978,541.807220
28.763575,-1.826636,541.221647
40.094516,18.002089,541.705408
48.749130,37.589217,542.417558
52.995088,62.781792,542.652896
51.322045,89.464402,542.079956
44.383451,111.704568,540.866816
34.143552,128.336249,539.629978
22.153983,141.115986,539.221892
9.318492,151.818416,540.421942
-3.811242,161.743632,543.631501
-16.805308,171.963720,548.679456
-29.192007,-176.365168,554.810518
-40.269062,-161.707651,560.864070
-48.823797,-142.159752,565.584260
-53.000085,-117.107827,567.961767
-51.336467,-90.617967,567.505688
-44.475068,-68.495184,564.371582
-34.330895,-51.903171,559.313407
-22.423421,-39.132085,553.472258
-9.641363,-28.432319,548.058413
3.470730,-18.512880,544.018084
16.485489,-8.304278,541.788622
28.929735,3.351558,541.222771
40.235597,23.235840,541.715635
48.843187,42.903373,542.425385
53.013813,68.158037,542.650677
51.257592,94.812888,542.066514
44.259365,116.971186,540.847969
33.986304,133.535440,539.616594
21.979957,146.275371,539.226059
9.137097,156.958991,540.452444
-3.993616,166.881123,543.690141
-16.982760,177.112890,548.759535
-29.356892,-171.186203,554.898085
-40.408775,-156.473998,560.941530
-48.916548,-136.846767,565.635153
-53.018331,-111.734232,567.975239
-51.272733,-85.271799,567.479377
-44.352287,-63.229532,564.312179
-34.174928,-46.704227,559.234759
-22.250356,-33.972745,553.391502
-9.460469,-23.291792,547.991215
3.653127,-13.375508,543.974398
16.663495,-3.155307,541.770353
29.095656,8.530321,541.224101
40.376203,28.470559,541.725903
48.936386,48.218700,542.433113
53.031350,73.534598,542.648293
51.192107,100.160395,542.052942
44.134659,122.236683,540.829115
33.828732,138.733898,539.603373
21.805774,151.434367,539.230543
8.955648,162.099423,540.483344
-4.175963,172.018672,543.749144
-17.160096,-177.737664,548.839827
-29.521531,-166.006665,554.985634
-40.548011,-151.239384,561.018725
-49.008446,-131.532632,565.685584
-53.035407,-106.360333,567.988153
-51.207979,-79.926593,567.452541
-44.228890,-57.964985,564.252401
-34.018636,-41.506009,559.155962
-22.077130,-28.813792,553.310837
-9.279514,-18.151409,547.924292
3.835505,-8.238079,543.931072
16.841394,1.993941,541.752411
29.261336,13.709657,541.225634
40.516330,33.706254,541.736208
49.028721,53.535198,542.440739
53.047697,78.911454,542.645744
51.125595,105.506912,542.039242
44.009338,127.501064,540.810257
33.670840,143.931630,539.590318
21.631438,156.592980,539.235348
8.774146,167.239714,540.514642
-4.358282,177.156283,543.808508
-17.337316,-172.587937,548.920329
-29.685920,-160.826551,555.073164
-40.686765,-146.003803,561.095652
-49.099485,-126.217348,565.735550
-53.051308,-100.986150,568.000509
-51.142212,-74.582358,567.425180
-44.104880,-52.701539,564.192252
-33.862020,-36.308513,559.077020
-21.903743,-23.655223,553.230264
-9.098499,-13.011167,547.857647
4.017863,-3.100590,543.888106
17.019183,7.143469,541.734795
29.426773,18.889571,541.227369
40.655973,38.942930,541.746549
49.120186,58.852862,542.448262
53.062852,84.288585,542.643031
51.058061,110.852429,542.025414
43.883408,132.764334,540.791397
33.512630,149.128641,539.577432
21.456948,161.751212,539.240475
8.592594,172.379868,540.546339
-4.540572,-177.706043,543.868233
-17.514417,-167.437926,549.001039
-29.850058,-155.645855,555.160670
-40.825032,-140.767251,561.172308
-49.189661,-120.900919,565.785049
-53.066035,-95.611703,568.012307
-51.075436,-69.239105,567.397297
-43.980263,-47.439190,564.131733
-33.705083,-31.111732,558.997936
-21.730198,-18.497033,553.149788
-8.917426,-7.871063,547.791281
4.200200,2.036961,543.845500
17.196862,12.293280,541.717505
29.591964,24.070068,541.229303
40.795127,44.180591,541.756923
49.210775,64.171690,542.455682
53.076814,89.665971,542.640152
50.989510,116.196937,542.011459
43.756872,138.026496,540.772538
33.354106,154.324937,539.564716
21.282308,166.909068,539.245924
8.410991,177.519887,540.578433
-4.722832,-172.568302,543.928317
-17.691400,-162.287628,549.081953
-30.013942,-150.464573,555.248148
-40.962809,-135.529721,561.248689
-49.278966,-115.583349,565.834078
-53.079586,-90.237012,568.023545
-51.007657,-63.896843,567.368893
-43.855044,-42.177933,564.070847
-33.547829,-25.915662,558.918713
-21.556497,-13.339218,553.069411
-8.736296,-2.731095,547.725196
4.382513,7.174579,543.803254
17.374428,17.443377,541.700539
29.756908,29.251154,541.231434
40.933789,49.419244,541.767328
49.300482,69.491678,542.462995
53.089582,95.043591,542.637108
50.919948,121.540426,541.997380
43.629737,143.287555,540.753680
33.195271,159.520523,539.552173
21.107519,172.066552,539.251700
8.229339,-177.340225,540.610927
-4.905062,-167.430492,543.988759
-17.868261,-157.137039,549.163069
-30.177570,-145.282698,555.335596
-41.100090,-130.291210,561.324794
-49.367396,-110.264640,565.882637
-53.091960,-84.862097,568.034224
-50.938880,-58.555580,567.339970
-43.729228,-36.917765,564.009597
-33.390261,-20.720297,558.839355
-21.382640,-8.181775,552.989136
-8.555109,2.408742,547.659395
4.564804,12.312264,543.761369
17.551880,22.593764,541.683895
29.921600,34.432832,541.233759
41.071954,54.658894,541.777763
49.389301,74.812823,542.470201
53.101153,100.421425,542.633898
50.849381,126.882886,541.983177
43.502008,148.547515,540.734827
33.036127,164.715405,539.539806
20.932582,177.223667,539.257801
8.047639,-172.200466,540.643820
-5.087259,-162.292609,544.049557
-18.045000,-151.986156,549.244384
-30.340938,-140.100228,555.423009
-41.236872,-125.051710,561.400617
-49.454945,-104.944797,565.930723
-53.103154,-79.486978,568.044342
-50.869109,-53.215328,567.310528
-43.602821,-31.658682,563.947987
-33.232381,-15.525631,558.759866
-21.208630,-3.024700,552.908966
-8.373868,7.548448,547.593878
4.747069,17.450021,543.719845
17.729217,27.744444,541.667573
30.086040,39.615109,541.236278
41.209618,59.899547,541.788224
49.477227,80.135121,542.477298
53.111528,105.799451,542.630523
50.777813,132.224309,541.968851
43.373689,153.806380,540.715981
32.876677,169.909587,539.527616
20.757499,-177.619582,539.264232
7.865893,-167.060832,540.677112
-5.269423,-157.154651,544.110710
-18.221615,-146.834975,549.325895
-30.504045,-134.917155,555.510385
-41.373151,-119.811217,561.476157
-49.541606,-99.623822,565.978333
-53.113169,-74.111676,568.053901
-50.798352,-47.876093,567.280569
-43.475826,-26.400678,563.886018
-33.074192,-10.331659,558.680247
-21.034469,2.132011,552.828905
-8.192573,12.688029,547.528648
4.929309,22.587851,543.678682
17.906437,32.895422,541.651571
30.250224,44.797989,541.238987
41.346776,65.141207,541.798709
49.564252,85.458568,542.484286
53.120705,111.177648,542.626982
50.705251,137.564686,541.954403
43.244787,159.064156,540.697143
32.716926,175.103076,539.515607
20.582273,-172.463192,539.270992
7.684101,-161.921322,540.710804
-5.451552,-152.016615,544.172216
-18.398105,-141.683492,549.407599
-30.666889,-129.733476,555.597720
-41.508921,-114.569726,561.551409
-49.627374,-94.301721,566.025467
-53.122003,-68.736211,568.062900
-50.726612,-42.537885,567.250095
-43.348249,-21.143751,563.823694
-32.915697,-5.138376,558.600504
-20.860158,7.288362,552.748954
-8.011226,17.827486,547.463707
5.111521,27.725758,543.637881
18.083539,38.046701,541.635888
30.414149,49.981477,541.241884
41.483423,70.383881,541.809217
49.650372,90.783160,542.491162
53.128683,116.555997,542.623276
50.631700,142.904008,541.939836
43.115304,164.320846,540.678317
32.556874,-179.704123,539.503780
20.406903,-167.307159,539.278085
7.502264,-156.781931,540.744896
-5.633646,-146.878499,544.234074
-18.574468,-136.531705,549.489494
-30.829466,-124.549186,555.685009
-41.644179,-109.327231,561.626372
-49.712244,-88.978498,566.072121
-53.129655,-63.360603,568.071337
-50.653896,-37.200713,567.219106
-43.220095,-15.887894,563.761018
-32.756899,0.054224,558.520639
-20.685698,12.444357,552.669119
-7.829827,22.966822,547.399056
5.293706,32.863745,543.597441
18.260522,43.198283,541.620523
30.577814,55.165578,541.244968
41.619555,75.627573,541.819745
49.735580,96.108893,542.497925
53.135461,121.934476,542.619403
50.557166,148.242268,541.925150
42.985248,169.576456,540.659504
32.396526,-174.512005,539.492139
20.231393,-162.151479,539.285511
7.320385,-151.642657,540.779388
-5.815703,-141.740299,544.296282
-18.750702,-131.379609,549.571577
-30.991774,-119.364279,555.772251
-41.778920,-104.083727,561.701041
-49.796208,-83.654157,566.118294
-53.136126,-57.984873,568.079214
-50.580208,-31.864583,567.187606
-43.091369,-10.633104,563.697992
-32.597801,5.246145,558.440656
-20.511091,17.599999,552.589400
-7.648378,28.106040,547.334697
5.475861,38.001814,543.557363
18.437383,48.350173,541.605473
30.741216,60.350297,541.248235
41.755167,80.872290,541.830290
49.819870,101.435760,542.504573
53.141039,127.313064,542.615365
50.481654,153.579457,541.910346
42.854622,174.830990,540.640707
32.235883,-169.320565,539.480684
20.055744,-156.996148,539.293271
7.138463,-146.503497,540.814279
-5.997722,-136.602013,544.358839
-18.926807,-126.227201,549.653844
-31.153810,-114.178750,555.859441
-41.913139,-98.839210,561.775413
-49.879263,-78.328704,566.163985
-53.141413,-52.609041,568.086530
-50.505555,-26.529504,567.155595
-42.962075,-5.379377,563.634619
-32.438406,10.437393,558.360558
-20.336340,22.755293,552.509802
-7.466879,33.245144,547.270633
5.657986,43.139968,543.517647
18.614121,53.502375,541.590739
30.904353,65.535640,541.251684
41.890256,86.118035,541.840851
49.903237,106.763758,542.511107
53.145416,132.691740,542.611161
50.405170,158.915569,541.895427
42.723432,-179.915547,540.621928
32.074950,-164.129796,539.469420
19.879957,-151.841163,539.301369
6.956501,-141.364449,540.849571
-6.179702,-131.463638,544.421743
-19.102780,-121.074477,549.736292
-31.315573,-108.992595,555.946575
-42.046832,-93.593674,561.849486
-49.961401,-73.002142,566.209190
-53.145516,-47.233128,568.093284
-50.429942,-21.195483,567.123075
-42.832219,-0.126707,563.570903
-32.278715,15.627974,558.280348
-20.161445,27.910241,552.430327
-7.285333,38.384135,547.206864
5.840080,48.278211,543.478293
18.790735,58.654891,541.576318
31.067220,70.721612,541.255313
42.024815,91.364815,541.851426
49.985675,112.092881,542.517523
53.148592,138.070482,542.606791
50.327719,164.250595,541.880392
42.591683,-174.663151,540.603169
31.913728,-158.939695,539.458347
19.704034,-146.686520,539.309805
6.774499,-136.225509,540.885264
-6.361642,-126.325171,544.484993
-19.278621,-115.921434,549.818920
-31.477059,-103.805807,556.033651
-42.179995,-88.347114,561.923256
-50.042618,-67.674479,566.253908
-53.148436,-41.857154,568.099477
-50.353374,-15.862528,567.090047
-42.701805,5.124910,563.506845
-32.118733,20.817892,558.200031
-19.986408,33.064849,552.350978
-7.103740,43.523017,547.143392
6.022140,53.416544,543.439300
18.967223,63.807727,541.562210
31.229817,75.908217,541.259119
42.158841,96.612635,541.862012
50.067177,117.423124,542.523821
53.150566,143.449271,542.602255
50.249308,169.584530,541.865245
42.459378,-169.411815,540.584433
31.752220,-153.750254,539.447469
19.527977,-141.532214,539.318580
6.592458,-131.086674,540.921357
-6.543541,-121.186609,544.548587
-19.454327,-110.768069,549.901723
-31.638266,-98.618383,556.120665
-42.312622,-83.099524,561.996721
-50.122908,-62.345719,566.298138
-53.150172,-36.481140,568.105109
-50.275857,-10.530645,567.056513
-42.570838,10.375479,563.442450
-31.958462,26.007152,558.119609
-19.811230,38.219119,552.271759
-6.922101,48.661793,547.080220
6.204168,58.554970,543.400670
19.143584,68.960884,541.548412
31.392140,81.095462,541.263100
42.292328,101.861499,541.872608
50.147739,122.754480,542.530000
53.151338,148.828084,542.597553
50.169942,174.917365,541.849985
42.326524,-164.161536,540.565721
31.590429,-148.561471,539.436788
19.351787,-136.378243,539.327696
6.410380,-125.947942,540.957850
-6.725398,-116.047949,544.612523
-19.629897,-105.614376,549.984699
-31.799191,-93.430317,556.207612
-42.444709,-77.850901,562.069876
-50.202264,-57.015868,566.341878
-53.150723,-31.105107,568.110178
-50.197396,-5.199841,567.022475
-42.439322,15.625004,563.377719
-31.797904,31.195761,558.039085
-19.635914,43.373055,552.192671
-6.740418,53.800466,547.017348
6.386160,63.693493,543.362403
19.319816,74.114367,541.534924
31.554187,86.283350,541.267254
42.425272,107.111413,541.883210
50.227353,128.086944,542.536058
53.150908,154.206900,542.592686
50.089627,-179.750905,541.834615
42.193125,-158.912309,540.547036
31.428358,-143.373338,539.426305
19.175466,-131.224602,539.337156
6.228266,-120.809310,540.994743
-6.907211,-110.909189,544.676800
-19.805330,-100.460353,550.067845
-31.959831,-88.241603,556.294491
-42.576252,-72.601239,562.142719
-50.280681,-51.684933,566.385125
-53.150090,-25.729075,568.114686
-50.117998,0.129877,566.987934
-42.307263,20.873491,563.312656
-31.637062,36.383723,557.958464
-19.460461,48.526661,552.113719
-6.558691,58.939037,546.954779
6.568116,68.832116,543.324497
19.495917,79.268180,541.521743
31.715955,91.471888,541.271579
42.557669,112.362382,541.893817
50.306015,133.420509,542.541993
53.149276,159.585699,542.587653
50.008369,-174.420287,541.819136
42.059186,-153.664127,540.528380
31.266010,-138.185850,539.416024
18.999016,-126.071288,539.346959
6.046117,-115.670775,541.032038
-7.088980,-105.770326,544.741415
-19.980623,-95.305997,550.151158
-32.120185,-83.052237,556.381297
-42.707245,-67.350533,562.215247
-50.358155,-46.352920,566.427878
-53.148273,-20.353065,568.118632
-50.037668,5.458504,566.952892
-42.174665,26.120945,563.247264
-31.475939,41.571043,557.877749
-19.284872,53.679940,552.034904
-6.376922,64.077511,546.892513
6.750035,73.970840,543.286953
19.671887,84.422327,541.508869
31.877441,96.661081,541.276072
42.689512,117.614411,541.904427
50.383718,138.755168,542.547806
53.146443,164.964460,542.582454
49.926173,-169.090786,541.803549
41.924711,-148.416987,540.509757
31.103387,-132.999003,539.405947
18.822437,-120.918297,539.357109
5.863933,-110.532333,541.069732
-7.270703,-100.631356,544.806369
-20.155776,-90.151303,550.234635
-32.280248,-77.862214,556.468026
-42.837685,-62.098779,562.287457
-50.434678,-41.019835,566.470135
-53.145272,-14.977098,568.122016
-49.956411,10.786034,566.917351
-42.041532,31.367370,563.181546
-31.314537,46.757727,557.796942
-19.109149,58.832897,551.956230
-6.195112,69.215890,546.830554
6.931916,79.109670,543.249772
19.847722,89.576810,541.496300
32.038643,101.850934,541.280731
42.820799,122.867504,541.915037
50.460458,144.090916,542.553493
53.142408,170.343160,542.577090
49.843046,-163.762408,541.787856
41.789705,-143.170883,540.491167
30.940492,-127.812792,539.396077
18.645732,-115.765626,539.367605
5.681717,-105.393984,541.107827
-7.452379,-95.492277,544.871658
-20.330786,-84.996267,550.318273
-32.440019,-72.671527,556.554676
-42.967565,-56.845971,562.359346
-50.510246,-35.685685,566.511894
-53.141087,-9.601193,568.124839
-49.874233,16.112461,566.881312
-41.907870,36.612771,563.115505
-31.152859,51.943779,557.716048
-18.933293,63.985534,551.877700
-6.013262,74.354177,546.768901
7.113758,84.248607,543.212953
20.023423,94.731634,541.484034
32.199558,107.041451,541.285554
42.951522,128.121667,541.925646
50.536227,149.427743,542.559055
53.137172,175.721780,542.571561
49.758993,-158.435159,541.772058
41.654173,-137.925809,540.472613
30.777327,-122.627210,539.386414
18.468902,-110.613271,539.378451
5.499469,-100.255722,541.146323
-7.634007,-90.353087,544.937280
-20.505653,-79.840886,550.402069
-32.599494,-67.480173,556.641242
-43.096882,-51.592106,562.430911
-50.584852,-30.350479,566.553154
-53.135718,-4.225373,568.127099
-49.791141,21.437779,566.844777
-41.773682,41.857154,563.049143
-30.990908,57.129205,557.635069
-18.757307,69.137856,551.799317
-5.831373,79.492375,546.707558
7.295559,89.387655,543.176496
20.198986,99.886803,541.472071
32.360182,112.232640,541.290538
43.081679,133.376905,541.936251
50.611021,154.765644,542.564490
53.130735,-178.899703,542.565867
49.674020,-153.109043,541.756157
41.518120,-132.681761,540.454098
30.613895,-117.442254,539.376962
18.291948,-105.461227,539.389646
5.317190,-95.117546,541.185218
-7.815586,-85.213781,545.003235
-20.680375,-74.685157,550.486019
-32.758672,-62.288145,556.727722
-43.225631,-46.337178,562.502148
-50.658493,-25.014223,566.593913
-53.129167,1.150344,568.128798
-49.707139,26.761984,566.807749
-41.638974,47.100523,562.982464
-30.828686,62.314009,557.554010
-18.581190,74.289866,551.721082
-5.649446,84.630486,546.646524
7.477318,94.526817,543.140400
20.374411,105.042320,541.460408
32.520514,117.424504,541.295682
43.211263,138.633222,541.946850
50.684833,160.104610,542.569797
53.123099,-173.521308,542.560008
49.588133,-147.784066,541.740155
41.381550,-127.438733,540.435623
30.450199,-112.257917,539.367724
18.114873,-100.309493,539.401193
5.134882,-89.979453,541.224514
-7.997115,-80.074358,545.069520
-20.854949,-69.529074,550.570121
-32.917548,-57.095438,556.814111
-43.353807,-41.081182,562.573055
-50.731161,-19.676924,566.634169
-53.121434,6.525936,568.129934
-49.622233,32.085070,566.770228
-41.503749,52.342884,562.915471
-30.666196,67.498198,557.472874
-18.404946,79.441568,551.643000
-5.467482,89.768513,546.585803
7.659034,99.666095,543.104667
20.549696,110.198189,541.449044
32.680550,122.617050,541.300984
43.340270,143.890622,541.957441
50.757659,165.444633,542.574975
53.114263,-168.143058,542.553984
49.501339,-142.460232,541.724052
41.244467,-122.196720,540.417192
30.286241,-107.074195,539.358701
17.937677,-95.158063,539.413093
4.952546,-84.841439,541.264210
-8.178592,-74.934814,545.136134
-21.029374,-64.372636,550.654372
-33.076121,-51.902047,556.900406
-43.481404,-35.824115,562.643628
-50.802851,-14.338592,566.673920
-53.112518,11.901383,568.130510
-49.536430,37.407034,566.732217
-41.368013,57.584242,562.848167
-30.503440,72.681775,557.391663
-18.228575,84.592964,551.565073
-5.285483,94.906460,546.525395
7.840707,104.805493,543.069295
20.724839,115.354414,541.437977
32.840288,127.810282,541.306440
43.468695,149.149111,541.968022
50.829492,170.785705,542.580022
53.104229,-162.764972,542.547795
49.413642,-137.137546,541.707850
41.106876,-116.955717,540.398806
30.122024,-101.891083,539.349895
17.760363,-90.006935,539.425347
4.770182,-79.703503,541.304306
-8.360016,-69.795147,545.203075
-21.203649,-59.215837,550.738769
-33.234387,-46.707968,556.986605
-43.608419,-30.565972,562.713866
-50.873559,-8.999234,566.713166
-53.102423,17.276664,568.130523
-49.449734,42.727870,566.693717
-41.231770,62.824602,562.780554
-30.340420,77.864746,557.310382
-18.052080,89.744060,551.487304
-5.103449,100.044328,546.465301
8.022334,109.945013,543.034285
20.899838,120.510999,541.427207
32.999725,133.004206,541.312048
43.596533,154.408694,541.978592
50.900327,176.127817,542.584937
53.092998,-157.387072,542.541442
49.325049,-131.816011,541.691552
40.968782,-111.715718,540.380469
29.957551,-96.708575,539.341310
17.582931,-84.856105,539.437957
4.587793,-74.565641,541.344802
-8.541387,-64.655354,545.270340
-21.377773,-54.058674,550.823308
-33.392344,-41.513193,557.072702
-43.734845,-25.306749,562.783764
-50.943278,-3.658858,566.751903
-53.091148,22.651759,568.129975
-49.362152,48.047576,566.654730
-41.095023,68.063970,562.712637
-30.177140,83.047115,557.229033
-17.875460,94.894857,551.409696
-4.921383,105.182122,546.405524
8.203915,115.084658,542.999636
21.074693,125.667947,541.416730
33.158857,138.198827,541.317807
43.723778,159.669373,541.989146
50.970159,-178.529039,542.589719
53.080570,-152.009378,542.534925
49.235566,-126.495632,541.675158
40.830190,-106.476717,540.362181
29.792823,-91.526667,539.332946
17.405383,-79.705569,539.450924
4.405378,-69.427851,541.385697
-8.722702,-59.515431,545.337928
-21.551742,-48.901143,550.907987
-33.549989,-36.317719,557.158695
-43.860679,-20.046441,562.853320
-51.012004,1.682525,566.790131
-53.078694,28.026649,568.128866
-49.273690,53.366145,566.615259
-40.957779,73.302350,562.644417
-30.013602,88.228889,557.147621
-17.698719,100.045361,551.332251
-4.739283,110.319843,546.346065
8.385448,120.224431,542.965348
21.249401,130.825263,541.406547
33.317682,143.394152,541.323714
43.850425,164.931155,541.999685
51.038981,-173.184872,542.594368
53.066948,-146.631911,542.528245
49.145198,-121.176412,541.658670
40.691103,-101.238710,540.343946
29.627843,-86.345353,539.324807
17.227721,-74.555324,539.464249
4.222940,-64.290130,541.426991
-8.903962,-54.375376,545.405838
-21.725556,-43.743241,550.992801
-33.707318,-31.121540,557.244580
-43.985914,-14.785043,562.922531
-51.079730,7.024908,566.827849
-53.065063,33.401312,568.127196
-49.184353,58.683576,566.575305
-40.820040,78.539748,562.575898
-29.849808,93.410071,557.066148
-17.521857,105.195573,551.254972
-4.557153,115.457494,546.286925
8.566932,125.364336,542.931422
21.423960,135.982950,541.396654
33.476197,148.590184,541.329766
43.976471,170.194043,542.010205
51.106789,-167.839693,542.598882
53.052131,-141.254692,542.521401
49.053953,-115.858354,541.642089
40.551525,-96.001690,540.325766
29.462614,-81.164629,539.316895
17.049946,-69.405367,539.477934
4.040478,-59.152474,541.468684
-9.085164,-49.235186,545.474067
-21.899213,-38.584962,551.077750
-33.864329,-25.924649,557.330354
-44.110547,-9.522553,562.991393
-51.146453,12.368280,566.865053
-53.050255,38.775728,568.124965
-49.094147,63.999865,566.534869
-40.681811,83.776169,562.507084
-29.685760,98.590667,556.984618
-17.344876,110.345499,551.177862
-4.374993,120.595078,546.228105
8.748367,130.504374,542.897855
21.598369,141.141012,541.387051
33.634399,153.786931,541.335963
44.101908,175.458042,542.020705
51.173578,-162.493511,542.603259
53.036123,-135.877742,542.514393
48.961835,-110.541462,541.625418
40.411463,-90.765652,540.307643
29.297139,-75.984489,539.309212
16.872059,-64.255693,539.491979
3.857995,-54.014881,541.510776
-9.266308,-44.094858,545.542613
-22.072712,-33.426304,551.162828
-34.021019,-20.727043,557.416012
-44.234572,-4.258966,563.059905
-51.212166,17.712633,566.901744
-53.034274,44.149879,568.122173
-49.003078,69.315008,566.493955
-40.543097,89.011619,562.437977
-29.521461,103.770681,556.903035
-17.167777,115.495140,551.100924
-4.192804,125.732598,546.169607
8.929751,135.644549,542.864650
21.772626,146.299454,541.377736
33.792285,158.984397,541.342300
44.226733,-179.276845,542.031182
51.239341,-157.146335,542.607500
53.018924,-130.501080,542.507224
48.868850,-105.225739,541.608658
40.270919,-85.530592,540.289580
29.131418,-70.804929,539.301760
16.694063,-59.106300,539.506387
3.675492,-48.877349,541.553267
-9.447392,-38.954389,545.611474
-22.246050,-28.267263,551.248033
-34.177385,-15.528715,557.501553
-44.357983,1.005723,563.128063
-51.276864,23.057955,566.937919
-53.017119,49.523742,568.118822
-48.911152,74.629003,566.452563
-40.403902,94.246103,562.368580
-29.356914,108.950119,556.821401
-16.990561,120.644502,551.024160
-4.010587,130.870057,546.111433
9.111082,140.784864,542.831804
21.946730,151.458279,541.368707
33.949852,164.182587,541.348776
44.350939,-174.010613,542.041635
51.304073,-151.798177,542.611603
53.000535,-125.124727,542.499891
48.775006,-99.911187,541.591811
40.129898,-80.296502,540.271579
28.965456,-65.625944,539.294542
16.515958,-53.957183,539.521158
3.492969,-43.739874,541.596155
-9.628415,-33.813776,545.680649
-22.419226,-23.107834,551.333362
-34.333424,-10.329660,557.586971
-44.480777,6.271516,563.195864
-51.340543,28.404238,566.973577
-52.998793,54.897300,568.114910
-48.818374,79.941846,566.410697
-40.264229,99.479626,562.298896
-29.192120,114.128985,556.739720
-16.813231,125.793586,550.947574
-3.828344,136.007457,546.053583
9.292360,145.925322,542.799318
22.120678,156.617491,541.359963
34.107097,169.381508,541.355389
