-32.243074,-19.801841,556.437690
-42.807444,-4.052740,562.262684
-50.417003,17.007362,566.455139
-53.146074,43.040274,568.119270
-49.975345,68.814739,566.927009
-42.072475,89.414869,563.201460
-31.352038,104.819032,557.823233
-19.149995,116.901977,551.984293
-6.237404,127.288307,546.856207
6.889570,137.181930,543.270226
19.806749,147.645367,541.510631
32.001058,159.911175,541.289727
42.658776,175.660061,541.909896
50.365650,-163.218524,542.551608
53.147213,-137.019463,542.585615
49.945468,-111.063102,541.805754
41.956180,-90.370045,540.509392
31.141389,-74.937985,539.400682
18.863653,-62.849373,539.344834
5.906408,-52.460004,541.049554
-7.228387,-42.559134,544.779295
-20.115042,-32.082725,550.203684
-32.402913,-14.611309,556.524384
-42.937455,1.199823,562.334683
-50.492793,22.341265,566.497057
-53.142163,48.416195,568.122269
-49.893381,74.141422,566.891132
-41.938935,94.660507,563.135537
-31.190425,110.005229,557.742395
-18.974170,122.054688,551.905755
-6.055564,132.426615,546.794498
7.071421,142.320842,543.233324
19.982481,152.800111,541.498282
32.162040,165.101536,541.294487
42.790193,-179.087095,541.920472
50.442615,-157.883031,542.557283
53.143458,-131.640747,542.580243
49.862558,-105.734461,541.790039
41.821298,-85.123699,540.490751
30.978557,-69.751626,539.390726
18.686976,-57.696627,539.355223
5.724199,-47.321633,541.087542
-7.410075,-37.420080,544.844505
-20.290086,-26.927769,550.287297
-32.562458,-9.420109,556.610995
-43.066903,6.453443,562.406358
-50.567624,27.676227,566.538475
-53.137069,53.792038,568.124706
-49.810500,79.466998,566.854760
-41.804869,99.905126,563.069292
-31.028537,115.190800,557.661472
-18.798214,127.207082,551.827364
-5.873684,137.564832,546.733096
7.253230,147.459863,543.196784
20.158076,157.955198,541.486236
32.322732,170.292567,541.299410
42.921048,-173.833182,541.931046
50.518611,-152.546456,542.562832
53.138503,-126.262107,542.574706
49.778720,-100.406947,541.774218
41.685888,-79.878385,540.472145
30.815454,-64.565897,539.380979
18.510175,-52.544198,539.365960
5.541957,-42.183350,541.125930
-7.591715,-32.280916,544.910050
-20.464987,-21.772468,550.371069
-32.721705,-4.228238,556.697520
-43.195785,11.708125,562.477707
-50.641489,33.012241,566.579393
-53.130792,59.167780,568.126581
-49.726708,84.791461,566.817892
-41.670282,105.148729,563.002730
-30.866378,120.375748,557.580468
-18.622129,132.359164,551.749121
-5.691767,142.702963,546.672005
7.434999,152.598998,543.160605
20.333533,163.110633,541.474490
32.483132,175.484273,541.304492
43.051337,-168.578197,541.941617
50.593633,-147.208805,542.568254
53.132347,-120.883563,542.569004
49.693962,-95.080566,541.758295
41.549956,-74.634097,540.453577
30.652084,-59.380795,539.371442
18.333249,-47.392082,539.377048
5.359685,-37.045154,541.164718
-7.773306,-27.141637,544.975927
-20.639743,-16.616820,550.454997
-32.880653,0.964311,556.783956
-43.324094,16.963872,562.548726
-50.714383,38.349299,566.619809
-53.123333,64.543403,568.127895
-49.642012,90.114808,566.780532
-41.535177,110.391324,562.935853
-30.703950,125.560078,557.499385
-18.445914,137.510936,551.671029
-5.509812,147.841009,546.611225
7.616725,157.738248,543.124788
20.508850,168.266420,541.463044
32.643237,-179.323342,541.309732
43.181055,-163.322133,541.952182
50.667675,-141.870088,542.573548
53.124991,-115.505138,542.563136
49.608288,-89.755322,541.742269
41.413506,-69.390831,540.435050
30.488449,-54.196313,539.362117
18.156202,-42.240275,539.388487
5.177383,-31.907042,541.203907
-7.954847,-22.002241,545.042135
-20.814352,-11.460820,550.539077
-33.039297,6.157543,556.870299
-43.451827,22.220691,562.619413
-50.786301,43.687393,566.659720
-53.114692,69.918886,568.128647
-49.556416,95.437032,566.742681
-41.399559,115.632914,562.868663
-30.541256,130.743796,557.418227
-18.269573,142.662403,551.593092
-5.327822,152.978974,546.550757
7.798407,162.877617,543.089332
20.684025,173.422561,541.451895
32.803044,-174.130271,541.315126
43.310197,-158.064986,541.962740
50.740732,-136.530312,542.578713
53.116435,-110.126852,542.557104
49.521705,-84.431221,541.726143
41.276542,-64.148581,540.416566
30.324552,-49.012448,539.353008
17.979034,-37.088775,539.400279
4.995053,-26.769009,541.243497
-8.136337,-16.862725,545.108673
-20.988813,-6.304464,550.623307
-33.197635,11.351463,556.956546
-43.578977,27.478584,562.689765
-50.857237,49.026514,566.699126
-53.104870,75.294208,568.128838
-49.469927,100.758130,566.704341
-41.263433,120.873504,562.801165
-30.378298,135.926907,557.336998
-18.093107,147.813568,551.515312
-5.145797,158.116860,546.490604
7.980044,168.017108,543.054238
20.859058,178.579061,541.441043
32.962550,-168.936509,541.320674
43.438758,-152.806752,541.973289
50.812797,-131.189485,542.583748
53.106681,-104.748726,542.550908
49.434219,-79.108266,541.709918
41.139070,-58.907342,540.398126
30.160395,-43.829193,539.344115
17.801746,-31.937576,539.412424
4.812695,-21.631055,541.283486
-8.317774,-11.723086,545.175537
-21.163124,-1.147748,550.707684
-33.355664,16.546076,557.042692
-43.705541,32.737557,562.759778
-50.927187,54.366654,566.738025
-53.093869,80.669348,568.128467
-49.382550,106.078098,566.665514
-41.126803,126.113101,562.733361
-30.215079,141.109416,557.255700
-17.916517,152.964434,551.437691
-4.963738,163.254670,546.430767
8.161635,173.156724,543.019505
21.033946,-176.264077,541.430485
33.121753,-163.742052,541.326373
43.566733,-147.547426,541.983825
50.883866,-125.847615,542.588651
53.095730,-99.370781,542.544547
49.345835,-73.786461,541.693595
41.001093,-53.667108,540.379734
29.995981,-38.646544,539.335443
17.624341,-26.786676,539.424926
4.630311,-16.493176,541.323875
-8.499158,-6.583322,545.242728
-21.337283,4.009330,550.792204
-33.513382,21.741387,557.128736
-43.831513,37.997613,562.829449
-50.996143,59.707805,566.776414
-53.081688,86.044287,568.127534
-49.294292,111.396931,566.626202
-40.989674,131.351710,562.665254
-30.051600,146.291327,557.174338
-17.739804,158.115005,551.360234
-4.781647,168.392407,546.371246
8.343179,178.296466,542.985133
21.208687,-171.106847,541.420219
33.280650,-158.546892,541.332220
43.694116,-142.287004,541.994347
50.953932,-120.504712,542.593422
53.083582,-93.993038,542.538021
49.256559,-68.465811,541.677177
40.862616,-48.427874,540.361392
29.831311,-33.464496,539.326992
17.446820,-21.636072,539.437784
4.447901,-11.355369,541.364664
-8.680487,-1.443429,545.310241
-21.511289,9.166775,550.876864
-33.670785,26.937403,557.214672
-43.956888,43.258758,562.898776
-51.064102,65.049957,566.814293
-53.068330,91.419005,568.126041
-49.205157,116.714627,566.586406
-40.852050,136.589335,562.596847
-29.887866,151.472645,557.092914
-17.562971,163.265284,551.282941
-4.599524,173.530073,546.312045
8.524674,-176.563661,542.951122
21.383281,-165.949247,541.410245
33.439237,-153.351026,541.338212
43.820904,-137.025480,542.004854
51.022991,-115.160784,542.598059
53.070238,-88.615516,542.531332
49.166398,-63.146320,541.660664
40.723644,-43.189635,540.343102
29.666390,-28.283044,539.318765
17.269183,-16.485759,539.451000
4.265467,-6.217631,541.405853
-8.861761,3.696595,545.378077
-21.685140,14.324592,550.961661
-33.827871,32.134128,557.300499
-44.081662,48.520994,562.967756
-51.131058,70.393101,566.851660
-53.053795,96.793480,568.123987
-49.115152,122.031180,566.546128
-40.713935,141.825982,562.528144
-29.723877,156.653376,557.011433
-17.386017,168.415276,551.205817
-4.417372,178.667673,546.253163
8.706120,-171.423654,542.917471
21.557724,-160.791273,541.400561
33.597512,-148.154447,541.344349
43.947090,-131.762852,542.015343
51.091037,-109.815841,542.602561
53.055701,-83.238238,542.524480
49.075357,-57.827990,541.644058
40.584180,-37.952385,540.324866
29.501219,-23.102182,539.310764
17.091434,-11.335734,539.464576
4.083011,-1.079959,541.447441
-9.042977,8.836754,545.446233
-21.858834,19.482783,551.046593
-33.984637,37.331568,557.386211
-44.205828,53.784327,563.036386
-51.197006,75.737228,566.888514
-53.038086,102.167694,568.121372
-49.024283,127.346590,566.505371
-40.575333,147.061656,562.459147
-29.559637,161.833525,556.929897
-17.208946,173.564983,551.128864
-4.235190,-176.194793,546.194603
8.887515,-166.283512,542.884181
21.732016,-155.632921,541.391165
33.755472,-142.957150,541.350628
44.072669,-126.499113,542.025811
51.158064,-104.469893,542.606927
53.039971,-77.861223,542.517464
48.983442,-52.510826,541.627362
40.444231,-32.716118,540.306687
29.335800,-17.921906,539.302993
16.913573,-6.185994,539.478513
3.900532,4.057648,541.489427
-9.224135,13.977050,545.514706
-22.032370,24.641353,551.131656
-34.141079,42.529729,557.471806
-44.329383,59.048760,563.104663
-51.261941,81.082326,566.924852
-53.021203,107.541627,568.118197
-48.932555,132.660851,566.464137
-40.436249,152.296364,562.389859
-29.395147,167.013096,556.848309
-17.031758,178.714408,551.052084
-4.052980,-171.057321,546.136366
9.068858,-161.143230,542.851250
21.906155,-150.474186,541.382055
33.913113,-137.759130,541.357045
44.197637,-121.234261,542.036258
51.224066,-99.122949,542.611157
53.023050,-72.484492,542.510285
48.890660,-47.194829,541.610576
40.303798,-27.480829,540.288567
29.170136,-12.742210,539.295452
16.735602,-1.036535,539.492811
3.718033,9.195195,541.531813
-9.405234,19.117486,545.583495
-22.205747,29.800305,551.216846
-34.297194,47.728615,557.557280
-44.452321,64.314298,563.172584
-51.325856,86.428388,566.960674
-53.003149,112.915257,568.114462
-48.839975,137.973962,566.422427
-40.296687,157.530109,562.320284
-29.230411,172.192094,556.766674
-16.854455,-176.136444,550.975480
-3.870743,-165.919907,546.078452
9.250148,-156.002807,542.818679
22.080140,-145.315066,541.373230
34.070433,-132.560381,541.363600
44.321988,-115.968291,542.046680
51.289040,-93.775020,542.615248
53.004940,-67.108065,542.502944
48.797015,-41.880003,541.593702
40.162888,-22.246513,540.270509
29.004230,-7.563091,539.288144
16.557521,4.112646,539.507473
3.535514,14.332683,541.574596
-9.586272,24.258066,545.652599
-22.378961,34.959644,551.302161
-34.452981,52.928232,557.642629
-44.574636,69.580943,563.240146
-51.388748,91.775400,566.995977
-52.983924,118.288567,568.110167
-48.746547,143.285919,566.380243
-40.156652,162.762899,562.250425
-29.065430,177.370524,556.684995
-16.677039,-170.987570,550.899056
-3.688481,-160.782551,546.020864
9.431383,-150.862238,542.786468
22.253967,-140.155555,541.364688
34.227428,-127.360897,541.370289
44.445717,-110.701200,542.057076
51.352979,-88.426116,542.619201
52.985641,-61.731962,542.495441
48.702515,-36.566350,541.576742
40.021504,-17.013163,540.252515
28.838084,-2.384542,539.281072
16.379334,9.261553,539.522500
3.352976,19.470116,541.617778
-9.767248,29.398792,545.722014
-22.552012,40.119373,551.387598
-34.608435,58.128585,557.727851
-44.696325,74.848700,563.307346
-51.450612,97.123354,567.030761
-52.963531,123.661536,568.105312
-48.652278,148.596721,566.337587
-40.016146,167.994737,562.180285
-28.900207,-177.451609,556.603274
-16.499509,-165.838967,550.822813
-3.506193,-155.645247,545.963603
9.612564,-145.721521,542.754615
22.427636,-134.995649,541.356428
34.384096,-122.160673,541.377110
44.568818,-105.432982,542.067444
51.415879,-83.076248,542.623014
52.965158,-56.356204,542.487776
48.607166,-31.253872,541.559698
39.879651,-11.780774,540.234587
28.671700,2.793441,539.274237
16.201040,14.410189,539.537892
3.170421,24.607496,541.661358
-9.948161,34.539666,545.791739
-22.724898,45.279497,551.473152
-34.763553,63.329681,557.812941
-44.817380,80.117572,563.374182
-51.511441,102.472239,567.065024
-52.941972,129.034144,568.099899
-48.557174,153.906366,566.294462
-39.875176,173.225630,562.109867
-28.734744,-172.274301,556.521516
-16.321869,-160.690632,550.746755
-3.323882,-150.507995,545.906669
9.793687,-140.580653,542.723122
22.601145,-129.835346,541.348447
34.540434,-116.959703,541.384062
44.691287,-100.163635,542.077782
51.477733,-77.725427,542.626686
52.943490,-50.980810,542.479949
48.510972,-25.942572,541.542571
39.737332,-6.549342,540.216727
28.505081,7.970862,539.267642
16.022642,19.558558,539.553651
2.987850,29.744826,541.705335
-10.129011,39.680693,545.861772
-22.897616,50.440019,551.558822
-34.918333,68.531524,557.897897
-44.937798,85.387563,563.440651
-51.571232,107.822042,567.098765
-52.919249,134.406373,568.093927
-48.461240,159.214852,566.250870
-39.733743,178.455583,562.039174
-28.569043,-167.097546,556.439723
-16.144120,-155.542560,550.670884
-3.141549,-145.370791,545.850065
9.974752,-135.439632,542.691986
22.774492,-124.674640,541.340744
34.696437,-111.757983,541.391141
44.813117,-94.893155,542.088087
51.538537,-72.373664,542.630216
52.920641,-45.605801,542.471962
48.413941,-20.632451,541.525362
39.594553,-1.318858,540.198939
28.338228,13.147727,539.261289
15.844140,24.706663,539.569779
2.805263,34.882110,541.749708
-10.309795,44.821876,545.932112
-23.070167,55.600944,551.644604
-35.072771,73.734121,557.982714
-45.057574,90.658676,563.506749
-51.629980,113.172752,567.131982
-52.895363,139.778204,568.087397
-48.364482,164.522176,566.206812
-39.591854,-176.315398,561.968209
-28.403108,-161.921339,556.357899
-15.966262,-150.394750,550.595202
-2.959194,-140.233632,545.793791
10.155759,-130.298453,542.661208
22.947675,-119.513528,541.333317
34.852104,-106.555505,541.398346
44.934304,-89.621537,542.098359
51.598286,-67.020972,542.633603
52.896612,-40.231195,542.463814
48.316077,-15.323512,541.508075
39.451316,3.910680,540.181224
28.171145,18.324041,539.255180
15.665537,29.854507,539.586275
2.622663,40.019349,541.794478
-10.490512,49.963216,546.002755
-23.242546,60.762275,551.730495
-35.226864,78.937476,558.067389
-45.176700,95.930915,563.572474
-51.687679,118.524358,567.164673
-52.870318,145.149617,568.080308
-48.266907,169.828338,566.162290
-39.449511,-171.087308,561.896976
-28.236939,-156.745677,556.276048
-15.788297,-145.247197,550.519713
-2.776818,-135.096515,545.737848
10.336705,-125.157115,542.630787
23.120693,-114.352006,541.326165
35.007430,-101.352265,541.405674
45.054843,-84.348779,542.108594
51.656976,-61.667362,542.636846
52.871406,-34.857012,542.455506
48.217388,-10.015754,541.490709
39.307627,9.139281,540.163585
28.003833,23.499808,539.249318
15.486834,35.002094,539.603142
2.440049,45.156546,541.839644
-10.671162,55.104717,546.073700
-23.414754,65.924017,551.816491
-35.380609,84.141594,558.151919
-45.295174,101.204283,563.637824
-51.744325,123.876847,567.196839
-52.844115,150.520593,568.072663
-48.168519,175.133336,566.117308
-39.306719,-165.860142,561.825477
-28.070540,-151.570555,556.194172
-15.610227,-140.099897,550.444418
-2.594424,-129.959439,545.682239
10.517589,-120.015613,542.600723
23.293543,-109.190069,541.319286
35.162413,-96.148257,541.413123
45.174727,-79.074877,542.118791
51.714600,-56.312846,542.639945
52.845025,-29.483272,542.447039
48.117879,-4.709181,541.473268
39.163489,14.366948,540.146024
27.836295,28.675033,539.243704
15.308031,40.149427,539.620381
2.257423,50.293705,541.885206
-10.851742,60.246382,546.144944
-23.586787,71.086174,551.902590
-35.534003,89.346483,558.236300
-45.412988,106.478782,563.702795
-51.799913,129.230207,567.228476
-52.816757,155.891114,568.064460
-48.069325,-179.562831,566.071866
-39.163481,-160.633893,561.753717
-27.903912,-146.395967,556.112276
-15.432053,-134.952849,550.369321
-2.412011,-124.822399,545.626963
10.698411,-114.873946,542.571016
23.466225,-104.027714,541.312677
35.317049,-90.943475,541.420691
45.293951,-73.799828,542.128948
51.771154,-50.957436,542.642898
52.817472,-24.109994,542.438413
48.017555,0.596209,541.455753
39.018907,19.593688,540.128544
27.668533,33.849721,539.238342
15.129131,45.296509,539.637992
2.074787,55.430828,541.931162
-11.032253,65.388215,546.216486
-23.758644,76.248749,551.988787
-35.687042,94.552147,558.320529
-45.530139,111.754417,563.767385
-51.854438,134.584425,567.259585
-52.788247,161.261161,568.055702
-47.969331,-174.260164,566.025968
-39.019803,-155.408556,561.681697
-27.737057,-141.221909,556.030362
-15.253777,-129.806048,550.294424
-2.229581,-119.685394,545.572022
10.879169,-109.732110,542.541665
23.638735,-98.864935,541.306338
35.471336,-85.737914,541.428374
45.412510,-68.523628,542.139062
51.826633,-45.601147,542.645704
52.788749,-18.737197,542.429628
47.916424,5.900412,541.438165
38.873884,24.819507,540.111147
27.500550,39.023876,539.233232
14.950135,50.443344,539.655977
1.892140,60.567917,541.977513
-11.212692,70.530217,546.288323
-23.930324,81.411747,552.075080
-35.839724,99.758591,558.404602
-45.646619,117.031190,563.831591
-51.907896,139.939489,567.290163
-52.758587,166.630716,568.046387
-47.868542,-168.958663,565.979614
-38.875687,-150.184126,561.609422
-27.569979,-136.048376,555.948434
-15.075399,-124.659491,550.219730
-2.047135,-114.548420,545.517417
11.059861,-104.590101,542.512669
23.811072,-93.701730,541.300266
35.625269,-80.531568,541.436172
45.530399,-63.246274,542.149133
51.881033,-40.243990,542.648364
52.758859,-13.364899,542.420686
47.814490,11.203430,541.420507
38.728424,30.044410,540.093836
27.332347,44.197504,539.228377
14.771044,55.589936,539.674337
1.709486,65.704976,542.024258
-11.393059,75.672393,546.360454
-24.101824,86.575173,552.161466
-35.992044,104.965822,558.488516
-45.762425,122.309103,563.895410
-51.960283,145.295385,567.320210
-52.727780,171.999761,568.036517
-47.766964,-163.658329,565.932808
-38.731137,-144.960596,561.536894
-27.402678,-130.875364,555.866494
-14.896921,-119.513174,550.145240
-1.864675,-109.411475,545.463149
11.240487,-99.447918,542.484027
23.983234,-88.538094,541.294460
35.778846,-75.324431,541.444081
45.647612,-57.967764,542.159158
51.934348,-34.885979,542.650875
52.727806,-7.993119,542.411586
47.711761,16.505262,541.402780
38.582532,35.268403,540.076612
27.163927,49.370608,539.223780
14.591860,60.736287,539.693073
1.526823,70.842007,542.071396
-11.573351,80.814745,546.432875
-24.273143,91.739029,552.247941
-36.144001,110.173845,558.572267
-45.877550,127.588160,563.958840
-52.011594,150.652100,567.349724
-52.695829,177.368278,568.026093
-47.664603,-158.359162,565.885552
-38.586158,-139.737962,561.464117
-27.235158,-125.702869,555.784548
-14.718344,-114.367095,550.070959
-1.682200,-104.274557,545.409219
11.421045,-94.305556,542.455740
24.155220,-83.374022,541.288917
35.932063,-70.116498,541.452099
45.764142,-52.688094,542.169135
51.986575,-29.527127,542.653237
52.695591,-2.621876,542.402330
47.608241,21.805907,541.384986
38.436211,40.491492,540.059478
26.995291,54.543195,539.219442
14.412584,65.882400,539.712185
1.344154,75.979013,542.118927
-11.753569,85.957276,546.505586
-24.444279,96.903321,552.334502
-36.295589,115.382665,558.655853
-45.991990,132.868363,564.021877
-52.061824,156.009620,567.378704
-52.662737,-177.263751,568.015115
-47.561464,-153.061163,565.837848
-38.440753,-134.516218,561.391094
-27.067420,-120.530885,555.702597
-14.539671,-109.221251,549.996887
-1.499713,-99.137661,545.355629
11.601535,-89.163013,542.427807
24.327028,-78.209511,541.283636
36.084917,-64.907763,541.460225
45.879986,-47.407263,542.179062
52.037708,-24.167449,542.655450
52.662218,2.748813,542.392917
47.503936,27.105365,541.367127
38.289465,45.713682,540.042438
26.826443,59.715267,539.215365
14.233216,71.028279,539.731676
1.161480,81.115997,542.166849
-11.933710,91.099989,546.578582
-24.615229,102.068052,552.421146
-36.446807,120.592289,558.739268
-46.105738,138.149714,564.084520
-52.110969,161.367931,567.407149
-52.628507,-171.896344,568.003583
-47.457554,-147.764331,565.789697
-38.294925,-129.295357,561.317828
-26.899467,-115.359408,555.620645
-14.360901,-104.075637,549.923028
-1.317214,-94.000786,545.302379
11.781954,-84.020286,542.400226
24.498654,-73.044556,541.278616
36.237404,-59.698220,541.468455
45.995136,-42.125266,542.188938
52.087743,-18.806959,542.657512
52.627690,8.118928,542.383349
47.398854,32.403637,541.349205
38.142299,50.934980,540.025492
26.657384,64.886830,539.211552
14.053760,76.173928,539.751545
0.978802,86.252962,542.215164
-12.113774,96.242888,546.651863
-24.785993,107.233227,552.507869
-36.597650,125.802721,558.822511
-46.218789,143.432216,564.146766
-52.159025,166.727019,567.435058
-52.593142,-166.529518,567.991498
-47.352878,-142.468666,565.741103
-38.148680,-124.075376,561.244322
-26.731300,-110.188433,555.538695
-14.182036,-98.930252,549.849384
-1.134705,-88.863929,545.249470
11.962302,-78.877372,542.372998
24.670099,-67.879152,541.273853
36.389521,-54.487863,541.476787
46.109589,-36.842102,542.198760
52.136676,-13.445671,542.659423
52.592011,13.488453,542.373626
47.292998,37.700723,541.331221
37.994715,56.155391,540.008644
26.488117,70.057889,539.208005
13.874215,81.319349,539.771794
0.796120,91.389909,542.263869
-12.293759,101.385975,546.725427
-24.956567,112.398851,552.594668
-36.748115,131.013967,558.905577
-46.331138,148.715870,564.208611
-52.205987,172.086869,567.462430
-52.556645,-161.163290,567.978862
-47.247441,-137.174168,565.692068
-38.002020,-118.856267,561.170581
-26.562922,-105.017957,555.456752
-14.003079,-93.785091,549.775958
-0.952186,-83.727087,545.196904
12.142577,-73.734267,542.346122
24.841359,-62.713297,541.269347
36.541265,-49.276688,541.485219
46.223337,-31.557768,542.208526
52.184503,-8.083599,542.661182
52.555183,18.857370,542.363749
47.186376,42.996623,541.313178
37.846718,61.374920,539.991896
26.318643,75.228447,539.204726
13.694584,86.464546,539.792424
0.613436,96.526843,542.312964
-12.473663,106.529254,546.799269
-25.126951,117.564926,552.681540
-36.898199,136.226033,558.988463
-46.442779,154.000679,564.270054
-52.251853,177.447467,567.489263
-52.519020,-155.797677,567.965674
-47.141250,-131.880835,565.642594
-37.854949,-113.638025,561.096606
-26.394334,-99.847974,555.374817
-13.824029,-88.640151,549.702751
-0.769659,-78.590257,545.144681
12.322778,-68.590969,542.319597
25.012433,-57.546984,541.265096
36.692631,-44.064687,541.493750
46.336375,-26.272262,542.218236
52.231218,-2.720760,542.662788
52.517210,24.225661,542.353718
47.078993,48.291338,541.295077
37.698312,66.593574,539.975250
26.148964,80.398511,539.201716
13.514867,91.609522,539.813435
0.430751,101.663766,542.362448
-12.653487,111.672727,546.873390
-25.297142,122.731458,552.768481
-37.047898,141.438925,559.071166
-46.553706,159.286645,564.331092
-52.296617,-177.191203,567.515556
-52.480270,-150.432696,567.951935
-47.034310,-126.588668,565.592683
-37.707472,-108.420644,561.022401
-26.225539,-94.678480,555.292895
-13.644888,-83.495429,549.629767
-0.587124,-73.453436,545.092801
12.502904,-63.447473,542.293422
25.183319,-52.380211,541.261096
36.843617,-38.851855,541.502375
46.448698,-20.985583,542.227886
52.276819,2.642833,542.664241
52.478095,29.593310,542.343535
46.970855,53.584870,541.276920
37.549500,71.811359,539.958709
25.979084,85.568083,539.198979
13.335067,96.754281,539.834829
0.248067,106.800680,542.412321
-12.833228,116.816398,546.947785
-25.467138,127.898451,552.855488
-37.197209,146.652648,559.153681
-46.663915,164.573770,564.391721
-52.340275,-171.829155,567.541309
-52.440398,-145.068363,567.937647
-46.926628,-121.297666,565.542338
-37.559590,-103.204120,560.947970
-26.056539,-89.509470,555.210988
-13.465659,-78.350922,549.557008
-0.404584,-68.316623,545.041267
12.682953,-58.303779,542.267597
25.354014,-47.212972,541.257348
36.994218,-33.638188,541.511094
46.560299,-15.697727,542.237475
52.321300,8.007163,542.665539
52.437843,34.960299,542.333200
46.861968,58.877218,541.258710
37.400287,77.028279,539.942275
25.809003,90.737168,539.196516
13.155183,101.898824,539.856607
0.065383,111.937588,542.462582
-13.012885,121.960270,547.022453
-25.636937,133.065909,552.942558
-37.346129,151.867208,559.236007
-46.773399,169.862054,564.451941
-52.382825,-166.466405,567.566521
-52.399408,-139.704695,567.922809
-46.818207,-116.007826,565.491561
-37.411309,-97.988446,560.873315
-25.887336,-84.340941,555.129100
-13.286341,-73.206628,549.484476
-0.222038,-63.179814,544.990078
12.862925,-53.159881,542.242120
25.524517,-42.045263,541.253848
37.144432,-28.423677,541.519903
46.671174,-10.408694,542.247002
52.364658,13.372215,542.666683
52.396457,40.326611,542.322713
46.752337,64.168385,541.240447
37.250675,82.244342,539.925951
25.638724,95.905772,539.194328
12.975218,107.043156,539.878768
-0.117298,117.074493,542.513230
-13.192457,127.104346,547.097392
-25.806538,138.233837,553.029688
-37.494652,157.082611,559.318139
-46.882153,175.151500,564.511747
-52.424261,-161.102970,567.591190
-52.357305,-134.341708,567.907424
-46.709055,-110.719149,565.440355
-37.262632,-92.773616,560.798441
-25.717932,-79.172887,555.047234
-13.106936,-68.062541,549.412173
-0.039488,-58.043006,544.939237
13.042818,-48.015777,542.216992
25.694826,-36.877080,541.250595
37.294255,-23.208319,541.528801
46.781316,-5.118482,542.256464
52.406889,18.737973,542.667672
52.353940,45.692231,542.312076
46.641969,69.458371,541.222135
37.100668,87.459552,539.909739
25.468249,101.073898,539.192419
12.795173,112.187280,539.901315
-0.299975,122.211398,542.564264
-13.371942,132.248629,547.172598
-25.975938,143.402239,553.116873
-37.642777,162.298861,559.400075
-46.990171,-179.557892,564.571138
-52.464581,-155.738864,567.615315
-52.314091,-128.979417,567.891491
-46.599177,-105.431632,565.388721
-37.113562,-87.559626,560.723350
-25.548329,-74.005305,554.965394
-12.927446,-62.918661,549.340103
0.143064,-52.906196,544.888742
13.222630,-42.871464,542.192211
25.864939,-31.708418,541.247587
37.443683,-17.992108,541.537785
46.890719,0.172912,542.265859
52.447989,24.104420,542.668504
52.310296,51.057142,542.301289
46.530868,74.747179,541.203774
36.950270,92.673915,539.893642
25.297580,106.241552,539.190791
12.615050,117.331199,539.924248
-0.482649,127.348306,542.615683
-13.551340,137.393123,547.248070
-26.145135,148.571119,553.204112
-37.790500,167.515965,559.481809
-47.097447,-174.266119,564.630111
-52.503780,-150.374104,567.638896
-52.269770,-123.617838,567.875011
-46.488577,-100.145275,565.336663
-36.964103,-82.346468,560.648045
-25.378528,-68.838190,554.883582
-12.747871,-57.774982,549.268266
0.325619,-47.769382,544.838596
13.402360,-37.726938,542.167777
26.034854,-26.539273,541.244821
37.592712,-12.775036,541.546853
46.999379,5.465487,542.275187
52.487954,29.471540,542.669180
52.265531,56.421328,542.290353
46.419042,80.034809,541.185367
36.799485,97.887438,539.877661
25.126719,111.408736,539.189444
12.434848,122.474916,539.947567
-0.665316,132.485219,542.667487
-13.730649,142.537829,547.323806
-26.314127,153.740482,553.291399
-37.937816,172.733929,559.563340
-47.203976,-168.973182,564.688664
-52.541856,-145.008706,567.661932
-52.224347,-118.256987,567.857986
-46.377263,-94.860075,565.284182
-36.814258,-77.134139,560.572531
-25.208532,-63.671537,554.801802
-12.568214,-52.631503,549.196666
0.508174,-42.632562,544.788800
13.582008,-32.582197,542.143689
26.204568,-21.369641,541.242297
37.741338,-7.557100,541.556003
47.107288,10.759246,542.284444
52.526780,34.839317,542.669698
52.219646,61.784774,542.279269
46.306495,85.321264,541.166916
36.648317,103.100125,539.861800
24.955668,116.575456,539.188381
12.254571,127.618434,539.971275
-0.847977,137.622140,542.719675
-13.909867,147.682753,547.399802
-26.482913,158.910332,553.378733
-38.084722,177.952758,559.644664
-47.309752,-163.679079,564.746793
-52.578804,-139.642688,567.684421
-52.177825,-112.896878,567.840416
-46.265240,-89.576030,565.231281
-36.664031,-71.922631,560.496810
-25.038343,-58.505343,554.720058
-12.388474,-47.488220,549.125305
0.690729,-37.495732,544.739353
13.761571,-27.437236,542.119945
26.374079,-16.199516,541.240011
37.889559,-2.338292,541.565231
47.214441,16.054189,542.293630
52.564465,40.207733,542.670059
52.172647,67.147463,542.268038
46.193234,90.606545,541.148423
36.496768,108.311983,539.846061
24.784429,121.741716,539.187605
12.074218,132.761756,539.995370
-1.030630,142.759071,542.772245
-14.088994,152.827896,547.476056
-26.651490,164.080674,553.466109
-38.231215,-176.827543,559.725777
-47.414770,-158.383810,564.804498
-52.614621,-134.276066,567.706363
-52.130209,-107.537527,567.822302
-46.152512,-84.293139,565.177963
-36.513426,-66.711940,560.420885
-24.867963,-53.339603,554.638351
-12.208654,-42.345130,549.054185
0.873282,-32.358889,544.690256
13.941049,-22.292054,542.096546
26.543386,-11.028895,541.237963
38.037370,2.881392,541.574537
47.320833,21.350318,542.302742
52.601004,45.576771,542.670261
52.124538,72.509382,542.256660
46.079264,95.890655,541.129889
36.344842,113.523018,539.830445
24.613003,126.907521,539.187117
11.893792,137.904886,540.019854
-1.213275,147.896017,542.825197
-14.268028,157.973263,547.552566
-26.819856,169.251512,553.553524
-38.377290,-171.606967,559.806676
-47.519024,-153.087374,564.861774
-52.649304,-128.908856,567.727757
-52.081502,-102.178947,567.803646
-46.039087,-79.011400,565.124230
-36.362445,-61.502060,560.344761
-24.697393,-48.174313,554.556687
-12.028755,-37.202230,548.983308
1.055833,-27.222032,544.641511
14.120439,-17.146647,542.073490
26.712487,-5.857772,541.236149
38.184767,8.101959,541.583918
47.426457,26.647632,542.311779
52.636394,50.946414,542.670304
52.075323,77.870514,542.245137
45.964590,101.173597,541.111318
36.192543,118.733234,539.814957
24.441394,132.072874,539.186919
11.713293,143.047827,540.044728
-1.395909,153.032978,542.878530
-14.446968,163.118856,547.629330
-26.988010,174.422851,553.640975
-38.522945,-166.385510,559.887358
-47.622507,-147.789771,564.918620
-52.682851,-123.541078,567.748602
-52.031709,-96.821154,567.784448
-45.924968,-73.730810,565.070085
-36.211092,-56.292985,560.268439
-24.526636,-43.009468,554.475067
-11.848778,-32.059517,548.912677
1.238381,-22.085156,544.593118
14.299742,-12.001011,542.050776
26.881378,-0.686144,541.234568
38.331747,13.323414,541.593370
47.531308,31.946132,542.320739
52.670632,56.316644,542.670188
52.025006,83.230846,542.233469
45.849218,106.455371,541.092710
36.039875,123.942639,539.799598
24.269602,137.237780,539.187013
11.532723,148.190581,540.069993
-1.578533,158.169958,542.932243
-14.625812,168.264678,547.706344
-27.155948,179.594695,553.728459
-38.668174,-161.163165,559.967819
-47.725215,-142.491000,564.975034
-52.715257,-118.172747,567.768898
-51.980834,-91.464161,567.764708
-45.810162,-68.451367,565.015530
-36.059371,-51.084710,560.191924
-24.355694,-37.845065,554.393496
-11.668725,-26.916987,548.842293
1.420923,-16.948260,544.545078
14.478955,-6.855143,542.028403
27.050059,4.485995,541.233219
38.478305,18.545763,541.602893
47.635379,37.245819,542.329621
52.703714,61.687443,542.669912
51.973592,88.590362,542.221657
45.733155,111.735981,541.074068
35.886840,129.151237,539.784370
24.097630,142.402244,539.187402
11.352083,153.333152,540.095648
-1.761144,163.306960,542.986334
-14.804560,173.410733,547.783606
-27.323669,-175.232951,553.815971
-38.812975,-155.939926,560.048056
-47.827141,-137.191063,565.031012
-52.746520,-112.803882,567.788643
-51.928882,-86.107982,567.744429
-45.694674,-63.173068,564.960567
-35.907285,-45.877229,560.115219
-24.184567,-32.681098,554.311976
-11.488595,-21.774639,548.772160
1.603460,-11.811340,544.497391
14.658077,-1.709040,542.006371
27.218527,9.658648,541.232098
38.624439,23.769012,541.612483
47.738665,42.546693,542.338422
52.735638,67.058793,542.669475
51.921086,93.949049,542.209703
45.616405,117.015430,541.055394
35.733442,134.359034,539.769276
23.925480,147.566269,539.188086
11.171374,158.475542,540.121695
-1.943742,168.443987,543.040803
-14.983209,178.557024,547.861114
-27.491170,-170.060084,553.903509
-38.957343,-150.715789,560.128066
-47.928280,-131.889958,565.086553
-52.776636,-107.434500,567.807838
-51.875857,-80.752631,567.723612
-45.578509,-57.895911,564.905200
-35.754837,-40.670536,560.038328
-24.013259,-27.517565,554.230510
-11.308392,-16.632467,548.702279
1.785990,-6.674395,544.450058
14.837106,3.437301,541.984678
27.386779,14.831821,541.231204
38.770143,28.993167,541.622139
47.841160,47.848753,542.347141
52.766400,72.430677,542.668878
51.867491,99.306893,542.197606
45.498974,122.293719,541.036690
35.579685,139.566036,539.754318
23.753153,152.729860,539.189068
10.990598,163.617756,540.148135
-2.126326,173.581041,543.095649
-15.161758,-176.296445,547.938866
-27.658450,-164.886697,553.991069
-39.101275,-145.490748,560.207844
-48.028626,-126.587687,565.141654
-52.805604,-102.064620,567.826480
-51.821763,-75.398121,567.702256
-45.461674,-52.619894,564.849431
-35.602030,-35.464626,559.961252
-23.841771,-22.354460,554.149102
-11.128115,-11.490471,548.632652
1.968512,-1.537420,544.403080
15.016042,8.583883,541.963324
27.554814,20.005519,541.230535
38.915414,34.218233,541.631858
47.942858,53.152000,542.355777
52.795998,77.803075,542.668119
51.812813,104.663881,542.185369
45.380867,127.570853,541.017957
35.425571,144.772249,539.739500
23.580652,157.893020,539.190349
10.809756,168.759795,540.174967
-2.308894,178.718125,543.150871
-15.340207,-171.149672,548.016858
-27.825507,-159.712786,554.078647
-39.244767,-140.264796,560.287389
-48.128173,-121.284251,565.196313
-52.833420,-96.694260,567.844570
-51.766605,-70.044464,567.680364
-45.344172,-47.345012,564.793262
-35.448868,-30.259494,559.883997
-23.670105,-17.191780,554.067755
-10.947767,-6.348646,548.563281
2.151025,3.599586,544.356456
15.194883,13.730711,541.942308
27.722630,25.179745,541.230088
39.060248,39.444215,541.641638
48.043753,58.456433,542.364327
52.824428,83.175969,542.667199
51.757056,110.019999,542.172992
45.262091,132.846834,540.999199
35.271105,149.977678,539.724822
23.407978,163.055755,539.191933
10.628849,173.901664,540.202193
-2.491446,-176.144759,543.206467
-15.518553,-166.002653,548.095088
-27.992337,-154.538348,554.166241
-39.387814,-135.037929,560.366696
-48.226915,-115.979649,565.250528
-52.860082,-91.323438,567.862106
-51.710388,-64.691675,567.657937
-45.226010,-42.071264,564.736696
-35.295354,-25.055133,559.806566
-23.498262,-12.029520,553.986472
-10.767348,-1.206989,548.494169
2.333528,8.736626,544.310188
15.373628,18.877787,541.921627
27.890223,30.354505,541.229862
39.204641,44.671121,541.651477
48.143839,63.762051,542.372790
52.851689,88.549339,542.666116
51.700225,115.375233,542.160476
45.142650,138.121666,540.980417
35.116289,155.182329,539.710288
23.235133,168.218069,539.193820
10.447878,179.043365,540.229813
-2.673980,-171.007606,543.262437
-15.696796,-160.855385,548.173553
-28.158940,-149.363376,554.253847
-39.530413,-129.810141,560.445763
-48.324847,-110.673883,565.304296
-52.885588,-85.952173,567.879089
-51.653116,-59.339765,567.634975
-45.107194,-36.798645,564.679735
-35.141491,-19.851539,559.728960
-23.326245,-6.867677,553.905256
-10.586860,3.934501,548.425318
2.516019,13.873704,544.264277
15.552275,24.025114,541.901283
28.057593,35.529803,541.229855
39.348589,49.898955,541.661372
48.243110,69.068854,542.381165
52.877776,93.923168,542.664872
51.642325,120.729572,542.147822
45.022550,143.395351,540.961613
34.961127,160.386208,539.695901
23.062119,173.379964,539.196012
10.266845,-175.815100,540.257828
-2.856496,-165.870416,543.318779
-15.874934,-155.707865,548.252251
-28.325312,-144.187867,554.341461
-39.672560,-124.581426,560.524585
-48.421963,-105.366954,565.357616
-52.909934,-80.580485,567.895517
-51.594795,-53.988746,567.611480
-44.987727,-31.527154,564.622383
-34.987283,-14.648705,559.651185
-23.154055,-1.706246,553.824111
-10.406303,9.075830,548.356729
2.698498,19.010821,544.218722
15.730822,29.172697,541.881272
28.224736,40.705645,541.230065
39.492089,55.127724,541.671321
48.341561,74.376840,542.389450
52.902689,99.297436,542.663464
51.583360,126.083003,542.135032
44.901797,148.667892,540.942790
34.805622,165.589320,539.681661
22.888938,178.541447,539.198512
10.085750,-170.673726,540.286237
-3.038992,-160.733185,543.375492
-16.052965,-150.560088,548.331179
-28.491452,-139.011816,554.429080
-39.814250,-119.351779,560.603161
-48.518257,-100.058863,565.410484
-52.933119,-75.208391,567.911390
-51.535428,-48.638630,567.587453
-44.867616,-26.256786,564.564642
-34.832732,-9.446626,559.573244
-22.981695,3.454777,553.743039
-10.225679,14.216999,548.288406
2.880964,24.147982,544.173524
15.909270,34.320537,541.861595
28.391650,45.882034,541.230488
39.635134,60.357432,541.681322
48.439184,79.686009,542.397642
52.926424,104.672123,542.661893
51.523337,131.435514,542.122106
44.780396,153.939294,540.923949
34.649776,170.791671,539.667573
22.715592,-176.297480,539.201321
9.904595,-165.532511,540.315043
-3.221466,-155.595909,543.432575
-16.230889,-145.412053,548.410334
-28.657357,-133.835218,554.516701
-39.955480,-114.121194,560.681485
-48.613723,-94.749613,565.462898
-52.955140,-69.835910,567.926708
-51.475022,-43.289429,567.562896
-44.746866,-20.987539,564.506514
-34.677842,-4.245297,559.495139
-22.809165,8.615395,553.662044
-10.044990,19.358011,548.220349
3.063415,29.285187,544.128684
16.087615,39.468639,541.842251
28.558333,51.058976,541.231124
39.777723,65.588086,541.691372
48.535975,84.996358,542.405741
52.948979,110.047210,542.660158
51.462258,136.787092,542.109045
44.658352,159.209560,540.905092
34.493595,175.993267,539.653638
22.542082,-171.136812,539.204440
9.723382,-160.391452,540.344244
-3.403919,-150.458587,543.490027
-16.408703,-140.263755,548.489714
-28.823025,-128.658069,554.604320
-40.096246,-108.889666,560.759556
-48.708355,-89.439205,565.514857
-52.975996,-64.463063,567.941469
-51.413580,-37.941155,567.537809
-44.625482,-15.719408,564.448003
-34.522615,0.955288,559.416874
-22.636468,13.775614,553.581128
-9.864236,24.498870,548.152561
3.245851,34.422441,544.084202
16.265857,44.617007,541.823237
28.724784,56.236476,541.231971
39.919850,70.819691,541.701470
48.631927,90.307886,542.413746
52.970352,115.422677,542.658260
51.400131,142.137727,542.095850
44.535671,164.478693,540.886223
34.337079,-178.805888,539.639859
22.368410,-165.976546,539.207873
9.542110,-155.250546,540.373842
-3.586349,-145.321216,543.547846
-16.586407,-135.115191,548.569316
-28.988454,-123.480362,554.691933
-40.236543,-103.657189,560.837369
-48.802148,-84.127641,565.566358
-52.995684,-59.089869,567.955673
-51.351107,-32.593818,567.512193
-44.503469,-10.452390,564.389110
-34.367056,6.155134,559.338453
-22.463605,18.935436,553.500296
-9.683419,29.639578,548.085044
3.428270,39.559746,544.040079
16.443994,49.765642,541.804553
28.890998,61.414538,541.233025
40.061511,76.052253,541.711612
48.727034,95.620592,542.421654
52.990541,120.798505,542.656198
51.336960,147.487407,542.082523
44.412357,169.746698,540.867342
34.180234,-173.605786,539.626238
22.194578,-160.816676,539.211619
9.360783,-150.109790,540.403837
-3.768755,-140.183793,543.606032
-16.763999,-129.966357,548.649138
-29.153641,-118.302095,554.779537
-40.376367,-98.423758,560.914922
-48.895095,-78.814923,565.617400
-53.014202,-53.716347,567.969321
-51.287610,-27.247429,567.486051
-44.380833,-5.186482,564.329840
-34.211166,11.354247,559.259879
-22.290578,24.094866,553.419549
-9.502539,34.780138,548.017799
3.610671,44.697104,543.996314
16.622025,54.914550,541.786199
29.056975,66.593167,541.234286
40.202702,81.285777,541.721797
48.821291,100.934473,542.429463
53.009543,126.174673,542.653971
51.272749,152.836120,542.069064
44.288417,175.013578,540.848452
34.023061,-168.406424,539.612778
22.020588,-155.657199,539.215682
9.179400,-144.969180,540.434229
-3.951135,-135.046315,543.664583
-16.941478,-124.817251,548.729176
-29.318584,-113.123262,554.867129
-40.515715,-93.189367,560.992212
-48.987192,-73.501053,565.667979
-53.031549,-48.342516,567.982410
-51.223093,-21.901999,567.459384
-44.257578,0.078321,564.270193
-34.054949,16.552632,559.181155
-22.117390,29.253908,553.338892
-9.321599,39.920554,547.950830
3.793053,49.834519,543.952909
16.799948,60.063733,541.768172
29.222711,71.772368,541.235750
40.343419,86.520270,541.732023
48.914691,106.249526,542.437174
53.027358,131.551162,542.651580
51.207505,158.183857,542.055476
44.163856,-179.720663,540.829555
33.865564,-163.207794,539.599480
21.846441,-150.498112,539.220064
8.997963,-139.828715,540.465019
-4.133489,-129.908779,543.723497
-17.118841,-119.667869,548.809427
-29.483281,-107.943857,554.954705
-40.654581,-87.954010,561.069234
-49.078431,-68.186035,565.718094
-53.047724,-42.968397,567.994942
-51.157560,-16.557538,567.432192
-44.133710,5.342022,564.210174
-33.898408,21.750295,559.102284
-21.944041,34.412566,553.258327
-9.140599,45.060828,547.884138
3.975415,54.971994,543.909863
16.977762,65.213194,541.750471
29.388204,76.952147,541.237416
40.483658,91.755736,541.742287
49.007228,111.565750,542.444783
53.043983,136.927951,542.649024
51.141232,163.530606,542.041758
44.038678,-174.456021,540.810653
33.707746,-158.009893,539.586348
21.672140,-145.339410,539.224764
8.816473,-134.688391,540.496207
-4.315815,-124.771182,543.782773
-17.296089,-114.518207,548.889890
-29.647729,-102.763877,555.042261
-40.792962,-82.717684,561.145986
-49.168808,-62.869871,565.767742
-53.062723,-37.594009,568.006914
-51.091018,-11.214056,567.404477
-44.009234,10.604625,564.149785
-33.741546,26.947241,559.023271
-21.770533,39.570843,553.177857
-8.959540,50.200963,547.817724
4.157755,60.109530,543.867177
17.155466,70.362938,541.733096
29.553453,82.132507,541.239281
40.623414,96.992181,541.752587
49.098897,116.883141,542.452289
53.059417,142.305019,542.646303
51.073936,168.876358,542.027913
43.912889,-169.192492,540.791749
33.549610,-152.812713,539.573384
21.497686,-140.181088,539.229787
8.634932,-129.548205,540.527793
-4.498113,-119.633523,543.842410
-17.473219,-109.368262,548.970561
-29.811926,-97.583316,555.129795
-40.930853,-77.480381,561.222465
-49.258316,-57.552565,565.816922
-53.076547,-32.219372,568.018328
-51.023471,-5.871563,567.376241
-43.884154,15.866135,564.089029
-33.584366,32.143475,558.944118
-21.596868,44.728744,553.097485
-8.778423,55.340962,547.751591
4.340074,65.247131,543.824852
17.333058,75.512968,541.716044
29.718453,87.313454,541.241344
40.762683,102.229611,541.762920
49.189691,122.201697,542.459692
53.073658,147.682347,542.643417
51.005623,174.221103,542.013941
43.786494,-163.930071,540.772845
33.391159,-147.616250,539.560590
21.323080,-135.023145,539.235133
8.453340,-124.408154,540.559778
-4.680381,-114.495797,543.902407
-17.650229,-104.218031,549.051438
-29.975870,-92.402170,555.217303
-41.068251,-72.242097,561.298667
-49.346950,-52.234120,565.865632
-53.089194,-26.844507,568.029183
-50.954924,-0.530068,567.347485
-43.758477,21.126555,564.027908
-33.426871,37.339004,558.864830
-21.423048,49.886272,553.017214
-8.597250,60.480829,547.685740
4.522369,70.384800,543.782886
17.510536,80.663286,541.699316
29.883204,92.494993,541.243603
40.901460,107.468032,541.773286
49.279604,127.521414,542.466989
53.086705,153.059914,542.640366
50.936297,179.564830,541.999844
43.659499,-158.668754,540.753942
33.232396,-142.420499,539.547969
21.148325,-129.865574,539.240803
8.271699,-119.268236,540.592162
-4.862619,-109.358003,543.962763
-17.827120,-99.067509,549.132517
-30.139558,-87.220433,555.304781
-41.205150,-67.002827,561.374590
-49.434704,-46.914539,565.913869
-53.100662,-21.469434,568.039478
-50.885384,4.810420,567.318210
-43.632206,26.385889,563.966425
-33.269063,42.533831,558.785408
-21.249074,55.043432,552.937049
-8.416022,65.620565,547.620173
4.704640,75.522540,543.741282
17.687900,85.813898,541.682909
30.047702,97.677130,541.246054
41.039741,112.707448,541.783680
49.368631,132.842288,542.474179
53.098556,158.437699,542.637149
50.865964,-175.092468,541.985622
43.531908,-153.408538,540.735044
33.073323,-137.225453,539.535523
20.973422,-124.708372,539.246800
8.090009,-114.128446,540.624945
-5.044824,-104.220136,544.023474
-18.003888,-93.916694,549.213796
-30.302987,-82.038101,555.392225
-41.341546,-61.762564,561.450229
-49.521571,-41.593826,565.961631
-53.110951,-16.094172,568.049212
-50.814855,10.149891,567.288418
-43.505347,31.644142,563.904583
-33.110946,47.727963,558.705857
-21.074948,60.200227,552.856990
-8.234740,70.760174,547.554893
4.886885,80.660352,543.700039
17.865147,90.964805,541.666823
30.211946,102.859868,541.248696
41.177522,117.947865,541.794102
49.456765,138.164317,542.481260
53.109211,163.815682,542.633766
50.794630,-169.750802,541.971278
43.403726,-148.149417,540.716151
32.913945,-132.031107,539.523254
20.798373,-119.551537,539.253126
7.908273,-108.988783,540.658128
-5.226996,-99.082196,544.084542
-18.180532,-88.765582,549.295272
-30.466156,-76.855168,555.479633
-41.477435,-56.521305,561.525583
-49.607548,-36.271986,566.008917
-53.120059,-10.718743,568.058387
-50.743343,15.488338,567.258110
-43.377905,36.901319,563.842386
-32.952522,52.921405,558.626180
-20.900672,65.356661,552.777042
-8.053406,75.899659,547.489901
5.069103,85.798241,543.659156
18.042276,96.116013,541.651055
30.375931,108.043213,541.251527
41.314798,123.189289,541.804548
49.544002,143.487496,542.488232
53.118668,169.193841,542.630218
50.722300,-164.410180,541.956811
43.274960,-142.891386,540.697268
32.754263,-126.837456,539.511164
20.623179,-114.395062,539.259781
7.726491,-103.849244,540.691711
-5.409134,-93.944178,544.145963
-18.357052,-83.614170,549.376943
-30.629061,-71.671630,555.567000
-41.612813,-51.279043,561.600647
-49.692626,-30.949022,566.055725
-53.127985,-5.343166,568.067001
-50.670853,20.825751,567.227288
-43.249885,42.157423,563.779835
-32.793795,58.114163,558.546381
-20.726247,70.512738,552.697208
-7.872019,81.039022,547.425199
5.251294,90.936208,543.618635
18.219286,101.267524,541.635606
30.539657,113.227170,541.254544
41.451564,128.431726,541.815017
49.630333,148.811820,542.495092
53.126926,174.572156,542.626504
50.648979,-159.070610,541.942225
43.145612,-137.634442,540.678395
32.594281,-121.644495,539.499257
20.447843,-109.238946,539.266768
7.544664,-98.709825,540.725693
-5.591237,-88.806080,544.207736
-18.533445,-78.462453,549.458804
-30.791701,-66.487482,555.654324
-41.747674,-46.035774,561.675418
-49.776802,-25.624940,566.102051
-53.134730,0.032538,568.075054
-50.597390,26.162123,567.195953
-43.121291,47.412460,563.716934
-32.634767,63.306240,558.466462
-20.551675,75.668461,552.617489
-7.690582,86.178268,547.360788
5.433455,96.074258,543.578476
18.396175,106.419341,541.620472
30.703120,118.411744,541.257745
41.587816,133.675179,541.825507
49.715755,154.137286,542.501840
53.133984,179.950606,542.622624
50.574674,-153.732101,541.927520
43.015689,-132.378580,540.659535
32.434001,-116.452218,539.487535
20.272365,-104.083184,539.274088
7.362794,-93.570523,540.760076
-5.773303,-83.667900,544.269860
-18.709710,-73.310429,549.540854
-30.954072,-61.302718,555.741600
-41.882015,-40.791492,561.749894
-49.860068,-20.299743,566.147896
-53.140291,5.408348,568.082546
-50.522960,31.497447,567.164107
-42.992129,52.666433,563.653685
-32.475440,68.497644,558.386428
-20.376957,80.823835,552.537891
-7.509096,91.317397,547.296671
5.615587,101.212391,543.538678
18.572941,111.571470,541.605654
30.866318,123.596941,541.261129
41.723550,138.919655,541.836014
49.800260,159.463888,542.508474
53.139843,-174.670830,542.618579
50.499390,-148.394660,541.912696
42.885196,-127.123795,540.640690
32.273427,-111.260619,539.475999
20.096747,-98.927771,539.281743
7.180882,-88.431337,540.794859
-5.955332,-78.529634,544.332334
-18.885846,-68.158093,549.623090
-31.116172,-56.117333,555.828826
-42.015831,-35.546192,561.824071
-49.942420,-14.973438,566.193256
-53.144670,10.784245,568.089477
-50.447569,36.831713,567.131752
-42.862403,57.919348,563.590092
-32.315819,73.688379,558.306281
-20.202096,85.978863,552.458415
-7.327561,96.456414,547.232849
5.797687,106.350612,543.499242
18.749584,116.723912,541.591149
31.029248,128.782765,541.264693
41.858761,144.165159,541.846538
49.883843,164.791622,542.514993
53.144500,-169.292173,542.614367
50.423133,-143.058296,541.897757
42.754137,-121.870082,540.621862
32.112560,-106.069694,539.464653
19.920992,-93.772705,539.289734
6.998928,-83.292262,540.830042
-6.137322,-73.391279,544.395155
-19.061851,-63.005443,549.705508
-31.278000,-50.931324,555.915998
-42.149118,-30.299870,561.897946
-50.023851,-9.646030,566.238130
-53.147864,16.160206,568.095847
-50.371222,42.164916,567.098889
-42.732118,63.171208,563.526157
-32.155904,78.878450,558.226026
-20.027092,91.133549,552.379064
-7.145979,101.595321,547.169323
5.979755,111.488923,543.460168
18.926101,121.876672,541.576957
31.191908,133.969221,541.268434
41.993444,149.411697,541.857076
49.966498,170.120482,542.521395
53.147957,-163.913444,542.609989
50.345908,-137.723015,541.882702
42.622518,-116.617436,540.603055
31.951405,-100.879436,539.453498
19.745100,-88.617982,539.298064
6.816935,-78.153297,540.865626
-6.319272,-68.252833,544.458322
-19.237723,-57.852474,549.788105
-31.439551,-45.744683,556.003111
-42.281870,-25.052519,561.971516
-50.104356,-4.317523,566.282515
-53.149875,21.536213,568.101655
-50.293925,47.497048,567.065519
-42.601279,68.422020,563.461883
-31.995700,84.067862,558.145665
-19.851948,96.287897,552.299841
-6.964352,106.734121,547.106096
6.161790,116.627327,543.421456
19.102491,127.029753,541.563076
31.354295,139.156315,541.272351
42.127594,154.659272,541.867625
50.048219,175.450463,542.527678
53.150212,-158.534665,542.605446
50.267720,-132.388825,541.867534
42.490342,-111.365853,540.584269
31.789964,-95.689842,539.442538
19.569074,-83.463597,539.306733
6.634903,-73.014437,540.901610
-6.501182,-63.114293,544.521834
-19.413461,-52.699183,549.870879
-31.600823,-40.557407,556.090164
-42.414083,-19.804136,562.044778
-50.183930,1.012075,566.326411
-53.150701,26.912243,568.106901
-50.215683,52.828103,567.031644
-42.469890,73.671786,563.397274
-31.835209,89.256621,558.065201
-19.676664,101.441910,552.220750
-6.782679,111.872816,547.043170
6.343790,121.765827,543.383105
19.278752,132.183160,541.549504
31.516406,144.344053,541.276440
42.261207,159.907892,541.878184
50.129001,-179.218441,542.533843
53.151265,-153.155856,542.600737
50.188577,-127.055732,541.852254
42.357616,-106.115327,540.565508
31.628239,-90.500905,539.431773
19.392914,-78.309548,539.315742
6.452833,-67.875681,540.937995
-6.683049,-57.975656,544.585689
-19.589063,-47.545566,549.953827
-31.761814,-35.369490,556.177151
-42.545753,-14.554715,562.117729
-50.262566,6.342760,566.369814
-53.150343,32.288278,568.111586
-50.136502,58.158074,566.997267
-42.337957,78.920514,563.332331
-31.674433,94.444733,557.984639
-19.501243,106.595592,552.141793
-6.600963,117.011411,546.980545
6.525754,126.904426,543.345117
19.454884,137.336895,541.536240
31.678239,149.532438,541.280701
42.394279,165.157560,541.888750
50.208837,-173.886236,542.539887
53.151116,-147.777039,542.595862
50.108483,-121.723743,541.836863
42.224344,-100.865854,540.546773
31.466233,-85.312620,539.421208
19.216623,-73.155830,539.325095
6.270726,-62.737026,540.974781
-6.864873,-52.836919,544.649886
-19.764529,-42.391620,550.036946
-31.922521,-30.180926,556.264070
-42.676875,-9.304251,562.190365
-50.340259,11.674524,566.412725
-53.148800,37.664295,568.115709
-50.056387,63.486955,566.962388
-42.205484,84.168206,563.267059
-31.513375,99.632201,557.903982
-19.325686,111.748946,552.062973
-6.419204,122.149907,546.918224
6.707681,132.043126,543.307491
19.630883,142.490963,541.523283
31.839790,154.721477,541.285131
42.526803,170.408281,541.899322
50.287722,-168.552928,542.545809
53.149765,-142.398234,542.590821
50.027445,-116.392864,541.821362
42.090530,-95.617428,540.528067
31.303948,-80.124982,539.410843
19.040202,-68.002440,539.334791
6.088584,-57.598468,541.011967
-7.046653,-47.698079,544.714422
-19.939855,-37.237341,550.120233
-32.082942,-24.991712,556.350918
