34.696320,175.094967,541.381512
44.813048,-168.040208,542.080770
51.538510,-145.520721,542.625812
52.920650,-118.752846,542.470832
48.413980,-93.779474,541.527600
39.594622,-74.465867,540.204367
28.338332,-59.999281,539.269464
15.844286,-48.440356,539.580031
2.805454,-38.264931,541.761193
-10.309561,-28.325204,545.943888
-23.069902,-17.546200,551.655716
-34.918062,-4.615727,557.907460
-44.937567,12.240144,563.447919
-51.571111,34.674426,567.103181
-52.919298,61.258691,568.095154
-48.461442,86.067308,566.248810
-39.734030,105.308222,562.033977
-28.569355,119.755225,556.431786
-16.144420,131.310293,550.660829
-3.141815,141.482112,545.838701
9.974533,151.413299,542.680244
22.774324,162.178306,541.329596
34.851987,-179.702555,541.388743
44.934235,-162.768591,542.091078
51.598260,-140.168029,542.629242
52.896621,-113.378240,542.462731
48.316117,-88.470534,541.510359
39.451386,-69.236328,540.186694
28.171250,-54.822967,539.263390
15.665684,-43.292512,539.596551
2.622854,-33.127693,541.805974
-10.490278,-23.183865,546.014528
-23.242282,-12.384870,551.741591
-35.072500,0.586868,557.992250
-45.057343,17.511254,563.513981
-51.629860,40.025134,567.136355
-52.895415,66.630522,568.088578
-48.364686,91.374635,566.204706
-39.592141,110.537243,561.962971
-28.403419,124.931433,556.349928
-15.966562,136.458104,550.585123
-2.959459,146.619271,545.782415
10.155540,156.554478,542.649468
22.947508,167.339418,541.322185
35.007314,-174.499315,541.396099
45.054774,-157.495833,542.101351
51.656949,-134.814419,542.632529
52.871416,-108.004057,542.454470
48.217428,-83.162776,541.493040
39.307697,-64.007728,540.169096
28.003938,-49.647200,539.257561
15.486981,-38.144925,539.613441
2.440241,-27.990496,541.851151
-10.670927,-18.042364,546.085470
-23.414489,-7.223129,551.827572
-35.226594,5.790221,558.076898
-45.176471,22.783490,563.579670
-51.687561,45.376737,567.169004
-52.870372,72.001936,568.081444
-48.267112,96.680799,566.160140
-39.449799,115.765335,561.891697
-28.237251,130.107097,556.268043
-15.788597,141.605658,550.509610
-2.777083,151.756388,545.726461
10.336486,161.695817,542.619049
23.120526,172.500940,541.315048
35.162298,-169.295307,541.403575
45.174659,-152.221931,542.111585
51.714574,-129.459903,542.635672
52.845035,-102.630317,542.446049
48.117919,-77.856202,541.475645
39.163559,-58.780061,540.151577
27.836401,-44.471975,539.251981
15.308179,-32.997592,539.630703
2.257616,-22.853337,541.896722
-10.851508,-12.900699,546.156711
-23.586522,-2.060974,551.913654
-35.380339,10.994338,558.161400
-45.294945,28.056855,563.644983
-51.744209,50.729224,567.201127
-52.844172,77.372913,568.073753
-48.168726,101.985800,566.115112
-39.307007,120.992504,561.820157
-28.070851,135.282221,556.186133
-15.610526,146.752958,550.434292
-2.594688,156.893465,545.670840
10.517371,166.837319,542.588987
23.293377,177.662877,541.308183
35.316935,-164.090525,541.411170
45.293884,-146.946882,542.121779
51.771129,-124.104493,542.638669
52.817483,-97.257038,542.437470
48.017596,-72.550813,541.458176
39.018977,-53.553320,540.134138
27.668640,-39.297287,539.246652
15.129280,-27.850510,539.648337
2.074980,-17.716215,541.942689
-11.032018,-7.758868,546.228250
-23.758379,3.101600,551.999835
-35.533733,16.199224,558.245754
-45.412761,33.331352,563.709918
-51.799799,56.082582,567.232722
-52.816816,82.743435,568.065505
-48.069534,107.289636,566.069626
-39.163770,126.218755,561.748355
-27.904223,140.456810,556.104203
-15.432352,151.900008,550.359171
-2.412275,162.030505,545.615552
10.698194,171.978986,542.559282
23.466059,-177.174767,541.301590
35.471222,-158.884964,541.418881
45.412444,-141.670682,542.131931
51.826608,-118.748204,542.641519
52.788760,-91.884240,542.428732
47.916465,-67.246609,541.440634
38.873955,-48.327501,540.116783
27.500657,-34.123132,539.241576
14.950284,-22.703675,539.666344
1.892334,-12.579126,541.989050
-11.212456,-2.616866,546.300084
-23.930059,8.264597,552.086112
-35.686772,21.404886,558.329955
-45.529912,38.606984,563.774471
-51.854327,61.436798,567.263788
-52.788309,88.113483,568.056701
-47.969541,112.592306,566.023682
-39.020092,131.444094,561.676295
-27.737369,145.630869,556.022255
-15.254075,157.046810,550.284251
-2.229844,167.167511,545.560600
10.878952,177.120823,542.529933
23.638570,-172.011989,541.295267
35.625156,-153.678618,541.426706
45.530333,-136.393328,542.142039
51.881009,-113.391046,542.644222
52.758871,-86.511942,542.419837
47.814532,-61.943591,541.423022
38.728496,-43.102598,540.099513
27.332454,-28.949505,539.236754
14.771194,-17.557084,539.684727
1.709680,-7.442068,542.035804
-11.392822,2.525309,546.372210
-24.101559,13.428021,552.172481
-35.839454,26.611329,558.414000
-45.646394,43.883754,563.838640
-51.907787,66.791860,567.294323
-52.758651,93.483039,568.047340
-47.868754,117.893809,565.977283
-38.875977,136.668527,561.603978
-27.570291,150.804403,555.940293
-15.075697,162.193368,550.209533
-2.047398,172.304485,545.505985
11.059645,-177.737168,542.500939
23.810908,-166.848784,541.289211
35.778734,-148.471482,541.434643
45.647546,-131.114818,542.152101
51.934325,-108.033035,542.646778
52.727818,-81.140162,542.410784
47.711803,-56.641759,541.405341
38.582604,-37.878605,540.082330
27.164035,-23.776400,539.232190
14.592010,-12.410734,539.703484
1.527018,-2.305037,542.082952
-11.573114,7.667660,546.444628
-24.272877,18.591877,552.258940
-35.991775,31.818558,558.497886
-45.762200,49.161665,563.902422
-51.960176,72.147754,567.324327
-52.727847,98.852085,568.037425
-47.767178,123.194146,565.930433
-38.731428,141.892058,561.531410
-27.402990,155.977416,555.858321
-14.897218,167.339685,550.135020
-1.864936,177.441431,545.451706
11.240272,-172.594985,542.472301
23.983071,-161.685147,541.283420
35.931951,-143.263548,541.442690
45.764077,-125.835149,542.162116
51.986552,-102.674184,542.649184
52.695604,-75.768919,542.401574
47.608283,-51.341114,541.387593
38.436283,-32.655516,540.065238
26.995400,-18.603814,539.227885
14.412734,-7.264620,539.722619
1.344350,2.831969,542.130492
-11.753331,12.810190,546.517334
-24.444012,23.756167,552.345484
-36.143732,37.026578,558.581609
-45.877327,54.440719,563.965815
-52.011489,77.504466,567.353798
-52.695898,104.220603,568.026955
-47.664818,128.493315,565.883131
-38.586449,147.114695,561.458592
-27.235470,161.149913,555.776341
-14.718641,172.485764,550.060716
-1.682461,-177.421650,545.397766
11.420831,-167.452623,542.444016
24.155057,-156.521075,541.277894
36.084806,-138.054813,541.450844
45.879922,-120.554317,542.172081
52.037686,-97.314506,542.651441
52.662231,-70.398230,542.392208
47.503979,-46.041655,541.369780
38.289538,-27.433326,540.048238
26.826552,-13.431742,539.223841
14.233368,-2.118741,539.742131
1.161676,7.968952,542.178424
-11.933472,17.952903,546.590327
-24.614963,28.920897,552.432110
-36.295320,42.235397,558.665166
-45.991767,59.720919,564.028815
-52.061721,82.861984,567.382735
-52.662808,109.588575,568.015931
-47.561681,133.791317,565.835382
-38.441045,152.336441,561.385528
-27.067732,166.321899,555.694357
-14.539967,177.631610,549.986621
-1.499974,-172.284754,545.344165
11.601321,-162.310080,542.416086
24.326866,-151.356564,541.272630
36.237294,-132.845270,541.459102
45.995073,-115.272320,542.181994
52.087722,-91.954015,542.653547
52.627704,-65.028114,542.382687
47.398897,-40.743383,541.351903
38.142372,-22.212028,540.031333
26.657494,-8.260179,539.220061
14.053912,3.026907,539.762022
0.978999,13.105916,542.226747
-12.113535,23.095801,546.663604
-24.785726,34.086071,552.518816
-36.446538,47.445018,558.748553
-46.105517,65.002267,564.091421
-52.110868,88.220293,567.411137
-52.628581,114.955983,568.004353
-47.457772,139.088152,565.787187
-38.295218,157.557303,561.312222
-26.899779,171.493377,555.612372
-14.361197,-177.222776,549.912739
-1.317474,-167.147879,545.290905
11.781741,-157.167352,542.388509
24.498493,-146.191609,541.267626
36.389411,-127.634914,541.467463
46.109526,-109.989156,542.191854
52.136655,-86.592727,542.655502
52.592025,-59.658589,542.373011
47.293042,-35.446297,541.333965
37.994789,-16.991617,540.014526
26.488227,-3.089120,539.216546
13.874368,8.172328,539.782293
0.796318,18.242864,542.275461
-12.293520,28.238887,546.737162
-24.956300,39.251693,552.605598
-36.597382,52.655448,558.831767
-46.218569,70.284766,564.153629
-52.158927,93.579379,567.439003
-52.593218,120.322810,567.992223
-47.353097,144.383819,565.738548
-38.148973,162.777287,561.238676
-26.731612,176.664353,555.530389
-14.182332,-172.077389,549.839073
-1.134964,-162.011021,545.237987
11.962090,-152.024438,542.361284
24.669938,-141.026205,541.262880
36.541155,-122.423738,541.475924
46.223274,-104.704823,542.201659
52.184482,-81.230656,542.657306
52.555197,-54.289672,542.363181
47.186420,-30.150396,541.315968
37.846793,-11.772087,539.997819
26.318753,2.081439,539.213299
13.694737,13.317525,539.802944
0.613634,23.379797,542.324564
-12.473424,33.382165,546.811000
-25.126683,44.417768,552.692452
-36.747847,57.866692,558.914805
-46.330919,75.568418,564.215437
-52.205892,98.939227,567.466331
-52.556723,125.689039,567.979541
-47.247662,149.678320,565.689468
-38.002314,167.996399,561.164893
-26.563233,-178.165169,555.448413
-14.003374,-166.932227,549.765624
-0.952445,-156.874178,545.185410
12.142366,-146.881333,542.334412
24.841199,-135.860350,541.258391
36.692522,-117.211737,541.484483
46.336313,-99.419317,542.211407
52.231198,-75.867816,542.658956
52.517225,-48.921380,542.353197
47.079037,-24.855681,541.297912
37.698387,-6.553433,539.981214
26.149076,7.251502,539.210322
13.515021,18.462501,539.823977
0.430950,28.516719,542.374057
-12.653247,38.525638,546.885115
-25.296874,49.584298,552.779375
-36.897931,63.078757,558.997662
-46.442561,80.853224,564.276843
-52.251759,104.299823,567.493121
-52.519100,131.054653,567.966307
-47.141473,154.971655,565.639949
-37.855244,173.214643,561.090878
-26.394646,-172.995185,555.366445
-13.824324,-161.787287,549.692396
-0.769917,-151.737348,545.133177
12.322567,-141.738034,542.307890
25.012274,-130.694037,541.254156
36.843509,-111.998906,541.493138
46.448636,-94.132638,542.221095
52.276799,-70.504223,542.660453
52.478111,-43.553731,542.343061
46.970900,-19.562149,541.279801
37.549576,-1.335649,539.964713
25.979196,12.421074,539.207617
13.335221,23.607259,539.845392
0.248266,33.653633,542.423938
-12.832987,43.669308,546.959506
-25.466870,54.751290,552.866365
-37.047631,68.291647,559.080336
-46.553490,86.139187,564.337843
-52.296525,109.661152,567.519371
-52.480353,136.419636,567.952523
-47.034535,160.263825,565.589994
-37.707767,178.432025,561.016633
-26.225851,-167.825689,555.284490
-13.645183,-156.642564,549.619390
-0.587382,-146.600527,545.081288
12.502694,-136.594539,542.281720
25.183160,-125.527263,541.250174
36.994111,-106.785238,541.501886
46.560239,-88.844782,542.230723
52.321281,-65.139893,542.661796
52.437859,-38.186742,542.332772
46.862013,-14.269800,541.261636
37.400362,3.881272,539.948320
25.809115,17.590159,539.205186
13.155338,28.751802,539.867190
0.065584,38.790541,542.474207
-13.012644,48.813179,547.034168
-25.636669,59.918747,552.953417
-37.196942,73.505368,559.162823
-46.663700,91.426309,564.398435
-52.340186,115.023198,567.545081
-52.440483,141.783970,567.938189
-46.926853,165.554830,565.539604
-37.559886,-176.351448,560.942162
-26.056851,-162.656678,555.202551
-13.465953,-151.498057,549.546609
-0.404841,-141.463713,545.029745
12.682744,-131.450843,542.255899
25.353856,-120.360024,541.246443
37.144326,-101.570728,541.510725
46.671114,-83.555749,542.240288
52.364640,-59.774841,542.662985
52.396473,-32.820429,542.322333
46.752383,-8.978633,541.243419
37.250751,9.097334,539.932036
25.638837,22.758763,539.203031
12.975374,33.896134,539.889373
-0.117097,43.927445,542.524863
-13.192215,53.957255,547.109101
-25.806269,65.086674,553.040528
-37.345862,78.719925,559.245119
-46.773185,96.714590,564.458616
-52.382738,120.385946,567.570249
-52.399496,147.147639,567.923305
-46.818434,170.844673,565.488782
-37.411605,-171.135772,560.867467
-25.887648,-157.488148,555.120631
-13.286635,-146.353761,549.474055
-0.222294,-136.326903,544.978547
12.862716,-126.306945,542.230427
25.524360,-115.192315,541.242961
37.294149,-96.355370,541.519652
46.781256,-78.265537,542.249789
52.406871,-54.409083,542.664018
52.353957,-27.454809,542.311742
46.642015,-3.688647,541.225152
37.100745,14.312544,539.915865
25.468363,27.926889,539.201153
12.795330,39.040257,539.911940
-0.299774,49.064350,542.575905
-13.371700,59.101537,547.184302
-25.975669,70.255074,553.127695
-37.494386,83.935326,559.327222
-46.881940,102.004033,564.518385
-52.424176,125.749380,567.594875
-52.357395,152.510628,567.907874
-46.709283,176.133353,565.437531
-37.262929,-165.920941,560.792553
-25.718244,-152.320093,555.038733
-13.107230,-141.209674,549.401731
-0.039744,-131.190095,544.927697
13.042610,-121.162841,542.205303
25.694670,-110.024132,541.239726
37.443578,-91.139158,541.528666
46.890661,-72.974143,542.259223
52.447971,-49.042636,542.664895
52.310314,-22.089898,542.301003
46.530915,1.600161,541.206837
36.950348,19.526908,539.899807
25.297694,33.094542,539.199556
12.615207,44.184176,539.934893
-0.482447,54.201257,542.627332
-13.551098,64.246030,547.259768
-26.144866,75.423953,553.214915
-37.642511,89.151574,559.409127
-46.989959,107.294639,564.577738
-52.464498,131.113484,567.618956
-52.314183,157.872920,567.891895
-46.599406,-178.579128,565.385853
-37.113859,-160.706948,560.717422
-25.548640,-147.152509,554.956860
-12.927739,-136.065793,549.329639
0.142809,-126.053285,544.877194
13.222422,-116.018528,542.180527
25.864784,-104.855470,541.236735
37.592607,-85.922087,541.537763
46.999321,-67.681568,542.268589
52.487937,-43.675516,542.665615
52.265548,-16.725711,542.290114
46.419089,6.887791,541.188475
36.799563,24.740430,539.883867
25.126834,38.261726,539.198241
12.435006,49.327893,539.958233
-0.665114,59.338170,542.679143
-13.730406,69.390736,547.335498
-26.313858,80.593315,553.302184
-37.790234,94.368676,559.490833
-47.097237,112.586409,564.636673
-52.503700,136.478242,567.642494
-52.269865,163.234501,567.875370
-46.488809,-173.292768,565.333750
-36.964401,-155.493789,560.642077
-25.378839,-141.985393,554.875017
-12.748164,-130.922114,549.257781
0.325364,-120.916471,544.827039
13.402154,-110.874002,542.156098
26.034699,-99.686325,541.233988
37.741235,-80.704150,541.546943
47.107230,-62.387809,542.277886
52.526764,-38.307739,542.666178
52.219664,-11.362265,542.279077
46.306543,12.174247,541.170070
36.648395,29.953118,539.868046
24.955783,43.428446,539.197210
12.254729,54.471410,539.981960
-0.847774,64.475090,542.731337
-13.909624,74.535659,547.411487
-26.482644,85.763164,553.389498
-37.937550,99.586638,559.572334
-47.203767,117.879343,564.695187
-52.541778,141.843638,567.665486
-52.224444,168.595354,567.858299
-46.377496,-168.007565,565.281225
-36.814556,-150.281457,560.566523
-25.208844,-136.818739,554.793205
-12.568506,-125.778634,549.186160
0.507920,-115.779650,544.777234
13.581802,-105.729260,542.132015
26.204413,-94.516693,541.231482
37.889456,-75.485343,541.556202
47.214384,-57.092866,542.287110
52.564449,-32.939323,542.666584
52.172666,-5.999575,542.267892
46.193282,17.459528,541.151622
36.496846,35.164976,539.852346
24.784544,48.594706,539.196465
12.074377,59.614732,540.006075
-1.030427,69.612021,542.783915
-14.088750,79.680801,547.487735
-26.651221,90.933504,553.476855
-38.084457,104.805464,559.653627
-47.309545,123.173443,564.753278
-52.578728,147.209655,567.687931
-52.177924,173.955464,567.840683
-46.265474,-162.723518,565.228280
-36.664330,-145.069948,560.490762
-25.038655,-131.652544,554.711429
-12.388766,-120.635350,549.114778
0.690475,-110.642819,544.727779
13.761366,-100.584300,542.108277
26.373926,-89.346568,541.229215
38.037267,-70.265659,541.565537
47.320777,-51.796738,542.296262
52.600989,-27.570285,542.666831
52.124557,-0.637657,542.256562
46.079312,22.743639,541.133134
36.344921,40.376011,539.836771
24.613120,53.760511,539.196008
11.893951,64.757862,540.030579
-1.213070,74.748966,542.836873
-14.267784,84.826167,547.564239
-26.819587,96.104341,553.564251
-38.230950,110.025161,559.734710
-47.414564,128.468710,564.810944
-52.614548,152.576275,567.709830
-52.130310,179.314817,567.822524
-46.152748,-157.440625,565.174917
-36.513725,-139.859255,560.414798
-24.868274,-126.486803,554.629692
-12.208946,-115.492259,549.043637
0.873030,-105.505976,544.678675
13.940844,-95.439117,542.084883
26.543234,-84.175947,541.227185
38.184665,-65.045092,541.574948
47.426401,-46.499424,542.305338
52.636379,-22.200642,542.666919
52.075342,4.723476,542.245085
45.964638,28.026580,541.114607
36.192623,45.586227,539.821322
24.441511,58.925864,539.195841
11.713453,69.900802,540.055473
-1.395704,79.885927,542.890213
-14.446723,89.971759,547.640995
-26.987740,101.275678,553.651683
-38.377026,115.245735,559.815579
-47.518818,133.765143,564.868182
-52.649233,157.943483,567.731180
-52.081606,-175.326602,567.803822
-46.039323,-152.158883,565.121140
-36.362745,-134.649373,560.338634
-24.697705,-121.321511,554.547996
-12.029046,-110.349358,548.972740
1.055581,-100.369118,544.629922
14.120236,-90.293710,542.061833
26.712335,-79.004824,541.225390
38.331646,-59.823637,541.584431
47.531253,-41.200923,542.314338
52.670618,-16.830412,542.666848
52.025026,10.083808,542.233464
45.849267,33.308354,541.096044
36.039955,50.795632,539.806002
24.269720,64.090770,539.195966
11.532884,75.043556,540.080756
-1.578327,85.022907,542.943932
-14.625567,95.117581,547.718003
-27.155678,106.447521,553.739147
-38.522681,120.467190,559.896231
-47.622303,139.062743,564.924990
-52.682782,163.311260,567.751981
-52.031815,-169.968807,567.784577
-45.925206,-146.878290,565.066950
-36.211392,-129.440296,560.262273
-24.526947,-116.156665,554.466345
-11.849069,-105.206644,548.902088
1.238129,-95.232242,544.581521
14.299539,-85.148073,542.039125
26.881227,-73.833196,541.223829
38.478205,-54.601288,541.593985
47.635325,-35.901236,542.323259
52.703701,-11.459612,542.666617
51.973613,15.443325,542.221700
45.733204,38.588965,541.077448
35.886920,56.004230,539.790814
24.097748,69.255233,539.196384
11.352244,80.186127,540.106431
-1.760938,90.159908,542.998029
-14.804314,100.263635,547.795258
-27.323398,111.619873,553.826639
-38.667910,125.689533,559.976661
-47.725012,144.361510,564.981364
-52.715190,168.679590,567.772233
-51.980943,-164.611812,567.764792
-45.810401,-141.598844,565.012351
-36.059672,-124.232019,560.185719
-24.356005,-110.992260,554.384742
-11.669015,-100.064114,548.831685
1.420672,-90.095346,544.533474
14.478752,-80.002206,542.016758
27.049909,-68.661057,541.222498
38.624339,-49.378039,541.603606
47.738611,-30.600363,542.332100
52.735625,-6.088262,542.666225
51.921106,20.802012,542.209792
45.616454,43.868413,541.058819
35.733523,61.212027,539.775760
23.925599,74.419258,539.197099
11.171536,85.328517,540.132497
-1.943535,95.296934,543.052505
-14.982962,105.409925,547.872759
-27.490900,116.792740,553.914157
-38.812712,130.912769,560.056868
-47.826940,149.661445,565.037304
-52.746456,174.048453,567.791935
-51.928993,-159.255632,567.744468
-45.694915,-136.320543,564.957344
-35.907586,-119.024535,560.108975
-24.184878,-105.828293,554.303191
-11.488885,-94.921765,548.761531
1.603210,-84.958426,544.485779
14.657875,-74.856103,541.994732
27.218377,-63.488403,541.221397
38.770044,-44.153884,541.613293
47.841107,-25.298302,542.340858
52.766388,-0.716378,542.665673
51.867512,26.159857,542.197743
45.499024,49.146704,541.040159
35.579766,66.419029,539.760841
23.753273,79.582849,539.198111
10.990761,90.470731,540.158956
-2.126118,100.433988,543.107357
-15.161511,110.556455,547.950502
-27.658180,121.966125,554.001697
-38.957080,136.136904,560.136846
-47.928080,154.962547,565.092806
-52.776575,179.417834,567.811085
-51.875970,-153.900279,567.723604
-45.578751,-131.043383,564.901933
-35.755138,-113.817841,560.032044
-24.013570,-100.664758,554.221695
-11.308681,-89.779593,548.691630
1.785740,-79.821480,544.438439
14.836905,-69.709761,541.973046
27.386630,-58.315230,541.220522
38.915316,-38.928818,541.623043
47.942805,-19.995056,542.349534
52.795986,4.656020,542.664960
51.812834,31.516845,542.185553
45.380918,54.423838,541.021472
35.425653,71.625242,539.746062
23.580772,84.746010,539.199423
10.809919,95.612770,540.185807
-2.308686,105.571071,543.162584
-15.339960,115.703227,548.028487
-27.825236,127.140034,554.089256
-39.101013,141.361943,560.216594
-48.028427,160.264815,565.147868
-52.805545,-175.212288,567.829683
-51.821878,-148.545767,567.702203
-45.461917,-125.767363,564.846119
-35.602332,-108.611929,559.954930
-23.842081,-95.501652,554.140256
-11.128404,-84.637595,548.621983
1.968263,-74.684505,544.391454
15.015842,-64.563178,541.951699
27.554666,-53.141533,541.219873
39.060150,-33.702835,541.632854
48.043701,-14.690623,542.358124
52.824417,10.028914,542.664085
51.757078,36.872963,542.173223
45.262142,59.699819,541.002759
35.271187,76.830671,539.731423
23.408098,89.908745,539.201037
10.629013,100.754638,540.213051
-2.491237,110.708187,543.218186
-15.518306,120.850245,548.106709
-27.992067,132.314471,554.176829
-39.244505,146.587893,560.296108
-48.127976,165.568249,565.202488
-52.833364,-169.841929,567.847729
-51.766723,-143.192109,567.680265
-45.344417,-120.492479,564.789906
-35.449170,-103.406795,559.877636
-23.670415,-90.338971,554.058878
-10.948055,-79.495770,548.552593
2.150776,-69.547498,544.344824
15.194684,-59.416350,541.930689
27.722482,-47.967306,541.219446
39.204544,-28.475930,541.642724
48.143788,-9.385005,542.366627
52.851678,15.402285,542.663048
51.700247,42.228197,542.160754
45.142701,64.974651,540.984022
35.116372,82.035323,539.716929
23.235254,95.071058,539.202954
10.448043,105.896338,540.240689
-2.673771,115.845339,543.274161
-15.696548,125.997512,548.185166
-28.158669,137.489441,554.264415
-39.387552,151.814757,560.375384
-48.226720,170.872848,565.256664
-52.860028,-164.471109,567.865221
-51.710508,-137.839317,567.657792
-45.226256,-115.218728,564.733296
-35.295657,-98.202432,559.800165
-23.498572,-85.176710,553.977565
-10.767636,-74.354113,548.483462
2.333280,-64.410457,544.298550
15.373429,-54.269274,541.910016
27.890076,-42.792546,541.219240
39.348493,-23.248096,541.652651
48.243059,-4.078202,542.375042
52.877766,20.776114,542.661848
51.642348,47.582537,542.148147
45.022602,70.248336,540.965263
34.961210,87.239201,539.702580
23.062241,100.232953,539.205176
10.267010,111.037874,540.268722
-2.856286,120.982529,543.330508
-15.874685,131.145032,548.263855
-28.325041,142.664949,554.352008
-39.530152,157.042543,560.454419
-48.324653,176.178611,565.310393
-52.885536,-159.099845,567.882160
-51.653239,-132.487405,567.634784
-45.107441,-109.946107,564.676292
-35.141794,-92.998835,559.722521
-23.326555,-80.014866,553.896319
-10.587147,-69.212621,548.414591
2.515772,-59.273379,544.252632
15.552077,-49.121947,541.889678
28.057446,-37.617248,541.219253
39.491993,-18.019327,541.662631
48.341510,1.229784,542.383366
52.902679,26.150382,542.660486
51.583384,52.935968,542.135403
44.901849,75.520877,540.946484
34.805705,92.442313,539.688379
22.889060,105.394436,539.207705
10.085916,116.179247,540.297150
-3.038781,126.119760,543.387226
-16.052716,136.292807,548.342775
-28.491181,147.840998,554.439606
-39.672299,162.271256,560.533211
-48.421770,-178.514463,565.363673
-52.909884,-153.728158,567.898544
-51.594919,-127.136384,567.611243
-44.987975,-104.674613,564.618895
-34.987586,-87.796000,559.644708
-23.154365,-74.853434,553.815143
-10.406590,-64.071292,548.345984
2.698252,-54.136261,544.207071
15.730625,-43.974364,541.869675
28.224590,-32.441406,541.219483
39.635039,-12.789619,541.672664
48.439134,6.538953,542.391599
52.926414,31.525069,542.658960
51.523360,58.288479,542.122524
44.780449,80.792280,540.927688
34.649861,97.644664,539.674330
22.715714,110.555509,539.210543
9.904762,121.320462,540.325973
-3.221255,131.257034,543.444314
-16.230639,141.440842,548.421922
-28.657086,153.017595,554.527206
-39.813990,167.500901,560.611754
-48.518066,-173.206376,565.416501
-52.933072,-148.356065,567.914372
-51.535555,-121.786266,567.587171
-44.867866,-99.404242,564.561110
-34.833036,-82.593919,559.566727
-22.982004,-69.692410,553.734042
-10.225966,-58.930123,548.277641
2.880718,-48.999101,544.161867
15.909073,-38.826523,541.850006
28.391505,-27.265017,541.219928
39.777628,-7.558965,541.682746
48.535926,11.849302,542.399739
52.948970,36.900156,542.657271
51.462282,63.640058,542.109510
44.658405,86.062546,540.908876
34.493680,102.846260,539.660433
22.542205,115.716176,539.213692
9.723549,126.461521,540.355192
-3.403708,136.394356,543.501770
-16.408453,146.589139,548.501293
-28.822754,158.194743,554.614803
-39.955221,172.731483,560.690047
-48.613533,-167.897128,565.468876
-52.955095,-142.983586,567.929646
-51.475150,-116.437064,567.562567
-44.747117,-94.134992,564.502939
-34.678146,-77.392588,559.488584
-22.809474,-64.531790,553.653016
-10.045276,-53.789110,548.209566
3.063170,-43.861895,544.117021
16.087419,-33.678421,541.830669
28.558189,-22.088075,541.220584
39.919756,-2.327360,541.692875
48.631878,17.160830,542.407784
52.970343,42.275624,542.655419
51.400155,68.990693,542.096362
44.535724,91.331679,540.890050
34.337165,108.047106,539.646693
22.368534,120.876443,539.217154
9.542278,131.602426,540.384807
-3.586137,141.531727,543.559594
-16.586157,151.737702,548.580886
-28.988182,163.372448,554.702395
-40.095987,177.963009,560.768086
-48.708167,-162.586723,565.520796
-52.975953,-137.610740,567.944362
-51.413711,-111.088787,567.537435
-44.625734,-88.866859,564.444384
-34.522920,-72.192002,559.410281
-22.636777,-59.371570,553.572071
-9.864522,-48.648250,548.141759
3.245606,-38.724640,544.072534
16.265662,-28.530054,541.811664
28.724640,-16.910575,541.221452
40.061418,2.905201,541.703050
48.726986,22.473536,542.415732
52.990533,47.651452,542.653402
51.336984,74.340373,542.083082
44.412411,96.599684,540.871214
34.180320,113.247207,539.633110
22.194702,126.036312,539.220930
9.360951,136.743182,540.414819
-3.768542,146.669149,543.617783
-16.763748,156.886535,548.660698
-29.153369,168.550714,554.789978
-40.236284,-176.804516,560.845868
-48.801961,-157.275161,565.572257
-52.995644,-132.237546,567.958522
-51.351241,-105.741448,567.511774
-44.503722,-83.599838,564.385448
-34.367361,-66.992154,559.331822
-22.463914,-54.211747,553.491209
-9.683704,-43.507541,548.074224
3.428026,-33.587335,544.028405
16.443799,-23.381418,541.792988
28.890855,-11.732513,541.222527
40.202610,8.138726,541.713267
48.821243,27.787416,542.423583
53.009536,53.027620,542.651221
51.272774,79.689087,542.069671
44.288471,101.866564,540.852368
34.023147,118.446569,539.619688
22.020713,131.195789,539.225022
9.179569,141.883791,540.445228
-3.950922,151.806627,543.676338
-16.941226,162.035640,548.740727
-29.318312,173.729546,554.877548
-40.376109,-171.571087,560.923389
-48.894910,-151.962446,565.623259
-53.014165,-126.864025,567.972125
-51.287745,-100.395057,567.485586
-44.381087,-78.333928,564.326133
-34.211471,-61.793039,559.253209
-22.290888,-49.052316,553.410433
-9.502824,-38.366980,548.006961
3.610427,-28.449976,543.984635
16.621831,-18.232510,541.774642
29.056833,-6.553884,541.223809
40.343328,13.373218,541.723526
48.914644,33.102470,542.431334
53.027351,58.404109,542.648876
51.207531,85.036824,542.056129
44.163910,107.132323,540.833516
33.865651,123.645199,539.606429
21.846567,136.354876,539.229431
8.998132,147.024256,540.476035
-4.133275,156.944162,543.735256
-17.118590,167.185022,548.820969
-29.483009,178.908949,554.965102
-40.515457,-166.336698,561.000646
-48.987008,-146.648580,565.673798
-53.031514,-121.490195,567.985170
-51.223230,-95.049625,567.458872
-44.257834,-73.069122,564.266443
-34.055255,-56.594652,559.174447
-22.117699,-43.893273,553.329746
-9.321883,-33.226564,547.939974
3.792810,-23.312561,543.941225
16.799755,-13.083327,541.756623
29.222570,-1.374682,541.225295
40.483567,18.608684,541.733822
49.007182,38.418693,542.438983
53.043977,63.780898,542.646365
51.141258,90.383573,542.042458
44.038733,112.396966,540.814658
33.707833,128.843100,539.593335
21.672266,141.513578,539.234161
8.816643,152.164580,540.507240
-4.315601,162.081758,543.794536
-17.295837,172.334683,548.901422
-29.647457,-175.911072,555.052637
-40.654324,-161.101345,561.077636
-49.078249,-141.333564,565.723873
-53.047691,-116.116077,567.997657
-51.157700,-89.705162,567.431635
-44.133967,-67.805419,564.206381
-33.898714,-51.396987,559.095539
-21.944349,-38.734614,553.249152
-9.140882,-28.086289,547.873264
3.975173,-18.175086,543.898174
16.977570,-7.933865,541.738931
29.388064,3.805096,541.226982
40.623324,23.845130,541.744155
49.098851,43.736085,542.446531
53.059411,69.157967,542.643690
51.073963,95.729326,542.028660
43.912944,117.660495,540.795799
33.549698,134.040280,539.580409
21.497813,146.671899,539.239212
8.635103,157.304766,540.538843
-4.497898,167.219417,543.854176
-17.472966,177.484627,548.982084
-29.811654,-170.730513,555.140148
-40.792706,-155.865020,561.154356
-49.168627,-136.017404,565.773481
-53.062693,-110.741690,568.009585
-51.091159,-84.361678,567.403874
-44.009491,-62.542813,564.145948
-33.741852,-46.200039,559.016488
-21.770841,-33.576335,553.168653
-8.959823,-22.946153,547.806832
4.157514,-13.037549,543.855484
17.155275,-2.784121,541.721565
29.553313,8.985456,541.228869
40.762593,29.082560,541.754521
49.189646,49.054640,542.453974
53.073653,74.535295,542.640850
51.005650,101.074071,542.014735
43.786550,122.922916,540.776938
33.391247,139.236743,539.567652
21.323208,151.829843,539.244586
8.453511,162.444816,540.570844
-4.680165,172.357142,543.914176
-17.649976,-177.365143,549.062950
-29.975598,-165.549368,555.227634
-40.930598,-150.627720,561.230802
-49.258137,-130.700100,565.822621
-53.076519,-105.367054,568.020955
-51.023614,-79.019183,567.375592
-43.884413,-57.281301,564.085148
-33.584672,-41.003803,558.937297
-21.597176,-28.418433,553.088252
-8.778706,-17.806153,547.740682
4.339833,-7.899948,543.813154
17.332867,2.365909,541.704523
29.718314,14.166404,541.230954
40.901371,34.320980,541.764919
49.279560,54.374357,542.461312
53.086700,79.912862,542.637844
50.936324,106.417799,542.000684
43.659555,128.184233,540.758080
33.232484,144.432494,539.555069
21.148453,156.987413,539.250284
8.271871,167.584734,540.603245
-4.862402,177.494936,543.974535
-17.826866,-172.214622,549.144019
-30.139286,-160.367633,555.315089
-41.067996,-145.389439,561.306972
-49.346773,-125.381657,565.871291
-53.089168,-99.992190,568.031764
-50.955070,-73.677686,567.346790
-43.758737,-52.020878,564.023984
-33.427177,-35.808273,558.857971
-21.423356,-23.260904,553.007953
-8.597532,-12.666286,547.674814
4.522129,-2.762279,543.771184
17.510346,7.516228,541.687804
29.883066,19.347943,541.233234
41.039653,39.560396,541.775347
49.368587,59.695232,542.468544
53.098552,85.290647,542.634673
50.865992,111.760500,541.986510
43.531965,133.444450,540.739225
33.073412,149.627540,539.542660
20.973551,162.144615,539.256309
8.090182,172.724524,540.636044
-5.044607,-177.367198,544.035249
-18.003634,-167.063808,549.225288
-30.302715,-155.185302,555.402511
-41.204895,-140.150171,561.382861
-49.434528,-120.062079,565.919488
-53.100639,-94.617117,568.042015
-50.885532,-68.337196,567.317470
-43.632467,-46.761541,563.962458
-33.269370,-30.613444,558.778512
-21.249382,-18.103743,552.927759
-8.416304,-7.526550,547.609230
4.704400,2.375461,543.729576
17.687710,12.666839,541.671406
30.047565,24.530079,541.235708
41.177434,44.800814,541.785802
49.456722,65.017260,542.475666
53.109207,90.668630,542.631337
50.794658,117.102167,541.972212
43.403784,138.703571,540.720377
32.914034,154.821886,539.530428
20.798502,167.301450,539.262663
7.908446,177.864186,540.669243
-5.226778,-172.229258,544.096319
-18.180278,-161.912697,549.306753
-30.465884,-150.002371,555.489896
-41.341292,-134.909911,561.458468
-49.521398,-114.741369,565.967210
-53.110930,-89.241856,568.051705
-50.815005,-62.997722,567.287632
-43.505609,-41.503285,563.900573
-33.111253,-25.419310,558.698924
-21.075256,-12.946947,552.847672
-8.235021,-2.386940,547.543933
4.886646,7.513274,543.688329
17.864958,17.817747,541.655330
30.211809,29.712817,541.238372
41.314710,50.042238,541.796282
49.543959,70.340439,542.482680
53.118664,96.046789,542.627834
50.722328,122.442789,541.957793
43.275017,143.961601,540.701537
32.754353,160.015537,539.518377
20.623309,172.457924,539.269346
7.726665,-176.996275,540.702841
-5.408916,-167.091241,544.157743
-18.356797,-156.761286,549.388413
-30.628789,-144.818835,555.577240
-41.477182,-129.668654,561.533788
-49.607375,-109.419532,566.014455
-53.120041,-83.866427,568.060835
-50.743495,-57.659273,567.257278
-43.378168,-36.246106,563.838332
-32.952830,-20.225866,558.619209
-20.900979,-7.790512,552.767695
-8.053686,2.752546,547.478924
5.068865,12.651163,543.647443
18.042088,22.968955,541.639572
30.375795,34.896162,541.241226
41.451477,55.284674,541.806784
49.630291,75.664763,542.489582
53.126923,101.425105,542.624166
50.649008,127.782359,541.943253
43.145670,149.218545,540.682708
32.594371,165.208498,539.506507
20.447973,177.614041,539.276360
7.544839,-171.856856,540.736839
-5.591018,-161.953144,544.219518
-18.533190,-151.609570,549.470263
-30.791428,-139.634688,555.664541
-41.612560,-124.426394,561.608819
-49.692456,-104.096571,566.061222
-53.127970,-78.490851,568.069404
-50.671007,-52.321858,567.226411
-43.250149,-30.989999,563.775738
-32.794103,-15.033107,558.539373
-20.726554,-2.634434,552.687833
-7.872299,7.891910,547.414205
5.251056,17.789131,543.606918
18.219098,28.120466,541.624132
30.539521,40.080119,541.244266
41.587731,60.528127,541.817307
49.715713,80.990229,542.496371
53.133982,106.803555,542.620333
50.574704,133.120869,541.928595
43.015748,154.474408,540.663892
32.434092,170.400776,539.494822
20.272496,-177.230197,539.283708
7.362969,-166.717555,540.771237
-5.773084,-156.814964,544.281645
-18.709455,-146.457547,549.552302
-30.953800,-134.449926,555.751794
-41.747422,-119.183128,561.683557
-49.776633,-98.772491,566.107508
-53.134717,-73.115147,568.077412
-50.597546,-46.985483,567.195030
-43.121556,-25.734960,563.712794
-32.635075,-9.841028,558.459417
-20.551982,2.521291,552.608087
-7.690862,13.031156,547.349778
5.433219,22.927181,543.566755
18.395988,33.272283,541.609009
30.702985,45.264694,541.247490
41.723465,65.772603,541.827849
49.800219,86.316831,542.503047
53.139841,112.182119,542.616333
50.499420,138.458310,541.913818
42.885255,159.729193,540.645091
32.273518,175.592374,539.483323
20.096879,-172.074785,539.291390
7.181058,-161.578369,540.806035
-5.955112,-151.676698,544.344120
-18.885590,-141.305212,549.634526
-31.115900,-129.264543,555.838996
-41.881764,-113.938848,561.757999
-49.859901,-93.447298,566.153312
-53.140281,-67.739338,568.084859
-50.523118,-41.650157,567.163139
-42.992395,-20.480985,563.649502
-32.475748,-4.649623,558.379346
-20.377264,7.676665,552.528460
-7.509375,18.170286,547.285644
5.615351,28.065315,543.526955
18.572755,38.424412,541.594201
30.866184,50.449890,541.250897
41.858676,71.018107,541.838407
49.883803,91.644565,542.509607
53.144499,117.560776,542.612168
50.423163,143.794674,541.898926
42.754196,164.982906,540.626307
32.112653,-179.216701,539.472014
19.921124,-166.919719,539.299408
6.999105,-156.439295,540.841233
-6.137102,-146.538344,544.406943
-19.061594,-136.152563,549.716933
-31.277727,-124.078535,555.926144
-42.015581,-108.693551,561.832143
-49.942254,-88.120995,566.198631
-53.144662,-62.363442,568.091745
-50.447729,-36.315888,567.130737
-42.862670,-15.228068,563.585866
-32.316127,0.541114,558.299162
-20.202402,12.831695,552.448956
-7.327840,23.309303,547.221806
5.797452,33.203536,543.487516
18.749399,43.576854,541.579707
31.029115,55.635714,541.254484
41.993360,76.264645,541.848978
49.966458,96.973425,542.516051
53.147956,122.939505,542.607836
50.345938,149.129955,541.883918
42.622577,170.235552,540.607543
31.951498,-174.026443,539.460896
19.745233,-161.764996,539.307765
6.817112,-151.300329,540.876832
-6.319051,-141.399899,544.470112
-19.237466,-130.999595,549.799518
-31.439278,-118.891896,556.013234
-42.148868,-103.447231,561.905984
-50.023687,-82.793590,566.243464
-53.147859,-56.987480,568.098070
-50.371384,-30.982683,567.097828
-42.732386,-9.976205,563.521888
-32.156213,5.731186,558.218870
-20.027399,17.986381,552.369578
-7.146257,28.448211,547.158265
5.979520,38.341847,543.448439
18.925916,48.729615,541.565526
31.191775,60.822171,541.258248
42.127511,81.512220,541.859562
50.048180,102.303406,542.522376
53.150211,128.318284,542.603339
50.267751,154.464146,541.868796
42.490402,175.487136,540.588801
31.790057,-168.836849,539.449972
19.569207,-156.610612,539.316460
6.635080,-146.161470,540.912831
-6.500960,-136.261359,544.533625
-19.413204,-125.846305,549.882281
-31.600551,-113.704621,556.100263
-42.281621,-98.199883,561.979520
-50.104194,-77.465086,566.287808
-53.149872,-51.611474,568.103833
-50.294089,-25.650549,567.064413
-42.601548,-4.725391,563.457571
-31.996009,10.920601,558.138472
-19.852254,23.140730,552.290328
-6.964629,33.587011,547.095022
6.161556,43.480252,543.409724
19.102307,53.882696,541.551655
31.354163,66.009265,541.262189
42.261125,86.760839,541.870155
50.128963,107.634502,542.528583
53.151265,133.697094,542.598676
50.188608,159.797239,541.853563
42.357677,-179.262339,540.570083
31.628332,-163.647912,539.439244
19.393048,-151.456562,539.325497
6.453011,-141.022715,540.949230
-6.682827,-131.122723,544.597481
-19.588806,-120.692689,549.965217
-31.761542,-108.516706,556.187226
-42.413835,-92.951502,562.052748
-50.183770,-72.135490,566.331663
-53.150700,-46.235444,568.109034
-50.215849,-20.319491,567.030493
-42.470160,0.524378,563.392919
-31.835518,16.109362,558.057972
-19.676970,28.294744,552.211209
-6.782956,38.725707,547.032080
6.343556,48.618752,543.371371
19.278569,59.036103,541.538095
31.516275,71.197002,541.266302
42.394197,92.010507,541.880756
50.208799,112.966707,542.534669
53.151116,139.075911,542.593848
50.108515,165.129229,541.838218
42.224405,-174.012865,540.551391
31.466327,-158.459627,539.428715
19.216758,-146.302845,539.334875
6.270905,-135.884059,540.986030
-6.864650,-125.983986,544.661679
-19.764271,-115.538744,550.048324
-31.922249,-103.328144,556.274122
-42.545505,-87.702084,562.125665
-50.262407,-66.804808,566.375026
-53.150345,-40.859410,568.113674
-50.136670,-14.989518,566.996070
-42.338228,5.773108,563.327934
-31.674742,21.297474,557.977374
-19.501549,33.448427,552.132225
-6.601240,43.864303,546.969440
6.525521,53.757351,543.333381
19.454701,64.189838,541.524842
31.678108,76.385388,541.270587
42.526722,97.261229,541.891362
50.287685,118.300015,542.540633
53.149766,144.454716,542.588853
50.027477,170.460108,541.822764
42.090591,-168.764439,540.532729
31.304043,-153.271989,539.418386
19.040337,-141.149455,539.344598
6.088764,-130.745502,541.023230
-7.046430,-120.845147,544.726215
-19.939597,-110.384466,550.131598
-32.082670,-98.138931,556.360945
-42.676628,-82.451622,562.198268
-50.340102,-61.473046,566.417895
-53.148805,-35.483393,568.117752
-50.056557,-9.660635,566.961145
-42.205755,11.020803,563.262619
-31.513685,26.484944,557.896680
-19.325991,38.601782,552.053378
-6.419480,49.002799,546.907103
6.707449,58.896051,543.295752
19.630702,69.343906,541.511896
31.839660,81.574427,541.275041
42.658695,102.513009,541.901971
50.365613,123.634419,542.546474
53.147214,149.833488,542.583693
49.945500,175.789871,541.807203
41.956242,-163.517056,540.514097
31.141484,-148.084992,539.408261
18.863788,-135.996388,539.354666
5.906588,-125.607039,541.060831
-7.228163,-115.706203,544.791090
-20.114783,-105.229851,550.215037
-32.242801,-92.949062,556.447692
-42.807197,-77.200114,562.270552
-50.416848,-56.140212,566.460268
-53.146081,-30.107413,568.121267
-49.975517,-4.332848,566.925721
-42.072747,16.267468,563.196977
-31.352348,31.671777,557.815895
-19.150300,43.754814,551.974671
-6.237680,54.141200,546.845072
6.889339,64.034856,543.258486
19.806569,74.498311,541.499256
32.000929,86.764124,541.279661
42.790113,107.765853,541.912581
50.442578,128.969912,542.552191
53.143460,155.212204,542.578368
49.862591,-178.881488,541.791534
41.821360,-158.270709,540.495499
30.978653,-142.898633,539.398342
18.687113,-130.843643,539.365082
5.724379,-120.468668,541.098832
-7.409851,-110.567150,544.856300
-20.289827,-100.074896,550.298637
-32.402641,-87.758531,556.534361
-42.937209,-71.947553,562.342517
-50.492640,-50.806311,566.502144
-53.142173,-24.731492,568.124221
-49.893554,0.993837,566.889798
-41.939209,21.513109,563.131011
-31.190734,36.857976,557.735021
-18.974475,48.907526,551.896107
-6.055839,59.279508,546.783347
7.071190,69.173768,543.221582
19.982301,79.653055,541.486919
32.161911,91.954486,541.284446
42.920969,113.019765,541.923190
50.518575,134.306487,542.557783
53.138505,160.590844,542.572877
49.778754,-173.553974,541.775761
41.685951,-153.025395,540.476936
30.815551,-137.712904,539.388630
18.510312,-125.691214,539.375845
5.542139,-115.330386,541.137234
-7.591490,-105.427986,544.921845
-20.464728,-94.919596,550.382396
-32.562186,-82.567333,556.620948
-43.066659,-66.693936,562.414158
-50.567473,-45.471351,566.543521
-53.137081,-19.355650,568.126614
-49.810675,6.319416,566.853380
-41.805144,26.757730,563.064724
-31.028847,42.043548,557.654062
-18.798519,54.059922,551.817689
-5.873959,64.417727,546.721931
7.253000,74.312790,543.185040
20.157896,84.808142,541.474885
32.322604,97.145517,541.289393
43.051258,118.274751,541.933796
50.593598,139.644138,542.563247
53.132350,165.969388,542.567221
49.693996,-168.227593,541.759884
41.550019,-147.781107,540.458412
30.652181,-132.527802,539.379129
18.333387,-120.539098,539.386958
5.359867,-110.192190,541.176036
-7.773080,-100.288707,544.987722
-20.639483,-89.763949,550.466311
-32.721433,-77.375464,556.707448
-43.195541,-61.439257,562.485472
-50.641340,-40.135340,566.584398
-53.130807,-13.979907,568.128444
-49.726886,11.643882,566.816467
-41.670557,32.001336,562.998120
-30.866688,47.228498,557.573021
-18.622433,59.212004,551.739419
-5.692040,69.555858,546.660825
7.434769,79.451925,543.148860
20.333354,89.963577,541.463152
32.483004,102.337223,541.294500
43.180977,123.530814,541.944397
50.667641,144.982855,542.568584
53.124994,171.347813,542.561400
49.608323,-162.902349,541.743904
41.413569,-142.537841,540.439927
30.488547,-127.343320,539.369840
18.156340,-115.387291,539.398423
5.177566,-105.054077,541.215238
-7.954621,-95.149312,545.053930
-20.814092,-84.607949,550.550378
-32.880380,-72.182916,556.793859
-43.323851,-56.183512,562.556456
-50.714236,-34.798285,566.624772
-53.123350,-8.604284,568.129712
-49.642191,16.967230,566.779062
-41.535453,37.243933,562.931200
-30.704261,52.412830,557.491903
-18.446218,64.363778,551.661302
-5.510085,74.693904,546.600031
7.616496,84.591175,543.113042
20.508672,95.119364,541.451718
32.643110,107.529608,541.299764
43.310120,128.787961,541.954990
50.740698,150.322631,542.573792
53.116439,176.726099,542.555415
49.521740,-157.578247,541.727825
41.276606,-137.295591,540.421486
30.324650,-122.159455,539.360766
17.979172,-110.235791,539.410240
4.995236,-99.916046,541.254840
-8.136110,-90.009797,545.120467
-20.988552,-79.451595,550.634594
-33.039025,-66.989686,556.880176
-43.451584,-50.926696,562.627108
-50.786156,-29.460194,566.664642
-53.114711,-3.228802,568.130419
-49.556597,22.289457,566.741165
-41.399836,42.485525,562.863968
-30.541567,57.596549,557.410709
-18.269877,69.515245,551.583338
-5.328094,79.831870,546.539549
7.798179,89.730545,543.077586
20.683848,100.275505,541.440582
32.802918,112.722679,541.305184
43.438681,134.046195,541.965574
50.812764,155.663458,542.578869
53.106686,-177.895774,542.549264
49.434254,-152.255291,541.711646
41.139134,-132.054352,540.403089
30.160493,-116.976200,539.351909
17.801885,-105.084592,539.422411
4.812879,-94.778092,541.294843
-8.317547,-84.870159,545.187331
-21.162863,-74.294880,550.718957
-33.197363,-61.795769,556.966398
-43.578736,-45.668806,562.697425
-50.857094,-24.121075,566.704006
-53.104892,2.146520,568.130564
-49.470110,27.610558,566.702780
-41.263711,47.726118,562.796428
-30.378609,62.779662,557.329444
-18.093411,74.666411,551.505532
-5.146069,84.969756,546.479382
7.979816,94.870036,543.042491
20.858881,105.432005,541.429742
32.962425,117.916441,541.310757
43.566657,139.305521,541.976146
50.883833,161.005328,542.583815
53.095735,-172.517829,542.542950
49.345870,-146.933487,541.695370
41.001157,-126.814118,540.384740
29.996080,-111.793552,539.343272
17.624481,-99.933693,539.434937
4.630495,-89.640213,541.335244
-8.498930,-79.730395,545.254521
-21.337022,-69.137803,550.803463
-33.355392,-56.601157,557.052519
-43.705300,-40.409835,562.767403
-50.927045,-18.780937,566.742862
-53.093893,7.521661,568.130148
-49.382735,32.930528,566.663907
-41.127082,52.965717,562.728582
-30.215389,67.962172,557.248111
-17.916820,79.817278,551.427886
-4.964010,90.107567,546.419531
8.161408,100.009652,543.007758
21.033770,110.588868,541.419197
33.121629,123.110898,541.316481
43.694041,144.565943,541.986704
50.953900,166.348231,542.588629
53.083587,-167.140085,542.536471
49.256595,-141.612837,541.678998
40.862681,-121.574884,540.366440
29.831411,-106.611503,539.334856
17.446960,-94.783088,539.447820
4.448086,-84.502406,541.376046
-8.680259,-74.590503,545.322034
-21.511027,-63.980359,550.888109
-33.513110,-51.405847,557.138537
-43.831273,-35.149781,562.837039
-50.996004,-13.439789,566.781210
-53.081715,12.896600,568.129170
-49.294479,38.249364,566.624549
-40.989954,58.204328,562.660433
-30.051911,73.144084,557.166714
-17.740107,84.967850,551.350402
-4.781918,95.245304,546.359997
8.342953,105.149395,542.973385
21.208512,115.746097,541.408945
33.280526,128.306058,541.322353
43.820829,149.827467,541.997246
51.022959,171.692159,542.593309
53.070244,-161.762564,542.529829
49.166434,-136.293345,541.662532
40.723709,-116.336645,540.348192
29.666490,-101.430051,539.326664
17.269324,-89.632776,539.461061
4.265653,-79.364668,541.417247
-8.861532,-69.450479,545.389868
-21.684878,-58.822543,550.972893
-33.670514,-46.209833,557.224448
-43.956649,-29.888640,562.906331
-51.063965,-8.097639,566.819047
-53.068359,18.271318,568.127632
-49.205346,43.567062,566.584708
-40.852330,63.441956,562.591984
-29.888177,78.325404,557.085255
-17.563273,90.118130,551.273085
-4.599795,100.382972,546.300782
8.524449,110.289268,542.939374
21.383106,120.903697,541.398984
33.439114,133.501924,541.328372
43.947016,155.090095,542.007771
51.091006,177.037102,542.597854
53.055707,-156.385285,542.523023
49.075393,-130.975015,541.645972
40.584246,-111.099394,540.329999
29.501319,-96.249189,539.318699
17.091576,-84.482751,539.474661
4.083197,-74.226998,541.458846
-9.042747,-64.310321,545.458023
-21.858572,-53.664353,551.057810
-33.827600,-41.013110,557.310248
-44.081423,-24.626406,562.975276
-51.130923,-2.754498,566.856372
-53.053827,23.645794,568.125532
-49.115343,48.883619,566.544385
-40.714216,68.678605,562.523238
-29.724188,83.506137,557.003738
-17.386320,95.268123,551.195935
-4.417642,105.520571,546.241887
8.705895,115.429275,542.905723
21.557551,126.061672,541.389314
33.597390,138.698503,541.334534
44.072596,160.353833,542.018275
51.158033,-177.616950,542.602263
53.039978,-151.008270,542.516054
48.983479,-125.657850,541.629322
40.444297,-105.863127,540.311862
29.335901,-91.068913,539.310962
16.913715,-79.333011,539.488622
3.900719,-69.089390,541.500845
-9.223905,-59.170026,545.526494
-22.032108,-48.505785,551.142858
-33.984365,-35.815672,557.395934
-44.205591,-19.363075,563.043870
-51.196872,2.589626,566.893184
-53.038120,29.020008,568.122872
-49.024475,54.199030,566.503583
-40.575615,73.914282,562.454200
-29.559948,88.686287,556.922167
-17.209248,100.417830,551.118957
-4.235459,110.658106,546.183314
8.887291,120.569417,542.872433
21.731844,131.220024,541.379931
33.755350,143.895800,541.340839
44.197564,165.618685,542.028758
51.224037,-172.270006,542.606536
53.023057,-145.631538,542.508922
48.890697,-120.341853,541.612583
40.303865,-100.627838,540.293785
29.170238,-85.889218,539.303456
16.735744,-74.183552,539.502945
3.718221,-63.951844,541.543242
-9.405003,-54.029590,545.595282
-22.205484,-43.346834,551.228034
-34.140807,-30.617513,557.481502
-44.329147,-14.098645,563.112111
-51.261809,7.934723,566.929480
-53.021240,34.393941,568.119651
-48.932749,59.513294,566.462303
-40.436532,79.148992,562.384870
-29.395458,93.865860,556.840545
-17.032060,105.567257,551.042152
-4.053249,115.795579,546.125064
9.068635,125.709699,542.839503
21.905983,136.378759,541.370835
33.912992,149.093820,541.347282
44.321916,170.884655,542.039217
51.289011,-166.922077,542.610671
53.004947,-140.255111,542.501627
48.797053,-115.027026,541.595755
40.162955,-95.393522,540.275769
29.004332,-80.710098,539.296182
16.557665,-69.034371,539.517631
3.535702,-58.814356,541.586038
-9.586041,-48.889011,545.664384
-22.378698,-38.187496,551.313334
-34.296923,-25.418629,557.566950
-44.452085,-8.833110,563.179997
-51.325727,13.280781,566.965259
-53.003188,39.767572,568.115871
-48.840170,64.826407,566.420548
-40.296971,84.382739,562.315254
-29.230722,99.044859,556.758875
-16.854757,110.716406,550.965523
-3.871012,120.932993,546.067138
9.249925,130.850123,542.806933
22.079968,141.537880,541.362024
34.070313,154.292569,541.353863
44.445645,176.151747,542.049649
51.352950,-161.573173,542.614667
52.985649,-134.879008,542.494170
48.702554,-109.713373,541.578842
40.021572,-90.160172,540.257816
28.838187,-75.531550,539.289144
16.379478,-63.885465,539.532682
3.353165,-53.676924,541.629231
-9.767016,-43.748286,545.733797
-22.551749,-33.027768,551.398755
-34.452710,-20.219014,557.652273
-44.574402,-3.566468,563.247523
-51.388621,18.627792,567.000520
-52.983966,45.140883,568.111530
-48.746744,70.138368,566.378318
-40.156936,89.615531,562.245353
-29.065741,104.223291,556.677161
-16.677340,115.865280,550.889074
-3.688748,126.070350,546.009537
9.431162,135.990692,542.774723
22.253796,146.697391,541.353497
34.227309,159.492053,541.360579
44.568747,-178.580036,542.060054
51.415850,-156.223305,542.618523
52.965166,-129.503250,542.486552
48.607204,-104.400895,541.561843
39.879719,-84.927783,540.239930
28.671803,-70.353567,539.282344
16.201185,-58.736829,539.548098
3.170611,-48.539544,541.672821
-9.947929,-38.607412,545.803520
-22.724634,-27.867645,551.484295
-34.608164,-15.018662,557.737468
-44.696091,1.701286,563.314687
-51.450486,23.975743,567.035262
-52.963575,50.513852,568.106630
-48.652477,75.449172,566.335618
-40.016431,94.847372,562.175171
-28.900518,109.401159,556.595406
-16.499810,121.013884,550.812807
-3.506460,131.207654,545.952263
9.612342,141.131409,542.742871
22.427466,151.857296,541.345251
34.383978,164.692277,541.367427
44.691216,-173.310689,542.070428
51.477705,-150.872484,542.622238
52.943499,-124.127856,542.478772
48.511011,-99.089595,541.544763
39.737401,-79.696350,540.222113
28.505184,-65.176146,539.275783
16.022787,-53.588460,539.563880
2.988040,-43.402214,541.716809
-10.128778,-33.466385,545.873551
-22.897353,-22.707124,551.569950
-34.763282,-9.817568,557.822532
-44.817148,6.970155,563.381487
-51.511318,29.324625,567.069483
-52.942019,55.886461,568.101171
-48.557374,80.758820,566.292447
-39.875461,100.078267,562.104712
-28.735055,114.578469,556.513613
-16.322170,126.162220,550.736724
-3.324149,136.344907,545.895317
9.793466,146.272277,542.711378
22.600976,157.017600,541.337284
34.540316,169.893246,541.374405
