-39.548413,-10.517331,560.455191
-48.337174,8.628808,565.310673
-52.888731,33.358750,567.880998
-51.645798,59.968618,567.632041
-45.092121,82.499692,564.672718
-35.122009,99.438094,559.719537
-23.304481,112.416699,553.895550
-10.564034,123.216320,548.417298
2.539089,133.154977,544.259219
15.574850,143.307696,541.899451
28.078731,154.815938,541.230522
39.366750,169.191756,541.663162
48.255597,-171.628351,542.382591
52.880989,-146.765621,542.664885
51.634933,-119.961777,542.146188
45.007327,-97.306206,540.959004
34.941494,-80.324142,539.693673
23.040241,-67.335664,539.195736
10.243958,-56.533282,540.260713
-2.879566,-46.589131,543.325190
-15.897447,-36.425256,548.261483
-28.346332,-24.901698,554.351870
-39.690502,-5.288498,560.533984
-48.434186,13.935884,565.363937
-52.912930,38.730491,567.897359
-51.587344,65.319524,567.608482
-44.972573,87.771041,564.615320
-34.967757,104.640832,559.641744
-23.132270,117.578078,553.814415
-10.383469,128.357628,548.348744
2.721567,138.292099,544.213710
15.753385,148.455310,541.879483
28.245845,159.991849,541.230758
39.510192,174.420642,541.673116
48.353943,-166.320215,542.390862
52.905753,-141.391299,542.663453
51.575834,-114.608461,542.133377
44.886492,-92.033809,540.940175
34.785946,-75.121126,539.679450
22.867039,-62.174234,539.198273
10.062856,-51.391928,540.289171
-3.062059,-41.451894,543.381949
-16.075465,-31.277447,548.340441
-28.512442,-19.725578,554.439491
-39.832135,-0.058733,560.612530
-48.530375,19.244121,565.416751
-52.935968,44.102635,567.913165
-51.527846,70.669524,567.584391
-44.852380,93.041267,564.557532
-34.813163,109.842816,559.563783
-22.959887,122.739049,553.733355
-10.202837,133.498776,548.280455
2.904031,143.429265,544.168558
15.931819,153.603184,541.859847
28.412730,165.168308,541.231207
39.653180,179.650470,541.683121
48.451462,-161.010897,542.399040
52.929339,-136.016561,542.661859
51.515677,-109.256068,542.120431
44.765009,-86.762551,540.921330
34.630058,-69.918871,539.665379
22.693672,-57.013212,539.201119
9.881694,-46.250733,540.318026
-3.244532,-36.314613,543.439079
-16.253375,-26.129379,548.419625
-28.678317,-14.548910,554.527113
-39.973306,5.171971,560.690825
-48.625736,24.553518,565.469110
-52.957842,49.475163,567.928414
-51.467308,76.018609,567.559769
-44.731550,98.310373,564.499359
-34.658230,115.044050,559.485661
-22.787336,127.899617,553.652371
-10.022140,138.639769,548.212433
3.086480,148.566477,544.123763
16.110152,158.751319,541.840544
28.579384,170.345320,541.231869
39.795710,-175.118757,541.693175
48.548147,-155.700399,542.407125
52.951745,-130.641425,542.660101
51.454466,-103.904608,542.107350
44.642884,-81.492428,540.902469
34.473834,-64.717370,539.651461
22.520141,-51.852595,539.204276
9.700473,-41.109693,540.347276
-3.426982,-31.177285,543.496577
-16.431176,-20.981047,548.499034
-28.843955,-9.371690,554.614732
-40.114013,10.403619,560.768865
-48.720263,29.864073,565.521014
-52.978550,54.848055,567.943108
-51.405736,81.366765,567.534618
-44.610086,103.578363,564.440802
-34.502962,120.244541,559.407378
-22.614618,133.059785,553.571468
-9.841378,143.780609,548.144681
3.268914,153.703737,544.079327
16.288380,163.899720,541.821572
28.745805,175.522890,541.232740
39.937779,-169.887031,541.703276
48.643992,-150.388722,542.415115
52.972968,-125.265911,542.658179
51.392206,-98.554094,542.094136
44.520123,-76.223438,540.883594
34.317277,-59.516619,539.637699
22.346449,-46.692379,539.207747
9.519194,-35.968806,540.376923
-3.609409,-26.039907,543.554442
-16.608866,-15.832449,548.578664
-29.009354,-4.193913,554.702345
-40.254250,15.636217,560.846648
-48.813949,35.175783,565.572460
-52.998090,60.221292,567.957245
-51.343134,86.713983,567.508939
-44.487994,108.845240,564.381864
-34.347360,125.444294,559.328940
-22.441735,138.219557,553.490648
-9.660553,148.921298,548.077199
3.451330,158.841048,544.035249
16.466504,169.048390,541.802929
28.911989,-179.298976,541.233819
40.079381,-164.654348,541.713422
48.738992,-145.075868,542.423008
52.993007,-119.890039,542.656093
51.328903,-93.204535,542.080789
44.396730,-70.955575,540.864709
34.160390,-54.316612,539.624096
22.172597,-41.532559,539.211531
9.337860,-30.828069,540.406967
-3.791811,-20.902477,543.612674
-16.786443,-10.683581,548.658514
-29.174510,0.984426,554.789950
-40.394015,20.869769,560.924170
-48.906789,40.488647,565.623445
-53.016461,65.594855,567.970825
-51.279507,92.060251,567.482734
-44.365279,114.111008,564.322549
-34.191429,130.643315,559.250349
-22.268688,143.378938,553.409914
-9.479665,154.061840,548.009991
3.633729,163.978414,543.991530
16.644521,174.197332,541.784615
29.077936,-174.120275,541.235104
40.220512,-159.420701,541.723611
48.833141,-139.761839,542.430802
53.011860,-114.513829,542.653843
51.264562,-87.855945,542.067311
44.272711,-65.688837,540.845816
34.003176,-49.117342,539.610654
21.998587,-36.373132,539.215633
9.156470,-25.687478,540.437408
-3.974188,-15.764992,543.671270
-16.963907,-5.534441,548.738580
-29.339422,6.163331,554.877541
-40.533302,26.104282,561.001427
-48.998777,45.802662,565.673968
-53.033660,70.968723,567.983846
-51.214861,97.405559,567.456003
-44.241947,119.375671,564.262858
-34.035171,135.841609,559.171609
-22.095479,148.537931,553.329270
-9.298717,159.202237,547.943057
3.816108,169.115836,543.948171
16.822431,179.346550,541.766629
29.243641,-168.941001,541.236593
40.361169,-154.186086,541.733840
48.926432,-134.446637,542.438497
53.029525,-109.137302,542.651428
51.199187,-82.508332,542.053704
44.148071,-60.423220,540.826915
33.845638,-43.918805,539.597375
21.824421,-31.214093,539.220053
8.975026,-20.547031,540.468247
-4.156539,-10.627448,543.730230
-17.141257,-0.385023,548.818859
-29.504088,11.342808,554.965116
-40.672107,31.339760,561.078418
-49.089908,51.117825,565.724027
-53.049685,76.342877,567.996310
-51.149200,102.749896,567.428748
-44.118002,124.639233,564.202794
-33.878589,141.039180,559.092723
-21.922109,153.696541,553.248719
-9.117709,164.342494,547.876401
3.998468,174.253318,543.905171
17.000231,-175.503953,541.748969
29.409104,-163.761149,541.238283
40.501347,-148.950497,541.744106
49.018860,-129.130266,542.446091
53.045999,-103.760476,542.648849
51.132785,-77.161708,542.039967
44.022816,-55.158718,540.808011
33.687779,-38.720995,539.584262
21.650100,-26.055439,539.224792
8.793530,-15.406724,540.499484
-4.338862,-5.489844,543.789552
-17.318489,4.764674,548.899349
-29.668504,16.522861,555.052671
-40.810426,36.576210,561.155138
-49.180175,56.434133,565.773619
-53.064537,81.717298,568.008215
-51.082530,108.093254,567.400970
-43.993449,129.901698,564.142361
-33.721687,146.236036,559.013694
-21.748582,158.854770,553.168263
-8.936643,169.482611,547.810024
4.180806,179.390862,543.862531
17.177921,-170.354173,541.731634
29.574321,-158.580715,541.240172
40.641042,-143.713927,541.754408
49.110419,-123.812727,542.453582
53.061283,-98.383374,542.646104
51.065360,-71.816083,542.026103
43.896950,-49.895329,540.789104
33.529603,-33.523906,539.571317
21.475627,-20.897166,539.229854
8.611982,-10.266556,540.531120
-4.521156,-0.352176,543.849234
-17.495604,9.914655,548.980047
-29.832670,21.703496,555.140203
-40.948255,41.813637,561.231584
-49.269573,61.751584,565.822742
-53.078212,87.091964,568.019561
-51.014857,113.435621,567.372671
-43.868293,135.163069,564.081561
-33.564467,151.432181,558.934526
-21.574897,164.012624,553.087905
-8.755519,174.622594,547.743927
4.363121,-175.471528,543.820251
17.355498,-165.204107,541.714623
29.739290,-153.399693,541.242259
40.780248,-138.476372,541.764744
49.201102,-118.494025,542.460969
53.075373,-93.006015,542.643194
50.996918,-66.471466,542.012112
43.770480,-44.633048,540.770196
33.371113,-28.327533,539.558542
21.301002,-15.739269,539.235238
8.430384,-5.126522,540.563155
-4.703420,4.785558,543.909276
-17.672600,15.064923,549.060950
-29.996581,26.884717,555.227709
-41.085590,47.052045,561.307753
-49.358096,67.070173,565.871395
-53.090709,92.466857,568.030348
-50.946184,118.776989,567.343852
-43.742541,140.423352,564.020397
-33.406932,156.627620,558.855223
-21.401057,169.170105,553.007650
-8.574340,179.762443,547.678113
4.545413,-170.333850,543.778331
17.532962,-160.053752,541.697935
29.904009,-148.218079,541.244540
40.918963,-133.237826,541.775111
49.290903,-113.174161,542.468250
53.088268,-87.628419,542.640119
50.927465,-61.127868,541.997996
43.643409,-39.371871,540.751292
33.212310,-23.131871,539.545940
21.126228,-10.581746,539.240948
8.248736,0.013381,540.595588
-4.885653,9.923362,543.969676
-17.849475,20.215482,549.142055
-30.160236,32.066529,555.315184
-41.222425,52.291441,561.383642
-49.445738,72.389897,565.919574
-53.102028,97.841955,568.040574
-50.876519,124.117349,567.314514
-43.616195,145.682549,563.958872
-33.249085,161.822359,558.775787
-21.227064,174.327219,552.927499
-8.393105,-175.097837,547.612584
4.727681,-165.196102,543.736773
17.710311,-154.903103,541.681568
30.068475,-143.035867,541.247014
41.057181,-127.998284,541.785507
49.379818,-107.853140,542.475423
53.099969,-82.250608,542.636878
50.857005,-55.785297,541.983756
43.515743,-34.111793,540.732391
33.053199,-17.936914,539.533514
20.951307,-5.424591,539.246985
8.067041,5.153154,540.628421
-5.067854,15.061237,544.030433
-18.026227,25.366334,549.223360
-30.323633,37.248937,555.402625
-41.358758,57.531829,561.459247
-49.532494,77.710753,565.967279
-53.112168,103.217239,568.050241
-50.805865,129.456691,567.284660
-43.489262,150.940666,563.896988
-33.090929,167.016404,558.696222
-21.052919,179.483968,552.847456
-8.211816,-169.958243,547.547341
4.909923,-160.058280,543.695575
17.887543,-149.752158,541.665521
30.232686,-137.853053,541.249679
41.194898,-122.757739,541.795930
49.467839,-102.530966,542.482489
53.110472,-76.872602,542.633472
50.785545,-50.443762,541.969393
43.387487,-28.852810,540.713497
32.893782,-12.742656,539.521265
20.776239,-0.267801,539.253351
7.885299,10.292801,540.661653
-5.250022,20.199187,544.091545
-18.202856,30.517484,549.304861
-30.486769,42.431945,555.490030
-41.494583,62.773215,561.534566
-49.618357,83.032736,566.014507
-53.121126,108.592688,568.059348
-50.734229,134.795008,567.254290
-43.361747,156.197707,563.834748
-32.932466,172.209759,558.616532
-20.878624,-175.359643,552.767524
-8.030475,-164.818774,547.482387
5.092137,-154.920382,543.654739
18.064657,-144.600912,541.649794
30.396639,-132.669631,541.252532
41.332110,-117.516188,541.806377
49.554961,-97.207643,542.489444
53.119777,-71.494422,542.629900
50.713089,-45.103272,541.954909
43.258646,-23.594917,540.694612
32.734062,-7.549093,539.509197
20.601027,4.888628,539.260046
7.703511,15.432325,540.695285
-5.432156,25.337215,544.153010
-18.379360,35.668935,549.386556
-30.649640,47.615560,555.577393
-41.629895,68.015604,561.609596
-49.703321,88.355841,566.061256
-53.128904,113.968282,568.067894
-50.661615,140.132290,567.223406
-43.233654,161.453676,563.772155
-32.773701,177.402430,558.536720
-20.704181,-170.203612,552.687706
-7.849082,-159.679426,547.417722
5.274324,-149.782404,543.614264
18.241652,-139.449363,541.634383
30.560332,-127.485596,541.255571
41.468812,-112.273623,541.816847
49.641178,-91.883174,542.496287
53.127884,-66.116088,542.626162
50.639644,-39.763836,541.940304
43.129226,-18.338110,540.675738
32.574042,-2.356218,539.497310
20.425673,10.044700,539.267073
7.521679,20.571729,540.729318
-5.614254,30.475323,544.214828
-18.555737,40.820690,549.468443
-30.812246,52.799786,555.664713
-41.764691,73.259001,561.684332
-49.787382,93.680064,566.107525
-53.135499,119.344001,568.075879
-50.588030,145.468530,567.192009
-43.104988,166.708578,563.709213
-32.614635,-177.405578,558.456789
-20.529590,-165.047933,552.608005
-7.667639,-154.540195,547.353350
5.456482,-144.644344,543.574150
18.418525,-134.297506,541.619289
30.723761,-122.300943,541.258794
41.604999,-107.030041,541.827337
49.726484,-86.557564,542.503018
53.134791,-60.737623,542.622259
50.565215,-34.425462,541.925581
42.999231,-13.082384,540.656877
32.413725,2.835973,539.485609
20.250177,15.200418,539.274434
7.339803,25.711016,540.763750
-5.796316,35.613514,544.276996
-18.731986,45.972754,549.550517
-30.974583,57.984628,555.751984
-41.898966,78.503411,561.758772
-49.870533,99.005401,566.153311
-53.140911,124.719823,568.083303
-50.513479,150.803720,567.160102
-42.975754,171.962417,563.645923
-32.455271,-172.214259,558.376742
-20.354854,-159.892603,552.528423
-7.486146,-149.401080,547.289271
5.638610,-139.506200,543.534398
18.595276,-129.145338,541.604510
30.886926,-117.115668,541.262199
41.740667,-101.785435,541.837844
49.810873,-81.230819,542.509635
53.140498,-55.359046,542.618189
50.489808,-29.088157,541.910740
42.868666,-7.827735,540.638031
32.253113,8.027486,539.474095
20.074542,20.355786,539.282130
7.157885,30.850188,540.798582
-5.978340,40.751791,544.339514
-18.908105,51.125129,549.632776
-31.136650,63.170092,555.839205
-42.032716,83.748840,561.832913
-49.952769,104.331846,566.198612
-53.145139,130.095729,568.090166
-50.437966,156.137852,567.127685
-42.845957,177.215198,563.582289
-32.295612,-167.023609,558.296584
-20.179975,-154.737618,552.448964
-7.304605,-144.262078,547.225487
5.820706,-134.367968,543.495008
18.771903,-123.992856,541.590044
31.049822,-111.929764,541.265784
41.875811,-96.539801,541.848368
49.894339,-75.902942,542.516137
53.145004,-49.980379,542.613954
50.413428,-23.751929,541.895783
42.737536,-2.574157,540.619203
32.092210,13.218327,539.462770
19.898769,25.510808,539.290162
6.975927,35.989249,540.833815
-6.160325,45.890158,544.402379
-19.084093,56.277819,549.715218
-31.298442,68.356181,555.926371
-42.165935,88.995292,561.906752
-50.034083,109.659394,566.243427
-53.148184,135.471698,568.096467
-50.361499,161.470920,567.094760
-42.715602,-177.533075,563.518314
-32.135661,-161.833621,558.216317
-20.004953,-149.582975,552.369631
-7.123018,-139.123184,547.162000
6.002770,-129.229645,543.455980
18.948404,-118.840056,541.575890
31.212447,-106.743227,541.269546
42.010427,-91.293133,541.858905
49.976877,-70.573940,542.522521
53.148308,-44.601643,542.609552
50.336081,-18.416786,541.880711
42.605846,2.678354,540.600396
31.931019,18.408500,539.451638
19.722861,30.665489,539.298532
6.793928,41.128201,540.869449
-6.342270,51.028615,544.465590
-19.259949,61.430829,549.797838
-31.459958,73.542902,556.013478
-42.298619,94.242773,561.980286
-50.114471,114.988039,566.287753
-53.150045,140.847708,568.102207
-50.284082,166.802916,567.061329
-42.584693,-172.282396,563.454001
-31.975420,-156.644292,558.135945
-19.829791,-144.428670,552.290427
-6.941385,-133.984398,547.098812
6.184800,-124.091229,543.417314
19.124778,-113.686933,541.562048
31.374799,-101.556052,541.273483
42.144510,-86.045425,541.869454
50.058480,-65.243818,542.528787
53.150411,-39.222858,542.604985
50.257772,-13.082734,541.865526
42.473601,7.929803,540.581610
31.769541,23.598011,539.440700
19.546817,35.819831,539.307242
6.611891,46.267047,540.905483
-6.524175,56.167168,544.529145
-19.435670,66.584161,549.880636
-31.621195,78.730259,556.100524
-42.430764,99.491288,562.053510
-50.193926,120.317775,566.331589
-53.150721,146.223740,568.107385
-50.205721,172.133834,567.027394
-42.453235,-167.032761,563.389352
-31.814893,-151.455615,558.055472
-19.654490,-139.274699,552.211354
-6.759707,-128.845715,547.035924
6.366795,-118.952717,543.379009
19.301023,-108.533485,541.548514
31.536875,-96.368233,541.277593
42.278055,-80.796674,541.880012
50.139142,-59.912582,542.534934
53.151312,-33.844047,542.600252
50.178508,-7.749780,541.850229
42.340805,13.180196,540.562849
31.607781,28.786866,539.429958
19.370641,40.973838,539.316294
6.429816,51.405790,540.941917
-6.706037,61.305817,544.593043
-19.611255,71.737819,549.963606
-31.782150,83.918257,556.187505
-42.562365,104.740840,562.126424
-50.272443,125.648597,566.374933
-53.150213,151.599774,568.112002
-50.126421,177.463668,566.992956
-42.321233,-161.784165,563.324370
-31.654081,-146.267585,557.974900
-19.479052,-134.121059,552.132415
-6.577985,-123.707133,546.973339
6.548755,-113.814106,543.341067
19.477138,-103.379708,541.535288
31.698673,-91.179766,541.281874
42.411057,-75.546873,541.890576
50.218858,-54.580237,542.540960
53.151012,-28.465230,542.595354
50.098295,-2.417931,541.834821
42.207464,18.429536,540.544115
31.445739,33.975069,539.419415
19.194333,46.127514,539.325688
6.247705,56.544434,540.978753
-6.887855,66.444567,544.657282
-19.786703,76.891807,550.046747
-31.942822,89.106903,556.274417
-42.693417,109.991436,562.199022
-50.350017,130.980497,566.417783
-53.148521,156.975787,568.116056
-50.046189,-177.207590,566.958016
-42.188692,-156.536603,563.259059
-31.492988,-141.080198,557.894233
-19.303478,-128.967746,552.053615
-6.396221,-118.568650,546.911057
6.730677,-108.675393,543.303486
19.653121,-98.225598,541.522369
31.860188,-85.990644,541.286323
42.543512,-70.296018,541.901146
50.297623,-49.246790,542.546864
53.149509,-23.086429,542.590289
50.017138,2.912807,541.819303
42.073582,23.677830,540.525411
31.283420,39.162625,539.409074
19.017896,51.280864,539.335427
6.065559,61.682979,541.015989
-7.069629,71.583420,544.721861
-19.962012,82.046128,550.130055
-32.103206,94.296200,556.361256
-42.823915,115.243080,562.271303
-50.426641,136.313470,566.460138
-53.145645,162.351760,568.119549
-49.965030,-171.879944,566.922578
-42.055616,-151.290070,563.193421
-31.331616,-135.893447,557.813474
-19.127769,-123.814755,551.974954
-6.214416,-113.430261,546.849080
6.912562,-103.536575,543.266268
19.828970,-93.071152,541.509755
32.021420,-80.800863,541.290939
42.675415,-65.044104,541.911719
50.375429,-43.912248,542.552645
53.146804,-17.707663,542.585059
49.935042,8.242429,541.803678
41.939164,28.925082,540.506737
31.120826,44.349541,539.398936
18.841330,56.433889,539.345511
5.883378,66.821431,541.053625
-7.251358,76.722379,544.786777
-20.137180,87.200787,550.213528
-32.263301,99.486154,556.448020
-42.953856,120.495776,562.343263
-50.502310,141.647508,566.501995
-53.141585,167.727673,568.122480
-49.882949,-166.553401,566.886641
-41.922009,-146.044561,563.127460
-31.169968,-130.707329,557.732628
-18.951928,-118.662085,551.896437
-6.032570,-108.291965,546.787410
7.094407,-98.397650,543.229411
20.004684,-87.916365,541.497444
32.182365,-75.610417,541.295718
42.806761,-59.791125,541.922292
50.452272,-38.576618,542.558301
53.142898,-12.328956,542.579663
49.852015,13.570927,541.787947
41.804215,34.171298,540.488097
30.957959,49.535821,539.389005
18.664638,61.586595,539.355942
5.701165,71.959791,541.091663
-7.433040,81.861446,544.852030
-20.312207,92.355787,550.297162
-32.423103,104.676771,556.534705
-43.083233,125.749530,562.414900
-50.577018,146.982603,566.543353
-53.136341,173.103504,568.124849
-49.799953,-161.227966,566.850208
-41.787877,-140.800071,563.061178
-31.008046,-125.521838,557.651697
-18.775956,-113.509730,551.818065
-5.850686,-103.153759,546.726049
7.276211,-93.258614,543.192917
20.180262,-82.761233,541.485435
32.343020,-70.419301,541.300660
42.937545,-54.537078,541.932864
50.528145,-33.239906,542.563831
53.137791,-6.950327,542.574103
49.768061,18.898298,541.772111
41.668739,39.416482,540.469494
30.794823,54.721470,539.379282
18.487821,66.738985,539.366722
5.518920,77.098062,541.130101
-7.614674,87.000625,544.917616
-20.487089,97.511131,550.380955
-32.582611,109.868055,556.621307
-43.212042,131.004347,562.486209
-50.650761,152.318750,566.584210
-53.129914,178.479232,568.126656
-49.716047,-155.903643,566.813281
-41.653224,-135.556595,562.994578
-30.845853,-120.336968,557.570684
-18.599854,-108.357688,551.739843
-5.668764,-98.015639,546.664997
7.457974,-88.119465,543.156784
20.355701,-77.605754,541.473726
32.503383,-65.227510,541.305760
43.067762,-49.281956,541.943432
50.603044,-27.902121,542.569235
53.131484,-1.571797,542.568377
49.683186,24.224536,541.756171
41.532742,44.660640,540.450929
30.631419,59.906494,539.369769
18.310880,71.891061,539.377853
5.336644,82.236248,541.168939
-7.796258,92.139919,544.983535
-20.661827,102.666824,550.464903
-32.741820,115.060012,556.707823
-43.340279,136.260229,562.557189
-50.723532,157.655939,566.624564
-53.122306,-176.145161,568.127902
-49.631236,-150.580439,566.775862
-41.518054,-130.314128,562.927664
-30.683391,-115.152715,557.489594
-18.423624,-103.205954,551.661773
-5.486805,-92.877603,546.604257
7.639695,-82.980200,543.121012
20.531000,-72.449924,541.462317
32.663451,-60.035038,541.311018
43.197407,-44.025756,541.953995
50.676962,-22.563270,542.574510
53.123976,3.806611,542.562485
49.597398,29.549636,541.740130
41.396226,49.903778,540.432404
30.467751,65.090897,539.360469
18.133817,77.042829,539.389335
5.154338,87.374350,541.208178
-7.977793,97.279330,545.049785
-20.836417,107.822869,550.549003
-32.900729,120.252647,556.794249
-43.467938,141.517183,562.627836
-50.795326,162.994163,566.664415
-53.113515,-170.769698,568.128586
-49.545527,-145.258356,566.737952
-41.382372,-125.072665,562.860438
-30.520663,-109.969074,557.408429
-18.247267,-98.054526,551.583857
-5.304810,-87.739649,546.543831
7.821371,-77.840815,543.085602
20.706157,-67.293737,541.451205
32.823220,-54.841880,541.316431
43.326476,-38.768472,541.964549
50.749893,-17.223360,542.579656
53.115269,9.184878,542.556430
49.510700,34.873593,541.723988
41.259198,55.145899,540.413922
30.303821,70.274685,539.351385
17.956633,82.194292,539.401169
4.972004,92.512372,541.247817
-8.159276,102.418861,545.116364
-21.010859,112.979270,550.633253
-33.059335,125.445965,556.880581
-43.595015,146.775213,562.698147
-50.866138,168.333414,566.703759
-53.103544,-165.394398,568.128708
-49.458926,-139.937401,566.699553
-41.246182,-119.832200,562.792903
-30.357672,-104.786040,557.327193
-18.070785,-92.903399,551.506098
-5.122781,-82.601772,546.483718
8.003003,-72.701309,543.050554
20.881172,-62.137192,541.440389
32.982688,-49.648031,541.321996
43.454963,-33.510100,541.975094
50.821833,-11.882400,542.584672
53.105364,14.562983,542.550209
49.423100,40.196402,541.707748
41.121662,60.387011,540.395486
30.139631,75.457863,539.342518
17.779331,87.345452,539.413358
4.789643,97.650317,541.287856
-8.340707,107.558515,545.183270
-21.185151,118.136031,550.717648
-33.217634,130.639972,556.966817
-43.721504,152.034323,562.768119
-50.935962,173.673683,566.742596
-53.092393,-160.019282,568.128269
-49.371437,-134.617576,566.660668
-41.109489,-114.592728,562.725063
-30.194420,-99.603608,557.245890
-17.894179,-87.752571,551.428500
-4.940718,-77.463972,546.423922
8.184588,-67.561678,543.015867
21.056041,-56.980283,541.429867
33.141853,-44.453485,541.327712
43.582864,-28.250636,541.985626
50.892776,-6.540400,542.589556
53.094261,19.940903,542.543824
49.334603,45.518061,541.691410
40.983621,65.627118,540.377098
29.975184,80.640435,539.333871
17.601911,92.496315,539.425903
4.607255,102.788187,541.328295
-8.522084,112.698295,545.250501
-21.359291,123.293156,550.802187
-33.375624,135.834673,557.052953
-43.847401,157.294517,562.837749
-51.004793,179.014961,566.780924
-53.080064,-154.644370,568.127269
-49.283067,-129.298887,566.621297
-40.972297,-109.354245,562.656921
-30.030909,-94.421772,557.164522
-17.717451,-82.602037,551.351064
-4.758623,-72.326244,546.364442
8.366125,-62.421919,542.981540
21.230764,-51.823007,541.419638
33.300711,-39.258236,541.333576
43.710172,-22.990074,541.996145
50.962715,-1.197367,542.594307
53.081962,25.318620,542.537276
49.245215,50.838565,541.674977
40.845082,70.866226,540.358759
29.810483,85.822408,539.325446
17.424375,97.646882,539.438805
4.424842,107.925986,541.369134
-8.703406,117.838205,545.318056
-21.533278,128.450648,550.886865
-33.533302,141.030074,557.138984
-43.972700,162.555799,562.907035
-51.072626,-175.642761,566.818741
-53.066557,-149.269682,568.125707
-49.193822,-123.981336,566.581443
-40.834610,-104.116744,562.588479
-29.867142,-89.240528,557.083093
-17.540602,-77.451794,551.273794
-4.576496,-67.188586,546.305282
8.547614,-57.282029,542.947575
21.405339,-46.665360,541.409700
33.459259,-34.062280,541.339585
43.836884,-17.728412,542.006647
51.031646,4.146690,542.598924
53.068467,30.696112,542.530563
49.154942,56.157910,541.658449
40.706047,76.104340,540.340473
29.645530,91.003786,539.317245
17.246724,102.797159,539.452065
4.242406,113.063715,541.410372
-8.884673,122.978246,545.385932
-21.707109,133.608512,550.971681
-33.690666,146.226179,557.224909
-44.097397,167.818174,562.975973
-51.139454,-170.299493,566.856046
-53.051874,-143.895238,568.123585
-49.103708,-118.664927,566.541108
-40.696433,-98.880220,562.519741
-29.703122,-84.059870,557.001606
-17.363634,-72.301839,551.196693
-4.394340,-62.050995,546.246442
8.729054,-52.142006,542.913969
21.579763,-41.507338,541.400051
33.617494,-28.865611,541.345739
43.962994,-12.465643,542.017131
51.099563,9.491760,542.603407
53.053779,36.073358,542.523687
49.063790,61.476092,541.641829
40.566522,81.341466,540.322242
29.480327,96.184573,539.309272
17.068961,107.947147,539.465685
4.059946,118.201378,541.452009
-9.065882,128.118422,545.454128
-21.880784,138.766750,551.056630
-33.847711,151.422994,557.310722
-44.221487,173.081646,563.044561
-51.205274,-164.955243,566.892837
-53.036016,-138.521059,568.120902
-49.012730,-113.349663,566.500293
-40.557770,-93.644668,562.450710
-29.538850,-78.879795,556.920066
-17.186548,-67.152168,551.119763
-4.212155,-56.913469,546.187923
8.910442,-47.001846,542.880724
21.754036,-36.348938,541.390690
33.775413,-23.668223,541.352033
44.088496,-7.201764,542.027595
51.166461,14.837835,542.607753
53.037899,41.450338,542.516648
48.971765,66.793110,541.625118
40.426511,86.577609,540.304068
29.314877,101.364776,539.301527
16.891086,113.096852,539.479666
3.877465,123.338978,541.494046
-9.247032,133.258736,545.522641
-22.054300,143.925368,551.141710
-34.004436,156.620525,557.396422
-44.344964,178.346219,563.112795
-51.270080,-159.610022,566.929112
-53.018985,-133.147163,568.117659
-48.920894,-108.035547,566.459001
-40.418626,-88.410083,562.381389
-29.374329,-73.700297,556.838474
-17.009346,-62.002777,551.043007
-4.029941,-51.776004,546.129727
9.091779,-41.861546,542.847839
21.928156,-31.190155,541.381616
33.933014,-18.470111,541.358466
44.213386,-1.936771,542.038036
51.232334,20.184904,542.611963
53.020827,46.827032,542.509446
48.878874,72.108959,541.608318
40.286018,91.812775,540.285953
29.149183,106.544398,539.294013
16.713100,118.246275,539.494009
3.694963,128.476517,541.536481
-9.428123,138.399190,545.591471
-22.227655,149.084369,551.226917
-34.160837,161.818777,557.482003
-44.467823,-176.388104,563.180673
-51.333867,-154.263840,566.964871
-53.000782,-127.773572,568.113856
-48.828205,-102.722582,566.417234
-40.279004,-83.176458,562.311780
-29.209561,-68.521371,556.756836
-16.832028,-56.853664,550.966428
-3.847701,-46.638598,546.071856
9.273062,-36.721105,542.815314
22.102120,-26.030985,541.372826
34.090293,-13.271269,541.365036
44.337659,3.329340,542.048453
51.297177,25.532957,542.616034
53.002567,52.203419,542.502081
48.785121,77.423637,541.591431
40.145048,97.046969,540.267900
28.983246,111.723445,539.286733
16.535006,123.395422,539.508715
3.512442,133.613998,541.579314
-9.609154,143.539788,545.660614
-22.400849,154.243757,551.312249
-34.316911,167.017755,557.567463
-44.590060,-171.121319,563.248192
-51.396629,-148.916707,567.000112
-52.981409,-122.400305,568.109493
-48.734671,-97.410770,566.374993
-40.138909,-77.943790,562.241888
-29.044550,-63.343013,556.675153
-16.654597,-51.704825,550.890028
-3.665435,-41.501248,546.014310
9.454290,-31.580517,542.783148
22.275928,-20.871424,541.364319
34.247247,-8.071692,541.371741
44.461309,8.596574,542.058843
51.360985,30.881983,542.619966
52.983118,57.579479,542.494554
48.690513,82.737141,541.574457
40.003604,102.280197,540.249911
28.817070,116.901922,539.279688
16.356805,128.544294,539.523786
3.329902,138.751424,541.622545
-9.790122,148.680532,545.730068
-22.573880,159.403536,551.397701
-34.472656,172.217465,557.652798
-44.711668,-165.853421,563.315348
-51.458362,-143.568635,567.034833
-52.960869,-117.027380,568.104571
-48.640296,-92.100114,566.332281
-39.998344,-72.712071,562.171715
-28.879296,-58.165217,556.593429
-16.477054,-46.556256,550.813810
-3.483145,-36.363952,545.957090
9.635463,-26.439782,542.751341
22.449577,-15.711469,541.356093
34.403873,-2.871374,541.378577
44.584330,13.864934,542.069205
51.423753,36.231972,542.623759
52.962485,62.955192,542.486866
48.595057,88.049470,541.557399
39.861692,107.512464,540.231989
28.650656,122.079834,539.272881
16.178498,133.692896,539.539223
3.147345,143.888798,541.666174
-9.971028,153.821426,545.799833
-22.746744,164.563710,551.483272
-34.628067,177.417912,557.738005
-44.832644,-160.584408,563.382140
-51.519060,-138.219634,567.069032
-52.939162,-111.654819,568.099090
-48.545087,-86.790616,566.289099
-39.857315,-67.481297,562.101265
-28.713803,-52.987978,556.511669
-16.299400,-41.407954,550.737776
-3.300831,-31.226706,545.900199
9.816579,-21.298895,542.719892
22.623065,-10.551115,541.348146
34.560169,2.329690,541.385543
44.706718,19.134424,542.079537
51.485475,41.582913,542.627410
52.940668,68.330539,542.479016
48.498757,93.360621,541.540259
39.719315,112.743777,540.214136
28.484007,127.257184,539.266315
16.000087,138.841232,539.555028
2.964771,149.026122,541.710201
-10.151869,158.962473,545.869905
-22.919442,169.724283,551.568957
-34.783143,-177.380898,557.823080
-44.952981,-155.314275,563.448564
-51.578720,-132.869715,567.102710
-52.916292,-106.282639,568.093050
-48.449048,-81.482277,566.245451
-39.715825,-62.251463,562.030540
-28.548073,-47.811293,556.429874
-16.121637,-36.259916,550.661930
-3.118495,-26.089507,545.843637
9.997637,-16.157853,542.688801
22.796391,-5.390358,541.340477
34.716130,7.531506,541.392637
44.828468,24.405048,542.089836
51.546146,46.934793,542.630919
52.917669,73.705498,542.471006
48.401620,98.670593,541.523038
39.576477,117.974140,540.196354
28.317125,132.433980,539.259990
15.821572,143.989303,539.571200
2.782183,154.163400,541.754624
-10.332644,164.103675,545.940283
-23.091971,174.885259,551.654754
-34.937880,-172.178960,557.908020
-45.072674,-150.043019,563.514618
-51.637335,-127.518891,567.135863
-52.892260,-100.910860,568.086452
-48.352187,-76.175100,566.201337
-39.573877,-57.022562,561.959543
-28.382108,-42.635156,556.348049
-15.943765,-31.112138,550.586274
-2.936137,-20.952354,545.787406
10.178636,-11.016655,542.658068
22.969554,-0.229195,541.333084
34.871753,12.734079,541.399856
44.949573,29.676810,542.100100
51.605761,52.287602,542.634285
52.893491,79.080052,542.462835
48.303652,103.979383,541.505737
39.433183,123.203560,540.178646
28.150013,137.610224,539.253911
15.642956,149.137115,539.587742
2.599580,159.300633,541.799443
-10.513353,169.245035,546.010964
-23.264329,-179.953358,551.740659
-35.092275,-166.976268,557.992821
-45.191719,-144.770638,563.580298
-51.694901,-122.167173,567.168491
-52.867068,-95.539502,568.079296
-48.254509,-70.869085,566.156760
-39.431478,-51.794589,561.888279
-28.215910,-37.459562,556.266196
-15.765787,-25.964618,550.510811
-2.753759,-15.815243,545.731506
10.359574,-5.875296,542.627693
23.142550,4.932380,541.325966
35.027037,17.937416,541.407198
45.070029,34.949712,542.110328
51.664316,57.641328,542.637508
52.868137,84.454179,542.454504
48.204859,109.286991,541.488360
39.289437,128.432042,540.161014
27.982672,142.785922,539.248078
15.464240,154.284669,539.604655
2.416965,164.437826,541.844658
-10.693994,174.386557,546.081947
-23.436514,-174.791564,551.826669
-35.246324,-161.772816,558.077480
-45.310109,-139.497127,563.645602
-51.751413,-116.814573,567.200592
-52.840719,-90.168582,568.071583
-48.156019,-65.564234,566.111722
-39.288629,-46.567539,561.816750
-28.049481,-32.284508,556.184320
-15.587704,-20.817350,550.435543
-2.571362,-10.678171,545.675939
10.540451,-0.733774,542.597674
23.315379,10.094369,541.319120
35.181976,23.141521,541.414660
45.189830,40.223759,542.120518
51.721805,62.995957,542.640585
52.841608,89.827862,542.446014
48.105246,114.593415,541.470906
39.145243,133.659592,540.143461
27.815106,147.961079,539.242493
15.285425,159.431970,539.621939
2.234338,169.574980,541.890269
-10.874566,179.528244,546.153230
-23.608525,-169.629354,551.912781
-35.400025,-156.568600,558.161993
-45.427840,-134.222484,563.710528
-51.806867,-111.461104,567.232166
-52.813215,-84.798120,568.063313
-48.056723,-60.260549,566.066225
-39.145336,-41.341405,561.744959
-27.882825,-27.109987,556.102423
-15.409517,-15.670333,550.360472
-2.388947,-5.541136,545.620706
10.721265,4.407915,542.568011
23.488039,15.256778,541.312545
35.336568,28.346401,541.422240
45.308971,45.498953,542.130667
51.778224,68.351478,542.643517
52.813907,95.201081,542.437365
48.004820,119.898654,541.453379
39.000604,138.886216,540.125989
27.647316,153.135700,539.237160
15.106513,164.579021,539.639596
2.051700,174.712098,541.936275
-11.055068,-175.329903,546.224809
-23.780361,-164.466726,551.998992
-35.553374,-151.363614,558.246357
-45.544906,-128.946705,563.775071
-51.861258,-106.106778,567.263210
-52.784560,-79.428134,568.054487
-47.956628,-54.958029,566.020272
-39.001601,-36.116184,561.672909
-27.715942,-21.935996,556.020509
-15.231228,-10.523563,550.285602
-2.206516,-0.404135,545.565808
10.902014,9.549773,542.538705
23.660527,20.419610,541.306238
35.490810,33.552061,541.429937
45.427446,50.775299,542.140774
51.833567,73.707878,542.646303
52.785036,100.573816,542.428557
47.903587,125.202708,541.435779
38.855526,144.111918,540.108600
27.479305,158.309788,539.232081
14.927505,169.725826,539.657627
1.869053,179.849184,541.982675
-11.235498,-170.187878,546.296684
-23.952018,-159.303674,552.085298
-35.706368,-146.157852,558.330568
-45.661301,-123.669788,563.839231
-51.914581,-100.751608,567.293724
-52.754754,-74.058642,568.045105
-47.855739,-49.656676,565.973864
-38.857430,-30.891868,561.600605
-27.548835,-16.762529,555.938582
-15.052837,-5.377037,550.210935
-2.024068,4.732835,545.511246
11.082698,14.691803,542.509753
23.832843,25.582869,541.300199
35.644699,38.758507,541.437747
45.545249,56.052798,542.150837
51.887830,79.065144,542.648941
52.754999,105.946049,542.419592
47.801553,130.505576,541.418110
38.710011,149.336706,540.091297
27.311074,163.483349,539.227256
14.748402,174.872386,539.676033
1.686397,-175.013761,542.029469
-11.415855,-165.045681,546.368852
-24.123495,-154.140194,552.171697
-35.859004,-140.951308,558.414623
-45.777021,-118.391730,563.903003
-51.966832,-95.395607,567.323706
-52.723803,-68.689663,568.035168
-47.754062,-44.356489,565.927004
-38.712826,-25.668452,561.528048
-27.381507,-11.589583,555.856643
-14.874347,-0.230751,550.136473
-1.841605,9.869776,545.457022
11.263316,19.834009,542.481157
24.004983,30.746560,541.294425
35.798230,43.965744,541.445668
45.662376,61.331455,542.160854
51.941008,84.423262,542.651430
52.723799,111.317762,542.410469
47.698723,135.807258,541.400371
38.564065,154.560585,540.074082
27.142626,168.656388,539.222689
14.569206,-179.981293,539.694815
1.503733,-169.876733,542.076656
-11.596139,-159.903306,546.441310
-24.294791,-148.976283,552.258184
-36.011279,-135.743977,558.498518
-45.892060,-113.112529,563.966386
-52.018006,-90.038790,567.353155
-52.691707,-63.321214,568.024677
-47.651602,-39.057470,565.879694
-38.567793,-20.445930,561.455242
-27.213959,-6.417152,555.774698
-14.695758,4.915298,550.062219
-1.659129,15.006692,545.403136
11.443865,24.976393,542.452914
24.176946,35.910687,541.288915
35.951402,49.173778,541.453698
45.778820,66.611271,542.170822
51.993097,89.782219,542.653771
52.691438,116.688936,542.401190
47.595104,141.107753,541.382566
38.417690,159.783560,540.056957
26.973964,173.828909,539.218382
14.389918,-174.835209,539.713973
1.321064,-164.739730,542.124236
-11.776347,-154.760752,546.514057
-24.465903,-143.811936,552.344756
-36.163189,-130.535854,558.582250
-46.006412,-107.832181,564.029376
-52.068099,-84.681169,567.382071
-52.658471,-57.953314,568.013631
-47.548365,-33.759619,565.831936
-38.422334,-15.224298,561.382190
-27.046194,-1.245233,555.692749
-14.517072,10.061113,549.988176
-1.476641,20.143585,545.349589
11.624346,30.118959,542.425025
24.348731,41.075255,541.283666
36.104209,54.382615,541.461835
45.894576,71.892250,542.180740
52.044092,95.142000,542.655962
52.657919,122.059554,542.391755
47.490701,146.407061,541.364696
38.270891,165.005637,540.039926
26.805089,179.000917,539.214337
14.210540,-169.689359,539.733510
1.138389,-159.602749,542.172207
-11.956478,-149.618016,546.587090
-24.636830,-138.647148,552.431411
-36.314731,-125.326932,558.665816
-46.120073,-102.550684,564.091971
-52.117106,-79.322759,567.410451
-52.624097,-52.585979,568.002032
-47.444358,-28.462934,565.783732
-38.276454,-10.003549,561.308896
-26.878213,3.926180,555.610799
-14.338290,15.206698,549.914345
-1.294140,25.280458,545.296383
11.804756,35.261710,542.397489
24.520335,46.240266,541.278677
36.256650,59.592261,541.470077
46.009639,77.174394,542.190607
52.093988,100.502592,542.658002
52.623245,127.429595,542.382164
47.385520,151.705183,541.346763
38.123672,170.226822,540.022990
26.636004,-175.827584,539.210555
14.031072,-164.543739,539.753426
0.955710,-154.465786,542.220571
-12.136532,-144.475093,546.660407
-24.807570,-133.481917,552.518145
-36.465901,-120.117207,558.749212
-46.233035,-97.268037,564.154169
-52.165024,-73.963574,567.438294
-52.588589,-47.219228,567.989881
-47.339585,-23.167417,565.735085
-38.130156,-4.783678,561.235363
-26.710019,9.097092,555.528852
-14.159414,20.352055,549.840730
-1.111630,30.417313,545.243518
11.985095,40.404648,542.370305
24.691756,51.405726,541.273946
36.408720,64.802721,541.478420
46.124002,82.457706,542.200420
52.142781,105.863980,542.659891
52.587420,132.799045,542.372419
47.279567,157.002119,541.328769
37.976036,175.447121,540.006152
26.466710,-170.656589,539.207040
13.851516,-159.398346,539.773722
0.773028,-149.328841,542.269324
-12.316507,-139.331982,546.734006
-24.978120,-128.316237,552.604955
-36.616697,-114.906672,558.832434
-46.345295,-91.984237,564.215966
-52.211849,-68.603628,567.465601
-52.551949,-41.853077,567.977177
-47.234053,-17.873066,565.685997
-37.983444,0.435321,561.161594
-26.541615,14.267506,555.446912
-13.980444,25.497188,549.767333
-0.929110,35.554153,545.190995
12.165361,45.547777,542.343473
24.862993,56.571639,541.269471
36.560416,70.014000,541.486863
46.237661,87.742187,542.210177
52.190468,111.226149,542.661628
52.550447,138.167883,542.362519
47.172848,162.297870,541.310716
37.827987,-179.333460,539.989414
26.297210,-165.486093,539.203793
13.671874,-154.253178,539.794398
0.590344,-144.191908,542.318468
-12.496401,-134.188679,546.807884
-25.148480,-123.150103,552.691836
-36.767114,-109.695323,558.915479
-46.456846,-86.699281,564.277360
-52.257575,-63.242937,567.492368
-52.514181,-36.487543,567.963923
-47.127767,-12.579881,565.636471
-37.836321,5.653453,561.087593
-26.373001,19.437427,555.364980
-13.801383,30.642100,549.694156
-0.746582,40.690982,545.138816
12.345552,50.691100,542.316992
25.034043,61.738010,541.265250
36.711734,75.226106,541.495404
46.350609,93.027841,542.219877
52.237042,116.589085,542.663212
52.512330,143.536094,542.352467
47.065370,167.592436,541.292605
37.679529,-174.114916,539.972778
26.127506,-160.316092,539.200815
13.492147,-149.108229,539.815457
0.407659,-139.054987,542.368001
-12.676215,-129.045181,546.882040
-25.318646,-117.983513,552.778787
-36.917150,-104.483152,558.998344
-46.567683,-81.413169,564.338349
-52.302199,-57.881515,567.518596
-52.475289,-31.122643,567.950117
-47.020733,-7.287861,565.586508
-37.688792,10.870725,561.013362
-26.204180,24.606859,555.283062
-13.622231,35.786794,549.621201
-0.564047,45.827801,545.086981
12.525669,55.834620,542.290861
25.204904,66.904842,541.261282
36.862672,80.439042,541.504039
46.462841,98.314669,542.229517
52.282502,121.952771,542.664643
52.473072,148.903660,542.342261
46.957137,172.885818,541.274438
37.530666,-168.897241,539.956248
25.957600,-155.146581,539.198111
13.312335,-143.963498,539.836898
0.224974,-133.918074,542.417923
-12.855945,-123.901484,546.956470
-25.488617,-112.816462,552.865804
-37.066800,-99.270155,559.081025
-46.677801,-76.125898,564.398929
-52.345718,-52.519378,567.544284
-52.435276,-25.758393,567.935762
-46.912956,-1.997006,565.536111
-37.540860,16.087142,560.938905
-26.035154,29.775807,555.201159
-13.442990,40.931274,549.548472
-0.381505,50.964614,545.035491
12.705708,60.978341,542.265080
25.375576,72.072140,541.257564
37.013224,85.652816,541.512768
46.574351,103.602674,542.239096
52.326841,127.317194,542.665919
52.432676,154.270565,542.331904
46.848155,178.178017,541.256218
37.381402,-163.680430,539.939826
25.787494,-149.977557,539.195680
13.132442,-138.818982,539.858723
0.042291,-128.781166,542.468232
-13.035591,-118.757587,547.031173
-25.658392,-107.648944,552.952883
-37.216062,-94.056327,559.163519
-46.787192,-70.837467,564.459099
-52.388127,-47.156540,567.569429
-52.394145,-20.394810,567.920859
-46.804443,3.292686,565.485282
-37.392529,21.302709,560.864225
-25.865926,34.944276,555.119276
-13.263662,46.075542,549.475970
-0.198959,56.101423,544.984346
12.885670,66.122264,542.239647
25.546054,77.239909,541.254094
37.163389,90.867433,541.521587
46.685133,108.891856,542.248612
52.370057,132.682336,542.667041
52.391146,159.636791,542.321395
46.738431,-176.530966,541.237946
37.231740,-158.464475,539.923513
25.617190,-144.809014,539.193526
12.952467,-133.674676,539.880932
-0.140390,-123.644261,542.518928
-13.215153,-113.613485,547.106146
-25.827967,-102.480957,553.040021
-37.364931,-88.841661,559.245823
-46.895853,-65.547874,564.518855
-52.429422,-41.793019,567.594032
-52.351901,-15.031910,567.905407
-46.695199,8.581217,565.434024
-37.243802,26.517432,560.789325
-25.696496,40.112270,555.037415
-13.084246,51.219602,549.403698
-0.016409,61.238231,544.933549
13.065552,71.266394,542.214563
25.716339,82.408152,541.250871
37.313162,96.082899,541.530494
46.795182,114.182217,542.258063
52.412145,138.048181,542.668006
52.348487,165.002322,542.310736
46.627970,-171.241128,541.219624
37.081684,-153.249372,539.907313
25.446691,-139.640947,539.191650
12.772412,-128.530578,539.903526
-0.323067,-118.507356,542.570010
-13.394627,-108.469175,547.181386
-25.997342,-97.312495,553.127214
-37.513405,-83.626151,559.327932
-47.003778,-60.257118,564.578196
-52.469600,-36.428829,567.618092
-52.308547,-9.669709,567.889407
-46.585229,13.868587,565.382339
-37.094682,31.731317,560.714210
-25.526868,45.279793,554.955580
-12.904745,56.363457,549.331658
0.166144,66.375040,544.883099
13.245354,76.410734,542.189825
25.886426,87.576874,541.247892
37.462539,101.299219,541.539487
46.904492,119.473760,542.267448
52.453102,143.414714,542.668816
52.304702,170.367142,542.299927
46.516777,-165.952470,541.201255
36.931237,-148.035116,539.891228
25.275997,-134.473354,539.190055
12.592278,-123.386685,539.926506
-0.505739,-113.370447,542.621478
-13.574014,-103.324655,547.256892
-26.166513,-92.143554,553.214460
-37.661479,-78.409793,559.409844
-47.110960,-54.965198,564.637118
-52.508658,-31.063988,567.641607
-52.264086,-4.308221,567.872862
-46.474539,19.154798,565.330230
-36.945174,36.944369,560.638881
-25.357042,50.446849,554.873774
-12.725160,61.507110,549.259853
0.348698,71.511855,544.832998
13.425074,81.555287,542.165435
26.056316,92.746081,541.245156
37.611518,106.516399,541.548563
47.013057,124.766485,542.276764
52.492923,148.781919,542.669469
52.259794,175.731235,542.288970
46.404860,-160.664988,541.182840
36.780403,-142.821699,539.875260
25.105112,-129.306228,539.188742
12.412067,-118.242994,539.949873
-0.688406,-108.233534,542.673330
-13.753311,-98.179921,547.332661
-26.335480,-86.974129,553.301755
-37.809150,-73.192580,559.491555
-47.217394,-49.672114,564.695620
-52.546591,-25.698511,567.664576
-52.218524,1.052537,567.855770
-46.363135,24.439852,565.277699
-36.795281,42.156594,560.563343
-25.187022,55.613444,554.792001
-12.545492,66.650564,549.188284
0.531254,76.648676,544.783246
13.604711,86.700056,542.141389
26.226004,97.915775,541.242661
37.760093,111.734445,541.557721
47.120871,130.060393,542.286010
52.531606,154.149777,542.669965
52.213769,-178.905414,542.277864
46.292222,-155.378682,541.164380
36.629186,-137.609116,539.859411
24.934037,-124.139566,539.187714
12.231779,-113.099500,539.973628
-0.871066,-103.096612,542.725565
-13.932518,-93.034970,547.408690
-26.504239,-81.804217,553.389095
-37.956415,-67.974508,559.573062
-47.323075,-44.377863,564.753698
-52.583396,-20.332415,567.686999
-52.171863,6.412551,567.838135
-46.251022,29.723750,565.224748
-36.645006,47.367998,560.487598
-25.016809,60.779580,554.710263
-12.365742,71.793823,549.116955
0.713808,81.785508,544.733844
13.784263,91.845044,542.117689
26.395490,103.085962,541.240404
37.908262,116.953363,541.566958
47.227928,135.355486,542.295184
52.569146,159.518272,542.670303
52.166629,-173.542821,542.266611
46.178871,-150.093548,541.145879
36.477590,-132.397363,539.843685
24.762774,-118.973364,539.186972
12.051417,-107.956202,539.997771
-1.053719,-97.959678,542.778184
-14.111633,-87.889798,547.484977
-26.672790,-76.633813,553.476477
-38.103269,-62.755569,559.654361
-47.427996,-39.082446,564.811351
-52.619070,-14.965717,567.708875
-52.124109,11.771806,567.819955
-46.138206,35.006495,565.171380
-36.494353,52.578586,560.411651
-24.846405,65.945263,554.628564
-12.185912,76.936889,549.045866
0.896361,86.922352,544.684792
13.963730,96.990254,542.094333
26.564771,108.256647,541.238384
38.056021,122.173159,541.576271
47.334223,140.651764,542.304285
52.605540,164.887388,542.670482
52.118380,-168.181001,542.255212
46.064811,-144.809586,541.127338
36.325617,-127.186432,539.828083
24.591325,-113.807617,539.186518
11.870982,-102.813097,540.022304
-1.236362,-92.822731,542.831183
-14.290656,-82.744403,547.561520
-26.841129,-71.462912,553.563899
-38.249709,-57.535759,559.735449
-47.532153,-33.785863,564.868576
-52.653610,-9.598435,567.730202
-52.075264,17.130287,567.801233
-46.024692,40.288089,565.117598
-36.343325,57.788364,560.335503
-24.675811,71.110497,554.546907
-12.006004,82.079765,548.975022
1.078912,92.059212,544.636092
14.143110,102.135690,542.071319
26.733845,113.427833,541.236599
38.203366,127.393838,541.585659
47.439750,145.949228,542.313310
52.640784,170.257106,542.670502
52.069026,-162.819969,542.243668
45.950049,-139.526793,541.108759
36.173271,-121.976318,539.812608
24.419693,-108.642320,539.186355
11.690474,-97.670180,540.047226
-1.418995,-87.685768,542.884564
-14.469583,-77.598781,547.638316
-27.009255,-66.291509,553.651355
-38.395732,-52.315072,559.816323
-47.635539,-28.488112,564.925369
-52.687012,-4.230586,567.750981
-52.025334,22.487980,567.781969
-45.910486,45.568534,565.063403
-36.191926,62.997338,560.259160
-24.505031,76.275285,554.465295
-11.826017,87.222455,548.904423
1.261459,97.196090,544.587744
14.322401,107.281355,542.048648
26.902710,118.599525,541.235047
38.350292,132.615405,541.595119
47.544502,151.247879,542.322258
52.674876,175.627409,542.670363
52.018570,-157.459740,542.231979
45.834590,-134.245166,541.090144
36.020556,-116.767016,539.797263
24.247878,-103.477470,539.186485
11.509895,-92.527449,540.072538
-1.601617,-82.548785,542.938324
-14.648416,-72.452930,547.715362
-27.177166,-61.119601,553.738844
-38.541333,-47.093503,559.896978
-47.738148,-23.189194,564.981731
-52.719274,1.137814,567.771210
-51.974323,27.844870,567.762164
-45.795594,50.847832,565.008799
-36.040158,68.205512,560.182623
-24.334065,81.439633,554.383732
-11.645953,92.364961,548.834072
1.444001,102.332989,544.539749
14.501602,112.427253,542.026318
27.071364,123.771729,541.233725
38.496797,137.837868,541.604648
47.648475,156.547716,542.331127
52.707812,-179.001721,542.670064
51.967018,-152.100327,542.220146
45.718439,-128.964702,541.071495
35.867475,-111.558519,539.782050
24.075884,-98.313062,539.186908
11.329246,-87.384901,540.098242
-1.784227,-77.411780,542.992463
-14.827151,-67.306845,547.792656
-27.344859,-55.947183,553.826361
-38.686508,-41.871045,559.977413
-47.839975,-17.889109,565.037656
-52.750392,6.506745,567.790888
-51.922235,33.200945,567.741820
-45.680020,56.125986,564.953788
-35.888026,73.412893,560.105897
-24.162915,86.603545,554.302220
-11.465815,97.507287,548.763972
1.626537,107.469911,544.492107
14.680713,117.573385,542.004329
27.239805,128.944447,541.232631
38.642877,143.061231,541.614245
47.751661,161.848739,542.339915
52.739590,-173.630303,542.669605
51.914373,-146.741746,542.208171
45.601603,-123.685400,541.052814
35.714031,-106.350823,539.766970
23.903711,-93.149092,539.187628
11.148529,-82.242533,540.124338
-1.966823,-72.274750,543.046979
-15.005787,-62.160524,547.870195
-27.512333,-50.774249,553.913903
-38.831255,-36.647694,560.057624
-47.941014,-12.587857,565.093144
-52.780363,11.876191,567.810015
-51.869074,38.556191,567.720937
-45.563770,61.402999,564.898373
-35.735532,78.619487,560.028984
-23.991584,91.767024,554.220763
-11.285602,102.649436,548.694124
1.809066,112.606860,544.444819
14.859730,122.719757,541.982679
27.408030,134.117687,541.231765
38.788526,148.285500,541.623907
47.854056,167.150950,542.348621
52.770205,-168.258353,542.668984
51.860642,-141.384009,542.196054
45.484086,-118.407257,541.034103
35.560229,-101.143921,539.752028
23.731362,-87.985556,539.188646
10.967745,-77.100341,540.150825
-2.149405,-67.137692,543.101873
-15.184324,-57.013963,547.947978
-27.679585,-45.600797,554.001466
-38.975568,-31.423442,560.137606
-48.041259,-7.285438,565.148192
-52.809186,17.246133,567.828591
-51.814846,43.910594,567.699517
-45.446850,66.678873,564.842556
-35.582681,83.825298,559.951889
-23.820073,96.930074,554.139365
-11.105316,107.791411,548.624530
1.991586,117.743839,544.397886
15.038654,127.866370,541.961367
27.576037,139.291451,541.231122
38.933742,153.510682,541.633632
47.955653,172.454346,542.357244
52.799655,-162.885891,542.668202
51.805827,-136.027131,542.183796
45.365895,-113.130269,541.015365
35.406071,-95.937807,539.737224
23.558839,-82.822449,539.189964
10.786894,-71.958324,540.177706
-2.331971,-62.000604,543.157141
-15.362760,-51.867159,548.026000
-27.846613,-40.426820,554.089049
-39.119444,-26.198286,560.217357
-48.140704,-1.981854,565.202798
-52.836856,22.616552,567.846613
-51.759554,49.264141,567.677560
-45.329265,71.953611,564.786339
-35.429474,89.030332,559.874613
-23.648385,102.092701,554.058028
-10.924959,112.933214,548.555193
2.174098,122.880849,544.351308
15.217483,133.013229,541.940392
27.743825,144.465744,541.230703
39.078521,158.736781,541.643418
48.056446,177.758929,542.365781
52.827938,-157.512936,542.667259
51.749934,-130.671124,542.171398
45.247034,-107.854433,540.996601
35.251560,-90.732477,539.722562
23.386143,-77.659768,539.191584
10.605979,-66.816476,540.204981
-2.514521,-56.863483,543.212785
-15.541093,-46.720109,548.104260
-28.013415,-35.252314,554.176645
-39.262880,-20.972219,560.296874
-48.239345,3.322895,565.256959
-52.863372,27.987431,567.864083
-51.703203,54.616820,567.655068
-45.211020,77.227216,564.729726
-35.275916,94.234596,559.797162
-23.476520,107.254908,553.976755
-10.744531,118.074850,548.486115
2.356599,128.017894,544.305086
15.396216,138.160336,541.919754
27.911390,149.640572,541.230503
39.222858,163.963804,541.653262
48.156429,-176.935303,542.374230
52.855050,-152.139507,542.666153
51.692967,-125.316002,542.158862
45.127510,-102.579747,540.977813
35.096700,-85.527923,539.708044
23.213277,-72.497507,539.193507
10.425000,-61.674797,540.232650
-2.697053,-51.726326,543.268801
-15.719323,-41.572809,548.182756
-28.179989,-30.077275,554.264254
-39.405871,-15.745236,560.376153
