-42.397008,-5.889658,562.034586
-50.173688,14.916047,566.320275
-53.150661,40.810271,568.106053
-50.225858,66.732011,567.036153
-42.486919,87.586206,563.406040
-31.855989,103.178910,558.076264
-19.699353,115.368673,552.231827
-6.806193,125.801546,547.052282
6.320234,135.694568,543.389088
19.255941,146.109955,541.552250
31.495432,158.266381,541.276794
42.243936,173.822311,541.877522
50.118592,-165.314710,542.533511
53.151196,-139.258245,542.601532
50.198881,-113.152138,541.854116
42.374836,-92.201040,540.567523
31.649198,-76.578662,539.432485
19.415731,-64.382803,539.313682
6.476406,-53.946966,540.932253
-6.659510,-44.046934,544.576342
-19.566345,-33.618793,549.942051
-31.740998,-21.447169,556.164981
-42.528748,-0.640371,562.107580
-50.252446,20.246591,566.363746
-53.150456,46.186306,568.110815
-50.146798,72.062122,567.001845
-42.355056,92.835068,563.341144
-31.695250,108.367104,557.995718
-19.523949,120.522397,552.152855
-6.624482,130.940153,546.989619
6.502203,140.833153,543.351053
19.432089,151.263647,541.538946
31.657301,163.454683,541.281031
42.377077,179.071842,541.888084
50.198551,-159.982648,542.539567
53.151203,-133.879428,542.596674
50.118910,-107.820005,541.838735
42.241635,-86.951431,540.548781
31.487228,-71.390293,539.421891
19.239457,-59.229042,539.322987
6.294304,-48.808298,540.968985
-6.841340,-38.908210,544.640494
-19.741828,-28.464890,550.025149
-31.901742,-16.258690,556.251912
-42.659941,4.609957,562.180261
-50.330261,25.578216,566.406724
-53.149067,51.562327,568.115014
-50.066804,77.391144,566.967035
-42.222652,98.082894,563.275918
-31.534228,113.554655,557.915076
-19.348410,125.675794,552.074019
-6.442729,136.078662,546.927260
6.684135,145.971840,543.313380
19.608106,156.417672,541.525948
31.818889,168.643637,541.285437
42.509673,-175.677573,541.898652
50.277560,-154.649483,542.545501
53.150008,-128.500620,542.591651
50.037994,-102.488982,541.823244
42.107891,-81.702870,540.530067
31.324980,-66.202571,539.411497
19.063053,-54.075610,539.332637
6.112167,-43.669727,541.006118
-7.023126,-33.769384,544.704985
-19.917173,-23.310654,550.108415
-32.062200,-11.069560,556.338771
-42.790582,9.861332,562.252624
-50.407128,30.910915,566.449206
-53.146493,56.938312,568.118652
-49.985881,82.719071,566.931725
-42.089712,103.329689,563.210365
-31.372927,118.741568,557.834341
-19.172736,130.828867,551.995323
-6.260934,141.217074,546.865205
6.866030,151.110631,543.276069
19.783990,161.572032,541.513255
31.980194,173.833248,541.290009
42.641717,-170.425930,541.909223
50.355612,-149.315221,542.551312
53.147611,-123.121843,542.586462
49.956138,-97.159075,541.807646
41.973610,-76.455352,540.511384
31.162456,-61.015492,539.401306
18.886520,-48.922502,539.342632
5.929995,-38.531252,541.043652
-7.204866,-28.630452,544.769816
-20.092377,-18.156082,550.191846
-32.222369,-5.879774,556.425555
-42.920665,15.113759,562.324668
-50.483042,36.244681,566.491192
-53.142736,62.314242,568.121728
-49.904035,88.045897,566.895916
-41.956241,108.575460,563.144487
-31.211350,123.927848,557.753518
-18.996928,135.981619,551.916770
-6.079099,146.355394,546.803457
7.047885,156.249528,543.239120
19.959739,166.726732,541.500867
32.141212,179.023524,541.294746
42.773206,-165.173224,541.919795
50.432702,-143.979868,542.556999
53.144012,-117.743119,542.581108
49.873348,-91.830288,541.791940
41.838796,-71.208872,540.492734
30.999658,-55.829050,539.391320
18.709860,-43.769714,539.352973
5.747790,-33.392869,541.081587
-7.386560,-23.491413,544.834982
-20.267440,-13.001170,550.275440
-32.382247,-0.689328,556.512261
-43.050187,20.367242,562.396388
-50.557997,41.579507,566.532679
-53.137795,67.690096,568.124242
-49.821273,93.371616,566.859612
-41.822243,113.820210,563.078288
-31.049497,129.113499,557.672609
-18.820990,141.134054,551.838362
-5.897224,151.493623,546.742017
7.229700,161.388535,543.202532
20.135351,171.881774,541.488780
32.301942,-175.785532,541.299646
42.904135,-159.919450,541.930367
50.508824,-138.643432,542.562561
53.139213,-112.364468,542.575588
49.789631,-86.502628,541.776129
41.703454,-65.963424,540.474120
30.836591,-50.643240,539.381542
18.533074,-38.617244,539.363664
5.565552,-28.254575,541.119922
-7.568206,-18.352263,544.900483
-20.442360,-7.845914,550.359193
-32.541830,4.501785,556.598885
-43.179142,25.621786,562.467782
-50.631987,46.915385,566.573666
-53.131671,73.065852,568.126194
-49.737599,98.696224,566.822812
-41.687722,119.063945,563.011770
-30.887373,134.298527,557.591618
-18.644921,146.286176,551.760102
-5.715312,156.631764,546.680887
7.411474,166.527655,543.166307
20.310826,177.037164,541.476995
32.462380,-170.593915,541.304705
43.034497,-154.664604,541.940935
50.583972,-133.305921,542.567996
53.133212,-106.985911,542.569903
49.704991,-81.176100,541.760215
41.567590,-60.719004,540.455544
30.673255,-45.458057,539.371975
18.356165,-33.465088,539.374703
5.383284,-23.116368,541.158657
-7.749804,-13.212999,544.966318
-20.617134,-2.690310,550.443101
-32.701116,9.693569,556.685424
-43.307526,30.877396,562.538848
-50.705008,52.252309,566.614150
-53.124365,78.441492,568.127585
-49.653019,104.019715,566.785520
-41.552684,124.306669,562.944937
-30.724980,139.482937,557.510549
-18.468723,151.437988,551.681993
-5.533362,161.769821,546.620067
7.593205,171.666890,543.130443
20.486161,-177.807096,541.465509
32.622523,-165.401617,541.309922
43.164289,-149.408680,541.951498
50.658142,-127.967342,542.573303
53.126011,-101.607470,542.564053
49.619436,-75.850709,541.744198
41.431206,-55.475606,540.437007
30.509654,-40.273495,539.362619
18.179133,-28.313241,539.386095
5.200986,-17.978244,541.197793
-7.931351,-8.073618,545.032483
-20.791763,2.465644,550.527163
-32.860102,14.886031,556.771874
-43.435333,36.134076,562.609581
-50.777052,57.590269,566.654131
-53.115876,83.816994,568.128413
-49.567539,109.342085,566.747737
-41.417132,129.548389,562.877792
-30.562320,144.666734,557.429403
-18.292399,156.589494,551.604038
-5.351376,166.907796,546.559560
7.774893,176.806244,543.094941
20.661355,-172.651001,541.454321
32.782369,-160.208636,541.315295
43.293506,-144.151674,541.962054
50.731326,-122.627702,542.578481
53.117611,-96.229164,542.558038
49.532970,-70.526459,541.728081
41.294309,-50.233225,540.418513
30.345791,-35.089550,539.353479
18.001980,-23.161701,539.397838
5.018659,-12.840202,541.237329
-8.112848,-2.934118,545.098978
-20.966243,7.621954,550.611375
-33.018786,20.079174,556.858231
-43.562559,41.391830,562.679979
-50.848116,62.929258,566.693606
-53.106207,89.192338,568.128681
-49.481166,114.663329,566.709464
-41.281072,134.789108,562.810337
-30.399396,149.849923,557.348186
-18.115948,161.740697,551.526239
-5.169356,172.045692,546.499368
7.956536,-178.054281,543.059800
20.836406,-167.494547,541.443428
32.941915,-155.014964,541.320821
43.422143,-138.893581,541.972601
50.803520,-117.287010,542.583529
53.108012,-90.851017,542.551858
49.445600,-65.203355,541.711864
41.156902,-44.991855,540.400064
30.181667,-29.906217,539.344555
17.824708,-18.010463,539.409936
4.836304,-7.702238,541.277266
-8.294292,2.205505,545.165800
-21.140573,12.778622,550.695734
-33.177164,25.273004,556.944493
-43.689199,46.650663,562.750039
-50.918193,68.269267,566.732574
-53.095358,94.567503,568.128386
-49.393903,119.983443,566.670704
-41.144507,140.028834,562.742577
-30.236211,155.032509,557.266901
-17.939374,166.891602,551.448600
-4.987301,177.183512,546.439491
8.138133,-172.914682,543.025020
21.011313,-162.337732,541.432831
33.101157,-149.820597,541.326497
43.550194,-133.634397,541.983135
50.874718,-111.945275,542.588445
53.097216,-85.473047,542.545514
49.357332,-59.881402,541.695550
41.018990,-39.751491,540.381662
30.017286,-24.723490,539.335851
17.647318,-12.859525,539.422389
4.653923,-2.564349,541.317602
-8.475683,7.345253,545.232949
-21.314752,17.935654,550.780237
-33.335233,30.467527,557.030655
-43.815248,51.910579,562.819758
-50.987279,73.610287,566.771033
-53.083330,99.942469,568.127531
-49.305759,125.302423,566.631458
-41.007442,145.267570,562.674512
-30.072766,160.214497,557.185550
-17.762677,172.042211,551.371123
-4.805214,-177.678742,546.379931
8.319683,-167.774956,542.990601
21.186073,-157.180550,541.422527
33.260093,-144.625528,541.332323
43.677654,-128.374117,541.993657
50.944915,-106.602506,542.593230
53.085223,-80.095276,542.539006
49.268172,-54.560602,541.679140
40.880578,-34.512128,540.363309
29.852650,-19.541364,539.327368
17.469811,-7.708882,539.435198
4.471517,2.573468,541.358338
-8.657019,12.485129,545.300421
-21.488778,23.093051,550.864880
-33.492992,35.662748,557.116714
-43.940701,57.171582,562.889133
-51.055367,78.952310,566.808982
-53.070124,105.317216,568.126114
-49.216737,130.620266,566.591729
-40.869882,150.505322,562.606148
-29.909064,165.395892,557.104137
-17.585859,177.192528,551.293812
-4.623096,-172.541066,546.320689
8.501184,-162.635100,542.956543
21.360686,-152.022999,541.412514
33.418721,-139.429754,541.338295
43.804519,-123.112736,542.004162
51.014104,-101.258710,542.597880
53.072034,-74.717725,542.532334
49.178125,-49.240960,541.662635
40.741670,-29.273760,540.345009
29.687761,-14.359835,539.319109
17.292190,-2.558532,539.448366
4.289086,7.711215,541.399474
-8.838300,17.625136,545.368215
-21.662649,28.250820,550.949661
-33.650436,40.858672,557.202667
-44.065553,62.433677,562.958162
-51.122453,84.295327,566.846419
-53.055742,110.691724,568.124137
-49.126845,135.936967,566.551518
-40.731830,155.742095,562.537487
-29.745108,170.576699,557.022666
-17.408922,-177.657444,551.216668
-4.440947,-167.403459,546.261767
8.682636,-157.495112,542.922846
21.535149,-146.865073,541.402791
33.577036,-134.233268,541.344411
43.930783,-117.850251,542.014650
51.082281,-95.913898,542.602396
53.057651,-69.340414,542.525499
49.087197,-43.922480,541.646037
40.602270,-24.036382,540.326762
29.522622,-9.178897,539.311076
17.114455,2.591530,539.461893
4.106633,12.848894,541.441009
-9.019524,22.765277,545.436329
-21.836364,33.408962,551.034577
-33.807563,46.055306,557.288510
-44.189798,67.696868,563.026840
-51.188532,89.639327,566.883343
-53.040184,116.065973,568.121599
-49.036087,141.252525,566.510827
-40.593291,160.977895,562.468531
-29.580900,175.756923,556.941140
-17.231866,-172.507700,551.139694
-4.258769,-162.265916,546.203166
8.864038,-152.354987,542.889509
21.709461,-141.706770,541.393357
33.735037,-129.036064,541.350668
44.056442,-112.586657,542.025118
51.149441,-90.568079,542.606776
53.042075,-63.963363,542.518500
48.995395,-38.605164,541.629348
40.462382,-18.799988,540.308572
29.357235,-3.998545,539.303271
16.936609,7.741307,539.475781
3.924157,17.986510,541.482943
-9.200690,27.905555,545.504761
-22.009921,38.567483,551.119624
-33.964370,51.252653,557.374240
-44.313432,72.961159,563.095166
-51.253597,94.984300,566.919752
-53.023453,121.439943,568.118500
-48.944470,146.566935,566.469658
-40.454269,166.212727,562.399285
-29.416443,-179.063432,556.859562
-17.054693,-167.358239,551.062894
-4.076563,-157.128436,546.144888
9.045388,-147.214723,542.856532
21.883620,-136.548085,541.384209
33.892720,-123.838138,541.357066
44.181489,-107.321949,542.035565
51.215576,-85.221264,542.611020
53.025309,-58.586594,542.511338
48.902725,-33.289016,541.612570
40.322012,-13.564573,540.290440
29.191603,1.181225,539.295697
16.758651,12.890802,539.490030
3.741660,23.124064,541.525276
-9.381796,33.045973,545.573510
-22.183318,43.726385,551.204799
-34.120854,56.450720,557.459852
-44.436450,78.226553,563.163136
-51.317645,100.330237,566.955644
-53.005550,126.813614,568.114842
-48.851999,151.880194,566.428014
-40.314769,171.446597,562.329751
-29.251738,-173.884360,556.777936
-16.877405,-162.209055,550.986270
-3.894330,-151.991015,546.086934
9.226685,-142.074318,542.823914
22.057624,-131.389015,541.375346
34.050081,-118.639483,541.363600
44.305920,-102.056124,542.045987
51.280684,-79.873462,542.615125
53.007352,-53.210127,542.504014
48.809192,-27.974038,541.595703
40.181164,-8.330131,540.272370
29.025728,6.360419,539.288356
16.580585,18.040019,539.504643
3.559143,28.261560,541.568007
-9.562842,38.186534,545.642573
-22.356554,48.885674,551.290100
-34.277012,61.649512,557.545345
-44.558846,83.493055,563.230748
-51.380670,105.677128,566.991019
-52.986477,132.186966,568.110623
-48.758680,157.192301,566.385895
-40.174795,176.679509,562.259932
-29.086789,-168.705857,556.696265
-16.700003,-157.060146,550.909825
-3.712070,-146.853651,546.029304
9.407927,-136.933769,542.791656
22.231472,-126.229554,541.366766
34.207119,-113.440095,541.370270
44.429730,-96.789178,542.056383
51.344757,-74.524684,542.619092
52.988208,-47.833981,542.496527
48.714803,-22.660233,541.578750
40.039841,-3.096656,540.254364
28.859613,11.539042,539.281250
16.402411,23.188961,539.519620
3.376608,33.399000,541.611136
-9.743827,43.327241,545.711948
-22.529626,54.045353,551.375522
-34.432841,66.849034,557.630713
-44.680616,88.760668,563.297999
-51.442667,111.024961,567.025874
-52.966235,137.559980,568.105845
-48.664520,162.503253,566.343305
-40.034350,-178.088530,562.189832
-28.921597,-163.527917,556.614553
-16.522488,-151.911508,550.833560
-3.529786,-141.716341,545.972002
9.589115,-131.793071,542.759757
22.405161,-121.069701,541.358468
34.363829,-108.239967,541.377072
44.552912,-91.521107,542.066752
51.407791,-69.174940,542.622919
52.967877,-42.458177,542.488879
48.619562,-17.347603,541.561712
39.898048,2.135856,540.236423
28.693259,16.717097,539.274381
16.224131,28.337632,539.534963
3.194055,38.536387,541.654663
-9.924748,48.468097,545.781634
-22.702533,59.205425,551.461063
-34.588339,72.049292,557.715954
-44.801754,94.029395,563.364885
-51.503631,116.373725,567.060208
-52.944827,142.932637,568.100508
-48.569523,167.813048,566.300244
-39.893439,-172.857515,562.119453
-28.756165,-158.350537,556.532802
-16.344862,-146.763138,550.757480
-3.347478,-136.579082,545.915027
9.770245,-126.652223,542.728217
22.578691,-115.909449,541.350449
34.520209,-103.039095,541.384005
44.675463,-86.251906,542.077090
51.469781,-63.824242,542.626606
52.946363,-37.082735,542.481069
48.523478,-12.036150,541.544592
39.755790,7.367413,540.218551
28.526670,21.894591,539.267752
16.045746,33.486036,539.550672
3.011486,43.673724,541.698587
-10.105606,53.609104,545.851627
-22.875274,64.365896,551.546720
-34.743500,77.250291,557.801064
-44.922255,99.299241,563.431405
-51.563556,121.723410,567.094020
-52.922254,148.304916,568.094613
-48.473697,173.121683,566.256716
-39.752066,-167.627440,562.048799
-28.590495,-153.173711,556.451017
-16.167127,-141.615033,550.681587
-3.165147,-131.441872,545.858381
9.951318,-121.511222,542.697035
22.752059,-110.748796,541.342709
34.676256,-97.837472,541.391065
44.797377,-80.981572,542.087397
51.530722,-58.472601,542.630150
52.923666,-31.707675,542.473099
48.426554,-6.725877,541.527390
39.613070,12.598019,540.200750
28.359848,27.071528,539.261364
15.867258,38.634174,539.566750
2.828901,48.811013,541.742909
-10.286399,58.750266,545.921927
-23.047846,69.526768,551.632489
-34.898324,82.452038,557.886039
-45.042114,104.570209,563.497554
-51.622439,127.074004,567.127309
-52.898518,153.676799,568.088159
-48.377045,178.429158,566.212722
-39.610236,-162.398301,561.977873
-28.424590,-147.997434,556.369200
-15.989283,-136.467189,550.605883
-2.982795,-126.304708,545.802065
10.132332,-116.370064,542.666210
22.925264,-105.587737,541.335246
34.831967,-92.635093,541.398252
44.918647,-75.710102,542.097669
51.590608,-53.120028,542.633552
52.899790,-26.333016,542.464968
48.328798,-1.416784,541.510108
39.469892,17.827679,540.183022
28.192794,32.247913,539.255221
15.688668,43.782052,539.583196
2.646302,53.948258,541.787626
-10.467125,63.891585,545.992531
-23.220248,74.688047,551.718367
-35.052807,87.654536,557.970877
-45.161325,109.842302,563.563331
-51.680274,132.425494,567.160073
-52.873623,159.048267,568.081147
-48.279575,-176.264530,566.168265
-39.467951,-157.170091,561.906678
-28.258452,-142.821702,556.287355
-15.811332,-131.319603,550.530370
-2.800423,-121.167586,545.746080
10.313286,-111.228746,542.635743
23.098303,-100.426268,541.328057
34.987337,-87.431952,541.405561
45.039270,-70.437492,542.107906
51.649435,-47.766536,542.636810
52.874736,-20.958777,542.456676
48.230216,3.891126,541.492749
39.326261,23.056401,540.165369
28.025512,37.423751,539.249324
15.509977,48.929672,539.600013
2.463690,59.085460,541.832740
-10.647783,69.033066,546.063437
-23.392478,79.849735,551.804351
-35.206945,92.857793,558.055573
-45.279883,115.115524,563.628733
-51.737056,137.777870,567.192310
-52.847570,164.419301,568.073577
-48.181293,-170.959381,566.123346
-39.325217,-151.942806,561.835218
-28.092082,-137.646510,556.205485
-15.633276,-126.172271,550.455053
-2.618030,-116.030504,545.690428
10.494179,-106.087266,542.605633
23.271175,-95.264385,541.321141
35.142365,-82.228043,541.412992
45.159239,-65.163739,542.118105
51.707197,-42.412137,542.639923
52.848508,-15.584979,542.448226
48.130812,9.197854,541.475313
39.182181,28.284189,540.147794
27.858003,42.599046,539.243675
15.331188,54.077038,539.617202
2.281066,64.222624,541.878249
-10.828373,74.174710,546.134643
-23.564534,85.011838,551.890438
-35.360735,98.061812,558.140124
-45.397783,120.389877,563.693756
-51.792781,143.131118,567.224020
-52.820361,169.789882,568.065451
-48.082203,-165.655398,566.077968
-39.182037,-146.716438,561.763494
-27.925483,-132.471853,556.123594
-15.455115,-121.025190,550.379932
-2.435620,-110.893460,545.635110
10.675008,-100.945620,542.575879
23.443878,-90.102084,541.314496
35.297046,-77.023362,541.420542
45.278549,-59.888838,542.128264
51.763890,-37.056843,542.642892
52.821106,-10.211640,542.439616
48.030594,14.503396,541.457804
39.037656,33.511049,540.130300
27.690270,47.773803,539.238276
15.152300,59.224152,539.634763
2.098431,69.359751,541.924154
-11.008893,79.316520,546.206147
-23.736414,90.174359,551.976624
-35.514175,103.266601,558.224528
-45.515020,125.665365,563.758399
-51.847444,148.485226,567.255201
-52.792000,175.159991,568.056769
-47.982312,-160.352579,566.032132
-39.038415,-141.490984,561.691512
-27.758658,-127.297727,556.041685
-15.276852,-115.878357,550.305011
-2.253192,-105.756451,545.580127
10.855774,-95.803806,542.546482
23.616410,-84.939361,541.308120
35.451378,-71.817902,541.428208
45.397195,-54.612787,542.138381
51.819508,-31.700666,542.645713
52.792535,-4.838779,542.430848
47.929567,19.807754,541.440221
38.892690,38.736987,540.112888
27.522315,52.948027,539.233131
14.973316,64.371019,539.652697
1.915786,74.496845,541.970453
-11.189341,84.458501,546.277947
-23.908117,95.337302,552.062907
-35.667260,108.472164,558.308779
-45.631587,130.941990,563.822658
-51.901041,153.840181,567.285852
-52.762489,-179.470389,568.047530
-47.881625,-155.050928,565.985842
-38.894356,-136.266437,561.619273
-27.591609,-122.124126,555.959762
-15.098487,-110.731769,550.230292
-2.070749,-100.619473,545.525479
11.036475,-90.661820,542.517439
23.788770,-79.776211,541.302012
35.605357,-66.611658,541.435989
45.515171,-49.335584,542.148454
51.874048,-26.343621,542.648388
52.762796,0.533585,542.421921
47.827737,25.110925,541.422568
38.747286,43.962008,540.095562
27.354140,58.121723,539.228240
14.794238,69.517642,539.671007
1.733132,79.633907,542.017146
-11.369717,89.600654,546.350040
-24.079640,100.500672,552.149282
-35.819988,113.678508,558.392875
-45.747480,136.219756,563.886531
-51.953566,159.195970,567.315971
-52.731830,-174.101277,568.037736
-47.780149,-149.750443,565.939098
-38.749862,-131.042791,561.546782
-27.424337,-116.951047,555.877827
-14.920022,-105.585421,550.155778
-1.888290,-95.482525,545.471169
11.217110,-85.519659,542.488752
23.960955,-74.612631,541.296170
35.758981,-61.404624,541.443881
45.632471,-44.057223,542.158481
51.927505,-20.985720,542.650915
52.731893,5.905433,542.412838
47.725110,30.412910,541.404846
38.601450,49.186119,540.078323
27.185748,63.294895,539.223606
14.615065,74.664024,539.689692
1.550470,84.770942,542.064232
-11.550020,94.742983,546.422424
-24.250983,105.664472,552.235747
-35.972356,118.885637,558.476812
-45.862694,141.498665,563.950014
-52.005016,164.552580,567.345558
-52.700027,-168.732691,568.027388
-47.677888,-144.451125,565.891904
-38.604938,-125.820042,561.474040
-27.256845,-111.778485,555.795884
-14.741458,-100.439312,550.081471
-1.705817,-90.345603,545.417196
11.397677,-80.377321,542.460418
24.132964,-69.448616,541.290592
35.912244,-56.196795,541.451883
45.749090,-38.777704,542.168461
51.979872,-15.626976,542.653292
52.699828,11.276746,542.403597
47.621692,35.713709,541.387056
38.455184,54.409324,540.061174
27.017140,68.467548,539.219231
14.435801,79.810168,539.708753
1.367802,89.907951,542.111711
-11.730247,99.885490,546.495097
-24.422142,110.828708,552.322299
-36.124359,124.093557,558.560587
-45.977223,146.778719,564.013106
-52.055386,169.909997,567.374611
-52.667082,-163.364649,568.016485
-47.574850,-139.152975,565.844262
-38.459588,-120.598182,561.401052
-27.089135,-106.606435,555.713936
-14.562797,-95.293438,550.007374
-1.523331,-85.208704,545.363563
11.578175,-75.234802,542.432439
24.304794,-64.284161,541.285276
36.065145,-50.988164,541.459992
45.865023,-33.497023,542.178392
52.031148,-10.267405,542.655521
52.666605,16.647508,542.394201
47.517489,41.013321,541.369202
38.308493,59.631631,540.044117
26.848320,73.639687,539.215118
14.256445,84.956078,539.728193
1.185128,95.044938,542.159582
-11.910398,105.028180,546.568057
-24.593117,115.993382,552.408933
-36.275996,129.302273,558.644196
-46.091060,152.059922,564.075804
-52.104672,175.268206,567.403130
-52.632999,-157.997168,568.005029
-47.471039,-133.855992,565.796173
-38.313815,-115.377208,561.327821
-26.921209,-101.434893,555.631987
-14.384039,-90.147794,549.933490
-1.340834,-80.071827,545.310270
11.758604,-70.092099,542.404813
24.476445,-59.119264,541.280220
36.217680,-45.778725,541.468206
45.980264,-28.215177,542.188271
52.081325,-4.907019,542.657598
52.632227,22.017698,542.384648
47.412507,46.311746,541.351283
38.161381,64.853044,540.027156
26.679288,78.811316,539.211268
14.077000,90.101756,539.748011
1.002450,100.181905,542.207845
-12.090472,110.171054,546.641302
-24.763905,121.158500,552.495648
-36.427261,134.511793,558.727637
-46.204202,157.342275,564.138104
-52.152869,-179.372806,567.431112
-52.597781,-152.630265,567.993020
-47.366462,-128.560176,565.747640
-38.167623,-110.157113,561.254350
-26.753070,-96.263854,555.550040
-14.205187,-85.002379,549.859820
-1.158326,-74.934967,545.257318
11.938961,-64.949209,542.377539
24.647913,-53.953919,541.275423
36.369845,-40.568475,541.476523
46.094807,-22.932165,542.198096
52.130401,0.454167,542.659525
52.596696,27.387301,542.374941
47.306751,51.608986,541.333303
38.013851,70.073569,540.010291
26.510047,83.982439,539.207683
13.897467,95.247207,539.768209
0.819769,105.318855,542.256499
-12.270467,115.314117,546.714829
-24.934504,126.324065,552.582439
-36.578153,139.722120,558.810904
-46.316642,162.625780,564.200005
-52.199974,-174.013053,567.458557
-52.561430,-147.263959,567.980459
-47.261123,-123.265527,565.698666
-38.021017,-104.937891,561.180642
-26.584719,-91.093313,555.468099
-14.026242,-79.857189,549.786367
-0.975809,-69.798124,545.204708
12.119245,-59.806129,542.350616
24.819197,-48.788122,541.270882
36.521637,-35.357405,541.484940
46.208646,-17.647983,542.207867
52.178371,5.816138,542.661300
52.560017,32.756297,542.365080
47.200228,56.905040,541.315264
37.865908,75.293212,539.993526
26.340600,89.153062,539.204366
13.717847,100.392433,539.788787
0.637085,110.455790,542.305543
-12.450383,120.457371,546.788637
-25.104912,131.490081,552.669303
-36.728668,144.933260,558.893996
-46.428375,167.910440,564.261504
-52.245981,-168.652551,567.485464
-52.523950,-141.898266,567.967346
-47.155030,-117.972044,565.649253
-37.873999,-99.719538,561.106701
-26.416159,-85.923266,555.386165
-13.847204,-74.712221,549.713134
-0.793282,-64.661292,545.152441
12.299456,-54.662856,542.324045
24.990295,-43.621869,541.266596
36.673052,-30.145512,541.493455
46.321777,-12.362629,542.217580
52.225231,11.178879,542.662922
52.522192,38.124671,542.355065
47.092943,62.199909,541.297166
37.717555,80.511980,539.976863
26.170948,94.323190,539.201319
13.538141,105.537437,539.809747
0.454401,115.592714,542.354976
-12.630217,125.600819,546.862721
-25.275128,136.656554,552.756237
-36.878801,150.145220,558.976908
-46.539395,173.196256,564.322597
-52.290888,-163.291315,567.511831
-52.485346,-136.533202,567.953683
-47.048187,-112.679726,565.599403
-37.726574,-94.502046,561.032530
-26.247390,-80.753709,555.304244
-13.668075,-69.567472,549.640123
-0.610749,-59.524471,545.100517
12.479592,-49.519387,542.297825
25.161205,-38.455156,541.262563
36.824088,-24.932788,541.502066
46.434192,-7.076102,542.227235
52.270976,16.542375,542.664390
52.483225,43.492403,542.344897
46.984903,67.493593,541.279012
37.568795,85.729876,539.960305
26.001093,99.492825,539.198543
13.358351,110.682223,539.831090
0.271716,120.729629,542.404798
-12.809969,130.744464,546.937082
-25.445149,141.823487,552.843237
-37.028550,155.358005,559.059637
-46.649697,178.483230,564.383283
-52.334690,-157.929359,567.537658
-52.445619,-131.168784,567.939470
-46.940600,-107.388573,565.549118
-37.578745,-89.285411,560.958131
-26.078417,-75.584638,555.222338
-13.488857,-64.422937,549.567337
-0.428209,-54.387657,545.048939
12.659651,-44.375718,542.271954
25.331925,-33.287977,541.258781
36.974739,-19.719229,541.510770
46.545887,-1.788398,542.236829
52.315602,21.906610,542.665705
52.443120,48.859479,542.334578
46.876112,72.786095,541.260805
37.419633,90.946908,539.943854
25.831038,104.661974,539.196041
13.178478,115.826794,539.852816
0.089032,125.866538,542.455008
-12.989637,135.888310,547.011715
-25.614974,146.990885,552.930301
-37.177912,160.571621,559.142180
-46.759275,-176.228635,564.443559
-52.377383,-152.566699,567.562943
-52.404774,-125.805029,567.924708
-46.832274,-102.098583,565.498400
-37.430515,-84.069627,560.883509
-25.909240,-70.416046,555.140450
-13.309550,-59.278615,549.494777
-0.245664,-49.250847,544.997707
12.839633,-39.231846,542.246432
25.502454,-28.120330,541.255247
37.125004,-14.504828,541.519565
46.656857,3.500482,542.246360
52.359106,27.271569,542.666865
52.401881,54.225880,542.324106
46.766577,78.077415,541.242545
37.270072,96.163082,539.927512
25.660785,109.830640,539.193815
12.998524,120.971154,539.874926
-0.093649,131.003444,542.505605
-13.169220,141.032359,547.086619
-25.784601,152.158752,553.017425
-37.326882,165.786072,559.224534
-46.868124,-170.939340,564.503423
-52.418964,-147.203351,567.587687
-52.362814,-120.441953,567.909397
-46.723216,-96.809755,565.447253
-37.281889,-78.854689,560.808666
-25.739862,-65.247932,555.058584
-13.130157,-54.134502,549.422446
-0.063115,-44.114039,544.946821
13.019536,-34.087769,542.221259
25.672788,-22.952208,541.251961
37.274877,-9.289580,541.528449
46.767094,8.790542,542.255827
52.401483,32.637237,542.667870
52.359510,59.591590,542.313484
46.656304,83.367554,541.224234
37.120117,101.378402,539.911281
25.490335,114.998827,539.191867
12.818489,126.115304,539.897421
-0.276328,136.140349,542.556588
-13.348716,146.176616,547.161792
-25.954027,157.327092,553.104605
-37.475457,171.001365,559.306694
-46.976237,-165.648882,564.562871
-52.459428,-141.839331,567.611886
-52.319743,-115.079571,567.893539
-46.613432,-91.522089,565.395679
-37.132870,-73.640590,560.733607
-25.570284,-60.080289,554.976743
-12.950677,-48.990595,549.350347
0.119437,-38.977230,544.896282
13.199358,-28.943484,542.196432
25.842926,-17.783609,541.248919
37.424356,-4.073480,541.537419
46.876593,14.081782,542.265228
52.442730,38.003595,542.668718
52.316012,64.956594,542.302713
46.545298,88.656514,541.205876
36.969769,106.592875,539.895165
25.319691,120.166541,539.190199
12.638375,131.259250,539.920302
-0.459001,141.277256,542.607957
-13.528126,151.321082,547.237230
-26.123251,162.495911,553.191838
-37.623634,176.217505,559.388657
-47.083610,-160.357260,564.621902
-52.498772,-136.474654,567.635542
-52.275566,-109.717899,567.877135
-46.502925,-86.235581,565.343679
-36.983461,-68.427326,560.658333
-25.400509,-54.913113,554.894931
-12.771114,-43.846891,549.278482
0.301992,-33.840417,544.846092
13.379099,-23.798986,542.171953
26.012866,-12.614527,541.246121
37.573437,1.143480,541.546474
46.985349,19.374204,542.274561
52.482842,43.370629,542.669410
52.271392,70.320875,542.291792
46.433566,93.944297,541.187471
36.819034,111.806506,539.879166
25.148855,125.333786,539.188813
12.458184,136.402993,539.943569
-0.641670,146.414168,542.659711
-13.707446,156.465761,547.312932
-26.292270,167.665211,553.279121
-37.771409,-178.565501,559.470421
-47.190236,-155.064473,564.680512
-52.536993,-131.109338,567.658652
-52.230285,-104.356953,567.860184
-46.391704,-80.950231,565.291257
-36.833666,-63.214889,560.582849
-25.230539,-49.746401,554.813149
-12.591467,-38.703386,549.206853
0.484547,-28.703598,544.796251
13.558757,-18.654272,542.147819
26.182606,-7.444957,541.243564
37.722116,6.361304,541.555610
47.093356,24.667810,542.283824
52.521816,48.738322,542.669945
52.225652,75.684417,542.280723
46.321112,99.230904,541.169021
36.667915,117.019301,539.863286
24.977828,130.500566,539.187711
12.277916,141.546536,539.967224
-0.824332,151.551088,542.711848
-13.886676,161.610656,547.388895
-26.461083,172.834998,553.366451
-37.918778,-173.347649,559.551981
-47.296110,-149.770521,564.738700
-52.574087,-125.743399,567.681216
-52.183905,-98.996747,567.842689
-46.279772,-75.666038,565.238414
-36.683488,-58.003276,560.507158
-25.060374,-44.580148,554.731403
-12.411738,-33.560078,549.135463
0.667102,-23.566769,544.746759
13.738332,-13.509341,542.124031
26.352144,-2.274897,541.241246
37.870389,11.579998,541.564826
47.200607,29.962600,542.293016
52.559649,54.106656,542.670322
52.178797,81.047206,542.269506
46.207943,104.516337,541.150529
36.516415,122.231266,539.847527
24.806613,135.666886,539.186895
12.097573,146.689884,539.991267
-1.006986,156.688018,542.764368
-14.065815,166.755771,547.465116
-26.629687,178.005276,553.453823
-38.065737,-168.128932,559.633334
-47.401226,-144.475403,564.796463
-52.610051,-120.376854,567.703233
-52.136430,-93.637297,567.824650
-46.167135,-70.382998,565.185154
-36.532931,-52.792480,560.431264
-24.890019,-39.414349,554.649694
-12.231929,-28.416963,549.064313
0.849655,-18.429928,544.697618
13.917820,-8.364188,542.100586
26.521478,2.895660,541.239165
38.018253,16.799569,541.574119
47.307098,35.258574,542.302134
52.596336,59.475614,542.670541
52.130831,86.409225,542.258143
46.094064,109.800599,541.131997
36.364538,127.442407,539.831892
24.635212,140.832749,539.186367
11.917156,151.833038,540.015699
-1.189632,161.824961,542.817270
-14.244861,171.901109,547.541594
-26.798081,-176.823951,553.541235
-38.212284,-162.909346,559.714477
-47.505579,-139.179118,564.853799
-52.644882,-115.009720,567.724702
-52.087864,-88.278617,567.806067
-46.053799,-65.101110,565.131479
-36.381999,-47.582495,560.355168
-24.719474,-34.249001,554.568027
-12.052040,-23.274039,548.993407
1.032206,-13.293073,544.648828
14.097222,-3.218810,542.077485
26.690605,8.066717,541.237319
38.165704,22.020021,541.583488
47.412822,40.555735,542.311178
52.631876,64.845180,542.670601
52.081759,91.770460,542.246635
45.979481,115.083691,541.113426
36.212288,132.652729,539.816383
24.463626,145.998161,539.186128
11.736666,156.976003,540.040521
-1.372268,166.961920,542.870553
-14.423814,177.046672,547.618325
-26.966261,-171.652677,553.628683
-38.358413,-157.688884,559.795407
-47.609162,-133.881666,564.910704
-52.678575,-109.642014,567.745622
-52.038211,-82.920721,567.786943
-45.939770,-59.820371,565.077391
-36.230694,-42.373316,560.278875
-24.548741,-29.084099,554.486404
-11.872073,-18.131301,548.922745
1.214754,-8.156200,544.600390
14.276536,1.926797,542.054726
26.859524,13.238280,541.235707
38.312738,27.241361,541.592928
47.517773,45.854082,542.320144
52.666263,70.215335,542.670501
52.031585,97.130896,542.234981
45.864199,120.365616,541.094819
36.059667,137.862239,539.801003
24.291858,151.163125,539.186182
11.556105,162.118781,540.065733
-1.554893,172.098898,542.924216
-14.602670,-177.807535,547.695308
-27.134228,-166.480899,553.716164
-38.504122,-152.467541,559.876120
-47.711971,-128.583046,564.967177
-52.711129,-104.273753,567.765993
-51.987476,-77.563624,567.767278
-45.825052,-54.540780,565.022893
-36.079021,-37.164938,560.202389
-24.377822,-23.919639,554.404829
-11.692029,-12.988748,548.852332
1.397297,-3.019306,544.552305
14.455761,7.072634,542.032309
27.028232,18.410352,541.234325
38.459351,32.463594,541.602439
47.621946,51.153615,542.329033
52.699495,75.586061,542.670242
51.980313,102.490519,542.223184
45.748225,125.646377,541.076177
35.906679,143.070941,539.785755
24.119909,156.327645,539.186529
11.375474,167.261376,540.091336
-1.737506,177.235897,542.978258
-14.781430,-172.661511,547.772539
-27.301977,-161.308611,553.803675
-38.649407,-147.245311,559.956612
-47.813999,-123.283260,565.023215
-52.742540,-98.904956,567.785814
-51.935663,-72.207339,567.747073
-45.709652,-49.262333,564.967987
-35.926981,-31.957354,560.125712
-24.206719,-18.755616,554.323305
-11.511910,-7.846376,548.782167
1.579835,2.117610,544.504573
14.634894,12.218706,542.010232
27.196727,23.582938,541.233173
38.605540,37.686726,541.612018
47.725334,56.454335,542.337841
52.731569,80.957341,542.669822
51.927948,107.849314,542.211244
45.631564,130.925976,541.057503
35.753328,148.278841,539.770640
23.947782,161.491727,539.187172
11.194775,172.403790,540.117331
-1.920106,-177.627080,543.032678
-14.960092,-167.515250,547.850016
-27.469507,-156.135810,553.891211
-38.794264,-142.022188,560.036881
-47.915240,-117.982306,565.078817
-52.772805,-93.535640,567.805083
-51.882776,-66.851880,567.726329
-45.593575,-43.985029,564.912676
-35.774580,-26.750560,560.048848
-24.035435,-13.592027,554.241835
-11.331716,-2.704183,548.712255
1.762366,7.254552,544.457194
14.813936,17.365016,541.988495
27.365008,28.756044,541.232248
38.751300,42.910763,541.621663
47.827932,61.756242,542.346567
52.762482,86.329157,542.669242
51.874494,113.207268,542.199162
45.514220,136.204416,541.038799
35.599617,153.485946,539.755661
23.775478,166.655374,539.188112
11.014007,177.546026,540.143718
-2.102691,-172.490029,543.087474
-15.138655,-162.368751,547.927737
-27.636816,-150.962491,553.978771
-38.938688,-136.798168,560.116923
-48.015688,-112.680186,565.133978
-52.801922,-88.165824,567.823801
-51.828821,-61.497260,567.705047
-45.476826,-38.708864,564.856962
-35.621819,-21.544549,559.971800
-23.863970,-8.428867,554.160422
-11.151448,2.437836,548.642597
1.944889,12.391522,544.410170
14.992884,22.511567,541.967097
27.533071,33.929673,541.231548
38.896627,48.135710,541.631372
47.929733,67.059335,542.355210
52.792231,91.701489,542.668500
51.819956,118.564367,542.186939
45.396201,141.481699,541.020066
35.445549,158.692261,539.740821
23.602999,171.818590,539.189353
10.833173,-177.311912,540.170498
-2.285262,-167.352950,543.142647
-15.317117,-157.222009,548.005698
-27.803901,-145.788648,554.066349
-39.082677,-131.573244,560.196735
-48.115339,-107.376900,565.188699
-52.829887,-82.795525,567.841966
-51.773800,-56.143493,567.683229
-45.359410,-33.433835,564.800849
-35.468703,-16.339316,559.894571
-23.692326,-3.266132,554.079070
-10.971109,7.579683,548.573194
2.127403,17.528524,544.363502
15.171738,27.658363,541.946036
27.700915,39.103831,541.231071
39.041518,53.361574,541.641141
48.030732,72.363614,542.363768
52.820812,97.074320,542.667596
51.764338,123.920598,542.174576
45.277511,146.757829,541.001307
35.291129,163.897792,539.726122
23.430347,176.981380,539.190894
10.652275,-172.170021,540.197671
-2.467816,-162.215837,543.198194
-15.495476,-152.075023,548.083898
-27.970761,-140.614278,554.153943
-39.226226,-126.347410,560.276313
-48.214186,-102.072449,565.242975
-52.856698,-77.424762,567.859578
-51.717720,-50.790590,567.660875
-45.241333,-28.159941,564.744338
-35.315235,-11.134856,559.817166
-23.520507,1.896181,553.997781
-10.790700,12.721361,548.504051
2.309907,22.665560,544.317188
15.350495,32.805407,541.925311
27.868537,44.278521,541.230815
39.185969,58.588360,541.650969
48.130923,77.669079,542.372239
52.848224,102.447630,542.666531
51.707646,129.275948,542.162073
45.158156,152.032809,540.982524
35.136358,169.102543,539.711566
23.257524,-177.856252,539.192739
10.471312,-167.028299,540.225238
-2.650353,-157.078690,543.254115
-15.673733,-146.927787,548.162334
-28.137394,-135.439376,554.241549
-39.369330,-121.120662,560.355654
-48.312223,-96.766833,565.296804
-52.882354,-72.053553,567.876637
-51.660584,-45.438566,567.637986
-45.122601,-22.887176,564.687432
-35.161417,-5.931163,559.739586
-23.348512,7.058078,553.916559
-10.610220,17.862873,548.435167
2.492400,27.802633,544.271231
15.529154,37.952701,541.904923
28.035936,49.453749,541.230778
39.329975,63.816073,541.660854
48.230300,82.975728,542.380622
52.874464,107.821401,542.665303
51.649884,134.630404,542.149433
45.038142,157.306643,540.963719
34.981240,174.306522,539.697155
23.084532,-172.694303,539.194889
10.290286,-161.886742,540.253200
-2.832871,-151.941504,543.310409
-15.851884,-141.780299,548.241002
-28.303796,-130.263937,554.329164
-39.511988,-115.892993,560.434755
-48.409445,-91.460055,565.350185
-52.906850,-66.681918,567.893141
-51.602398,-40.087431,567.614564
-45.003218,-17.615539,564.630135
-35.007253,-0.728231,559.661836
-23.176344,12.219562,553.835407
-10.429672,23.004223,548.366546
2.674881,32.939745,544.225631
15.707715,43.100250,541.884868
28.203108,54.629520,541.230958
39.473532,69.044720,541.670794
48.328857,88.283561,542.388914
52.899529,113.195612,542.663912
51.591057,139.983953,542.136656
44.917473,162.579332,540.944894
34.825779,179.509733,539.682893
22.911372,-167.532767,539.197346
10.109199,-156.745347,540.281557
-3.015369,-146.804278,543.367073
-16.029929,-136.632556,548.319901
-28.469966,-125.087956,554.416785
-39.654193,-110.664398,560.513612
-48.505845,-86.152114,565.403115
-52.930185,-61.309876,567.909090
-51.543167,-34.737197,567.590610
-44.883191,-12.345026,564.572448
-34.852746,4.473945,559.583919
-23.004006,17.380638,553.754328
-10.249057,28.145412,548.298190
2.857348,38.076899,544.180387
15.886175,48.248057,541.865148
28.370052,59.805838,541.231352
39.616637,74.274307,541.680785
48.426588,93.592576,542.397115
52.923416,118.570246,542.662359
51.531170,145.336583,542.123743
44.796155,167.850882,540.926051
34.669978,-175.287818,539.668782
22.738047,-162.371641,539.200112
9.928052,-151.604112,540.310309
-3.197847,-141.667009,543.424108
-16.207867,-131.484554,548.399028
-28.635902,-119.911429,554.504407
-39.795943,-105.434872,560.592222
-48.601419,-80.843014,565.455592
-52.952357,-55.937444,567.924483
-51.482894,-29.387878,567.566126
-44.762523,-7.075634,564.514374
-34.697900,9.675371,559.505839
-22.831498,22.541308,553.673325
-10.068377,33.286444,548.230100
3.039801,43.214099,544.135501
16.064533,53.396125,541.845759
28.536766,64.982709,541.231959
39.759285,79.504838,541.690826
48.523487,98.902773,542.405223
52.946124,123.945283,542.660641
51.470228,150.688283,542.110695
44.674194,173.121294,540.907193
34.513839,-170.086125,539.654823
22.564558,-157.210921,539.203189
9.746846,-146.463033,540.339458
-3.380303,-136.529693,543.481512
-16.385696,-126.336290,548.478380
-28.801600,-114.734351,554.592028
-39.937233,-100.204409,560.670582
-48.696159,-75.532755,565.507614
-52.973363,-50.564644,567.939320
-51.421586,-24.039483,567.541111
-44.641221,-1.807359,564.455916
-34.542717,14.876052,559.427598
-22.658822,27.701578,553.592402
-9.887631,38.427323,548.162279
3.222239,48.351346,544.090973
16.242789,58.544458,541.826702
28.703246,70.160136,541.232776
39.901472,84.736319,541.700915
48.619548,104.214148,542.413236
52.967650,129.320702,542.658760
51.408236,156.039041,542.097514
44.551595,178.390574,540.888320
34.357367,-164.885182,539.641021
22.390907,-152.050603,539.206578
9.565582,-141.322107,540.369003
-3.562736,-131.392328,543.539283
-16.563414,-121.187761,548.557955
-28.967060,-109.556717,554.679644
-40.078059,-94.973003,560.748688
-48.790061,-70.221341,565.559178
-52.993203,-45.191493,567.953601
-51.359247,-18.692024,567.515568
-44.519289,3.459802,564.397076
-34.387200,20.075993,559.349200
-22.485981,32.861451,553.511561
-9.706822,43.568050,548.094728
3.404660,53.488644,544.046804
16.420939,63.693059,541.807975
28.869491,75.338125,541.233802
40.043194,89.968757,541.711049
48.714765,109.526702,542.421153
52.987993,134.696484,542.656715
51.345200,161.388845,542.084200
44.428363,-176.341275,540.869437
34.200564,-159.684985,539.627376
22.217096,-146.890682,539.210281
9.384262,-136.181332,540.398945
-3.745144,-126.254912,543.597421
-16.741021,-116.038962,548.637748
-29.132279,-104.378522,554.767251
-40.218417,-89.740649,560.826538
-48.883118,-64.908772,565.610283
-53.011872,-39.818012,567.967324
-51.295882,-13.345512,567.489499
-44.396733,8.725854,564.337859
-34.231353,25.275201,559.270649
-22.312976,38.020932,553.430806
-9.525950,48.708629,548.027450
3.587063,58.625996,544.002993
16.598984,68.841931,541.789577
29.035499,80.516680,541.235034
40.184446,95.202156,541.721226
48.809132,114.840430,542.428972
53.007149,140.072609,542.654506
51.281124,166.737684,542.070754
44.304504,-171.074250,540.850544
34.043433,-154.485527,539.613891
22.043126,-141.731154,539.214301
9.202886,-131.040704,540.429284
-3.927528,-121.117441,543.655924
-16.918514,-110.889892,548.717759
-29.297254,-99.199762,554.854847
-40.358303,-84.507341,560.904128
-48.975325,-59.595051,565.660925
-53.029371,-34.444220,567.980490
-51.231496,-7.999957,567.462903
-44.273558,13.990799,564.278265
-34.075178,30.473680,559.191948
-22.139808,43.180024,553.350139
-9.345018,53.849064,547.960446
3.769448,63.763403,543.959542
16.776921,73.991078,541.771507
29.201266,85.695807,541.236470
40.325225,100.436523,541.731443
48.902643,120.155332,542.436692
53.025118,145.449057,542.652132
51.216013,172.085548,542.057178
44.180023,-165.808346,540.831644
33.885978,-149.286803,539.600569
21.869000,-136.572017,539.218638
9.021456,-125.900220,540.460021
-4.109886,-115.979912,543.714791
-17.095893,-105.740545,548.797984
-29.461983,-94.020432,554.942427
-40.497712,-79.273075,560.981455
-49.066676,-54.280181,565.711104
-53.045697,-29.070137,567.993098
-51.166094,-2.655371,567.435783
-44.149769,19.254643,564.218298
-33.918679,35.671436,559.113100
-21.966479,48.338731,553.269564
-9.164025,58.989356,547.893720
3.951812,68.900870,543.916450
16.954750,79.140503,541.753763
29.366791,90.875510,541.238108
40.465525,105.671863,541.741700
48.995293,125.471404,542.444310
53.041897,150.825808,542.649593
51.149873,177.432426,542.043473
44.054924,-160.543559,540.812739
33.728202,-144.088807,539.587412
21.694718,-131.413265,539.223295
8.839973,-120.759878,540.491155
-4.292216,-110.842324,543.774020
-17.273155,-100.590920,548.878421
-29.626463,-88.840527,555.029988
-40.636641,-74.037844,561.058515
-49.157164,-48.964166,565.760816
-53.060849,-23.695783,568.005147
-51.099682,2.688239,567.408140
-44.025371,24.517388,564.157960
-33.761858,40.868474,559.034108
-21.792992,53.497057,553.189085
-8.982974,64.129509,547.827271
4.134156,74.038398,543.873718
17.132468,84.290210,541.736345
29.532071,96.055795,541.239946
40.605344,110.908181,541.751992
49.087074,130.788645,542.451827
53.057485,156.202842,542.646890
51.082710,-177.221692,542.029640
43.929214,-155.279886,540.793831
33.570106,-138.891535,539.574423
21.520284,-126.254895,539.228273
8.658438,-115.619674,540.522689
-4.474517,-105.704673,543.833610
-17.450301,-95.441012,548.959066
-29.790693,-83.660041,555.117527
-40.775085,-68.801643,561.135305
-49.246785,-43.647007,565.810061
-53.074825,-18.321177,568.016637
-51.032265,8.030860,567.379976
-43.900369,29.779038,564.097255
-33.604719,46.064800,558.954977
-21.619347,58.655007,553.108702
-8.801865,69.269525,547.761103
4.316477,79.175991,543.831346
17.310074,89.440202,541.719251
29.697104,101.236666,541.241982
40.744676,116.145483,541.762319
49.177982,136.107050,542.459239
53.071881,161.580137,542.644021
51.014528,-171.876817,542.015680
43.802898,-150.017322,540.774923
33.411696,-133.694979,539.561603
21.345698,-121.096902,539.233574
8.476853,-110.479606,540.554621
-4.656789,-100.566956,543.893560
-17.627327,-90.290817,549.039917
-29.954670,-78.478971,555.205040
-40.913040,-63.564467,561.211822
-49.335533,-38.328709,565.858835
-53.087624,-12.946340,568.027568
-50.963848,13.372485,567.351291
-43.774769,35.039599,564.036185
-33.447265,51.260419,558.875709
-21.445547,63.812583,553.028421
-8.620699,74.409409,547.695217
4.498776,84.313650,543.789334
17.487567,94.590483,541.702480
29.861887,106.418128,541.244213
40.883517,121.383775,541.772677
49.268010,141.426616,542.466546
53.085083,166.957674,542.640987
50.945333,-166.532957,542.001595
43.675980,-144.755863,540.756016
33.252973,-128.499136,539.548956
21.170962,-115.939283,539.239200
8.295218,-105.339670,540.586952
-4.839031,-95.429170,543.953869
-17.804233,-85.140334,549.120971
-30.118391,-73.297311,555.292524
-41.050502,-58.326310,561.288063
-49.423401,-33.009274,565.907137
-53.099245,-7.571293,568.037940
-50.894436,18.713103,567.322087
-43.648575,40.299074,563.974753
-33.289497,56.455337,558.796307
-21.271593,68.969790,552.948244
-8.439478,79.549162,547.629615
4.681049,89.451380,543.747684
17.664946,99.741057,541.686031
30.026418,111.600187,541.246637
41.021863,126.623062,541.783065
49.357152,146.747341,542.473746
53.097089,172.335432,542.637787
50.875130,-161.190122,541.987385
43.548466,-139.495504,540.737113
33.093940,-123.303999,539.536483
20.996078,-110.782034,539.245152
8.113534,-100.199864,540.619682
-5.021240,-90.291314,544.014535
-17.981017,-79.989557,549.202226
-30.281854,-68.115056,555.379975
-41.187465,-53.087168,561.364025
-49.510383,-27.688708,565.954965
-53.109686,-2.196054,568.047751
-50.824034,24.052707,567.292366
-43.521792,45.557467,563.912961
-33.131420,61.649559,558.716776
-21.097487,74.126632,552.868174
-8.258203,84.688787,547.564299
4.863298,94.589183,543.706394
17.842208,104.891926,541.669902
30.190695,116.782846,541.249252
41.159708,131.863349,541.793480
49.445402,152.069220,542.480838
53.107898,177.713390,542.634422
50.803925,-155.848321,541.973052
43.420360,-134.236241,540.718215
32.934601,-118.109563,539.524188
20.821047,-105.625151,539.251433
7.931804,-95.060185,540.652811
-5.203417,-85.153383,544.075556
-18.157678,-74.838483,549.283677
-30.445056,-62.932201,555.467390
-41.323927,-47.847034,561.439704
-49.596475,-22.367013,566.002316
-53.118947,3.179354,568.057002
-50.752649,29.391286,567.262129
-43.394425,50.814782,563.850813
-32.973036,66.843090,558.637119
-20.923230,79.283113,552.788214
-8.076875,89.828288,547.499271
5.045520,99.727062,543.665465
18.019352,110.043094,541.654093
30.354714,121.966112,541.252057
41.297050,137.104643,541.803920
49.532755,157.392250,542.487821
53.117510,-176.908472,542.630891
50.731724,-150.507563,541.958598
43.291669,-128.978070,540.699327
32.774959,-112.915822,539.512072
20.645872,-100.468630,539.258043
7.750028,-89.920629,540.686341
-5.385559,-80.015375,544.136931
-18.334214,-69.687110,549.365323
-30.607996,-57.748741,555.554765
-41.459882,-42.605904,561.515098
-49.681670,-17.044194,566.049189
-53.127026,8.554913,568.065693
-50.680285,34.728834,567.231377
-43.266479,56.071025,563.788312
-32.814348,72.035935,558.557339
-20.748824,84.439236,552.708367
-7.895496,94.967667,547.434533
5.227714,104.865019,543.624897
18.196378,115.194565,541.638601
30.518473,127.149990,541.255048
41.433882,142.346947,541.814384
49.619204,162.716427,542.494692
53.125924,-171.530176,542.627195
50.658531,-145.167857,541.944023
43.162397,-123.720985,540.680448
32.615015,-107.722772,539.500138
20.470554,-95.312468,539.264984
7.568207,-84.781195,540.720270
-5.567667,-74.877288,544.198658
-18.510623,-64.535433,549.447161
-30.770670,-52.564672,555.642097
-41.595326,-37.363772,561.590202
-49.765963,-11.720256,566.095582
-53.133924,13.930602,568.073823
-50.606948,40.065341,567.200113
-43.137959,61.326199,563.725460
-32.655358,77.228101,558.477439
-20.574271,89.595005,552.628637
-7.714065,100.106927,547.370086
5.409879,110.003057,543.584691
18.373282,120.346343,541.623426
30.681970,132.334484,541.258224
41.570202,147.590269,541.824868
49.704743,168.041745,542.501451
53.133138,-166.151742,542.623332
50.584353,-139.829210,541.929328
43.032548,-118.464983,540.661582
32.454774,-102.530406,539.488388
20.295094,-90.156660,539.272259
7.386342,-79.641879,540.754600
-5.749738,-69.739118,544.260737
-18.686905,-59.383449,549.529188
-30.933076,-47.379988,555.729381
-41.730255,-32.120633,561.665015
-49.849347,-6.395204,566.141492
-53.139639,19.306400,568.081391
-50.532643,45.400801,567.168338
-43.008870,66.580310,563.662260
-32.496070,82.419591,558.397422
-20.399573,94.750423,552.549025
-7.532585,105.246071,547.305932
5.592015,115.141180,543.544847
18.550064,125.498431,541.608566
30.845203,137.519600,541.261582
41.706003,152.834612,541.835370
49.789368,173.368200,542.508096
53.139152,-160.773192,542.619304
50.509196,-134.491631,541.914516
42.902128,-113.210059,540.642732
32.294237,-97.338720,539.476825
20.119495,-85.001202,539.279868
7.204435,-74.502677,540.789329
-5.931772,-64.600863,544.323165
-18.863058,-54.231153,549.611401
-31.095212,-42.194685,555.816616
-41.864663,-26.876482,561.739532
-49.931818,-1.069042,566.186919
-53.144170,24.682286,568.088399
-50.457376,50.735204,567.136052
-42.879217,71.833361,563.598715
-32.336487,87.610412,558.317293
-20.224730,99.905496,552.469535
-7.351057,110.385102,547.242073
5.774119,120.279389,543.505364
18.726723,130.650832,541.594020
31.008168,142.705342,541.265120
41.841282,158.079983,541.845889
49.873071,178.695787,542.514626
53.143965,-155.394546,542.615110
50.433064,-129.155126,541.899588
42.771142,-107.956207,540.623898
32.133409,-92.147708,539.465451
19.943757,-79.846091,539.287813
7.022487,-69.363588,540.824459
-6.113767,-59.462520,544.385941
-19.039079,-49.078544,549.693796
-31.257075,-37.008756,555.903797
-41.998548,-21.631314,561.813751
-50.013368,4.258224,566.231859
-53.147518,30.058241,568.094845
-50.381152,56.068545,567.103258
-42.749004,77.085358,563.534828
-32.176610,92.800569,558.237055
-20.049745,105.060226,552.390170
-7.169481,115.524023,547.178510
5.956191,125.417689,543.466244
18.903256,135.803551,541.579786
31.170863,147.891716,541.268837
41.976033,163.326386,541.856422
49.955846,-175.975498,542.521039
53.147577,-150.015825,542.610750
50.355964,-123.819705,541.884544
42.639595,-102.703423,540.605084
31.972291,-86.957364,539.454268
19.767883,-74.691324,539.296096
6.840499,-64.224609,540.859990
-6.295723,-54.324086,544.449064
-19.214969,-43.925616,549.776372
-31.418661,-31.822197,555.990920
-42.131903,-16.385124,561.887668
-50.093994,9.586589,566.276312
-53.149681,35.434242,568.100730
-50.303978,61.400816,567.069958
-42.618236,82.336304,563.470602
-32.016443,97.990066,558.156711
-19.874618,110.214617,552.310933
-6.987859,120.662837,547.115246
6.138230,130.556081,543.427485
19.079663,140.956591,541.565863
31.333285,153.078728,541.272729
42.110253,168.573827,541.866967
50.037689,-170.645662,542.527335
53.149987,-144.637051,542.606224
50.277901,-118.485373,541.869386
42.507492,-97.451703,540.586291
31.810886,-81.767684,539.443279
19.591874,-69.536896,539.304718
6.658471,-59.085736,540.895921
-6.477637,-49.185558,544.512531
-19.390724,-38.772367,549.859124
-31.579970,-26.635003,556.077983
-42.264724,-11.137907,561.961281
