-43.613795,-3.647555,562.708230
-50.876548,17.922679,566.709349
-53.101966,44.200108,568.128607
-49.446016,69.648971,566.693881
-41.225957,89.742254,562.783055
-30.333497,104.779936,557.315446
-18.044624,116.657874,551.494971
-5.095807,126.957555,546.475274
8.029909,136.858276,543.045847
20.907088,147.424936,541.439248
33.006286,159.919650,541.323215
43.473947,176.067171,541.976950
50.832405,-162.292901,542.585589
53.103795,-135.842121,542.549334
49.410048,-110.216974,541.705263
41.101246,-90.038454,540.392562
30.115287,-74.976149,539.340916
17.753055,-63.093275,539.414801
4.762624,-52.790348,541.293374
-8.367583,-42.881878,545.192745
-21.210963,-32.301806,550.729718
-33.241064,-19.792317,556.979194
-43.740197,1.611716,562.778153
-50.946225,23.263097,566.748113
-53.090640,49.575195,568.128087
-49.358397,74.968627,566.654925
-41.089190,94.981579,562.715172
-30.170207,109.962280,557.234134
-17.868000,121.808658,551.417398
-4.913739,132.095344,546.415525
8.211487,141.997925,543.011213
21.081935,152.581899,541.428769
33.165405,165.114300,541.328952
43.601760,-178.673203,541.987480
50.903199,-156.950747,542.590452
53.092514,-130.464229,542.542923
49.321418,-104.895486,541.688909
40.963131,-84.798495,540.374180
29.950803,-69.793666,539.332300
17.575618,-57.942457,539.427398
4.580233,-47.652489,541.333872
-8.548952,-37.742079,545.260024
-21.385080,-27.144627,550.814278
-33.399008,-14.597512,557.065315
-43.866006,6.872071,562.847734
-51.014908,28.604524,566.786366
-53.078136,54.950075,568.127005
-49.269897,80.287148,566.615485
-40.951924,100.219917,562.646987
-30.006658,115.144028,557.152758
-17.691254,126.959149,551.339988
-4.731640,137.233062,546.356094
8.393017,147.137704,542.976940
21.256636,157.739230,541.418582
33.324217,170.309653,541.334836
43.728980,-173.412478,541.997994
50.972989,-151.607562,542.595181
53.080038,-125.086545,542.536348
49.231899,-99.575154,541.672460
40.824518,-79.559535,540.355847
29.786064,-64.611782,539.323907
17.398065,-52.791933,539.440352
4.397816,-42.514701,541.374770
-8.730266,-32.602150,545.327626
-21.559044,-21.987080,550.898977
-33.556640,-9.402008,557.151332
-43.991216,12.133515,562.916970
-51.082592,33.946950,566.824109
-53.064455,60.324728,568.125362
-49.180523,85.604530,566.575561
-40.814165,105.457273,562.578502
-29.842853,120.325185,557.071322
-17.514388,132.109349,551.262744
-4.549509,142.370710,546.296981
8.574499,152.277613,542.943028
21.431189,162.896932,541.408687
33.482719,175.505714,541.340866
43.855603,-168.150652,542.008493
51.041770,-146.263355,542.599777
53.066367,-119.709088,542.529609
49.141495,-94.255981,541.655917
40.685410,-74.321568,540.337567
29.621074,-59.430492,539.315739
17.220398,-47.641699,539.453664
4.215376,-37.376981,541.416066
-8.911524,-27.462089,545.395550
-21.732852,-16.829161,550.983813
-33.713956,-4.205798,557.237241
-44.115823,17.396052,562.985857
-51.149272,39.290364,566.861340
-53.049598,65.699134,568.123159
-49.090280,90.920770,566.535156
-40.675916,110.693652,562.509722
-29.678795,125.505755,556.989828
-17.337402,137.259262,551.185669
-4.367348,147.508291,546.238189
8.755931,157.417656,542.909476
21.605591,168.055009,541.399080
33.640908,-179.297511,541.347040
43.981623,-162.887719,542.018972
51.109537,-140.918135,542.604238
53.051502,-114.331880,542.522707
49.050214,-88.937971,541.639281
40.545813,-69.084588,540.319343
29.455834,-54.249791,539.307797
17.042617,-42.491753,539.467337
4.032913,-32.239328,541.457762
-9.092724,-22.321893,545.463793
-21.906503,-11.670867,551.068783
-33.870954,0.991123,557.323039
-44.239823,22.659687,563.054394
-51.214942,44.634759,566.898056
-53.033566,71.073273,568.120395
-48.999175,96.235864,566.494273
-40.537181,115.929061,562.440649
-29.514486,130.685745,556.908281
-17.160299,142.408891,551.108765
-4.185158,152.645808,546.179719
8.937312,162.557837,542.876284
21.779841,173.213466,541.389761
33.798780,-174.100016,541.353354
44.107035,-157.623676,542.029431
51.176283,-135.571912,542.608562
53.035445,-108.954941,542.515642
48.958061,-83.621127,541.622555
40.405730,-63.848590,540.301175
29.290348,-49.069675,539.300085
16.864726,-37.342090,539.481370
3.850429,-27.101737,541.499857
-9.273866,-17.181559,545.532353
-22.079996,-6.512192,551.153882
-34.027631,6.188761,557.408722
-44.363208,27.924423,563.122577
-51.279597,49.980123,566.934257
-53.016361,76.447124,568.117071
-48.907212,101.549809,566.452912
-40.397966,121.163503,562.371287
-29.349929,135.865158,556.826684
-16.983079,147.558240,551.032036
-4.002941,157.783263,546.121571
9.118640,167.698157,542.843453
21.953938,178.372306,541.380729
33.956333,-168.901796,541.359807
44.231834,-152.358517,542.039868
51.242004,-130.224697,542.612750
53.018197,-103.578291,542.508414
48.865041,-78.305451,541.605740
40.265167,-58.613569,540.283068
29.124618,-43.890138,539.292604
16.686724,-32.192708,539.495766
3.667924,-21.964207,541.542351
-9.454948,-12.041083,545.601229
-22.253327,-1.353134,551.239109
-34.183984,11.387120,557.494287
-44.485976,33.190264,563.190403
-51.343232,55.326447,566.969941
-52.997985,81.820669,568.113186
-48.814398,106.862604,566.411076
-40.258273,126.396986,562.301638
-29.185125,141.043999,556.745040
-16.805745,152.707312,550.955484
-3.820697,162.920661,546.063748
9.299915,172.838620,542.810980
22.127879,-176.468466,541.371980
34.113565,-163.702846,541.366396
44.356015,-147.092240,542.050279
51.306694,-124.876499,542.616799
52.999761,-98.201951,542.501023
48.771161,-72.990947,541.588838
40.124126,-53.379518,540.265023
28.958645,-38.711176,539.285358
16.508614,-27.043602,539.510525
3.485400,-16.826734,541.585243
-9.635970,-6.900464,545.670419
-22.426497,3.806312,551.324459
-34.340010,16.586206,557.579730
-44.608120,38.457214,563.257870
-51.405842,60.673719,567.005106
-52.978439,87.193886,568.108742
-48.720738,112.174244,566.368767
-40.118108,131.629513,562.231706
-29.020077,146.222274,556.663352
-16.628297,157.856111,550.879112
-3.638428,168.058003,546.006251
9.481136,177.979229,542.778867
22.301663,-171.308847,541.363514
34.270470,-158.503159,541.373119
44.479572,-141.824840,542.060664
51.370348,-119.527330,542.620709
52.980137,-92.825941,542.493471
48.676427,-67.677616,541.571850
39.982613,-48.146433,540.247042
28.792434,-33.532783,539.278347
16.330397,-21.894770,539.525650
3.302857,-11.689316,541.628533
-9.816929,-1.759697,545.739919
-22.599503,8.966149,551.409930
-34.495705,21.786025,557.665047
-44.729635,43.725277,563.324974
-51.467422,66.021930,567.039752
-52.957726,92.566758,568.103739
-48.626240,117.484729,566.325987
-39.977475,136.861091,562.161493
-28.854788,151.399987,556.581624
-16.450737,163.004640,550.802922
-3.456134,173.195292,545.949081
9.662300,-176.880013,542.747113
22.475288,-166.148833,541.355329
34.427048,-153.302731,541.379974
44.602500,-136.556312,542.071021
51.432961,-114.177199,542.624479
52.959328,-87.450281,542.485757
48.580845,-62.365462,541.554778
39.840631,-42.914307,540.229128
28.625985,-28.354955,539.271574
16.152075,-16.746207,539.541140
3.120297,-6.551950,541.672220
-9.997825,3.381219,545.809730
-22.772343,14.126382,551.495518
-34.651067,26.986582,557.750236
-44.850516,48.994456,563.391713
-51.527967,71.371068,567.073876
-52.935847,97.939265,568.098177
-48.530907,122.794055,566.282738
-39.836377,142.091725,562.091003
-28.689260,156.577143,556.499860
-16.273067,168.152903,550.726917
-3.273816,178.332530,545.892239
9.843408,-171.739103,542.715717
22.648753,-160.988420,541.347423
34.583294,-148.101556,541.386958
44.724794,-131.286654,542.081346
51.494528,-108.826119,542.628107
52.937336,-82.074991,542.477881
48.484421,-57.054485,541.537624
39.698186,-37.683135,540.211284
28.459301,-23.177686,539.265042
15.973648,-11.597912,539.556998
2.937722,-1.414632,541.716305
-10.178656,8.522288,545.879847
-22.945016,19.287014,551.581221
-34.806093,32.187882,557.835292
-44.970758,54.264755,563.458084
-51.587472,76.721121,567.107477
-52.912804,103.311386,568.092056
-48.434746,128.102222,566.239022
-39.694819,147.321421,562.020240
-28.523495,161.753747,556.418061
-16.095288,173.300902,550.651100
-3.091477,-176.530278,545.835726
10.024457,-166.598039,542.684680
22.822055,-155.827603,541.339795
34.739205,-142.899628,541.394069
44.846448,-126.015862,542.091639
51.555043,-103.474100,542.631594
52.914162,-76.700090,542.469845
48.387161,-51.744688,541.520389
39.555280,-32.452912,540.193512
28.292385,-18.000973,539.258752
15.795118,-6.449879,539.573224
2.755131,3.722639,541.760786
-10.359422,13.663514,545.950270
-23.117519,24.448050,551.667034
-34.960779,37.389932,557.920213
-45.090356,59.536177,563.524084
-51.645932,82.072078,567.140554
-52.888600,108.683104,568.085377
-48.337763,133.409227,566.194842
-39.552804,152.550184,561.949205
-28.357495,166.929803,556.336233
-15.917400,178.448641,550.575474
-2.909116,-171.393131,545.779544
10.205447,-161.456817,542.654000
22.995193,-150.666379,541.332442
34.894778,-137.696942,541.401305
44.967458,-120.743932,542.101896
51.614502,-98.121154,542.634937
52.889810,-71.325599,542.461649
48.289070,-46.436073,541.503075
39.411919,-27.223631,540.175813
28.125239,-12.824810,539.252708
15.616488,-1.302105,539.589820
2.572527,8.859866,541.805664
-10.540121,18.804898,546.020997
-23.289852,29.609494,551.752956
-35.115123,42.592736,558.004994
-45.209304,64.808726,563.589710
-51.703342,87.423928,567.173106
-52.863236,114.054399,568.078141
-48.239964,138.715069,566.150198
-39.410337,157.778020,561.877903
-28.191263,172.105316,556.254379
-15.739407,-176.403875,550.500040
-2.726736,-166.256026,545.723694
10.386376,-156.315434,542.623677
23.168165,-145.504743,541.325363
35.050011,-132.493492,541.408664
45.087817,-115.470860,542.112117
51.672899,-92.767294,542.638136
52.864281,-65.951536,542.453293
48.190155,-41.128640,541.485684
39.268106,-21.995288,540.158191
27.957865,-7.649192,539.246910
15.437757,3.845411,539.606787
2.389910,13.997053,541.850937
-10.720752,23.946444,546.092024
-23.462012,34.771350,551.838982
-35.269121,47.796300,558.089633
-45.327597,70.082404,563.654960
-51.759698,92.776658,567.205131
-52.836716,119.425252,568.070347
-48.141355,144.019747,566.105094
-39.267423,163.004934,561.806336
-28.024800,177.280292,556.172500
-15.561308,-171.256645,550.424802
-2.544336,-161.118960,545.668177
10.567244,-151.173887,542.593711
23.340969,-140.342692,541.318557
35.204899,-127.289272,541.416143
45.207520,-110.196644,542.122300
51.730230,-87.412532,542.641191
52.837578,-60.577921,542.444777
48.090422,-35.822392,541.468218
39.123846,-16.767875,540.140648
27.790265,-2.474115,539.241362
15.258927,8.992675,539.624125
2.207281,19.134201,541.896606
-10.901314,29.088155,546.163351
-23.633997,39.933621,551.925110
-35.422770,53.000630,558.174125
-45.445229,75.357215,563.719830
-51.814994,98.130255,567.236628
-52.809041,124.795644,568.061996
-48.041941,149.323260,566.059531
-39.124064,168.230932,561.734508
-27.858110,-177.545266,556.090602
-15.383106,-166.109665,550.349762
-2.361919,-155.981930,545.612994
10.748048,-146.032174,542.564101
23.513603,-135.180221,541.312021
35.359440,-122.084277,541.423739
45.326563,-104.921279,542.132442
51.786489,-82.056880,542.644099
52.809704,-55.204772,542.436103
47.989876,-30.517328,541.450678
38.979142,-11.541389,540.123186
27.622442,2.700426,539.236065
15.080001,14.139690,539.641837
2.024641,24.271314,541.942670
-11.081805,34.230034,546.234975
-23.805806,45.096312,552.011335
-35.576067,58.205731,558.258467
-45.562196,80.633163,563.784319
-51.869227,103.484707,567.267595
-52.780215,130.165558,568.053090
-47.941727,154.625607,566.013512
-38.980265,173.456019,561.662423
-27.691194,-172.371353,556.008687
-15.204801,-160.962931,550.274922
-2.179484,-150.844934,545.558146
10.928788,-140.890291,542.534847
23.686066,-130.017326,541.305754
35.513629,-116.878501,541.431452
45.444938,-99.644763,542.142541
51.841673,-76.700351,542.646861
52.780661,-49.832110,542.427270
47.888524,-25.213449,541.433066
38.833999,-6.315822,540.105808
27.454398,7.874436,539.231021
14.900979,19.286458,539.659922
1.841993,29.408395,541.989128
-11.262224,39.372084,546.306893
-23.977437,50.259427,552.097656
-35.729008,63.411609,558.342657
-45.678492,85.910248,563.848422
-51.922392,108.840000,567.298032
-52.750240,135.534975,568.043627
-47.840721,159.926788,565.967039
-38.836029,178.680201,561.590082
-27.524054,-167.197964,555.926759
-15.026396,-155.816441,550.200286
-1.997034,-145.707968,545.503635
11.109462,-135.748235,542.505948
23.858355,-124.854003,541.299753
35.667465,-111.671938,541.439277
45.562642,-94.367092,542.152595
51.895775,-71.342958,542.649476
52.750451,-44.459953,542.418279
47.786371,-19.910757,541.415385
38.688420,-1.091169,540.088516
27.286135,13.047920,539.226234
14.721862,24.432983,539.678383
1.659335,34.545446,542.035980
-11.442571,44.514307,546.379104
-24.148887,55.422970,552.184068
-35.881591,68.618269,558.426689
-45.794111,91.188476,563.912139
-51.974483,114.196123,567.327937
-52.719119,140.903877,568.033610
-47.738927,165.226801,565.920113
-38.691361,-176.096516,561.517489
-27.356693,-162.025095,555.844821
-14.847891,-150.670190,550.125856
-1.814570,-140.571031,545.449461
11.290069,-130.606002,542.477404
24.030470,-119.690248,541.294018
35.820944,-106.464584,541.447214
45.679668,-89.088264,542.162603
51.948793,-65.984715,542.651942
52.719079,-39.088318,542.409132
47.683424,-14.609251,541.397635
38.542410,4.132575,540.071313
27.117655,18.220882,539.221704
14.542652,29.579268,539.697219
1.476671,39.682470,542.083225
-11.622843,49.656708,546.451605
-24.320156,60.586946,552.270569
-36.033812,73.825717,558.510562
-45.909049,96.467847,563.975465
-52.025497,119.553060,567.357309
-52.686854,146.272245,568.023038
-47.636352,170.525647,565.872739
-38.546264,-170.874127,561.444649
-27.189113,-156.852740,555.762876
-14.669287,-145.524176,550.051634
-1.632092,-135.434119,545.395625
11.470609,-125.463592,542.449213
24.202407,-114.526056,541.288546
35.974061,-101.256431,541.455259
45.796010,-83.808276,542.172563
52.000720,-60.625635,542.654259
52.686546,-33.717226,542.399828
47.579688,-9.308932,541.379818
38.395972,9.355417,540.054201
26.948961,23.393327,539.217434
14.363350,34.725317,539.716433
1.294001,44.819470,542.130862
-11.803040,54.799289,546.524395
-24.491241,65.751358,552.357154
-36.185668,79.033958,558.594270
-46.023299,101.748365,564.038398
-52.075430,124.910799,567.386147
-52.653449,151.640063,568.011912
-47.533001,175.823326,565.824916
-38.400743,-165.652626,561.371563
-27.021316,-151.680896,555.680928
-14.490587,-140.378395,549.977623
-1.449601,-130.297229,545.342129
11.651079,-120.320998,542.421376
24.374164,-109.361423,541.283335
36.126815,-96.047475,541.463410
45.911664,-78.527124,542.182473
52.051552,-55.265733,542.656425
52.652855,-28.346693,542.390368
47.475170,-4.009799,541.361937
38.249110,14.577362,540.037182
26.780055,28.565259,539.213426
14.183959,39.871133,539.736025
1.111325,49.956449,542.178892
-11.983160,59.942053,546.597470
-24.662140,70.916211,552.443822
-36.337155,84.242998,558.677812
-46.136856,107.030032,564.100936
-52.124276,130.269325,567.414449
-52.618907,157.007312,568.000233
-47.428880,-178.880163,565.776648
-38.254801,-160.432007,561.298235
-26.853303,-146.509557,555.598980
-14.311791,-135.232845,549.903825
-1.267099,-125.160359,545.288974
11.831479,-115.178220,542.393893
24.545741,-104.196345,541.278383
36.279200,-90.837709,541.471666
46.026624,-73.244808,542.192330
52.101285,-49.905022,542.658442
52.618011,-22.976737,542.380752
47.369874,1.288147,541.343993
38.101829,19.798415,540.020258
26.610939,33.736683,539.209683
14.004478,45.016719,539.755997
0.928645,55.093408,542.227312
-12.163202,65.085003,546.670829
-24.832852,76.081509,552.530568
-36.488270,89.452843,558.761183
-46.249715,112.312850,564.163076
-52.172032,135.628623,567.442215
-52.583230,162.373976,567.988002
-47.323994,-173.584818,565.727938
-38.108441,-155.212266,561.224668
-26.685078,-141.338720,555.517035
-14.132901,-130.087521,549.830243
-1.084587,-120.023507,545.236160
12.011807,-110.035254,542.366761
24.717135,-99.030818,541.273690
36.431215,-85.627128,541.480023
46.140883,-67.961323,542.202133
52.149915,-44.543517,542.660306
52.582016,-17.607378,542.370982
47.263808,6.584907,541.325988
37.954131,25.018584,540.003433
26.441614,38.907604,539.206206
13.824909,50.162078,539.776348
0.745963,60.230352,542.276124
-12.343165,70.228143,546.744470
-25.003375,81.247256,552.617389
-36.639010,94.663498,558.844381
-46.361870,117.596821,564.224815
-52.218694,140.988680,567.469443
-52.546423,167.740037,567.975218
-47.218350,-168.290640,565.678786
-37.961668,-149.993395,561.150866
-26.516642,-136.168379,555.435097
-13.953918,-124.942421,549.756879
-0.902066,-114.886668,545.183689
12.192061,-104.892096,542.339980
24.888345,-93.864838,541.269252
36.582855,-80.415726,541.488480
46.254437,-62.676668,542.211880
52.197437,-39.181234,542.662019
52.544873,-12.238631,542.361058
47.156976,11.880482,541.307924
37.806022,30.237872,539.986709
26.272084,44.078026,539.202997
13.645254,55.307214,539.797080
0.563279,65.367282,542.325325
-12.523048,75.371474,546.818390
-25.173705,86.413456,552.704282
-36.789370,99.874970,558.927401
-46.473316,122.881948,564.286150
-52.264257,146.349481,567.496133
-52.508489,173.105478,567.961884
-47.111953,-162.997628,565.629197
-37.814485,-144.775391,561.076832
-26.347998,-130.998531,555.353168
-13.774843,-119.797542,549.683735
-0.719537,-109.749841,545.131561
12.372242,-99.748744,542.313551
25.059367,-88.698399,541.265068
36.734118,-75.203498,541.497033
46.367279,-57.390840,542.221570
52.243846,-33.818186,542.663579
52.506587,-6.870514,542.350981
47.049385,17.174873,541.289803
37.657504,35.456287,539.970087
26.102350,49.247954,539.200059
13.465514,60.452130,539.818194
0.380594,70.504202,542.374915
-12.702849,80.515002,546.892586
-25.343843,91.580114,552.791243
-36.939349,105.087262,559.010240
-46.584047,128.168232,564.347080
-52.308718,151.711010,567.522282
-52.469430,178.470282,567.947999
-47.004808,-157.705781,565.579171
-37.666896,-139.558246,561.002569
-26.179146,-125.829171,555.271253
-13.595678,-114.652879,549.610815
-0.537001,-104.613023,545.079777
12.552347,-94.605195,542.287472
25.230201,-83.531498,541.261136
36.884998,-69.990438,541.505682
46.479405,-52.103838,542.231199
52.289140,-28.454389,542.664985
52.467160,-1.503045,542.340751
46.941041,22.468079,541.271627
37.508581,40.673834,539.953572
25.932414,54.417393,539.197393
13.285691,65.596829,539.839691
0.197910,75.641115,542.424894
-12.882567,85.658728,546.967057
-25.513785,96.747235,552.878270
-37.088942,110.300382,559.092895
-46.694057,133.455675,564.407601
-52.352073,157.073252,567.547891
-52.429251,-176.165566,567.933564
-46.896922,-152.415098,565.528712
-37.518905,-134.341956,560.928080
-26.010091,-120.660294,555.189354
-13.416424,-109.508431,549.538120
-0.354459,-99.476211,545.028338
12.732375,-89.461445,542.261742
25.400843,-78.364131,541.257454
37.035494,-64.776539,541.514423
46.590807,-46.815659,542.240768
52.333313,-23.089859,542.666236
52.426596,3.863760,542.330369
46.831949,27.760103,541.253397
37.359258,45.890518,539.937164
25.762279,59.586346,539.195002
13.105785,70.741314,539.861572
0.015227,80.778022,542.475260
-13.062201,90.802655,547.041800
-25.683530,101.914822,552.965359
-37.238146,115.514334,559.175362
-46.803341,138.744278,564.467712
-52.394317,162.436192,567.572958
-52.387955,-170.802083,567.918581
-46.788300,-147.125578,565.477821
-37.370515,-129.126514,560.853369
-25.840832,-115.491895,555.107475
-13.237082,-104.364194,549.465653
-0.171912,-94.339402,544.977246
12.912325,-84.317490,542.236361
25.571293,-73.196292,541.254021
37.185601,-59.561797,541.523254
46.701481,-41.526302,542.250273
52.376362,-17.724612,542.667333
52.384899,9.229884,542.319836
46.722115,33.050946,541.235116
37.209537,51.106346,539.920866
25.591946,64.754818,539.192888
12.925798,75.885589,539.883837
-0.167454,85.914927,542.526013
-13.241749,95.946788,547.116813
-25.853076,107.082879,553.052506
-37.386957,120.729125,559.257638
-46.911893,144.034043,564.527408
-52.435447,167.799814,567.597483
-52.345546,-165.439286,567.903050
-46.678948,-141.837220,565.426502
-37.221729,-123.911916,560.778439
-25.671373,-110.323972,555.025619
-13.057654,-99.220165,549.393416
0.010638,-89.202594,544.926500
13.092196,-79.173329,542.211328
25.741549,-68.027978,541.250833
37.335315,-54.346205,541.532172
46.811421,-36.235766,542.259713
52.418283,-12.358664,542.668274
52.342072,14.595311,542.309153
46.611545,38.340608,541.216785
37.059423,56.321323,539.904681
25.421417,69.922814,539.191052
12.745731,81.029656,539.906488
-0.350130,91.051832,542.577152
-13.421211,101.091129,547.192093
-26.022421,112.251412,553.139708
-37.535372,125.944760,559.339719
-47.019708,149.324972,564.586688
-52.475459,173.164101,567.621463
-52.302028,-160.077189,567.886971
-46.568871,-136.550021,565.374756
-37.072552,-118.698154,560.703293
-25.501715,-105.156518,554.943790
-12.878141,-94.076340,549.321412
0.193192,-84.065784,544.876102
13.271985,-74.028958,542.186642
25.911607,-62.859184,541.247890
37.484634,-49.129758,541.541177
46.920621,-30.944048,542.269086
52.459072,-6.992030,542.669059
52.298120,19.960024,542.298321
46.500245,43.629093,541.198407
36.908918,61.535455,539.888611
25.250695,75.090338,539.189498
12.565586,86.173519,539.929525
-0.532802,96.188741,542.628676
-13.600584,106.235680,547.267639
-26.191562,117.420425,553.226962
-37.683386,131.161244,559.421602
-47.126779,154.617064,564.645550
-52.514350,178.529038,567.644899
-52.257404,-154.715808,567.870347
-46.458075,-131.263982,565.322585
-36.922987,-113.485225,560.627934
-25.331861,-99.989531,554.861990
-12.698543,-88.932716,549.249642
0.375746,-78.928969,544.826053
13.451693,-68.884374,542.162302
26.081467,-57.689906,541.245189
37.633553,-43.912450,541.550264
47.029075,-25.651148,542.278390
52.498725,-1.624728,542.669687
52.253047,25.324009,542.287339
46.388221,48.916400,541.179983
36.758028,66.748748,539.872659
25.079782,80.257394,539.188226
12.385363,91.317181,539.952948
-0.715468,101.325656,542.680585
-13.779869,111.380447,547.343446
-26.360498,122.589921,553.314264
-37.830998,136.378584,559.503285
-47.233102,159.910321,564.703991
-52.552116,-176.105393,567.667789
-52.211678,-149.355160,567.853176
-46.346566,-125.979099,565.269994
-36.773037,-108.273122,560.552367
-25.161812,-94.823004,554.780223
-12.518863,-83.789291,549.178109
0.558302,-73.792146,544.776353
13.631318,-63.739573,542.138308
26.251125,-52.520139,541.242728
37.782068,-38.694275,541.559433
47.136777,-20.357064,542.287624
52.537238,3.743226,542.670158
52.206856,30.687248,542.276210
46.275477,54.202533,541.161516
36.606754,71.961208,539.856827
24.908679,85.423988,539.187238
12.205065,96.460645,539.976760
-0.898127,106.462580,542.732877
-13.959062,116.525430,547.419514
-26.529227,127.759906,553.401612
-37.978202,141.596785,559.584762
-47.338671,165.204745,564.762008
-52.588754,-170.739207,567.690133
-52.164855,-143.995257,567.835462
-46.234348,-120.695372,565.216983
-36.622705,-103.061839,560.476594
-24.991570,-89.656936,554.698491
-12.339102,-78.646062,549.106816
0.740856,-68.655313,544.727003
13.810857,-58.594552,542.114658
26.420581,-47.349878,541.240506
37.930177,-33.475228,541.568680
47.243722,-15.061796,542.296786
52.574609,9.111814,542.670470
52.159552,36.049728,542.264934
46.162021,59.487492,541.143007
36.455102,77.172839,539.841118
24.737388,90.590122,539.186538
12.024692,101.603915,540.000960
-1.080778,111.599515,542.785551
-14.138164,121.670635,547.495840
-26.697746,132.930383,553.489001
-38.124995,146.815852,559.666031
-47.443479,170.500334,564.819599
-52.624260,-165.372422,567.711929
-52.116939,-138.636116,567.817204
-46.121428,-115.412798,565.163555
-36.471996,-97.851372,560.400618
-24.821138,-84.491319,554.616800
-12.159260,-73.503024,549.035765
0.923409,-63.518466,544.678004
13.990311,-53.449308,542.091353
26.589832,-42.179120,541.238521
38.077874,-28.255302,541.578003
47.349903,-9.765342,542.305874
52.610833,14.481020,542.670624
52.111139,41.411432,542.253511
46.047857,64.771281,541.124458
36.303073,82.383648,539.825533
24.565912,95.755803,539.186126
11.844245,106.746992,540.025549
-1.263420,116.736464,542.838607
-14.317172,126.816063,547.572420
-26.866054,138.101359,553.576428
-38.271373,152.035791,559.747089
-47.547522,175.797091,564.876761
-52.658632,-160.005054,567.733177
-52.067934,-133.277751,567.798403
-46.007812,-110.131374,565.109713
-36.320913,-92.641713,560.324443
-24.650517,-79.326152,554.535150
-11.979340,-68.360176,548.964957
1.105959,-58.381604,544.629356
14.169678,-48.303839,542.068390
26.758875,-37.007859,541.236769
38.225157,-23.034492,541.587400
47.455316,-4.467703,542.314886
52.645907,19.850826,542.670619
52.061621,46.772346,542.241943
45.932991,70.053902,541.105872
36.150673,87.593642,539.810076
24.394252,100.921033,539.186005
11.663727,111.889881,540.050528
-1.446052,121.873430,542.892044
-14.496086,131.961719,547.649253
-27.034149,143.272836,553.663890
-38.417334,157.256609,559.827932
-47.650793,-178.904985,564.933493
-52.691865,-154.637122,567.753876
-52.017843,-127.920176,567.779061
-45.893504,-104.851100,565.055460
-36.169459,-87.432859,560.248072
-24.479709,-74.161429,554.453547
-11.799341,-63.217513,548.894396
1.288505,-53.244723,544.581061
14.348956,-43.158139,542.045769
26.927709,-31.836091,541.235250
38.372022,-17.812792,541.596870
47.559953,0.831123,542.323821
52.679828,25.221214,542.670455
52.011003,52.132455,542.230231
45.817429,75.335356,541.087250
35.997903,92.802824,539.794748
24.222411,106.085817,539.186177
11.483137,117.032585,540.075898
-1.628672,127.010417,542.945860
-14.674903,137.107605,547.726337
-27.202027,148.444819,553.751384
-38.562872,162.478309,559.908556
-47.753287,-173.605894,564.989791
-52.723957,-149.268643,567.774025
-51.966672,-122.563406,567.759178
-45.778510,-99.571971,565.000797
-36.017637,-82.224802,560.171508
-24.308715,-68.997146,554.371992
-11.619267,-58.075034,548.824083
1.471046,-48.107821,544.533118
14.528144,-38.012207,542.023489
27.096331,-26.663812,541.233961
38.518464,-12.590196,541.606408
47.663810,6.131136,542.332677
52.712593,30.592166,542.670130
51.959289,57.491745,542.218376
45.701176,80.615648,541.068594
35.844768,98.011202,539.779553
24.050390,111.250160,539.186643
11.302478,122.175106,540.101659
-1.811280,132.147425,543.000055
-14.853624,142.253724,547.803667
-27.369688,153.617313,553.838906
-38.707984,167.700899,559.988959
-47.854997,-168.305636,565.045653
-52.754906,-143.899634,567.793624
-51.914425,-117.207453,567.738755
-45.662835,-94.293986,564.945728
-35.865451,-77.017538,560.094756
-24.137539,-63.833299,554.290490
-11.439117,-52.932734,548.754020
1.653581,-42.970895,544.485529
14.707240,-32.866040,542.001550
27.264740,-21.491016,541.232901
38.664480,-7.366699,541.616014
47.766879,11.432336,542.341452
52.744198,35.963665,542.669645
51.906483,62.850202,542.206377
45.584238,85.894778,541.049907
35.691271,103.218780,539.764492
23.878191,116.414065,539.187405
11.121751,127.317448,540.127812
-1.993874,137.284459,543.054627
-15.032246,147.400081,547.881243
-27.537129,158.790324,553.926452
-38.852666,172.924384,560.069137
-47.955919,-163.004211,565.101078
-52.784707,-138.530113,567.812671
-51.861105,-111.852331,567.717795
-45.546486,-89.017143,564.890254
-35.712904,-71.811061,560.017817
-23.966181,-58.669884,554.209043
-11.258893,-47.790611,548.684210
1.836109,-37.833941,544.438294
14.886244,-27.719632,541.979950
27.432933,-16.317700,541.232067
38.810065,-2.142295,541.625684
47.869156,16.734722,542.350144
52.774641,41.335691,542.668999
51.852590,68.207813,542.194238
45.466621,91.172750,541.031191
35.537416,108.425565,539.749569
23.705816,121.577538,539.188466
10.940957,132.459614,540.154357
-2.176454,142.421521,543.109575
-15.210768,152.546678,547.959062
-27.704348,163.963854,554.014020
-38.996915,178.148769,560.149087
-48.056046,-157.701620,565.156062
-52.813359,-133.160100,567.831166
-51.806719,-106.498054,567.696296
-45.429467,-83.741437,564.834379
-35.560000,-66.605365,559.940697
-23.794644,-53.506896,554.127654
-11.078597,-42.648662,548.614656
2.018628,-32.696959,544.391413
15.065154,-22.572983,541.958687
27.600908,-11.143858,541.231457
38.955217,3.083022,541.635417
47.970634,22.038294,542.358752
52.803918,46.708227,542.668191
51.797616,73.564563,542.181957
45.348331,96.449567,541.012447
35.383205,113.631563,539.734784
23.533267,126.740581,539.189828
10.760097,137.601606,540.181296
-2.359018,147.558614,543.164899
-15.389189,157.693518,548.037120
-27.871343,169.137909,554.101605
-39.140726,-176.625940,560.228805
-48.155372,-152.397863,565.210603
-52.840858,-127.789611,567.849109
-51.751270,-101.144635,567.674262
-45.311784,-78.466867,564.778105
-35.406741,-61.400445,559.863397
-23.622929,-48.344332,554.046328
-10.898229,-37.506884,548.545358
2.201138,-27.559943,544.344888
15.243969,-17.426088,541.937762
27.768662,-5.969485,541.231069
39.099930,8.309258,541.645210
48.071307,27.343052,542.367275
52.832028,52.081254,542.667222
51.741563,78.920439,542.169537
45.229371,101.725232,540.993677
35.228642,118.836778,539.720142
23.360546,131.903200,539.191491
10.579172,142.743428,540.208628
-2.541565,152.695740,543.220598
-15.567507,162.840605,548.115415
-28.038111,174.312493,554.189204
-39.284096,-171.399738,560.308288
-48.253893,-147.092941,565.264700
-52.867203,-122.418666,567.866498
-51.694763,-95.792086,567.651692
-45.193442,-73.193430,564.721435
-35.253131,-56.196295,559.785921
-23.451038,-43.182187,553.965066
-10.717791,-32.365273,548.476319
2.383638,-22.422893,544.298719
15.422687,-12.278943,541.917174
27.936195,-0.794578,541.230902
39.244202,13.536418,541.655061
48.171170,32.648996,542.375710
52.858966,57.454752,542.666090
51.684438,84.275429,542.156979
45.109749,106.999749,540.974884
35.073731,124.041216,539.705644
23.187654,137.065399,539.193459
10.398183,147.885083,540.236354
-2.724094,157.832902,543.276669
-15.745721,167.987942,548.193946
-28.204651,179.487612,554.276815
-39.427021,-166.172618,560.387533
-48.351601,-141.786856,565.318349
-52.892390,-117.047283,567.883333
-51.637202,-90.440419,567.628589
-45.074446,-67.921121,564.664372
-35.099173,-50.992910,559.708273
-23.278974,-38.020458,553.883872
-10.537284,-27.223827,548.407542
2.566126,-17.285805,544.252906
15.601307,-7.131546,541.896920
28.103502,4.380869,541.230952
39.388027,18.764508,541.664968
48.270217,37.956123,542.384056
52.884732,62.828703,542.664796
51.626246,89.629520,542.144282
44.989470,112.273120,540.956070
34.918474,129.244884,539.691293
23.014594,142.227180,539.195732
10.217133,153.026574,540.264475
-2.906605,162.970104,543.333113
-15.923830,173.135532,548.272708
-28.370959,-175.336731,554.364433
-39.569496,-160.944576,560.466536
-48.448492,-136.479608,565.371548
-52.916418,-111.675481,567.899613
-51.578593,-85.089647,567.604952
-44.954802,-62.649939,564.606917
-34.944870,-45.790284,559.630455
-23.106737,-32.859139,553.802750
-10.356709,-22.082543,548.339027
2.748602,-12.148676,544.207449
15.779827,-1.983893,541.877001
28.270582,9.556860,541.231219
39.531402,23.993533,541.674928
48.368441,43.264434,542.392311
52.909321,68.203088,542.663339
51.566990,94.982700,542.131450
44.868538,117.545348,540.937237
34.762876,134.447787,539.677091
22.841368,147.388550,539.198314
10.036022,158.167904,540.292992
-3.089095,168.107347,543.389927
-16.101832,178.283380,548.351699
-28.537035,-170.160530,554.452055
-39.711518,-155.715606,560.545294
-48.544559,-131.171199,565.424296
-52.939283,-106.303278,567.915338
-51.518940,-79.739781,567.580784
-44.834515,-57.379879,564.549074
-34.790226,-40.588412,559.552472
-22.934330,-27.698228,553.721702
-10.176067,-16.941418,548.270779
2.931064,-7.011503,544.162351
15.958246,3.164019,541.857414
28.437434,14.733401,541.231699
39.674323,29.223500,541.684940
48.465836,48.573927,542.400474
52.932732,73.577887,542.661719
51.506676,100.334956,542.118482
44.746960,122.816438,540.918387
34.606938,139.649930,539.663041
22.667976,152.549512,539.201204
9.854851,163.309076,540.321904
-3.271564,173.244635,543.447111
-16.279726,-176.568513,548.430917
-28.702875,-164.983781,554.539677
-39.853083,-150.485701,560.623804
-48.639797,-125.861630,565.476590
-52.960984,-100.930696,567.930507
-51.458249,-74.390834,567.556086
-44.713590,-52.110939,564.490845
-34.635243,-35.387288,559.474327
-22.761754,-22.537720,553.640731
-9.995360,-11.800448,548.202797
3.113511,-1.874285,544.117609
16.136563,8.312193,541.838160
28.604053,19.910495,541.232391
39.816785,34.454415,541.695000
48.562397,53.884600,542.408544
52.954963,78.953080,542.659935
51.445310,105.686276,542.105379
44.624740,128.086393,540.899523
34.450664,144.851319,539.649145
22.494421,157.710069,539.204407
9.673621,168.450093,540.351212
-3.454010,178.381970,543.504663
-16.457510,-171.420142,548.510360
-28.868478,-159.806479,554.627297
-39.994186,-145.254858,560.702062
-48.734199,-120.550904,565.528427
-52.981520,-95.557751,567.945120
-51.396523,-69.042816,567.530859
-44.592033,-46.843114,564.432233
-34.479925,-30.186907,559.396023
-22.589011,-17.377610,553.559841
-9.814589,-6.659631,548.135085
3.295942,3.262983,544.073226
16.314776,13.460634,541.819236
28.770439,25.088149,541.233292
39.958784,39.686282,541.705107
48.658118,59.196452,542.416517
52.976011,84.328648,542.657987
51.382895,111.036650,542.092143
44.501885,133.355216,540.880645
34.294058,150.051960,539.635405
22.320705,162.870226,539.207922
9.492334,173.590957,540.380917
-3.636434,-176.480645,543.562583
-16.635183,-166.271504,548.590023
-29.033841,-154.628619,554.714910
-40.134823,-140.023070,560.780066
-48.827760,-115.239023,565.579807
-53.000886,-90.184465,567.959176
-51.333769,-63.695738,567.505104
-44.469848,-41.576401,564.373241
-34.324274,-24.987263,559.317563
-22.416103,-12.217896,553.479035
-9.633754,-1.518964,548.067645
3.478356,8.400302,544.029202
16.492884,18.609344,541.800642
28.936588,30.266366,541.234401
40.100317,44.919107,541.715258
48.752992,64.509480,542.424394
52.995875,89.704571,542.655875
51.319438,116.386066,542.078775
44.378399,138.622911,540.861757
34.137122,155.251858,539.621824
22.146830,168.029988,539.211753
9.310991,178.731673,540.411019
-3.818833,-171.343207,543.620868
-16.812744,-161.122596,548.669905
-29.198961,-149.450196,554.802513
-40.274991,-134.790331,560.857811
-48.920474,-109.925988,565.630725
-53.019083,-84.810856,567.972675
-51.269991,-58.349612,567.478822
-44.347042,-36.310797,564.313872
-34.168294,-19.788350,559.238952
-22.243032,-7.058573,553.398315
-9.452858,3.621556,548.000478
3.660751,13.537676,543.985536
16.670886,23.758327,541.782376
29.102499,35.445152,541.235716
40.241379,50.152897,541.725451
48.847014,69.823683,542.432173
53.014552,95.080829,542.653599
51.254943,121.734512,542.065276
44.254288,143.889483,540.842860
33.979860,160.451018,539.608404
21.972797,173.189357,539.215900
9.129593,-176.127758,540.441519
-4.001206,-166.205713,543.679518
-16.990191,-155.973415,548.750003
-29.363837,-144.271207,554.890103
-40.414685,-129.556637,560.935296
-49.012336,-104.611803,565.681181
-53.036109,-79.436944,567.985616
-51.205194,-53.004447,567.452015
-44.223618,-31.046297,564.254127
-34.011988,-14.590164,559.160191
-22.069799,-1.899637,553.317686
-9.271901,8.761933,547.933586
3.843128,18.675106,543.942230
16.848779,28.907586,541.764438
29.268169,40.624511,541.237233
40.381965,55.387656,541.735684
48.940178,75.139058,542.439851
53.032040,100.457402,542.651158
51.189416,127.081979,542.051647
44.129557,149.154935,540.823957
33.822274,165.649448,539.595148
21.798608,178.348338,539.220366
8.948142,-170.987331,540.472416
-4.183552,-161.068160,543.738532
-17.167523,-150.823956,548.830314
-29.528466,-139.091644,554.977677
-40.553900,-124.321981,561.012515
-49.103339,-99.296470,565.731172
-53.051960,-74.062749,567.997999
-51.139384,-47.660254,567.424684
-44.099582,-25.782898,564.194010
-33.855359,-9.392699,559.081285
-21.896406,3.258916,553.237149
-9.090885,13.902169,547.866972
4.025484,23.812598,543.899284
17.026563,34.057124,541.746826
29.433595,45.804449,541.238952
40.522071,60.623390,541.745955
49.032477,80.455602,542.447428
53.048338,105.834270,542.648552
51.122862,132.428455,542.037890
44.004211,154.419271,540.805050
33.664369,170.847150,539.582058
21.624264,-176.493064,539.225152
8.766637,-165.847045,540.503712
-4.365871,-155.930547,543.797907
-17.344739,-145.674217,548.910835
-29.692845,-133.911505,555.065230
-40.692634,-119.086359,561.089467
-49.193478,-93.979992,565.780697
-53.066637,-68.688290,568.009823
-51.072565,-42.317043,567.396831
-43.974940,-20.520596,564.133525
-33.698409,-4.195949,559.002237
-21.722855,8.417089,553.156709
-8.909810,19.042266,547.800636
4.207819,28.950151,543.856697
17.204236,39.206946,541.729539
29.598776,50.984969,541.240870
40.661694,65.860106,541.756261
49.123907,85.773313,542.454902
53.063445,111.211412,542.645781
51.055286,137.773932,542.024005
43.878255,159.682496,540.786141
33.506146,176.044133,539.569136
21.449768,-171.334847,539.230260
8.585082,-160.706897,540.535406
-4.548161,-150.792869,543.857643
-17.521836,-140.524193,548.991564
-29.856973,-128.730784,555.152759
-40.830881,-113.849765,561.166148
-49.282747,-88.662372,565.829752
-53.080138,-63.313589,568.021088
-51.004743,-36.974823,567.368456
-43.849696,-15.259386,564.072672
-33.541142,1.000091,558.923050
-21.549148,13.574888,553.076368
-8.728678,24.182228,547.734582
4.390131,34.087771,543.814471
17.381797,44.357055,541.712576
29.763708,56.166079,541.242984
40.800828,71.097807,541.766600
49.214460,91.092188,542.462272
53.077358,116.588807,542.642845
50.986694,143.118398,542.009994
43.751695,164.944613,540.767233
33.347609,-178.759600,539.556386
21.275121,-166.177006,539.235692
8.403476,-155.566882,540.567499
-4.730421,-145.655125,543.917738
-17.698814,-135.373883,549.072498
-30.020847,-123.549476,555.240261
-40.968637,-108.612193,561.242554
-49.371139,-83.343615,565.878336
-53.092461,-57.938665,568.031793
-50.935923,-31.633604,567.339562
-43.723855,-9.999265,564.011456
-33.383561,6.195427,558.843729
-21.375285,18.732314,552.996129
-8.547490,29.322059,547.668811
4.572420,39.225459,543.772605
17.559244,49.507453,541.695935
29.928389,61.347781,541.245293
40.939469,76.336500,541.776970
49.304130,96.412223,542.469535
53.090077,121.966436,542.639743
50.917091,148.461845,541.995857
43.624535,170.205627,540.748327
33.188760,-173.564043,539.543808
21.100325,-161.019537,539.241449
8.221822,-150.426999,540.599991
-4.912649,-140.517311,543.978191
-17.875671,-130.223281,549.153633
-30.184464,-118.367576,555.327732
-41.105898,-103.373639,561.318684
-49.458650,-78.023722,565.926447
-53.103605,-52.563538,568.041939
-50.866111,-26.293394,567.310150
-43.597422,-4.740228,563.949879
-33.225668,11.390062,558.764275
-21.201269,23.889373,552.915995
-8.366247,34.461760,547.603325
4.754683,44.363218,543.731100
17.736575,54.658146,541.679615
30.092818,66.530082,541.247795
41.077613,81.576191,541.787369
49.392913,101.733415,542.476692
53.101600,127.344277,542.636476
50.846483,153.804263,541.981597
43.496782,175.465543,540.729425
33.029603,-168.369190,539.531407
20.925382,-155.862436,539.247533
8.040119,-145.287245,540.632882
-5.094846,-135.379425,544.039000
-18.052405,-125.072385,549.234968
-30.347822,-113.185079,555.415169
-41.242659,-98.134096,561.394532
-49.545274,-72.702700,565.974083
-53.113570,-47.188228,568.051524
-50.795311,-20.954204,567.280220
-43.470403,0.517730,563.887944
-33.067466,16.584004,558.684693
-21.027102,29.046069,552.835969
-8.184950,39.601334,547.538125
4.936921,49.501051,543.689956
17.913790,59.809135,541.663615
30.256991,71.712986,541.250487
41.215256,86.816884,541.797794
49.480801,107.055759,542.483739
53.111926,132.722311,542.633044
50.774875,159.145644,541.967215
43.368439,-179.275636,540.710531
32.870141,-163.175035,539.519183
20.750293,-150.705700,539.253946
7.858370,-140.147616,540.666173
-5.277009,-130.241463,544.100164
-18.229016,-119.921190,549.316498
-30.510919,-108.001981,555.502568
-41.378917,-92.893560,561.470096
-49.631004,-67.380550,566.021242
-53.122353,-41.812756,568.060550
-50.723530,-15.616040,567.249776
-43.342801,5.774611,563.825653
-32.908959,21.777258,558.604986
-20.852785,34.202404,552.756055
-8.003601,44.740786,547.473214
5.119132,54.638961,543.649173
18.090887,64.960426,541.647934
30.420905,76.896499,541.253367
41.352392,92.058585,541.808244
49.567790,112.379253,542.490676
53.121054,138.100515,542.629445
50.702273,164.485978,541.952711
43.239512,-174.017904,540.691645
32.710377,-157.981574,539.507140
20.575060,-145.549324,539.260690
7.676576,-135.008110,540.699864
-5.459137,-125.103424,544.161682
-18.405501,-114.769695,549.398222
-30.673751,-102.818276,555.589927
-41.514666,-87.652026,561.545374
-49.715835,-62.057279,566.067922
-53.129956,-36.437142,568.069014
-50.650772,-10.278912,567.218818
-43.214623,11.030422,563.763010
-32.750149,26.969828,558.525157
-20.678319,39.358384,552.676255
-7.822201,49.880116,547.408594
5.301315,59.776951,543.608752
18.267863,70.112020,541.632570
30.584559,82.080625,541.256433
41.489018,97.301300,541.818715
49.653872,117.703891,542.497502
53.128983,143.478869,542.625681
50.628681,169.825257,541.938087
43.110006,-168.761257,540.672771
32.550313,-152.788801,539.495280
20.399684,-140.393306,539.267765
7.494737,-129.868724,540.733954
-5.641230,-119.965304,544.223551
-18.581859,-109.617894,549.480137
-30.836317,-97.633959,555.677240
-41.649902,-82.409488,561.620361
-49.799762,-56.732890,566.114120
-53.136375,-31.061407,568.076918
-50.577043,-4.942827,567.187347
-43.085873,16.285166,563.700018
-32.591038,32.161720,558.445210
-20.503707,44.514011,552.596572
-7.640750,55.019329,547.344265
5.483468,64.915023,543.568692
18.444719,75.263923,541.617522
30.747949,87.265369,541.259682
41.625129,102.545034,541.829207
49.739042,123.029669,542.504214
53.135712,148.857352,542.621751
50.554107,175.163474,541.923344
42.979926,-163.505691,540.653911
32.389952,-147.596710,539.483604
20.224168,-135.237640,539.275174
7.312855,-124.729454,540.768445
-5.823286,-114.827100,544.285771
-18.758089,-104.465784,549.562239
-30.998615,-92.449025,555.764505
-41.784621,-77.165941,561.695055
-49.882777,-51.407389,566.159836
-53.141612,-25.685571,568.084261
-50.502349,0.392207,567.155366
-42.956555,21.538848,563.636679
-32.431631,37.352939,558.365148
-20.328950,49.669289,552.517010
-7.459250,60.158428,547.280230
5.665591,70.053180,543.528994
18.621451,80.416137,541.602789
30.911074,92.450737,541.263113
41.760719,107.789791,541.839716
49.823295,128.356583,542.510812
53.141241,154.235944,542.617655
50.478555,-179.499380,541.908484
42.849277,-158.251201,540.635066
32.229297,-142.405297,539.472117
20.048512,-130.082323,539.282919
7.130931,-119.590299,540.803337
-6.005305,-109.688810,544.348340
-18.934189,-99.313363,549.644526
-31.160640,-87.263469,555.851719
-41.918819,-71.921380,561.769453
-49.964877,-46.080780,566.205067
-53.145665,-20.309655,568.091042
-50.426695,5.726182,567.122876
-42.826675,26.791472,563.572996
-32.271928,42.543491,558.284975
-20.154050,54.824223,552.437570
-7.277703,65.297414,547.216491
5.847682,75.191425,543.489657
18.798059,85.568666,541.588369
31.073930,97.636734,541.266723
41.895786,113.035578,541.850240
49.906624,133.684626,542.517295
53.145569,159.614622,542.613394
50.402032,-174.163313,541.893508
42.718064,-152.997781,540.616239
32.068351,-137.214556,539.460819
19.872719,-124.927351,539.291000
6.948967,-114.451254,540.838628
-6.187284,-104.550430,544.411257
-19.110157,-94.160625,549.726995
-31.322392,-82.077287,555.938877
-42.052490,-66.675800,561.843551
-50.046054,-40.753069,566.249811
-53.148534,-14.933678,568.097262
-50.350086,11.059092,567.089878
-42.696238,32.043044,563.508972
-32.111934,47.733381,558.204694
-19.979007,59.978815,552.358257
-7.096108,70.436291,547.153049
6.029741,80.329762,543.450683
18.974542,90.721514,541.574261
31.236515,102.823365,541.270510
42.030323,118.282400,541.860778
49.989023,139.013794,542.523660
53.148696,164.993367,542.608966
50.324542,-168.828330,541.878418
42.586292,-147.745428,540.597433
31.907117,-132.024481,539.449714
19.696790,-119.772721,539.299420
6.766962,-109.312318,540.874321
-6.369223,-99.411958,544.474519
-19.285993,-89.007568,549.809642
-31.483867,-76.890472,556.025977
-42.185630,-61.429195,561.917346
-50.126304,-35.424262,566.294066
-53.150220,-9.557663,568.102920
-50.272529,16.390929,567.056374
-42.565247,37.293568,563.444610
-31.951651,52.922613,558.124308
-19.803824,65.133071,552.279073
-6.914468,75.575062,547.089906
6.211766,85.468192,543.412070
19.150897,95.874684,541.560464
31.398827,108.010636,541.274472
42.164326,123.530262,541.871326
50.070487,144.344082,542.529907
53.150621,170.372157,542.604372
50.246092,-163.494441,541.863214
42.453965,-142.494135,540.578650
31.745597,-126.835067,539.438803
19.520727,-114.618429,539.308179
6.584920,-104.173487,540.910413
-6.551121,-94.273392,544.538125
-19.461694,-83.854188,549.892466
-31.645062,-71.703020,556.113014
-42.318235,-56.181562,561.990835
-50.205621,-30.094364,566.337831
-53.150721,-4.181630,568.108017
-50.194028,21.721686,567.022366
-42.433708,42.543049,563.379913
-31.791081,58.111194,558.043821
-19.628503,70.286992,552.200021
-6.732784,80.713730,547.027063
6.393756,90.606718,543.373819
19.327122,101.028181,541.546976
31.560862,113.198550,541.278607
42.297791,128.779168,541.881884
50.151010,149.675483,542.536035
53.151344,175.750970,542.599613
50.166687,-158.161650,541.847898
42.321088,-137.243899,540.559891
31.583795,-121.646310,539.428089
19.344531,-109.464471,539.317280
6.402839,-99.034759,540.946907
-6.732977,-89.134727,544.602073
-19.637259,-78.700481,549.975462
-31.805976,-66.514926,556.199986
-42.450299,-50.932894,562.064015
-50.283999,-24.763382,566.381104
-53.150037,1.194402,568.112552
-50.114590,27.051358,566.987855
-42.301626,47.791491,563.314885
-31.630228,63.299128,557.963237
-19.453045,75.440584,552.121104
-6.551056,85.852297,546.964523
6.575711,95.745344,543.335931
19.503218,106.182007,541.533795
31.722617,118.387115,541.282912
42.430713,134.029125,541.892449
50.230586,155.007991,542.542041
53.150865,-178.870214,542.594688
50.086333,-152.829965,541.832472
42.187667,-131.994714,540.541159
31.421712,-116.458203,539.417575
19.168204,-104.310843,539.326724
6.220723,-93.896130,540.983801
-6.914789,-83.995963,544.666363
-19.812687,-73.546444,550.058629
-31.966605,-61.326185,556.286888
-42.581819,-45.683187,562.136883
-50.361432,-19.431323,566.423882
-53.148169,6.570411,568.116525
-50.034220,32.379938,566.952843
-42.169005,53.038901,563.249527
-31.469093,68.486421,557.882558
-19.277450,80.593849,552.042325
-6.369286,90.990766,546.902287
6.757627,100.884073,543.298404
19.679181,111.336166,541.520920
31.884091,123.576334,541.287385
42.563086,139.280137,541.903018
50.309208,160.341601,542.547925
53.149184,-173.491416,542.589597
50.005036,-147.499392,541.816937
42.053705,-126.746575,540.522457
31.259352,-111.270741,539.407262
18.991748,-99.157542,539.336513
6.038572,-88.757598,541.021096
-7.096557,-78.857094,544.730992
-19.987975,-68.392073,550.141962
-32.126946,-56.136790,556.373718
-42.712789,-40.432436,562.209436
-50.437914,-14.098192,566.466165
-53.145118,11.946376,568.119937
-49.952924,37.707421,566.917332
-42.035850,58.285281,563.183842
-31.307680,73.673077,557.801787
-19.101722,85.746792,551.963686
-6.187475,96.129141,546.840356
6.939506,106.022906,543.261239
19.855010,116.490663,541.508351
32.045281,128.766213,541.292024
42.694907,144.532208,541.913589
50.386872,165.676304,542.553686
53.146302,-168.112658,542.584341
49.922803,-142.169937,541.801294
41.919208,-121.499476,540.503787
31.096717,-106.083920,539.397154
18.815163,-94.004564,539.346647
5.856386,-83.619161,541.058791
-7.278278,-73.718120,544.795958
-20.163122,-63.237364,550.225460
-32.286998,-50.946738,556.460471
-42.843205,-35.180637,562.281671
-50.513442,-8.763997,566.507950
-53.140882,17.322278,568.122786
-49.870708,43.033800,566.881324
-41.902166,63.530639,563.117835
-31.145991,78.859102,557.720930
-18.925862,90.899415,551.885191
-6.005623,101.267423,546.778732
7.121345,111.161848,543.224436
20.030704,121.645501,541.496084
32.206183,133.956758,541.296827
42.826170,149.785345,541.924161
50.463572,171.012095,542.559322
53.142218,-162.733961,542.578919
49.839637,-136.841605,541.785546
41.784181,-116.253414,540.485151
30.933811,-100.897734,539.387251
18.638452,-88.851905,539.357129
5.674168,-78.480814,541.096887
-7.459953,-68.579036,544.861260
-20.338128,-58.082313,550.309118
-32.446757,-45.756023,556.547145
-42.973063,-29.927784,562.353585
-50.588007,-3.428745,566.549235
-53.135463,22.698095,568.125074
-49.787576,48.359071,566.844820
-41.767956,68.774978,563.051507
-30.984029,84.044501,557.639988
-18.749870,96.051723,551.806843
-5.823733,106.405617,546.717417
7.303144,116.300900,543.187995
20.206261,126.800684,541.484119
32.366795,139.147973,541.301791
42.956870,155.039551,541.934731
50.539301,176.348966,542.564832
53.136933,-157.355345,542.573332
49.755547,-131.514401,541.769692
41.648627,-111.008382,540.466551
30.770635,-95.712178,539.377558
18.461616,-83.699562,539.367960
5.491918,-73.342555,541.135384
-7.641580,-63.439840,544.926896
-20.512989,-52.926918,550.392934
-32.606220,-40.564639,556.633735
-43.102356,-24.673872,562.425175
-50.661606,1.907557,566.590020
-53.128861,28.073807,568.126800
-49.703535,53.683228,566.807822
-41.633226,74.018304,562.984862
-30.821796,89.229279,557.558965
-18.573749,101.203720,551.728644
-5.641806,111.543724,546.656413
7.484901,121.440066,543.151916
20.381680,131.956214,541.472455
32.527114,144.339865,541.306914
43.087003,160.294833,541.945297
50.614055,-178.313090,542.570215
53.130447,-151.976833,542.567579
49.670537,-126.188332,541.753736
41.512552,-105.764375,540.447990
30.607192,-90.527246,539.368075
18.284657,-78.547531,539.379142
5.309637,-68.204382,541.174281
-7.823157,-58.300529,544.992864
-20.687705,-47.771173,550.476905
-32.765386,-35.372582,556.720239
-43.231081,-19.418898,562.496437
-50.734233,7.244900,566.630301
-53.121077,33.449393,568.127964
-49.618591,59.006267,566.770331
-41.497980,79.260622,562.917903
-30.659294,94.413440,557.477865
-18.397500,106.355408,551.650597
-5.459841,116.681747,546.595720
7.666614,126.579349,543.116198
20.556958,137.112098,541.461089
32.687138,149.532438,541.312194
43.216563,165.551193,541.955857
50.687827,-172.974081,542.575469
53.122762,-146.598444,542.561662
49.584613,-120.863401,541.737678
41.375961,-100.521389,540.429470
30.443484,-85.342935,539.358806
18.107576,-73.395809,539.390675
5.127328,-63.066292,541.213579
-8.004684,-53.161100,545.059163
-20.862273,-42.615075,550.561028
-32.924250,-30.179846,556.806652
-43.359232,-14.162857,562.567369
-50.805882,12.583276,566.670078
-53.112112,38.824834,568.128566
-49.532750,64.328182,566.732351
-41.362222,84.501937,562.850633
-30.496527,99.596991,557.396690
-18.221124,111.506791,551.572705
-5.277841,121.819690,546.535340
7.848284,131.718751,543.080842
20.732095,142.268337,541.450021
32.846863,154.725698,541.317628
43.345546,170.808638,541.966409
50.760612,-167.634016,542.580594
53.113877,-141.220200,542.555580
49.497781,-115.539614,541.721519
41.238857,-95.279417,540.410993
30.279515,-80.159237,539.349752
17.930375,-68.244391,539.402561
4.944989,-57.928281,541.253277
-8.186160,-48.021551,545.125790
-21.036693,-37.458621,550.645300
-33.082810,-24.986426,556.892971
-43.486805,-8.905744,562.637967
