36.104256,176.832244,541.452001
45.894632,-165.658049,542.173429
52.044122,-142.408217,542.651765
52.657896,-115.490637,542.391012
47.490634,-91.143183,541.367474
38.270810,-72.544677,540.046010
26.805023,-58.549451,539.223245
14.210507,-47.239768,539.744521
1.138400,-37.153192,542.184422
-11.956421,-27.168496,546.599509
-24.636733,-16.197677,552.443024
-36.314611,-2.877534,558.675691
-46.006301,14.617110,564.036733
-52.068044,37.768003,567.386337
-52.658510,64.495829,568.014477
-47.548482,88.689611,565.829295
-38.422485,107.225038,561.376267
-27.046342,121.204181,555.684008
-14.517192,132.510580,549.977317
-1.476719,142.593091,545.337496
11.624315,152.568499,542.412691
24.348744,163.524832,541.272107
36.256697,-177.958110,541.460272
46.009695,-160.375903,542.183335
52.094018,-137.047624,542.653851
52.623222,-110.120596,542.381470
47.385452,-85.845062,541.349589
38.123591,-67.323493,540.029118
26.635938,-53.377952,539.219498
14.031039,-42.094148,539.764460
0.955721,-32.016230,542.232795
-12.136474,-22.025574,546.672822
-24.807472,-11.032446,552.529740
-36.465781,2.332190,558.759056
-46.119962,19.898605,564.099288
-52.117053,43.126412,567.414671
-52.624137,69.863164,568.002830
-47.444475,93.986297,565.781044
-38.276605,112.445788,561.302931
-26.878361,126.375595,555.602024
-14.338410,137.656166,549.903463
-1.294218,147.729964,545.284279
11.804726,157.711250,542.385159
24.520349,168.689844,541.267136
36.408767,-172.747649,541.468645
46.124058,-155.092591,542.193188
52.142811,-131.686235,542.655787
52.587396,-104.751147,542.371774
47.279499,-80.548127,541.331643
37.975955,-62.103194,540.012322
26.466645,-48.206958,539.216017
13.851484,-36.948756,539.784779
0.773040,-26.879285,542.281559
-12.316448,-16.882464,546.746416
-24.978022,-5.866767,552.616531
-36.616576,7.542724,558.842248
-46.232925,25.181251,564.161446
-52.164972,48.485596,567.442469
-52.588630,75.229916,567.990630
-47.339704,99.281816,565.732350
-38.130307,117.665660,561.229355
-26.710167,131.546507,555.520042
-14.159533,142.801523,549.829824
-1.111707,152.866820,545.231404
11.985065,162.854189,542.357979
24.691771,173.855305,541.262423
36.560463,-167.536369,541.477119
46.237717,-149.808108,542.202985
52.190496,-126.324065,542.657570
52.550423,-99.382309,542.361924
47.172780,-75.252377,541.313637
37.827906,-56.883777,539.995627
26.297145,-43.036463,539.212804
13.671843,-31.803588,539.805479
0.590357,-21.742353,542.330712
-12.496342,-11.739161,546.820290
-25.148381,-0.700635,552.703395
-36.766994,12.754073,558.925263
-46.345185,30.465049,564.223203
-52.211798,53.845540,567.469729
-52.551992,80.596068,567.977877
-47.234172,104.576168,565.683214
-37.983595,122.884661,561.155543
-26.541762,136.716922,555.438067
-13.980563,147.946657,549.756404
-0.929187,158.003661,545.178872
12.165331,167.997319,542.331151
24.863008,179.021219,541.257966
36.711782,-162.324263,541.485690
46.350665,-144.522453,542.212725
52.237071,-120.961128,542.659200
52.512305,-94.014098,542.351920
47.065301,-69.957813,541.295574
37.679449,-51.665234,539.979035
26.127441,-37.866462,539.209861
13.492116,-26.658640,539.826560
0.407672,-16.605432,542.380254
-12.676155,-6.595664,546.894440
-25.318547,4.465955,552.790327
-36.917029,17.966242,559.008097
-46.456737,35.750003,564.284558
-52.257525,59.206231,567.496451
-52.514225,85.961603,567.964574
-47.127887,109.869355,565.633640
-37.836473,128.102794,561.081499
-26.373148,141.886844,555.356102
-13.801501,153.091569,549.683204
-0.746658,163.140490,545.126683
12.345524,173.140642,542.304675
25.034059,-175.812410,541.253764
36.862720,-157.111325,541.494356
46.462897,-139.235623,542.222405
52.282529,-115.597441,542.660678
52.473045,-88.646532,542.341764
46.957068,-64.664432,541.277456
37.530586,-46.447560,539.962548
25.957536,-32.696953,539.207190
13.312305,-21.513909,539.848023
0.224989,-11.468520,542.430185
-12.855885,-1.451968,546.968865
-25.488518,9.633005,552.877325
-37.066679,23.179237,559.090748
-46.567574,41.036114,564.345506
-52.302151,64.567651,567.522632
-52.475334,91.326503,567.950720
-47.020854,115.161376,565.583630
-37.688944,133.320067,561.007225
-26.204327,147.056277,555.274149
-13.622349,158.236264,549.610227
-0.564122,168.277309,545.074838
12.525641,178.284163,542.278548
25.204921,-170.645577,541.249814
37.013273,-151.897550,541.503115
46.574406,-133.947618,542.232025
52.326868,-110.233018,542.662000
52.432649,-83.279628,542.331456
46.848086,-59.372233,541.259284
37.381322,-41.230749,539.946168
25.787430,-27.527929,539.204794
13.132412,-16.369393,539.869870
0.042306,-6.331612,542.480503
-13.035531,3.691929,547.043563
-25.658292,14.800522,552.964385
-37.215941,28.393065,559.173211
-46.677692,46.323383,564.406047
-52.345670,69.929788,567.548274
-52.435322,96.690753,567.936317
-46.913078,120.452233,565.533185
-37.541012,138.536485,560.932726
-26.035301,152.225227,555.192212
-13.443108,163.380745,549.537475
-0.381580,173.414123,545.023338
12.705681,-176.572116,542.252772
25.375593,-165.478279,541.246114
37.163438,-146.682932,541.511965
46.685189,-128.658435,542.241581
52.370083,-104.867875,542.663169
52.391119,-77.913403,542.320996
46.738361,-54.081217,541.241059
37.231660,-36.014795,539.929898
25.617127,-22.359386,539.202673
12.952438,-11.225088,539.892101
-0.140374,-1.194707,542.531208
-13.215091,8.836031,547.118530
-25.827867,19.968509,553.051503
-37.364810,33.607729,559.255483
-46.787084,51.611813,564.466176
-52.388080,75.292624,567.573373
-52.394193,102.054337,567.921364
-46.804565,125.741927,565.482309
-37.392681,143.752054,560.858003
-25.866072,157.393696,555.110295
-13.263778,168.525013,549.464950
-0.199033,178.550932,544.972185
12.885643,-171.428192,542.227344
25.546072,-160.310509,541.242663
37.313211,-141.467466,541.520903
46.795237,-123.368072,542.251073
52.412171,-99.502028,542.664181
52.348458,-72.547872,542.310386
46.627900,-48.791381,541.222786
37.081604,-30.799693,539.913740
25.446627,-17.191321,539.200831
12.772383,-6.080991,539.914718
-0.323051,3.942197,542.582298
-13.394565,13.980340,547.193765
-25.997241,25.136970,553.138678
-37.513284,38.823237,559.337562
-46.895746,56.901404,564.525892
-52.429377,80.656144,567.597930
-52.351950,107.417238,567.905864
-46.695322,131.030459,565.431004
-37.243954,148.966778,560.783062
-25.696642,162.561691,555.028400
-13.084362,173.669074,549.392656
-0.016482,-176.312259,544.921379
13.065526,-166.284062,542.202265
25.716357,-155.142266,541.239459
37.462589,-136.251145,541.529928
46.904547,-118.076528,542.260498
52.453127,-94.135494,542.665038
52.304672,-67.183052,542.299627
46.516707,-43.502723,541.204464
36.931157,-25.585437,539.897697
25.275934,-12.023727,539.199269
12.592250,-0.937098,539.937720
-0.505723,9.079105,542.633774
-13.573951,19.124859,547.269265
-26.166412,30.305910,553.225904
-37.661358,44.039594,559.419442
-47.003671,62.192158,564.585193
-52.469556,86.020333,567.621943
-52.308597,112.779440,567.889816
-46.585353,136.317831,565.379272
-37.094835,154.180664,560.707904
-25.527013,167.729215,554.946532
-12.904861,178.812930,549.320594
0.166071,-171.175449,544.870920
13.245329,-161.139721,542.177533
25.886445,-149.973542,541.236500
37.611567,-131.033964,541.539035
47.013112,-112.783802,542.269855
52.492947,-88.768289,542.665738
52.259764,-61.818959,542.288718
46.404789,-38.215242,541.186096
36.780323,-20.372021,539.881771
25.105049,-6.856603,539.197990
12.412039,4.206593,539.961109
-0.688389,14.216018,542.685634
-13.753248,24.269593,547.345027
-26.335378,35.475334,553.313179
-37.809029,49.256806,559.501122
-47.110854,67.484076,564.644074
-52.508615,91.385173,567.645411
-52.264138,118.140929,567.873221
-46.474664,141.604043,565.327116
-36.945327,159.393718,560.632533
-25.357188,172.896272,554.864693
-12.725275,-176.043417,549.248766
0.348626,-166.038634,544.820810
13.425050,-155.995168,542.153148
26.056335,-144.804335,541.233783
37.760143,-125.815917,541.548225
47.120926,-107.489892,542.279142
52.531629,-83.400430,542.666280
52.213738,-56.455609,542.277662
46.292151,-32.928937,541.167684
36.629106,-15.159440,539.865965
24.933975,-1.689941,539.196995
12.231753,9.350086,539.984885
-0.871048,19.352940,542.737878
-13.932454,29.414544,547.421050
-26.504137,40.645245,553.400500
-37.956294,54.474877,559.582597
-47.217288,72.777159,564.702535
-52.546549,96.750649,567.668334
-52.218577,123.501688,567.856081
-46.363260,146.889099,565.274537
-36.795434,164.605944,560.556953
-25.187167,178.062867,554.782886
-12.545606,-170.899962,549.177176
0.531182,-160.901812,544.771050
13.604687,-150.850399,542.129109
26.226024,-139.634640,541.231307
37.908313,-120.596998,541.557493
47.227983,-102.194798,542.288357
52.569169,-78.031934,542.666665
52.166598,-51.093016,542.266458
46.178800,-27.643805,541.149231
36.477510,-9.947687,539.850281
24.762712,3.476260,539.196286
12.051391,14.493383,540.009049
-1.053700,24.489873,542.790503
-14.111569,34.559714,547.497331
-26.672687,45.815648,553.487862
-38.103148,59.693814,559.663865
-47.322970,78.071407,564.760573
-52.583356,102.116743,567.690711
-52.171918,128.861703,567.838397
-46.251148,152.172999,565.221539
-36.645159,169.817349,560.481166
-25.016954,-176.770996,554.701115
-12.365856,-165.756703,549.105825
0.713738,-155.764980,544.721640
13.784240,-145.705410,542.105415
26.395510,-134.464453,541.229070
38.056072,-115.377201,541.566838
47.334278,-96.898519,542.297499
52.605562,-72.662818,542.666891
52.118348,-45.731197,542.255108
46.064740,-22.359843,541.130737
36.325537,-4.736757,539.834721
24.591264,8.642007,539.195865
11.870956,19.636488,540.033603
-1.236343,29.626819,542.843511
-14.290590,39.705109,547.573867
-26.841026,50.986549,553.575263
-38.249588,64.913623,559.744921
-47.427892,83.366822,564.818185
-52.619031,107.483440,567.712540
-52.124164,134.220958,567.820169
-46.138333,157.455745,565.168124
-36.494506,175.027938,560.405177
-24.846549,-171.605312,554.619383
-12.186026,-160.613637,549.034715
0.896291,-150.628136,544.672580
13.963708,-140.560199,542.082064
26.564792,-129.293768,541.227070
38.203416,-110.156522,541.576258
47.439804,-91.601054,542.306565
52.640806,-67.293099,542.666959
52.068993,-40.370166,542.243613
45.949977,-17.077051,541.112205
36.173191,0.473356,539.819288
24.419632,13.807303,539.195735
11.690449,24.779405,540.058546
-1.418975,34.763782,542.896898
-14.469518,44.850730,547.650656
-27.009152,56.157950,553.662699
-38.395610,70.134308,559.825763
-47.532049,88.663404,564.875369
-52.653572,112.850721,567.733821
-52.075321,139.579440,567.801398
-46.024819,162.737341,565.114295
-36.343478,-179.762282,560.328988
-24.675955,-166.440077,554.537693
-12.006117,-155.470760,548.963849
1.078843,-145.491275,544.623872
14.143088,-135.414763,542.059058
26.733867,-124.122581,541.225305
38.350343,-104.934953,541.585750
47.544556,-86.302402,542.315554
52.674897,-61.922795,542.666867
52.018536,-35.009937,542.231973
45.834517,-11.795425,541.093638
36.020476,5.682657,539.803984
24.247818,18.972152,539.195897
11.509871,29.922135,540.083879
-1.601596,39.900765,542.950666
-14.648349,49.996581,547.727695
-27.177062,61.329857,553.750167
-38.541211,75.355876,559.906386
-47.635435,93.961153,564.932122
-52.686975,118.218570,567.754553
-52.025392,144.937134,567.782085
-45.910614,168.017787,565.060054
-36.192079,-174.553308,560.252603
-24.505174,-161.275288,554.456048
-11.826129,-150.328069,548.893229
1.261390,-140.354397,544.575517
14.322380,-130.269097,542.036393
26.902732,-118.950888,541.223773
38.496849,-99.712490,541.595312
47.648529,-81.002564,542.324465
52.707833,-56.551925,542.666615
51.966983,-29.650525,542.220190
45.718366,-6.514963,541.075036
35.867395,10.891153,539.788812
24.075824,24.136560,539.196353
11.329222,35.064682,540.109603
-1.784205,45.037769,543.004811
-14.827084,55.142665,547.804981
-27.344755,66.502275,553.837663
-38.686386,80.578333,559.986789
-47.738045,99.260069,564.988441
-52.719238,123.586968,567.774735
-51.974382,150.294025,567.762232
-45.795722,173.297087,565.005403
-36.040311,-169.345132,560.176025
-24.334208,-156.110939,554.374452
-11.646065,-145.185562,548.822858
1.443932,-135.217498,544.527514
14.501582,-125.123199,542.014070
27.071387,-113.778684,541.222471
38.642928,-94.489126,541.604941
47.751715,-75.701539,542.333294
52.739609,-51.180505,542.666202
51.914338,-24.291944,542.208264
45.601530,-1.235662,541.056402
35.713952,16.098849,539.773775
23.903651,29.300529,539.197105
11.148506,40.207050,540.135719
-1.966801,50.174799,543.059335
-15.005720,60.288986,547.882513
-27.512228,71.675207,553.925184
-38.831133,85.801683,560.066967
-47.839872,104.560153,565.044326
-52.750358,128.955899,567.794367
-51.922295,155.650101,567.741839
-45.680149,178.575242,564.950345
-35.888179,-164.137750,560.099257
-24.163058,-150.947027,554.292908
-11.465926,-140.043236,548.752736
1.626469,-130.080574,544.479865
14.680693,-119.977066,541.992087
27.239828,-108.605964,541.221399
38.788578,-89.264855,541.614636
47.854109,-70.399328,542.342042
52.770224,-45.808555,542.665629
51.860606,-18.934208,542.196196
45.484013,4.042481,541.037739
35.560150,21.305750,539.758874
23.731303,34.464065,539.198155
10.967722,45.349241,540.162227
-2.149382,55.311856,543.114234
-15.184256,65.435546,547.960288
-27.679480,76.848659,554.012727
-38.975446,91.025933,560.146917
-47.940912,109.861403,565.099773
-52.780330,134.325344,567.813447
-51.869136,161.005348,567.720907
-45.563900,-176.147743,564.894883
-35.735686,-158.931155,560.022303
-23.991727,-145.783547,554.211419
-11.285713,-134.901086,548.682868
1.808999,-124.943625,544.432570
14.859711,-114.830694,541.970444
27.408053,-103.432725,541.220553
38.933794,-84.039673,541.624393
47.955706,-65.095930,542.350706
52.799673,-40.436093,542.664894
51.805790,-13.577330,542.183987
45.365821,9.319468,541.019048
35.405991,26.511863,539.744111
23.558780,39.627171,539.199505
10.786872,50.491259,540.189128
-2.331948,60.448943,543.169509
-15.362691,70.582349,548.038303
-27.846508,82.022635,554.100288
-39.119322,96.251088,560.226635
-48.041158,115.163820,565.154779
-52.809154,139.695284,567.831976
-51.814909,166.359752,567.699438
-45.446980,-170.871868,564.839018
-35.582834,-153.725343,559.945167
-23.820216,-140.620496,554.129989
-11.105427,-129.759111,548.613254
1.991520,-119.806646,544.385630
15.038636,-109.684080,541.949140
27.576061,-98.258960,541.219932
39.078573,-78.813573,541.634212
48.056499,-59.791346,542.359285
52.827955,-35.063137,542.663998
51.749897,-8.221324,542.171639
45.246960,14.595303,541.000331
35.251481,31.717193,539.729491
23.386085,44.789852,539.201157
10.605957,55.633105,540.216423
-2.514497,65.586064,543.225159
-15.541024,75.729399,548.116555
-28.013309,87.197140,554.187864
-39.262758,101.477153,560.306119
-48.140604,120.467402,565.209343
-52.836826,145.065703,567.849951
-51.759618,171.713300,567.677433
-45.329396,-165.597128,564.782755
-35.429627,-148.520307,559.867850
-23.648527,-135.457868,554.048619
-10.925069,-124.617307,548.543897
2.174033,-114.669635,544.339045
15.217465,-104.537221,541.928173
27.743849,-93.084666,541.219533
39.222911,-73.586549,541.644089
48.156482,-54.485577,542.367777
52.855067,-29.689706,542.662940
51.692929,-2.866202,542.159152
45.127436,19.869988,540.981590
35.096621,36.921745,539.715014
23.213219,49.952112,539.203112
10.424979,60.774784,540.244111
-2.697029,70.723220,543.281181
-15.719253,80.876698,548.195042
-28.179882,92.372178,554.275450
-39.405749,106.704135,560.385365
-48.239245,125.772150,565.263462
-52.863343,150.436581,567.867374
-51.703268,177.065980,567.654892
-45.211151,-160.323521,564.726095
-35.276069,-143.316042,559.790358
-23.476662,-130.295661,553.967315
-10.744640,-119.475671,548.474799
2.356535,-109.532590,544.292817
15.396198,-99.390113,541.907543
27.911415,-87.909838,541.219355
39.366802,-68.358596,541.654022
48.255649,-49.178623,542.376180
52.881005,-24.315821,542.661719
51.634894,2.488022,542.146527
45.007253,25.143527,540.962828
34.941416,42.125526,539.700683
23.040184,55.113954,539.205373
10.243938,65.916299,540.272194
-2.879541,75.860415,543.337575
-15.897377,86.024250,548.273761
-28.346225,97.547755,554.363045
-39.548291,111.932039,560.464370
-48.337074,131.078061,565.317135
-52.888703,155.807899,567.884242
-51.645865,-177.582221,567.631817
-45.092253,-155.051044,564.669041
-35.122163,-138.112543,559.712693
-23.304622,-125.133869,553.886078
-10.564143,-114.334200,548.405962
2.539025,-104.395507,544.246944
15.574833,-94.242753,541.887248
28.078756,-82.734470,541.219396
39.510245,-63.129709,541.664009
48.353995,-43.870486,542.384492
52.905769,-18.941498,542.660335
51.575795,7.841337,542.133765
44.886417,30.415924,540.944046
34.785867,47.328541,539.686502
22.866982,60.275384,539.207941
10.062836,71.057652,540.300671
-3.062034,80.997652,543.394341
-16.075394,91.172059,548.352710
-28.512335,102.723874,554.450644
-39.690380,117.160870,560.543130
-48.434087,136.385135,565.370358
-52.912904,161.179640,567.900556
-51.587412,-172.231314,567.608209
-44.972705,-149.779694,564.611596
-34.967911,-132.909804,559.634858
-23.132411,-119.972489,553.804912
-10.383577,-109.192892,548.337388
2.721503,-99.258384,544.201429
15.753369,-89.095138,541.867287
28.245871,-77.558559,541.219653
39.653233,-57.899880,541.674047
48.451514,-38.561167,542.392713
52.929354,-13.566759,542.658789
51.515637,13.193729,542.120868
44.764934,35.687181,540.925247
34.629980,52.530795,539.672471
22.693615,65.436405,539.210818
9.881675,76.198847,540.329545
-3.244505,86.134932,543.451475
-16.253303,96.320127,548.431885
-28.678210,107.900540,554.538243
-39.832013,122.390634,560.621642
-48.530277,141.693371,565.423129
-52.935943,166.551783,567.916314
-51.527915,-166.881313,567.584069
-44.852514,-144.509466,564.553762
-34.813317,-127.707819,559.556857
-22.960028,-114.811517,553.723820
-10.202945,-104.051743,548.269080
2.903968,-94.121217,544.156271
15.931804,-83.947264,541.847660
28.412757,-72.382099,541.220124
39.795764,-52.669106,541.684135
48.548198,-33.250668,542.400840
52.951759,-8.191622,542.657078
51.454425,18.545189,542.107837
44.642809,40.957302,540.906433
34.473756,57.732295,539.658594
22.520085,70.597022,539.214007
9.700454,81.339886,540.358814
-3.426955,91.272260,543.508978
-16.431103,101.468458,548.511285
-28.843847,113.077759,554.625840
-39.973184,127.621337,560.699904
-48.625639,147.002766,565.475447
-52.957818,171.924310,567.931517
-51.467378,-161.532227,567.559399
-44.731684,-139.240359,564.495542
-34.658384,-122.506583,559.478694
-22.787477,-109.650949,553.642805
-10.022247,-98.910749,548.201039
3.086418,-88.984005,544.111471
16.110137,-78.799128,541.828366
28.579411,-67.205087,541.220807
39.937832,-47.437379,541.694270
48.644044,-27.938990,542.408872
52.972981,-2.816108,542.655204
51.392165,23.895703,542.094671
44.520047,46.226292,540.887606
34.317199,62.933045,539.644873
22.346393,75.757237,539.217508
9.519176,86.480772,540.388480
-3.609381,96.409637,543.566849
-16.608793,106.617055,548.590907
-29.009245,118.255535,554.713431
-40.113891,132.852983,560.777910
-48.720166,152.313318,565.527308
-52.978527,177.297201,567.946164
-51.405807,-156.184070,567.534199
-44.610220,-133.972367,564.436939
-34.503115,-117.306091,559.400371
-22.614758,-104.490780,553.561871
-9.841484,-93.769909,548.133267
3.268852,-83.846745,544.067029
16.288366,-73.650727,541.809402
28.745832,-62.027516,541.221701
40.079434,-42.204695,541.704450
48.739043,-22.626134,542.416808
52.993020,2.559765,542.653166
51.328861,29.245260,542.081374
44.396654,51.494153,540.868767
34.160312,68.133052,539.631310
22.172542,80.917057,539.221324
9.337842,91.621509,540.418542
-3.791783,101.547067,543.625085
-16.786370,111.765922,548.670747
-29.174401,123.433873,554.801013
-40.254129,138.085579,560.855659
-48.813853,157.625027,565.578712
-52.998069,-177.329562,567.960253
-51.343206,-150.836851,567.508471
-44.488129,-128.705488,564.377955
-34.347514,-112.106337,559.321892
-22.441875,-99.331006,553.481020
-9.660658,-88.629220,548.065766
3.451269,-78.709433,544.022946
16.466490,-68.502056,541.790769
28.912017,-56.849382,541.222803
40.220566,-36.971047,541.714673
48.833192,-17.312104,542.424645
53.011872,7.935975,542.650964
51.264519,34.593850,542.067945
44.272635,56.760890,540.849920
34.003098,73.332321,539.617908
21.998532,86.076483,539.225456
9.156453,96.762100,540.449002
-3.974159,106.684551,543.683686
-16.963833,116.915062,548.750803
-29.339313,128.612778,554.888582
-40.393893,143.319130,560.933147
-48.906694,162.937889,565.629655
-53.016441,-171.956001,567.973786
-51.279581,-145.490582,567.482217
-44.365415,-123.439719,564.318593
-34.191582,-106.907315,559.243261
-22.268827,-94.171625,553.400255
-9.479771,-83.488677,547.998539
3.633668,-73.572067,543.979222
16.644509,-63.353114,541.772464
29.077964,-51.670680,541.224110
40.361223,-31.736431,541.724935
48.926483,-11.996901,542.432383
53.029536,13.312503,542.648597
51.199144,39.941462,542.054387
44.147995,62.026507,540.831067
33.845560,78.530857,539.604669
21.824367,91.235521,539.229906
8.975010,101.902546,540.479859
-4.156509,111.822094,543.742650
-17.141182,122.064479,548.831072
-29.503978,133.792254,554.976134
-40.533180,148.553642,561.010371
-48.998683,168.251902,565.680136
-53.033641,-166.582133,567.986760
-51.214935,-140.145273,567.455437
-44.242083,-118.175054,564.258856
-34.035324,-101.709020,559.164481
-22.095618,-89.012631,553.319581
-9.298822,-78.348279,547.931587
3.816049,-68.434644,543.935858
16.822419,-58.203895,541.754487
29.243670,-46.491405,541.225622
40.501401,-26.500841,541.735236
49.018910,-6.680529,542.440019
53.046010,18.689329,542.646065
51.132741,45.288085,542.040699
44.022740,67.291007,540.812208
33.687702,83.728667,539.591596
21.650046,96.394174,539.234676
8.793514,107.042852,540.511114
-4.338831,116.959698,543.801976
-17.318414,127.214176,548.911552
-29.668395,138.972306,555.063666
-40.671985,153.789119,561.087327
-49.089814,173.567064,565.730152
-53.049668,-161.207979,567.999176
-51.149276,-134.800934,567.428134
-44.118138,-112.911491,564.198746
-33.878743,-96.511448,559.085555
-21.922248,-83.854021,553.238998
-9.117813,-73.208022,547.864912
3.998409,-63.297162,543.892853
17.000220,-53.054398,541.736837
29.409133,-41.311553,541.227334
40.641096,-21.264270,541.745573
49.110468,-1.362989,542.447553
53.061292,24.066432,542.643368
51.065315,50.633709,542.026884
43.896874,72.554395,540.793348
33.529526,88.925755,539.578691
21.475573,101.552447,539.239767
8.611967,112.183021,540.542768
-4.521125,122.097365,543.861662
-17.495528,132.364156,548.992240
-29.832560,144.152940,555.151175
-40.810305,159.025567,561.164013
-49.180082,178.883370,565.779701
-53.064520,-155.833559,568.011034
-51.082608,-129.457575,567.400307
-43.993586,-107.649024,564.138267
-33.721840,-91.314591,559.006486
-21.748720,-78.695791,553.158512
-8.936747,-68.067904,547.798517
4.180747,-58.159617,543.850208
17.177910,-47.904618,541.719511
29.574351,-36.131118,541.229247
40.780303,-16.026714,541.755943
49.201151,3.955715,542.454982
53.075381,29.443792,542.640506
50.996873,55.978325,542.012942
43.770403,77.816675,540.774487
33.371035,94.122126,539.565956
21.300949,106.710343,539.245182
8.430369,117.323054,540.574820
-4.703388,127.235099,543.921708
-17.672523,137.514424,549.073132
-29.996471,149.334159,555.238657
-40.948134,164.262992,561.240424
-49.269481,-175.799181,565.828782
-53.078197,-150.458894,568.022332
-51.014935,-124.115206,567.371959
-43.868431,-102.387651,564.077421
-33.564620,-86.118445,558.927279
-21.575035,-73.537936,553.078125
-8.755622,-62.927921,547.732402
4.363064,-53.022007,543.807924
17.355488,-42.754551,541.702511
29.739321,-30.950095,541.231356
40.919018,-10.788167,541.766345
49.290953,9.275580,542.462307
53.088276,34.821388,542.637479
50.927419,61.321923,541.998875
43.643331,83.077852,540.755628
33.212233,99.317788,539.553394
21.126176,111.867867,539.250922
8.248722,122.462956,540.607271
-4.885621,132.372902,543.982112
-17.849398,142.664981,549.154227
-30.160126,154.515970,555.326108
-41.085469,169.501399,561.316559
-49.358005,-170.480593,565.877391
-53.090696,-145.084002,568.033071
-50.946264,-118.773837,567.343092
-43.742679,-97.127368,564.016211
-33.407085,-80.923004,558.847935
-21.401195,-68.380454,552.997839
-8.574442,-57.788071,547.666571
4.545356,-47.884329,543.766001
17.532953,-37.604195,541.685832
29.904040,-25.768480,541.233661
41.057236,-5.548624,541.776776
49.379867,14.596601,542.469523
53.099976,40.199199,542.634286
50.856958,66.664494,541.984684
43.515665,88.337929,540.736774
33.053122,104.512744,539.541007
20.951255,117.025021,539.256989
8.067028,127.602729,540.640121
-5.067822,137.510777,544.042872
-18.026150,147.815833,549.235521
-30.323522,159.698377,555.413526
-41.222304,174.740793,561.392413
-49.445647,-165.160871,565.925528
-53.102016,-139.708904,568.043251
-50.876599,-113.433476,567.313706
-43.616334,-91.868169,563.954640
-33.249238,-75.728264,558.768460
-21.227201,-63.223340,552.917658
-8.393207,-52.648350,547.601024
4.727624,-42.746580,543.724439
17.710302,-32.453546,541.669476
30.068507,-20.586268,541.236159
41.194953,-0.308079,541.787233
49.467888,19.918777,542.476632
53.110478,45.577206,542.630928
50.785497,72.006028,541.970371
43.387409,93.596911,540.717926
32.893705,109.707001,539.528798
20.776187,122.181810,539.263383
7.885286,132.742376,540.673370
-5.249989,142.648726,544.103987
-18.202778,152.966982,549.317012
-30.486657,164.881385,555.500906
-41.358637,179.981180,561.467983
-49.532404,-159.840017,565.973190
-53.112157,-134.333620,568.052870
-50.805947,-108.094133,567.283803
-43.489401,-86.610050,563.892710
-33.091082,-70.534219,558.688856
-21.053056,-58.066590,552.837586
-8.211917,-47.508756,547.535763
4.909867,-37.608757,543.683237
17.887535,-27.302600,541.653440
30.232718,-15.403453,541.238847
41.332165,4.933474,541.797716
49.555009,25.242102,542.483630
53.119783,50.955386,542.627404
50.713041,77.346516,541.955935
43.258569,98.854802,540.699087
32.733986,114.900564,539.516769
20.600976,127.338239,539.270108
7.703499,137.881899,540.707019
-5.432122,147.786754,544.165455
-18.379281,158.118432,549.398696
-30.649529,170.064999,555.588245
-41.494462,-174.777436,561.543267
-49.618267,-154.518036,566.020375
-53.121117,-128.958171,568.061929
-50.734312,-102.755815,567.253384
-43.361886,-81.353008,563.830424
-32.932620,-65.340862,558.609126
-20.878761,-52.910201,552.757624
-8.030575,-42.369286,547.470791
5.092082,-32.470858,543.642397
18.064650,-22.151354,541.637723
30.396671,-10.220030,541.241724
41.468867,10.176039,541.808221
49.641226,30.566572,542.490518
53.127889,56.333720,542.623715
50.639596,82.685952,541.941380
43.129148,104.111608,540.680259
32.573966,120.093438,539.504922
20.425622,132.494309,539.277165
7.521667,143.021303,540.741068
-5.614219,152.924861,544.227276
-18.555658,163.270187,549.480570
-30.812134,175.249224,555.675540
-41.629774,-169.535048,561.618261
-49.703233,-149.194932,566.067081
-53.128895,-123.582578,568.070427
-50.661699,-97.418532,567.222451
-43.233794,-76.097037,563.767786
-32.773854,-60.148190,558.529275
-20.704317,-47.754168,552.677776
-7.849182,-37.229937,547.406110
5.274270,-27.332880,543.601919
18.241645,-16.999804,541.622323
30.560364,-5.035994,541.244787
41.605054,15.419623,541.818746
49.726532,35.892182,542.497292
53.134795,61.712186,542.619859
50.565166,88.024325,541.926706
42.999153,109.367333,540.661444
32.413649,125.285628,539.493260
20.250127,137.650027,539.284555
7.339793,148.160589,540.775517
-5.796281,158.063052,544.289446
-18.731906,168.422250,549.562633
-30.974471,-179.565935,555.762788
-41.764571,-164.291653,561.692962
-49.787294,-143.870710,566.113307
-53.135492,-118.206860,568.078365
-50.588115,-92.082290,567.191006
-43.105128,-70.842134,563.704798
-32.614788,-54.956197,558.449305
-20.529726,-42.598488,552.598046
-7.667738,-32.090707,547.341720
5.456428,-22.194820,543.561802
18.418519,-11.847947,541.607240
30.723795,0.148659,541.248035
41.740722,20.664230,541.829289
49.810920,41.218929,542.503953
53.140501,67.090763,542.615838
50.489758,93.361629,541.911914
42.868587,114.621982,540.642644
32.253038,130.477141,539.481785
20.074492,142.805395,539.292279
7.157875,153.299761,540.810366
-5.978304,163.201329,544.351966
-18.908025,173.574624,549.644881
-31.136537,-174.380473,555.849983
-41.898846,-159.047244,561.767367
-49.870446,-138.545375,566.159049
-53.140905,-112.831038,568.085741
-50.513565,-86.747099,567.159050
-42.975895,-65.588294,563.641463
-32.455424,-49.764877,558.369219
-20.354989,-37.443158,552.518435
-7.486245,-26.951591,547.277624
5.638557,-17.056675,543.522048
18.595270,-6.695779,541.592472
30.886959,5.333935,541.251465
41.875867,25.909865,541.839849
49.894386,46.546807,542.510498
53.145006,72.469430,542.611651
50.413377,98.697857,541.897006
42.737457,119.875559,540.623863
32.092135,135.667981,539.470499
19.898720,147.960417,539.300340
6.975917,158.438821,540.845615
-6.160288,168.339694,544.414833
-19.084012,178.727314,549.727310
-31.298329,-169.194384,555.937124
-42.032595,-153.801816,561.841473
-49.952683,-133.218932,566.204307
-53.145135,-107.455132,568.092556
-50.438053,-81.412965,567.126585
-42.846098,-60.335511,563.577783
-32.295765,-44.574226,558.289022
-20.180110,-32.288172,552.438947
-7.304704,-21.812588,547.213824
5.820654,-11.918443,543.482655
18.771898,-1.543296,541.578018
31.049856,10.519839,541.255074
42.010483,31.156534,541.850421
49.976923,51.875810,542.516926
53.148310,77.848167,542.607298
50.336029,104.032999,541.881983
42.605767,125.128069,540.605101
31.930944,140.858153,539.459406
19.722812,153.115096,539.308739
6.793920,163.577772,540.881264
-6.342233,173.478152,544.478046
-19.259867,-176.119677,549.809919
-31.459844,-164.007665,556.024207
-42.165814,-148.555366,561.915276
-50.033998,-127.891386,566.249078
-53.148181,-102.079164,568.098809
-50.361587,-76.079896,567.093612
-42.715744,-55.083782,563.513763
-32.135814,-39.384237,558.208717
-20.005088,-27.133529,552.359585
-7.123116,-16.673694,547.150321
6.002718,-6.780119,543.443624
18.948399,3.609505,541.563876
31.212482,15.706377,541.258861
42.144566,36.404243,541.861006
50.058526,57.205933,542.523236
53.150412,83.226951,542.602779
50.257720,109.367050,541.866847
42.473522,130.379517,540.586361
31.769466,146.047664,539.448506
19.546769,158.269438,539.317478
6.611883,168.716618,540.917314
-6.524136,178.616703,544.541603
-19.435588,-170.966346,549.892704
-31.621081,-158.820309,556.111228
-42.298499,-143.307886,561.988774
-50.114387,-122.562743,566.293361
-53.150043,-96.703154,568.104501
-50.284171,-70.747898,567.060133
-42.584835,-49.833102,563.449404
-31.975573,-34.194907,558.128306
-19.829925,-21.979223,552.280352
-6.941482,-11.534907,547.087117
6.184749,-1.641703,543.404955
19.124774,8.762628,541.550045
31.374834,20.893553,541.262823
42.278111,41.652995,541.871600
50.139188,62.537171,542.529427
53.151313,88.605763,542.598094
50.178456,114.700003,541.851598
42.340726,135.629909,540.567646
31.607706,151.236517,539.437803
19.370593,163.423445,539.326557
6.429809,173.855361,540.953764
-6.705998,-176.244647,544.605503
-19.611172,-165.812689,549.975662
-31.782036,-153.632311,556.198183
-42.430644,-138.059374,562.061962
-50.193843,-117.233008,566.337154
-53.150721,-91.327122,568.109632
-50.205811,-65.416979,567.026149
-42.453378,-44.583465,563.384709
-31.815046,-29.006228,558.047794
-19.654624,-16.825252,552.201251
-6.759803,-6.396224,547.024213
6.366745,3.496810,543.366649
19.301020,13.916076,541.536523
31.536911,26.081373,541.266958
42.411113,46.902797,541.882201
50.218903,67.869517,542.535497
53.151011,93.984580,542.593244
50.098242,120.031851,541.836239
42.207385,140.879248,540.548957
31.445665,156.424720,539.427299
19.194286,168.577121,539.335980
6.247698,178.994004,540.990615
-6.887816,-171.105898,544.669743
-19.786620,-160.658701,550.058790
-31.942707,-148.443667,556.285069
-42.562245,-132.809823,562.134840
-50.272361,-111.902188,566.380454
-53.150214,-85.951089,568.114200
-50.126513,-60.087144,566.991662
-42.321376,-39.334867,563.319682
-31.654234,-23.818198,557.967184
-19.479185,-11.671611,552.122284
-6.578081,-1.257641,546.961611
6.548705,8.635421,543.328705
19.477135,19.069854,541.523310
31.698708,31.269841,541.271264
42.543568,52.153653,541.892807
50.297667,73.202965,542.541445
53.149508,99.363382,542.588228
50.017084,125.362589,541.820771
42.073503,146.127541,540.530298
31.283346,161.612276,539.416996
19.017849,173.730469,539.345746
6.065553,-175.867451,541.027866
-7.069589,-165.967046,544.734323
-19.961928,-155.504381,550.142086
-32.103091,-143.254371,556.371884
-42.693297,-127.559228,562.207402
-50.349935,-106.570289,566.423260
-53.148524,-80.575075,568.118207
-50.046281,-54.758400,566.956674
-42.188835,-34.087304,563.254326
-31.493141,-18.630809,557.886478
-19.303611,-6.518296,552.043455
-6.396316,3.880843,546.899314
6.730628,13.774135,543.291123
19.653118,24.223964,541.510403
31.860225,36.458964,541.275739
42.675471,57.405568,541.903416
50.375473,78.537508,542.547270
53.146802,104.742147,542.583046
49.934988,130.692209,541.805195
41.939085,151.374792,540.511670
31.120752,166.799191,539.406896
18.841284,178.883494,539.355858
5.883373,-170.729000,541.065518
-7.251317,-160.828088,544.799241
-20.137096,-150.349722,550.225546
-32.263186,-138.064417,556.458622
-42.823796,-122.307586,562.279647
-50.426560,-101.237318,566.465571
-53.145649,-75.199102,568.121652
-49.965123,-49.430753,566.921187
-42.055760,-28.840770,563.188643
-31.331769,-13.444058,557.805682
-19.127902,-1.365306,551.964767
-6.214510,9.019232,546.837322
6.912513,18.912953,543.253903
19.828968,29.378412,541.497801
32.021457,41.648745,541.280380
42.806817,62.658548,541.914026
50.452315,83.873139,542.552970
53.142896,110.120855,542.577699
49.851960,136.020707,541.789512
41.804136,156.621007,540.493076
30.957886,171.985470,539.397003
18.664592,-175.963800,539.366317
5.701160,-165.590640,541.103570
-7.432998,-155.689021,544.864494
-20.312122,-145.194723,550.309166
-32.422988,-132.873802,556.545280
-42.953736,-117.054891,562.351570
-50.502230,-95.903282,566.507384
-53.141590,-69.823190,568.124535
-49.883044,-44.104209,566.885202
-41.922153,-23.595259,563.122637
-31.170120,-8.257939,557.724798
-18.952060,3.787366,551.886221
-6.032664,14.157528,546.775637
7.094359,24.051879,543.217045
20.004683,34.533199,541.485503
32.182402,46.839192,541.285185
42.937601,67.912597,541.924634
50.528189,89.209852,542.558545
53.137788,115.499484,542.572187
49.768006,141.348077,541.773725
41.668660,161.866190,540.474517
30.794750,177.171118,539.387318
18.487775,-170.811411,539.377125
5.518915,-160.452369,541.142022
-7.614632,-150.549842,544.930081
-20.487004,-140.039380,550.392946
-32.582495,-127.682519,556.631856
-43.083114,-111.801139,562.423170
-50.576939,-90.568188,566.548698
-53.136347,-64.447359,568.126856
-49.800048,-38.778772,566.848721
-41.788022,-18.350768,563.056310
-31.008198,-3.072447,557.643828
-18.776088,8.939721,551.807822
-5.850779,19.295735,546.714260
7.276164,29.190915,543.180549
20.180261,39.688331,541.473507
32.343058,52.030309,541.290153
43.067818,73.167720,541.935239
50.603087,94.547638,542.563993
53.131479,120.878014,542.566510
49.683131,146.674314,541.757834
41.532662,167.110347,540.455997
30.631346,-177.643859,539.377843
18.310835,-165.659335,539.388283
5.336640,-155.314184,541.180875
-7.796216,-145.410549,544.996000
-20.661741,-134.883688,550.476880
-32.741705,-122.490563,556.718346
-43.211923,-106.546324,562.494443
-50.650683,-85.232043,566.589511
-53.129922,-59.071631,568.128615
-49.716143,-33.454448,566.811746
-41.653369,-13.107291,562.989665
-30.846005,2.112424,557.562778
-18.599985,14.091764,551.729572
-5.668857,24.433856,546.653194
7.457928,34.330064,543.144415
20.355701,44.843811,541.461812
32.503421,57.222101,541.295279
43.197464,78.423921,541.945839
50.677004,99.886491,542.569313
53.123971,126.256422,542.560667
49.597341,151.999412,541.741842
41.396146,172.353484,540.437518
30.467678,-172.459456,539.368581
18.133772,-160.507568,539.399791
5.154335,-150.176082,541.220128
-7.977750,-140.271139,545.062250
-20.836331,-129.727643,550.560966
-32.900613,-117.297929,556.804745
-43.340160,-101.290443,562.565386
-50.723455,-79.894856,566.629821
-53.122315,-53.696024,568.129812
-49.631333,-28.131242,566.774278
-41.518199,-7.864822,562.922706
-30.683543,7.296678,557.481650
-18.423754,19.243498,551.651474
-5.486897,29.571892,546.592439
7.639649,39.469330,543.108643
20.531001,49.999642,541.450416
32.663489,62.414573,541.300563
43.326533,83.681206,541.956430
50.749935,105.226402,542.574504
53.115263,131.634689,542.554660
49.510643,157.323368,541.725749
41.259118,177.595605,540.419081
30.303748,-167.275669,539.359534
17.956589,-155.356106,539.411653
4.972002,-145.038061,541.259781
-8.159232,-135.131608,545.128829
-21.010772,-124.571243,550.645202
-33.059219,-112.104612,556.891051
-43.467820,-96.033490,562.635996
-50.795250,-74.556633,566.669627
-53.113526,-48.320561,568.130448
-49.545626,-22.809158,566.736320
-41.382517,-2.623358,562.855436
-30.520815,12.480320,557.400448
-18.247397,24.394927,551.573531
-5.304901,34.709847,546.531998
7.821326,44.608715,543.073233
20.706159,55.155829,541.439318
32.823259,67.607732,541.306003
43.455020,88.939579,541.967012
50.821875,110.567362,542.579564
53.105357,137.012794,542.548488
49.423042,162.646177,541.709557
41.121582,-177.163284,540.400690
30.139559,-162.092492,539.350705
17.779287,-150.204946,539.423869
4.789641,-139.900117,541.299834
-8.340662,-129.991954,545.195735
-21.185064,-119.414482,550.729583
-33.217518,-106.910606,556.977260
-43.594897,-90.775462,562.706270
-50.866063,-69.217384,566.708927
-53.103556,-42.945261,568.130522
-49.459025,-17.488201,566.697873
-41.246328,2.617109,562.787857
-30.357824,17.663355,557.319175
-18.070915,29.546055,551.495746
-5.122872,39.847724,546.471871
8.002958,49.748222,543.038184
20.881174,60.312375,541.428515
32.982728,72.801582,541.311595
43.582920,94.199044,541.977582
50.892817,115.909364,542.584493
53.094253,142.390715,542.542152
49.334545,167.967835,541.693268
40.983541,-171.923178,540.382346
29.975112,-156.909920,539.342095
17.601868,-145.054084,539.436441
4.607254,-134.762247,541.340287
-8.522039,-124.852174,545.262966
-21.359203,-114.257359,550.814108
-33.375508,-101.715906,557.063369
-43.721386,-85.516354,562.776205
-50.935888,-63.877117,566.747720
-53.092407,-37.570145,568.130035
-49.371537,-12.168376,566.658939
-41.109635,7.856582,562.719972
-30.194571,22.845789,557.237834
-17.894308,34.696884,551.418120
-4.940808,44.985525,546.412060
8.184544,54.887853,543.003497
21.056044,65.469284,541.418008
33.141893,77.996129,541.317337
43.710229,99.459607,541.988138
50.962755,121.252398,542.589289
53.081953,147.768432,542.535652
49.245156,173.288338,541.676884
40.845002,-166.684071,540.364052
29.810411,-151.727948,539.333707
17.424332,-139.903517,539.449369
4.424842,-129.624449,541.381139
-8.703360,-119.712266,545.330520
-21.533189,-109.099867,550.898772
-33.533186,-96.520506,557.149373
-43.847283,-80.256162,562.845798
-51.004720,-58.535841,566.786003
-53.080078,-32.195233,568.128986
-49.283169,-6.849684,566.619520
-40.972443,13.095067,562.651785
-30.031061,28.027625,557.156428
-17.717580,39.847419,551.340658
-4.758712,50.123253,546.352567
8.366082,60.027613,542.969170
21.230767,70.626561,541.407793
33.300751,83.191378,541.323228
43.836941,104.721271,541.998678
51.031686,126.596456,542.593951
53.068458,153.145923,542.528988
49.154883,178.607682,541.660405
40.705967,-161.445958,540.345811
29.645458,-146.546571,539.325544
17.246682,-134.753241,539.462655
4.242406,-124.486720,541.422390
-8.884626,-114.572225,545.398395
-21.707020,-103.942004,550.983572
-33.690549,-91.324402,557.235271
-43.972583,-74.994881,562.915046
-51.072553,-53.193564,566.823776
-53.066573,-26.820545,568.127377
-49.193925,-1.532132,566.579617
-40.834757,18.332569,562.583299
-29.867293,33.208870,557.074962
-17.540731,44.997662,551.263362
-4.576586,55.260912,546.293393
8.547572,65.167503,542.935205
21.405342,75.784208,541.397869
33.459299,88.387334,541.329265
43.963050,109.984040,542.009200
51.099603,131.941527,542.598479
53.053769,158.523170,542.522161
49.063731,-176.074137,541.643833
40.566442,-156.208833,540.327624
29.480256,-141.365784,539.317607
17.068919,-129.603253,539.476301
4.059947,-119.349058,541.464041
-9.065834,-109.432050,545.466590
-21.880694,-98.783766,551.068507
-33.847594,-86.127588,557.321057
-44.097280,-69.732508,562.983947
-51.139383,-47.850297,566.861036
-53.051891,-21.446101,568.125206
-49.103811,3.784279,566.539234
-40.696580,23.569094,562.514517
-29.703273,38.389529,556.993439
-17.363762,50.147618,551.186234
-4.394429,60.398503,546.234540
8.729012,70.307527,542.901600
21.579768,80.942230,541.388235
33.617535,93.584004,541.335445
44.088553,115.247920,542.019701
51.166500,137.287603,542.602870
53.037888,163.900150,542.515170
48.971705,-170.757120,541.627171
40.426431,-150.972691,540.309495
29.314806,-136.185582,539.309899
16.891045,-124.453549,539.490308
3.877466,-114.211458,541.506090
-9.246984,-104.291736,545.535102
-22.054210,-93.625149,551.153571
-34.004318,-80.930058,557.406728
-44.221370,-64.469037,563.052497
-51.205204,-42.506049,566.897782
-53.036034,-16.071921,568.122475
-49.012834,9.099544,566.498371
-40.557918,28.804648,562.445441
-29.539000,43.569605,556.911862
-17.186676,55.297290,551.109278
-4.212243,65.536030,546.176007
8.910401,75.447687,542.868356
21.754041,86.100631,541.378889
33.775455,98.781393,541.341767
44.213443,120.512914,542.030180
51.232372,142.634673,542.607125
53.020816,169.276843,542.508017
48.878813,-165.441272,541.610420
40.285938,-145.737527,540.291424
29.149112,-131.005961,539.302422
16.713060,-119.304126,539.504677
3.694965,-109.073920,541.548538
-9.428075,-99.151283,545.603930
-22.227565,-88.466149,551.238763
-34.160719,-75.731808,557.492282
-44.344847,-59.204467,563.120693
-51.270011,-37.160829,566.934013
-53.019005,-10.698026,568.119184
-48.920999,14.413662,566.457031
-40.418774,34.039234,562.376075
-29.374479,48.749104,556.830234
-17.009473,60.446681,551.032496
-4.030029,70.673495,546.117798
9.091738,80.587987,542.835472
21.928161,91.259415,541.369829
33.933056,103.979506,541.348228
44.337716,125.779027,542.040635
51.297215,147.982727,542.611242
53.002554,174.653230,542.500701
48.785060,-160.126595,541.593581
40.144967,-140.503334,540.273416
28.983176,-125.826914,539.295178
16.534966,-114.154980,539.519409
3.512444,-103.936439,541.591384
-9.609105,-94.010685,545.673071
-22.400758,-83.306762,551.324079
-34.316793,-70.532831,557.577714
-44.467707,-53.938791,563.188533
-51.333798,-31.814648,566.969727
-53.000803,-5.324434,568.115332
-48.828311,19.726628,566.415216
-40.279152,39.272860,562.306423
-29.209712,53.928031,556.748558
-16.832155,65.595794,550.955891
-3.847788,75.810901,546.059914
9.273022,85.728429,542.802948
22.102126,96.418585,541.361054
34.090335,109.178349,541.354826
44.461365,131.046262,542.051064
51.361023,153.331755,542.615219
52.983105,-179.970710,542.493224
48.690452,-154.813091,541.576656
40.003524,-135.270107,540.255471
28.817000,-120.648438,539.288170
16.356766,-109.006108,539.534505
3.329905,-98.799014,541.634628
-9.790073,-88.869941,545.742524
-22.573788,-78.146983,551.409516
-34.472538,-65.333122,557.663021
-44.589944,-48.672007,563.256014
-51.396562,-26.467517,567.004923
-52.981432,0.048833,568.110921
-48.734778,25.038441,566.372927
-40.139057,44.505530,562.236487
-29.044700,59.106390,556.666839
-16.654723,70.744634,550.879465
-3.665521,80.948252,546.002355
9.454251,90.869017,542.770783
22.275934,101.578147,541.352562
34.247290,114.377926,541.361558
44.584387,136.314623,542.061464
51.423790,158.681745,542.619057
52.962471,-174.594996,542.485584
48.594995,-149.500763,541.559646
39.861611,-130.037840,540.237593
28.650586,-115.470527,539.281399
16.178459,-103.857507,539.549968
3.147348,-93.661640,541.678269
-9.970977,-83.729048,545.812287
-22.746652,-72.986810,551.495071
-34.627949,-60.132676,557.748200
-44.711553,-43.404111,563.323132
-51.458296,-21.119447,567.039598
-52.960893,5.421758,568.105951
-48.640404,30.349099,566.330167
-39.998493,49.737250,562.166270
-28.879446,64.284187,556.585079
-16.477180,75.893204,550.803221
-3.483230,86.085549,545.945123
9.635425,96.009753,542.738977
22.449584,106.738102,541.344352
34.403916,119.578245,541.368423
44.706775,141.584114,542.071834
51.485511,164.032686,542.622754
52.940653,-169.219650,542.477783
48.498694,-144.189613,541.542554
39.719234,-124.806528,540.219784
28.483938,-110.293177,539.274869
16.000048,-98.709172,539.565797
2.964776,-88.524316,541.722307
-10.151818,-78.588002,545.882357
-22.919349,-67.826238,551.580740
-34.783025,-54.931487,557.833247
-44.832529,-38.135099,563.389886
-51.518995,-15.770447,567.073753
-52.939188,10.794320,568.100421
-48.545195,35.658599,566.286937
-39.857464,54.968025,562.095775
-28.713953,69.461426,556.503282
-16.299525,81.041506,550.727163
-3.300916,91.222795,545.888219
9.816542,101.150641,542.707530
22.623073,111.898457,541.336421
34.560212,124.779310,541.375417
44.828525,146.854739,542.082172
51.546182,169.384568,542.626308
52.917654,-163.844691,542.469822
48.401557,-138.879643,541.525382
39.576397,-119.576166,540.202047
28.317056,-105.116382,539.268580
15.821535,-93.561101,539.581995
2.782188,-83.387039,541.766742
-10.332593,-73.446800,545.952732
-23.091878,-62.665262,551.666521
-34.937761,-49.729550,557.918158
-44.952866,-32.864968,563.456271
-51.578656,-10.420530,567.107385
-52.916319,16.166500,568.094333
-48.449158,40.966939,566.243241
-39.715974,60.197861,562.025007
-28.548223,74.638113,556.421452
-16.121761,86.189545,550.651291
-3.118579,96.359994,545.831645
9.997600,106.291682,542.676441
22.796400,117.059214,541.328768
34.716173,129.981127,541.382539
44.949630,152.126502,542.092475
51.605797,174.737378,542.629720
52.893475,-158.470137,542.461700
48.303588,-133.570853,541.508130
39.433103,-114.346747,540.184383
28.149944,-99.940139,539.262536
15.642919,-88.413290,539.598561
2.599586,-78.249806,541.811573
-10.513301,-68.305441,546.023411
-23.264235,-57.503880,551.752410
-35.092156,-44.526859,558.002931
-45.072560,-27.593714,563.522286
-51.637272,-5.069707,567.140493
-52.892288,21.538279,568.087686
-48.352297,46.274118,566.199079
-39.574027,65.426763,561.953967
-28.382257,79.814251,556.339590
-15.943890,91.337323,550.575610
-2.936221,101.497148,545.775402
10.178600,111.432881,542.645711
22.969563,122.220378,541.321391
34.871797,135.183701,541.389787
45.070086,157.399405,542.102742
51.664351,-179.908896,542.632988
52.868120,-153.096010,542.453418
48.204795,-128.263246,541.490800
39.289357,-109.118266,540.166795
27.982604,-94.764441,539.256739
15.464204,-83.265736,539.615498
2.416971,-73.112614,541.856799
-10.693942,-63.163919,546.094391
-23.436420,-52.342087,551.838403
-35.246205,-39.323409,558.087561
-45.191605,-22.321335,563.587928
-51.694839,0.282009,567.173076
-52.867097,26.909638,568.080482
-48.254620,51.580134,566.154454
-39.431627,70.654738,561.882659
-28.216059,84.989845,556.257702
-15.765911,96.484845,550.500122
-2.753842,106.634260,545.719490
10.359539,116.574241,542.615337
23.142560,127.381953,541.314289
35.027081,140.387039,541.397157
45.189887,162.673453,542.112970
51.721839,-174.554265,542.636112
52.841590,-147.722327,542.444977
48.105182,-122.956823,541.473395
39.145162,-103.890717,540.149285
27.815038,-89.589285,539.251191
15.285389,-78.118435,539.632807
2.234345,-67.975461,541.902421
-10.874513,-58.022233,546.165671
-23.608431,-47.179878,551.924499
-35.399905,-34.119194,558.172045
-45.309995,-17.047826,563.653193
-51.751352,5.634608,567.205132
-52.840750,32.280558,568.072720
-48.156131,56.884986,566.109368
-39.288779,75.881789,561.811086
-28.049630,90.164901,556.175790
-15.587828,101.632113,550.424829
-2.571445,111.771332,545.663911
10.540416,121.715764,542.585321
23.315390,132.543943,541.307459
35.182021,145.591145,541.404648
45.309027,167.948649,542.123159
51.778257,-169.198743,542.639090
52.813888,-142.349109,542.436377
48.004755,-117.651585,541.455916
39.000524,-98.664094,540.131856
27.647248,-84.414665,539.245893
15.106478,-72.971385,539.650488
2.051708,-62.838343,541.948438
-11.055014,-52.880380,546.237247
-23.780266,-42.017251,552.010692
-35.553254,-28.914209,558.256379
-45.427726,-11.773184,563.718080
-51.806807,10.988076,567.236660
-52.813247,37.651021,568.064402
-48.056836,62.188673,566.063824
-39.145486,81.107924,561.739252
-27.882974,95.339422,556.093858
-15.409640,106.779131,550.349734
-2.389029,116.908368,545.608667
10.721230,126.857453,542.555661
23.488050,137.706353,541.300900
35.336613,150.796026,541.412258
45.427502,173.224996,542.133305
51.833600,-163.842342,542.641921
52.785017,-136.976374,542.427618
47.903522,-112.347532,541.438365
38.855445,-93.438392,540.114511
27.479237,-79.240577,539.240849
14.927470,-67.824581,539.668543
1.869061,-57.701258,541.994849
-11.235443,-47.738357,546.309118
-23.951922,-36.854199,552.096981
-35.706249,-23.708448,558.340561
-45.544793,-6.497407,563.782585
-51.861199,16.342400,567.267659
-52.784593,43.021007,568.055527
-47.956742,67.491195,566.017823
-39.001752,86.333147,561.667159
-27.716091,100.513414,556.011909
-15.231350,111.925901,550.274839
-2.206597,122.045369,545.553758
10.901980,131.999311,542.526357
23.660539,142.869185,541.294611
35.490856,156.001686,541.419984
45.545305,178.502496,542.143407
51.887862,-158.485075,542.644605
52.754979,-131.604141,542.418702
47.801487,-107.044665,541.420743
38.709931,-88.213605,540.097251
27.311007,-74.067017,539.236059
14.748368,-62.678021,539.686973
1.686406,-52.564203,542.041653
-11.415800,-42.596159,546.381283
-24.123399,-31.690721,552.183362
-35.858885,-18.501906,558.424587
-45.661189,-1.220492,563.846705
-51.914523,21.697569,567.298127
-52.754789,48.390499,568.046097
-47.855853,72.792549,565.971367
-38.857581,91.557464,561.594811
-27.548984,105.686882,555.929946
-15.052959,117.072428,550.200148
-2.024148,127.182340,545.499185
11.082665,137.141342,542.497409
23.832855,148.032445,541.288589
35.644744,161.208133,541.427823
45.662432,-176.218846,542.153463
51.941040,-153.126957,542.647141
52.723778,-126.232428,542.409628
47.698657,-101.742984,541.403053
38.563984,-82.989728,540.080080
27.142560,-68.893979,539.231528
14.569172,-57.531700,539.705779
1.503743,-47.427176,542.088851
-11.596083,-37.453786,546.453737
-24.294695,-26.526810,552.269832
-36.011159,-13.294576,558.508452
-45.776909,4.057564,563.910438
-51.966775,27.053568,567.328064
-52.723839,53.759479,568.036111
-47.754177,78.092737,565.924459
-38.712977,96.780881,561.522211
-27.381655,110.859829,555.847972
-14.874468,122.218715,550.125662
-1.841685,132.319281,545.444950
11.263283,142.283548,542.468815
24.004995,153.196137,541.282832
35.798276,166.415371,541.435774
45.778876,-170.939029,542.163471
51.993128,-147.767999,542.649528
52.691416,-120.861254,542.400398
47.595037,-96.442490,541.385296
38.417609,-77.766753,540.062999
26.973898,-63.721458,539.227255
14.389885,-52.385617,539.724961
1.321074,-42.290173,542.136441
-11.776290,-32.311232,546.526480
-24.465806,-21.362464,552.356387
-36.163069,-8.086454,558.592155
-45.891948,9.336764,563.973782
-52.017950,32.410384,567.357467
-52.691745,59.127928,568.025571
-47.651718,83.391758,565.877101
-38.567943,102.003404,561.449362
-27.214107,116.032261,555.765992
-14.695879,127.364765,550.051384
-1.659208,137.456198,545.391053
11.443834,147.425933,542.440576
24.176959,158.360265,541.277339
35.951448,171.623406,541.443834
