37.974335,179.310667,541.561801
47.275535,-162.253024,542.292552
52.585559,-138.057569,542.666841
52.145192,-111.121738,542.261411
46.127962,-87.707239,541.140927
36.409704,-70.043771,539.843217
24.686187,-56.640042,539.195920
11.970839,-45.633060,540.019791
-1.135248,-35.639345,542.813935
-14.191512,-25.565757,547.531283
-26.747875,-14.298468,553.526707
-38.168584,-0.398511,559.699936
-47.369911,18.012805,564.786244
-52.599425,42.090040,567.700469
-52.150731,68.831845,567.830322
-46.200862,92.109027,565.197792
-36.577939,109.721117,560.447362
-24.940892,123.112677,554.664758
-12.285573,134.116838,549.074216
0.795246,144.105757,544.699879
13.864380,154.169036,542.095135
26.471117,165.421333,541.228322
38.121909,-175.469143,541.571179
47.381488,-156.956215,542.301660
52.621440,-132.688182,542.666996
52.096448,-105.760268,542.249995
46.013588,-82.423800,541.122415
36.257564,-64.833206,539.827713
24.514657,-51.474497,539.195628
11.790372,-40.490039,540.044518
-1.317886,-30.502391,542.867112
-14.370491,-20.420261,547.607932
-26.916119,-9.127344,553.614124
-38.314838,4.821689,559.780898
-47.474492,23.308741,564.843666
-52.634594,47.457000,567.722054
-52.102490,74.190757,567.811852
-46.087735,97.391259,565.144192
-36.427118,114.931344,560.371284
-24.770403,128.278160,554.583045
-12.105707,139.259820,549.003215
0.977799,149.242609,544.650976
14.043809,159.314348,542.071938
26.640306,170.592241,541.226426
38.269068,-170.248067,541.580631
47.486669,-151.658220,542.310691
52.656169,-127.318200,542.666991
52.046601,-100.399593,542.238435
45.898513,-77.141529,541.103866
36.105053,-59.623457,539.812337
24.342943,-46.309401,539.195628
11.609833,-35.347207,540.069635
-1.500514,-25.365420,542.920669
-14.549376,-15.274538,547.684833
-27.084149,-3.955718,553.701575
-38.460673,10.042768,559.861643
-47.578306,28.605844,564.900658
-52.668627,52.824536,567.743091
-52.053162,79.548888,567.792840
-45.973912,102.672341,565.090179
-36.275924,120.140763,560.295008
-24.599725,133.443195,554.501375
-11.925763,144.402613,548.932459
1.160348,154.379477,544.602426
14.223150,164.459886,542.049084
26.809288,175.763654,541.224765
38.415807,-165.026099,541.590154
47.591074,-146.359039,542.319645
52.689745,-121.947641,542.666827
51.995654,-95.039728,542.226730
45.782744,-71.860423,541.085283
35.952174,-54.414516,539.797091
24.171048,-41.144749,539.195920
11.429223,-30.204558,540.095143
-1.683130,-20.228428,542.974605
-14.728164,-10.128583,547.761983
-27.251963,1.216417,553.789057
-38.606084,15.264732,559.942169
-47.681346,33.904114,564.957219
-52.701522,58.192633,567.763578
-52.002750,84.906226,567.773287
-45.859399,107.952276,565.035755
-36.124360,125.349380,560.218537
-24.428861,138.607787,554.419753
-11.745741,149.545221,548.861950
1.342894,159.516364,544.554228
14.402402,169.605655,542.026572
26.978060,-179.064426,541.223336
38.562123,-159.803234,541.599745
47.694696,-141.058671,542.328519
52.722164,-116.576523,542.666503
51.943613,-89.680685,542.214882
45.666286,-66.580479,541.066666
35.798931,-49.206378,539.781978
23.998974,-35.980538,539.196508
11.248544,-25.062091,540.121041
-1.865733,-15.091413,543.028920
-14.906855,-4.982394,547.839380
-27.419558,6.389064,553.876565
-38.751068,20.487587,560.022472
-47.783608,39.203552,565.013345
-52.733275,63.561271,567.783515
-51.951258,90.262755,567.753193
-45.744203,113.231064,564.980923
-35.972429,130.557201,560.141874
-24.257813,143.771940,554.338180
-11.565644,154.687647,548.791690
1.525434,164.653274,544.506383
14.581563,174.751657,542.004401
27.146619,-173.891992,541.222136
38.708011,-154.579467,541.609404
47.797530,-135.757116,542.337312
52.753422,-111.204864,542.666018
51.890482,-84.322480,542.202891
45.549145,-61.301696,541.048018
35.645327,-43.999037,539.767000
23.826723,-30.816763,539.197392
11.067797,-19.919803,540.147332
-2.048323,-9.954371,543.083611
-15.085447,0.164033,547.917021
-27.586933,11.562228,553.964096
-38.895622,25.711338,560.102549
-47.885084,44.504156,565.069035
-52.763882,68.930433,567.802902
-51.898692,95.618462,567.732560
-45.628327,118.508710,564.925685
-35.820135,135.764231,560.065023
-24.086582,148.935659,554.256661
-11.385471,159.829894,548.721682
1.707967,169.790208,544.458892
14.760633,179.897897,541.982570
27.314964,-168.719041,541.221165
38.853468,-149.354790,541.619126
47.899569,-130.454375,542.346022
52.783516,-105.832683,542.665372
51.836266,-78.965125,542.190760
45.431326,-56.024069,541.029341
35.491366,-38.792489,539.752160
23.654297,-25.653419,539.198575
10.886984,-14.777690,540.174015
-2.230897,-4.817301,543.138678
-15.263938,5.310702,547.994903
-27.754084,16.735913,554.051648
-39.039741,30.935991,560.182397
-47.985770,49.805927,565.124286
-52.793342,74.300102,567.821736
-51.845055,100.973334,567.711389
-45.511778,123.785215,564.870044
-35.667482,140.970476,559.987988
-23.915170,154.098947,554.175198
-11.205225,164.971966,548.651927
1.890494,174.927171,544.411756
14.939610,-174.955624,541.961078
27.483093,-163.545567,541.220419
38.998489,-144.129198,541.628911
48.000807,-125.150447,542.354647
52.812445,-100.459998,542.664565
51.780968,-73.608635,542.178488
45.312835,-50.747597,541.010637
35.337050,-33.586726,539.737460
23.481696,-20.490504,539.200059
10.706105,-9.635749,540.201091
-2.413456,0.319801,543.194121
-15.442328,10.457614,548.073024
-27.921011,21.910125,554.139216
-39.183421,36.161552,560.262012
-48.085659,55.108864,565.179096
-52.821652,79.670258,567.840019
-51.790352,106.327357,567.689681
-45.394561,129.060583,564.814002
-35.514471,146.175941,559.910771
-23.743579,159.261809,554.093795
-11.024907,170.113864,548.582428
2.073011,-179.935837,544.364974
15.118492,-169.808901,541.939924
27.651003,-158.371567,541.219897
39.143071,-138.902687,541.638755
48.101239,-119.845334,542.363186
52.840205,-95.086828,542.663595
51.724595,-68.253022,542.166077
45.193677,-45.472276,540.991909
35.182383,-28.381744,539.722903
23.308925,-15.328011,539.201846
10.525161,-4.493977,540.228561
-2.595997,5.456937,543.249937
-15.620614,15.604775,548.151381
-28.087711,27.084867,554.226797
-39.326658,41.388026,560.341390
-48.184747,60.412967,565.233462
-52.848808,85.040884,567.857748
-51.734588,111.680520,567.667437
-45.276681,134.334817,564.757562
-35.361107,151.380632,559.833377
-23.571811,164.424248,554.012454
-10.844517,175.255593,548.513187
2.255519,-174.798811,544.318549
15.297279,-164.661931,541.919107
27.818692,-153.197035,541.219597
39.287210,-133.675249,541.648657
48.200859,-114.539036,542.371638
52.866793,-89.713192,542.662464
51.667150,-62.898299,542.153527
45.073858,-40.198103,540.973158
35.027368,-23.177537,539.708491
23.135983,-10.165938,539.203937
10.344155,0.647628,540.256425
-2.778520,10.594110,543.306125
-15.798796,20.752187,548.229973
-28.254182,32.260145,554.314388
-39.469449,46.615419,560.420529
-48.283026,65.718235,565.287383
-52.874809,90.411961,567.874924
-51.677768,117.032808,567.644658
-45.158144,139.607919,564.700726
-35.207393,156.584554,559.755807
-23.399868,169.586269,553.931180
-10.664058,-179.602846,548.444205
2.438016,-169.661749,544.272479
15.475968,-159.514711,541.898627
27.986158,-148.021967,541.219517
39.430902,-128.446879,541.658614
48.299660,-109.231554,542.380000
52.892207,-84.339109,542.661170
51.608639,-57.544480,542.140841
44.953383,-34.925074,540.954386
34.872009,-17.974099,539.694225
22.962874,-5.004280,539.206334
10.163087,5.789070,540.284684
-2.961024,15.731324,543.362685
-15.976873,25.899853,548.308795
-28.420421,37.435963,554.401985
-39.611789,51.843736,560.499426
-48.380492,71.024665,565.340855
-52.899652,95.783470,567.891546
-51.619895,122.384210,567.621346
-45.038955,144.879892,564.643498
-35.053332,161.787713,559.678067
-23.227752,174.747877,553.849975
-10.483530,-174.461448,548.375486
2.620501,-164.524648,544.226766
15.654559,-154.367237,541.878481
28.153398,-142.846357,541.219654
39.574142,-123.217572,541.668624
48.397637,-103.922890,542.388271
52.916444,-78.964598,542.659712
51.549066,-52.191575,542.128018
44.832258,-29.653187,540.935595
34.716309,-12.771424,539.680110
22.789598,0.156967,539.209040
9.981958,10.930352,540.313338
-3.143507,20.868579,543.419615
-16.154842,31.047777,548.387845
-28.586426,42.612326,554.489585
-39.753675,57.072983,560.578076
-48.477138,76.332258,565.393878
-52.923334,101.155393,567.907612
-51.560975,127.734714,567.597501
-44.919119,150.150741,564.585880
-34.898927,166.990115,559.600158
-23.055464,179.909074,553.768842
-10.302934,-169.320211,548.307031
2.802973,-159.387506,544.181410
15.833050,-149.219507,541.858670
28.320411,-137.670202,541.220006
39.716927,-117.987322,541.678684
48.494784,-98.613043,542.396450
52.939503,-73.589679,542.658092
51.488437,-46.839598,542.115059
44.710488,-24.382437,540.916789
34.560271,-7.569508,539.666147
22.616158,5.317806,539.212055
9.800770,16.071477,540.342388
-3.325969,26.005881,543.476915
-16.332703,36.195962,548.467121
-28.752195,47.789239,554.577185
-39.895103,62.303165,560.656477
-48.572959,81.641012,565.446447
-52.945854,106.527710,567.923123
-51.501013,133.084308,567.573125
-44.798642,155.420468,564.527874
-34.744181,172.191764,559.522085
-22.883006,-174.930135,553.687785
-10.122272,-164.179131,548.238842
2.985432,-154.250320,544.136412
16.011439,-144.071517,541.839191
28.487194,-132.493496,541.220572
39.859251,-112.756123,541.688793
48.591095,-93.302017,542.404534
52.961380,-68.214371,542.656308
51.426757,-41.488559,542.101967
44.588078,-19.112821,540.897968
34.403898,-2.368343,539.652339
22.442555,10.478243,539.215382
9.619524,21.212447,540.371834
-3.508408,31.143230,543.534582
-16.510454,41.344411,548.546621
-28.917726,52.966706,554.664780
-40.036067,67.534289,560.734626
-48.667949,86.950924,565.498562
-52.967209,111.900402,567.938079
-51.440014,138.432980,567.548219
-44.677528,160.689077,564.469483
-34.589098,177.392667,559.443851
-22.710379,-169.769745,553.606806
-9.941545,-159.038207,548.170921
3.167875,-149.113087,544.091772
16.189726,-138.923263,541.820044
28.653744,-127.316234,541.221350
40.001112,-107.523970,541.698948
48.686564,-87.989813,542.412522
52.982075,-62.838694,542.654360
51.364030,-36.138471,542.088742
44.465033,-13.844336,540.879134
34.247193,2.832075,539.638687
22.268792,15.638282,539.219023
9.438221,26.353267,540.401676
-3.690824,36.280630,543.592616
-16.688093,46.493129,548.626340
-29.083016,58.144732,554.752367
-40.176565,72.766359,560.812518
-48.762101,92.261993,565.550220
-52.987397,117.273450,567.952477
-51.377983,143.780720,567.522784
-44.555784,165.956571,564.410710
-34.433680,-177.407171,559.365458
-22.537587,-164.609753,553.525909
-9.760755,-153.897434,548.103270
3.350301,-143.975803,544.047491
16.367909,-133.774741,541.801228
28.820060,-122.138412,541.222336
40.142505,-102.290856,541.709146
48.781184,-82.676433,542.420414
53.001583,-57.462668,542.652248
51.300262,-30.789344,542.075385
44.341360,-8.576977,540.860291
34.090160,8.031751,539.625196
22.094870,20.797925,539.222979
9.256862,31.493938,540.431916
-3.873214,41.418084,543.651015
-16.865620,51.642117,548.706277
-29.248064,63.323322,554.839944
-40.316592,77.999380,560.890151
-48.855411,97.574217,565.601419
-53.006417,122.646834,567.966319
-51.314923,149.127516,567.496822
-44.433414,171.222954,564.351558
-34.277931,-172.207744,559.286912
-22.364630,-159.450155,553.445097
-9.579901,-148.756811,548.035892
3.532711,-138.838468,544.003568
16.545986,-128.625950,541.782741
28.986139,-116.960025,541.223530
40.283425,-97.056777,541.719387
48.874950,-77.361879,542.428206
53.019905,-52.086314,542.649971
51.235458,-25.441190,542.061898
44.217063,-3.310741,540.841440
33.932801,13.230692,539.611866
21.920790,25.957178,539.227253
9.075449,36.634464,540.462553
-4.055579,46.555595,543.709778
-17.043032,56.791381,548.786429
-29.412866,68.502481,554.927506
-40.456144,83.233359,560.967522
-48.947872,102.887593,565.652157
-53.024265,128.020534,567.979603
-51.250842,154.473358,567.470334
-44.310423,176.488230,564.292029
-34.121854,-167.009048,559.208214
-22.191510,-154.290948,553.364372
-9.398986,-143.616333,547.968787
3.715101,-133.701077,543.960005
16.723956,-123.476885,541.764583
29.151979,-111.781068,541.224928
40.423869,-91.821727,541.729666
48.967856,-72.046154,542.435898
53.037038,-46.709650,542.647530
51.169623,-20.094018,542.048280
44.092148,1.954377,540.822583
33.775120,18.428904,539.598700
21.746555,31.116043,539.231845
8.893982,41.774847,540.493587
-4.237917,51.693164,543.768903
-17.220329,61.940922,548.866793
-29.577420,73.682214,555.015050
-40.595216,88.468301,561.044628
-49.039479,108.202119,565.702431
-53.040942,133.394532,567.992329
-51.185744,159.818235,567.443321
-44.186817,-178.247597,564.232126
-33.965451,-161.811076,559.129369
-22.018229,-149.132125,553.283739
-9.218010,-138.475998,547.901959
3.897473,-128.563628,543.916801
16.901818,-118.327542,541.746752
29.317576,-106.601537,541.226529
40.563832,-86.585699,541.739983
49.059896,-66.729259,542.443488
53.052980,-41.332698,542.644924
51.102763,-14.747839,542.034535
43.966619,7.218380,540.803723
33.617119,23.626390,539.585701
21.572167,36.274526,539.236758
8.712463,46.915091,540.525020
-4.420226,56.830796,543.828391
-17.397509,67.090745,548.947366
-29.741724,78.862525,555.102573
-40.733805,93.704211,561.121464
-49.130226,113.517793,565.752240
-53.056445,138.768807,568.004496
-51.119633,165.162138,567.415784
-44.062600,-172.984524,564.171851
-33.808725,-156.613824,559.050379
-21.844788,-143.973685,553.203200
-9.036976,-133.335804,547.835409
4.079823,-123.426118,543.873957
17.079569,-113.177919,541.729247
29.482930,-101.421425,541.228331
40.703309,-81.348689,541.750334
49.151064,-61.411200,542.450975
53.067730,-35.955478,542.642152
51.034883,-9.402664,542.020662
43.840482,12.481273,540.784861
33.458803,28.823158,539.572871
21.397626,41.432630,539.241993
8.530893,52.055199,540.556851
-4.602507,61.968493,543.888238
-17.574570,72.240853,549.028146
-29.905776,84.043420,555.190070
-40.871906,98.941095,561.198028
-49.220107,118.834610,565.801580
-53.070772,144.143339,568.016105
-51.052515,170.505055,567.387726
-43.937778,-167.722547,564.111209
-33.651681,-151.417285,558.971249
-21.671190,-138.815623,553.122758
-8.855883,-128.195746,547.769139
4.262152,-118.288544,543.831473
17.257210,-108.028011,541.712066
29.648037,-96.240728,541.230331
40.842297,-76.110692,541.760718
49.241354,-56.091977,542.458357
53.081286,-30.578010,542.639216
50.965988,-4.058501,542.006664
43.713742,17.743059,540.766001
33.300172,34.019212,539.560212
21.222935,46.590360,539.247552
8.349273,57.195174,540.589081
-4.784757,67.106257,543.948443
-17.751511,77.391250,549.109129
-30.069573,89.224903,555.277539
-41.009515,104.178958,561.274317
-49.309115,124.152567,565.850452
-53.083923,149.518109,568.027155
-50.984396,175.846979,567.359146
-43.812356,-162.461661,564.050201
-33.494320,-146.221455,558.891981
-21.497435,-133.657936,553.042416
-8.674734,-123.055823,547.703151
4.444458,-113.150904,543.789350
17.434737,-102.877816,541.695210
29.812896,-91.059442,541.232528
40.980791,-70.871700,541.771133
49.330760,-50.771595,542.465633
53.093648,-25.200315,542.636114
50.896084,1.284639,541.992541
43.586405,23.003744,540.747143
33.141232,39.214558,539.547728
21.048095,51.747718,539.253437
8.167605,62.335017,540.621710
-4.966975,72.244092,544.009006
-17.928331,82.541938,549.190313
-30.233113,94.406980,555.364976
-41.146627,109.417805,561.350327
-49.397246,129.471662,565.898851
-53.095896,154.893095,568.037645
-50.915281,-178.812101,567.330048
-43.686338,-157.201862,563.988830
-33.336645,-141.026327,558.812579
-21.323526,-128.500618,552.962177
-8.493529,-117.916031,547.637446
4.626740,-108.013195,543.747588
17.612151,-97.727330,541.678675
29.977503,-85.877561,541.234919
41.118786,-65.631710,541.781575
49.419277,-45.450058,542.472801
53.104813,-19.822414,542.632847
50.825176,6.626748,541.978294
43.458475,28.263332,540.728291
32.981984,44.409201,539.535419
20.873109,56.904709,539.259650
7.985889,67.474734,540.654738
-5.149161,77.382000,544.069925
-18.105028,87.692922,549.271695
-30.396393,99.589654,555.452378
-41.283239,114.657642,561.426056
-49.484494,134.791890,565.946777
-53.106690,160.268279,568.047575
-50.845175,-173.472193,567.300431
-43.559731,-151.943146,563.927098
-33.178660,-135.831898,558.733046
-21.149465,-123.343667,552.882045
-8.312269,-112.776367,547.572028
4.808997,-102.875413,543.706187
17.789448,-92.576548,541.662462
30.141855,-80.695080,541.237502
41.256278,-60.390716,541.792044
49.506897,-40.127369,542.479860
53.114781,-14.444327,542.629414
50.753270,11.967816,541.963925
43.329957,33.521827,540.709446
32.822432,49.603147,539.523290
20.697977,62.061336,539.266192
7.804127,72.614325,540.688165
-5.331313,82.519984,544.131198
-18.281601,92.844205,549.353273
-30.559411,104.772932,555.539741
-41.419345,119.898473,561.501499
-49.570852,140.113248,565.994227
-53.116303,165.643638,568.056944
-50.774083,-168.133307,567.270299
-43.432538,-146.685508,563.865010
-33.020367,-130.638161,558.653387
-20.975252,-118.187079,552.802022
-8.130956,-107.636829,547.506896
4.991227,-97.737557,543.665147
17.966628,-87.425469,541.646568
30.305952,-75.511994,541.240274
41.393263,-55.148712,541.802536
49.593615,-34.803532,542.486808
53.123550,-9.066076,542.625815
50.680372,17.307835,541.949435
43.200857,38.779233,540.690610
32.662578,54.796402,539.511341
20.522702,67.217605,539.273064
7.622320,77.753795,540.721993
-5.513430,87.658046,544.192823
-18.458047,97.995791,549.435043
-30.722164,109.956818,555.627061
-41.554942,125.140305,561.576654
-49.656316,145.435731,566.041199
-53.124736,171.019154,568.065754
-50.702011,-162.795450,567.239651
-43.304764,-141.428945,563.802568
-32.861768,-125.445111,558.573603
-20.800890,-113.030849,552.722111
-7.949591,-102.497414,547.442054
5.173430,-92.599623,543.624469
18.143690,-82.274088,541.630993
30.469789,-70.328298,541.243234
41.529735,-49.905693,541.813049
49.679426,-29.478553,542.493644
53.131120,-3.687681,542.622051
50.606486,22.646798,541.934826
43.071179,44.035556,540.671787
32.502425,59.988970,539.499576
20.347284,72.373517,539.280268
7.440469,82.893145,540.756220
-5.695512,92.796191,544.254800
-18.634367,103.147683,549.517002
-30.884650,115.141318,555.714336
-41.690025,130.383142,561.651519
-49.740878,150.759334,566.087691
-53.131987,176.394806,568.074002
-50.628964,-157.458631,567.208490
-43.176415,-136.173452,563.739773
-32.702868,-120.252742,558.493698
-20.626381,-107.874975,552.642316
-7.768175,-97.358118,547.377503
5.355605,-87.461609,543.584152
18.320631,-77.122401,541.615734
30.633365,-65.143987,541.246380
41.665691,-44.661653,541.823583
49.764323,-24.152434,542.500368
53.137491,1.690837,542.618121
50.531619,27.984695,541.920098
42.940929,49.290800,540.652978
32.341976,65.180857,539.487996
20.171727,77.529078,539.287807
7.258575,88.032380,540.790847
-5.877556,97.934420,544.317127
-18.810558,108.299884,549.599148
-31.046866,120.326436,555.801561
-41.824589,135.626989,561.726088
-49.824534,156.084054,566.133702
-53.138055,-178.229427,568.081690
-50.554947,-152.122857,567.176818
-43.047496,-130.919024,563.676631
-32.543669,-115.061051,558.413677
-20.451725,-102.719451,552.562638
-7.586709,-92.218939,547.313244
5.537750,-82.323511,543.544197
18.497451,-71.970405,541.600792
30.796677,-59.959057,541.249708
41.801126,-39.416588,541.834133
49.848300,-18.825182,542.506976
53.142661,7.069458,542.614025
50.455776,33.321519,541.905254
42.810111,54.544969,540.634186
32.181234,70.372069,539.476605
19.996030,82.684291,539.295681
7.076639,93.171502,540.825874
-6.059562,103.072736,544.379802
-18.986618,113.452399,549.681477
-31.208810,125.512177,555.888733
-41.958630,140.871852,561.800361
-49.907278,161.409884,566.179229
-53.142940,-172.853565,568.088816
-50.479967,-146.788137,567.144635
-42.918010,-125.665656,563.613142
-32.384173,-109.870030,558.333542
-20.276924,-97.564275,552.483083
-7.405194,-87.079874,547.249280
5.719865,-77.185327,543.504604
18.674147,-66.818097,541.586164
30.959723,-54.773501,541.253218
41.936035,-34.170491,541.844698
49.931352,-13.496801,542.513468
53.146630,12.448158,542.609763
50.378963,38.657263,541.890294
42.678730,59.798069,540.615412
32.020202,75.562610,539.465404
19.820197,87.839160,539.303893
6.894663,98.310513,540.861302
-6.241529,108.211142,544.442824
-19.162546,118.605231,549.763987
-31.370479,130.698546,555.975849
-42.092143,146.117736,561.874332
-49.989104,166.736821,566.224271
-53.146641,-167.477629,568.095382
-50.404029,-141.454478,567.111943
-42.787964,-120.413345,563.549311
-32.224383,-104.679675,558.253296
-20.101981,-92.409443,552.403651
-7.223632,-81.940920,547.185613
5.901947,-72.047055,543.465373
18.850718,-61.665473,541.571849
31.122499,-49.587314,541.256907
42.070414,-28.923359,541.855276
50.013472,-8.167297,542.519843
53.149397,17.826919,542.605335
50.301185,43.991919,541.875219
42.546791,65.050105,540.596659
31.858883,80.752486,539.454396
19.644229,92.993688,539.312443
6.712648,103.449417,540.897129
-6.423456,113.349641,544.506191
-19.338341,123.758383,549.846675
-31.531870,135.885549,556.062905
-42.225124,151.364645,561.948000
-50.070007,172.064858,566.268825
-53.149159,-162.101640,568.101385
-50.327138,-136.121886,567.078745
-42.657361,-115.162084,563.485139
-32.064302,-99.489981,558.172944
-19.926896,-87.254951,552.324347
-7.042023,-76.802074,547.122243
6.083997,-66.908690,543.426504
19.027163,-56.512529,541.557846
31.285003,-44.400492,541.260772
42.204257,-23.675185,541.865864
50.094656,-2.836675,542.526100
53.150963,23.205718,542.600741
50.222449,49.325481,541.860032
42.414300,70.301081,540.577929
31.697279,85.941703,539.443583
19.468126,98.147880,539.321333
6.530595,108.588217,540.933358
-6.605340,118.488236,544.569901
-19.514001,128.911860,549.929538
-31.692982,141.073191,556.149897
-42.357568,156.612586,562.021360
-50.149979,177.393989,566.312889
-53.150492,-156.725617,568.106827
-50.249300,-130.790369,567.045041
-42.526207,-109.911871,563.420631
-31.903933,-94.300942,558.092488
-19.751671,-82.100795,552.245173
-6.860369,-71.663334,547.059173
6.266012,-61.770231,543.387997
19.203481,-51.359261,541.544153
31.447232,-39.213030,541.264811
42.337560,-18.425964,541.876461
50.174896,2.495058,542.532236
53.151326,28.584535,542.595982
50.142760,54.657941,541.844733
42.281260,75.551002,540.559225
31.535393,91.130265,539.432968
19.291891,103.301738,539.330565
6.348504,113.726914,540.969987
-6.787182,123.626929,544.633953
-19.689525,134.065664,550.012573
-31.853810,146.261477,556.236822
-42.489471,161.861561,562.094411
-50.229017,-177.275791,566.356463
-53.150641,-151.349582,568.111707
-50.170520,-125.459933,567.010833
-42.394506,-104.662699,563.355788
-31.743279,-89.112554,558.011933
-19.576308,-76.946971,552.166132
-6.678671,-66.524696,546.996404
6.447992,-56.631675,543.349852
19.379668,-46.205666,541.530769
31.609185,-34.024921,541.269022
42.470319,-13.175693,541.887064
50.254187,7.827897,542.538251
53.150488,33.963348,542.591057
50.062124,59.989294,541.829324
42.147677,80.799873,540.540548
31.373227,96.318178,539.422553
19.115526,108.455267,539.340140
6.166378,118.865513,541.007016
-6.968981,128.765724,544.698345
-19.864911,139.219800,550.095776
-32.014354,151.450412,556.323677
-42.620828,167.111577,562.167149
-50.307115,-171.944489,566.399544
-53.149606,-145.973555,568.116026
-50.090804,-120.130585,566.976123
-42.262263,-99.414563,563.290615
-31.582341,-83.924811,557.931280
-19.400809,-71.793477,552.087226
-6.496930,-61.386158,546.933939
6.629936,-51.493018,543.312069
19.555725,-41.051740,541.517693
31.770857,-28.836161,541.273404
42.602528,-7.924364,541.897671
50.332524,13.161834,542.544144
53.148448,39.342136,542.585966
49.980546,65.319533,541.813807
42.013555,86.047700,540.521902
31.210785,101.505447,539.412340
18.939032,113.608471,539.350060
5.984217,124.004016,541.044446
-7.150734,133.904624,544.763076
-20.040157,144.374271,550.179145
-32.174609,156.640001,556.410458
-42.751633,172.362639,562.239570
-50.384266,-166.612110,566.442130
-53.147386,-140.597557,568.119782
-50.010158,-114.802330,566.940913
-42.129483,-94.167460,563.225113
-31.421123,-78.737707,557.850534
-19.225174,-66.640307,552.008460
-6.315147,-56.247716,546.871777
6.811842,-46.354258,543.274649
19.731649,-35.897480,541.504922
31.932247,-23.646745,541.277953
42.734183,-2.671974,541.908280
50.409901,18.496864,542.549913
53.145207,44.720878,542.580710
49.898033,70.648653,541.798183
41.878899,91.294488,540.503288
31.048070,106.692078,539.402332
18.762410,118.761353,539.360327
5.802022,129.142426,541.082276
-7.332441,139.043630,544.828143
-20.215261,149.529080,550.262678
-32.334573,161.830249,556.497162
-42.881883,177.614751,562.311672
-50.460465,-161.278663,566.484219
-53.143983,-135.221609,568.122977
-49.928588,-109.475175,566.905204
-41.996170,-88.921383,563.159286
-31.259627,-73.551239,557.769699
-19.049406,-61.487460,551.929836
-6.133323,-51.109369,546.809922
6.993710,-41.215392,543.237591
19.907439,-30.742881,541.492456
32.093351,-18.456667,541.282667
42.865279,2.581482,541.918889
50.486311,23.832979,542.555556
53.140763,50.099554,542.575288
49.814591,75.976648,541.782452
41.743714,96.540242,540.484709
30.885082,111.878075,539.392530
18.585662,123.913917,539.370941
5.619795,134.280746,541.120507
-7.514101,144.182746,544.893546
-20.390223,154.684233,550.346370
-32.494244,167.021162,556.583784
-43.011573,-177.132083,562.383452
-50.535707,-155.944154,566.525810
-53.139395,-129.845731,568.125610
-49.846099,-104.149124,566.868998
-41.862328,-83.676329,563.093137
-31.097856,-68.365400,557.688777
-18.873506,-56.334930,551.851356
-5.951459,-45.971113,546.748375
7.175538,-36.076418,543.200895
20.083093,-25.587940,541.480293
32.254168,-13.265922,541.287544
42.995810,7.836010,541.929496
50.561749,29.170172,542.561074
53.135120,55.478141,542.569702
49.730225,81.303513,541.766618
41.608004,101.784966,540.466166
30.721827,117.063443,539.382938
18.408790,129.066166,539.381904
5.437536,139.418978,541.159138
-7.695713,149.321976,544.959281
-20.565041,159.839732,550.430219
-32.653618,172.212745,556.670322
-43.140697,-171.877856,562.454907
-50.609986,-150.608589,566.566901
-53.133625,-124.469943,568.127681
-49.762697,-98.824184,566.832296
-41.727963,-78.432291,563.026668
-30.935812,-63.180186,557.607772
-18.697475,-51.182714,551.773024
-5.769557,-40.832945,546.687137
7.357325,-30.937331,543.164561
20.258609,-20.432654,541.468431
32.414693,-8.074504,541.292583
43.125773,13.091614,541.940098
50.636210,34.508436,542.566464
53.128275,60.856619,542.563950
49.644941,86.629242,541.750681
41.471775,107.028667,540.447663
30.558305,122.248188,539.373557
18.231795,134.218103,539.393218
5.255247,144.557126,541.198169
-7.877275,154.461321,545.025349
-20.739712,164.995581,550.514222
-32.812694,177.405003,556.756773
-43.269252,-166.622566,562.526033
-50.683296,-145.271978,566.607491
-53.126672,-119.094266,568.129190
-49.678387,-93.500358,566.795102
-41.593079,-73.189265,562.959884
-30.773499,-57.995592,557.526687
-18.521315,-46.030810,551.694842
-5.587618,-35.694863,546.626210
7.539070,-25.798130,543.128588
20.433987,-15.277017,541.456870
32.574925,-2.882409,541.297779
43.255162,18.348298,541.950693
50.709688,39.847762,542.571726
53.120231,66.234967,542.558033
49.558745,91.953831,541.734642
41.335030,112.271349,540.429202
30.394520,127.432316,539.364391
18.054678,139.369734,539.404884
5.072930,149.695191,541.237600
-8.058786,159.600785,545.091746
-20.914236,170.151784,550.598375
-32.971467,-177.402059,556.843131
-43.397232,-161.366207,562.596829
-50.755633,-139.934327,566.647577
-53.118536,-113.718721,568.130137
-49.593175,-88.177653,566.757416
-41.457680,-67.947245,562.892786
-30.610918,-52.811612,557.445526
-18.345027,-40.879212,551.616813
-5.405642,-30.556863,546.565595
7.720771,-20.658812,543.092978
20.609223,-10.121028,541.445606
32.734860,2.310369,541.303133
43.383971,23.606068,541.961280
50.782177,45.188142,542.576858
53.110988,71.613164,542.551951
49.471643,97.277276,541.718505
41.197774,117.513019,540.410785
30.230473,132.615830,539.355440
17.877442,144.521061,539.416903
4.890584,154.833178,541.277432
-8.240245,164.740370,545.158471
-21.088611,175.308344,550.682676
-33.129936,-172.208435,556.929395
-43.524631,-156.108775,562.667289
-50.826990,-134.595645,566.687158
-53.109220,-108.343328,568.130523
-49.507068,-82.856072,566.719240
-41.321771,-62.706227,562.825378
-30.448072,-47.628241,557.364292
-18.168614,-35.727918,551.538940
-5.223631,-25.418943,546.505295
7.902428,-15.519373,543.057729
20.784318,-4.964681,541.434640
32.894496,7.503836,541.308640
43.512197,28.864928,541.971857
50.853672,50.529569,542.581859
53.100547,76.991189,542.545706
49.383641,102.599571,541.702268
41.060012,122.753680,540.392414
30.066169,137.798736,539.346708
17.700087,149.672087,539.429277
4.708211,159.971089,541.317663
-8.421651,169.880080,545.225522
-21.262834,-179.534734,550.767122
-33.288098,-167.014120,557.015560
-43.651447,-150.850265,562.737413
-50.897362,-129.255941,566.726232
-53.098723,-102.968108,568.130347
-49.420071,-77.535619,566.680576
-41.185357,-57.466205,562.757663
-30.284964,-42.445475,557.282988
-17.992076,-30.576925,551.461226
-5.041586,-20.281101,546.445309
8.084040,-10.379810,543.022841
20.959268,0.192027,541.423969
33.053829,12.697996,541.314299
43.639834,34.124883,541.982420
50.924167,55.872033,542.586728
53.088909,82.369021,542.539296
49.294745,107.920714,541.685936
40.921748,127.993340,540.374091
29.901608,142.981040,539.338196
17.522616,154.822817,539.442007
4.525813,165.108926,541.358294
-8.603003,175.019917,545.292897
-21.436906,-174.377446,550.851710
-33.445949,-161.819108,557.101623
-43.777672,-145.590674,562.807196
-50.966744,-123.915222,566.764798
-53.087048,-97.593080,568.129610
-49.332189,-72.216300,566.641426
-41.048440,-52.227173,562.689643
-30.121596,-37.263309,557.201619
-17.815415,-25.426227,551.383674
-4.859508,-15.143332,546.385640
8.265604,-5.240122,542.988315
21.134073,5.349100,541.413592
33.212858,17.892856,541.320108
43.766877,39.385937,541.992968
50.993656,61.215525,542.591464
53.076076,87.746640,542.532722
49.204961,113.240699,541.669508
40.782987,133.232002,540.355820
29.736795,148.162745,539.329908
17.345029,159.973253,539.455095
4.343390,170.246693,541.399324
-8.784300,-179.840116,545.360595
-21.610822,-169.219789,550.936435
-33.603486,-156.623395,557.187580
-43.903303,-140.329996,562.876636
-51.035131,-118.573498,566.802854
-53.074194,-92.218266,568.128312
-49.243429,-66.898116,566.601791
-40.911027,-46.989128,562.621323
-29.957970,-32.081737,557.120187
-17.638633,-20.275823,551.306285
-4.677398,-10.005636,546.326290
8.447121,-0.100305,542.954150
21.308731,10.506541,541.403507
33.371578,23.088420,541.326064
43.893320,44.648094,542.003500
51.062135,66.560036,542.596065
53.062047,93.124025,542.525984
49.114294,118.559525,541.652987
40.643733,138.469673,540.337602
29.571730,153.343858,539.321845
17.167329,165.123400,539.468541
4.160944,175.384391,541.440754
-8.965540,-174.700016,545.428613
-21.784584,-164.061759,551.021296
-33.760708,-151.426974,557.273429
-44.028335,-135.068228,562.945730
-51.102517,-113.230778,566.840399
-53.060163,-86.843684,568.126452
-49.153796,-61.581073,566.561675
-40.773122,-41.752062,562.552705
-29.794090,-26.900754,557.038695
-17.461730,-15.125708,551.229065
-4.495258,-4.868007,546.267258
8.628589,5.039645,542.920346
21.483239,15.664355,541.393713
33.529987,28.284695,541.332164
44.019160,49.911359,542.014012
51.129597,71.905558,542.600531
53.046826,98.501155,542.519083
49.022751,123.877187,541.636374
40.503990,143.706359,540.319440
29.406417,158.524383,539.314009
16.989516,170.273261,539.482348
3.978475,-179.477975,541.482582
-9.146723,-169.559779,545.496950
-21.958187,-158.903353,551.106289
-33.917610,-146.229841,557.359165
-44.152761,-129.805365,563.014475
-51.168897,-107.887071,566.877430
-53.044956,-81.469356,568.124032
-49.063296,-56.265174,566.521078
-40.634727,-36.515972,562.483792
-29.629956,-21.720357,556.957148
-17.284709,-9.975880,551.152014
-4.313088,0.269555,546.208548
8.810006,10.179729,542.886902
21.657597,20.822546,541.384207
33.688082,33.481685,541.338408
44.144389,55.175736,542.024503
51.196037,77.252078,542.604861
53.030413,103.878010,542.512019
48.930338,129.193682,541.619671
40.363763,148.942064,540.301336
29.240858,163.704325,539.306403
16.811592,175.422839,539.496516
3.795985,-174.340403,541.524809
-9.327847,-164.419403,545.565604
-22.131631,-153.744565,551.191412
-34.074191,-141.031990,557.444784
-44.276578,-124.541404,563.082868
-51.234266,-102.542388,566.913947
-53.028576,-76.095301,568.121052
-48.971935,-50.950420,566.480003
-40.495849,-31.280851,562.414587
-29.465573,-16.540539,556.875548
-17.107570,-4.826334,551.075135
-4.130889,5.407054,546.150161
8.991372,15.319952,542.853819
21.831802,25.981118,541.374989
33.845860,38.679396,541.344792
44.269004,60.441228,542.034971
51.261451,82.599589,542.609054
53.012809,109.254569,542.504792
48.837061,134.509007,541.602880
40.223057,154.176794,540.283292
29.075055,168.883690,539.299030
16.633558,-179.427862,539.511046
3.613475,-169.202890,541.567434
-9.508910,-159.278886,545.634572
-22.304914,-148.585392,551.276659
-34.230446,-135.833416,557.530285
-44.399780,-119.276340,563.150907
-51.298618,-97.196738,566.949948
-53.011023,-70.721539,568.117511
-48.879719,-45.636817,566.438451
-40.356491,-26.046694,562.345094
-29.300941,-11.361296,556.793899
-16.930316,0.322933,550.998432
-3.948663,10.544492,546.092097
9.172686,20.460315,542.821095
22.005853,31.140074,541.366056
34.003318,43.877834,541.351314
44.393000,65.707842,542.045414
51.325832,87.948079,542.613108
52.994017,114.630812,542.497403
48.742925,139.823161,541.586001
40.081875,159.410555,540.265311
28.909012,174.062481,539.291890
16.455417,-174.278839,539.525940
3.430946,-164.065435,541.610458
-9.689912,-154.138223,545.703852
-22.478035,-143.425831,551.362030
-34.386373,-130.634113,557.615662
-44.522363,-114.010170,563.218587
-51.361949,-91.850132,566.985432
-52.992299,-65.348089,568.113410
-48.786653,-40.324365,566.396424
-40.216658,-20.813495,562.275315
-29.136065,-6.182623,556.712204
-16.752947,5.471924,550.921907
-3.766411,15.681873,546.034357
9.353945,25.600821,542.788731
22.179748,36.299418,541.357408
34.160452,49.077004,541.357971
44.516370,70.975579,542.055830
51.389175,93.297537,542.617022
52.974039,120.006720,542.489853
48.647937,145.136140,541.569038
39.940221,164.643353,540.247395
28.742729,179.240704,539.284987
16.277168,-169.130088,539.541200
3.248399,-158.928033,541.653879
-9.870852,-148.997413,545.773444
-22.650991,-138.265877,551.447520
-34.541969,-125.434075,557.700913
-44.644320,-108.742890,563.285907
-51.424253,-86.502580,567.020396
-52.972406,-59.974972,568.108750
-48.692743,-35.013067,566.353926
-40.076353,-15.581250,562.205254
-28.970945,-1.004515,556.630467
-16.575465,10.620643,550.845563
-3.584133,20.819200,545.976945
9.535150,30.741475,542.756727
22.353486,41.459155,541.349042
34.317261,54.276912,541.364763
44.639109,76.244444,542.066216
51.451476,98.647954,542.620797
52.952876,125.382272,542.482140
48.552103,150.447942,541.551991
39.798101,169.875192,540.229547
28.576210,-175.581636,539.278323
16.098815,-163.981606,539.556825
3.065835,-153.790682,541.697697
-10.051728,-143.856452,545.843344
-22.823781,-133.105526,551.533127
-34.697231,-120.233298,557.786033
-44.765647,-103.474496,563.352863
-51.485526,-81.154093,567.054840
-52.951346,-54.602207,568.103530
-48.597996,-29.702926,566.310957
-39.935581,-10.349953,562.134913
-28.805584,4.173032,556.548691
-16.397872,15.769092,550.769402
-3.401832,25.956474,545.919859
9.716298,35.882278,542.725081
22.527064,46.619288,541.340956
34.473740,59.477563,541.371685
44.761213,81.514441,542.076571
51.512729,103.999316,542.624429
52.930530,130.757448,542.474267
48.455428,155.758566,541.534862
39.655518,175.106079,540.211769
28.409457,-170.404534,539.271900
15.920358,-158.833389,539.572819
2.883255,-148.653379,541.741912
-10.232540,-138.715337,545.913551
-22.996403,-127.944774,551.618846
-34.852156,-115.031776,557.871021
-44.886338,-98.204985,563.419454
-51.545762,-75.804682,567.088762
-52.929121,-49.229813,568.097752
-48.502417,-24.393944,566.267519
-39.794345,-5.119598,562.064297
-28.639984,9.350024,556.466879
-16.220168,20.917277,550.693427
-3.219507,31.093699,545.863103
9.897389,41.023234,542.693794
22.700481,51.779822,541.333149
34.629887,64.678963,541.378736
44.882675,86.785574,542.086893
51.572929,109.351614,542.627920
52.907004,136.132228,542.466233
48.357919,161.068009,541.517652
39.512476,-179.663980,540.194063
28.242473,-165.227986,539.265720
15.741799,-153.685435,539.589180
2.700661,-143.516122,541.786524
-10.413285,-133.574065,545.984062
-23.168855,-122.783618,551.704676
-35.006740,-109.829503,557.955871
-45.006389,-92.934353,563.485675
-51.604957,-70.454359,567.122161
-52.905732,-43.857810,568.091415
-48.406011,-19.086122,566.223615
-39.652651,0.109821,561.993407
-28.474149,14.526465,556.385035
-16.042356,26.065199,550.617640
-3.037160,36.230877,545.806676
10.078422,46.164346,542.662866
22.873734,56.940760,541.325619
34.785698,69.881118,541.385914
45.003491,92.057845,542.097180
51.632071,114.704835,542.631267
52.882300,141.506594,542.458039
48.259581,166.376271,541.500365
39.368979,-174.434981,540.176432
28.075259,-160.051987,539.259785
15.563139,-148.537739,539.605912
2.518053,-138.378907,541.831531
-10.593963,-128.432633,546.054875
-23.341136,-117.622052,551.790612
-35.160981,-104.626474,558.040580
-45.125794,-87.662597,563.551524
-51.663105,-65.103136,567.155036
-52.881183,-38.486216,568.084520
-48.308785,-13.779463,566.179247
-39.510501,5.338308,561.922248
-28.308079,19.702360,556.303162
-15.864436,31.212862,550.542045
-2.854793,41.368012,545.750581
10.259394,51.305616,542.632294
23.046824,62.102107,541.318365
34.941170,75.084032,541.393216
45.123655,97.331259,542.107429
51.690150,120.058966,542.634470
52.856420,146.880525,542.449685
48.160421,171.683349,541.483001
39.225033,-169.206916,540.158878
27.907817,-154.876532,539.254098
15.384379,-143.390298,539.623015
2.335433,-133.241733,541.876934
-10.774573,-123.291039,546.125990
-23.513243,-112.460074,551.876652
-35.314875,-99.422683,558.125146
-45.244547,-82.389713,563.616999
-51.720203,-59.751024,567.187384
-52.855476,-33.115051,568.077068
-48.210744,-8.473966,566.134417
-39.367901,10.565869,561.850822
-28.141778,24.877713,556.221263
-15.686411,36.360270,550.466644
-2.672406,46.505106,545.694818
10.440306,56.447048,542.602080
23.219746,67.263867,541.311385
35.096301,80.287712,541.400641
45.243162,102.605819,542.117640
51.747161,125.413996,542.637528
52.829366,152.254003,542.441172
48.060444,176.989244,541.465562
39.080639,-163.979782,540.141404
27.740151,-149.701616,539.248661
15.205521,-138.243110,539.640489
2.152802,-128.104596,541.922732
-10.955113,-118.149279,546.197402
-23.685176,-107.297679,551.962792
-35.468419,-94.218125,558.209564
-45.362644,-77.115699,563.682096
-51.776244,-54.398036,567.219205
-52.828612,-27.744333,568.069059
-48.111895,-3.169634,566.089127
-39.224853,15.792511,561.779133
-27.975247,30.052530,556.139342
-15.508281,41.507426,550.391440
-2.490000,51.642161,545.639388
10.621155,61.588645,542.572223
23.392500,72.426044,541.304676
35.251086,85.492163,541.408184
45.362006,107.881528,542.127809
51.803100,130.769913,542.640439
52.801142,157.627008,542.432500
47.959657,-177.706047,541.448049
38.935804,-158.753571,540.124012
27.572262,-144.527234,539.243476
15.026566,-133.096170,539.658337
1.970160,-122.967493,541.968925
-11.135582,-113.007350,546.269110
-23.856931,-102.134862,552.049029
-35.621610,-89.012794,558.293832
-45.480079,-71.840551,563.746813
-51.831225,-49.044184,567.250498
-52.800595,-22.374081,568.060492
-48.012243,2.133533,566.043379
-39.081363,21.018238,561.707183
-27.808489,35.226814,556.057402
-15.330047,46.654333,550.316434
-2.307577,56.779181,545.584294
10.801941,66.730409,542.542722
23.565084,77.588642,541.298237
35.405523,90.697392,541.415846
45.480182,113.158390,542.137935
51.857960,136.126702,542.643204
52.771750,162.999521,542.423671
47.858065,-172.402524,541.430466
38.790530,-153.528278,540.106703
27.404153,-139.353382,539.238544
14.847516,-127.949475,539.676559
1.787509,-117.830422,542.015511
-11.315979,-107.865249,546.341113
-24.028508,-96.971621,552.135360
-35.774444,-83.806685,558.377944
-45.596847,-66.564266,563.811147
-51.885140,-43.689481,567.281261
-52.771428,-17.004313,568.051370
-47.911793,7.435533,565.997175
-38.937433,26.243056,561.634977
-27.641505,40.400571,555.975447
-15.151712,51.800994,550.241631
-2.125137,61.916168,545.529535
10.982662,71.872344,542.513577
23.737496,82.751665,541.292067
35.559608,95.903403,541.423622
45.597684,118.436407,542.148016
51.911739,141.484350,542.645822
52.741192,168.371524,542.414683
47.755674,-167.100186,541.412813
38.644823,-148.303898,540.089482
27.235826,-134.180055,539.233869
14.668372,-122.803022,539.695156
1.604850,-112.693380,542.062491
-11.496303,-102.722974,546.413407
-24.199904,-91.807950,552.221781
-35.926919,-78.599792,558.461899
-45.712942,-61.286842,563.875095
-51.937986,-38.333940,567.311492
-52.741111,-11.635047,568.041693
-47.810552,12.736367,565.950518
-38.793068,31.466970,561.562516
-27.474299,45.573806,555.893480
-14.973276,56.947414,550.167031
-1.942682,67.053126,545.475113
11.163317,77.014453,542.484788
23.909734,87.915117,541.286163
35.713337,101.110202,541.431511
45.714506,123.715582,542.158050
51.964431,146.842846,542.648290
52.709472,173.742999,542.405539
47.652491,-161.799035,541.395092
38.498684,-143.080424,540.072350
27.067282,-129.007249,539.229452
14.489135,-117.656808,539.714129
1.422185,-107.556363,542.109864
-11.676552,-97.580520,546.485990
-24.371117,-86.643845,552.308289
-36.079031,-73.392109,558.545693
-45.828358,-56.008275,563.938655
-51.989758,-32.977574,567.341192
-52.709650,-6.266302,568.031460
-47.708525,18.036034,565.903410
-38.648272,36.689987,561.489805
-27.306872,50.746522,555.811503
-14.794741,62.093594,550.092638
-1.760213,72.190056,545.421029
11.343905,82.156738,542.456352
24.081796,93.079003,541.280524
35.866709,106.317795,541.439510
45.830644,128.995918,542.168036
52.016031,152.202173,542.650610
52.676593,179.113926,542.396238
47.548520,-156.499071,541.377305
38.352120,-137.857852,540.055309
26.898525,-123.834958,539.225296
14.309807,-112.510830,539.733480
1.239513,-102.419371,542.157629
-11.856726,-92.437885,546.558861
-24.542147,-81.479303,552.394882
-36.230777,-68.183631,558.629322
-45.943092,-50.728564,564.001824
-52.040451,-27.620398,567.370358
-52.677046,-0.898095,568.020673
-47.605719,23.334533,565.855852
-38.503049,41.912112,561.416847
-27.139227,55.918725,555.729522
-14.616108,67.239539,550.018454
-1.577730,77.326961,545.367284
11.524425,87.299204,542.428271
24.253680,98.243326,541.275148
36.019719,111.526188,541.447618
45.946091,134.277418,542.177970
52.066535,157.562319,542.652779
52.642557,-175.515712,542.386782
47.443769,-151.200293,541.359454
38.205132,-132.636174,540.038363
26.729556,-118.663179,539.221403
14.130389,-107.365083,539.753208
1.056837,-97.282399,542.205785
-12.036822,-87.295067,546.632017
-24.712990,-76.314319,552.481554
-36.382154,-62.974353,558.712783
-46.057136,-45.447705,564.064600
-52.090061,-22.262424,567.398989
-52.643303,4.469555,568.009333
-47.502138,28.631865,565.807848
-38.357402,47.133351,561.343645
-26.971365,61.090419,555.647537
-14.437379,72.385251,549.944482
-1.395236,82.463845,545.313879
11.704875,92.441852,542.400544
24.425385,103.408092,541.270033
36.172363,116.735386,541.455831
46.060842,139.560084,542.187852
52.115939,162.923269,542.654797
52.607369,-170.145933,542.377171
47.338242,-145.902702,541.341541
38.057727,-127.415386,540.021513
26.560378,-113.491906,539.217774
13.950882,-102.219566,539.773317
0.874157,-92.145445,542.254332
-12.216840,-82.152061,546.705456
-24.883645,-71.148888,552.568305
-36.533157,-57.764268,558.796072
-46.170486,-40.165697,564.126979
-52.138584,-16.903667,567.427085
-52.608423,9.836632,567.997439
-47.397789,33.928030,565.759399
-38.211335,52.353708,561.270201
-26.803289,66.261608,555.565555
-14.258554,77.530734,549.870725
-1.212730,87.600710,545.260814
11.885254,97.584687,542.373169
24.596908,108.573304,541.265177
36.324639,121.945395,541.464148
46.174891,144.843919,542.197680
52.164238,168.285009,542.656664
52.571030,-164.776754,542.367405
47.231946,-140.606296,541.323567
37.909906,-122.195482,540.004761
26.390992,-108.321135,539.214412
13.771289,-97.074274,539.793805
0.691475,-87.008506,542.303270
-12.396779,-77.008865,546.779175
-25.054110,-65.983007,552.655129
-36.683784,-52.553371,558.879185
-46.283136,-34.882537,564.188959
-52.186015,-11.544142,567.454643
-52.572410,15.203118,567.984993
-47.292677,39.223028,565.710508
-38.064851,57.573191,561.196520
-26.635000,71.432298,555.483576
-14.079636,82.675992,549.797183
-1.030215,92.737559,545.208092
12.065561,102.727710,542.346146
24.768248,113.738966,541.260578
36.476542,127.156221,541.472566
46.288233,150.128925,542.207451
52.211428,173.647523,542.658379
52.533545,-159.408194,542.357485
47.124887,-135.311076,541.305535
37.761674,-116.976455,539.988111
26.221401,-103.150861,539.211318
13.591609,-91.929204,539.814674
0.508791,-81.871579,542.352597
-12.576637,-71.865476,546.853173
-25.224383,-60.816671,552.742024
-36.834031,-47.341657,558.962121
-46.395081,-29.598222,564.250537
-52.232351,-6.183863,567.481664
-52.535268,20.568996,567.971996
-47.186809,44.516860,565.661178
-37.917956,62.791803,561.122605
-26.466502,76.602492,555.401605
-13.900625,87.821026,549.723861
-0.847690,97.874394,545.155713
12.245794,107.870926,542.319475
24.939402,118.905084,541.256234
36.628071,132.367869,541.481083
46.400862,155.415104,542.217164
52.257505,179.010797,542.659940
52.494917,-154.040269,542.347412
47.017071,-130.017040,541.287446
37.613035,-111.758301,539.971565
26.051607,-97.981080,539.208496
13.411844,-86.784354,539.835926
0.326107,-76.734662,542.402312
-12.756413,-66.721890,546.927447
-25.394462,-55.649876,552.828986
-36.983895,-42.129120,559.044874
-46.506314,-24.312752,564.311711
-52.277587,-0.822845,567.508145
-52.496999,25.934250,567.958447
-47.080189,49.809526,565.611409
-37.770652,68.009552,561.048459
-26.297795,81.772195,555.319645
-13.721522,92.965841,549.650761
-0.665158,103.011219,545.103678
12.425953,113.014337,542.293155
25.110369,124.071660,541.252145
36.779220,137.580346,541.489696
46.512773,160.702458,542.226816
52.302464,-175.625186,542.661348
52.455150,-148.672997,542.337187
46.908502,-124.724187,541.269302
37.463993,-106.541013,539.955124
25.881612,-92.811788,539.205947
13.231997,-81.639720,539.857560
0.143423,-71.597752,542.452416
-12.936105,-61.578105,547.001994
-25.564345,-50.482618,552.916012
-37.133372,-36.915753,559.127442
-46.616831,-19.026125,564.372478
-52.321719,4.538897,567.534087
-52.457607,31.298862,567.944349
-46.972823,55.101027,565.561205
-37.622942,73.226443,560.974085
-26.128882,86.941412,555.237700
-13.542330,98.110440,549.577884
-0.482620,108.148035,545.051987
12.606036,118.157947,542.267185
25.281146,129.238700,541.248306
36.929986,142.793657,541.498404
46.623958,165.990989,542.236407
52.346301,-170.260439,542.662601
52.414247,-143.306394,542.326811
46.799188,-119.432517,541.251106
37.314550,-101.324586,539.938793
25.711418,-87.642979,539.203673
13.052067,-76.495298,539.879578
-0.039258,-66.460847,542.502906
-13.115713,-56.434117,547.076812
-25.734030,-45.314892,553.003099
-37.282459,-31.701553,559.209820
-46.726626,-13.738337,564.432836
-52.364744,9.901348,567.559487
-52.417096,36.662817,567.929701
-46.864718,60.391365,565.510569
-37.474832,78.442481,560.899486
-25.959765,92.110146,555.155772
-13.363049,103.254825,549.505234
-0.300075,113.284846,545.000643
12.786041,123.301758,542.241564
25.451733,134.406209,541.244718
37.080366,148.007807,541.507203
46.734414,171.280699,542.245935
52.389014,-164.894980,542.663699
52.372211,-137.940477,542.316283
46.689134,-114.142027,541.232859
37.164712,-96.109013,539.922572
25.541027,-82.474650,539.201676
12.872057,-71.351086,539.901981
-0.221937,-61.323942,542.553784
-13.295235,-51.289923,547.151899
-25.903516,-40.146694,553.090243
-37.431152,-26.486512,559.292007
-46.835692,-8.449389,564.492782
-52.406657,15.264492,567.584345
-52.375469,42.026098,567.914504
-46.755878,65.680540,565.459501
-37.326323,83.657671,560.824666
-25.790447,97.278403,555.073865
-13.183681,108.399001,549.432812
-0.117527,118.421655,544.949644
12.965968,128.445774,542.216292
25.622125,139.574189,541.241377
37.230357,153.222803,541.516092
46.844133,176.571589,542.255396
52.430596,-159.528825,542.664641
52.329048,-132.575261,542.305606
46.578345,-108.852717,541.214562
37.014481,-90.894289,539.906464
25.370441,-77.306796,539.199959
12.691967,-66.207081,539.924769
-0.404612,-56.187036,542.605046
-13.474670,-46.145521,547.227253
-26.072800,-34.978019,553.177442
-37.579448,-21.270626,559.373998
-46.944026,-3.159279,564.552313
-52.447455,20.628312,567.608660
-52.332730,47.388688,567.898760
-46.646310,70.968554,565.408006
-37.177421,88.872021,560.749628
-25.620928,102.446187,554.991982
-13.004226,113.542969,549.360622
0.065026,123.558464,544.898993
13.145816,133.589998,542.191368
25.792323,144.742646,541.238282
37.379954,158.438651,541.525069
46.953111,-178.136339,542.264791
52.471046,-154.161989,542.665427
52.284760,-127.210764,542.294779
46.466828,-103.564586,541.196219
36.863861,-85.680409,539.890473
25.199662,-72.139413,539.198522
12.511799,-61.063278,539.947943
-0.587281,-51.050127,542.656694
-13.654016,-41.000906,547.302870
-26.241879,-29.808864,553.264691
-37.727342,-16.053888,559.455790
-47.051620,2.131994,564.611428
-52.487135,25.992794,567.632430
-52.288882,52.750574,567.882469
-46.536018,76.255407,565.356085
-37.028128,94.085534,560.674375
-25.451211,107.613502,554.910127
-12.824687,118.686734,549.288664
0.247580,128.695276,544.848690
13.325582,138.734433,542.166791
25.962322,149.911585,541.235431
37.529154,163.655355,541.534130
47.061341,-172.843085,542.274116
52.510359,-148.794490,542.666056
52.239352,-121.847001,542.283804
46.354588,-98.277630,541.177831
36.712856,-80.467367,539.874599
25.028692,-66.972495,539.197369
12.331554,-55.919676,539.971505
-0.769944,-45.913210,542.708725
-13.833273,-35.856076,547.378750
-26.410753,-24.639223,553.351987
-37.874832,-10.836293,559.537379
-47.158469,7.424432,564.670123
-52.525692,31.357920,567.655656
-52.243931,58.111739,567.865631
-46.425010,81.541103,565.303741
-36.878447,99.298218,560.598911
-25.281298,112.780352,554.828302
-12.645064,123.830299,549.216943
0.430136,133.832094,544.798737
13.505265,143.879082,542.142560
26.132123,155.081009,541.232822
37.677953,168.872922,541.543274
47.168818,-167.548647,542.283370
52.548531,-143.426344,542.666528
52.192828,-116.483987,542.272681
46.241631,-92.991848,541.159399
36.561469,-75.255156,539.858846
24.857533,-61.806040,539.196501
12.151234,-50.776271,539.995454
-0.952601,-40.776284,542.761139
-14.012438,-30.711027,547.454888
-26.579419,-19.469093,553.439326
-38.021914,-5.617836,559.618762
-47.264568,12.718036,564.728396
-52.563123,36.723674,567.678336
-52.197879,63.472167,567.848249
-46.313289,86.825642,565.250975
-36.728383,104.510077,560.523239
-25.111191,117.946743,554.746512
-12.465359,128.973666,549.145459
0.612691,138.968920,544.749132
13.684865,149.023949,542.118675
26.301722,160.250924,541.230453
37.826348,174.091357,541.552498
