39.345317,-178.726927,541.652779
48.240874,-159.558783,542.375101
52.877202,-134.705942,542.661997
51.643639,-107.899074,542.148414
45.025265,-85.231489,540.965532
34.964644,-68.239083,539.702629
23.066066,-55.244406,539.204757
10.271010,-44.439037,540.267662
-2.852256,-34.494287,543.328788
-15.870755,-24.332013,548.261648
-28.321373,-12.812715,554.349649
-39.527012,1.563724,560.452328
-48.322503,20.698071,565.308966
-52.884986,45.418180,567.881669
-51.654512,72.031062,567.635307
-45.110067,94.574110,564.677695
-35.145191,111.522898,559.724499
-23.330351,124.507784,553.898474
-10.591130,135.310473,548.416541
2.511744,145.249809,544.254110
15.548133,155.401011,541.890589
28.053751,166.905088,541.219675
39.488826,-173.498179,541.662757
48.339343,-154.250823,542.383427
52.902141,-129.331684,542.660637
51.584699,-102.545623,542.135672
44.904526,-79.958922,540.946752
34.809147,-63.035954,539.688423
22.892889,-50.082914,539.207278
10.089917,-39.297660,540.296080
-3.034752,-29.357057,543.385498
-16.048788,-19.184243,548.340563
-28.487518,-7.636677,554.437248
-39.669169,6.792416,560.531126
-48.419638,26.004972,565.362257
-52.909360,50.789859,567.898067
-51.596216,77.382103,567.611780
-44.990616,99.845629,564.620310
-34.990990,116.725751,559.646691
-23.158165,129.669225,553.817298
-10.410574,140.451806,548.347929
2.694224,150.386926,544.208541
15.726683,160.548588,541.870578
28.220900,172.080917,541.219899
39.631883,-168.268492,541.672787
48.436985,-148.941681,542.391660
52.925902,-123.957005,542.659113
51.524699,-97.193091,542.122794
44.783140,-74.687494,540.927954
34.653309,-57.833586,539.674369
22.719547,-44.921832,539.210108
9.908764,-34.156441,540.324894
-3.217226,-24.219783,543.442577
-16.226713,-14.036214,548.419705
-28.653428,-2.460093,554.524848
-39.810870,12.022040,560.609676
-48.515951,31.313034,565.415098
-52.932573,56.161943,567.913910
-51.536875,82.732240,567.587721
-44.870520,105.116024,564.562535
-34.836447,121.927848,559.568716
-22.985808,134.830258,553.736195
-10.229952,145.592979,548.279581
2.876691,155.524086,544.163330
15.905133,165.696423,541.850901
28.387820,177.257295,541.220338
39.774482,-163.037859,541.682867
48.533795,-143.631357,542.399800
52.948484,-118.581927,542.657426
51.463644,-91.841492,542.109781
44.661110,-69.417203,540.909141
34.497136,-52.631974,539.660467
22.546041,-39.761156,539.213249
9.727552,-29.015379,540.354103
-3.399679,-19.082462,543.500025
-16.404530,-8.887922,548.499072
-28.819101,2.717043,554.612447
-39.952111,17.252602,560.687976
-48.611437,36.622255,565.467484
-52.954622,61.534414,567.929197
-51.476493,88.081463,567.563131
-44.749785,110.385299,564.504374
-34.681565,127.129195,559.490577
-22.813281,139.990886,553.655170
-10.049264,150.733995,548.211500
3.059143,160.661291,544.118476
16.083482,170.844520,541.831557
28.554509,-177.565776,541.220989
39.916620,-157.806275,541.692994
48.629766,-138.319855,542.407845
52.969883,-113.206468,542.655575
51.401541,-86.490836,542.096634
44.538443,-64.148045,540.890314
34.340628,-47.431112,539.646722
22.372373,-34.600880,539.216703
9.546283,-23.874470,540.383709
-3.582109,-13.945093,543.557841
-16.582236,-3.739365,548.578660
-28.984535,7.894736,554.700039
-40.092887,22.484107,560.766022
-48.706089,41.932635,565.519415
-52.975506,66.907252,567.943928
-51.415076,93.429760,567.538012
-44.628417,115.653457,564.445829
-34.526346,132.329798,559.412279
-22.640588,145.151114,553.574224
-9.868511,155.874858,548.143689
3.241579,165.798544,544.073981
16.261727,175.992881,541.812543
28.720965,-172.388288,541.221851
40.058292,-152.573734,541.703167
48.724893,-133.007176,542.415794
52.990099,-107.830647,542.653560
51.338392,-81.141134,542.083355
44.415144,-58.880015,540.871476
34.183790,-42.230994,539.633134
22.198546,-29.441002,539.220470
9.364957,-18.733711,540.413712
-3.764515,-8.807671,543.616022
-16.759830,1.409461,548.658468
-29.149728,13.072989,554.787623
-40.233195,27.716561,560.843810
-48.799902,47.244171,565.570889
-52.995222,72.280438,567.958102
-51.352629,98.777120,567.512364
-44.506419,120.920502,564.386903
-34.370794,137.529662,559.333825
-22.467729,150.310947,553.493361
-9.687694,161.015570,548.076148
3.423999,170.935848,544.029845
16.439867,-178.858489,541.793860
28.887186,-167.210239,541.222921
40.199495,-147.340231,541.713382
48.819169,-127.693321,542.423645
53.009128,-102.454486,542.651381
51.274205,-75.792399,542.069945
44.291218,-53.613110,540.852629
34.026625,-37.031615,539.619707
22.024560,-24.281517,539.224554
9.183576,-13.593099,540.444112
-3.946895,-3.670195,543.674568
-16.937311,6.558561,548.738492
-29.314676,18.251809,554.875194
-40.373031,32.949969,560.921338
-48.892870,52.556861,565.621902
-53.013769,77.653952,567.971719
-51.289156,104.123532,567.486190
-44.383797,126.186437,564.327598
-34.214912,142.728793,559.255217
-22.294706,155.470386,553.412584
-9.506816,166.156134,548.008880
3.606401,176.073205,543.986067
16.617901,-173.709587,541.775506
29.053168,-162.031622,541.224197
40.340223,-142.105760,541.723638
48.912588,-122.378293,542.431397
53.026970,-97.078005,542.649037
51.208984,-70.444640,542.056404
44.166671,-48.347326,540.833774
33.869136,-31.832970,539.606442
21.850417,-19.122421,539.228956
9.002141,-8.452631,540.474909
-4.129249,1.467339,543.733478
-17.114676,11.707936,548.818730
-29.479378,23.431199,554.962750
-40.512389,38.184337,560.998603
-48.984987,57.870703,565.672453
-53.031144,83.027776,567.984778
-51.224663,109.468985,567.459490
-44.260557,131.451266,564.267919
-34.058702,147.927196,559.176460
-22.121520,160.629438,553.331897
-9.325876,171.296554,547.941888
3.788784,-178.789381,543.942649
16.795827,-168.560410,541.757480
29.218911,-156.852433,541.225678
40.480473,-136.870316,541.733932
49.005145,-117.062096,542.439047
53.043622,-91.701222,542.646529
51.142735,-65.097869,542.042734
44.041507,-43.082659,540.814915
33.711325,-26.635052,539.593343
21.676120,-13.963711,539.233677
8.820653,-3.312304,540.506104
-4.311575,6.604934,543.792750
-17.291926,16.857591,548.899179
-29.643832,28.611165,555.050286
-40.651267,43.419669,561.075600
-49.076247,63.185692,565.722540
-53.047347,88.401888,567.997279
-51.159155,114.813470,567.432266
-44.136704,136.714994,564.207866
-33.902169,153.124877,559.097557
-21.948174,165.788105,553.251301
-9.144877,176.436831,547.875172
3.971147,-173.651907,543.899591
16.973644,-163.410954,541.739781
29.384410,-151.672668,541.227360
40.620240,-131.633892,541.744263
49.096834,-111.744730,542.446595
53.059083,-86.324159,542.643856
51.075462,-59.752094,542.028937
43.915732,-37.819105,540.796054
33.553197,-21.437857,539.580412
21.501669,-8.805381,539.238720
8.639113,1.827885,540.537697
-4.493873,11.742592,543.852383
-17.469058,22.007528,548.979836
-29.808035,33.791712,555.137799
-40.789659,48.655972,561.152327
-49.166644,68.501828,565.772160
-53.062375,93.776269,568.009221
-51.092637,120.156975,567.404519
-44.012242,141.977624,564.147443
-33.745314,158.321840,559.018510
-21.774670,170.946392,553.170801
-8.963818,-178.423030,547.808735
4.153489,-168.514372,543.856892
17.151351,-158.261217,541.722407
29.549665,-146.492320,541.229242
40.759520,-126.396484,541.754627
49.187648,-106.426200,542.454039
53.073351,-80.946837,542.641017
51.007171,-54.407327,542.015013
43.789351,-32.556660,540.777192
33.394753,-16.241378,539.567650
21.327068,-3.647429,539.244085
8.457523,6.967938,540.569689
-4.676141,16.880315,543.912375
-17.646071,27.157753,549.060699
-29.971984,38.972843,555.225286
-40.927562,53.893250,561.228781
-49.256173,73.819106,565.821312
-53.076227,99.150900,568.020605
-51.025114,125.499493,567.376250
-43.887177,147.239160,564.086653
-33.588141,163.518092,558.939324
-21.601008,176.104302,553.090400
-8.782703,-173.283027,547.742579
4.335809,-163.376772,543.814554
17.328946,-153.111193,541.705357
29.714672,-141.311386,541.231322
40.898309,-121.158086,541.765024
49.277582,-101.106509,542.461378
53.086424,-75.569275,542.638013
50.937868,-49.063576,542.000963
43.662369,-27.295319,540.758332
33.235997,-11.045611,539.555061
21.152316,1.510150,539.249776
8.275883,12.107860,540.602080
-4.858379,22.018108,543.972725
-17.822964,32.308267,549.141764
-30.135677,44.154566,555.312743
-41.064971,59.131510,561.304958
-49.344828,79.137524,565.869994
-53.088902,104.525759,568.031429
-50.956592,130.841012,567.347462
-43.761513,152.499607,564.025498
-33.430653,168.713637,558.860002
-21.427191,-178.738160,553.010099
-8.601531,-168.143157,547.676705
4.518105,-158.239104,543.772577
17.506428,-147.960881,541.688631
29.879428,-136.129860,541.233597
41.036602,-115.918692,541.775449
49.366629,-95.785660,542.468610
53.098302,-70.191494,542.634844
50.867558,-43.720852,541.986789
43.534792,-22.035077,540.739475
33.076932,-5.850549,539.542647
20.977417,6.667359,539.255792
8.094196,17.247651,540.634870
-5.040584,27.155971,544.033432
-17.999734,37.459074,549.223028
-30.299112,49.336883,555.400166
-41.201882,64.370757,561.380855
-49.432603,84.457077,565.918202
-53.100399,109.900827,568.041693
-50.887075,136.181524,567.318154
-43.635257,157.758968,563.963982
-33.272853,173.908482,558.780548
-21.253221,-173.580991,552.929904
-8.420303,-163.003417,547.611116
4.700377,-153.101366,543.730961
17.683795,-142.810276,541.672226
30.043933,-130.947737,541.236065
41.174394,-110.678296,541.785902
49.454784,-90.463657,542.475734
53.108984,-64.813515,542.631509
50.796246,-38.379162,541.972492
43.406624,-16.775932,540.720625
32.917561,-0.656188,539.530410
20.802372,11.824203,539.262137
7.912461,22.387317,540.668059
-5.222757,32.293910,544.094493
-18.176381,42.610179,549.304490
-30.462287,54.519801,555.487553
-41.338290,69.610995,561.456469
-49.519492,89.777762,565.965937
-53.110716,115.276084,568.051397
-50.816570,141.521020,567.288330
-43.508412,163.017247,563.902107
-33.114743,179.102631,558.700964
-21.079098,-168.424187,552.849815
-8.239022,-157.863805,547.545813
4.882623,-147.963555,543.689706
17.861045,-137.659375,541.656142
30.208183,-125.765012,541.238724
41.311682,-105.436895,541.796380
49.542040,-85.140504,542.482748
53.118468,-59.435360,542.628009
50.723938,-33.038517,541.958074
43.277870,-11.517877,540.701783
32.757886,4.537478,539.518353
20.627182,16.980685,539.268812
7.730681,27.526859,540.701648
-5.404895,37.431925,544.155909
-18.352903,47.761584,549.386146
-30.625198,59.703324,555.574899
-41.474191,74.852230,561.531797
-49.605489,95.099575,566.013194
-53.119853,120.651510,568.060541
-50.745082,146.859492,567.257989
-43.380984,168.274450,563.839875
-32.956326,-175.703910,558.621254
-20.904825,-163.267744,552.769838
-8.057688,-152.724316,547.480798
5.064843,-142.825667,543.648812
18.038177,-132.508174,541.640377
30.372175,-120.581681,541.241573
41.448460,-100.194481,541.806881
49.628392,-79.816205,542.489650
53.126753,-54.057047,542.624343
50.650640,-27.698923,541.943535
43.148536,-6.260909,540.682952
32.597911,9.730455,539.506478
20.451849,22.136809,539.275818
7.548856,32.666280,540.735637
-5.586998,42.570021,544.217677
-18.529299,52.913293,549.467992
-30.787843,64.887458,555.662202
-41.609580,80.094467,561.606836
-49.690590,100.422511,566.059973
-53.127808,126.027083,568.069125
-50.672615,152.196930,567.227135
-43.252977,173.530581,563.777291
-32.797606,-170.511136,558.541421
-20.730403,-158.111658,552.689974
-7.876302,-147.584950,547.416074
5.247035,-137.687701,543.608280
18.215190,-127.356670,541.624929
30.535907,-115.397737,541.244608
41.584725,-94.951050,541.817402
49.713835,-74.490764,542.496441
53.133839,-48.678600,542.620511
50.576357,-22.360390,541.928877
43.018626,-1.005023,540.664134
32.437638,14.922747,539.494787
20.276375,27.292579,539.283157
7.366987,37.805584,540.770025
-5.769064,47.708199,544.279795
-18.705566,58.065309,549.550028
-30.950221,70.072206,555.749457
-41.744454,85.337711,561.681582
-49.774787,105.746566,566.106272
-53.134581,131.402784,568.077147
-50.599176,157.533328,567.195768
-43.124397,178.785643,563.714356
-32.638584,-165.319042,558.461469
-20.555834,-152.955926,552.610226
-7.694866,-142.445701,547.351641
5.429198,-132.549653,543.568109
18.392083,-122.204858,541.609799
30.699376,-110.213177,541.247827
41.720471,-89.706597,541.827942
49.798361,-69.164187,542.503117
53.139724,-43.300038,542.616513
50.501095,-17.022926,541.914102
42.888146,4.249786,540.645330
32.277071,20.114361,539.483282
20.100761,32.447999,539.290831
7.185076,42.944772,540.804814
-5.951093,52.846462,544.342263
-18.881704,63.217637,549.632248
-31.112327,75.257575,555.836662
-41.878807,90.581968,561.756032
-49.858075,111.071735,566.152088
-53.140171,136.778592,568.084609
-50.524769,162.868677,567.163889
-42.995248,-175.960358,563.651074
-32.479265,-160.127622,558.381402
-20.381119,-147.800544,552.530598
-7.513380,-137.306569,547.287501
5.611331,-127.411521,543.528300
18.568853,-117.052737,541.594984
30.862581,-105.027994,541.251229
41.855694,-84.461116,541.838498
49.881965,-63.836478,542.509678
53.144409,-37.921383,542.612350
50.424859,-11.686537,541.899210
42.757100,9.503523,540.626545
32.116212,25.305301,539.471967
19.925009,37.603072,539.298840
7.003124,48.083849,540.840003
-6.133084,57.984815,544.405078
-19.057712,68.370279,549.714651
-31.274160,80.443570,555.923812
-42.012635,95.827243,561.830183
-49.940449,116.398013,566.197419
-53.144578,142.154486,568.091509
-50.449401,168.202969,567.131501
-42.865536,-170.707418,563.587447
-32.319650,-154.936870,558.301223
-20.206261,-142.645507,552.451092
-7.331846,-132.167549,547.223657
5.793432,-122.273302,543.488853
18.745499,-111.900301,541.580482
31.025518,-99.842184,541.254811
41.990389,-79.214601,541.849068
49.964641,-58.507643,542.516123
53.147892,-32.542655,542.608020
50.347656,-6.351232,541.884203
42.625493,14.756192,540.607778
31.955063,30.495573,539.460844
19.749121,42.757803,539.307188
6.821132,53.222817,540.875592
-6.315035,63.123258,544.468239
-19.233586,73.523240,549.797233
-31.435717,85.630195,556.010904
-42.145934,101.073541,561.904033
-50.021902,121.725395,566.242265
-53.147801,147.530446,568.097848
-50.373077,173.536198,567.098605
-42.735264,-165.455531,563.523478
-32.159742,-149.746783,558.220934
-20.031260,-137.490812,552.371712
-7.150265,-127.028639,547.160110
5.975502,-117.134993,543.449769
18.922019,-106.747548,541.566293
31.188184,-94.655741,541.258571
42.124552,-73.967049,541.859650
50.046384,-53.177687,542.522450
53.150174,-27.163877,542.603525
50.269491,-1.017017,541.869082
42.493331,20.007799,540.589034
31.793628,35.685182,539.449914
19.573098,47.912195,539.315875
6.639101,58.361678,540.911581
-6.496944,68.261796,544.531745
-19.409327,78.676523,549.879992
-31.596996,90.817455,556.097935
-42.278699,106.320866,561.977577
-50.102430,127.053875,566.286622
-53.149840,152.906451,568.103625
-50.295803,178.868356,567.065203
-42.604438,-160.204695,563.459171
-31.999545,-144.557355,558.140540
-19.856119,-132.336457,552.292460
-6.968638,-121.889836,547.096861
6.157537,-111.996590,543.411046
19.098413,-101.594474,541.552416
31.350578,-89.468661,541.262506
42.258177,-68.718453,541.870242
50.127187,-47.846615,542.528657
53.151254,-21.785068,542.598864
50.190369,4.316100,541.853849
42.360617,25.258348,540.570314
31.631910,40.874133,539.439180
19.396942,53.066251,539.324903
6.457033,63.500436,540.947971
-6.678812,73.400430,544.595594
-19.584932,83.830131,549.962925
-31.757993,96.005356,556.184901
-42.410925,111.569224,562.050814
-50.182025,132.383446,566.330489
-53.150695,158.282482,568.108841
-50.217584,-175.800563,567.031295
-42.473063,-154.954902,563.394528
-31.839060,-139.368579,558.060044
-19.680838,-127.182435,552.213340
-6.786966,-116.751138,547.033913
6.339539,-106.858092,543.372685
19.274678,-96.441074,541.538848
31.512696,-84.280938,541.266615
42.391261,-63.468808,541.880841
50.207044,-42.514435,542.534744
53.151133,-16.406250,542.594037
50.110296,9.648114,541.838505
42.227357,30.507845,540.551620
31.469911,46.062433,539.428645
19.220654,58.219977,539.334273
6.274928,68.639093,540.984762
-6.860637,78.539164,544.659783
-19.760400,88.984069,550.046028
-31.918707,101.193904,556.271798
-42.542608,116.818619,562.123739
-50.260684,137.714105,566.373864
-53.150365,163.658516,568.113495
-50.138425,-170.470566,566.996885
-42.341142,-149.706150,563.329552
-31.678290,-134.180452,557.979449
-19.505420,-122.028745,552.134354
-6.605250,-111.612540,546.971267
6.521504,-101.719496,543.334687
19.450813,-91.287346,541.525588
31.674535,-79.092567,541.270895
42.523799,-58.218110,541.891445
50.285951,-37.181151,542.540709
53.149809,-11.027445,542.589044
50.029279,14.979018,541.823051
42.093556,35.756294,540.532955
31.307633,51.250085,539.418311
19.044237,63.373374,539.343987
6.092787,73.777653,541.021953
-7.042417,83.678001,544.724312
-19.935729,94.138340,550.129299
-32.079134,106.383102,556.358624
-42.673742,122.069057,562.196349
-50.338400,143.045842,566.416745
-53.148852,169.034533,568.117586
-50.058333,-165.141659,566.961973
-42.208682,-144.458432,563.264246
-31.517239,-128.992968,557.898759
-19.329865,-116.875382,552.055505
-6.423492,-106.474042,546.908924
6.703433,-96.580798,543.297051
19.626816,-86.133286,541.512635
31.836094,-73.903543,541.275344
42.655784,-52.966353,541.902053
50.363900,-31.846772,542.546552
53.147283,-5.648673,542.583886
49.947323,20.308806,541.807490
41.959218,41.003700,540.514321
31.145080,56.437096,539.408180
18.867691,68.526447,539.354047
5.910612,78.916118,541.059544
-7.224152,88.816943,544.789179
-20.110919,99.292947,550.212735
-32.239272,111.572957,556.445375
-42.804324,127.320543,562.268643
-50.415167,148.378653,566.459131
-53.146154,174.410514,568.121117
-49.977313,-159.813847,566.926562
-42.075685,-139.211744,563.198613
-31.355908,-123.806122,557.817977
-19.154176,-111.722343,551.976796
-6.241692,-101.335639,546.846887
6.885324,-91.441995,543.259777
19.802686,-80.978889,541.499987
31.997369,-68.713860,541.279960
42.787214,-47.713533,541.912662
50.440887,-26.511302,542.552270
53.143556,-0.269955,542.578562
49.864434,25.637472,541.791822
41.824347,46.250070,540.495720
30.982255,61.623469,539.398254
18.691018,73.679200,539.364453
5.728404,84.054491,541.097536
-7.405840,93.955993,544.854382
-20.285966,104.447895,550.296333
-32.399118,116.763473,556.532046
-42.934348,132.573080,562.340615
-50.490980,153.712531,566.501020
-53.142272,179.786436,568.124085
-49.895371,-154.487137,566.890653
-41.942158,-133.966081,563.132656
-31.194301,-118.619909,557.737106
-18.978355,-106.569625,551.898230
-6.059852,-96.197328,546.785156
7.067176,-86.303086,543.222865
19.978421,-75.824153,541.487644
32.158357,-63.523513,541.284740
42.918082,-42.459644,541.923270
50.516906,-21.174751,542.557862
53.138628,5.108688,542.573073
49.780618,30.965011,541.776049
41.688950,51.495407,540.477155
30.819159,66.809212,539.388537
18.514220,78.831636,539.375208
5.546164,89.192775,541.135928
-7.587480,99.095155,544.919920
-20.460870,109.603187,550.380089
-32.558670,121.954656,556.618635
-43.063810,137.826674,562.412265
-50.565833,159.047467,566.542410
-53.137206,-174.837720,568.126491
-49.812512,-149.161535,566.854247
-41.808105,-128.721438,563.066378
-31.032420,-113.434323,557.656151
-18.802401,-101.417222,551.819809
-5.877973,-91.059108,546.723734
7.248987,-81.164066,543.186315
20.154020,-70.669073,541.475602
32.319056,-58.332497,541.289682
43.048385,-37.204683,541.933875
50.591950,-15.837125,542.563328
53.132499,10.487233,542.567419
49.695880,36.291417,541.760172
41.553030,56.739717,540.458628
30.655795,71.994328,539.379029
18.337297,83.983759,539.386312
5.363893,94.330973,541.174721
-7.769072,104.234431,544.985790
-20.635628,114.758827,550.464000
-32.717924,127.146511,556.705139
-43.192705,143.081330,562.483588
-50.639722,164.383455,566.583299
-53.130958,-169.461974,568.128336
-49.728742,-143.837044,566.817347
-41.673529,-123.477809,562.999782
-30.870267,-108.249360,557.575113
-18.626318,-96.265133,551.741538
-5.696055,-85.920975,546.662621
7.430757,-76.024934,543.150127
20.329480,-65.513645,541.463862
32.479463,-53.140806,541.294785
43.178116,-31.948643,541.944474
50.666014,-10.498431,542.568666
53.125170,15.865661,542.561600
49.610227,41.616686,541.744194
41.416591,61.983006,540.440141
30.492166,77.178823,539.369734
18.160253,89.135572,539.397768
5.181593,99.469087,541.213914
-7.950613,109.373824,545.051990
-20.810240,119.914819,550.548065
-32.876878,132.339043,556.791552
-43.321028,148.337051,562.554581
-50.712639,169.720488,566.623686
-53.123527,-164.086348,568.129618
-49.644068,-138.513671,566.779954
-41.538437,-118.235190,562.932870
-30.707845,-103.065014,557.493998
-18.450107,-91.113353,551.663418
-5.514101,-80.782927,546.601820
7.612484,-70.885686,543.114301
20.504801,-60.357867,541.452421
32.639576,-47.948436,541.300045
43.307271,-26.691520,541.955066
50.739093,-5.158678,542.573875
53.116641,21.243951,542.555616
49.523664,46.940814,541.728114
41.279639,67.225278,540.421696
30.328275,82.362702,539.360654
17.983088,94.287080,539.409576
4.999264,104.607121,541.253506
-8.132104,114.513336,545.118520
-20.984704,125.071165,550.632278
-33.035528,137.532258,556.877873
-43.448774,153.593843,562.625242
-50.784581,175.058556,566.663569
-53.114915,-158.710862,568.130339
-49.558494,-133.191419,566.742070
-41.402831,-112.993576,562.865647
-30.545157,-97.881281,557.412807
-18.273768,-85.961878,551.585452
-5.332111,-75.644960,546.541332
7.794168,-65.746319,543.078836
20.679980,-55.201733,541.441278
32.799390,-42.755380,541.305460
43.435846,-21.433310,541.965648
50.811181,0.182126,542.578953
53.106914,26.622081,542.549468
49.436198,52.263794,541.711936
41.142179,72.466540,540.403297
30.164125,87.545970,539.351791
17.805804,99.438285,539.421738
4.816907,109.745076,541.293499
-8.313542,119.652971,545.185377
-21.159018,130.227872,550.716638
-33.193873,142.726161,556.964098
-43.575938,158.851710,562.695567
-50.855540,-179.602348,566.702946
-53.105121,-153.335537,568.130499
-49.472026,-127.870293,566.703697
-41.266717,-107.752961,562.798115
-30.382205,-92.698155,557.331545
-18.097305,-80.810706,551.507643
-5.150086,-70.507071,546.481159
7.975807,-60.606831,543.043734
20.855017,-50.045241,541.430431
32.958904,-37.561634,541.311029
43.563834,-16.174009,541.976219
50.882273,5.523973,542.583901
53.095990,32.000031,542.543155
49.347834,57.585625,541.695660
41.004213,77.706796,540.384945
29.999716,92.728632,539.343147
17.628402,104.589191,539.434256
4.634524,114.882957,541.333892
-8.494926,124.792732,545.252560
-21.333180,135.384941,550.801142
-33.351910,147.920757,557.050222
-43.702516,164.110657,562.765554
-50.925513,-174.262232,566.741816
-53.094148,-147.960392,568.130097
-49.384671,-122.550298,566.664837
-41.130100,-102.513340,562.730278
-30.218991,-87.515632,557.250215
-17.920717,-75.659832,551.429994
-4.968028,-65.369259,546.421301
8.157400,-55.467218,543.008992
21.029909,-44.888386,541.419879
33.118115,-32.367192,541.316748
43.691232,-10.913611,541.986776
50.952362,10.866853,542.588715
53.083868,37.377779,542.536678
49.258578,62.906300,541.679288
40.865748,82.946052,540.366642
29.835053,97.910694,539.334725
17.450884,109.739802,539.447130
4.452115,120.020765,541.374684
-8.676256,129.932621,545.320065
-21.507189,140.542377,550.885786
-33.509635,153.116051,557.136243
-43.828502,169.370687,562.835199
-50.994494,-168.921106,566.780176
-53.081996,-142.585448,568.129133
-49.296433,-117.231437,566.625492
-40.992982,-97.274707,562.662137
-30.055519,-82.333706,557.168821
-17.744006,-70.509254,551.352508
-4.785937,-60.231520,546.361761
8.338945,-50.327478,542.974612
21.204654,-39.731165,541.409620
33.277019,-27.172048,541.322616
43.818033,-5.652112,541.997317
51.021444,16.210759,542.593397
53.070552,42.755306,542.530038
49.168437,68.225818,541.662822
40.726787,88.184313,540.348392
29.670138,103.092159,539.326527
17.273251,114.890121,539.460362
4.269683,125.158504,541.415875
-8.857530,135.072642,545.387893
-21.681043,145.700184,550.970567
-33.667045,158.312050,557.222158
-43.953891,174.631805,562.904501
-51.062477,-163.578979,566.818026
-53.068666,-137.210725,568.127609
-49.207320,-111.913714,566.585663
-40.855369,-92.037058,562.593696
-29.891790,-77.152373,557.087365
-17.567175,-65.358967,551.275188
-4.603814,-55.093851,546.302539
8.520442,-45.187607,542.940593
21.379252,-34.573573,541.399652
33.435614,-21.976197,541.328630
43.944233,-0.389507,542.007841
51.089512,21.555679,542.597943
53.056041,48.132590,542.523233
49.077416,73.544173,541.646263
40.587335,93.421586,540.330196
29.504973,108.273034,539.318555
17.095504,120.040152,539.473953
4.087227,130.296177,541.457466
-9.038747,140.212797,545.456040
-21.854741,150.858366,551.055482
-33.824138,163.508757,557.307961
-44.078679,179.894014,562.973454
-51.129457,-158.235859,566.855364
-53.054160,-131.836243,568.125524
-49.117336,-106.597133,566.545353
-40.717266,-86.800387,562.524959
-29.727807,-71.971628,557.005850
-17.390224,-60.208969,551.198036
-4.421662,-49.956250,546.243638
8.701890,-40.047604,542.906934
21.553699,-29.415607,541.389974
33.593896,-16.779634,541.334789
44.069827,4.874206,542.018345
51.156562,26.901605,542.602354
53.040338,53.509611,542.516266
48.985521,78.861364,541.629613
40.447396,98.657874,540.312056
29.339560,113.453323,539.310812
16.917646,125.189898,539.487905
3.904750,135.433785,541.499455
-9.219906,145.353090,545.524505
-22.028280,156.016926,551.140527
-33.980911,168.706180,557.393651
-44.202860,-174.842680,563.042058
-51.195429,-152.891756,566.892189
-53.038479,-126.462023,568.122878
-49.026487,-101.281696,566.504563
-40.578676,-81.564689,562.455929
-29.563572,-66.791465,556.924282
-17.213155,-55.059255,551.121054
-4.239480,-44.818714,546.185058
8.883287,-34.907464,542.873636
21.727996,-24.257263,541.380585
33.751863,-11.582353,541.341089
44.194809,10.139033,542.028826
51.222588,32.248527,542.606628
53.023444,58.886349,542.509136
48.892758,84.177387,541.612874
40.306975,103.893185,540.293975
29.173902,118.633031,539.303299
16.739678,130.339363,539.502219
3.722251,140.571333,541.541843
-9.401006,150.493522,545.593286
-22.201660,161.175869,551.225701
-34.137360,173.904322,557.479223
-44.326429,-169.578273,563.110308
-51.260388,-147.546681,566.928498
-53.021625,-121.088084,568.119671
-48.934780,-95.967407,566.463295
-40.439603,-76.329958,562.386607
-29.399088,-61.611880,556.842662
-17.035970,-49.909822,551.044247
-4.057270,-39.681240,546.126801
9.064632,-29.767185,542.840698
21.902139,-19.098537,541.371482
33.909512,-6.384349,541.347529
44.319174,15.404978,542.039284
51.287585,37.596435,542.610764
53.005360,64.262783,542.501843
48.799133,89.492239,541.596046
40.166076,109.127523,540.275956
29.008002,123.812163,539.296019
16.561601,135.488550,539.516896
3.539733,145.708822,541.584629
-9.582045,155.634098,545.662380
-22.374877,166.335198,551.310999
-34.293483,179.103190,557.564675
-44.449381,-164.312763,563.178203
-51.324329,-142.200644,566.964291
-53.003599,-115.714446,568.115905
-48.842220,-90.654268,566.421552
-40.300053,-71.096189,562.316999
-29.234357,-56.432868,556.760995
-16.858669,-44.760667,550.967615
-3.875034,-34.543825,546.068868
9.245923,-24.626764,542.808120
22.076127,-13.939425,541.362664
34.066840,-1.185616,541.354105
44.442917,20.672045,542.049716
51.351548,42.945317,542.614761
52.986089,69.638894,542.494388
48.704652,94.805919,541.579133
40.024703,114.360894,540.258001
28.841861,128.990724,539.288975
16.383416,140.637463,539.531938
3.357197,150.846256,541.627813
-9.763022,160.774820,545.731787
-22.547932,171.494918,551.396419
-34.449277,-175.697211,557.650002
-44.571711,-159.046145,563.245738
-51.387245,-136.853654,566.999565
-52.984402,-110.341128,568.111579
-48.748812,-85.342282,566.379335
-40.160028,-65.863377,562.247106
-29.069382,-51.254424,556.679283
-16.681254,-39.611786,550.891163
-3.692771,-29.406466,546.011261
9.427161,-19.486198,542.775901
22.249959,-8.779922,541.354130
34.223843,4.013852,541.360817
44.566033,25.940238,542.060119
51.414471,48.295164,542.618619
52.965632,75.014660,542.486771
48.609322,100.118423,541.562135
39.882860,119.593304,540.240112
28.675483,134.168719,539.282168
16.205125,145.786104,539.547345
3.174643,155.983637,541.671394
-9.943936,165.915691,545.801503
-22.720821,176.655032,551.481956
-34.604738,-170.496875,557.735201
-44.693415,-153.778416,563.312912
-51.449133,-131.505723,567.034320
-52.964037,-104.968151,568.106693
-48.654564,-80.031452,566.336647
-40.019534,-60.631515,562.176932
-28.904164,-46.076543,556.597530
-16.503727,-34.463177,550.814893
-3.510483,-24.269161,545.953980
9.608343,-14.345485,542.744042
22.423632,-3.620026,541.345877
34.380519,9.214059,541.367661
44.688516,31.209560,542.070493
51.476349,53.645964,542.622335
52.943991,80.390062,542.478993
48.513147,105.429749,541.545054
39.740552,124.824758,540.222291
28.508869,139.346153,539.275600
16.026730,150.934479,539.563118
2.992073,161.120968,541.715373
-10.124786,171.056714,545.871527
-22.893543,-178.184456,551.567609
-34.759864,-165.295798,557.820268
-44.814485,-148.509571,563.379721
-51.509988,-126.156862,567.068554
-52.942506,-99.595534,568.101248
-48.559480,-74.721779,566.293489
-39.878574,-55.400599,562.106480
-28.738707,-40.899221,556.515739
-16.326090,-29.314835,550.738807
-3.328172,-19.131907,545.897028
9.789468,-9.204620,542.712541
22.597145,1.540269,541.337904
34.536865,14.415012,541.374636
44.810362,36.480015,542.080834
51.537177,58.997706,542.625910
52.921168,85.765081,542.471054
48.416134,110.739896,541.527892
39.597783,130.055262,540.204541
28.342023,144.523031,539.269275
15.848231,156.082589,539.579260
2.809487,166.258252,541.759748
-10.305571,176.197892,545.941858
-23.066097,-173.023541,551.653374
-34.914652,-160.093973,557.905201
-44.934918,-143.239607,563.446163
-51.569804,-120.807081,567.102265
-52.919811,-94.223295,568.095245
-48.463566,-69.413265,566.249863
-39.737153,-50.170623,562.035753
-28.573012,-35.722452,556.433914
-16.148342,-24.166757,550.662909
-3.145839,-13.994701,545.840405
9.970536,-4.063602,542.681399
22.770496,6.700966,541.330209
34.692876,19.616716,541.381738
44.931563,41.751607,542.091142
51.596950,64.350378,542.629342
52.897165,91.139696,542.462955
48.318290,116.048862,541.510650
39.454557,135.284822,540.186865
28.174945,149.699356,539.263193
15.669631,161.230439,539.595771
2.626887,171.395491,541.804520
-10.486290,-178.660772,546.012491
-23.238480,-167.862220,551.739247
-35.069098,-154.891395,557.989995
-45.054709,-137.968522,563.512235
-51.628576,-115.456393,567.135453
-52.895954,-88.851455,568.088683
-48.366828,-64.105913,566.205772
-39.595274,-44.941582,561.964755
-28.407081,-30.546232,556.352058
-15.970486,-19.018939,550.587200
-2.963484,-8.857541,545.784112
10.151544,1.077574,542.650614
22.943684,11.862069,541.322791
34.848551,24.819177,541.388966
45.052117,47.024340,542.101413
51.655663,69.703968,542.632631
52.871986,96.513888,542.454696
48.219619,121.356646,541.493331
39.310878,140.513443,540.169264
28.007639,154.875135,539.257358
15.490930,166.378031,539.612652
2.444274,176.532689,541.849687
-10.666940,-173.519275,546.083427
-23.410691,-162.700488,551.825226
-35.223198,-149.688059,558.074647
-45.173851,-132.696310,563.577934
-51.686301,-110.104809,567.168115
-52.870936,-83.480032,568.081563
-48.269272,-58.799723,566.161218
-39.452942,-39.713469,561.893488
-28.240918,-25.370557,556.270175
-15.792524,-13.871380,550.511683
-2.781108,-3.720423,545.728151
10.332492,6.218909,542.620188
23.116706,17.023582,541.315647
35.003885,30.022400,541.396318
45.172016,52.298217,542.111647
51.713312,75.058464,542.635775
52.845631,101.887639,542.446277
48.120128,126.663246,541.475935
39.166751,145.741131,540.151742
27.840106,160.050372,539.251771
15.312131,171.525369,539.629904
2.261649,-178.330152,541.895249
-10.847522,-168.377614,546.154661
-23.582728,-157.538342,551.911306
-35.376952,-144.483959,558.159154
-45.292340,-127.422970,563.643257
-51.742972,-104.752342,567.200251
-52.844762,-78.109045,568.073886
-48.170904,-53.494696,566.116202
-39.310160,-34.486280,561.821956
-28.074523,-20.195421,556.188267
-15.614456,-8.724074,550.436361
-2.598713,1.416655,545.672523
10.513378,11.360407,542.590118
23.289561,22.185510,541.308776
35.158877,35.226391,541.403790
45.291256,57.573241,542.121840
51.769890,80.413854,542.638773
52.818105,107.260928,542.437699
48.019823,131.968662,541.458466
39.022179,150.967891,540.134300
27.672350,165.225072,539.246435
15.133233,176.672457,539.647529
2.079014,-173.193029,541.941207
-11.028034,-163.235786,546.226194
-23.754589,-152.375777,551.997486
-35.530353,-139.279089,558.243512
-45.410170,-122.148498,563.708201
-51.798585,-99.399003,567.231860
-52.817432,-72.738513,568.065652
-48.071729,-48.190835,566.070727
-39.166933,-29.260009,561.750162
-27.907900,-15.020820,556.106339
-15.436284,-3.577019,550.361237
-2.416301,6.553696,545.617229
10.694202,16.502071,542.560405
23.462246,27.347856,541.302177
35.313521,40.431155,541.411381
45.409830,62.849415,542.131992
51.825393,85.770124,542.641625
52.789408,112.633736,542.428963
47.918710,137.272892,541.440924
38.877166,156.193731,540.116940
27.504372,170.399239,539.241351
14.954240,-178.180702,539.665527
1.896368,-168.055939,541.987558
-11.208474,-158.093788,546.298021
-23.926272,-147.212789,552.083762
-35.683401,-134.073444,558.327718
-45.527336,-116.872891,563.772764
-51.853136,-94.044805,567.262939
-52.788949,-67.368454,568.056862
-47.971754,-42.888139,566.024795
-39.023265,-24.034650,561.678108
-27.741051,-9.846749,556.024393
-15.258009,1.569788,550.286313
-2.233871,11.690702,545.562270
10.874962,21.643904,542.531048
23.634761,32.510625,541.295847
35.467816,45.636699,541.419089
45.527734,68.126743,542.142099
51.879818,91.127262,542.644330
52.759545,118.006046,542.420069
47.816795,142.575936,541.423312
38.731716,161.418654,540.099667
27.336174,175.572878,539.236523
14.775152,-173.034106,539.683900
1.713714,-162.918880,542.034304
-11.388841,-152.951617,546.370142
-24.097776,-142.049375,552.170129
-35.836091,-128.867019,558.411767
-45.643833,-111.596146,563.836943
-51.906620,-88.689762,567.293488
-52.759317,-61.998887,568.047516
-47.870984,-37.586610,565.978409
-38.879159,-18.810197,561.605799
-27.573978,-4.673204,555.942433
-15.079633,6.716352,550.211592
-2.051424,16.827677,545.507647
11.055657,26.785909,542.502046
23.807103,37.673821,541.289784
35.621758,50.843028,541.426911
45.644962,73.405227,542.152161
51.933158,96.485254,542.646887
52.728517,123.377837,542.411018
47.714083,147.877794,541.405630
38.585834,166.642667,540.082481
27.167759,-179.254006,539.231952
14.595970,-167.887750,539.702649
1.531052,-157.781848,542.081442
-11.569135,-147.809270,546.442553
-24.269099,-136.885529,552.256586
-35.988419,-123.659807,558.495658
-45.759654,-106.318261,563.900735
-51.959033,-83.333886,567.323505
-52.728538,-56.629830,568.037615
-47.769425,-32.286248,565.931570
-38.734619,-13.586646,561.533238
-27.406682,0.499821,555.860462
-14.901157,11.862674,550.137076
-1.868964,21.964623,545.453361
11.236285,31.928089,542.473400
23.979270,42.837448,541.283987
35.775344,56.050147,541.434844
45.761509,78.684871,542.162176
51.985409,101.844088,542.649295
52.696329,128.749093,542.401810
47.610581,153.178466,541.387882
38.439523,171.865776,540.065385
26.999129,-174.081408,539.227639
14.416696,-162.741632,539.721774
1.348384,-152.644842,542.128973
-11.749354,-142.666743,546.515253
-24.440238,-131.721248,552.343129
-36.140384,-118.451804,558.579386
-45.874796,-101.039232,563.964138
-52.010369,-77.977192,567.352990
-52.696615,-51.261300,568.027159
-47.667083,-26.987053,565.884280
-38.589650,-8.363990,561.460427
-27.239167,5.672329,555.778483
-14.722582,17.008759,550.062767
-1.686489,27.101543,545.399414
11.416845,37.070446,542.445107
24.151260,48.001510,541.278454
35.928569,61.258062,541.442887
45.877368,83.965677,542.172140
52.036567,107.203747,542.651553
52.662982,134.119794,542.392445
47.506294,158.477951,541.370068
38.292787,177.087986,540.048381
26.830286,-168.909325,539.223589
14.237332,-157.595747,539.741278
1.165711,-147.507858,542.176896
-11.929496,-137.524035,546.588239
-24.611193,-126.556528,552.429755
-36.291981,-113.243003,558.662948
-45.989251,-95.759057,564.027149
-52.060625,-72.619691,567.381940
-52.663550,-45.893316,568.016149
-47.563963,-21.689025,565.836542
-38.444255,-3.142224,561.387370
-27.071433,10.844326,555.696500
-14.543910,22.154609,549.988669
-1.504001,32.238439,545.345806
11.597337,42.212985,542.417169
24.323072,53.166012,541.273184
36.081432,66.466780,541.451037
45.992535,89.247648,542.182053
52.086627,112.564220,542.653661
52.628480,139.489923,542.382926
47.401229,163.776249,541.352192
38.145630,-177.690696,540.031473
26.661232,-163.737750,539.219801
14.057878,-152.450094,539.761159
0.983033,-142.370894,542.225211
-12.109561,-132.381141,546.661510
-24.781960,-121.391364,552.516459
-36.443207,-108.033400,558.746340
-46.103016,-90.477734,564.089765
-52.109797,-67.261400,567.410356
-52.629347,-40.525895,568.004585
-47.460071,-16.392165,565.788359
-38.298438,2.078658,561.314071
-26.903485,16.015815,555.614517
-14.365142,27.300229,549.914784
-1.321502,37.375315,545.292539
11.777758,47.355709,542.389584
24.494704,58.330957,541.268173
36.233928,71.676305,541.459292
46.107003,94.530786,542.191913
52.135585,117.925491,542.655618
52.592826,144.859461,542.373251
47.295391,169.073361,541.334253
37.998056,-172.470266,540.014662
26.491970,-158.566681,539.216280
13.878336,-147.304668,539.781421
0.800352,-137.233946,542.273915
-12.289548,-127.238059,546.735063
-24.952538,-116.225752,552.603240
-36.594059,-102.822988,558.829559
-46.216084,-85.195261,564.151984
-52.157879,-61.902331,567.438235
-52.594009,-35.159055,567.992469
-47.355413,-11.096471,565.739732
-38.152202,7.298661,561.240532
-26.735322,21.186802,555.532536
-14.186279,32.445620,549.841113
-1.138992,42.512173,545.239613
11.958108,52.498619,542.362352
24.666153,63.496350,541.263421
36.386054,76.886643,541.467650
46.220767,99.815094,542.201717
52.183437,123.287545,542.657422
52.556024,150.228392,542.363423
47.188786,174.369288,541.316255
37.850069,-167.250717,539.997950
26.322501,-153.396111,539.213025
13.698707,-142.159466,539.802062
0.617669,-132.097012,542.323010
-12.469454,-122.094785,546.808895
-25.122926,-111.059687,552.690094
-36.744533,-97.611761,558.912601
-46.328449,-79.911635,564.213802
-52.204868,-56.542499,567.465577
-52.557540,-29.792812,567.979801
-47.249995,-5.801945,565.690663
-38.005552,12.517792,561.166756
-26.566949,26.357291,555.450560
-14.007323,37.590787,549.767661
-0.956473,47.649016,545.187030
12.138386,57.641720,542.335471
24.837418,68.662196,541.258926
36.537806,82.097801,541.476108
46.333822,105.100573,542.211465
52.230177,128.650368,542.659075
52.518077,155.596698,542.353441
47.081420,179.664030,541.298199
37.701672,-162.032043,539.981341
26.152828,-148.226037,539.210041
13.518993,-137.014485,539.823086
0.434985,-126.960090,542.372494
-12.649279,-116.951317,546.883004
-25.293121,-105.893167,552.777016
-36.894625,-92.399715,558.995463
-46.440107,-74.626854,564.275218
-52.250760,-51.181920,567.492381
-52.519942,-24.427185,567.966581
-47.143822,-0.508584,565.641156
-37.858491,17.736055,561.092748
-26.398366,31.527286,555.368594
-13.828275,42.735732,549.694428
-0.773946,52.785847,545.134789
12.318589,62.785014,542.308942
25.008497,73.828499,541.254685
36.689182,87.309783,541.484663
46.446161,110.387227,542.221153
52.275803,134.013944,542.660573
52.478988,160.964361,542.343306
46.973299,-175.042412,541.280087
37.552870,-156.814240,539.964837
25.982952,-143.056454,539.207329
13.339194,-131.869723,539.844492
0.252301,-121.823176,542.422366
-12.829021,-111.807651,546.957388
-25.463121,-100.726185,552.864005
-37.044333,-87.186843,559.078142
-46.551052,-69.340916,564.336228
-52.295550,-45.820607,567.518645
-52.481219,-19.062188,567.952811
-47.036900,4.783612,565.591212
-37.711022,22.953456,561.018509
-26.229576,36.696792,555.286640
-13.649136,47.880459,549.621418
-0.591411,57.922668,545.082893
12.498718,67.928505,542.282763
25.179387,78.995262,541.250696
36.840176,92.522596,541.493315
46.557779,115.675056,542.230781
52.320310,139.378258,542.661918
52.438761,166.331365,542.333019
46.864429,-169.750037,541.261922
37.403665,-151.597300,539.948440
25.812876,-137.887358,539.204890
13.159313,-126.725175,539.866280
0.069618,-116.686268,542.472626
-13.008679,-106.663784,547.032045
-25.632924,-95.558738,552.951056
-37.193653,-81.973141,559.160635
-46.661278,-64.053820,564.396831
-52.339236,-40.458577,567.544368
-52.441374,-13.697840,567.938491
-46.929235,10.074643,565.540834
-37.563151,28.170001,560.944044
-26.060580,41.865814,555.204702
-13.469908,53.024972,549.548633
-0.408870,63.059482,545.031343
12.678769,73.072196,542.256934
25.350088,84.162491,541.246959
36.990787,97.736246,541.502059
46.668671,120.964063,542.240346
52.363693,144.743294,542.663108
52.397400,171.697693,542.322580
46.754815,-164.458844,541.243704
37.254063,-146.381219,539.932152
25.642602,-132.718744,539.202727
12.979351,-121.580838,539.888454
-0.113063,-111.549363,542.523273
-13.188253,-101.519713,547.106973
-25.802529,-90.390822,553.038167
-37.342581,-76.758601,559.242937
-46.770779,-58.765564,564.457023
-52.381812,-35.095844,567.569550
-52.400412,-8.334155,567.923622
-46.820832,15.364510,565.490023
-37.414879,33.385696,560.869356
-25.891382,47.034355,555.122782
-13.290592,58.169272,549.476075
-0.226323,68.196292,544.980138
12.858743,78.216089,542.231454
25.520596,89.330189,541.243471
37.141011,102.950737,541.510895
46.778830,126.254250,542.249846
52.405949,150.109037,542.664143
52.354909,177.063329,542.311992
46.644463,-159.168831,541.225436
37.104065,-141.165990,539.915976
25.472132,-127.550607,539.200843
12.799308,-116.436710,539.911012
-0.295740,-106.412459,542.574306
-13.367739,-96.375436,547.182168
-25.971934,-85.222432,553.125334
-37.491114,-71.543220,559.325045
-46.879550,-53.476147,564.516802
-52.423275,-29.732425,567.594189
-52.358335,-2.971151,567.908204
-46.711697,20.653216,565.438783
-37.266211,38.600546,560.794448
-25.721982,52.202420,555.040885
-13.111188,63.313363,549.403746
-0.043773,73.333100,544.929280
13.038638,83.360189,542.206323
25.690910,94.498362,541.240229
37.290843,108.166076,541.519819
46.888250,131.545617,542.259280
52.447075,155.475469,542.665021
52.311291,-177.571744,542.301253
46.533379,-153.879998,541.207120
36.953677,-135.951608,539.899915
25.301468,-122.382944,539.199238
12.619187,-111.292787,539.933955
-0.478413,-101.275552,542.625724
-13.547139,-91.230948,547.257629
-26.141135,-80.053564,553.212553
-37.639249,-66.326990,559.406956
-46.987585,-48.185567,564.576166
-52.463622,-24.368335,567.618285
-52.315148,2.391157,567.892239
-46.601836,25.940761,565.387116
-37.117150,43.814557,560.719324
-25.552383,57.370014,554.959013
-12.931700,68.457249,549.331650
0.138780,78.469910,544.878769
13.218453,88.504498,542.181539
25.861028,99.667013,541.237233
37.440280,113.382269,541.528830
46.996927,136.838166,542.268647
52.487066,160.842575,542.665743
52.266550,-172.207542,542.290366
46.421569,-148.592341,541.188758
36.802901,-130.738067,539.883970
25.130612,-117.215749,539.197915
12.438988,-106.149066,539.957286
-0.661080,-96.138640,542.677526
-13.726449,-86.086246,547.333352
-26.310132,-74.884213,553.299822
-37.786980,-61.109907,559.488667
-47.094879,-42.893823,564.635112
-52.502848,-19.003591,567.641836
-52.270854,7.752753,567.875728
-46.491255,31.227146,565.335024
-36.967700,49.027735,560.643986
-25.382586,62.537141,554.877170
-12.752126,73.600933,549.259788
0.321335,83.606724,544.828608
13.398186,93.649019,542.157102
26.030947,104.836147,541.234480
37.589318,118.599321,541.537925
47.104853,142.131899,542.277943
52.525918,166.210337,542.666308
52.220691,-166.844079,542.279330
46.309039,-143.305860,541.170351
36.651741,-125.525361,539.868145
24.959565,-112.049019,539.196877
12.258712,-101.005544,539.981004
-0.843740,-91.001719,542.729712
-13.905669,-80.941328,547.409336
-26.478922,-69.714375,553.387136
-37.934306,-55.891964,559.570174
-47.201426,-37.600914,564.693637
-52.540950,-13.638209,567.664842
-52.225457,13.113622,567.858671
-46.379958,36.512375,565.282510
-36.817864,54.240085,560.568438
-25.212595,67.703805,554.795359
-12.572470,78.744417,549.188163
0.503891,88.743545,544.778795
13.577836,98.793756,542.133011
26.200667,110.005769,541.231967
37.737954,123.817238,541.547101
47.212024,147.426816,542.287168
52.563628,171.578739,542.666715
52.173717,-161.481372,542.268147
46.195794,-138.020552,541.151902
36.500201,-120.313484,539.852441
24.788331,-106.882749,539.196124
12.078362,-95.862217,540.005109
-1.026393,-85.864788,542.782281
-14.084798,-75.796190,547.485579
-26.647504,-64.544045,553.474493
-38.081221,-50.673157,559.651473
-47.307221,-32.306839,564.751739
-52.577926,-8.272206,567.687301
-52.178962,18.473749,567.841069
-46.267951,41.796447,565.229576
-36.667646,59.451612,560.492683
-25.042410,72.870010,554.713584
-12.392732,83.887705,549.116776
0.686446,93.880375,544.729332
13.757402,103.938711,542.109265
26.370183,115.175883,541.229694
37.886185,129.036027,541.556357
47.318433,152.722918,542.296319
52.600193,176.947764,542.666964
52.125633,-156.119436,542.256818
46.081839,-132.736416,541.133413
36.348284,-115.102431,539.836861
24.616910,-101.716934,539.195659
11.897938,-90.719084,540.029604
-1.209037,-80.727844,542.835231
-14.263833,-70.650830,547.562077
-26.815874,-59.373219,553.561889
-38.227724,-45.453479,559.732562
-47.412256,-27.011599,564.809416
-52.613770,-2.905599,567.709213
-52.131372,23.833119,567.822923
-46.155240,47.079366,565.176225
-36.517049,64.662323,560.416725
-24.872034,78.035761,554.631846
-12.212914,89.030800,549.045631
0.869000,99.017217,544.680221
13.936882,109.083889,542.085863
26.539496,120.346493,541.227659
38.034005,134.255691,541.565690
47.424075,158.020205,542.305396
52.635609,-177.682607,542.667054
52.076442,-150.758286,542.245343
45.967181,-127.453449,541.114886
36.195994,-109.892197,539.821408
24.445305,-96.551571,539.195485
11.717441,-85.576139,540.054488
-1.391671,-75.590884,542.888562
-14.442775,-65.505243,547.638828
-26.984032,-54.201893,553.649321
-38.373809,-40.232925,559.813437
-47.516528,-21.715191,564.866665
-52.648481,2.461596,567.730577
-52.082691,29.191717,567.804235
-46.041831,52.361133,565.122458
-36.366077,69.872223,560.340567
-24.701468,83.201063,554.550151
-12.033016,94.173705,548.974729
1.051552,104.154075,544.631460
14.116275,114.229291,542.062805
26.708601,125.517605,541.225858
38.181412,139.476239,541.575098
47.528943,163.318679,542.314395
52.669873,-172.312389,542.666985
52.026151,-145.397936,542.233723
45.851826,-122.171649,541.096322
36.043334,-104.682774,539.806084
24.273518,-91.386655,539.195602
11.536873,-80.433381,540.079762
-1.574294,-70.453904,542.942272
-14.621620,-60.359426,547.715830
-27.151975,-49.030062,553.736785
-38.519473,-35.011489,559.894094
-47.620030,-16.417617,564.923483
-52.682055,7.829361,567.751393
-52.032924,34.549529,567.785005
-45.927729,57.641751,565.068280
-36.214733,75.081317,560.264212
-24.530715,88.365919,554.468500
-11.853041,99.316423,548.904072
1.234100,109.290951,544.583052
14.295580,119.374922,542.040089
26.877498,130.689222,541.224290
38.328402,144.697674,541.584578
47.633032,168.618340,542.323317
52.702982,-166.941602,542.666755
51.974761,-140.038402,542.221960
45.735778,-116.891013,541.077724
35.890307,-99.474159,539.790891
24.101551,-86.222182,539.196013
11.356236,-75.290807,540.105428
-1.756905,-65.316903,542.996361
-14.800369,-55.213377,547.793080
-27.319700,-43.857721,553.824277
-38.664712,-29.789166,559.974531
-47.722756,-11.118875,564.979869
-52.714488,13.197679,567.771659
-51.982076,39.906542,567.765233
-45.812939,62.921222,565.013691
-36.063021,80.289612,560.187663
-24.359777,93.530333,554.386898
-11.672988,104.458958,548.833664
1.416643,114.427847,544.534997
14.474796,124.520785,542.017715
27.046185,135.861349,541.222954
38.474971,149.920003,541.594129
47.736337,173.919188,542.332158
52.734932,-161.570264,542.666366
51.922279,-134.679695,542.210054
45.619043,-111.611538,541.059094
35.736918,-94.266344,539.775832
23.929405,-81.058147,539.196720
11.175529,-70.148412,540.131484
-1.939503,-60.179877,543.050828
-14.979020,-50.067092,547.870576
-27.487207,-38.684865,553.911796
-38.809523,-24.565949,560.054744
-47.824701,-5.818966,565.035820
-52.745779,18.566531,567.791374
-51.930150,45.262741,567.744922
-45.697468,68.199549,564.958695
-35.910943,85.497113,560.110925
-24.188654,98.694310,554.305347
-11.492860,109.601311,548.763506
1.599181,119.564766,544.487295
14.653921,129.666883,541.995681
27.214658,141.033991,541.221847
38.621114,155.143232,541.603747
47.838850,179.221222,542.340917
52.765720,-156.198392,542.665815
51.868709,-129.321832,542.198006
45.501627,-106.333223,541.040434
35.583169,-89.059324,539.760909
23.757083,-75.894547,539.197724
10.994755,-65.006195,540.157933
-2.122087,-55.042825,543.105671
-15.157572,-44.920568,547.948315
-27.654492,-33.511491,553.999336
-38.953901,-19.341834,560.134729
-47.925859,-0.517890,565.091333
-52.775923,23.935900,567.810538
-51.877150,50.618112,567.724072
-45.581319,73.476734,564.903294
-35.758503,90.703825,560.034000
-24.017350,103.857854,554.223850
-11.312658,114.743487,548.693600
1.781711,124.701712,544.439948
14.832953,134.813219,541.973988
27.382916,146.207153,541.220966
38.766828,160.367367,541.613432
47.940566,-175.475558,542.349592
52.795344,-150.826005,542.665104
51.814055,-123.964825,542.185817
45.383536,-101.056063,541.021745
35.429064,-83.853094,539.746125
23.584586,-70.731377,539.199028
10.813915,-59.864152,540.184775
-2.304655,-49.905742,543.160890
-15.336022,-39.773801,548.026294
-27.821553,-28.337594,554.086895
-39.097843,-14.116815,560.214483
-48.026223,4.784352,565.146407
-52.804919,29.305768,567.829150
-51.823082,55.972643,567.702685
-45.464500,78.752779,564.847491
-35.605705,95.909754,559.956891
-23.845866,109.020969,554.142411
-11.132382,119.885488,548.623948
1.964234,129.838686,544.392955
15.011892,139.959797,541.952632
27.550956,151.380839,541.220311
38.912110,165.592412,541.623179
48.041479,-170.171151,542.358183
52.823801,-145.453122,542.664230
51.758322,-118.608688,542.173488
45.264775,-95.780056,541.003031
35.274606,-78.647647,539.731482
23.411916,-65.568633,539.200634
10.633010,-54.722280,540.212010
-2.487207,-44.768627,543.216483
-15.514370,-34.626788,548.104511
-27.988388,-23.163169,554.174469
-39.241345,-8.890886,560.294003
-48.125790,10.087760,565.201039
-52.832763,34.676116,567.847210
-51.767950,61.326320,567.680761
-45.347014,84.027688,564.791289
-35.452551,101.114905,559.879603
-23.674203,114.183660,554.061034
-10.952035,125.027317,548.554553
2.146748,134.975692,544.346317
15.190736,145.106619,541.931615
27.718777,156.555053,541.219879
39.056954,170.818375,541.632988
48.141584,-164.865559,542.366686
52.851088,-140.079761,542.663195
51.701516,-113.253433,542.161020
45.145349,-90.505199,540.984292
35.119798,-73.442979,539.716982
23.239076,-60.406310,539.202543
10.452041,-49.580576,540.239639
-2.669741,-39.631476,543.272450
-15.692615,-29.479527,548.182963
-28.154996,-17.988210,554.262055
-39.384402,-3.664042,560.373286
-48.224551,15.392334,565.255226
-52.859453,40.046926,567.864716
-51.711758,66.679130,567.658301
-45.228868,89.301464,564.734689
-35.299045,106.319285,559.802138
-23.502364,119.345930,553.979720
-10.771617,130.168978,548.485417
2.329252,140.112732,544.300035
15.369483,150.253689,541.910934
27.886376,161.729801,541.219667
39.201358,176.045260,541.642855
