40.753566,-176.558958,541.754291
49.183777,-156.592152,542.453796
53.072764,-131.115287,542.641175
51.010116,-104.574358,542.015601
43.794775,-82.720163,540.777947
33.401544,-66.402065,539.568103
21.334547,-53.806473,539.243727
8.465299,-43.190344,540.568169
-4.668339,-33.277871,543.909647
-17.638496,-23.000972,549.057084
-29.964971,-11.187210,555.221407
-40.921670,3.730786,561.225405
-49.252359,23.653215,565.819144
-53.075658,48.982572,568.020095
-51.028025,75.332565,567.377480
-43.892542,97.075701,564.089314
-33.594875,113.357418,558.942806
-21.608445,125.945263,553.093960
-8.790457,136.558695,547.745546
4.328004,146.465048,543.816511
17.321345,156.730090,541.706229
29.707612,168.528567,541.231362
40.892376,-171.320602,541.764685
49.273749,-151.272510,542.461139
53.085889,-125.737735,542.638178
50.940856,-99.230564,542.001556
43.667819,-77.458775,540.759086
33.242801,-61.206267,539.555506
21.159802,-48.648878,539.249403
8.283661,-38.050417,540.600543
-4.850578,-28.140081,543.969982
-17.815394,-17.850471,549.138140
-30.128676,-6.005513,555.308866
-41.059100,8.969004,561.301595
-49.341052,28.971584,565.867846
-53.088384,54.357422,568.030944
-50.959545,80.674127,567.348714
-43.766904,102.336194,564.028175
-33.437400,118.552994,558.863490
-21.434635,131.102816,553.013655
-8.609287,141.698570,547.679661
4.510302,151.602713,543.774518
17.498832,161.880390,541.689489
29.872379,173.710067,541.233629
41.030690,-166.081251,541.775109
49.362834,-145.951711,542.468375
53.097818,-120.359963,542.635015
50.870589,-93.887795,541.987387
43.540267,-72.198487,540.740229
33.083749,-56.011175,539.543084
20.984909,-43.491653,539.255406
8.101976,-32.910619,540.633315
-5.032784,-23.002220,544.030673
-17.992169,-12.699676,549.219397
-30.292122,-0.823221,555.396291
-41.196032,14.208208,561.377504
-49.428864,34.291089,565.916076
-53.099931,59.732482,568.041233
-50.890071,86.014683,567.319430
-43.640673,107.595601,563.966675
-33.279613,123.747868,558.784042
-21.260670,136.260001,552.933456
-8.428062,146.838315,547.614060
4.692575,156.740448,543.732886
17.676203,167.030982,541.673070
30.036895,178.892165,541.236088
41.168504,-160.840899,541.785561
49.451027,-140.629757,542.475503
53.108551,-114.981993,542.631687
50.799320,-88.546061,541.973095
43.412124,-66.939295,540.721378
32.924391,-50.816784,539.530839
20.809870,-38.334794,539.261736
7.920243,-27.770949,540.666487
-5.214958,-17.864285,544.091720
-18.168822,-7.548584,549.300850
-30.455308,4.359671,555.483680
-41.332461,19.448403,561.453131
-49.515791,39.611725,565.963831
-53.110299,65.107732,568.050962
-50.819608,91.354223,567.289628
-43.513853,112.853927,563.904816
-33.121516,128.942047,558.704464
-21.086554,141.416820,552.853363
-8.246783,151.977933,547.548745
4.874822,161.878256,543.691616
17.853459,172.181870,541.656972
30.201155,-175.925137,541.238739
41.305814,-155.599540,541.796037
49.538322,-135.306653,542.482521
53.118086,-109.603844,542.628193
50.727055,-83.205370,541.958681
43.283396,-61.681193,540.702535
32.764729,-45.623089,539.518773
20.634686,-33.178296,539.268396
7.738464,-22.631401,540.700059
-5.397098,-12.726273,544.153120
-18.345349,-2.397192,549.382497
-30.618230,9.543168,555.571028
-41.468384,24.689595,561.528472
-49.601827,44.933490,566.011109
-53.119486,70.483150,568.060130
-50.748161,96.692738,567.259310
-43.386450,118.111176,563.842600
-32.963113,134.135535,558.624760
-20.912287,146.573279,552.773381
-8.065451,157.117427,547.483718
5.057043,167.016140,543.650707
18.030596,177.333058,541.641193
30.365159,-170.741831,541.241579
41.442614,-150.357170,541.806537
49.624713,-129.982403,542.489428
53.126423,-104.225538,542.624533
50.653799,-77.865732,541.944147
43.154086,-56.424179,540.683703
32.604767,-40.430083,539.506889
20.459359,-28.022157,539.275388
7.556641,-17.491975,540.734030
-5.579203,-7.588181,544.214873
-18.521750,2.754504,549.464336
-30.780887,14.727275,555.658333
-41.603796,29.931789,561.603523
-49.686966,50.256378,566.057909
-53.127492,75.858718,568.068738
-50.675736,102.030221,567.228478
-43.258468,123.367352,563.780031
-32.804405,139.328339,558.544933
-20.737872,151.729380,552.693512
-7.884068,162.256799,547.418981
5.239236,172.154103,543.610159
18.207614,-177.515450,541.625732
30.528902,-165.557914,541.244606
41.578901,-145.113783,541.817057
49.710195,-124.657011,542.496223
53.133560,-98.847096,542.620708
50.579558,-72.527153,541.929494
43.024201,-51.168247,540.664883
32.444507,-35.237761,539.495190
20.283891,-22.866372,539.282712
7.374775,-12.352667,540.768401
-5.761271,-2.450007,544.276977
-18.698023,7.906507,549.546364
-30.943276,19.911997,555.745591
-41.738692,35.174991,561.678282
-49.771202,55.580385,566.104229
-53.134315,81.234413,568.076785
-50.602339,107.366664,567.197133
-43.129912,128.622460,563.717112
-32.645397,144.520462,558.464987
-20.563309,156.885127,552.613760
-7.702633,167.396052,547.354536
5.421400,177.292147,543.569973
18.384512,-172.363653,541.610588
30.692383,-160.373380,541.247817
41.714669,-139.869373,541.827595
49.794760,-119.330483,542.502903
53.139497,-93.468539,542.616717
50.504338,-67.189643,541.914722
42.893745,-45.913391,540.646079
32.283952,-30.046119,539.483677
20.108283,-17.710937,539.290371
7.192865,-7.213473,540.803172
-5.943301,2.688253,544.339429
-18.874167,13.058821,549.628576
-31.105394,25.097339,555.832798
-41.873067,40.419205,561.752746
-49.854529,60.905507,566.150066
-53.139956,86.610217,568.084271
-50.527974,112.702057,567.165277
-43.000788,133.876504,563.653845
-32.486090,149.711911,558.384925
-20.388601,162.040524,552.534127
-7.521150,172.535190,547.290384
5.603534,-177.569725,543.530148
18.561287,-167.211544,541.595759
30.855599,-155.188224,541.251211
41.849914,-134.623936,541.838150
49.878404,-114.002822,542.509469
53.144233,-88.089887,542.612560
50.428144,-61.853208,541.899835
42.762723,-40.659609,540.627292
32.123105,-24.855150,539.472354
19.932537,-12.555849,539.298366
7.010915,-2.074392,540.838344
-6.125293,7.826602,544.402230
-19.050180,18.211450,549.710972
-31.267239,30.283307,555.919950
-42.006918,45.664436,561.826910
-49.936942,66.231737,566.195419
-53.144414,91.986108,568.091196
-50.452647,118.036395,567.132912
-42.871099,139.129490,563.590233
-32.326488,154.902690,558.304750
-20.213748,167.195576,552.454616
-7.339618,177.674214,547.226527
5.785637,-172.431509,543.490686
18.737938,-162.059122,541.581244
31.018547,-150.002441,541.254785
41.984632,-129.377466,541.848719
49.961120,-108.674035,542.515918
53.147768,-82.711163,542.608237
50.350982,-56.517856,541.884832
42.631140,-35.406894,540.608524
31.961969,-19.664849,539.461221
19.756655,-7.401103,539.306699
6.828925,3.064581,540.873916
-6.307246,12.965041,544.465376
-19.226060,23.364397,549.793547
-31.428808,35.469905,556.007045
-42.140240,50.910689,561.900773
-50.018435,71.559072,566.240286
-53.147687,97.362066,568.097560
-50.376364,123.369670,567.100038
-42.740851,144.381421,563.526280
-32.166592,160.092806,558.224467
-20.038754,172.350285,552.375231
-7.158039,-177.186871,547.162968
5.967708,-167.293204,543.451586
18.914464,-156.906383,541.567042
31.181225,-144.816025,541.258537
42.118818,-124.129958,541.859300
50.042903,-103.344127,542.522249
53.150101,-77.332386,542.603748
50.272857,-51.183595,541.869716
42.499001,-30.155241,540.589778
31.800547,-14.475212,539.450283
19.580638,-2.246697,539.315371
6.646896,8.203447,540.909888
-6.489157,18.103574,544.528867
-19.401807,28.517666,549.876298
-31.590098,40.657138,556.094079
-42.273027,56.157971,561.974331
-50.099002,76.887505,566.284664
-53.149777,102.738070,568.103361
-50.299130,128.701874,567.066658
-42.610049,149.632303,563.461988
-32.006407,165.282263,558.144078
-19.863618,177.504655,552.295974
-6.976413,-172.048064,547.099706
6.149745,-162.154806,543.412848
19.090863,-151.753322,541.553150
31.343630,-139.628973,541.262465
42.252467,-118.881407,541.869891
50.123746,-98.013103,542.528461
53.151233,-71.953578,542.599093
50.193776,-45.850430,541.854487
42.366311,-24.904647,540.571056
31.638840,-9.286232,539.439540
19.404487,2.907374,539.324384
6.464829,13.342209,540.946260
-6.671027,23.242205,544.592701
-19.577418,33.671261,549.959224
-31.751108,45.845012,556.181048
-42.405277,61.406284,562.047581
-50.178638,82.217030,566.328553
-53.150683,108.114099,568.108602
-50.220951,134.033001,567.032773
-42.478697,154.882140,563.397359
-31.845935,170.471066,558.063586
-19.688343,-177.341309,552.216848
-6.794743,-166.909361,547.036745
6.331748,-157.016312,543.374472
19.267134,-146.599937,541.539569
31.505760,-134.441277,541.266566
42.385574,-113.631807,541.880490
50.203644,-92.680970,542.534553
53.151162,-66.574760,542.594273
50.113744,-40.518369,541.839147
42.233075,-19.655106,540.552361
31.476853,-4.097905,539.428996
19.228205,8.061113,539.333739
6.282725,18.480871,540.983033
-6.852853,28.380934,544.656876
-19.752892,38.825184,550.042320
-31.911834,51.033531,556.267949
-42.536983,66.655635,562.120520
-50.257337,87.547642,566.371950
-53.150404,113.490134,568.113280
-50.141832,139.363045,566.998385
-42.346799,160.130937,563.332398
-31.685177,175.659221,557.982996
-19.512931,-172.187605,552.137857
-6.613029,-161.770760,546.974086
6.513715,-151.877719,543.336458
19.443275,-141.446223,541.526296
31.667612,-129.252934,541.270838
42.518135,-108.381154,541.891094
50.282592,-87.347733,542.540523
53.149890,-61.195953,542.589287
50.032768,-35.187417,541.823698
42.099296,-14.406612,540.533694
31.314588,1.089775,539.418653
19.051793,13.214524,539.343438
6.100586,23.619435,541.020207
-7.034636,33.519767,544.721390
-19.928227,43.979441,550.125584
-32.072273,56.222702,556.354779
-42.668141,71.906028,562.193145
-50.335093,92.879334,566.414853
-53.148941,118.866152,568.117397
-50.061780,144.691999,566.963495
-42.214362,165.378699,563.267106
-31.524138,-179.153268,557.902310
-19.337383,-167.034229,552.059002
-6.431273,-156.632257,546.911731
6.695646,-146.739026,543.298806
19.619283,-136.292177,541.513330
31.829182,-124.063938,541.275280
42.650144,-103.129443,541.901701
50.360582,-82.013401,542.546370
53.147416,-55.817179,542.584135
49.950852,-29.857582,541.808140
41.964981,-9.159161,540.515058
31.152046,6.276813,539.408512
18.875252,18.367611,539.353483
5.918413,28.757904,541.057781
-7.216372,38.658704,544.786243
-20.103422,49.134034,550.209013
-32.232424,61.412528,556.441533
-42.798746,77.157469,562.265452
-50.411901,98.212099,566.457261
-53.146293,124.242135,568.120951
-49.980800,150.019857,566.928106
-42.081389,170.625430,563.201488
-31.362819,-173.966395,557.821533
-19.161699,-161.881176,551.980287
-6.249475,-151.493850,546.849680
6.877538,-141.600228,543.261517
19.795159,-131.137794,541.500669
31.990469,-118.874283,541.279888
42.781598,-97.876669,541.912309
50.437610,-76.677978,542.552093
53.143740,-50.438459,542.578818
49.868002,-24.528867,541.792476
41.830134,-3.912747,540.496455
30.989232,11.463214,539.398577
18.698585,23.520378,539.363874
5.736206,33.896281,541.095756
-7.398063,43.797750,544.851432
-20.278475,54.288967,550.292604
-32.392282,66.603016,556.528208
-42.928794,82.409961,562.337439
-50.487755,103.545931,566.499171
-53.142462,129.618060,568.123944
-49.898897,155.346614,566.892218
-41.947884,175.871137,563.135545
-31.201224,-168.780154,557.740666
-18.985883,-156.728443,551.901716
-6.067637,-146.355535,546.787937
7.059391,-136.461323,543.224589
19.970900,-125.983073,541.488312
32.151470,-113.683965,541.284661
42.912490,-92.622826,541.922917
50.513670,-71.341473,542.557690
53.138864,-45.059813,542.573335
49.784226,-19.201280,541.776707
41.694758,1.332634,540.477888
30.826148,16.648983,539.388850
18.521792,28.672827,539.374613
5.553967,39.034569,541.134131
-7.579705,48.936907,544.916955
-20.453385,59.444244,550.376353
-32.551846,71.794171,556.614801
-43.058280,87.663510,562.409103
-50.562649,108.880822,566.540583
-53.137447,134.993908,568.126375
-49.816077,160.672264,566.855834
-41.813853,-178.884176,563.069281
-31.039354,-163.594542,557.659715
-18.809936,-151.576028,551.823289
-5.885759,-141.217311,546.726501
7.241205,-131.322308,543.188024
20.146505,-120.828007,541.476258
32.312182,-108.492977,541.289596
43.042817,-87.367910,541.933521
50.588757,-66.003892,542.563161
53.132786,-39.681263,542.567688
49.699527,-13.874825,541.760834
41.558861,6.576988,540.459358
30.662796,21.834126,539.379333
18.344875,33.824964,539.385702
5.371698,44.172770,541.172906
-7.761299,54.076178,544.982810
-20.628150,64.599869,550.460258
-32.711113,76.985997,556.701308
-43.187200,92.918120,562.480440
-50.636579,114.216765,566.581494
-53.131250,140.369658,568.128244
-49.732346,165.996802,566.818956
-41.679300,-173.640504,563.002700
-30.877213,-158.409552,557.578681
-18.633858,-146.423925,551.745012
-5.703843,-136.079175,546.665376
7.422976,-126.183181,543.151820
20.321971,-115.672595,541.464504
32.472601,-103.301316,541.294691
43.172573,-82.111917,541.944120
50.662863,-60.665244,542.568504
53.125508,-34.302829,542.561875
49.613913,-8.549507,541.744859
41.422444,11.820321,540.440869
30.499178,27.018648,539.370029
18.167836,38.976790,539.397142
5.189398,49.310888,541.212081
-7.942843,59.215565,545.048997
-20.802769,69.755845,550.544316
-32.870080,82.178500,556.787726
-43.315547,98.173796,562.551448
-50.709538,119.553753,566.621903
-53.123869,145.745289,568.129552
-49.647710,171.320224,566.781585
-41.544229,-168.397842,562.935802
-30.714803,-153.225180,557.497570
-18.457652,-141.272131,551.666885
-5.521891,-130.941123,546.604562
7.604706,-121.043938,543.115979
20.497298,-110.516832,541.453050
32.632726,-98.108975,541.299944
43.301753,-76.854841,541.954712
50.735984,-55.325536,542.573718
53.117031,-28.924533,542.555898
49.527389,-3.225331,541.728783
41.285514,17.062637,540.422422
30.335298,32.202553,539.360939
17.990676,44.128311,539.408935
5.007070,54.448924,541.251657
-8.124335,64.355073,545.115513
-20.977239,74.912177,550.628524
-33.028744,87.371685,556.874052
-43.443318,103.430542,562.622124
-50.781522,124.891777,566.661808
-53.115307,151.120782,568.130297
-49.562175,176.642524,566.743722
-41.408646,-163.156185,562.868593
-30.552126,-148.041421,557.416383
-18.281319,-136.120644,551.588913
-5.339902,-125.803152,546.544061
7.786391,-115.904576,543.080499
20.672483,-105.360713,541.441894
32.792554,-92.915948,541.305353
43.430352,-71.596677,541.965294
50.808115,-49.984777,542.578801
53.107355,-23.546396,542.549756
49.439962,2.097699,541.712609
41.148075,22.303941,540.404020
30.171159,37.385847,539.352066
17.813397,49.279528,539.421082
4.824715,59.586883,541.291632
-8.305776,69.494703,545.182356
-21.151559,80.068868,550.712878
-33.187102,92.565558,556.960281
-43.570507,108.688363,562.692464
-50.852524,130.230830,566.701207
-53.105565,156.496115,568.130481
-49.475745,-178.036303,566.705371
-41.272553,-157.915527,562.801075
-30.389185,-142.858269,557.335124
-18.104861,-130.969459,551.511098
-5.157879,-120.665261,546.483874
7.968032,-110.765093,543.045381
20.847526,-100.204237,541.431035
32.952081,-87.722232,541.310915
43.558366,-66.337422,541.975865
50.879249,-44.642975,542.583754
53.096482,-18.168438,542.543449
49.351636,7.419579,541.696336
41.010131,27.544240,540.385666
30.006761,42.568535,539.343412
17.636000,54.430447,539.433584
4.642333,64.724767,541.332008
-8.487162,74.634458,545.249524
-21.325728,85.225922,550.797376
-33.345152,97.760125,557.046410
-43.697110,113.947263,562.762466
-50.922539,135.570902,566.740099
-53.094642,161.871268,568.130104
-49.388428,-172.716259,566.666532
-41.135957,-152.675864,562.733251
-30.225983,-137.675720,557.253797
-17.928278,-125.818573,551.433443
-4.975822,-115.527445,546.424003
8.149627,-105.625486,543.010624
21.022424,-95.047398,541.420470
33.111304,-82.527820,541.316627
43.685789,-61.077071,541.986423
50.949381,-39.300138,542.588574
53.084412,-12.790680,542.536979
49.262419,12.740304,541.679968
40.871687,32.783539,540.367360
29.842109,47.750622,539.334980
17.458487,59.581071,539.446442
4.459925,69.862579,541.372783
-8.668495,79.774342,545.317016
-21.499744,90.383342,550.882014
-33.502890,102.955389,557.132436
-43.823121,119.207246,562.832127
-50.991562,140.911985,566.778482
-53.082540,167.246221,568.129165
-49.300228,-167.397349,566.627208
-40.998861,-147.437189,562.665123
-30.062521,-132.493769,557.172406
-17.751573,-120.667982,551.355950
-4.793732,-110.389703,546.364449
8.331174,-100.485751,542.976228
21.197176,-89.890192,541.410198
33.270221,-77.332706,541.322489
43.812616,-55.815620,541.996964
51.018506,-33.956277,542.593260
53.071147,-7.413144,542.530345
49.172315,18.059871,541.663505
40.732748,38.021843,540.349107
29.677204,52.932113,539.326772
17.280859,64.731402,539.459659
4.277494,75.000321,541.413957
-8.849771,84.914357,545.384830
-21.673604,95.541133,550.966789
-33.660314,108.151357,557.218355
-43.948536,124.468318,562.901443
-51.059588,146.254070,566.816355
-53.069261,172.620954,568.127665
-49.211152,-162.079578,566.587401
-40.861269,-142.199498,562.596696
-29.898803,-127.312411,557.090953
-17.574747,-115.517683,551.278623
-4.611611,-105.252031,546.305214
8.512673,-95.345886,542.942193
21.371779,-84.732616,541.400218
33.428829,-72.136886,541.328497
43.938842,-50.553063,542.007488
51.086618,-28.611400,542.597812
53.056687,-2.035849,542.523547
49.081331,23.378277,541.646950
40.593316,43.259157,540.330908
29.512050,58.113013,539.318790
17.103117,69.881445,539.473234
4.095039,80.137996,541.455530
-9.030991,90.054506,545.452964
-21.847309,100.699299,551.051698
-33.817420,113.348035,557.304164
-44.073350,129.730481,562.970412
-51.126611,151.597147,566.853716
-53.054805,177.995446,568.125605
-49.121205,-156.762947,566.547112
-40.723187,-136.962785,562.527972
-29.734831,-122.131640,557.009442
-17.397801,-110.367672,551.201463
-4.429460,-100.114428,546.246299
8.694123,-90.205888,542.908519
21.546234,-79.574666,541.390528
33.587125,-66.940353,541.334648
44.064461,-45.289397,542.017992
51.153712,-23.265516,542.602228
53.041035,3.341184,542.516586
48.989474,28.695517,541.630303
40.453398,48.495488,540.312765
29.346648,63.293327,539.311036
16.925264,75.031204,539.487171
3.912563,85.275607,541.497502
-9.212152,95.194793,545.521415
-22.020855,105.857843,551.136739
-33.974207,118.545426,557.389859
-44.197557,134.993740,563.039031
-51.192627,156.941208,566.890563
-53.039174,-176.630322,568.122983
-49.030393,-151.447461,566.506343
-40.584617,-131.727045,562.458955
-29.570607,-116.951453,556.927876
-17.220737,-105.217946,551.124475
-4.247279,-94.976889,546.187706
8.875522,-85.065754,542.875206
21.720536,-74.416339,541.381126
33.745106,-61.743103,541.340942
44.189470,-40.024617,542.028474
51.219782,-17.918637,542.606507
53.024192,8.717935,542.509462
48.896748,34.011590,541.613567
40.312998,53.730840,540.294682
29.181000,68.473060,539.303513
16.747300,80.180681,539.501469
3.730065,90.413157,541.539873
-9.393254,100.335219,545.590182
-22.194241,111.016769,551.221907
-34.130670,123.743538,557.475437
-44.321152,140.258099,563.107297
-51.257629,162.286241,566.926894
-53.022370,-171.256370,568.119802
-48.938723,-146.133123,566.465096
-40.445565,-126.492273,562.389646
-29.406134,-111.771843,556.846259
-17.043557,-100.068501,551.047660
-4.065071,-89.839412,546.129435
9.056869,-79.925482,542.842252
21.894686,-69.257629,541.372011
33.902769,-56.545130,541.347376
44.313861,-34.758720,542.038933
51.284823,-12.570771,542.610649
53.006159,14.094382,542.502175
48.803160,39.326493,541.596742
40.172119,58.965220,540.276659
29.015111,73.652216,539.296223
16.569227,85.329880,539.516130
3.547548,95.550648,541.582642
-9.574296,105.475789,545.659264
-22.367466,116.176082,551.307200
-34.286807,128.942375,557.560894
-44.444131,145.523562,563.175207
-51.321613,167.632238,566.962710
-53.004394,-165.882719,568.116060
-48.846199,-140.819935,566.423374
-40.306035,-121.258463,562.320051
-29.241413,-106.592806,556.764594
-16.866261,-94.919334,550.971022
-3.882835,-84.701994,546.071488
9.238163,-74.785067,542.809659
22.068681,-64.098533,541.363180
34.060110,-51.346428,541.353946
44.437631,-29.491702,542.049365
51.348830,-7.221930,542.614651
52.986938,19.470507,542.494727
48.708716,44.640222,541.579832
40.030766,64.198632,540.258701
28.848980,78.830802,539.289168
16.391047,90.478804,539.531155
3.365012,100.688085,541.625808
-9.755276,110.616504,545.728657
-22.540527,121.335784,551.392615
-34.442615,134.141942,557.646226
-44.566488,150.790132,563.242759
-51.384573,172.979187,566.998007
-52.985248,-160.509387,568.111758
-48.752828,-135.507900,566.381178
-40.166031,-116.025610,562.250170
-29.076448,-101.414338,556.682884
-16.688851,-89.770442,550.894562
-3.700574,-79.564633,546.013867
9.419403,-69.644507,542.777425
22.242519,-58.939047,541.354634
34.217128,-46.146992,541.360652
44.560774,-24.223557,542.059769
51.411798,-1.872124,542.618514
52.966532,24.846288,542.487117
48.613421,49.952777,541.562837
39.888944,69.431083,540.240808
28.682612,84.008821,539.282350
16.212761,95.627457,539.546546
3.182459,105.825468,541.669373
-9.936193,115.757369,545.798360
-22.713423,126.495881,551.478148
-34.598091,139.342246,557.731431
-44.688218,156.057814,563.309949
-51.446506,178.327078,567.032785
-52.964933,-155.136395,568.106897
-48.658615,-130.197020,566.338510
-40.025557,-110.793708,562.180009
-28.911241,-96.236433,556.601133
-16.511329,-84.621821,550.818284
-3.518287,-74.427326,545.956573
9.600587,-64.503800,542.745550
22.416200,-53.779168,541.346369
34.373818,-40.946817,541.367490
44.683285,-18.954284,542.070144
51.473721,3.478635,542.622236
52.944942,30.221706,542.479345
48.517283,55.264153,541.545759
39.746655,74.662578,540.222984
28.516008,89.186279,539.275772
16.034370,100.775843,539.562304
2.999889,110.962801,541.713334
-10.117046,120.898385,545.868371
-22.886153,131.656377,551.563796
-34.753231,144.543292,557.816505
-44.809316,161.326611,563.376774
-51.507405,-176.324100,567.067041
-52.943452,-149.763762,568.101477
-48.563566,-124.887297,566.295373
-39.884617,-105.562751,562.109569
-28.745794,-91.059087,556.519344
-16.333696,-79.473467,550.742191
-3.335977,-69.290070,545.899606
9.781715,-59.362942,542.714034
22.589720,-48.618890,541.338383
34.530177,-35.745896,541.374459
44.805157,-13.683877,542.080486
51.534594,8.830337,542.625817
52.922169,35.596742,542.471412
48.420306,60.574351,541.528599
39.603906,79.893123,540.205230
28.349172,94.363180,539.269436
15.855876,105.923965,539.578429
2.817304,116.100087,541.757692
-10.297833,126.039557,545.938688
-23.058714,136.817274,551.649556
-34.908033,149.745085,557.901443
-44.929777,166.596527,563.443232
-51.567265,-170.974359,567.100776
-52.920806,-144.391507,568.095498
-48.467688,-119.578734,566.251768
-39.743215,-100.332735,562.038855
-28.580109,-85.882295,556.437521
-16.155953,-74.325378,550.666284
-3.153645,-64.152862,545.842969
9.962785,-54.221930,542.682876
22.763078,-43.458211,541.330676
34.686203,-30.544224,541.381555
44.926387,-8.412334,542.090795
51.594412,14.182969,542.629254
52.898217,40.971375,542.463319
48.322496,65.883368,541.511361
39.460700,85.122723,540.187550
28.182104,99.539529,539.263343
15.677280,111.071825,539.594924
2.634705,121.237328,541.802446
-10.478555,131.180886,546.009309
-23.231104,141.978578,551.735425
-35.062494,154.947630,557.986244
-45.049595,171.867564,563.509320
-51.626082,-165.623709,567.133986
-52.896998,-139.019650,568.088960
-48.370985,-114.271332,566.207697
-39.601356,-95.103654,561.967869
-28.414188,-80.706052,556.355667
-15.978102,-69.177550,550.590568
-2.971290,-59.015700,545.786662
10.143796,-49.080762,542.652076
22.936272,-38.297125,541.323246
34.841892,-25.341796,541.388778
45.046968,-3.139650,542.101067
51.653171,19.536520,542.632548
52.873088,46.345586,542.455066
48.223861,71.191202,541.494044
39.317040,90.351384,540.169946
28.014807,104.715332,539.257497
15.498583,116.219429,539.611789
2.452093,126.374528,541.847597
-10.659208,136.322376,546.080231
-23.403323,147.140292,551.821399
-35.216609,160.150934,558.070903
-45.168765,177.139727,563.575036
-51.683852,-160.272163,567.166672
-52.872031,-133.648208,568.081865
-48.273464,-108.965092,566.163163
-39.459043,-89.875502,561.896614
-28.248035,-75.530354,556.273785
-15.800143,-64.029979,550.515043
-2.788916,-53.878580,545.730687
10.324747,-43.939433,542.621634
23.109302,-33.135630,541.316090
34.997241,-20.138606,541.396123
45.166895,2.134178,542.111302
51.710865,24.890978,542.635698
52.846784,51.719355,542.446654
48.124405,76.497853,541.476652
39.172932,95.579112,540.152419
27.847284,109.890592,539.251899
15.319788,121.366778,539.629025
2.269468,131.511689,541.893142
-10.839793,141.464030,546.151454
-23.575367,152.302420,551.907476
-35.370377,165.355001,558.155416
-45.287282,-177.586981,563.640375
-51.740568,-154.919733,567.198831
-52.845905,-128.277202,568.074213
-48.175131,-103.660016,566.118168
-39.316280,-84.648273,561.825093
-28.081650,-70.355195,556.191879
-15.622080,-58.882663,550.439713
-2.606522,-48.741501,545.675045
10.505636,-38.797942,542.591549
23.282164,-27.973720,541.309208
35.152248,-14.934648,541.403590
45.286163,7.409152,542.121497
51.767489,30.246329,542.638702
52.819307,57.092664,542.438082
48.024135,81.803319,541.459185
39.028378,100.805912,540.134973
27.679538,115.065314,539.246551
15.140895,126.513876,539.646634
2.086833,136.648813,541.939082
-11.020307,146.605851,546.222973
-23.747236,157.464967,551.993652
-35.523794,170.559838,558.239781
-45.405140,-172.312557,563.705336
-51.796227,-149.566432,567.230463
-52.818625,-122.906650,568.066003
-48.075991,-98.356105,566.072713
-39.173072,-79.421963,561.753311
-27.915037,-65.180571,556.109952
-15.443912,-53.735597,550.364581
-2.424110,-43.604458,545.619737
10.686462,-33.656285,542.561821
23.454857,-22.811391,541.302597
35.306907,-9.729916,541.411176
45.404767,12.685277,542.131650
51.823039,35.602562,542.641560
52.790661,62.465494,542.429352
47.923056,87.107601,541.441645
38.883384,106.031791,540.117610
27.511569,120.239504,539.241457
14.961906,131.660727,539.664616
1.904188,141.785904,541.985417
-11.200751,151.747841,546.294788
-23.918927,162.627937,552.079923
-35.676857,175.765449,558.323994
-45.522335,-167.036999,563.769916
-51.850823,-144.212271,567.261565
-52.790192,-117.536571,568.057237
-47.976049,-93.053359,566.026801
-39.029423,-74.196565,561.681269
-27.748197,-60.006477,556.028007
-15.265642,-48.588779,550.289649
-2.241680,-38.467451,545.564763
10.867225,-28.514460,542.532448
23.627378,-17.648641,541.296255
35.461217,-4.524406,541.418879
45.522700,17.962556,542.141759
51.877509,40.959663,542.644270
52.760847,67.837825,542.420464
47.821175,92.410696,541.424035
38.737953,111.256753,540.100332
27.343381,125.413166,539.236617
14.782821,136.807334,539.682972
1.721534,146.922965,542.032145
-11.381121,156.890005,546.366896
-24.090439,167.791333,552.166287
-35.829562,-179.028159,558.408051
-45.638860,-161.760303,563.834112
-51.904353,-138.857264,567.292137
-52.760609,-112.166982,568.047916
-47.875313,-87.751780,565.980435
-38.885336,-68.972074,561.608971
-27.581133,-54.832909,555.946048
-15.087270,-43.442205,550.214919
-2.059235,-33.330474,545.510126
11.047922,-23.372463,542.503432
23.799728,-12.485463,541.290180
35.615174,0.681889,541.426695
45.639957,23.240991,542.151822
51.930896,46.317619,542.646833
52.729870,73.209639,542.411419
47.718497,97.712605,541.406356
38.592089,116.480805,540.083141
27.174975,130.586304,539.232034
14.603644,141.953700,539.701705
1.538873,152.059997,542.079267
-11.561418,162.032344,546.439295
-24.261769,172.955160,552.252741
-35.981907,-173.820981,558.491948
-45.754711,-156.482466,563.897922
-51.956812,-133.501423,567.322178
-52.729879,-106.797903,568.038039
-47.773788,-82.451368,565.933616
-38.740815,-63.748484,561.536421
-27.413847,-49.659863,555.864078
-14.908798,-38.295873,550.140394
-1.876775,-28.193527,545.455826
11.228553,-18.230290,542.474770
23.971902,-7.321855,541.284372
35.768775,5.888974,541.434623
45.756533,28.520585,542.161838
51.983194,51.676417,542.649247
52.697731,78.580918,542.402217
47.615029,103.013327,541.388610
38.445797,121.703953,540.066041
27.006354,135.758924,539.227710
14.424374,147.099829,539.720814
1.356205,157.197004,542.126781
-11.741640,167.174863,546.511983
-24.432916,178.119422,552.339280
-36.133887,-168.613012,558.575684
-45.869882,-151.203487,563.961342
-52.008194,-128.144763,567.351686
-52.698004,-101.429350,568.027607
-47.671479,-77.152123,565.886346
-38.595864,-58.525790,561.463622
-27.246341,-44.487332,555.782100
-14.730228,-33.149778,550.066077
-1.694300,-23.056606,545.401865
11.409117,-13.087940,542.446463
24.143900,-2.157811,541.278828
35.922016,11.096855,541.442661
45.872421,33.801341,542.171804
52.034399,57.036041,542.651511
52.664433,83.951643,542.392859
47.510776,108.312862,541.370799
38.299079,126.926201,540.049033
26.837520,140.931029,539.223648
14.245013,152.245723,539.740300
1.173532,162.333989,542.174687
-11.921786,172.317564,546.584957
-24.603878,-176.715876,552.425903
-36.285500,-163.404245,558.659253
-45.984367,-145.923361,564.024370
-52.058497,-122.787297,567.380660
-52.664989,-96.061342,568.016621
-47.568392,-71.854045,565.838628
-38.450487,-53.303986,561.390576
-27.078617,-39.315314,555.700118
-14.551560,-28.003917,549.991970
-1.511813,-17.919709,545.348243
11.589611,-7.945409,542.418509
24.315720,3.006671,541.273546
36.074894,16.305538,541.450807
45.987618,39.083262,542.181719
52.084506,62.396480,542.653625
52.629981,89.321797,542.383345
47.405744,113.611212,541.352924
38.151940,132.147557,540.032120
26.668475,146.102625,539.219849
14.065563,157.391386,539.760165
0.990854,167.470955,542.222985
-12.101855,177.460450,546.658216
-24.774654,-171.550731,552.512604
-36.436742,-158.194676,558.742653
-46.098161,-140.642087,564.087003
-52.107714,-117.429039,567.409099
-52.630834,-90.693897,568.005082
-47.464533,-66.557135,565.790464
-38.304687,-48.083066,561.317287
-26.910678,-34.143803,555.618134
-14.372796,-22.858288,549.918076
-1.329315,-12.782832,545.294961
11.770036,-2.802694,542.390909
24.487359,8.171598,541.268524
36.227406,21.515029,541.459057
46.102116,44.366350,542.191581
52.133512,67.757716,542.655587
52.594376,94.691361,542.373677
47.299939,118.908375,541.334987
38.004384,137.368025,540.015304
26.499222,151.273716,539.216315
13.886025,162.536822,539.780410
0.808173,172.607903,542.271673
-12.281844,-177.396476,546.731756
-24.945240,-166.385138,552.599382
-36.587609,-152.984299,558.825879
-46.211259,-135.359663,564.149239
-52.155843,-112.070003,567.437002
-52.595545,-85.327032,567.992990
-47.359908,-61.261391,565.741857
-38.158470,-42.863025,561.243759
-26.742525,-28.972794,555.536153
-14.193937,-17.712887,549.844396
-1.146805,-7.645973,545.242020
11.950389,2.340209,542.363661
24.658816,13.336972,541.263760
36.379548,26.725332,541.467410
46.215911,49.650608,542.201387
52.181410,73.119737,542.657398
52.557623,100.060318,542.363854
47.193366,124.204352,541.316991
37.856414,142.587612,539.998588
26.329762,156.444307,539.213049
13.706400,167.682033,539.801035
0.625490,177.744837,542.320751
-12.461754,-172.253211,546.805576
-25.115636,-161.219094,552.686232
-36.738100,-147.773107,558.908930
-46.323654,-130.076086,564.211075
-52.202879,-106.710204,567.464367
-52.559124,-79.960763,567.980346
-47.254522,-55.966815,565.692808
-38.011837,-37.643858,561.169994
-26.574160,-23.802284,555.454178
-14.014985,-12.567711,549.770935
-0.964287,-2.509130,545.189422
12.130669,7.483301,542.336766
24.830089,18.502798,541.259254
36.531316,31.936455,541.475863
46.328996,54.936037,542.211136
52.228199,78.482528,542.659056
52.519725,105.428651,542.353878
47.086033,129.499145,541.298937
37.708035,147.806323,539.981974
26.160097,161.614402,539.210053
13.526689,172.827023,539.822042
0.442806,-177.118240,542.370218
-12.641582,-167.109751,546.879674
-25.285839,-156.052592,552.773153
-36.888209,-142.561097,558.991800
-46.435343,-124.791355,564.272509
-52.248818,-101.349656,567.491195
-52.521574,-74.595109,567.967151
-47.148381,-50.673404,565.643319
-37.864793,-32.425558,561.095996
-26.405586,-18.632268,555.372212
-13.835941,-7.422756,549.697693
-0.781759,2.627701,545.137168
12.310876,12.626587,542.310221
25.001176,23.669081,541.255002
36.682708,37.148402,541.484414
46.441366,60.222640,542.220827
52.273872,83.846072,542.660561
52.480685,110.796342,542.343749
46.977944,134.792753,541.280827
37.559250,153.024163,539.965465
25.990230,166.784006,539.207328
13.346894,177.971795,539.843431
0.260122,-171.981326,542.420073
-12.821328,-161.966093,546.954047
-25.455848,-150.885631,552.860139
-37.037933,-137.348260,559.074488
-46.546318,-119.505466,564.333537
-52.293656,-95.988374,567.517482
-52.482899,-69.230085,567.953405
-47.041491,-45.381159,565.593395
-37.717343,-27.208120,561.021768
-26.236805,-13.462741,555.290258
-13.656806,-2.278019,549.624674
-0.599225,7.764522,545.085257
12.491007,17.770070,542.284027
25.172075,28.835824,541.251003
36.833719,42.361179,541.493061
46.553015,65.510419,542.230457
52.318427,89.210355,542.661912
52.440507,116.163375,542.333468
46.869106,140.085179,541.262663
37.410063,158.241140,539.949062
25.820163,171.953123,539.204877
13.167017,-176.883648,539.865204
0.077439,-166.844418,542.470317
-13.000990,-156.822235,547.028692
-25.625660,-145.718204,552.947188
-37.187270,-132.134593,559.156988
-46.656575,-114.218420,564.394158
-52.337389,-90.626374,567.543229
-52.443102,-63.865708,567.939109
-46.933858,-40.090078,565.543035
-37.569488,-21.991538,560.947313
-26.067818,-8.293699,555.208319
-13.477582,2.866502,549.551879
-0.416684,12.901337,545.033691
12.671063,22.913752,542.258184
25.342783,34.003033,541.247254
36.984346,47.574792,541.501802
46.663938,70.799376,542.240024
52.361858,94.575360,542.663108
52.399195,121.529732,542.323036
46.759524,145.376423,541.244447
37.260477,163.457258,539.932769
25.649897,177.121758,539.202703
12.987058,-171.739302,539.887360
-0.105242,-161.707513,542.520947
-13.180567,-151.678173,547.103608
-25.795273,-140.550308,553.034296
-37.336215,-126.920090,559.239299
-46.766107,-108.930214,564.454368
-52.380012,-85.263671,567.568435
-52.402188,-58.501995,567.924263
-46.825487,-34.800160,565.492244
-37.421233,-16.775807,560.872635
-25.898628,-3.125138,555.126399
-13.298269,8.010811,549.479311
-0.234138,18.038147,544.982472
12.851040,28.057637,542.232689
25.513300,39.170711,541.243755
37.134586,52.789247,541.510633
46.774128,76.089512,542.249527
52.404163,99.941073,542.664149
52.356752,126.895398,542.312453
46.649203,150.666486,541.226181
37.110496,168.672523,539.916588
25.479436,-177.710085,539.200805
12.807019,-166.595165,539.909901
-0.287919,-156.570608,542.571963
-13.360058,-146.533905,547.178792
-25.964686,-135.381938,553.121461
-37.484765,-121.704744,559.321416
-46.874909,-103.640846,564.514166
-52.421523,-79.900281,567.593098
-52.360159,-53.138962,567.908870
-46.716383,-29.511405,565.441023
-37.272582,-11.560921,560.797737
-25.729237,2.042948,555.044501
-13.118870,13.154912,549.406974
-0.051588,23.174955,544.931599
13.030938,33.201727,542.207542
25.683622,44.338864,541.240503
37.284435,58.004550,541.519553
46.883580,81.380828,542.258963
52.445337,105.307476,542.665033
52.313182,132.260356,542.301720
46.538151,155.955370,541.207866
36.960124,173.886942,539.900521
25.308780,-172.542401,539.199188
12.626900,-161.451233,539.932828
-0.470592,-151.433701,542.623365
-13.539461,-141.389426,547.254241
-26.133897,-130.213090,553.208678
-37.632916,-116.488551,559.403336
-46.982976,-98.350316,564.573548
-52.461918,-74.536220,567.617217
-52.317019,-47.776624,567.892929
-46.606553,-24.223811,565.389375
-37.123538,-6.346874,560.722622
-25.559646,7.210562,554.962629
-12.939384,18.298806,549.334867
0.130965,28.311765,544.881074
13.210756,38.346027,542.182744
25.853748,49.507494,541.237496
37.433889,63.220706,541.528560
46.992288,86.673327,542.268332
52.485376,110.674553,542.665762
52.268489,137.624590,542.290838
46.426372,161.243077,541.189505
36.809365,179.100519,539.884571
25.137931,-167.375187,539.197853
12.446705,-156.307504,539.956142
-0.653260,-146.296789,542.675150
-13.718775,-136.244733,547.329954
-26.302902,-125.043760,553.295945
-37.780665,-111.271505,559.485056
-47.090302,-93.058622,564.632512
-52.501192,-69.171504,567.640792
-52.272772,-42.414997,567.876442
-46.496002,-18.937375,565.337302
-36.974104,-1.133661,560.647293
-25.389858,12.377708,554.880785
-12.759815,23.442498,549.262996
0.313520,33.448579,544.830897
13.390493,43.490539,542.158292
26.023676,54.676608,541.234732
37.582945,68.437722,541.537650
47.100247,91.967009,542.277631
52.524278,116.042287,542.666333
52.222677,142.988084,542.279808
46.313872,166.529608,541.171100
36.658221,-175.686740,539.868740
24.966893,-162.208437,539.196802
12.266432,-151.163973,539.979843
-0.835920,-141.159870,542.727320
-13.897999,-131.099825,547.405927
-26.471701,-119.873943,553.383258
-37.928008,-106.053599,559.566572
-47.196881,-87.765763,564.691056
-52.539343,-63.806149,567.663822
-52.227423,-37.054096,567.859409
-46.384736,-13.652098,565.284806
-36.824285,4.078724,560.571755
-25.219875,17.544392,554.798973
-12.580162,28.585991,549.191360
0.496076,38.585399,544.781070
13.570147,48.635267,542.134186
26.193404,59.846208,541.232209
37.731599,73.655602,541.546823
47.207450,97.261875,542.286858
52.562037,121.410662,542.666746
52.175751,148.350823,542.268631
46.200657,171.814966,541.152652
36.506697,-170.474828,539.853030
24.795667,-157.042147,539.196036
12.086085,-146.020638,540.003932
-1.018574,-136.022939,542.779872
-14.077131,-125.954696,547.482159
-26.640292,-114.703635,553.470613
-38.074941,-100.834829,559.647881
-47.302708,-82.471738,564.749176
-52.576366,-58.440172,567.686305
-52.180974,-31.693937,567.841831
-46.272759,-8.367976,565.231890
-36.674083,9.290287,560.496009
-25.049698,22.710617,554.717196
-12.400428,33.729287,549.119964
0.678631,43.722229,544.731592
13.749716,53.780213,542.110425
26.362930,65.016301,541.229926
37.879846,78.874352,541.556075
47.313892,102.557926,542.296012
52.598651,126.779661,542.667001
52.127714,153.712793,542.257307
46.086733,177.099152,541.134164
36.354797,-165.263740,539.837445
24.624254,-151.876313,539.195559
11.905664,-140.877496,540.028409
-1.201218,-130.885996,542.832805
-14.256171,-120.809345,547.558646
-26.808672,-109.532830,553.558008
-38.221461,-95.615188,559.728979
-47.407776,-77.176548,564.806872
-52.612259,-53.073590,567.708242
-52.133431,-26.334535,567.823709
-46.160079,-3.085007,565.178557
-36.523503,14.501033,560.420060
-24.879330,27.876388,554.635457
-12.220613,38.872391,549.048808
0.861185,48.859071,544.682466
13.929200,58.925380,542.087009
26.532251,70.186890,541.227880
38.027684,84.093980,541.565405
47.419567,107.855163,542.305092
52.634116,132.149265,542.667097
52.078572,159.073977,542.245838
45.972105,-177.617830,541.115638
36.202522,-160.053471,539.821985
24.452657,-146.710931,539.195371
11.725171,-135.734544,540.053276
-1.383853,-125.749036,542.886120
-14.435116,-115.663768,547.635386
-26.976838,-104.361525,553.645438
-38.367564,-90.394672,559.809864
-47.512081,-71.880190,564.864140
-52.647019,-47.706420,567.729630
-52.084797,-20.975903,567.805044
-46.046699,2.196809,565.124809
-36.372547,19.710967,560.343911
-24.708773,33.041708,554.553760
-12.040719,44.015304,548.977896
1.043737,53.995928,544.633691
14.108597,64.070773,542.063936
26.701365,75.357980,541.226069
38.175109,89.314489,541.574809
47.524469,113.153586,542.314094
52.668430,137.519458,542.667034
52.028327,164.434361,542.234224
45.856779,-172.335980,541.097075
36.049878,-154.844014,539.806655
24.280878,-141.545996,539.195476
11.544606,-130.591778,540.078534
-1.566476,-120.612057,542.939814
-14.613966,-110.517961,547.712378
-27.144790,-99.189716,553.732901
-38.513247,-85.173274,559.890531
-47.615616,-66.582665,564.920977
-52.680641,-42.338679,567.750469
-52.035077,-15.618057,567.785838
-45.932627,7.477476,565.070649
-36.221219,24.920096,560.267565
-24.538028,38.206583,554.472108
-11.860746,49.158030,548.907230
1.226285,59.132803,544.585267
14.287906,69.216395,542.041205
26.870271,80.529575,541.224491
38.322117,94.535886,541.584286
47.628591,118.453196,542.323018
52.701588,142.890221,542.666811
51.976984,169.793931,542.222466
45.740761,-167.055294,541.078478
35.896867,-149.635363,539.791456
24.108918,-136.381504,539.195874
11.363971,-125.449195,540.104182
-1.749088,-115.475057,542.993887
-14.792719,-105.371922,547.789617
-27.312525,-94.017397,553.820393
-38.658504,-79.950988,559.970978
-47.718375,-61.283974,564.977382
-52.713124,-36.970385,567.770759
-51.984274,-10.261010,567.766090
-45.817866,12.756996,565.016078
-36.069522,30.128425,560.191026
-24.367097,43.371016,554.390504
-11.680697,54.300572,548.836811
1.408829,64.269698,544.537197
14.467125,74.362248,542.018816
27.038967,85.701681,541.223144
38.468703,99.758177,541.593833
47.731929,123.753993,542.331862
52.733587,148.261536,542.666428
51.924549,175.152673,542.210565
45.624056,-161.775770,541.059849
35.743494,-144.427514,539.776391
23.936780,-131.217450,539.196567
11.183268,-120.306793,540.130222
-1.931686,-110.338033,543.048337
-14.971375,-100.225647,547.867103
-27.480041,-88.844564,553.907910
-38.803333,-74.727810,560.051200
-47.820354,-55.984115,565.033352
-52.744463,-31.601555,567.790499
-51.932394,-4.904776,567.745803
-45.702424,18.035372,564.961100
-35.917459,35.335959,560.114296
-24.195982,48.535012,554.308951
-11.500572,59.442933,548.766642
1.591367,69.406616,544.489480
14.646254,79.508335,541.996768
27.207449,90.874301,541.222027
38.614865,104.981367,541.603448
47.834476,129.055976,542.340624
52.764426,153.633385,542.665883
51.871025,-179.489427,542.198523
45.506669,-156.497405,541.041189
35.589760,-139.220460,539.761462
23.764465,-126.053832,539.197559
11.002496,-115.164569,540.156654
-2.114270,-105.200981,543.103164
-15.149930,-95.079133,547.944831
-27.647335,-83.671212,553.995450
-38.947730,-69.503734,560.131196
-47.921545,-50.683089,565.088885
-52.774657,-26.232208,567.809687
-51.879440,0.450631,567.724977
-45.586304,23.312605,564.905717
-35.765035,40.542705,560.037379
-24.024686,53.698574,554.227453
-11.320373,64.585116,548.696725
1.773898,74.543560,544.442118
14.825290,84.654661,541.975059
27.375716,96.047440,541.221137
38.760598,110.205463,541.613129
47.936227,134.359146,542.349303
52.794100,159.005751,542.665178
51.816418,-174.132383,542.186339
45.388607,-151.220196,541.022501
35.435670,-134.014196,539.746671
23.591975,-120.890643,539.198850
10.821659,-110.022518,540.183478
-2.296839,-100.063900,543.158367
-15.328385,-89.932377,548.022800
-27.814406,-78.497337,554.083009
-39.091691,-64.278754,560.210960
-48.021944,-45.380896,565.143978
-52.803701,-20.862361,567.828324
-51.825418,5.805198,567.703613
-45.469513,28.588699,564.849932
-35.612252,45.748667,559.960279
-23.853209,58.861708,554.146012
-11.140101,69.727125,548.627063
1.956421,79.680533,544.395109
15.004233,89.801228,541.953689
27.543766,101.221103,541.220472
38.905898,115.430469,541.622874
48.037175,139.663502,542.357896
52.822606,164.378613,542.664311
51.760731,-168.776209,542.174016
45.269874,-145.944140,541.003787
35.281227,-128.808717,539.732021
23.419313,-115.727881,539.200442
10.640757,-104.880639,540.210696
-2.479391,-94.926786,543.213944
-15.506738,-84.785375,548.101007
-27.981252,-73.322934,554.170582
-39.235212,-59.052863,560.290491
-48.121545,-40.077538,565.198629
-52.831595,-15.492033,567.846407
-51.770331,11.158912,567.681712
-45.352056,33.863657,564.793747
-35.459114,50.953852,559.882998
-23.681554,64.024417,554.064632
-10.959756,74.868961,548.557657
2.138935,84.817538,544.348457
15.183081,94.948040,541.932657
27.711596,106.395295,541.220030
39.050761,120.656392,541.632679
48.137314,144.969043,542.366403
52.849943,169.751954,542.663282
51.703970,-163.420916,542.161553
45.150477,-140.669234,540.985049
35.126434,-123.604015,539.717515
23.246480,-110.565540,539.202338
10.459790,-99.738928,540.238308
-2.661926,-89.789636,543.269895
-15.684987,-79.638124,548.179450
-28.147869,-68.147999,554.258168
-39.378288,-53.826058,560.369784
-48.220341,-34.773014,565.252836
-52.858334,-10.121242,567.863938
-51.714185,16.511760,567.659276
-45.233938,39.137482,564.737165
-35.305623,56.158265,559.805541
-23.509723,69.186705,553.983316
-10.779342,80.010629,548.488510
2.321439,89.954576,544.302160
15.361832,100.095100,541.911962
27.879205,111.570020,541.219809
39.195184,125.883238,541.642544
48.236639,150.275769,542.374822
52.876108,175.125753,542.662091
51.646140,-158.066518,542.148953
45.030420,-135.395474,540.966289
34.971295,-118.400086,539.703154
23.073477,-105.403618,539.204538
10.278762,-94.597382,540.266314
-2.844443,-84.652449,543.326217
-15.863131,-74.490621,548.258125
-28.314256,-62.972526,554.345762
-39.520917,-48.598332,560.448837
-48.318327,-29.467327,565.306596
-52.883917,-4.750006,567.880915
-51.656984,21.863729,567.636305
-45.115165,44.410176,564.680189
-35.151783,61.361911,559.727910
-23.337717,74.348576,553.902067
-10.598857,85.152131,548.419624
2.503932,95.091652,544.256219
15.540486,105.242411,541.891603
28.046590,116.745284,541.219806
39.339162,131.111012,541.652465
48.335143,155.583678,542.383150
52.901097,-179.500007,542.660737
51.587244,-152.713027,542.136216
44.909710,-130.122858,540.947509
34.815812,-113.196924,539.688942
22.900308,-100.242109,539.207046
10.097672,-89.455998,540.294715
-3.026939,-79.515221,543.382911
-16.041169,-69.342862,548.337030
-28.480411,-57.796512,554.433361
-39.663094,-43.369680,560.527646
-48.415497,-24.160476,565.359907
-52.908341,0.621654,567.897337
-51.598732,27.214808,567.612802
-44.995742,49.681743,564.622820
-34.997597,66.564795,559.650110
-23.165538,79.510035,553.820888
-10.418305,90.293471,548.351000
2.686412,100.228767,544.210635
15.719041,110.389977,541.871578
28.213748,121.921090,541.220021
39.482691,136.339719,541.662441
48.432821,160.892770,542.391387
52.924909,-174.125346,542.659219
51.527290,-147.360456,542.123343
44.788351,-124.851382,540.928711
34.659989,-107.994524,539.674881
22.726972,-95.081009,539.209862
9.916521,-84.314773,540.323511
-3.209415,-74.377949,543.439975
-16.219099,-64.194844,548.416162
-28.646331,-52.619951,554.520962
-39.804814,-38.140096,560.606207
-48.511846,-18.852464,565.412767
-52.931603,5.993722,567.913205
-51.539436,32.564985,567.588766
-44.875674,54.952186,564.565063
-34.843069,71.766925,559.572142
-22.993189,84.671085,553.739783
-10.237685,95.434651,548.282641
2.868880,105.365925,544.165409
15.897496,115.537800,541.851886
28.380678,127.097443,541.220450
39.625767,141.569366,541.672468
48.529667,166.203042,542.399531
52.947541,-168.750284,542.657539
51.466280,-142.008817,542.110335
44.666349,-119.581042,540.909898
34.503830,-102.792880,539.660972
22.553473,-89.920315,539.212990
9.735312,-79.173704,540.352704
-3.391869,-69.240631,543.497407
-16.396920,-59.046564,548.495520
-28.812015,-47.442839,554.608561
-39.946075,-32.909574,560.684518
-48.607367,-13.543291,565.465174
-52.953703,11.366176,567.928516
-51.479099,37.914247,567.564200
-44.754966,60.221508,564.506918
-34.688201,76.968304,559.494011
-22.820670,89.831731,553.658754
-10.056999,100.575674,548.214549
3.051333,110.503128,544.120540
16.075848,120.685886,541.832527
28.547377,132.274349,541.221092
39.768386,146.799958,541.682545
48.625674,171.514494,542.407579
52.968991,-163.374841,542.655694
51.404221,-136.658120,542.097193
44.543709,-114.311835,540.891071
34.347337,-97.591986,539.647219
22.379813,-84.760023,539.216429
9.554045,-74.032788,540.382292
-3.574299,-64.103263,543.555206
-16.574631,-53.898018,548.575099
-28.977459,-42.265170,554.696154
-40.086871,-27.678109,560.762575
-48.702055,-8.232961,565.517125
-52.974636,16.738999,567.943271
-51.417726,43.262584,567.539104
-44.633624,65.489714,564.448390
-34.532996,82.168939,559.415721
-22.647983,94.991976,553.577805
-9.876249,105.716543,548.146726
3.233770,115.640379,544.076029
16.254098,125.834236,541.813500
28.713843,137.451813,541.221945
39.910543,152.031501,541.692670
48.720837,176.827123,542.415532
52.989258,-157.999036,542.653686
51.341118,-131.308378,542.083919
44.420437,-109.043757,540.872233
34.190513,-92.391836,539.633624
22.205992,-79.600128,539.220183
9.372722,-68.892023,540.412278
-3.756706,-58.965844,543.613372
-16.752230,-48.749203,548.654897
-29.142662,-37.086941,554.783739
-40.227200,-22.445696,560.840375
-48.795904,-2.921474,565.568618
-52.994402,22.112171,567.957470
-51.355322,48.609984,567.513479
-44.511653,70.756807,564.389481
-34.377459,87.368835,559.337273
-22.475131,100.151825,553.496939
-9.695436,110.857261,548.079174
3.416190,120.777680,544.031878
16.432242,130.982854,541.794802
28.880074,142.629838,541.223006
40.052236,157.264001,541.702840
48.815150,-177.859073,542.423387
53.008338,-152.622889,542.651513
51.276975,-125.959601,542.070514
44.296538,-103.776804,540.853386
34.033362,-87.192426,539.620190
22.032012,-74.440626,539.224253
9.191343,-63.751405,540.442660
-3.939088,-53.828370,543.671903
-16.929715,-43.600116,548.734913
-29.307621,-31.908145,554.871311
-40.367055,-17.212329,560.917915
-48.888908,2.391166,565.619652
-53.012999,27.485671,567.971111
-51.291893,53.956437,567.487328
-44.389058,76.022789,564.330194
-34.221591,92.567997,559.258673
-22.302115,105.311282,553.416159
-9.514560,115.997832,548.011895
3.598593,125.915036,543.988085
16.610281,136.131744,541.776434
29.046067,147.808430,541.224273
40.193458,162.497462,541.713053
48.908606,-172.544095,542.431142
53.026230,-147.246421,542.649176
51.211798,-120.611800,542.056978
44.172017,-98.510973,540.834531
33.875886,-81.993749,539.606918
21.857876,-69.281514,539.228640
9.009910,-58.610930,540.473440
-4.121443,-48.690838,543.730797
-17.107086,-38.450753,548.815142
-29.472333,-26.728780,554.958867
-40.506434,-11.978003,560.995191
-48.981062,7.704958,565.670223
-53.030425,32.859482,567.984195
-51.227444,59.301931,567.460651
-44.265844,81.287666,564.270530
-34.065395,97.766431,559.179922
-22.128936,110.470350,553.335468
-9.333623,121.138258,547.944891
3.780977,131.052447,543.944651
16.788212,141.280909,541.758394
29.211819,152.987594,541.225745
40.334207,167.731892,541.723307
49.001200,-167.227947,542.438796
53.042933,-141.869651,542.646674
51.145593,-115.264986,542.043313
44.046879,-93.246258,540.815672
33.718089,-76.795800,539.593811
21.683586,-64.122786,539.233348
8.828424,-53.470597,540.504618
-4.303770,-43.553246,543.790053
-17.284341,-33.301110,548.895582
-29.636798,-21.548838,555.046404
-40.645333,-6.742712,561.072200
-49.072358,13.019899,565.720330
-53.046677,38.233582,567.996720
-51.161979,64.646458,567.433450
-44.142017,86.551441,564.210494
-33.908875,102.964142,559.101026
-21.955598,115.629033,553.254869
-9.152626,126.278541,547.878163
3.963341,136.189918,543.901578
16.966034,146.430353,541.740681
29.377329,158.167335,541.227418
40.474477,172.967294,541.733600
49.092926,-161.910632,542.446348
53.058445,-136.492599,542.644007
51.078364,-109.919169,542.029521
43.921130,-87.982656,540.796810
33.559974,-71.598574,539.580872
21.509142,-58.964441,539.238376
8.646887,-48.330403,540.536194
-4.486069,-38.415591,543.849670
-17.461478,-28.151184,548.976230
-29.801011,-16.368317,555.133919
-40.783746,-1.506451,561.148940
-49.162793,18.335986,565.769971
-53.061756,43.607952,568.008687
-51.095504,69.990006,567.405726
-44.017581,91.814118,564.150088
-33.752035,108.161136,559.021986
-21.782100,120.787336,553.174365
-8.971570,131.418686,547.811714
4.145684,141.327451,543.858864
17.143746,151.580078,541.723293
29.542594,163.347658,541.229291
40.614265,178.203676,541.743928
