42.954089,-172.791281,541.926462
50.537707,-151.483582,542.559554
53.137057,-125.188738,542.571592
49.757331,-99.346696,541.771627
41.651503,-78.838960,540.471877
30.774114,-63.541525,539.385633
18.465419,-51.528234,539.377901
5.495877,-41.170958,541.146207
-7.637589,-31.268300,544.937659
-20.509104,-20.755775,550.402839
-32.602643,-8.394344,556.642172
-43.099434,7.494966,562.431710
-50.586319,28.738204,566.553571
-53.135600,54.864105,568.126993
-49.789487,80.526247,566.844164
-41.771021,100.944019,563.048193
-30.987702,116.214906,557.634055
-18.753827,128.222904,551.798530
-5.827781,138.577143,546.707222
7.299145,148.472440,543.176694
20.202445,158.971905,541.472719
32.363342,171.318451,541.291414
43.084234,-167.536022,541.937064
50.612482,-146.145660,542.564983
53.130597,-119.810222,542.565891
49.672340,-94.020603,541.755720
41.515439,-73.594932,540.453359
30.610677,-58.356581,539.376183
18.288463,-46.376197,539.389101
5.313598,-36.032784,541.185109
-7.819167,-26.128992,545.003620
-20.683823,-15.600038,550.486793
-32.761814,-3.202303,556.728651
-43.228172,12.749915,562.502944
-50.659940,34.074482,566.594323
-53.129025,60.239819,568.128684
-49.705467,85.850429,566.807130
-41.636303,106.187369,562.981511
-30.825475,121.399698,557.552997
-18.577709,133.374907,551.720301
-5.645853,143.715252,546.646196
7.480903,153.611604,543.140606
20.377867,164.127428,541.461061
32.523668,176.510329,541.296559
43.213807,-162.279684,541.947661
50.686275,-140.806674,542.570284
53.122937,-114.431830,542.560025
49.586436,-88.695648,541.739712
41.378859,-68.351924,540.434882
30.446976,-53.172256,539.366946
18.111385,-41.224468,539.400653
5.131289,-30.894692,541.224412
-8.000695,-20.989566,545.069912
-20.858394,-10.443949,550.570900
-32.920685,1.990417,556.815041
-43.356336,18.005931,562.573847
-50.732589,39.411800,566.634572
-53.121269,65.615408,568.129813
-49.620544,91.173494,566.769603
-41.501068,111.429710,562.914515
-30.662980,126.583874,557.471861
-18.401462,138.526603,551.642224
-5.463889,148.853278,546.585482
7.662619,158.750884,543.104880
20.553149,169.283304,541.449701
32.683699,-178.297112,541.301861
43.342803,-157.022262,541.958249
50.759081,-135.466630,542.575456
53.114077,-109.053583,542.553994
49.499623,-83.371837,541.723604
41.241766,-63.109931,540.416449
30.283013,-47.988546,539.357924
17.934187,-36.073045,539.412558
4.948952,-25.756680,541.264115
-8.182171,-15.850020,545.136532
-21.032817,-5.287503,550.655155
-33.079252,7.183821,556.901336
-43.483922,23.263020,562.644417
-50.804260,44.750153,566.674317
-53.112330,70.990852,568.130380
-49.534722,96.495435,566.731585
-41.365322,116.671048,562.847208
-30.500218,131.767439,557.390652
-18.225089,143.677993,551.564302
-5.281889,153.991223,546.525081
7.844290,163.890284,543.069515
20.728289,174.439536,541.438640
32.843430,-173.103866,541.307318
43.471216,-151.763752,541.968827
50.830895,-130.125537,542.580497
53.104020,-103.675500,542.547798
49.411909,-78.049173,541.707397
41.104166,-57.868947,540.398061
30.118791,-42.805446,539.349120
17.756870,-30.921922,539.424817
4.766588,-20.618746,541.304218
-8.363594,-10.710351,545.203479
-21.207089,-0.130697,550.739555
-33.237512,12.377915,556.987534
-43.610925,28.521184,562.714650
-50.874948,50.089532,566.713556
-53.102211,76.366130,568.130387
-49.448009,101.816249,566.693080
-41.229069,121.911388,562.779593
-30.337194,136.950398,557.309372
-18.048591,148.829083,551.486538
-5.099855,159.129090,546.464995
8.025916,169.029807,543.034512
20.903286,179.596128,541.427874
33.002861,-167.909929,541.312928
43.599042,-146.504148,541.979393
50.901710,-124.783404,542.585406
53.092765,-98.297604,542.541439
49.323298,-72.727661,541.691093
40.966062,-52.628968,540.379721
29.954312,-37.622950,539.340536
17.579436,-25.771098,539.437432
4.584198,-15.480885,541.344720
-8.544964,-5.570555,545.270751
-21.381209,5.026473,550.824098
-33.395463,17.572703,557.073632
-43.737339,33.780429,562.784544
-50.944648,55.429927,566.752286
-53.090912,81.741222,568.129831
-49.360410,107.135932,566.654087
-41.092313,127.150736,562.711673
-30.173909,142.132756,557.228025
-17.871969,153.979875,551.408935
-4.917787,164.266882,546.405225
8.207496,174.169454,542.999870
21.078137,-175.246916,541.417402
33.161987,-162.715293,541.318688
43.726275,-141.243446,541.989945
50.971522,-119.440240,542.590183
53.080314,-92.919915,542.534915
49.233798,-67.407305,541.674693
40.827459,-47.389987,540.361431
29.789579,-32.441054,539.332174
17.401886,-20.620568,539.450404
4.401783,-10.343096,541.385622
-8.726279,-0.430629,545.338346
-21.555176,10.184011,550.908781
-33.553101,22.768191,557.159624
-43.863161,39.040759,562.854096
-51.013354,60.771330,566.790508
-53.078435,87.116107,568.128715
-49.271930,112.454479,566.614610
-40.955058,132.389097,562.643450
-30.010365,147.314518,557.146614
-17.695225,159.130372,551.331495
-4.735688,169.404601,546.345773
8.389028,179.309230,542.965590
21.252842,-170.089593,541.407223
33.320806,-157.519955,541.324595
43.852911,-135.981643,542.000481
51.040324,-114.096054,542.594825
53.066668,-87.542453,542.528228
49.143413,-62.088107,541.658200
40.688362,-42.151999,540.343194
29.624594,-27.259751,539.324037
17.224221,-15.470329,539.463734
4.219344,-5.205376,541.426923
-8.907537,4.709428,545.406262
-21.728987,15.341921,550.993599
-33.710424,27.964385,557.245509
-43.988385,44.302178,562.923303
-51.081060,66.113733,566.828218
-53.064781,92.490765,568.127037
-49.182576,117.771887,566.574649
-40.817310,137.626475,562.574929
-29.846566,152.495688,557.065143
-17.518361,164.280579,551.254222
-4.553557,174.542251,546.286640
8.570512,-175.550863,542.931670
21.427398,-164.931899,541.397335
33.479315,-152.323908,541.330649
43.978944,-130.718733,542.010998
51.108113,-108.750855,542.599333
53.051828,-82.165239,542.521377
49.052150,-56.770073,541.641614
40.548776,-36.914998,540.325011
29.459361,-22.079039,539.316127
17.046444,-10.320377,539.477424
4.036882,-0.067721,541.468623
-9.088738,9.849621,545.474497
-21.902641,20.500207,551.078551
-33.867429,33.161289,557.331283
-44.113006,49.564689,562.992162
-51.147763,71.457125,566.865416
-53.049951,97.865176,568.124798
-49.092353,123.088153,566.534208
-40.679071,142.862877,562.506112
-29.682513,157.676272,556.983615
-17.341377,169.430499,551.177117
-4.371396,179.679834,546.227828
8.751945,-170.410822,542.898111
21.601804,-159.773829,541.387737
33.637511,-147.127148,541.336846
44.104370,-125.454713,542.021494
51.174881,-103.404653,542.603705
53.035796,-76.788294,542.514363
48.960015,-51.453204,541.624937
40.408703,-31.678980,540.306886
29.293880,-16.898911,539.308446
16.868556,-5.170708,539.491475
3.854399,5.069870,541.510722
-9.269881,14.989952,545.543049
-22.076136,25.658873,551.163633
-34.024113,38.358910,557.416941
-44.237018,54.828299,563.060669
-51.213456,76.801496,566.902100
-53.033946,103.239321,568.121999
-49.001267,128.403274,566.493288
-40.540348,148.098308,562.437002
-29.518210,162.856275,556.902033
-17.164276,174.580135,551.100184
-4.189207,-175.182647,546.169338
8.933328,-165.270644,542.864912
21.776058,-154.615380,541.378426
33.795391,-141.929668,541.343184
44.229182,-120.189577,542.031968
51.240623,-98.057458,542.607939
53.018574,-71.411638,542.507186
48.867014,-46.137504,541.608172
40.268150,-26.443939,540.288821
29.128155,-11.719362,539.300996
16.690557,-0.021320,539.505888
3.671895,10.207401,541.553219
-9.450964,20.130423,545.611917
-22.249471,30.817922,551.248842
-34.180472,43.557252,557.502482
-44.360418,60.093009,563.128823
-51.278134,82.146838,566.938268
-53.016768,108.613179,568.118640
-48.909324,133.717246,566.451890
-40.401143,153.332773,562.367603
-29.353657,168.035702,556.820401
-16.987058,179.729491,551.023426
-4.006989,-170.045190,546.111170
9.114658,-160.130327,542.832073
21.950159,-149.456547,541.369402
33.952951,-136.731463,541.349661
44.353376,-114.923323,542.042418
51.305336,-92.709281,542.612036
53.000162,-66.035291,542.499847
48.773152,-40.822975,541.591319
40.127119,-21.209868,540.270818
28.962188,-6.540388,539.293780
16.512450,5.127791,539.520665
3.489372,15.344875,541.596115
-9.631986,25.271039,545.681098
-22.422644,35.977358,551.334174
-34.336505,48.756321,557.587900
-44.483199,65.358825,563.196620
-51.341792,87.493139,566.973919
-52.998418,113.986731,568.114721
-48.816529,139.030067,566.410018
-40.261461,158.566277,562.297917
-29.188859,173.214557,556.738722
-16.809726,-175.121431,550.946845
-3.824745,-164.907790,546.053328
9.295935,-154.989866,542.799594
22.124104,-144.297328,541.360662
34.110190,-131.532528,541.356274
44.476947,-109.655946,542.052840
51.369012,-87.360131,542.615993
52.980563,-60.659274,542.492346
48.678436,-35.509620,541.574380
39.985616,-15.976762,540.252879
28.795982,-1.361983,539.286799
16.334236,10.276628,539.535806
3.306830,20.482294,541.639408
-9.812946,30.411802,545.750590
-22.595653,41.137186,551.419627
-34.492207,53.956123,557.673193
-44.605357,70.625749,563.264057
-51.404426,92.840390,567.009052
-52.978899,119.359956,568.110242
-48.722889,144.341734,566.367672
-40.121306,163.798827,562.227948
-29.023816,178.392845,556.657000
-16.632280,-169.972625,550.870443
-3.642476,-159.770447,545.995811
9.477157,-149.849260,542.767475
22.297892,-139.137717,541.352205
34.267103,-126.332857,541.363021
44.599889,-104.387443,542.063235
51.431647,-82.010020,542.619810
52.959779,-55.283606,542.484683
48.582872,-30.197440,541.557358
39.843645,-10.744617,540.235007
28.629539,3.815857,539.280057
16.155916,15.425196,539.551313
3.124272,25.619661,541.683099
-9.993842,35.552715,545.820392
-22.768496,46.297410,551.505197
-34.647576,59.156663,557.758357
-44.726886,75.893786,563.331132
-51.466029,98.188579,567.043665
-52.958212,124.732836,568.105203
-48.628409,149.652245,566.324855
-39.980683,169.030427,562.157698
-28.858532,-176.429429,556.575237
-16.454723,-164.824090,550.794224
-3.460182,-154.633156,545.938621
9.658324,-144.708505,542.735714
22.471522,-133.977711,541.344029
34.423688,-121.132445,541.369901
44.722197,-99.117808,542.073598
51.493236,-76.658959,542.623486
52.937812,-49.908307,542.476859
48.486466,-24.886439,541.540253
39.701210,-5.513425,540.217204
28.462860,8.993136,539.273555
15.977492,20.573497,539.567188
2.941697,30.756979,541.727186
-10.174675,40.693780,545.890500
-22.941172,51.458033,551.590882
-34.802609,64.357946,557.843388
-44.847782,81.162939,563.397841
-51.526598,103.537695,567.077756
-52.936360,130.105351,568.099606
-48.533095,154.961598,566.281570
-39.839596,174.261083,562.087172
-28.693009,-171.252260,556.493438
-16.277054,-159.675821,550.718191
-3.277864,-149.495916,545.881760
9.839433,-139.567598,542.704313
22.644990,-128.817306,541.336132
34.579942,-115.931285,541.376910
44.843865,-93.847040,542.083930
51.553774,-71.306960,542.627020
52.914664,-44.533398,542.468874
48.389223,-19.576618,541.523067
39.558314,-0.283182,540.199473
28.295950,14.169861,539.267295
15.798965,25.721535,539.583430
2.759107,35.894250,541.771671
-10.355441,45.835001,545.960914
-23.113679,56.619059,551.676677
-34.957303,69.559978,557.928284
-44.968038,86.433212,563.464183
-51.586126,108.887727,567.111325
-52.913344,135.477481,568.093450
-48.436953,160.269792,566.237817
-39.698048,179.490800,562.016371
-28.527248,-166.075644,556.411605
-16.099277,-154.527815,550.642345
-3.095525,-144.358723,545.825228
10.020484,-134.426537,542.673269
22.818297,-123.656497,541.328513
34.735860,-110.729373,541.384046
44.964888,-88.575133,542.094226
51.613255,-65.954033,542.630412
52.890336,-39.158898,542.460729
48.291150,-14.267978,541.505802
39.414963,4.946118,540.181816
28.128809,19.346036,539.261280
15.620337,30.869314,539.600042
2.576504,41.031478,541.816551
-10.536141,50.976382,546.031632
-23.286015,61.780493,551.762580
-35.111654,74.762765,558.013040
-45.087650,91.704608,563.530153
-51.644610,114.238664,567.144369
-52.889166,140.849208,568.086736
-48.339989,165.576823,566.193599
-39.556043,-175.280415,561.945300
-28.361254,-160.899575,556.329743
-15.921391,-149.380069,550.566690
-2.913164,-139.221575,545.769027
10.201476,-129.285318,542.642583
22.991439,-118.495281,541.321170
34.891442,-105.526702,541.391308
45.085262,-83.302085,542.104486
51.671674,-60.600192,542.633659
52.864832,-33.784825,542.452424
48.192252,-8.960520,541.488460
39.271160,10.174481,540.164235
27.961440,24.521664,539.255512
15.441609,36.016835,539.617025
2.393887,46.168665,541.861827
-10.716773,56.117923,546.102650
-23.458178,66.942339,551.848588
-35.265659,79.966311,558.097654
-45.206612,96.977131,563.595750
-51.702044,119.590493,567.176888
-52.863829,146.220513,568.079464
-48.242209,170.882692,566.148919
-39.413587,-170.052558,561.873961
-28.195026,-155.724049,556.247853
-15.743400,-144.232580,550.491227
-2.730783,-134.084468,545.713158
10.382407,-124.143938,542.612255
23.164415,-113.333654,541.314102
35.046682,-100.323268,541.398692
45.204980,-78.027893,542.114707
51.729028,-55.245448,542.636761
52.838154,-28.411200,542.443960
48.092536,-3.654247,541.471043
39.126909,15.401913,540.146733
27.793845,29.696753,539.249993
15.262782,41.164104,539.634379
2.211259,51.305814,541.907498
-10.897336,61.259630,546.173967
-23.630167,72.104600,551.934697
-35.419316,85.170623,558.182121
-45.324920,102.250783,563.660970
-51.758424,124.943202,567.208880
-52.837335,151.591376,568.071635
-48.143618,176.187397,566.103778
-39.270682,-164.825622,561.802357
-28.028568,-150.549061,556.165941
-15.565303,-139.085344,550.415961
-2.548383,-128.947401,545.657622
10.563277,-119.002394,542.582284
23.337223,-108.171611,541.307305
35.201578,-95.119064,541.406196
45.324036,-72.752552,542.124888
51.785310,-49.889814,542.639718
52.810304,-23.038042,542.435337
47.992008,1.650842,541.453551
38.982215,20.628418,540.129312
27.626028,34.871305,539.244725
15.083858,46.311124,539.652106
2.028621,56.442927,541.953564
-11.077828,66.401505,546.245581
-23.801979,77.267281,552.020904
-35.572620,90.375706,558.266438
-45.442567,107.525568,563.725810
-51.813745,130.296779,567.240344
-52.809687,156.961779,568.063249
-48.044221,-178.509063,566.058178
-39.127333,-159.599603,561.730492
-27.861883,-145.374606,556.084008
-15.387102,-133.938358,550.340892
-2.365965,-123.810370,545.602421
10.744083,-113.860684,542.552669
23.509862,-103.009149,541.300780
35.356126,-89.914085,541.413819
45.442426,-67.476059,542.135026
51.840517,-44.533303,542.642528
52.781286,-17.665369,542.426555
47.890673,6.954745,541.435988
38.837081,25.854004,540.111975
27.457989,40.045326,539.239711
14.904838,51.457896,539.670207
1.845973,61.580008,542.000024
-11.258248,71.543550,546.317490
-23.973613,82.430386,552.107206
-35.725569,95.581566,558.350602
-45.559549,112.801488,563.790269
-51.868002,135.651211,567.271278
-52.780887,162.331704,568.054307
-47.944026,-173.206689,566.012122
-38.983543,-154.374495,561.658370
-27.694971,-140.200681,556.002059
-15.208799,-128.791618,550.266025
-2.183531,-118.673372,545.547555
10.924825,-108.718804,542.523410
23.682329,-97.846263,541.294523
35.510324,-84.708325,541.421557
45.560145,-62.198413,542.145120
51.894642,-39.175928,542.645190
52.751101,-12.293201,542.417616
47.788537,12.257462,541.418355
38.691512,31.078676,540.094724
27.289731,45.218820,539.234952
14.725724,56.604426,539.688683
1.663317,66.717059,542.046878
-11.438595,76.685770,546.389691
-24.145067,87.593920,552.193599
-35.878159,100.788207,558.434609
-45.675860,118.078548,563.854343
-51.921191,141.006485,567.301682
-52.750938,167.701133,568.044809
-47.843038,-167.905482,565.965612
-38.839317,-149.150292,561.585992
-27.527836,-135.027280,555.920097
-15.030396,-123.645121,550.191360
-2.001081,-113.536406,545.493025
11.105501,-103.576751,542.494506
23.854622,-92.682948,541.288534
35.664168,-79.501779,541.429409
45.677185,-56.919609,542.155168
51.947682,-33.817702,542.647705
52.719753,-6.921555,542.408520
47.685606,17.558993,541.400654
38.545511,36.302439,540.077561
27.121256,50.391793,539.230451
14.546517,61.750716,539.707535
1.480653,71.854084,542.094124
-11.618869,81.828166,546.462182
-24.316339,92.757885,552.280081
-36.030388,105.995637,558.518456
-45.791495,123.356748,563.918029
-51.973307,146.362588,567.331554
-52.719843,173.070046,568.034756
-47.741262,-162.605442,565.918650
-38.694659,-143.926988,561.513363
-27.360480,-129.854398,555.838125
-14.851892,-118.498865,550.116902
-1.818616,-108.399467,545.438833
11.286111,-98.434523,542.465957
24.026741,-87.519202,541.282809
35.817655,-74.294441,541.437372
45.793543,-51.639644,542.165168
51.999632,-28.458640,542.650070
52.687244,-1.550451,542.399267
47.581887,22.859337,541.382886
38.399082,41.525300,540.060489
26.952567,55.564248,539.226209
14.367218,66.896770,539.726763
1.297983,76.991084,542.141763
-11.799066,86.970742,546.534962
-24.487428,97.922287,552.366647
-36.182252,111.203860,558.602139
-45.906447,128.636093,563.981325
-52.024345,151.719507,567.360893
-52.687604,178.438427,568.024149
-47.638705,-157.306569,565.871238
-38.549572,-138.704578,561.440485
-27.192904,-124.682031,555.756146
-14.673291,-113.352845,550.042652
-1.636137,-103.262554,545.384980
11.466652,-93.292115,542.437763
24.198682,-82.355019,541.277348
35.970780,-69.086305,541.445444
45.909211,-46.358517,542.175117
52.050488,-23.098754,542.652285
52.653578,3.820094,542.389859
47.477385,28.158494,541.365053
38.252230,46.747263,540.043510
26.783666,60.736191,539.222230
14.187829,72.042590,539.746370
1.115308,82.128062,542.189794
-11.979188,92.113502,546.608027
-24.658331,103.087129,552.453296
-36.333747,116.412881,558.685656
-46.020713,133.916584,564.044229
-52.074302,157.077227,567.389698
-52.654226,-176.193743,568.012987
-47.535371,-152.008863,565.823379
-38.404060,-133.483057,561.367363
-27.025112,-119.510175,555.674163
-14.494592,-108.207059,549.968613
-1.453647,-98.125663,545.331466
11.647125,-88.149525,542.409922
24.370445,-77.190395,541.272149
36.123542,-63.877365,541.453622
46.024186,-41.076225,542.185014
52.100245,-17.738060,542.654350
52.618758,9.190062,542.380295
47.372106,33.456466,541.347157
38.104957,51.968335,540.026627
26.614554,65.907625,539.218515
14.008350,77.188181,539.766356
0.932629,87.265021,542.238215
-12.159231,97.256447,546.681376
-24.829046,108.252417,552.540022
-36.484870,121.622707,558.769001
-46.134286,139.198225,564.106737
-52.123174,162.435735,567.417967
-52.619709,-170.826480,568.001273
-47.431267,-146.712325,565.775074
-38.258127,-128.262418,561.293998
-26.857104,-114.338825,555.592181
-14.315798,-103.061503,549.894788
-1.271145,-92.988793,545.278294
11.827527,-83.006751,542.382434
24.542026,-72.025327,541.267209
36.275936,-58.667616,541.461905
46.138461,-35.792764,542.194858
52.148898,-12.376572,542.656264
52.582787,14.559435,542.370576
47.266056,38.753251,541.329200
37.957269,57.188522,540.009842
26.445235,71.078557,539.215065
13.828784,82.333544,539.786721
0.749948,92.401965,542.287028
-12.339195,102.399582,546.755006
-24.999572,113.418153,552.626824
-36.635617,126.833344,558.852173
-46.247160,144.481016,564.168846
-52.170955,167.795015,567.445699
-52.584059,-165.459803,567.989006
-47.326399,-141.416953,565.726327
-38.111776,-123.042656,561.220395
-26.688883,-109.167976,555.510202
-14.136909,-97.916174,549.821178
-1.088632,-87.851939,545.225462
12.007857,-77.863788,542.355298
24.713425,-66.859809,541.262528
36.427959,-53.457052,541.470290
46.252030,-30.508133,542.204645
52.196443,-7.014304,542.658025
52.545669,19.928195,542.360703
47.159241,44.048851,541.311185
37.809168,62.407829,539.993157
26.275709,76.248989,539.211884
13.649132,87.478685,539.807467
0.567264,97.538895,542.336229
-12.519079,107.542909,546.828915
-25.169907,118.584343,552.713697
-36.785987,132.044796,558.935167
-46.359331,149.764961,564.230555
-52.217641,173.155055,567.472894
-52.547277,-160.093729,567.976187
-47.220772,-136.122748,565.677139
-37.965012,-117.823766,561.146556
-26.520451,-103.997624,555.428230
-13.957928,-92.771068,549.747787
-0.906111,-82.715100,545.172974
12.188114,-72.720634,542.328515
24.884638,-61.693838,541.258102
36.579608,-48.245668,541.478774
46.364887,-25.222330,542.214375
52.242877,-1.651272,542.659633
52.507407,25.296325,542.350677
47.051666,49.343266,541.293112
37.660659,67.626262,539.976575
26.105980,81.418927,539.208974
13.469394,92.623605,539.828595
0.384580,102.675815,542.385820
-12.698881,112.686432,546.903100
-25.340048,123.750990,552.800639
-36.935974,137.257069,559.017980
-46.470793,155.050061,564.291861
-52.263230,178.515838,567.499551
-52.509369,-154.728273,567.962817
-47.114392,-130.829709,565.627512
-37.817839,-112.605741,561.072485
-26.351811,-98.827764,555.346268
-13.778854,-87.626183,549.674616
-0.723581,-77.578272,545.120829
12.368297,-67.577286,542.302082
25.055665,-56.527408,541.253930
36.730879,-43.033457,541.487355
46.477028,-19.935352,542.224046
52.288194,3.712510,542.661088
52.468003,30.663808,542.340499
46.943337,54.636497,541.274983
37.511746,72.843826,539.960099
25.936049,86.588375,539.206335
13.289573,97.768308,539.850106
0.201896,107.812727,542.435799
-12.878601,117.830153,546.977560
-25.509994,128.918100,552.887646
-37.085575,142.470170,559.100609
-46.581540,160.336318,564.352760
-52.307716,-176.122650,567.525667
-52.470336,-149.363454,567.948896
-47.007264,-125.537835,565.577449
-37.670259,-107.388577,560.998185
-26.182964,-93.658392,555.264319
-13.599691,-82.481516,549.601668
-0.541044,-72.441454,545.069028
12.548404,-62.433740,542.276000
25.226504,-51.360517,541.250011
36.881768,-37.820414,541.496031
46.588446,-14.647198,542.233655
52.332391,9.077025,542.662389
52.427463,36.030627,542.330168
46.834261,59.928546,541.256802
37.362431,78.060529,539.943730
25.765918,91.757338,539.203972
13.109669,102.912797,539.872000
0.019214,112.949634,542.486166
-13.058236,122.974076,547.052292
-25.679743,134.085676,552.974715
-37.234787,147.684103,559.183050
-46.691566,165.623734,564.413251
-52.351095,-170.760424,567.551243
-52.430182,-143.999287,567.934426
-46.899395,-120.247125,565.526953
-37.522276,-102.172267,560.923660
-26.013912,-88.489503,555.182387
-13.420438,-77.337062,549.528946
-0.358502,-67.304641,545.017573
12.728434,-57.289994,542.250267
25.397151,-46.193159,541.246342
37.032273,-32.606533,541.504800
46.699136,-9.357866,542.243201
52.375464,14.442257,542.663534
52.385790,41.396765,542.319687
46.724443,65.219413,541.238568
37.212719,83.276374,539.927472
25.595590,96.925820,539.201884
12.929684,108.057076,539.894279
-0.163466,118.086538,542.536919
-13.237785,128.118203,547.127294
-25.849293,139.253722,553.061842
-37.383607,152.898874,559.265300
-46.800866,170.912310,564.473331
-52.393365,-165.397500,567.576276
-52.388912,-138.635789,567.919407
-46.790790,-114.957579,565.476026
-37.373895,-96.956805,560.848912
-25.844658,-83.321094,555.100474
-13.241098,-72.192820,549.456452
-0.175954,-62.167832,544.966464
12.908387,-52.146044,542.224883
25.567606,-41.025330,541.242921
37.182388,-27.391808,541.513660
46.809092,-4.067354,542.252682
52.417409,19.808191,542.664524
52.342988,46.762207,542.309055
46.613889,70.509100,541.220285
37.062613,88.491369,539.911326
25.425066,102.093826,539.200076
12.749620,113.201147,539.916942
-0.346142,123.223443,542.588058
-13.417248,133.262539,547.202563
-26.018641,144.422244,553.149024
-37.532030,158.114489,559.347355
-46.909435,176.202048,564.532997
-52.434520,-160.033895,567.600767
-52.346528,-133.272976,567.903840
-46.681454,-109.669193,565.424669
-37.225118,-91.742187,560.773946
-25.675203,-78.153159,555.018585
-13.061671,-67.048786,549.384188
0.006597,-57.031023,544.915702
13.088260,-47.001887,542.199848
25.737866,-35.857026,541.239747
37.332112,-22.176234,541.522607
46.918308,1.224339,542.262096
52.458221,25.174811,542.665358
52.299059,52.126936,542.298274
46.502604,75.797609,541.201955
36.912117,93.705519,539.895295
25.254348,107.261360,539.198547
12.569477,118.345014,539.939992
-0.528813,128.360352,542.639582
-13.596623,138.407085,547.278096
-26.187787,149.591245,553.236258
-37.680053,163.330954,559.429212
-47.017266,-178.507051,564.592247
-52.474558,-154.669623,567.624714
-52.303035,-127.910863,567.887726
-46.571394,-104.381969,565.372886
-37.075949,-86.528407,560.698763
-25.505549,-72.985695,554.936722
-12.882158,-61.904956,549.312157
0.189151,-51.894213,544.865288
13.268052,-41.857520,542.175160
25.907929,-30.688242,541.236817
37.481439,-16.959805,541.531640
47.026778,6.517215,542.271442
52.497898,30.542099,542.666036
52.254010,57.490936,542.287344
46.390595,81.084941,541.183579
36.761235,98.918829,539.879382
25.083439,112.428426,539.197302
12.389257,123.488680,539.963429
-0.711479,133.497266,542.691490
-13.775909,143.551846,547.353892
-26.356727,154.760730,553.323540
-37.827673,168.548273,559.510868
-47.124355,-173.214985,564.651078
-52.513474,-149.304701,567.648116
-52.258437,-122.549465,567.871066
-46.460614,-99.095902,565.320679
-36.926392,-81.315458,560.623368
-25.335699,-67.818696,554.854889
-12.702562,-56.761327,549.240361
0.371706,-46.757397,544.815223
13.447762,-36.712940,542.150818
26.077794,-25.518974,541.234130
37.630367,-11.742514,541.540756
47.134496,11.811274,542.280717
52.536436,35.910040,542.666556
52.207842,62.854192,542.276266
46.277867,86.371098,541.165159
36.609970,104.131305,539.863588
24.912341,117.595029,539.196341
12.208960,128.632148,539.987253
-0.894137,138.634189,542.743781
-13.955104,148.696824,547.429948
-26.525460,159.930703,553.410867
-37.974886,173.766454,559.592319
-47.230695,-167.921755,564.709488
-52.551266,-143.939146,567.670973
-52.212736,-117.188800,567.853860
-46.349121,-93.810993,565.268050
-36.776451,-76.103336,560.547764
-25.165654,-62.652159,554.773088
-12.522883,-51.617898,549.168802
0.554262,-41.620574,544.765507
13.627389,-31.568143,542.126822
26.247457,-20.349217,541.231684
37.778892,-6.524357,541.549954
47.241458,17.106518,542.289921
52.573831,41.278616,542.666918
52.160562,68.216687,542.265041
46.164425,91.656083,541.146697
36.458326,109.342954,539.847917
24.741055,122.761173,539.195666
12.028590,133.775421,540.011465
-1.076788,143.771123,542.796455
-14.134207,153.842023,547.506262
-26.693983,165.101169,553.498236
-38.121688,178.985501,559.673562
-47.336280,-162.627359,564.767475
-52.587930,-138.572974,567.693283
-52.165939,-111.828880,567.836110
-46.236919,-88.527239,565.215002
-36.626128,-70.892034,560.471954
-24.995416,-57.486080,554.691324
-12.343123,-46.474663,549.097482
0.736817,-36.483740,544.716142
13.806931,-26.423127,542.103171
26.416918,-15.178966,541.229476
37.927009,-1.305328,541.559230
47.347656,22.402947,542.299051
52.610079,46.647809,542.667121
52.112172,73.578408,542.253670
46.050276,96.939896,541.128196
36.306305,114.553780,539.832371
24.569583,127.926862,539.195280
11.848145,138.918502,540.036066
-1.259429,148.908071,542.849510
-14.313216,158.987446,547.582830
-26.862295,170.272133,553.585643
-38.268076,-175.794580,559.754593
-47.441106,-157.331796,564.825035
-52.623462,-133.206203,567.715046
-52.118047,-106.469722,567.817816
-46.124015,-83.244638,565.161538
-36.475427,-65.681548,560.395942
-24.824988,-52.320453,554.609599
-12.163283,-41.331621,549.026405
0.919370,-31.346894,544.667127
13.986388,-21.277887,542.079864
26.586174,-10.008218,541.227504
38.074716,3.914580,541.568583
47.453085,27.700562,542.308105
52.645178,52.017602,542.667166
52.062677,78.939339,542.242153
45.935425,102.222541,541.109656
36.153913,119.763790,539.816951
24.397928,133.092101,539.195185
11.667629,144.061395,540.061057
-1.442060,154.045037,542.902945
-14.492131,164.133096,547.659651
-27.030394,175.443598,553.673084
-38.414045,-170.573783,559.835409
-47.545166,-152.035067,564.882167
-52.657859,-127.838849,567.736260
-52.069067,-101.111339,567.798979
-46.010414,-77.963189,565.107659
-36.324352,-60.471871,560.319731
-24.654370,-47.155275,554.527916
-11.983363,-36.188768,548.955571
1.101921,-26.210032,544.618464
14.165757,-16.132422,542.056900
26.755222,-4.836968,541.225767
38.222008,9.135371,541.578010
47.557739,32.999363,542.317082
52.679123,57.387979,542.667051
52.012082,84.299465,542.230492
45.819878,107.504020,541.091082
36.001151,124.972990,539.801662
24.226091,138.256895,539.195382
11.487042,149.204102,540.086439
-1.624680,159.182022,542.956760
-14.670951,169.278977,547.736722
-27.198277,-179.384431,553.760557
-38.559592,-165.352103,559.916007
-47.648454,-146.737170,564.938867
-52.691119,-122.470930,567.756925
-52.019001,-95.753746,567.779601
-45.896122,-72.682887,565.053368
-36.172906,-55.262998,560.243323
-24.483566,-41.990542,554.446280
-11.803366,-31.046101,548.884983
1.284468,-21.073151,544.570154
14.345037,-10.986727,542.034278
26.924061,0.334789,541.224263
38.368882,14.357053,541.587509
47.661612,38.299351,542.325979
52.711912,62.758920,542.666776
51.960391,89.658773,542.218688
45.703640,112.784335,541.072473
35.848025,130.181384,539.786504
24.054074,143.421247,539.195873
11.306385,154.346627,540.112211
-1.807288,164.319030,543.010953
-14.849673,174.425091,547.814041
-27.365942,-174.211948,553.848058
-38.704714,-160.129534,559.996384
-47.750965,-141.438106,564.995135
-52.723237,-117.102463,567.777041
-51.967854,-90.396956,567.759682
-45.781143,-67.403732,564.998668
-36.021092,-50.054923,560.166723
-24.312576,-36.826248,554.364692
-11.623293,-25.903617,548.814645
1.467010,-15.936249,544.522196
14.524228,-5.840800,542.011998
27.092688,5.507058,541.222989
38.515334,19.579630,541.597078
47.764698,43.600526,542.334797
52.743542,68.130407,542.666340
51.907608,95.017248,542.206741
45.586717,118.063490,541.053833
35.694536,135.388979,539.771481
23.881879,148.585161,539.196661
11.125659,159.488972,540.138376
-1.989882,169.456063,543.065524
-15.028296,179.571441,547.891604
-27.533388,-169.038950,553.935583
-38.849405,-154.906070,560.076535
-47.852693,-136.137875,565.050966
-52.754212,-111.733466,567.796605
-51.915632,-85.040985,567.739224
-45.665484,-62.125721,564.943562
-35.868914,-44.847640,560.089935
-24.141403,-31.662391,554.283157
-11.443144,-20.761313,548.744556
1.649546,-10.799322,544.474592
14.703327,-0.694637,541.990058
27.261102,10.679843,541.221944
38.661359,24.803108,541.606714
47.866992,48.902888,542.343532
52.774010,73.502423,542.665744
51.853739,100.374876,542.194652
45.469115,123.341486,541.035163
35.540688,140.595780,539.756595
23.709509,153.748642,539.197747
10.944867,164.631141,540.164932
-2.172461,174.593123,543.120470
-15.206820,-175.281968,547.969409
-27.700611,-163.865432,554.023130
-38.993664,-149.681706,560.156458
-47.953633,-130.836477,565.106360
-52.784039,-106.363958,567.815619
-51.862337,-79.685844,567.718227
-45.549150,-56.848851,564.888052
-35.716375,-39.641145,560.012960
-23.970049,-26.498966,554.201677
-11.262922,-15.619186,548.674721
1.832074,-5.662369,544.427343
14.882334,4.451765,541.968457
27.429301,15.853149,541.221126
38.806955,30.027493,541.616414
47.968488,54.206435,542.352182
52.803312,78.874949,542.664986
51.798787,105.731644,542.182423
45.350838,128.618327,541.016466
35.386485,145.801794,539.741848
23.536964,158.911694,539.199133
10.764009,169.773137,540.191882
-2.355025,179.730215,543.175792
-15.385242,-170.135134,548.047455
-27.867610,-158.691390,554.110694
-39.137485,-144.456436,560.236149
-48.053778,-125.533913,565.161313
-52.812717,-100.993956,567.834080
-51.807975,-74.331548,567.696693
-45.432146,-51.573120,564.832140
-35.563479,-34.435431,559.935803
-23.798515,-21.335968,554.120256
-11.082626,-10.477232,548.605141
2.014594,-0.525386,544.380448
15.061247,9.598410,541.947195
27.597281,21.026980,541.220531
38.952116,35.252791,541.626178
48.069178,59.511169,542.360748
52.831446,84.247966,542.664066
51.742757,111.087539,542.170054
45.231893,133.894017,540.997743
35.231930,151.007025,539.727243
23.364247,164.074322,539.200821
10.583086,174.914962,540.219225
-2.537572,-175.132660,543.231489
-15.563562,-164.988053,548.125737
-28.034383,-153.516818,554.198272
-39.280864,-139.230255,560.315605
-48.153123,-120.230183,565.215824
-52.840243,-95.623478,567.851989
-51.752550,-68.978108,567.674623
-45.314478,-46.298523,564.775829
-35.410228,-29.230493,559.858466
-23.626804,-16.173394,554.038896
-10.902260,-5.335450,548.535817
2.197106,4.611628,544.333908
15.240064,14.745301,541.926270
27.765041,26.201342,541.220160
39.096839,40.479008,541.636002
48.169059,64.817088,542.369226
52.858409,89.621455,542.662985
51.685655,116.442548,542.157547
45.112285,139.168557,540.978996
35.077027,156.211480,539.712782
23.191359,169.236529,539.202813
10.402100,-179.943380,540.246962
-2.720101,-169.995499,543.287558
-15.741778,-159.840722,548.204254
-28.200927,-148.341712,554.285862
-39.423798,-134.003157,560.394822
-48.251661,-114.925289,565.269889
-52.866614,-90.252543,567.869344
-51.696067,-63.625539,567.652017
-45.196151,-41.025060,564.719122
-35.256625,-24.026325,559.780954
-23.454917,-11.011239,553.957602
-10.721823,-0.193835,548.466754
2.379606,9.748679,544.287725
15.418784,19.892440,541.905682
27.932578,31.376238,541.220008
39.241120,45.706148,541.645884
48.268123,70.124191,542.377615
52.884200,94.995397,542.661741
51.627485,121.796658,542.144901
44.992019,144.441952,540.960229
34.921777,161.415164,539.698468
23.018303,174.398319,539.205111
10.221051,-174.801886,540.275093
-2.902611,-164.858299,543.343999
-15.919889,-154.693137,548.283003
-28.367241,-143.166067,554.373458
-39.566284,-128.775136,560.473798
-48.349388,-109.619230,565.323507
-52.891828,-84.881170,567.886145
-51.638530,-58.273852,567.628877
-45.077170,-35.752725,564.662021
-35.102675,-18.822923,559.703270
-23.282856,-5.849500,553.876376
-10.541316,4.947615,548.397951
2.562095,14.885766,544.241898
15.597407,25.039832,541.885429
28.099891,36.551674,541.220075
39.384956,50.934219,541.655822
48.366364,75.432477,542.385913
52.908814,100.369773,542.660333
51.568251,127.149857,542.132120
44.871102,149.714204,540.941442
34.766186,166.618082,539.684303
22.845081,179.559697,539.207716
10.039942,-169.660553,540.303620
-3.085101,-159.721057,543.400810
-16.097892,-149.545296,548.361981
-28.533321,-137.989879,554.461059
-39.708315,-123.546187,560.552529
-48.446297,-104.312009,565.376676
-52.915882,-79.509378,567.902392
-51.579945,-52.923059,567.605205
-44.957540,-30.481517,564.604529
-34.948380,-13.620279,559.625416
-23.110622,-0.688172,553.795221
-10.360742,10.088903,548.329412
2.744572,20.022895,544.196428
15.775930,30.187480,541.865510
28.266977,41.727654,541.220358
39.528341,56.163225,541.665814
48.463778,80.741945,542.394120
52.932250,105.744564,542.658763
51.507960,132.502133,542.119203
44.749537,154.985318,540.922638
34.610256,171.820241,539.670289
22.671693,-175.279333,539.210631
9.858773,-164.519378,540.332542
-3.267570,-154.583771,543.457991
-16.275788,-144.397195,548.441186
-28.699166,-132.813143,554.548659
-39.849890,-118.316305,560.631012
-48.542383,-99.003627,565.429392
-52.938774,-74.137185,567.918083
-51.520316,-47.573173,567.581001
-44.837268,-25.211431,564.546649
-34.793743,-8.418389,559.547397
-22.938218,4.472749,553.714140
-10.180101,15.230033,548.261138
2.927034,25.160067,544.151316
15.954352,35.335387,541.845925
28.433834,46.904183,541.220855
39.671271,61.393173,541.675857
48.560357,86.052594,542.402232
52.954506,111.119749,542.657029
51.446615,137.853473,542.106151
44.627331,160.255296,540.903820
34.453990,177.021645,539.656429
22.498142,-170.118768,539.213857
9.677545,-159.378358,540.361860
-3.450017,-149.446437,543.515541
-16.453574,-139.248831,548.520614
-28.864774,-127.635853,554.636257
-39.991003,-113.085483,560.709243
-48.637639,-93.694085,565.481655
-52.960502,-68.764611,567.933218
-51.459648,-42.224204,567.556267
-44.716358,-19.942465,564.488383
-34.638767,-3.217248,559.469216
-22.765646,9.633267,553.633137
-9.999395,20.371007,548.193132
3.109482,30.297285,544.106561
16.132672,40.483556,541.826671
28.600459,52.081266,541.221564
39.813744,66.624067,541.685949
48.656096,91.364421,542.410250
52.975579,116.495310,542.655132
51.384223,143.203867,542.092966
44.504489,165.524143,540.884988
34.297391,-177.777698,539.642725
22.324430,-164.958602,539.217396
9.496260,-154.237491,540.391575
-3.632440,-144.309053,543.573457
-16.631249,-134.100199,548.600264
-29.030141,-122.458007,554.723849
-40.131651,-107.853717,560.787219
-48.732060,-88.383386,565.533461
-52.981063,-63.391675,567.947797
-51.397947,-36.876165,567.531003
-44.594815,-14.674614,564.429734
-34.483456,1.983151,559.390876
-22.592906,14.793385,553.552215
-9.818625,25.511827,548.125396
3.291914,35.434552,544.062165
16.310888,45.631991,541.807749
28.766850,57.258908,541.222482
39.955754,71.855915,541.696088
48.750988,96.677425,542.418171
52.995468,121.871226,542.653070
51.320788,148.553302,542.079649
44.381017,170.791862,540.866146
34.140462,-172.577785,539.629181
22.150559,-159.798833,539.221250
9.314918,-149.096773,540.421686
-3.814838,-139.171617,543.631739
-16.808812,-128.951298,548.680132
-29.195267,-117.279597,554.811430
-40.271829,-102.621000,560.864937
-48.825641,-83.071531,565.584809
-53.000457,-58.018396,567.961819
-51.335216,-31.529066,567.505212
-44.472644,-9.407876,564.370705
-34.327813,7.182812,559.312380
-22.420002,19.953109,553.471377
-9.637791,30.652498,548.057931
3.474329,40.571870,544.018128
16.488999,50.780696,541.789157
28.933005,62.437114,541.223609
40.097297,77.088720,541.706271
48.845028,101.991604,542.425993
53.014170,127.247478,542.650844
51.256315,153.901769,542.066201
44.256919,176.058457,540.847295
33.983207,-167.378609,539.615797
21.976529,-154.639456,539.225420
9.133522,-143.956201,540.452195
-3.997212,-134.034125,543.690386
-16.986261,-123.802123,548.760216
-29.360147,-112.100621,554.898998
-40.411533,-97.387328,560.942394
-48.918374,-77.758523,565.635696
-53.018681,-52.644795,567.975283
-51.271461,-26.182917,567.478894
-44.349851,-4.142246,564.311298
-34.171840,12.381741,559.233732
-22.246934,25.112441,553.390625
-9.456895,35.793022,547.990739
3.656726,45.709243,543.974450
16.667003,55.929673,541.770893
29.098921,67.615887,541.224941
40.238369,82.322490,541.716497
48.938211,107.306954,542.433715
53.031683,132.624044,542.648453
51.190809,159.249257,542.052623
44.132201,-178.676068,540.828438
33.825629,-162.180165,539.602576
21.802344,-149.480467,539.229909
8.952072,-138.815772,540.483102
-4.179558,-128.896574,543.749395
-17.163595,-118.652671,548.840513
-29.524781,-106.921072,554.986549
-40.550759,-92.152695,561.019586
-49.010255,-72.444365,565.686121
-53.035733,-47.270890,567.988190
-51.206687,-20.837730,567.452051
-44.226442,1.122279,564.251517
-34.015541,17.579944,559.154935
-22.073704,30.271386,553.309964
-9.275939,40.933402,547.923823
3.839104,50.846673,543.931131
16.844900,61.078927,541.752957
29.264597,72.795235,541.226476
40.378965,87.557229,541.726762
49.030529,112.623474,542.441336
53.048007,138.000906,542.645898
51.124277,164.595754,542.038917
44.006868,-173.411708,540.809576
33.667730,-156.982447,539.589522
21.628004,-144.321861,539.234717
8.770570,-133.675483,540.514406
-4.361877,-123.758963,543.808767
-17.340813,-113.502938,548.921019
-29.689166,-101.740947,555.074080
-40.689503,-86.917095,561.096510
-49.101278,-67.129059,565.736081
-53.051611,-41.896701,568.000539
-51.140900,-15.493515,567.424684
-44.102420,6.385703,564.191363
-33.858918,22.777426,559.075993
-21.900314,35.429948,553.229396
-9.094923,46.073642,547.857185
4.021461,55.984163,543.888172
17.022687,66.228460,541.735347
29.430029,77.975160,541.228213
40.519082,92.792943,541.737066
49.121976,117.941161,542.448855
53.063138,143.378043,542.643177
51.056723,169.941252,542.025082
43.880925,-168.148460,540.790713
33.509514,-151.785450,539.576636
21.453512,-139.163637,539.239848
8.589016,-128.535332,540.546109
-4.544167,-118.621287,543.868498
-17.517912,-108.352922,549.001734
-29.853299,-96.560239,555.161587
-40.827761,-81.680524,561.173164
-49.191436,-61.812607,565.785573
-53.066315,-36.522249,568.012328
-51.074104,-10.150281,567.396794
-43.977791,11.648031,564.130840
-33.701976,27.974193,558.996910
-21.726766,40.588131,553.148923
-8.913849,51.213743,547.790826
4.203797,61.121716,543.845573
17.200363,71.378276,541.718062
29.595215,83.155669,541.230149
40.658716,98.029637,541.747405
49.212548,123.260012,542.456268
53.077077,148.755434,542.640292
50.988152,175.285740,542.011122
43.754378,-162.886320,540.771849
33.350984,-146.589168,539.563920
21.278869,-134.005788,539.245302
8.407412,-123.395315,540.578210
-4.726426,-113.483545,543.928589
-17.694892,-103.202618,549.082653
-30.017178,-91.378945,555.249067
-40.965528,-76.442975,561.249542
-49.280724,-56.495014,565.834597
-53.079843,-31.147554,568.023559
-51.006305,-4.808038,567.368383
-43.852560,16.909266,564.069951
-33.544716,33.170249,558.917687
-21.553062,45.745938,553.068550
-8.732718,56.353709,547.724748
4.386110,66.259335,543.803335
17.377927,76.528379,541.701102
29.760154,88.336766,541.232282
40.797861,103.267318,541.757777
49.302238,128.580023,542.463576
53.089821,154.133058,542.637241
50.918571,-179.370792,541.997036
43.627231,-157.625283,540.752989
33.192143,-141.393596,539.551378
21.104077,-128.848311,539.251081
8.225759,-118.255430,540.610711
-4.908655,-108.345733,543.989038
-17.871751,-98.052023,549.163773
-30.180800,-86.197059,555.336515
-41.102800,-71.204443,561.325644
-49.369137,-51.176283,565.883150
-53.092193,-25.772634,568.034230
-50.937508,0.533204,567.339453
-43.726733,22.169412,564.008698
-33.387141,38.365601,558.838329
-21.379202,50.903373,552.988280
-8.551531,61.493542,547.658953
4.568400,71.397022,543.761458
17.555377,81.678771,541.684464
29.924841,93.518457,541.234610
40.936513,108.505991,541.768181
49.391039,133.901191,542.470777
53.101369,159.510895,542.634024
50.847984,-174.028352,541.982827
43.499491,-152.365345,540.734132
33.032993,-136.198728,539.539011
20.929137,-123.691203,539.257187
8.044059,-113.115673,540.643610
-5.090852,-103.207849,544.049843
-18.048487,-92.901134,549.245093
-30.344163,-81.014576,555.423930
-41.239572,-65.964924,561.401464
-49.456668,-45.856417,565.931229
-53.103364,-20.397512,568.044341
-50.867718,5.873437,567.310004
-43.600313,27.428474,563.947083
-33.229255,43.560253,558.758840
-21.205189,56.060441,552.908114
-8.370288,66.633247,547.593444
4.750665,76.534780,543.719941
17.732711,86.829458,541.668147
30.089275,98.700745,541.237131
41.074668,113.745660,541.778613
49.478947,139.223512,542.477869
53.111720,164.888925,542.630642
50.776397,-168.686949,541.968495
43.371160,-147.106500,540.715283
32.873538,-131.004559,539.526822
20.754051,-118.534460,539.263622
7.862311,-107.976042,540.676909
-5.273015,-98.069889,544.111002
-18.225100,-87.749947,549.326609
-30.507265,-75.831492,555.511307
-41.375841,-60.724411,561.477001
-49.543312,-40.535420,565.978834
-53.113355,-15.022206,568.053893
-50.796941,11.212651,567.280039
-43.473307,32.686457,563.885111
-33.071060,48.754211,558.679222
-21.031025,61.217145,552.828057
-8.188992,71.772824,547.528221
4.932904,81.672612,543.678786
17.909929,91.980441,541.652151
30.253454,103.883637,541.239842
41.212322,118.986333,541.789072
49.565955,144.546981,542.484851
53.120873,170.267126,542.627095
50.703815,-163.346593,541.954041
43.242246,-141.848746,540.696442
32.713780,-125.811084,539.514814
20.578822,-113.378077,539.270387
7.680518,-102.836534,540.710608
-5.455143,-92.931852,544.172515
-18.401587,-82.598459,549.408318
-30.670104,-70.647801,555.598642
-41.511601,-55.482900,561.552250
-49.629062,-35.213297,566.025961
-53.122166,-9.646738,568.062884
-50.725182,16.550838,567.249558
-43.345719,37.943363,563.822784
-32.912559,53.947480,558.599479
-20.856711,66.373489,552.748112
-8.007644,76.912279,547.463286
5.115116,86.810520,543.637992
18.087029,97.131726,541.636473
30.417375,109.067136,541.242741
41.349470,124.228013,541.799555
49.652056,149.871596,542.491722
53.128828,175.645477,542.623381
50.630245,-158.007292,541.939468
43.112753,-136.592077,540.677613
32.553722,-120.618297,539.502988
20.403450,-108.222051,539.277484
7.498681,-97.697145,540.744706
-5.637236,-87.793734,544.234380
-18.577948,-77.446665,549.490217
-30.832675,-65.463498,555.685933
-41.646849,-50.240386,561.627210
-49.713914,-29.890052,566.072609
-53.129795,-4.271128,568.071314
-50.652447,21.887991,567.218563
-43.217553,43.199198,563.760104
-32.753755,59.140066,558.519615
-20.682248,71.529477,552.668280
-7.826244,82.051613,547.398643
5.297300,91.948509,543.597559
18.264009,102.283314,541.621113
30.581035,114.251250,541.245826
41.486107,129.470707,541.810061
49.737246,155.197350,542.498479
53.135582,-178.976042,542.619502
50.555691,-152.669053,541.924776
42.982685,-131.336488,540.658797
32.393368,-115.426192,539.491347
20.227937,-103.066378,539.284914
7.316801,-92.557874,540.779204
-5.819293,-82.655533,544.296595
-18.754180,-72.294563,549.572304
-30.994978,-60.278579,555.773175
-41.781579,-44.996862,561.701875
-49.797860,-24.565689,566.118776
-53.136242,1.104605,568.079183
-50.578740,27.224099,567.187057
-43.088816,48.453967,563.697074
-32.594651,64.331974,558.439632
-20.507639,76.685112,552.588566
-7.644794,87.190829,547.334291
5.479455,97.086579,543.557489
18.440868,107.435210,541.606069
30.744432,119.435981,541.249095
41.622228,134.714419,541.820586
49.821519,160.524240,542.505123
53.141137,-173.597452,542.615457
50.480160,-147.331884,541.909967
42.852048,-126.081975,540.639997
32.232720,-110.234765,539.479893
20.052285,-97.911054,539.292680
7.134878,-87.418716,540.814103
-6.001311,-77.517245,544.359158
-18.930282,-67.142149,549.654576
-31.157009,-55.093038,555.860366
-41.915788,-39.752325,561.776245
-49.880897,-19.240213,566.164460
-53.141505,6.480438,568.086491
-50.504068,32.559157,567.155039
-42.959511,53.707673,563.633698
-32.435250,69.523209,558.359535
-20.332884,81.840399,552.508973
-7.463295,92.329930,547.270233
5.661579,102.224735,543.517780
18.617604,112.587418,541.591340
30.907562,124.621337,541.252546
41.757831,139.959156,541.831130
49.904867,165.852260,542.511650
53.145490,-168.218775,542.611246
50.403656,-141.995794,541.895041
42.720847,-120.828534,540.621214
32.071781,-105.044010,539.468630
19.876495,-92.756075,539.300782
6.952915,-82.279670,540.849401
-6.183291,-72.378868,544.422069
-19.106253,-61.989419,549.737029
-31.318767,-49.906870,555.947501
-42.049471,-34.506768,561.850314
-49.963017,-13.913630,566.209659
-53.145586,11.856353,568.093238
-50.428435,37.893157,567.122512
-42.829644,58.960322,563.569978
-32.275554,74.713776,558.279326
-20.157986,86.995341,552.429502
-7.281747,97.468919,547.206471
5.843672,107.362979,543.478433
18.794215,117.739941,541.576925
31.070425,129.807321,541.256177
41.892908,145.204921,541.841688
49.987287,171.181405,542.518061
53.148642,-162.840031,542.606869
50.326187,-136.660789,541.880001
42.589086,-115.576158,540.602453
31.910553,-99.853921,539.457558
19.700570,-87.601438,539.309222
6.770912,-77.140732,540.885101
-6.365230,-67.240399,544.485325
-19.282091,-56.836370,549.819661
-31.480247,-44.720070,556.034577
-42.182623,-29.260187,561.924081
-50.044216,-8.585945,566.254371
-53.148482,17.232328,568.099424
-50.351849,43.226091,567.089478
-42.699219,64.211918,563.505917
-32.115566,79.903681,558.199009
-19.982947,92.149941,552.350158
-7.100154,102.607799,547.143007
6.025732,112.501314,543.439448
18.970701,122.892782,541.562822
31.233016,134.993939,541.259984
42.027457,150.451722,541.852261
50.068771,176.511670,542.524354
53.150592,-157.461242,542.602327
50.247757,-131.326876,541.864847
42.456771,-110.324843,540.583713
31.749040,-94.664494,539.446681
19.524510,-82.447139,539.318002
6.588871,-72.001899,540.921200
-6.547129,-62.101835,544.548926
-19.457794,-51.682997,549.902468
-31.641449,-39.532633,556.121592
-42.315239,-24.012578,561.997542
-50.124487,-3.257163,566.298594
-53.150194,22.608342,568.105047
-50.274313,48.557953,567.055937
-42.568241,69.462466,563.441518
-31.955289,85.092929,558.118588
-19.807767,97.304205,552.270943
-6.918514,107.746573,547.079842
6.207758,117.639742,543.400825
19.147059,128.045946,541.549029
31.395334,140.181196,541.263967
42.161472,155.699562,541.862845
50.149313,-178.156952,542.530527
53.151341,-152.082429,542.597618
50.168372,-125.994062,541.849582
42.323906,-105.074585,540.564998
31.587243,-89.475723,539.436001
19.348317,-77.293175,539.327123
6.406792,-66.863169,540.957700
-6.728985,-56.963173,544.612868
-19.633362,-46.529298,549.985449
-31.802368,-34.344554,556.208540
-42.447316,-18.763934,562.070694
-50.203825,2.072709,566.342327
-53.150722,27.984375,568.110110
-50.195834,53.888735,567.021893
-42.436714,74.711971,563.376784
-31.794725,90.281525,558.038066
-19.632448,102.458134,552.191860
-6.736830,112.885243,547.016977
6.389750,122.778267,543.362565
19.323288,133.199436,541.535546
31.557375,145.369097,541.268123
42.294949,160.948446,541.873437
50.228909,-172.824467,542.536579
53.150887,-146.703612,542.592744
50.088039,-120.662354,541.834206
42.190497,-99.825378,540.546311
31.425167,-84.287602,539.425519
19.171994,-72.139540,539.336587
6.224677,-61.724539,540.994600
-6.910797,-51.824411,544.677152
-19.808792,-41.375269,550.068599
-31.963003,-29.155827,556.295419
-42.578848,-13.514251,562.143534
-50.282223,7.403666,566.385568
-53.150066,33.360407,568.114610
-50.116417,59.218432,566.987346
-42.304644,79.960438,563.311718
-31.633878,95.469474,557.957445
-19.456992,107.611734,552.112913
-6.555102,118.023813,546.954415
6.571706,127.916892,543.324666
19.499387,138.353255,541.522371
31.719138,150.557648,541.272449
42.427883,166.198381,541.884037
50.307552,-167.490880,542.542509
53.149232,-141.324814,542.587704
50.006762,-115.331758,541.818721
42.056547,-94.577217,540.527653
31.262813,-79.100128,539.415240
18.995540,-66.986233,539.346395
6.042527,-56.586006,541.031901
-7.092565,-46.685545,544.741774
-19.984082,-36.220906,550.151916
-32.123350,-23.966448,556.382225
-42.709830,-8.263525,562.216058
-50.359678,12.735701,566.428314
-53.148225,38.736416,568.118548
-50.036068,64.547038,566.952297
-42.172035,85.207871,563.246323
-31.472749,100.656782,557.876731
-19.281400,112.765007,552.034103
-6.373332,123.162285,546.892157
6.753624,133.055618,543.287130
19.675354,143.507408,541.509502
31.880618,155.746853,541.276943
42.560268,171.449371,541.894642
50.385237,-162.156199,542.548316
53.146375,-135.946054,542.582499
49.924548,-110.002279,541.803129
41.922061,-89.330097,540.509026
31.100185,-73.913293,539.405164
18.818959,-61.833248,539.356549
5.860343,-51.447566,541.069603
-7.274287,-41.546573,544.806734
-20.159233,-31.066205,550.235397
-32.283408,-18.776412,556.468955
-42.840259,-3.011749,562.288265
-50.436182,18.068807,566.470565
-53.145201,44.112383,568.121925
-49.954793,69.874545,566.916750
-42.038892,90.454276,563.180602
-31.311342,105.843453,557.795925
-19.105675,117.917957,551.955434
-6.191521,128.300662,546.830204
6.935504,138.194450,543.249956
19.851186,148.661898,541.496938
32.041815,160.936719,541.281604
42.692101,176.701420,541.905249
50.461957,-156.820431,542.553998
53.142316,-130.567355,542.577128
49.841402,-104.673923,541.787430
41.787045,-84.084013,540.490433
30.937284,-68.727094,539.395294
18.642251,-56.680583,539.367051
5.678126,-46.309218,541.107705
-7.455962,-36.407493,544.872030
-20.334240,-25.911162,550.319039
-32.443173,-13.585712,556.555605
-42.970128,2.241079,562.360150
-50.511731,23.402977,566.512317
-53.140992,49.488286,568.124740
-49.872598,75.200950,566.880705
-41.905219,95.699657,563.114558
-31.149659,111.029493,557.715032
-18.929816,123.070588,551.876909
-6.009671,133.438947,546.768559
7.117345,143.333389,543.213144
20.026884,153.816729,541.484677
32.202723,166.127250,541.286428
42.823376,-178.045465,541.915856
