22.597618,163.131272,541.336384
34.537295,176.006132,541.373361
44.688856,-167.199124,542.069537
51.476520,-144.762488,542.621750
52.943928,-118.018320,542.478815
48.512876,-92.978815,541.545301
39.740155,-73.584031,540.222965
28.508407,-59.062790,539.276676
16.026240,-47.474548,539.564538
2.991577,-37.288093,541.717040
-10.125271,-27.352341,545.873309
-22.894001,-16.593464,551.569347
-34.760270,-3.704703,557.821797
-44.814799,13.081695,563.380891
-51.510144,35.434606,567.069248
-52.942449,61.995990,568.101401
-48.559234,86.869583,566.293094
-39.878209,106.190563,562.105587
-28.738276,120.691806,556.514445
-16.325622,132.276121,550.737244
-3.327688,142.459024,545.895343
9.789956,152.386325,542.710876
22.770969,168.291970,541.328692
34.693305,-178.792161,541.380467
44.810699,-161.928666,542.079883
51.537346,-139.410744,542.625331
52.921102,-112.643303,542.470881
48.415861,-87.668671,541.528145
39.597384,-68.353530,540.205221
28.341560,-53.885914,539.270356
15.847741,-42.326438,539.580684
2.808991,-32.150809,541.761418
-10.306056,-22.211163,545.943639
-23.066554,-11.432548,551.655109
-34.915057,1.497123,557.906725
-44.935230,18.351661,563.447327
-51.569957,40.784389,567.102952
-52.919751,67.368228,568.095390
-48.463318,92.178093,566.249461
-39.736786,111.420536,562.034854
-28.572580,125.868574,556.432616
-16.147875,137.424199,550.661343
-3.145354,147.596230,545.838719
9.971023,157.527344,542.679735
22.944156,173.453075,541.321277
34.848979,-173.589698,541.387699
44.931899,-156.657070,542.090195
51.597116,-134.058069,542.628768
52.897096,-107.268689,542.462788
48.318014,-82.359708,541.510909
39.454157,-63.123973,540.187551
28.174482,-48.709590,539.264280
15.669140,-37.178590,539.597199
2.626391,-27.013570,541.806192
-10.486774,-17.069827,546.014274
-23.238936,-6.271226,551.740981
-35.069502,6.699703,557.991515
-45.055019,23.622750,563.513392
-51.628727,46.135079,567.136133
-52.895891,72.740067,568.088821
-48.366578,97.485443,566.205362
-39.594906,116.649575,561.963849
-28.406649,131.044792,556.350755
-15.970018,142.572015,550.585631
-2.962999,152.733390,545.782425
10.152031,162.668520,542.648952
23.117177,178.614589,541.314136
35.004313,-168.386473,541.395054
45.052451,-151.384334,542.100472
51.655826,-128.704476,542.632062
52.871914,-101.894497,542.454534
48.219341,-77.051928,541.493596
39.310477,-57.895355,540.169956
28.007175,-43.533812,539.258450
15.490440,-32.030998,539.614084
2.443779,-21.876372,541.851361
-10.667425,-11.928329,546.085209
-23.411147,-1.109493,551.826958
-35.223602,11.903041,558.076164
-45.174159,28.894964,563.579085
-51.686448,51.486665,567.168788
-52.870870,78.111489,568.081694
-48.269020,102.791630,566.160801
-39.452573,121.877685,561.892576
-28.240485,136.220466,556.268867
-15.792056,147.719574,550.510112
-2.780623,157.870508,545.726464
10.332979,167.809856,542.618526
23.290032,-176.223482,541.307268
35.159303,-163.182480,541.402531
45.172348,-146.110455,542.110710
51.713471,-123.349978,542.635211
52.845556,-96.520748,542.446122
48.119848,-71.745331,541.476207
39.166348,-52.667669,540.152439
27.839642,-38.358577,539.252868
15.311640,-26.883660,539.631341
2.261154,-16.739213,541.896927
-10.848006,-6.786668,546.156445
-23.583183,4.052654,551.913037
-35.377354,17.107143,558.160666
-45.292647,34.168307,563.644402
-51.743117,56.839135,567.200917
-52.844693,83.482475,568.074009
-48.170650,108.096653,566.115777
-39.309790,127.104872,561.821037
-28.074090,141.395600,556.186955
-15.613987,152.866879,550.434788
-2.598228,163.007586,545.670835
10.513866,172.951355,542.588458
23.462717,-171.061134,541.300671
35.313947,-157.977713,541.410126
45.291586,-140.835427,542.120908
51.770047,-117.994585,542.638215
52.818026,-91.147461,542.437550
48.019541,-66.439918,541.458743
39.021775,-47.440911,540.135003
27.671885,-33.183879,539.247537
15.132742,-21.736573,539.648970
2.078518,-11.602090,541.942886
-11.028517,-1.644840,546.227977
-23.755044,9.215220,551.999214
-35.530755,22.312015,558.245020
-45.410475,39.442782,563.709341
-51.798727,62.192476,567.232518
-52.817360,88.853005,568.065767
-48.071473,113.400512,566.070295
-39.166562,132.331141,561.749237
-27.907466,146.570200,556.105022
-15.435815,158.013934,550.359661
-2.415815,168.144626,545.615540
10.694689,178.093019,542.558746
23.635231,-165.898364,541.294344
35.468241,-152.772167,541.417838
45.410159,-135.559250,542.131065
51.825547,-112.638313,542.641073
52.789326,-85.774653,542.428819
47.918426,-61.135691,541.441207
38.876761,-42.215075,540.117649
27.503906,-28.009713,539.242459
14.953749,-16.589734,539.666972
1.895873,-6.465001,541.989240
-11.208957,3.497159,546.299805
-23.926727,14.378209,552.085488
-35.683801,27.517662,558.329222
-45.527639,44.718392,563.773898
-51.853276,67.546675,567.263590
-52.788875,94.223063,568.056969
-47.971496,118.703204,566.024356
-39.022893,137.556498,561.677177
-27.740616,151.744270,556.023071
-15.257540,163.160740,550.284734
-2.233385,173.281633,545.560581
10.875449,-176.765148,542.529390
23.807573,-160.735167,541.288284
35.622182,-147.565836,541.425664
45.528061,-130.281919,542.141177
51.879968,-107.281172,542.643783
52.759459,-80.402345,542.419931
47.816508,-55.832650,541.423601
38.731310,-36.990154,540.100381
27.335708,-22.836076,539.237636
14.774660,-11.443138,539.685349
1.713219,-1.327942,542.035988
-11.389325,8.639330,546.371926
-24.098230,19.541625,552.171854
-35.836490,32.724089,558.413267
-45.644134,49.995140,563.838071
-51.906757,72.901721,567.294131
-52.759240,99.592629,568.047616
-47.870724,124.004731,565.977962
-38.878786,142.780948,561.604862
-27.573542,156.917814,555.941106
-15.079163,168.307303,550.210011
-2.050939,178.418608,545.505957
11.056143,-171.623142,542.500390
23.979739,-155.571539,541.282490
35.775767,-142.358715,541.433601
45.645287,-125.003431,542.151244
51.933305,-101.923177,542.646345
52.728429,-75.030555,542.410886
47.713794,-50.530796,541.405925
38.585426,-31.766143,540.083201
27.167293,-17.662961,539.233069
14.595478,-6.296783,539.704102
1.530557,3.809089,542.083129
-11.569618,13.781678,546.444338
-24.269552,24.705471,552.258309
-35.988818,37.931302,558.497154
-45.759954,55.273028,563.901857
-51.959167,78.257599,567.324141
-52.728457,104.961685,568.037707
-47.769163,129.305090,565.931116
-38.734245,148.004497,561.532294
-27.406246,162.090837,555.859131
-14.900687,173.453625,550.135492
-1.868478,-176.444446,545.451671
11.236772,-166.480962,542.471745
24.151729,-150.407476,541.276960
35.928991,-137.150797,541.441648
45.761832,-119.723784,542.161263
51.985554,-96.564342,542.648759
52.696237,-69.659301,542.401683
47.610290,-45.230128,541.388183
38.439114,-26.543037,540.066111
26.998662,-12.490365,539.228762
14.416204,-1.150665,539.723231
1.347889,8.946095,542.130663
-11.749837,18.924205,546.517038
-24.440691,29.869753,552.344850
-36.140781,43.139308,558.580877
-45.875094,60.552060,563.965254
-52.010500,83.614295,567.353619
-52.696531,110.330213,568.027243
-47.666818,134.604282,565.883819
-38.589275,153.227151,561.459477
-27.238730,167.263344,555.777148
-14.722112,178.599709,550.061181
-1.686003,-171.307527,545.397724
11.417332,-161.338603,542.443454
24.323541,-145.242973,541.271692
36.081853,-131.942077,541.449803
45.877690,-114.442974,542.171233
52.036709,-91.204680,542.651023
52.662887,-64.288601,542.392325
47.506001,-39.930646,541.370375
38.292377,-21.320829,540.049113
26.829818,-7.318283,539.224717
14.236840,3.995219,539.742738
1.165216,14.083079,542.178588
-11.929979,24.066914,546.590025
-24.611645,35.034475,552.431473
-36.292377,48.348110,558.664435
-45.989547,65.832237,564.028258
-52.060753,88.971798,567.382562
-52.663464,115.698196,568.016225
-47.563696,139.902307,565.836074
-38.443878,158.448915,561.386414
-27.070996,172.435340,555.695161
-14.543439,-176.254441,549.987080
-1.503515,-166.170630,545.344116
11.597823,-156.196064,542.415517
24.495172,-140.078026,541.266685
36.234348,-126.732550,541.458062
45.992854,-109.161000,542.181151
52.086766,-85.844205,542.653136
52.628381,-58.918474,542.382811
47.400933,-34.632351,541.352504
38.145219,-16.099514,540.032210
26.660764,-2.146710,539.220935
14.057386,9.140871,539.762624
0.982538,19.220044,542.226904
-12.110043,29.209808,546.663295
-24.782411,40.199640,552.518176
-36.443602,53.557716,558.747822
-46.103310,71.113563,564.090868
-52.109922,94.330091,567.410970
-52.629258,121.065615,568.004654
-47.459802,145.199164,565.787883
-38.298060,163.669794,561.313109
-26.903047,177.606828,555.613173
-14.364671,-171.108822,549.913192
-1.321016,-161.033754,545.290848
11.778245,-151.053340,542.387934
24.666621,-134.912631,541.261936
36.386473,-121.522209,541.466423
46.107321,-103.877859,542.191015
52.135721,-80.482932,542.655098
52.592725,-53.548937,542.373143
47.295093,-29.335242,541.334572
37.997644,-10.879086,540.015405
26.491501,3.024358,539.217418
13.877843,14.286297,539.782889
0.799857,24.356991,542.275612
-12.290029,34.352891,546.736848
-24.952989,45.365253,552.604954
-36.594453,58.768130,558.831037
-46.216376,76.396039,564.153080
-52.158001,99.689162,567.438842
-52.593917,126.432454,567.992530
-47.355143,150.494855,565.739249
-38.151823,168.889795,561.239563
-26.734884,-177.222186,555.531187
-14.185808,-165.963431,549.839520
-1.138506,-155.896896,545.237922
11.958595,-145.910429,542.360703
24.837885,-129.746784,541.257443
36.538224,-116.311049,541.474885
46.221083,-98.593548,542.200825
52.183569,-75.120875,542.656909
52.555919,-48.180008,542.363320
47.188486,-24.039319,541.316580
37.849656,-5.659540,539.998700
26.322032,8.194926,539.214169
13.698214,19.431498,539.803535
0.617174,29.493925,542.324708
-12.469935,39.496165,546.810680
-25.123376,50.531319,552.691806
-36.744926,63.979359,558.914075
-46.328740,81.679669,564.214893
-52.204988,105.048996,567.466177
-52.557445,131.798695,567.979854
-47.249722,155.789379,565.690173
-38.005172,174.108923,561.165782
-26.566510,-172.051699,555.449207
-14.006852,-160.818265,549.766065
-0.955987,-150.760053,545.185338
12.138872,-140.767328,542.333824
25.008964,-124.580481,541.253205
36.689599,-111.099064,541.483445
46.334136,-93.308065,542.210577
52.230307,-69.758050,542.658566
52.517969,-42.811705,542.353344
47.081118,-18.744580,541.298530
37.701258,-0.440869,539.982096
26.152358,13.364999,539.211190
13.518500,24.576478,539.824563
0.434490,34.630847,542.374195
-12.649760,44.639634,546.884790
-25.293571,55.697841,552.778726
-36.895017,69.191407,558.996933
-46.440396,86.964453,564.276302
-52.250877,110.409577,567.492973
-52.519844,137.164321,567.966627
-47.143548,161.082736,565.640659
-37.858110,179.327184,561.091767
-26.397926,-166.881705,555.367237
-13.827803,-155.673320,549.692830
-0.773459,-145.623222,545.133097
12.319075,-135.624033,542.307296
25.179854,-119.413716,541.249220
36.840593,-105.886249,541.492101
46.446473,-88.021408,542.220271
52.275929,-64.394472,542.660070
52.478877,-37.444043,542.343215
46.972995,-13.451026,541.280424
37.552455,4.776932,539.965598
25.982482,18.534580,539.208482
13.338702,29.721240,539.845972
0.251806,39.767761,542.424069
-12.829502,49.783300,546.959174
-25.463570,60.864823,552.865713
-37.044724,74.404281,559.079608
-46.551339,92.250393,564.337307
-52.295664,115.770892,567.519230
-52.481118,142.529316,567.952849
-47.036624,166.374929,565.590707
-37.710640,-175.455417,561.017523
-26.229135,-161.712200,555.285278
-13.648664,-150.528593,549.619817
-0.590924,-140.486401,545.081201
12.499204,-130.480541,542.281119
25.350554,-114.246486,541.245486
36.991202,-100.672597,541.500850
46.558089,-82.733575,542.229903
52.320433,-59.030156,542.661421
52.438647,-32.077041,542.332934
46.864123,-8.158654,541.262264
37.403249,9.993870,539.949206
25.812406,23.703675,539.206049
13.158821,34.865787,539.867765
0.069123,44.904669,542.474331
-13.009160,54.927167,547.033831
-25.633373,66.032271,552.952762
-37.194043,79.617985,559.162096
-46.661562,97.537492,564.397903
-52.339347,121.132924,567.544946
-52.441270,147.893663,567.938521
-46.928957,171.665957,565.540322
-37.562768,-170.238873,560.943052
-26.060139,-156.543180,555.203336
-13.469436,-145.384082,549.547030
-0.408383,-135.349587,545.029650
12.679255,-125.336850,542.255291
25.521061,-109.078786,541.242001
37.141425,-95.458104,541.509689
46.668978,-77.444565,542.239473
52.363813,-53.665117,542.662616
52.397283,-26.710715,542.322501
46.754507,-2.867464,541.244053
37.253645,15.209948,539.932924
25.642131,28.872288,539.203891
12.978858,40.010123,539.889942
-0.113557,50.041573,542.524980
-13.188733,60.071238,547.108759
-25.802977,71.200189,553.039870
-37.342970,84.832527,559.244393
-46.771062,102.825751,564.458089
-52.381920,126.495658,567.570120
-52.400305,153.257345,567.923644
-46.820552,176.955821,565.489504
-37.414495,-165.023181,560.868358
-25.890940,-151.374640,555.121412
-13.290119,-140.239782,549.474470
-0.225837,-130.212777,544.978445
12.859229,-120.192956,542.229813
25.691375,-103.910612,541.238762
37.291256,-90.242762,541.518618
46.779135,-72.154375,542.248979
52.406066,-48.299373,542.663657
52.354788,-21.345081,542.311918
46.644153,2.422545,541.225791
37.103647,20.425175,539.916754
25.471661,34.040423,539.202012
12.798815,45.154251,539.912504
-0.296234,55.178478,542.576015
-13.368219,65.215517,547.183954
-25.972381,76.368580,553.127035
-37.491502,90.047911,559.326497
-46.879831,108.115171,564.517862
-52.423380,131.859079,567.594752
-52.358225,158.620347,567.908219
-46.711415,-177.755476,565.438257
-37.265826,-159.808333,560.793444
-25.721539,-146.206576,555.039510
-13.110715,-135.095691,549.402139
-0.043286,-125.075969,544.927587
13.039124,-115.048855,542.204684
25.861492,-98.741959,541.235769
37.440692,-85.026567,541.527633
46.888554,-66.863004,542.258418
52.447188,-42.932939,542.664541
52.311167,-15.980156,542.301186
46.533067,7.711375,541.207481
36.953257,25.639555,539.900698
25.300996,39.208085,539.200412
12.618694,50.298173,539.935452
-0.478907,60.315385,542.627435
-13.547618,70.360005,547.259414
-26.141582,81.537449,553.214251
-37.639635,95.264142,559.408403
-46.987864,113.405754,564.577219
-52.463724,137.223170,567.618840
-52.315035,163.982654,567.892246
-46.601553,-172.467934,565.386583
-37.116764,-154.594324,560.718313
-25.551940,-141.038983,554.957635
-12.931226,-129.951805,549.330040
0.139267,-119.939159,544.877076
13.218938,-109.904546,542.179901
26.031411,-93.572824,541.233019
37.589729,-79.809512,541.536732
46.997228,-61.570452,542.267789
52.487176,-37.565831,542.665268
52.266423,-10.615956,542.290304
46.421255,12.999029,541.189124
36.802480,30.853093,539.884760
25.130139,44.375279,539.199094
12.438494,55.441893,539.958786
-0.661574,65.452297,542.679240
-13.726928,75.504707,547.335138
-26.310578,86.706801,553.301518
-37.787366,100.481228,559.490110
-47.095156,118.697501,564.636159
-52.502948,142.587916,567.642384
-52.270738,169.344248,567.875727
-46.490969,-167.181551,565.334484
-36.967313,-149.381148,560.642969
-25.382143,-135.871858,554.875787
-12.751653,-124.808122,549.258176
0.321822,-114.802345,544.826914
13.398671,-104.760024,542.155466
26.201130,-88.403200,541.230510
37.738364,-74.591592,541.545912
47.105152,-56.276716,542.277090
52.526025,-32.198067,542.665839
52.220561,-5.252495,542.279274
46.308723,18.285506,541.170724
36.651319,36.065797,539.868940
24.959092,49.542008,539.198061
12.258219,60.585415,539.982507
-0.844235,70.589217,542.731428
-13.906148,80.649626,547.411122
-26.479368,91.876641,553.388830
-37.934690,105.699172,559.571612
-47.201701,123.990413,564.694678
-52.541047,147.953299,567.665382
-52.225339,174.705115,567.858662
-46.379670,-161.896326,565.281962
-36.817476,-144.168801,560.567415
-25.212151,-130.705195,554.793972
-12.571996,-119.664638,549.186549
0.504378,-109.665524,544.777101
13.578321,-99.615287,542.131377
26.370646,-83.233085,541.228240
37.886594,-69.372802,541.555173
47.212321,-50.981796,542.286320
52.563732,-26.829663,542.666251
52.173584,0.110209,542.268097
46.195476,23.570811,541.152281
36.499778,41.277671,539.853242
24.787857,54.708276,539.197313
12.077868,65.728741,540.006617
-1.026887,75.726148,542.783998
-14.085276,85.794764,547.487364
-26.647949,97.046972,553.476184
-38.081605,110.917982,559.652907
-47.307494,129.284490,564.752773
-52.578019,153.319304,567.687834
-52.178841,-179.934760,567.841053
-46.267662,-156.612256,565.229021
-36.667257,-138.957275,560.491655
-25.041966,-125.538990,554.712192
-12.392258,-114.521351,549.115160
0.686933,-104.528694,544.727639
13.757887,-94.470331,542.107632
26.539958,-78.062473,541.226207
38.034413,-64.153135,541.564510
47.318728,-45.685690,542.295477
52.600294,-21.460637,542.666506
52.125496,5.472143,542.256774
46.081519,28.854943,541.133798
36.347860,46.488721,539.837668
24.616436,59.874090,539.196853
11.897444,70.871874,540.031115
-1.209531,80.863093,542.836950
-14.264311,90.940125,547.563862
-26.816319,102.217799,553.563578
-38.228106,116.137662,559.733991
-47.412527,134.579734,564.810444
-52.613861,158.685913,567.709739
-52.131248,-174.575392,567.822900
-46.154949,-151.329340,565.175663
-36.516659,-133.746566,560.415691
-24.871589,-120.373240,554.630451
-12.212440,-109.378256,549.044013
0.869488,-99.391851,544.678527
13.937367,-89.325153,542.084232
26.709064,-72.891361,541.224410
38.181819,-58.932585,541.573922
47.424368,-40.388399,542.304558
52.635707,-16.091005,542.666601
52.076303,10.833291,542.245305
45.966859,34.137907,541.115276
36.195569,51.698954,539.822220
24.444831,65.039451,539.196684
11.716947,76.014818,540.056003
-1.392165,86.000053,542.890283
-14.443252,96.085713,547.640613
-26.984476,107.389126,553.651007
-38.374190,121.358218,559.814861
-47.516797,139.876144,564.867686
-52.648569,164.053109,567.731096
-52.082565,-169.216796,567.804203
-46.041538,-146.047576,565.121889
-36.365686,-128.536668,560.339527
-24.701023,-115.207940,554.548751
-12.032542,-104.235352,548.973109
1.052039,-94.254993,544.629767
14.116760,-84.179749,542.061176
26.877960,-67.719742,541.222845
38.328808,-53.711147,541.583407
47.529234,-35.089922,542.313563
52.669967,-10.720786,542.666538
52.026008,16.193639,542.233691
45.851502,39.419704,541.096719
36.042908,56.908374,539.806902
24.273043,70.204366,539.196806
11.536379,81.157575,540.081281
-1.574788,91.137032,542.943995
-14.622098,101.231530,547.717615
-27.152418,112.560959,553.738468
-38.519853,126.579657,559.895514
-47.620297,145.173722,564.924498
-52.682140,169.420876,567.751904
-52.032795,-163.858985,567.784965
-45.927434,-140.766961,565.067703
-36.214341,-123.327576,560.263166
-24.530269,-110.043085,554.467097
-11.852566,-99.092634,548.902450
1.234587,-89.118118,544.581359
14.296065,-79.034117,542.038462
27.046646,-62.547613,541.221512
38.475375,-48.488815,541.592962
47.633321,-29.790258,542.322489
52.703073,-5.349998,542.666314
51.974616,21.553171,542.221934
45.735452,44.700337,541.078127
35.889881,62.116987,539.791715
24.101076,75.368838,539.197222
11.355741,86.300149,540.106950
-1.757399,96.274034,542.998086
-14.800847,106.377579,547.794865
-27.320143,117.733301,553.825958
-38.665091,131.801982,559.975946
-47.723021,150.472466,564.980878
-52.714570,174.789194,567.772162
-51.981944,-158.501975,567.765186
-45.812643,-135.487493,565.013107
-36.062627,-118.119283,560.186612
-24.359330,-104.878672,554.385490
-11.672513,-93.950100,548.832040
1.417131,-83.981221,544.533303
14.475280,-73.888254,542.016089
27.215118,-57.374970,541.220408
38.621517,-43.265584,541.602584
47.736623,-24.489407,542.331335
52.735020,0.021342,542.665930
51.922131,26.911875,542.210033
45.618715,49.979808,541.059502
35.736490,67.324800,539.776661
23.928929,80.532871,539.197933
11.175035,91.442543,540.133010
-1.939997,101.411059,543.052555
-14.979497,111.523865,547.872360
-27.487648,122.906158,553.913474
-38.809900,137.025201,560.056154
-47.824964,155.772378,565.036822
-52.745858,-179.841952,567.791870
-51.930015,-153.145778,567.744868
-45.697169,-130.209169,564.958104
-35.910549,-112.911785,560.109868
-24.188207,-99.714696,554.303935
-11.492385,-88.807747,548.761880
1.599668,-78.844302,544.485602
14.654405,-68.742155,541.994058
27.383376,-52.201806,541.219531
38.767230,-38.041446,541.612273
47.839134,-19.187369,542.340100
52.765805,5.393216,542.665385
51.868557,32.269736,542.197991
45.501298,55.258121,541.040848
35.582741,72.531818,539.761744
23.756607,85.696470,539.198943
10.994261,96.584760,540.159463
-2.122580,106.548112,543.107400
-15.158048,116.670390,547.950099
-27.654933,128.079533,554.001012
-38.954277,142.249318,560.136134
-47.926120,161.073457,565.092329
-52.775999,-174.472582,567.811027
-51.877012,-147.790409,567.724010
-45.581019,-124.931988,564.902697
-35.758108,-107.705075,560.032937
-24.016902,-94.551153,554.222435
-11.312182,-83.665572,548.691972
1.782199,-73.707356,544.438254
14.833437,-63.595819,541.972365
27.551416,-47.028119,541.218879
38.912511,-32.816398,541.622025
47.940848,-13.884145,542.348780
52.795425,10.765604,542.664679
51.813900,37.626740,542.185808
45.383205,60.535277,541.022166
35.428634,77.738046,539.746965
23.584109,90.859639,539.200252
10.813421,101.726803,540.186308
-2.305148,111.685195,543.162621
-15.336498,121.817157,548.028078
-27.821993,133.253432,554.088568
-39.098218,147.474340,560.215884
-48.026482,166.375702,565.147396
-52.804992,-169.102713,567.829631
-51.822942,-142.435881,567.702615
-45.464198,-119.655945,564.846887
-35.605309,-102.499148,559.955822
-23.845417,-89.388039,554.140992
-11.131906,-78.523571,548.622318
1.964722,-68.570382,544.391261
15.012376,-58.449240,541.951012
27.719236,-41.853903,541.218450
39.057354,-27.590433,541.631838
48.041759,-8.579735,542.357376
52.823879,16.138489,542.663811
51.758165,42.982875,542.173485
45.264442,65.811281,541.003457
35.274175,82.943490,539.732328
23.411439,96.022382,539.201862
10.632515,106.868674,540.213547
-2.487700,116.822310,543.218216
-15.514846,126.964171,548.106294
-27.988828,138.427858,554.176139
-39.241719,152.700271,560.295399
-48.126046,171.679114,565.202021
-52.832833,-163.732363,567.847683
-51.767807,-137.082206,567.680683
-45.346710,-114.381039,564.790677
-35.452154,-97.293998,559.878528
-23.673754,-84.225349,554.059610
-10.951559,-73.381742,548.552921
2.147236,-63.433376,544.344624
15.191219,-53.302417,541.929997
27.886835,-36.679153,541.218242
39.201757,-22.363545,541.641710
48.141862,-3.274140,542.365885
52.851162,21.511851,542.662782
51.701355,48.338127,542.161023
45.145014,71.086134,540.984724
35.119367,88.148156,539.717834
23.238598,101.184703,539.203776
10.451546,112.010378,540.241179
-2.670234,121.959461,543.274184
-15.693090,132.111433,548.184746
-28.155435,143.602818,554.263722
-39.384775,157.927118,560.374677
-48.224806,176.983690,565.256202
-52.859520,-158.361552,567.865182
-51.711613,-131.729397,567.658216
-45.228563,-109.107265,564.734070
-35.298647,-92.089620,559.801057
-23.501915,-79.063080,553.978293
-10.771141,-68.240082,548.483783
2.329739,-58.296336,544.298342
15.369967,-48.155346,541.909318
28.054209,-31.503865,541.218253
39.345714,-17.135729,541.651638
48.241149,2.032640,542.374305
52.877273,26.885671,542.661589
51.643476,53.692484,542.148424
45.024928,76.359841,540.965970
34.964212,93.352050,539.703486
23.065588,106.346607,539.205995
10.270515,117.151916,540.269206
-2.852749,127.096650,543.330524
-15.871230,137.258947,548.263431
-28.321812,148.778315,554.351314
-39.527383,163.154886,560.453714
-48.322755,-177.710570,565.309936
-52.885050,-152.990297,567.882127
-51.654364,-126.377468,567.635214
-45.109760,-103.834623,564.677069
-35.144791,-86.886009,559.723413
-23.329901,-73.901228,553.897042
-10.590653,-63.098587,548.414906
2.512232,-53.159258,544.252417
15.548616,-43.008023,541.888974
28.221357,-26.328034,541.218481
39.489223,-11.906979,541.661620
48.339616,7.340603,542.382635
52.902209,32.259931,542.660234
51.584532,59.045933,542.135687
44.904188,81.632405,540.947196
34.808713,98.555177,539.689286
22.892411,111.508097,539.208521
10.089422,122.293293,540.297628
-3.035244,132.233880,543.387236
-16.049263,142.406718,548.342345
-28.487956,153.954354,554.438910
-39.669539,168.383580,560.532507
-48.419888,-172.403666,565.363220
-52.909421,-147.618617,567.898518
-51.596065,-121.026430,567.611679
-44.990307,-98.563107,564.619677
-34.990590,-81.683159,559.645599
-23.157714,-68.739788,553.815863
-10.410097,-57.957255,548.346292
2.694712,-48.022141,544.206848
15.727167,-37.860446,541.868966
28.388277,-21.151655,541.218923
39.632278,-6.677289,541.671655
48.437256,12.649749,542.390874
52.925967,37.634610,542.658716
51.524529,64.398462,542.122815
44.782799,86.903829,540.928404
34.652875,103.757542,539.675238
22.719068,116.669178,539.211356
9.908269,127.434510,540.326445
-3.217719,137.371154,543.444317
-16.227188,147.554748,548.421486
-28.653865,159.130940,554.526507
-39.811239,173.613207,560.611052
-48.516200,-167.095601,565.416054
-52.932631,-142.246532,567.914353
-51.536721,-115.676294,567.587613
-44.870210,-93.292714,564.561895
-34.836046,-76.481063,559.567618
-22.985357,-63.578756,553.734757
-10.229475,-52.816082,548.277942
2.877179,-42.884981,544.161637
15.905616,-32.712610,541.849291
28.554966,-15.974724,541.219577
39.774876,-1.446653,541.681739
48.534064,17.960075,542.399019
52.948545,43.009690,542.657035
51.463472,69.750059,542.109808
44.660768,92.174117,540.909597
34.496701,108.959152,539.661342
22.545562,121.829853,539.214502
9.727057,132.575572,540.355658
-3.400172,142.508474,543.501766
-16.405004,152.703040,548.500853
-28.819538,164.308077,554.614103
-39.952479,178.843771,560.689347
-48.611683,-161.786377,565.468434
-52.954678,-136.874060,567.929633
-51.476336,-110.327074,567.563015
-44.749473,-88.023442,564.503727
-34.681163,-71.279718,559.489474
-22.812830,-58.418128,553.653727
-10.048786,-47.675066,548.209860
3.059631,-37.747776,544.116784
16.083964,-27.564513,541.829948
28.721421,-10.797235,541.220443
39.917012,3.784933,541.691871
48.630033,23.271581,542.407069
52.969942,48.385150,542.655190
51.401365,75.100712,542.096667
44.538099,97.443273,540.890776
34.340192,114.160012,539.647602
22.371894,126.990128,539.217960
9.545788,137.716481,540.385267
-3.582601,147.645844,543.559583
-16.582709,157.851598,548.580441
-28.984971,169.485771,554.701693
-40.093254,-175.924721,560.767388
-48.706333,-156.475994,565.520359
-52.975558,-131.501221,567.944356
-51.414917,-104.978779,567.537888
-44.628103,-82.755287,564.445175
-34.525943,-66.079117,559.411171
-22.640136,-53.257901,553.572778
-9.868033,-42.534204,548.142046
3.242067,-32.610523,544.072289
16.262209,-22.416150,541.810937
28.887641,-5.619184,541.221516
40.058683,9.017477,541.702048
48.725157,28.584264,542.415023
52.990154,53.760971,542.653181
51.338214,80.450411,542.083394
44.414799,102.711299,540.871944
34.183354,119.360128,539.634020
22.198066,132.150005,539.221733
9.364462,142.857239,540.415273
-3.765007,152.783266,543.617766
-16.760303,163.000425,548.660248
-29.150163,174.664026,554.789274
-40.233561,-170.692265,560.845171
-48.800144,-151.164455,565.571825
-52.995271,-126.128035,567.958523
-51.352467,-99.631422,567.512233
-44.506103,-77.488245,564.386242
-34.370390,-60.879254,559.332711
-22.467276,-48.098070,553.491911
-9.687216,-37.393492,548.074504
3.424487,-27.473219,544.028153
16.440349,-17.267520,541.792256
29.053623,-0.440566,541.222796
40.199885,14.250982,541.712268
48.819431,33.898122,542.422879
53.009180,59.137133,542.651007
51.274024,85.799143,542.069989
44.290871,107.978201,540.853102
34.026188,124.559505,539.620598
22.024079,137.309489,539.225821
9.183081,147.997851,540.445676
-3.947387,157.920742,543.676314
-16.937783,168.149525,548.740271
-29.315110,179.842847,554.876842
-40.373395,-165.458855,560.922694
-48.893109,-145.851762,565.622832
-53.013815,-120.754519,567.972132
-51.288991,-94.285012,567.486051
-44.383480,-72.222313,564.326931
-34.214507,-55.680125,559.254098
-22.294253,-42.938631,553.411131
-9.506337,-32.252928,548.007234
3.606889,-22.335861,543.984376
16.618383,-12.118617,541.773904
29.219364,4.738625,541.224280
40.340612,19.485456,541.722528
48.912848,39.213153,542.430636
53.027018,64.513616,542.648669
51.208800,91.146899,542.056455
44.166322,113.243982,540.834254
33.868697,129.758148,539.607339
21.849936,142.468583,539.230228
9.001646,153.138318,540.476477
-4.129741,163.058277,543.735226
-17.115149,173.298901,548.820509
-29.479812,-174.977761,554.964394
-40.512752,-160.224485,560.999954
-48.985224,-140.537918,565.673376
-53.031188,-115.380695,567.985184
-51.224496,-88.939561,567.459344
-44.260239,-66.957486,564.267244
-34.058297,-50.481724,559.175335
-22.121067,-37.779580,553.330439
-9.325397,-27.112509,547.940240
3.789272,-17.198446,543.940958
16.796309,-6.969439,541.755880
29.384863,9.918392,541.225965
40.480860,24.720903,541.732827
49.005402,44.529354,542.438292
53.043667,69.890399,542.646166
51.142548,96.493668,542.042791
44.041156,118.508646,540.815401
33.710886,134.956064,539.594246
21.675639,147.627293,539.234954
8.820157,158.278645,540.507676
-4.312067,168.195871,543.794499
-17.292398,178.448556,548.900957
-29.644265,-169.797794,555.051927
-40.651628,-154.989150,561.076946
-49.076482,-135.222925,565.723456
-53.047387,-110.006582,567.997677
-51.158985,-83.595079,567.432112
-44.136384,-61.693761,564.207184
-33.901763,-45.284045,559.096426
-21.947721,-32.620914,553.249840
-9.144398,-21.972231,547.873523
3.971635,-12.060973,543.897900
16.974126,-1.819983,541.738183
29.550117,15.098741,541.227851
40.620626,29.957330,541.743162
49.097088,49.846722,542.445845
53.059124,75.267463,542.643499
51.075272,101.839440,542.028999
43.915380,123.772196,540.796545
33.552757,140.153257,539.581320
21.501188,152.785621,539.240001
8.638618,163.418833,540.539272
-4.494365,173.333529,543.854133
-17.469530,-176.401506,548.981613
-29.808467,-164.617246,555.139438
-40.790019,-149.752845,561.153668
-49.166877,-129.906787,565.773070
-53.062412,-104.632201,568.009612
-51.092465,-78.251576,567.404357
-44.011920,-56.431134,564.146755
-33.744907,-40.087084,559.017374
-21.774216,-27.462628,553.169337
-8.963339,-16.832093,547.807084
4.153977,-6.923437,543.855202
17.151833,3.329756,541.720811
29.715124,20.279677,541.229934
40.759905,35.194741,541.753531
49.187900,55.165256,542.453295
53.073389,80.644787,542.640666
51.006978,107.184204,542.015081
43.788997,129.034639,540.777689
33.394312,145.349734,539.568564
21.326586,157.943572,539.245371
8.457027,168.558886,540.571268
-4.676633,178.471253,543.914127
-17.646542,-171.251281,549.062475
-29.972415,-159.436113,555.226921
-40.927921,-144.515564,561.230116
-49.256404,-124.589505,565.822215
-53.076261,-99.257570,568.020988
-51.024939,-72.909062,567.376081
-43.886854,-51.169601,564.085958
-33.587733,-34.890834,558.938183
-21.600554,-22.304719,553.088931
-8.782223,-11.692090,547.740926
4.336297,-1.785837,543.812865
17.329428,8.479780,541.703763
29.879880,25.461205,541.232213
40.898692,40.433142,541.763932
49.277831,60.484950,542.460639
53.086459,86.022349,542.637668
50.937672,112.527952,542.001037
43.662014,134.295977,540.758835
33.235555,150.545499,539.555980
21.151834,163.101150,539.251066
8.275388,173.698807,540.603662
-4.858870,-176.390955,543.974478
-17.823434,-166.100766,549.143539
-30.136108,-154.254389,555.314375
-41.065328,-139.277301,561.306288
-49.345056,-119.271085,565.870890
-53.088933,-93.882709,568.031804
-50.956414,-67.567545,567.347285
-43.761189,-45.909157,564.024796
-33.430244,-29.695290,558.858855
-21.426736,-17.147182,553.008628
-8.601051,-6.552221,547.675051
4.518594,3.351831,543.770888
17.506909,13.630093,541.687039
30.044384,30.643329,541.234684
41.036984,45.672539,541.774362
49.366876,65.805803,542.467876
53.098334,91.400130,542.634504
50.867359,117.870674,541.986869
43.534434,139.556215,540.739985
33.076489,155.740558,539.543572
20.976935,168.258358,539.257088
8.093700,178.838599,540.636455
-5.041075,-171.253091,544.035186
-18.000204,-160.949958,549.224803
-30.299542,-149.072070,555.401795
-41.202238,-134.038053,561.382180
-49.432829,-113.951529,565.919092
-53.100427,-88.507641,568.042061
-50.886895,-62.227035,567.317970
-43.634931,-40.649799,563.963273
-33.272443,-24.500447,558.779395
-21.252765,-11.990014,552.928428
-8.419824,-1.412481,547.609461
4.700865,8.489569,543.729272
17.684275,18.780699,541.670636
30.208633,35.826056,541.237347
41.174775,50.912937,541.784819
49.455028,71.127809,542.475004
53.109012,96.778110,542.631175
50.796045,123.212360,541.972579
43.406265,144.815357,540.721140
32.917117,160.934917,539.531340
20.801889,173.415201,539.263438
7.911965,-176.021736,540.669648
-5.223247,-166.115152,544.096249
-18.176851,-155.798852,549.306263
-30.462716,-143.889151,555.489179
-41.338644,-128.797812,561.457789
-49.519715,-108.630841,565.966819
-53.110741,-83.132383,568.051758
-50.816388,-56.887542,567.288138
-43.508084,-35.391522,563.901391
-33.114332,-19.306300,558.699806
-21.078642,-6.833211,552.848337
-8.238542,3.727131,547.544156
4.883112,13.627381,543.688017
17.861525,23.931601,541.654554
30.372624,41.009389,541.240199
41.312061,56.154341,541.795302
49.542282,76.450965,542.482024
53.118493,102.156266,542.627680
50.723734,128.553003,541.958166
43.277510,150.073409,540.702304
32.757442,166.128582,539.519289
20.626699,178.571682,539.270117
7.730185,-170.882195,540.703240
-5.405386,-160.977137,544.157666
-18.353373,-150.647447,549.387918
-30.625626,-138.705626,555.576522
-41.474544,-123.556575,561.533112
-49.605711,-103.309025,566.014070
-53.119875,-77.756957,568.060894
-50.744896,-51.549073,567.257790
-43.380655,-30.134322,563.839153
-32.955915,-14.112843,558.620090
-20.904368,-1.676769,552.768356
-8.057208,8.866619,547.479140
5.065331,18.765269,543.647124
18.038658,29.082803,541.638791
30.536356,46.193334,541.243238
41.448838,61.396758,541.805807
49.628632,81.775268,542.488932
53.126775,107.534578,542.624020
50.650433,133.892593,541.943633
43.148174,155.330374,540.683479
32.597466,171.321556,539.507419
20.451366,-176.272195,539.277127
7.548360,-165.742774,540.737231
-5.587488,-155.839041,544.219435
-18.529768,-145.495737,549.469764
-30.788271,-133.521491,555.663821
-41.609932,-118.314335,561.608145
-49.690808,-97.986086,566.060843
-53.127827,-72.381384,568.069470
-50.672427,-46.211637,567.226927
-43.252646,-24.878194,563.776562
-32.797193,-8.920070,558.540252
-20.729946,3.479316,552.688488
-7.875822,14.005986,547.414414
5.247523,23.903235,543.606592
18.215671,34.234308,541.623347
30.699825,51.377897,541.246461
41.585101,66.640192,541.816333
49.714072,87.100711,542.495727
53.133857,112.913026,542.620194
50.576148,139.231123,541.928981
43.018262,160.586257,540.664667
32.437193,176.513847,539.495733
20.275891,-171.116426,539.284471
7.366491,-160.603471,540.771623
-5.769555,-150.700863,544.281555
-18.706035,-140.343720,549.551798
-30.950647,-128.336741,555.751073
-41.744804,-113.071088,561.682886
-49.775003,-92.662029,566.107134
-53.134597,-67.005683,568.077485
-50.598986,-40.875242,567.195553
-43.124065,-19.623134,563.713620
-32.638171,-3.727978,558.460296
-20.555377,8.635048,552.608737
-7.694385,19.145234,547.349980
5.429686,29.041283,543.566422
18.392563,39.386120,541.608218
30.863029,56.563081,541.249866
41.720846,71.884648,541.826877
49.798595,92.427292,542.502409
53.139739,118.291589,542.616202
50.500883,144.568585,541.914212
42.887781,165.841063,540.645869
32.276624,-178.294542,539.484235
20.100277,-165.961007,539.292149
7.184580,-155.464282,540.806415
-5.951584,-145.562599,544.344024
-18.882173,-135.191391,549.634018
-31.112753,-123.151370,555.838274
-41.879156,-107.826828,561.757331
-49.858289,-87.336857,566.152943
-53.140184,-61.629875,568.084939
-50.524577,-35.539896,567.163667
-42.994915,-14.369138,563.650331
-32.478851,1.463441,558.380223
-20.380662,13.790429,552.529105
-7.512899,24.284366,547.285839
5.611819,34.179415,543.526614
18.569332,44.538242,541.593405
31.025965,61.748893,541.253452
41.856068,77.130132,541.837438
49.882197,97.755004,542.508975
53.144420,123.670244,542.612044
50.424644,149.904970,541.899326
42.756733,171.094797,540.627089
32.115764,-173.103604,539.472925
19.924525,-160.805935,539.300164
7.002628,-150.325206,540.841607
-6.133574,-140.424247,544.406841
-19.058180,-130.038748,549.716419
-31.274585,-117.965374,555.925421
-42.012983,-102.581551,561.831477
-49.940660,-82.010576,566.198268
-53.144588,-56.253980,568.091831
-50.449206,-30.205606,567.131271
-42.865200,-9.116200,563.586697
-32.319235,6.654190,558.300038
-20.205803,18.945465,552.449596
-7.331365,29.423385,547.221994
5.793921,39.317635,543.487168
18.745978,49.690679,541.578906
31.188631,66.935338,541.257215
41.990761,82.376650,541.848013
49.964871,103.083842,542.515425
53.147900,129.048972,542.607720
50.347438,155.240272,541.884324
42.625125,176.347463,540.608329
31.954615,-167.913333,539.461807
19.748636,-155.651205,539.308516
6.820636,-145.186239,540.877199
-6.315524,-135.285803,544.470003
-19.234054,-124.885786,549.799001
-31.436142,-112.778748,556.012510
-42.146281,-97.335251,561.905321
-50.022111,-76.683192,566.243106
-53.147808,-50.878020,568.098162
-50.372880,-24.872380,567.098367
-42.734927,-3.864317,563.522722
-32.159327,11.844276,558.219744
-20.030801,24.100159,552.370213
-7.149783,34.562295,547.158445
5.975990,44.455945,543.448084
18.922498,54.843433,541.564720
31.351023,72.122420,541.261154
42.124923,87.624205,541.858599
50.046611,108.413802,542.521757
53.150179,134.427750,542.603230
50.269270,160.574484,541.869210
42.492961,-178.400933,540.589591
31.793180,-162.723726,539.450883
19.572613,-150.496814,539.317208
6.638605,-140.047378,540.913192
-6.497434,-130.147265,544.533510
-19.409794,-119.732503,549.881759
-31.597420,-107.591486,556.099538
-42.279044,-92.087923,561.978860
-50.102636,-71.354709,566.287457
-53.149844,-45.502015,568.103932
-50.295603,-19.540225,567.064957
-42.604100,1.386518,563.458408
-31.999128,17.033703,558.139345
-19.855659,29.254514,552.290958
-6.968156,39.701098,547.095195
6.158026,49.594347,543.409362
19.098892,59.996509,541.550844
31.513141,77.310144,541.265267
42.258547,92.872804,541.869195
50.127411,113.744876,542.527970
53.151256,139.806559,542.598575
50.190146,165.907598,541.853983
42.360245,-173.150387,540.570876
31.631461,-157.534776,539.440154
19.396457,-145.342759,539.326240
6.456537,-134.908620,540.949585
-6.679301,-125.008631,544.597359
-19.585399,-114.578894,549.964690
-31.758416,-102.403583,556.186500
-42.411268,-86.839562,562.052091
-50.182230,-66.025134,566.331317
-53.150696,-40.125985,568.109140
-50.217381,-14.209146,567.031043
-42.472723,6.636307,563.393758
-31.838643,22.222476,558.058844
-19.680378,34.408534,552.211834
-6.786484,44.839796,547.032246
6.340027,54.732846,543.371002
19.275156,65.149909,541.537279
31.674979,82.498517,541.269551
42.391630,98.122452,541.879799
50.207266,119.077060,542.534062
53.151131,145.185377,542.593754
50.110071,171.239609,541.838645
42.226984,-167.900893,540.552188
31.469461,-152.346479,539.429625
19.220169,-140.189034,539.335615
6.274432,-129.769963,540.986378
-6.861126,-119.869896,544.661550
-19.760866,-109.424955,550.047793
-31.919129,-97.215034,556.273394
-42.542950,-81.590164,562.125010
-50.260886,-60.694474,566.374685
-53.150363,-34.749950,568.113786
-50.138220,-8.879152,566.996625
-42.340801,11.885057,563.328775
-31.677872,27.410602,557.978244
-19.504960,39.562224,552.132845
-6.604768,49.978393,546.969598
6.521993,59.871443,543.333004
19.451291,70.303638,541.524021
31.836537,87.687544,541.274003
42.524165,103.373153,541.890408
50.286170,124.410347,542.540033
53.149803,150.564183,542.588767
50.029051,176.570510,541.823197
42.093181,-162.652447,540.533529
31.307182,-147.158829,539.419296
19.043751,-135.035638,539.345333
6.092291,-124.631403,541.023572
-7.042906,-114.731059,544.726080
-19.936195,-104.270683,550.131062
-32.079555,-92.025834,556.360217
-42.674083,-76.339723,562.197615
-50.338599,-55.362733,566.417560
-53.148846,-29.373933,568.117870
-50.058126,-3.550248,566.961706
-42.208339,17.132772,563.263463
-31.516820,32.598084,557.897548
-19.329405,44.715585,552.053992
-6.423010,55.116892,546.907254
6.703921,65.010141,543.295369
19.627294,75.457700,541.511071
31.997812,92.877229,541.278623
42.656150,108.624913,541.901021
50.364117,129.744729,542.545881
53.147274,155.942955,542.583615
49.947092,-178.099706,541.807642
41.958842,-157.405044,540.514901
31.144629,-141.971820,539.409170
18.867205,-129.882566,539.355397
5.910116,-119.492939,541.061166
-7.224640,-109.592117,544.790948
-20.111384,-99.116075,550.214497
-32.239692,-86.835977,556.446964
-42.804663,-71.088235,562.269903
-50.415364,-50.029919,566.459939
-53.146145,-23.997953,568.121393
-49.977104,1.777561,566.926287
-42.075341,22.379458,563.197823
-31.355489,37.784929,557.816761
-19.153716,49.868624,551.975280
-6.241210,60.255295,546.845216
6.885812,70.148944,543.258096
19.803164,80.612097,541.498426
32.158799,98.067577,541.283407
42.787578,113.877736,541.911634
50.441101,135.080202,542.551604
53.143544,161.321672,542.578297
49.864200,-172.771043,541.791980
41.823970,-152.158677,540.496306
30.981802,-136.785448,539.399250
18.690531,-124.729814,539.365808
5.727908,-114.354566,541.099161
-7.406328,-104.453066,544.856152
-20.286431,-93.961127,550.298093
-32.399538,-81.645459,556.533632
-42.934686,-65.835695,562.341871
-50.491174,-44.696039,566.501821
-53.142260,-18.622030,568.124353
-49.895159,7.104268,566.890370
-41.941813,27.625118,563.131859
-31.193881,42.971141,557.735886
-18.977893,55.021342,551.896711
-6.059369,65.393605,546.783484
7.067664,75.287854,543.221184
19.978898,85.766835,541.486084
32.319498,103.258595,541.288353
42.918445,119.131627,541.922247
50.517117,140.416756,542.557202
53.138612,166.700314,542.572814
49.780381,-167.443507,541.776213
41.688571,-146.913343,540.477747
30.818705,-131.599707,539.389538
18.513733,-119.577379,539.376567
5.545668,-109.216282,541.137557
-7.587969,-99.313904,544.921691
-20.461334,-88.805834,550.381848
-32.559088,-76.454275,556.620217
-43.064146,-60.582099,562.413514
-50.566025,-39.361100,566.543204
-53.137192,-13.246186,568.126752
-49.812298,12.429868,566.853957
-41.807758,32.869759,563.065575
-31.031999,48.156725,557.654925
-18.801940,60.173743,551.818288
-5.877490,70.531825,546.722061
7.249475,80.426873,543.184635
20.154497,90.921916,541.474046
32.479904,108.450288,541.293459
43.048745,124.386592,541.932856
50.592158,145.754386,542.562673
53.132480,172.078860,542.567165
49.695641,-162.117104,541.760342
41.552649,-141.669036,540.459226
30.655341,-126.414593,539.380036
18.336811,-114.425257,539.387676
5.363397,-104.078085,541.176352
-7.769560,-94.174628,544.987562
-20.636092,-83.650193,550.465758
-32.718341,-71.262418,556.706717
-43.193039,-55.327440,562.484832
-50.639911,-34.025109,566.584086
-53.130940,-7.870441,568.128589
-49.728526,17.754355,566.817049
-41.673181,38.113385,562.998972
-30.869845,53.341686,557.573883
-18.625856,65.325832,551.740013
-5.695573,75.669957,546.660947
7.431245,85.566006,543.148448
20.329957,96.077344,541.462308
32.640015,113.642660,541.298723
43.178475,129.642635,541.943460
50.666220,151.093083,542.568016
53.125148,177.457288,542.561352
49.609985,-156.791838,541.744369
41.416210,-136.425750,540.440744
30.491712,-121.230100,539.370747
18.159766,-109.273444,539.399136
5.181097,-98.939971,541.215548
-7.951101,-89.035235,545.053763
-20.810704,-78.494201,550.549821
-32.877294,-66.069884,556.793127
-43.321361,-50.071716,562.555819
-50.712826,-28.688074,566.624465
-53.123506,-2.494816,568.129864
-49.643849,23.077726,566.779648
-41.538087,43.356001,562.932054
-30.707423,58.526030,557.492762
-18.449644,70.477611,551.661890
-5.513618,80.808006,546.600145
7.612973,90.705255,543.112623
20.505278,101.233124,541.450869
32.799829,118.835718,541.304142
43.307629,134.899761,541.954057
50.739296,156.432839,542.573230
53.116616,-177.164423,542.555374
49.523420,-151.467714,541.728296
41.279256,-131.183480,540.422306
30.327820,-116.046222,539.361672
17.982601,-104.121938,539.410949
4.998768,-93.801938,541.255143
-8.132592,-83.895723,545.120294
-20.985167,-73.337853,550.634033
-33.035944,-60.876668,556.879444
-43.449105,-44.814921,562.626475
-50.784765,-23.350003,566.664341
-53.114891,2.880670,568.130577
-49.558272,28.399975,566.741757
-41.402481,48.597613,562.864825
-30.544734,63.709762,557.411567
-18.273305,75.629085,551.583921
-5.331628,85.945973,546.539656
7.794656,95.844622,543.077160
20.680457,106.389258,541.439729
32.959342,124.029466,541.309715
43.436202,140.157974,541.964644
50.811381,161.773646,542.578314
53.106885,-171.786294,542.549231
49.435952,-146.144736,541.712123
41.141794,-125.942222,540.403913
30.163669,-110.862956,539.352814
17.805316,-98.970734,539.423115
4.816411,-88.663982,541.295139
-8.314029,-78.756087,545.187152
-21.159480,-68.181146,550.718392
-33.194289,-55.682763,556.965665
-43.576268,-39.557052,562.696794
-50.855722,-18.010905,566.703711
-53.105095,8.255995,568.130729
-49.471803,33.721098,566.703377
-41.266365,53.838225,562.797286
-30.381781,68.892886,557.330300
-18.096841,80.780257,551.506109
-5.149603,91.083861,546.479482
7.976295,100.984111,543.042058
20.855493,111.545751,541.428884
33.118552,129.223910,541.315438
43.564189,145.417279,541.975220
50.882470,167.115495,542.583267
53.095957,-166.408344,542.542924
49.347585,-140.822909,541.695854
41.003827,-120.701968,540.385566
29.999260,-105.680296,539.344176
17.627914,-93.819829,539.435637
4.634028,-83.526102,541.335534
-8.495414,-73.616326,545.254335
-21.333642,-63.024075,550.802894
-33.352324,-50.488165,557.051786
-43.702844,-34.298103,562.766775
-50.925693,-12.670787,566.742574
-53.094118,13.631139,568.130319
-49.384445,39.041090,566.664509
-41.129746,59.077844,562.729442
-30.218567,74.075408,557.248965
-17.920253,85.931129,551.428457
-4.967544,96.221673,546.419623
8.157888,106.123724,543.007317
21.030384,116.702607,541.418335
33.277455,134.419056,541.321310
43.691584,150.677680,541.985782
50.952556,172.458379,542.588087
53.083833,-161.030597,542.536453
49.258327,-135.502237,541.679488
40.865361,-115.462715,540.367270
29.834596,-100.498236,539.335759
17.450395,-88.669219,539.448516
4.451619,-78.388294,541.376329
-8.676743,-68.476436,545.321842
-21.507651,-57.866638,550.887536
-33.510048,-45.292869,557.137803
-43.828828,-29.038070,562.836415
-50.994671,-7.329658,566.780927
-53.081963,19.006083,568.129348
-49.296205,44.359948,566.625157
-40.992627,64.316474,562.661295
-30.055093,79.257332,557.167565
-17.743542,91.081707,551.350968
-4.785453,101.359412,546.360082
8.339433,111.263464,542.972938
21.205129,121.859829,541.408078
33.436049,139.614909,541.327328
43.818384,155.939182,541.996328
51.021635,177.802287,542.592774
53.070513,-155.653070,542.529818
49.168183,-130.182723,541.663028
40.726398,-110.224457,540.349025
29.669680,-95.316772,539.327566
17.272762,-83.518900,539.461752
4.269187,-73.250555,541.417524
-8.858017,-63.336415,545.389670
-21.681504,-52.708830,550.972316
-33.667457,-40.096869,557.223714
-43.954216,-23.776949,562.905710
-51.062651,-1.987528,566.818770
-53.068631,24.380805,568.127816
-49.207090,49.677668,566.585320
-40.855013,69.554120,562.592848
-29.891364,84.438664,557.086104
-17.566711,96.231993,551.273645
-4.603331,106.497080,546.300860
8.520930,116.403335,542.938920
21.379726,127.017422,541.398113
33.594331,144.811474,541.333490
43.944583,161.201789,542.006856
51.089701,-176.852790,542.597325
53.055999,-150.275787,542.523020
49.077160,-124.864370,541.646475
40.586945,-104.987187,540.330835
29.504514,-90.135899,539.319600
17.095016,-78.368870,539.475348
4.086731,-68.112883,541.459117
-9.039234,-58.196260,545.457818
-21.855202,-47.550648,551.057229
-33.824550,-34.900160,557.309514
-44.079002,-18.514737,562.974659
-51.129629,3.355594,566.856101
-53.054121,29.755286,568.125723
-49.117103,54.994247,566.545003
-40.716909,74.790789,562.524104
-29.727380,89.619408,557.004585
-17.389760,101.381991,551.196490
-4.421178,111.634681,546.241957
8.702378,121.543339,542.905262
21.554174,132.175389,541.388438
33.752298,150.008757,541.339794
44.070175,166.465506,542.017364
51.156748,-171.506861,542.601742
53.040293,-144.898766,542.516058
48.985262,-119.547183,541.629831
40.447005,-99.750901,540.312701
29.339101,-84.955612,539.311861
16.917157,-73.219125,539.489304
3.904254,-62.975275,541.501109
-9.220393,-53.055967,545.526283
-22.028740,-42.392086,551.142273
-33.981321,-29.702735,557.395199
-44.203181,-13.251428,563.043256
-51.195598,8.699699,566.892919
-53.038437,35.129506,568.123069
-49.026253,60.309681,566.504205
-40.578317,80.026485,562.455067
-29.563145,94.799569,556.923012
-17.212690,106.531704,551.119505
-4.238996,116.772218,546.183377
8.883774,126.683479,542.871965
21.728470,137.333734,541.379052
33.909946,155.206763,541.346238
44.195155,171.730336,542.027851
51.222771,-166.159936,542.606021
53.023395,-139.522029,542.508934
48.892497,-114.231163,541.613097
40.306582,-94.515594,540.294626
29.173443,-79.775905,539.304354
16.739189,-68.069661,539.503622
3.721756,-57.837727,541.543499
-9.401492,-47.915534,545.595065
-22.202119,-37.233143,551.227445
-34.137770,-24.504591,557.480768
-44.326749,-7.987019,563.111501
-51.260555,14.044777,566.929221
-53.021580,40.503444,568.119855
-48.934543,65.623967,566.462930
-40.439243,85.261213,562.385739
-29.398660,99.979153,556.841387
-17.035504,111.681136,551.042695
-4.056786,121.909692,546.125119
9.065119,131.823759,542.839028
21.902613,142.492462,541.369951
34.067273,160.405498,541.352818
44.319518,176.996285,542.038313
51.287766,-160.812026,542.610163
53.005308,-134.145596,542.501647
48.798870,-108.916314,541.596276
40.165682,-89.281258,540.276613
29.007542,-74.596775,539.297080
16.561111,-62.920475,539.518303
3.539238,-52.700238,541.586288
-9.582530,-42.774958,545.664160
-22.375336,-32.073813,551.312742
-34.293892,-19.305721,557.566215
-44.449700,-2.721506,563.179390
-51.324492,19.390817,566.965006
-53.003551,45.877081,568.116081
-48.841981,70.937103,566.421180
-40.299691,90.494980,562.316124
-29.233928,105.158164,556.759715
-16.858203,116.830291,550.966061
-3.874549,127.047107,546.067185
9.246411,136.964180,542.806451
22.076601,147.651575,541.361136
34.224275,165.604968,541.359534
44.443260,-177.736645,542.048750
51.351725,-155.463140,542.614165
52.986033,-128.769487,542.494198
48.704386,-103.602638,541.579368
40.024308,-84.047890,540.258663
28.841401,-69.418215,539.290040
16.382926,-57.771563,539.533349
3.356701,-47.562805,541.629475
-9.763507,-37.634236,545.733567
-22.548390,-26.914092,551.398160
-34.449685,-14.106120,557.651538
-44.572028,2.545115,563.246919
-51.387406,24.737809,567.000273
-52.984351,51.250398,568.111747
-48.748571,76.249085,566.378955
-40.159666,95.727790,562.246225
-29.068952,110.336606,556.677998
-16.680788,121.979171,550.889606
-3.692286,132.184465,546.009577
9.427648,142.104746,542.774234
22.250432,152.811079,541.352605
34.380950,170.805177,541.366382
44.566374,-172.468450,542.059158
51.414645,-150.113291,542.618028
52.965573,-123.393721,542.486587
48.609053,-98.290138,541.562376
39.882464,-78.815483,540.240780
28.675022,-64.240222,539.283239
16.204635,-52.622921,539.548760
3.174147,-42.425424,541.673059
-9.944421,-32.493365,545.803284
-22.721279,-21.753977,551.483696
-34.605145,-8.905783,557.736733
-44.693730,7.812847,563.314087
-51.449292,30.085742,567.035021
-52.963984,56.623374,568.106854
-48.654320,81.559913,566.336259
-40.019170,100.959649,562.176045
-28.903734,115.514486,556.596241
-16.503261,127.127780,550.813333
-3.509999,137.321770,545.952296
9.608830,147.245460,542.742376
22.424105,157.970977,541.344354
