22.933097,163.413159,541.321770
34.839045,176.367734,541.387257
44.924176,-166.704066,542.089556
51.593329,-144.110238,542.628564
52.898665,-117.322219,542.463312
48.324290,-92.409021,541.512007
39.463320,-73.168221,540.188663
28.185162,-58.750449,539.264640
15.680553,-47.217638,539.596107
2.638056,-37.051947,541.803291
-10.475232,-27.108472,546.009723
-23.227930,-16.311155,551.735464
-35.059646,-3.342872,557.986079
-45.047386,13.575788,563.509165
-51.625004,36.083039,567.134018
-52.897450,62.686715,568.089254
-48.372782,87.436233,566.208199
-39.603983,106.605361,561.968406
-28.417255,121.003940,556.356005
-15.981383,132.532969,550.590487
-2.974648,142.695018,545.786040
10.140470,152.629886,542.650937
23.106130,168.574648,541.314611
34.994400,-178.429090,541.394605
45.044769,-161.431403,542.099834
51.652107,-138.756703,542.631867
52.873557,-111.948000,542.455069
48.225669,-87.101165,541.494698
39.319669,-67.939543,540.171064
28.017869,-53.574637,539.258794
15.501858,-42.070030,539.612969
2.455444,-31.914747,541.848435
-10.655887,-21.966985,546.080639
-23.400151,-11.149448,551.821434
-35.213768,1.860418,558.070737
-45.166568,18.847930,563.574882
-51.682793,41.434568,567.166707
-52.872503,68.058164,568.082163
-48.275276,92.742495,566.163666
-39.461679,111.833530,561.897150
-28.251106,126.179649,556.274119
-15.803427,137.680544,550.514956
-2.792274,147.832138,545.730057
10.321422,157.771211,542.620489
23.278995,173.736550,541.307726
35.149413,-173.225146,541.402074
45.164709,-156.157596,542.110075
51.709821,-133.402262,542.635025
52.847275,-106.574222,542.446666
48.126229,-81.794493,541.477314
39.175569,-62.711798,540.153542
27.850351,-48.399367,539.253196
15.323065,-36.922677,539.630201
2.272820,-26.777586,541.893975
-10.836473,-16.825334,546.151856
-23.572199,-5.987328,551.907507
-35.367543,7.064471,558.155249
-45.285097,24.121201,563.640223
-51.739528,46.786982,567.198869
-52.846399,73.429179,568.074514
-48.176958,98.047592,566.118673
-39.318924,117.060776,561.825628
-28.084726,131.354818,556.192208
-15.625365,142.827866,550.439619
-2.609880,152.969219,545.674407
10.502312,162.912699,542.590397
23.451691,178.898871,541.301112
35.304079,-168.020429,541.409661
45.283989,-150.882643,542.120276
51.766464,-128.046927,542.638038
52.819819,-101.200905,542.438104
48.025973,-76.489005,541.459855
39.031023,-57.484981,540.136100
27.682608,-43.224634,539.247849
15.144173,-31.775574,539.647806
2.090185,-21.640460,541.939910
-11.016988,-11.683516,546.223369
-23.744071,-0.824789,551.993679
-35.520966,12.269293,558.239612
-45.402968,29.395604,563.705186
-51.795207,52.140268,567.230504
-52.819140,78.799739,568.066308
-48.077832,103.351525,566.073220
-39.175725,122.287103,561.753845
-27.918117,136.529451,556.110277
-15.447199,147.974936,550.364480
-2.427468,158.106262,545.619091
10.683140,168.054353,542.560663
23.624216,-175.938386,541.294768
35.458395,-162.814933,541.417365
45.402604,-145.606539,542.130435
51.822034,-122.690710,542.640905
52.791194,-95.828066,542.429384
47.924909,-71.184702,541.442323
38.886037,-52.259086,540.118741
27.514644,-38.050435,539.242755
14.965186,-26.628718,539.665785
1.907540,-16.503369,541.986239
-11.197433,-6.541529,546.295178
-23.915765,4.338173,552.079946
-35.674035,17.474890,558.323824
-45.520175,34.671141,563.769767
-51.849823,57.494413,567.261610
-52.790729,84.169828,568.057546
-47.977906,108.654292,566.027310
-39.032083,127.512518,561.681802
-27.751281,141.703555,556.028327
-15.268931,153.121758,550.289540
-2.245039,163.243270,545.564110
10.863904,173.196175,542.531284
23.796569,-170.775217,541.288691
35.612359,-157.608652,541.425184
45.520550,-140.329281,542.140550
51.876524,-117.333624,542.643625
52.761402,-90.455726,542.420506
47.823043,-65.881585,541.424721
38.740614,-47.034106,540.101468
27.346459,-32.876764,539.237915
14.786103,-21.482107,539.684138
1.724887,-11.366308,542.032961
-11.377805,-1.399368,546.367281
-24.087280,9.501561,552.166306
-35.826747,22.681268,558.407879
-45.636713,39.947816,563.833965
-51.903373,62.849405,567.292186
-52.761167,89.539425,568.048227
-47.877185,113.955893,565.980945
-38.888004,132.737026,561.609503
-27.584221,146.877132,555.946363
-15.090561,158.268336,550.214803
-2.062594,168.380247,545.509465
11.044603,178.338170,542.502261
23.968746,-165.611616,541.282880
35.765966,-152.401581,541.433114
45.637819,-135.050867,542.150620
51.929931,-111.975684,542.646196
52.730446,-85.083902,542.411470
47.720379,-60.579655,541.407050
38.594759,-41.810038,540.084281
27.178058,-27.703616,539.233332
14.606927,-16.335737,539.702867
1.542226,-6.229275,542.080077
-11.558103,3.742968,546.439674
-24.258614,14.665380,552.252756
-35.979098,27.888431,558.491776
-45.752576,45.225631,563.897776
-51.955851,68.205230,567.322230
-52.730458,94.908515,568.038354
-47.775674,119.256327,565.934128
-38.743491,137.960633,561.536951
-27.416939,152.050189,555.864388
-14.912091,163.414674,550.140272
-1.880134,173.517195,545.455158
11.225235,-176.519661,542.473594
24.140748,-160.447581,541.277333
35.919214,-147.193715,541.441154
45.754407,-129.771294,542.160642
51.982249,-106.616901,542.648619
52.698328,-79.712613,542.402278
47.616925,-55.278911,541.389312
38.448474,-36.586874,540.067185
27.009441,-22.530987,539.229009
14.427659,-11.189604,539.721972
1.359558,-1.092267,542.127585
-11.738327,8.885483,546.512356
-24.429764,19.829634,552.339291
-36.131085,33.096385,558.575510
-45.867759,50.504590,563.961198
-52.007253,73.561875,567.351741
-52.698605,100.277077,568.027926
-47.673379,124.555594,565.886860
-38.598548,143.183343,561.464150
-27.249437,157.222729,555.782406
-14.733522,168.560773,550.065947
-1.697660,178.654116,545.401189
11.405800,-171.377314,542.445280
24.312571,-155.283106,541.272049
36.072099,-141.985046,541.449302
45.870309,-124.490559,542.170615
52.033474,-101.257292,542.650892
52.665052,-74.341877,542.392929
47.512686,-49.979354,541.371508
38.301764,-31.364609,540.050182
26.840611,-17.358872,539.224946
14.248300,-6.043705,539.741455
1.176885,4.044718,542.175486
-11.918474,14.028180,546.585324
-24.600730,24.994328,552.425910
-36.282704,38.305137,558.659079
-45.982257,55.784694,564.024228
-52.057576,78.919326,567.380719
-52.665610,105.645095,568.016943
-47.570307,129.853693,565.839144
-38.453179,148.405164,561.391103
-27.081717,162.394757,555.700419
-14.554856,173.706638,549.991833
-1.515173,-176.208986,545.347559
11.586296,-166.234786,542.417321
24.484214,-150.118188,541.267024
36.224617,-136.775571,541.457554
45.985518,-119.208660,542.180536
52.083601,-95.896868,542.653015
52.630620,-68.971713,542.383425
47.407668,-44.680983,541.353641
38.154633,-26.143237,540.033273
26.671570,-12.187267,539.221147
14.068852,-0.898038,539.761316
0.994207,9.181683,542.223777
-12.098543,19.171063,546.658577
-24.771509,30.159465,552.512607
-36.433953,43.514691,558.742477
-46.096064,61.065947,564.086863
-52.106814,84.277569,567.409162
-52.631477,111.012551,568.005408
-47.466462,135.150625,565.790981
-38.307387,153.626100,561.317813
-26.913781,167.566277,555.618431
-14.376093,178.852271,549.917932
-1.332674,-171.072109,545.294269
11.766722,-161.092074,542.389715
24.655674,-144.952822,541.262259
36.376766,-131.565282,541.465910
46.100029,-113.925593,542.190404
52.132626,-90.535646,542.654987
52.595037,-63.602138,542.373766
47.301878,-39.383798,541.335712
38.007084,-20.922753,540.016461
26.502320,-7.016167,539.217613
13.889315,4.247402,539.781557
0.811527,14.318632,542.272459
-12.278534,24.314133,546.732112
-24.942099,35.325049,552.599381
-36.584828,48.725053,558.825703
-46.209175,66.348349,564.149101
-52.154963,89.636591,567.437068
-52.596208,116.379427,567.993319
-47.361851,140.446390,565.742375
-38.161177,158.846157,561.244283
-26.745632,172.737295,555.536445
-14.197236,-176.002323,549.844245
-1.150165,-165.935250,545.241321
11.947076,-155.949175,542.362461
24.826950,-139.787004,541.257750
36.528541,-126.354175,541.474365
46.213837,-108.641357,542.200217
52.180546,-85.173639,542.656807
52.558305,-58.233169,542.363953
47.195319,-34.087799,541.317724
37.859122,-15.703150,539.999749
26.332864,-1.845567,539.214347
13.709692,9.392617,539.802179
0.628844,19.455566,542.321531
-12.458445,29.457395,546.805926
-25.112498,40.491085,552.686228
-36.735325,53.936230,558.908753
-46.321583,71.631905,564.210939
-52.202019,94.996376,567.464437
-52.559808,121.745707,567.980679
-47.256479,145.740988,565.693328
-38.014552,164.065340,561.170516
-26.577271,177.907814,555.454465
-14.018286,-170.857143,549.770776
-0.967646,-160.798406,545.188715
12.127358,-150.806086,542.335560
24.998041,-134.620729,541.253496
36.679940,-121.142243,541.482919
46.326935,-103.355949,542.209973
52.227354,-79.810862,542.658474
52.520427,-52.864825,542.353987
47.088000,-28.792985,541.299678
37.710750,-10.484423,539.983139
26.163203,3.324537,539.211350
13.529983,14.537611,539.823181
0.446160,24.592489,542.370993
-12.638275,34.600851,546.880018
-25.282704,45.657578,552.773144
-36.885441,59.148225,558.991622
-46.433285,76.916615,564.272374
-52.247978,100.356910,567.491268
-52.522279,127.111373,567.967487
-47.150352,151.034420,565.643841
-37.867516,169.283656,561.096517
-26.408701,-176.922161,555.372494
-13.839243,-165.712184,549.697527
-0.785119,-155.661574,545.136453
12.307566,-145.662804,542.309009
25.168943,-129.453994,541.249495
36.830958,-115.929481,541.491568
46.439318,-98.069367,542.219670
52.273048,-74.447332,542.659988
52.481408,-47.497122,542.343867
46.979925,-23.499355,541.281575
37.561972,-5.266567,539.966634
25.993340,8.494150,539.208626
13.350190,19.682387,539.844567
0.263476,29.729403,542.420842
-12.818022,39.744505,546.954385
-25.452717,50.824531,552.860127
-37.035173,64.361046,559.074309
-46.544273,82.202482,564.333405
-52.292836,105.718178,567.517559
-52.483625,132.476409,567.953744
-47.043476,156.326687,565.593918
-37.720073,174.501110,561.022287
-26.239923,-171.752625,555.290534
-13.660110,-160.567443,549.624501
-0.602585,-150.524753,545.084535
12.487699,-140.519325,542.282810
25.339655,-124.286794,541.245744
36.981593,-110.715882,541.500311
46.550980,-92.781609,542.229306
52.317623,-69.083062,542.661348
52.441251,-42.130077,542.333596
46.871100,-18.206908,541.263419
37.412792,-0.049575,539.950235
25.823276,13.663276,539.206174
13.170314,24.826948,539.866335
0.080793,34.866311,542.471080
-12.997686,44.888359,547.029025
-25.622532,55.991949,552.947172
-37.184517,69.574698,559.156809
-46.654543,87.489506,564.394027
-52.336590,111.080165,567.543310
-52.443849,137.840797,567.939451
-46.935856,161.617790,565.543560
-37.572225,179.717708,560.947831
-26.070940,-166.583574,555.208591
-13.480887,-155.422918,549.551699
-0.420044,-145.387938,545.032962
12.667756,-135.375646,542.256960
25.510175,-119.119124,541.242243
37.131840,-105.501443,541.509145
46.661916,-87.492674,542.238880
52.361075,-63.718070,542.662554
52.399959,-36.763708,542.323173
46.761531,-12.915642,541.245210
37.263214,5.166559,539.933946
25.653014,18.831920,539.203999
12.990357,29.971297,539.888487
-0.101888,40.003216,542.521704
-13.177264,50.032417,547.103935
-25.792149,61.159836,553.034277
-37.333469,74.789185,559.239119
-46.764089,92.777691,564.454240
-52.379234,116.442855,567.568519
-52.402955,143.204523,567.924610
-46.827499,166.907729,565.492770
-37.423978,-175.066545,560.873151
-25.901754,-161.415003,555.126666
-13.301576,-150.278605,549.479124
-0.237498,-140.251128,544.981734
12.847735,-130.231765,542.231460
25.680501,-113.950981,541.238989
37.281696,-100.286155,541.518068
46.772120,-82.202560,542.248390
52.403401,-58.352370,542.663604
52.357537,-31.398029,542.312600
46.651225,-7.625558,541.226951
37.113240,10.381840,539.917768
25.482556,24.000085,539.202101
12.810319,35.115438,539.911024
-0.284565,45.140121,542.572714
-13.356756,55.176682,547.179113
-25.961566,66.328197,553.121438
-37.482026,80.004515,559.321235
-46.872905,98.067037,564.514039
-52.420765,121.806232,567.593185
-52.360946,148.567569,567.909220
-46.718409,172.196505,565.441551
-37.275334,-169.851643,560.798251
-25.732366,-156.246909,555.044763
-13.122178,-145.134501,549.406779
-0.054948,-135.114320,544.930854
13.027635,-125.087678,542.206308
25.850631,-108.782359,541.235980
37.431157,-95.070015,541.527077
46.881586,-76.911265,542.257833
52.444595,-52.985979,542.664498
52.313987,-26.033058,542.301876
46.540185,-2.336652,541.208644
36.962876,15.596273,539.901705
25.311904,29.167777,539.200484
12.630202,40.259374,539.933947
-0.467238,50.277028,542.624110
-13.536161,60.321157,547.254557
-26.130780,71.497036,553.208651
-37.630185,85.220693,559.403154
-46.980985,103.357546,564.573423
-52.461180,127.170281,567.617308
-52.317827,153.929920,567.893282
-46.608592,177.484122,565.389904
-37.126297,-164.637581,560.723134
-25.562780,-151.079286,554.962885
-12.942694,-139.990602,549.334665
0.127605,-129.977510,544.880321
13.207454,-119.943382,542.181503
26.020563,-103.613254,541.233214
37.580220,-89.853015,541.536171
46.990308,-71.618788,542.267209
52.484655,-47.618914,542.665235
52.269315,-20.668811,542.291004
46.428420,2.951076,541.190291
36.812123,20.809866,539.885759
25.141059,34.335001,539.199148
12.450008,45.403107,539.957257
-0.649906,55.413939,542.675890
-13.715477,65.465846,547.330263
-26.299789,76.666357,553.295914
-37.777941,90.437723,559.484873
-47.088325,108.649218,564.632390
-52.500476,132.534986,567.640887
-52.273601,159.291560,567.876798
-46.498054,-177.229422,565.337832
-36.976871,-159.424352,560.647804
-25.392995,-145.912131,554.881036
-12.763126,-134.846906,549.262786
0.310160,-124.840696,544.830137
13.387192,-114.798874,542.157046
26.190294,-98.443662,541.230690
37.728881,-84.635151,541.545346
47.098281,-66.325127,542.276515
52.523577,-42.251192,542.665816
52.223524,-15.305303,542.279984
46.315933,8.237629,541.171893
36.660987,26.022622,539.869931
24.970025,39.501759,539.198096
12.269737,50.546641,539.980954
-0.832566,60.550859,542.728053
-13.894702,70.610750,547.406231
-26.468592,81.836165,553.383224
-37.925291,95.655613,559.566389
-47.194918,113.942056,564.690935
-52.538647,137.900329,567.663920
-52.228272,164.652474,567.859768
-46.386801,-171.944123,565.285337
-36.827059,-154.211952,560.572263
-25.223016,-140.745439,554.799219
-12.583475,-129.703410,549.191144
0.492716,-119.703876,544.780302
13.566848,-109.654151,542.132934
26.359824,-93.273579,541.228405
37.877137,-79.416416,541.554601
47.205498,-61.030283,542.285749
52.561358,-36.882828,542.666238
52.176618,-9.942550,542.268816
46.202731,13.523008,541.153452
36.509470,31.234549,539.854225
24.798802,44.668057,539.197330
12.089391,55.689979,540.005038
-1.015220,65.687789,542.780599
-14.073836,75.755874,547.482457
-26.637186,87.006465,553.470576
-38.072232,100.874367,559.647697
-47.300758,119.236059,564.749059
-52.575692,143.266294,567.686407
-52.181844,170.012647,567.842193
-46.274838,-166.659979,565.232423
-36.676864,-149.000374,560.496516
-25.052843,-135.579205,554.717437
-12.403742,-124.560110,549.119740
0.675272,-114.567046,544.730817
13.746419,-104.509209,542.109168
26.529149,-88.102999,541.226357
38.024983,-74.196805,541.563934
47.311954,-55.734253,542.294910
52.597993,-31.513841,542.666503
52.128601,-4.580566,542.257502
46.088820,18.807216,541.134972
36.357576,36.445652,539.838643
24.627392,49.833899,539.196852
11.908972,60.833125,540.029512
-1.197864,70.824732,542.833527
-14.252878,80.901221,547.558939
-26.805570,92.177260,553.557967
-38.218760,106.093992,559.728795
-47.405841,124.531228,564.806756
-52.611606,148.632865,567.708347
-52.134321,175.372064,567.824075
-46.162170,-161.376990,565.179091
-36.526290,-143.789613,560.420565
-24.882478,-130.413426,554.635693
-12.223929,-119.417003,549.048577
0.857826,-109.430204,544.681683
13.925904,-99.364045,542.085746
26.698267,-82.931918,541.224545
38.172415,-68.976312,541.573341
47.417642,-50.437038,542.303997
52.633479,-26.144247,542.666608
52.079479,0.780632,542.246042
45.974205,24.090254,541.116452
36.205309,41.655937,539.823187
24.455799,54.999290,539.196663
11.728480,65.976081,540.054375
-1.380499,75.961692,542.886835
-14.431825,86.046794,547.635674
-26.973740,97.348555,553.645394
-38.364871,111.314492,559.809679
-47.510160,129.827564,564.864026
-52.646386,154.000025,567.729739
-52.085707,-179.269290,567.805414
-46.048803,-156.095152,565.125344
-36.375341,-138.579664,560.344414
-24.711924,-125.248097,554.553991
-12.044036,-114.274086,548.977657
1.040378,-104.293348,544.632900
14.105303,-94.218656,542.062668
26.867177,-77.760332,541.222965
38.319430,-63.754931,541.582821
47.522558,-45.138636,542.313006
52.667813,-20.774065,542.666555
52.029254,6.141032,542.234437
45.858892,29.372126,541.097897
36.052671,46.865408,539.807860
24.284023,60.164233,539.196767
11.547916,71.118850,540.079628
-1.563123,81.098670,542.940523
-14.610676,91.192597,547.712659
-27.141696,102.520355,553.732853
-38.510561,116.535873,559.890346
-47.613709,135.125067,564.920866
-52.680029,159.367755,567.750582
-52.036007,-173.911429,567.786210
-45.934744,-150.814463,565.071185
-36.224020,-133.370520,560.268065
-24.541182,-120.083214,554.472333
-11.864065,-109.131357,548.906983
1.222926,-99.156473,544.584469
14.284614,-89.073039,542.039932
27.035876,-72.588236,541.221617
38.466025,-58.532656,541.592371
47.626695,-39.839048,542.321937
52.700993,-15.403313,542.666341
51.977931,11.500617,542.222689
45.742886,34.652833,541.079307
35.899667,52.074073,539.792665
24.112066,65.328733,539.197164
11.367283,76.261435,540.105271
-1.745734,86.235670,542.994590
-14.789431,96.338631,547.789894
-27.309435,107.692665,553.820342
-38.655826,121.758142,559.970792
-47.716483,140.423737,564.977273
-52.712533,164.736039,567.770876
-51.985224,-168.554367,567.766466
-45.819996,-145.534922,565.016615
-36.072329,-128.162176,560.191523
-24.370255,-114.918773,554.390724
-11.684017,-103.988811,548.836557
1.405470,-94.019578,544.536392
14.463835,-83.927190,542.017537
27.204363,-67.415625,541.220499
38.612194,-53.309482,541.601990
47.730048,-34.538273,542.330789
52.733013,-10.032007,542.665967
51.925516,16.859374,542.210797
45.626193,39.932378,541.060684
35.746300,57.281937,539.777602
23.939932,70.492794,539.197857
11.186581,81.403841,540.131307
-1.928333,91.372694,543.049035
-14.968088,101.484902,547.867373
-27.476955,112.865489,553.907856
-38.800663,126.981304,560.051015
-47.818475,145.723574,565.033246
-52.743894,170.104859,567.790619
-51.933364,-163.198118,567.746182
-45.704566,-140.256525,564.961638
-35.920274,-122.954627,560.114791
-24.199144,-109.754769,554.309165
-11.503893,-98.846447,548.766381
1.588008,-88.882661,544.488667
14.642965,-78.781107,541.995484
27.372634,-62.242496,541.219607
38.757935,-48.085403,541.611674
47.832609,-29.236311,542.339558
52.763873,-4.660167,542.665433
51.872012,22.217289,542.198764
45.508819,45.210765,541.042032
35.592573,62.489005,539.762676
23.767620,75.656421,539.198847
11.005811,86.546069,540.157734
-2.110917,96.509745,543.103856
-15.146645,106.631411,547.945096
-27.644253,118.038831,553.995392
-38.945068,132.205363,560.131010
-47.919682,151.024578,565.088781
-52.774108,175.474197,567.809811
-51.880430,-157.842696,567.725359
-45.588459,-134.979271,564.906256
-35.767856,-117.747867,560.037872
-24.027850,-104.591199,554.227661
-11.323695,-93.704260,548.696457
1.770539,-83.745717,544.441297
14.822003,-73.634785,541.973770
27.540688,-57.068842,541.218941
38.903243,-42.860414,541.621422
47.934374,-23.933163,542.348244
52.793568,0.712189,542.664737
51.817424,27.574348,542.186590
45.390769,50.487995,541.023351
35.438490,67.695283,539.747889
23.595134,80.819617,539.200137
10.824975,91.688122,540.184554
-2.293486,101.646825,543.159052
-15.325102,111.778163,548.023060
-27.811328,123.212696,554.082947
-39.089037,137.430327,560.210774
-48.020095,156.326749,565.143876
-52.803174,-179.155965,567.828451
-51.826427,-152.488113,567.703998
-45.471680,-129.703156,564.850472
-35.615080,-112.541890,559.960770
-23.856377,-99.428057,554.146215
-11.143424,-88.562249,548.626787
1.953063,-78.608744,544.394282
15.000948,-68.488223,541.952395
27.708522,-51.894660,541.218498
39.048115,-37.634507,541.631231
48.035337,-18.628829,542.356845
52.822096,6.085042,542.663879
51.761757,32.930539,542.174276
45.272049,55.764072,541.004644
35.284053,72.900778,539.733242
23.422475,85.982387,539.201728
10.644074,96.830005,540.211768
-2.476039,106.783938,543.214624
-15.503456,116.925160,548.101261
-27.978178,128.387089,554.170518
-39.232565,142.656200,560.290305
-48.119710,161.630086,565.198529
-52.831089,-173.785646,567.846539
-51.771360,-147.134384,567.682100
-45.354235,-124.428177,564.794288
-35.461948,-107.336691,559.883487
-23.684725,-94.265341,554.064829
-10.963081,-83.420409,548.557374
2.135577,-73.471740,544.347621
15.179798,-63.341415,541.931358
27.876135,-46.719944,541.218275
39.192545,-32.407679,541.641099
48.135491,-13.323309,542.365359
52.849454,11.458374,542.662860
51.705016,38.285848,542.161823
45.152663,61.038999,540.985913
35.129266,78.105493,539.718739
23.249644,91.144735,539.203622
10.463109,101.971719,540.239375
-2.658574,111.921087,543.270568
-15.681707,122.072407,548.179698
-28.144799,133.562014,554.258101
-39.375650,147.882988,560.369598
-48.218521,166.934588,565.252739
-52.857850,-168.414863,567.864073
-51.715234,-141.781519,567.659667
-45.236129,-119.154331,564.737707
-35.308463,-102.132264,559.806027
-23.512897,-89.103045,553.983508
-10.782668,-78.278738,548.488219
2.318081,-68.334702,544.301317
15.358551,-58.194360,541.910658
28.043524,-41.544691,541.218272
39.336531,-27.179922,541.651024
48.234831,-8.016605,542.373785
52.875640,16.832166,542.661678
51.647205,43.640263,542.149232
45.032619,66.312779,540.967160
34.974133,83.309436,539.704382
23.076645,96.306665,539.205821
10.282081,107.113268,540.267376
-2.841090,117.058274,543.326885
-15.859853,127.219905,548.258368
-28.311191,138.737477,554.345692
-39.518287,153.110697,560.448650
-48.316523,172.240254,565.306501
-52.883454,-163.043636,567.881054
-51.658052,-136.429534,567.636700
-45.117368,-113.881616,564.680731
-35.154630,-96.928604,559.728394
-23.340894,-83.941166,553.902253
-10.602184,-73.137232,548.419325
2.500575,-63.197628,544.255369
15.537207,-53.047054,541.890293
28.210687,-36.368894,541.218486
39.480069,-21.951231,541.661003
48.333351,-2.708717,542.382121
52.900651,22.206398,542.660333
51.588329,48.993770,542.136504
44.911920,71.585416,540.948386
34.818657,88.512612,539.690172
22.903479,101.468182,539.208328
10.100992,112.254655,540.295773
-3.023587,122.195501,543.383572
-16.037893,132.367659,548.337268
-28.477350,143.913481,554.433288
-39.660472,158.339332,560.527459
-48.413708,177.547083,565.359815
-52.907899,-157.671983,567.897480
-51.599820,-131.078438,567.613199
-44.997957,-108.610028,564.623364
-35.000450,-91.725705,559.650591
-23.168719,-78.779700,553.821069
-10.421633,-67.995890,548.350694
2.683056,-58.060513,544.209778
15.715764,-47.899492,541.870263
28.377621,-31.192551,541.218914
39.623153,-16.721602,541.671034
48.431044,2.600353,542.390365
52.924485,27.581051,542.658826
51.528394,54.346358,542.123640
44.790573,76.856913,540.929596
34.662841,93.715026,539.676114
22.730146,106.629289,539.211143
9.919843,117.395882,540.324565
-3.206063,127.332772,543.440630
-16.215825,137.515672,548.416395
-28.643274,149.090032,554.520885
-39.802201,163.568899,560.606020
-48.510072,-177.144926,565.412677
-52.931183,-152.299923,567.913351
-51.540543,-125.728244,567.589167
-44.877901,-103.339565,564.565607
-34.845928,-86.523562,559.572621
-22.996372,-73.618642,553.739958
-10.241014,-62.854707,548.282327
2.865523,-52.923356,544.164544
15.894220,-42.751673,541.850567
28.544324,-26.015655,541.219556
39.765780,-11.491027,541.681115
48.527905,7.910604,542.398516
52.947138,32.956106,542.657154
51.467404,59.698014,542.110641
44.668583,82.127273,540.910789
34.506687,98.916684,539.662208
22.556651,111.789990,539.214269
9.738635,122.536954,540.353752
-3.388517,132.470089,543.498056
-16.393648,142.663947,548.495747
-28.808962,154.267134,554.608481
-39.943470,168.799403,560.684331
-48.605609,-171.835776,565.465087
-52.953304,-146.927476,567.928666
-51.480225,-120.378965,567.564603
-44.757205,-98.070221,564.507463
-34.691067,-81.322169,559.494488
-22.823856,-68.457988,553.658924
-10.060330,-57.713681,548.214228
3.047976,-47.786154,544.119668
16.072575,-37.603593,541.831203
28.710795,-20.838202,541.220407
39.907947,-6.259501,541.691244
48.623927,13.222034,542.406573
52.968610,38.331542,542.655320
51.405364,65.048728,542.097509
44.545955,87.396501,540.891969
34.350200,104.117592,539.648458
22.382993,116.950289,539.217707
9.557369,127.677872,540.383336
-3.570948,137.607456,543.555850
-16.571361,147.812488,548.575321
-28.974410,159.444792,554.696071
-40.084275,174.030850,560.762389
-48.700312,-166.525467,565.517040
-52.974259,-141.554660,567.943425
-51.418871,-115.030611,567.539510
-44.635875,-92.801995,564.448936
-34.535868,-76.121520,559.416194
-22.651173,-63.297736,553.577969
-9.879581,-52.572809,548.146397
3.230414,-42.648904,544.075150
16.250826,-32.455247,541.812170
28.877030,-15.660187,541.221468
40.049647,-1.027019,541.701418
48.719106,18.534642,542.414533
52.988898,43.707341,542.653321
51.342279,70.398488,542.084244
44.422694,92.664599,540.873137
34.193383,109.317755,539.634865
22.209175,122.110192,539.221459
9.376047,132.818640,540.413317
-3.753355,142.744874,543.614009
-16.748962,152.961298,548.655114
-29.139618,164.623011,554.783653
-40.224612,179.263246,560.840189
-48.794177,-161.214001,565.568536
-52.994047,-136.181494,567.957627
-51.356487,-109.683193,567.513889
-44.513915,-87.534882,564.390027
-34.380337,-70.921611,559.337744
-22.478323,-58.137879,553.497097
-9.698768,-47.432088,548.078837
3.412835,-37.511603,544.030991
16.428973,-27.306634,541.793468
29.043027,-10.481605,541.222734
40.190879,4.206425,541.711635
48.813434,23.848425,542.422395
53.008000,49.083482,542.651158
51.278155,75.747283,542.070848
44.298806,97.931573,540.854296
34.036237,114.517178,539.621433
22.035198,127.269701,539.225527
9.194669,137.959261,540.443695
-3.935737,147.882347,543.672534
-16.926449,158.110380,548.735124
-29.304581,169.801795,554.871222
-40.364477,-175.503405,560.917729
-48.887196,-155.901382,565.619573
-53.012666,-130.808000,567.971272
-51.293077,-104.336723,567.487741
-44.391332,-82.268878,564.330740
-34.224475,-65.722435,559.259141
-22.305310,-52.978415,553.416311
-9.517894,-42.291514,548.011551
3.595238,-32.374248,543.987191
16.607013,-22.157749,541.775095
29.208784,-5.302451,541.224205
40.331636,9.440837,541.721892
48.906906,29.163381,542.430158
53.025914,54.459945,542.648830
51.212997,81.095102,542.057321
44.174297,103.197425,540.835448
33.878768,119.715869,539.608164
21.861066,132.428820,539.229913
9.013237,143.099738,540.474470
-4.118093,153.019878,543.731422
-17.103822,163.259739,548.815348
-29.469298,174.981151,554.958776
-40.503865,-170.269097,560.995005
-48.979365,-150.587612,565.670147
-53.030113,-125.434195,567.984360
-51.228646,-98.991211,567.461067
-44.268130,-77.003981,564.271077
-34.068285,-60.523988,559.180388
-22.132135,-47.819340,553.335614
-9.336958,-37.151086,547.944539
3.777622,-27.236838,543.943750
16.784946,-17.008589,541.757050
29.374299,-0.122721,541.225878
40.471915,14.676222,541.732189
48.999516,34.479508,542.437820
53.042639,59.836710,542.646338
51.146811,86.441934,542.043666
44.049170,108.462160,540.816596
33.720977,124.913830,539.595060
21.686778,137.587554,539.234619
8.831753,148.240073,540.505643
-4.300421,158.157468,543.790672
-17.281079,168.409376,548.895782
-29.633767,-179.838919,555.046310
-40.642772,-165.033823,561.072014
-49.070678,-145.272692,565.720257
-53.046387,-120.060100,567.996889
-51.163200,-93.646667,567.433869
-44.144313,-71.740186,564.211042
-33.911771,-55.326263,559.101488
-21.958799,-42.660649,553.255009
-9.155962,-32.010800,547.877804
3.959987,-22.099368,543.900669
16.962770,-11.859150,541.739332
29.539568,5.057591,541.227751
40.611712,19.912585,541.742522
49.091257,39.796802,542.445380
53.058173,65.213756,542.643680
51.079600,91.787770,542.029882
43.923433,113.725782,540.797740
33.562868,130.111070,539.582123
21.512337,142.745907,539.239645
8.650216,153.380270,540.537214
-4.482720,163.295122,543.850283
-17.458218,173.559296,548.976426
-29.797985,-174.658408,555.133822
-40.781194,-159.797580,561.148754
-49.161129,-139.956627,565.769900
-53.061488,-114.685734,568.008860
-51.096744,-88.303101,567.406147
-44.019889,-66.477489,564.150636
-33.754936,-50.129256,559.022445
-21.785304,-37.502339,553.174499
-8.974907,-26.870652,547.811347
4.142330,-16.961837,543.857948
17.140484,-6.709430,541.721940
29.704590,10.238489,541.229821
40.751022,25.149933,541.752888
49.182125,45.115261,542.452836
53.072513,70.591063,542.640858
51.011371,97.132599,542.015972
43.797089,118.988295,540.778884
33.404443,135.307592,539.569356
21.337744,147.903882,539.244995
8.468629,158.520332,540.569184
-4.664990,168.432841,543.910254
-17.635239,178.709503,549.057274
-29.961950,-169.477312,555.221308
-40.919127,-154.560362,561.225220
-49.250711,-134.639418,565.819076
-53.075412,-109.311119,568.020271
-51.029282,-82.960522,567.377905
-43.894861,-61.215886,564.089862
-33.597783,-44.932960,558.943263
-21.611652,-32.344406,553.094088
-8.793795,-21.730641,547.745172
4.324651,-11.824240,543.815588
17.318086,-1.559424,541.704871
29.869363,15.419979,541.232087
40.889841,30.388271,541.763287
49.272113,50.434881,542.460187
53.085660,75.968611,542.637870
50.942130,102.476412,542.001936
43.670143,124.249703,540.760029
33.245706,140.503403,539.556761
21.163002,153.061483,539.250669
8.286993,163.660261,540.601553
-4.847230,173.570629,543.970583
-17.812138,-176.140001,549.138326
-30.125659,-164.295627,555.308763
-41.056566,-149.322162,561.301410
-49.339419,-129.321071,565.867780
-53.088159,-103.936273,568.031124
-50.960821,-77.618942,567.349142
-43.769234,-55.955373,564.028724
-33.440314,-39.737372,558.863944
-21.437844,-27.186846,553.013778
-8.612626,-16.590763,547.679278
4.506949,-6.686577,543.773588
17.495575,3.590871,541.688126
30.033883,20.602066,541.234547
41.028165,35.627604,541.773715
49.361214,55.755660,542.467431
53.097611,81.346379,542.634717
50.871881,107.819199,541.987776
43.542602,129.510011,540.741178
33.086660,145.698507,539.544341
20.988112,158.218715,539.256670
8.105308,168.800061,540.634320
-5.029437,178.708489,544.031268
-17.988916,-170.989212,549.219577
-30.289110,-159.113346,555.396186
-41.193507,-144.082977,561.377320
-49.427248,-124.001587,565.916013
-53.099728,-98.561217,568.041416
-50.891366,-72.278368,567.319860
-43.643013,-50.695945,563.967224
-33.282532,-34.542484,558.784492
-21.263883,-22.029654,552.933572
-8.431402,-11.451015,547.613670
4.689223,-1.548843,543.731949
17.672949,8.741458,541.671703
30.198148,25.784753,541.237197
41.165988,40.867938,541.784171
49.449424,61.077593,542.474566
53.108366,86.724346,542.631399
50.800630,113.160952,541.973493
43.414470,134.769224,540.722333
32.927307,150.892911,539.532098
20.813076,163.375581,539.262998
7.923576,173.939734,540.667487
-5.211611,-176.153578,544.092308
-18.165571,-165.838125,549.301025
-30.452300,-153.930465,555.483572
-41.329946,-138.842800,561.452947
-49.514192,-118.680971,565.963771
-53.110117,-93.185971,568.051149
-50.820921,-66.938809,567.290061
-43.516204,-45.437599,563.905365
-33.124441,-29.348292,558.704911
-21.089769,-16.872828,552.853473
-8.250124,-6.311395,547.548347
4.871471,3.588964,543.690671
17.850206,13.892341,541.655601
30.362156,30.968048,541.240037
41.303307,46.109278,541.794652
49.536735,66.400676,542.481592
53.117923,92.102492,542.627915
50.728383,118.501662,541.959088
43.285752,140.027345,540.703497
32.767651,156.086619,539.520035
20.637894,168.532085,539.269656
7.741799,179.079283,540.701054
-5.393752,-171.015567,544.153703
-18.342100,-160.686739,549.382667
-30.615228,-148.746979,555.570918
-41.465878,-133.601626,561.528288
-49.600244,-113.359228,566.011052
-53.119326,-87.810555,568.060321
-50.749492,-61.600274,567.259746
-43.388812,-40.180331,563.843150
-32.966043,-24.154791,558.625204
-20.915505,-11.716363,552.773485
-8.068793,-1.171899,547.483313
5.053692,8.726846,543.649755
18.027346,19.043524,541.639818
30.525904,36.151954,541.243064
41.440116,51.351630,541.805156
49.623143,71.724905,542.488507
53.126281,97.480795,542.624265
50.655146,123.841320,541.944563
43.156453,145.284379,540.684671
32.607694,161.279638,539.508153
20.462570,173.688231,539.276646
7.559976,-175.781288,540.735020
-5.575857,-165.877477,544.215449
-18.518504,-155.535049,549.464501
-30.777889,-143.562883,555.658220
-41.601299,-128.359450,561.603340
-49.685399,-108.036360,566.057855
-53.127354,-82.434990,568.068933
-50.677086,-56.262772,567.228917
-43.260840,-34.924134,563.780581
-32.807341,-18.961976,558.545374
-20.741092,-6.560255,552.693610
-7.887410,3.967475,547.418568
5.235886,13.864808,543.609200
18.204367,24.195009,541.624352
30.689390,41.336477,541.246275
41.576412,56.594999,541.815680
49.708641,77.050276,542.495310
53.133440,102.859235,542.620449
50.580923,129.179918,541.929918
43.026578,150.540331,540.665857
32.447440,166.471972,539.496456
20.287105,178.844022,539.283968
7.378110,-170.641978,540.769386
-5.757925,-160.739304,544.277547
-18.694779,-150.383051,549.546523
-30.940283,-138.378173,555.745475
-41.736204,-123.116268,561.678100
-49.769652,-102.712374,566.104178
-53.134200,-77.059297,568.076984
-50.603706,-50.926310,567.197575
-43.132295,-29.669007,563.717662
-32.648338,-13.769840,558.465425
-20.566532,-1.404501,552.613852
-7.705977,9.106730,547.354115
5.418050,19.002850,543.569007
18.381266,29.346801,541.609204
30.852611,46.521621,541.249669
41.712190,61.839390,541.826223
49.793223,82.376784,542.501999
53.139399,108.237791,542.616467
50.505720,134.517448,541.915156
42.896133,155.795206,540.647059
32.286890,171.663626,539.484945
20.111500,-176.000537,539.291625
7.196202,-165.502782,540.804152
-5.939957,-155.601045,544.339993
-18.870925,-145.230743,549.628731
-31.102406,-133.192842,555.832680
-41.870590,-117.872073,561.752564
-49.852996,-97.387273,566.150018
-53.139862,-71.683495,568.084473
-50.529359,-45.590897,567.165721
-43.003181,-24.414942,563.654395
-32.489037,-8.578378,558.385359
-20.391826,3.750902,552.534212
-7.524494,14.245870,547.289955
5.600185,24.140977,543.529176
18.558044,34.498904,541.594371
31.015564,51.707393,541.253243
41.847445,67.084808,541.836783
49.876884,87.704424,542.508573
53.144157,113.616441,542.612320
50.429544,139.853902,541.900277
42.765121,161.049008,540.628277
32.126049,176.854607,539.473623
19.935756,-170.845442,539.299617
7.014253,-160.363699,540.839319
-6.121949,-150.462699,544.402788
-19.046940,-140.078120,549.711121
-31.264256,-128.006886,555.919830
-42.004450,-112.626861,561.826729
-49.935426,-92.061063,566.195374
-53.144342,-66.307605,568.091402
-50.454049,-40.256540,567.133358
-42.873503,-19.161937,563.590783
-32.329440,-3.387586,558.305182
-20.216977,8.905960,552.454696
-7.342963,19.384897,547.226091
5.782289,29.279191,543.489706
18.734698,39.651320,541.579852
31.178247,56.893797,541.256995
41.982173,72.331259,541.847357
49.959617,93.033190,542.515030
53.147714,118.995164,542.608007
50.352399,145.189274,541.885283
42.633549,166.301742,540.609516
31.964918,-177.955080,539.462493
19.759876,-165.690691,539.307948
6.832263,-155.224724,540.874885
-6.303902,-145.324261,544.465928
-19.222823,-134.925179,549.793691
-31.425830,-122.820300,556.006923
-42.137782,-107.380626,561.900592
-50.016936,-86.733749,566.240243
-53.147638,-60.931649,568.097769
-50.377784,-34.923245,567.100487
-42.743265,-13.909987,563.526830
-32.169550,1.802542,558.224895
-20.041984,14.060676,552.375304
-7.161384,24.523813,547.162523
5.964360,34.417495,543.450599
18.911226,44.804054,541.565645
31.340658,62.080838,541.260923
42.116368,77.578748,541.857943
50.041417,98.363078,542.521369
53.150069,124.373941,542.603527
50.274292,150.523555,541.870175
42.501420,171.553414,540.590776
31.803501,-172.765430,539.451556
19.583862,-160.536278,539.316618
6.650235,-150.085857,540.910852
-6.485815,-140.185729,544.529413
-19.398572,-129.771916,549.876438
-31.587126,-117.633078,556.093955
-42.270579,-102.133364,561.974151
-50.097520,-81.405336,566.284625
-53.149749,-55.555646,568.103575
-50.300568,-29.591021,567.067110
-42.612473,-8.659086,563.462537
-32.009370,6.992010,558.144502
-19.866851,19.215052,552.296041
-6.979760,29.662623,547.099255
6.146398,39.555892,543.411854
19.087627,49.957109,541.551750
31.502793,67.268521,541.265024
42.250027,82.827280,541.868538
50.122278,103.694082,542.527590
53.151223,129.752748,542.598883
50.195229,155.856740,541.854955
42.368740,176.804028,540.572059
31.641800,-167.576439,539.440815
19.407714,-155.382202,539.325628
6.468169,-144.947093,540.947220
-6.667685,-135.047101,544.593241
-19.574185,-124.618327,549.959359
-31.748140,-112.445217,556.180922
-42.402838,-96.885070,562.047402
-50.177174,-76.075831,566.328516
-53.150677,-50.179616,568.108819
-50.222406,-24.259874,567.033227
-42.481131,-3.409229,563.397909
-31.848903,12.180826,558.064007
-19.691579,24.369094,552.216909
-6.798090,34.801328,547.036286
6.328402,44.694384,543.373471
19.263900,55.110488,541.538165
31.664649,72.456853,541.269297
42.383144,88.076861,541.879142
50.202193,109.026195,542.533690
53.151174,135.131566,542.594072
50.115214,161.188821,541.839624
42.235513,-177.946412,540.553370
31.479818,-162.388100,539.430273
19.231434,-150.228456,539.334981
6.286066,-139.808429,540.983987
-6.849512,-129.908373,544.657410
-19.749662,-119.464410,550.042450
-31.908871,-107.256709,556.267820
-42.534554,-91.635738,562.120341
-50.255890,-70.745239,566.371916
-53.150420,-44.803582,568.113501
-50.143305,-18.929810,566.998842
-42.349244,1.839587,563.332947
-31.688151,17.368992,557.983414
-19.516169,29.522804,552.137911
-6.616377,39.939931,546.973619
6.510370,49.832974,543.335450
19.440043,60.264196,541.524887
31.826225,77.645837,541.273739
42.515715,93.327494,541.889750
50.281158,114.359411,542.539668
53.149924,140.510373,542.589095
50.034255,166.519793,541.824184
42.101745,-172.697899,540.534709
31.317557,-157.200408,539.419931
19.055025,-145.075039,539.344678
6.103927,-134.669863,541.021156
-7.031295,-124.769543,544.721918
-19.925000,-114.310160,550.125709
-32.069316,-102.067551,556.354647
-42.665723,-86.385364,562.192967
-50.333663,-65.413568,566.414823
-53.148978,-39.427563,568.117621
-50.063270,-13.600836,566.963954
-42.216816,7.087368,563.267656
-31.527116,22.556516,557.902725
-19.340623,34.676187,552.059050
-6.434621,45.078436,546.911256
6.692301,54.971666,543.297792
19.616055,65.418236,541.511917
31.987518,82.835480,541.278348
42.647735,98.579186,541.900363
50.359166,119.693724,542.545523
53.147472,145.889148,542.583954
49.952356,171.849649,541.808635
41.967439,-167.450429,540.516078
31.155021,-152.013359,539.409792
18.878486,-139.921946,539.354719
5.921755,-129.531393,541.058725
-7.213033,-119.630607,544.786765
-20.100197,-109.155573,550.209134
-32.229472,-96.877736,556.441399
-42.796338,-81.133943,562.265275
-50.410489,-60.080822,566.457233
-53.146353,-34.051580,568.121180
-49.982307,-8.272958,566.928567
-42.083853,12.334119,563.202037
-31.365803,27.743401,557.821943
-19.164942,39.829246,551.980328
-6.252824,50.216845,546.849198
6.874194,60.110462,543.260495
19.791933,70.572613,541.499253
32.148524,88.025786,541.283121
42.779199,103.831942,541.910976
50.436212,125.029127,542.551255
53.143818,151.267870,542.578646
49.869523,177.178384,541.792980
41.832602,-162.203996,540.497481
30.992212,-146.826946,539.399859
18.701821,-134.769174,539.365108
5.739549,-124.393014,541.096694
-7.394724,-114.491564,544.851947
-20.275253,-104.000646,550.292720
-32.389336,-91.687261,556.528072
-42.926397,-75.881470,562.337263
-50.486360,-54.747010,566.499147
-53.142544,-28.675653,568.124176
-49.900421,-2.946180,566.892682
-41.950358,17.579845,563.136094
-31.204212,32.929653,557.741073
-18.989129,44.981984,551.901750
-6.070986,55.355161,546.787446
7.056048,65.249365,543.223561
19.967677,75.727328,541.486892
32.309241,93.216761,541.288057
42.910101,109.085765,541.921589
50.512290,130.365613,542.556860
53.138963,156.646517,542.573173
49.785764,-177.494008,541.777219
41.697236,-156.958596,540.478919
30.829132,-141.641165,539.390133
18.525031,-129.616719,539.375845
5.557311,-119.254725,541.135063
-7.576367,-109.352409,544.917464
-20.450165,-98.845376,550.376464
-32.548905,-86.496119,556.614664
-43.055893,-70.627941,562.408928
-50.561273,-49.412138,566.540562
-53.137551,-23.299803,568.126611
-49.817618,2.379491,566.856301
-41.816337,22.824550,563.069830
-31.042348,38.115277,557.660118
-18.813183,50.134406,551.823317
-5.889109,60.493386,546.726003
7.237862,70.388378,543.186989
20.143284,80.882387,541.474834
32.469666,98.408410,541.293153
43.040439,114.340661,541.932198
50.587394,135.703174,542.562340
53.132908,162.025069,542.567535
49.701082,-172.167532,541.761355
41.561348,-151.714224,540.460395
30.665785,-136.456011,539.380617
18.348116,-124.464577,539.386931
5.375042,-114.116522,541.173833
-7.757961,-104.213140,544.983314
-20.624933,-93.689757,550.460365
-32.708178,-81.304306,556.701169
-43.184823,-65.373351,562.480266
-50.635220,-44.076215,566.581477
-53.131375,-17.924051,568.128484
-49.733904,7.704050,566.819425
-41.681793,28.068241,563.003248
-30.880211,43.300278,557.579081
-18.637108,55.286515,551.745033
-5.707194,65.631525,546.664870
7.419635,75.527503,543.150779
20.318753,86.037793,541.463077
32.629796,103.600739,541.298407
43.170205,119.596635,541.942802
50.661518,141.041803,542.567691
53.125652,167.403505,542.561733
49.615485,-166.842194,541.745388
41.424941,-146.470873,540.441912
30.502173,-131.271478,539.371314
18.171079,-119.312745,539.398369
5.192743,-108.978403,541.213003
-7.939506,-99.073755,545.049495
-20.799554,-88.533787,550.544418
-32.867150,-76.111815,556.787585
-43.313181,-60.117695,562.551275
-50.708198,-38.739246,566.621889
-53.124017,-12.548418,568.129795
-49.649285,13.027492,566.782056
-41.546732,33.310921,562.936350
-30.717806,48.484662,557.497965
-18.460904,60.438314,551.666900
-5.525242,70.769578,546.604048
7.601365,80.666744,543.114930
20.494082,91.193550,541.451619
32.789629,108.793753,541.303816
43.299396,124.853691,541.953400
50.734657,146.381491,542.572913
53.117197,172.781804,542.555765
49.528977,-161.517997,541.729321
41.288020,-141.228538,540.423470
30.338298,-126.087562,539.362226
17.993922,-114.161219,539.410159
5.010416,-103.840365,541.252574
-8.121000,-93.934250,545.116004
-20.974027,-83.377462,550.628621
-33.025819,-70.918642,556.873908
-43.440962,-54.860969,562.621952
-50.780199,-33.401241,566.661797
-53.115477,-7.172923,568.130544
-49.563766,18.349812,566.744196
-41.411158,38.552597,562.869141
-30.555134,53.668432,557.416775
-18.284574,65.589807,551.588921
-5.343254,75.907550,546.543539
7.783052,85.806104,543.079444
20.669270,96.349662,541.440460
32.949162,113.987457,541.309379
43.428006,130.111834,541.963987
50.806806,151.722231,542.578005
53.107543,178.159944,542.549633
49.441566,-156.194946,541.713155
41.150590,-135.987215,540.405074
30.174163,-120.904257,539.353354
17.816645,-109.009996,539.422302
4.828061,-98.702404,541.292544
-8.302441,-88.794622,545.182841
-21.148350,-78.220778,550.712970
-33.184183,-65.724782,556.960135
-43.568162,-49.603168,562.692293
-50.851219,-28.062208,566.701199
-53.105756,-1.797587,568.130732
-49.477353,23.671007,566.705847
-41.275075,43.793274,562.801622
-30.392198,58.851595,557.335512
-18.108117,70.740997,551.511100
-5.161231,81.045443,546.483344
7.964693,90.945585,543.044319
20.844316,101.506132,541.429596
33.108391,119.181857,541.315092
43.556030,135.371069,541.974564
50.877959,157.064015,542.582966
53.096691,-176.462094,542.543336
49.353257,-150.873045,541.696891
41.012656,-130.746898,540.386724
30.009770,-115.721558,539.344701
17.639250,-103.859071,539.434801
4.645679,-93.564519,541.332914
-8.483828,-83.654869,545.250004
-21.322521,-73.063731,550.797464
-33.342238,-60.530229,557.046263
-43.694776,-44.344288,562.762296
-50.921253,-22.722155,566.740094
-53.094855,3.577570,568.130358
-49.390052,28.991072,566.667011
-41.138488,49.032956,562.733797
-30.229000,64.034155,557.254182
-17.931537,75.891889,551.433438
-4.979175,86.183260,546.423466
8.146289,96.085190,543.009555
21.019216,106.662965,541.419028
33.267314,124.376957,541.320955
43.683464,140.631401,541.985126
50.948109,162.406832,542.587795
53.084643,-171.084333,542.536875
49.264056,-145.552299,541.680531
40.874221,-125.507581,540.368424
29.845123,-110.539460,539.336270
17.461739,-98.708443,539.447657
4.463272,-88.426706,541.373683
-8.665162,-78.514988,545.317490
-21.496540,-67.906318,550.882097
-33.499982,-55.334977,557.132287
-43.820798,-39.084324,562.831958
-50.990295,-17.381090,566.778480
-53.082775,8.952527,568.129423
-49.301868,34.310002,566.627689
-41.001401,54.271649,562.665669
-30.065544,69.216117,557.172786
-17.754834,81.042486,551.355938
-4.797086,91.321004,546.363904
8.327837,101.224922,542.975153
21.193971,111.820163,541.408753
33.425928,129.572765,541.326964
43.810302,145.892832,541.995673
51.017252,167.750675,542.592490
53.071400,-165.706792,542.530251
49.173968,-140.232711,541.664077
40.735290,-120.269259,540.350176
29.680223,-105.357958,539.328063
17.284113,-93.558106,539.460871
4.280841,-83.288963,541.414852
-8.846439,-73.374975,545.385298
-21.670404,-62.748534,550.966868
-33.657412,-50.139022,557.218204
-43.946224,-33.823273,562.901275
-51.058339,-12.039024,566.816356
-53.069517,14.327264,568.127927
-49.212808,39.627795,566.587884
-40.863819,59.509358,562.597241
-29.901830,74.397487,557.091329
-17.578010,86.192790,551.278604
-4.614965,96.458677,546.304661
8.509338,106.364785,542.941112
21.368578,116.977732,541.398769
33.584229,134.769284,541.333117
43.936539,151.155369,542.006203
51.085383,173.095534,542.597050
53.056962,-160.329492,542.523463
49.083000,-134.914284,541.647530
40.595868,-115.031927,540.331982
29.515073,-100.177048,539.320082
17.106374,-88.408057,539.474443
4.098387,-78.151287,541.456419
-9.027660,-68.234829,545.453425
-21.844111,-57.590375,551.051773
-33.814524,-44.942358,557.304011
-44.071049,-28.561131,562.970246
-51.125381,-6.695965,566.853720
-53.055083,19.701761,568.125870
-49.122877,44.944447,566.547597
-40.725745,64.746089,562.528517
-29.737863,79.578268,557.009814
-17.401066,91.342806,551.201438
-4.432815,101.596282,546.245739
8.690788,111.504780,542.907431
21.543035,122.135675,541.389076
33.742216,139.966521,541.339412
44.062170,156.419015,542.016712
51.152496,178.441399,542.601475
53.041332,-154.952454,542.516511
48.991159,-129.597022,541.630892
40.455959,-109.795578,540.313844
29.349675,-94.996723,539.312329
16.928523,-83.258294,539.488376
3.915911,-73.013675,541.498386
-9.208822,-63.094545,545.521871
-22.017660,-52.431838,551.136809
-33.971317,-39.744980,557.389705
-44.195267,-23.297892,563.038866
-51.191415,-1.351922,566.890570
-53.039474,25.075998,568.123252
-49.032082,50.259954,566.506830
-40.587185,69.981846,562.459498
-29.573643,84.758467,556.928244
-17.224005,96.492538,551.124443
-4.250635,106.733822,546.187137
8.872188,116.644912,542.874111
21.717340,127.293996,541.379671
33.899885,145.164481,541.345846
44.187189,161.683774,542.027200
51.218584,-176.211739,542.605763
53.024510,-149.575699,542.509397
48.898449,-124.280928,541.614164
40.315567,-104.560208,540.295766
29.184032,-89.816980,539.304807
16.750561,-78.108812,539.502671
3.733414,-67.876124,541.540751
-9.389925,-57.954121,545.590632
-22.191049,-47.272919,551.221973
-34.127786,-34.546881,557.475281
-44.318874,-18.033553,563.107133
-51.256436,3.993093,566.926906
-53.022692,30.449955,568.120074
-48.940427,55.574314,566.465586
-40.448141,75.216636,562.390189
-29.409174,89.938087,556.846622
-17.046826,101.641988,551.047621
-4.068426,111.871300,546.128859
9.053537,121.785182,542.841151
21.891493,132.452699,541.370552
34.057232,150.363169,541.352418
44.311592,166.949650,542.037664
51.283644,-170.863892,542.609914
53.006499,-144.199245,542.502120
48.804876,-118.966004,541.597348
40.174697,-99.325811,540.277748
29.018147,-84.637812,539.297517
16.572490,-72.959608,539.517329
3.550898,-62.738631,541.583514
-9.570968,-52.813554,545.659707
-22.364276,-42.113614,551.307261
-34.283929,-29.348058,557.560736
-44.441864,-12.768111,563.175045
-51.320439,9.339072,566.962724
-53.004737,35.823612,568.116336
-48.847919,60.887523,566.423866
-40.308620,80.450464,562.320593
-29.244459,95.117134,556.764953
-16.869532,106.791160,550.970976
-3.886191,117.008719,546.070905
9.234832,126.925594,542.808551
22.065491,137.611788,541.361719
34.214255,155.562592,541.359125
44.435374,172.216649,542.048102
51.347670,-165.515068,542.613925
52.987300,-138.823115,542.494681
48.710448,-113.652253,541.580445
40.033353,-94.092381,540.259795
28.852021,-79.459217,539.290463
16.394312,-67.810679,539.532351
3.368362,-57.601194,541.626675
-9.751949,-47.672841,545.729094
-22.537341,-36.953918,551.392671
-34.439743,-24.148504,557.646067
-44.564233,-7.501561,563.242598
-51.383418,14.686004,566.998025
-52.985613,41.196950,568.112037
-48.754563,66.199580,566.381672
-40.168624,85.683335,562.250712
-29.079498,100.295613,556.683239
-16.692125,111.940057,550.894510
-3.703930,122.146081,546.013276
9.416073,132.066151,542.776311
22.239332,142.771266,541.353169
34.370951,160.762754,541.365965
44.558528,177.484772,542.058513
51.410657,-160.165280,542.617797
52.966915,-133.447327,542.487081
48.615169,-108.339677,541.563458
39.891539,-88.859912,540.241907
28.685657,-74.281187,539.283646
16.216028,-62.662020,539.547739
3.185809,-52.463810,541.670234
-9.932867,-42.531980,545.798792
-22.710240,-31.793828,551.478200
-34.595225,-18.948214,557.731271
-44.685975,-2.233900,563.309789
-51.445369,20.033877,567.032806
-52.965319,46.569948,568.107180
-48.660366,71.510481,566.339006
-40.028159,90.915255,562.180549
-28.914295,105.473528,556.601484
-16.514604,117.088683,550.818225
-3.521644,127.283389,545.955974
9.597258,137.206856,542.744429
22.413015,147.931139,541.344901
34.527317,165.963661,541.372935
44.681050,-177.245975,542.068893
51.472599,-154.814538,542.621528
52.945346,-128.071902,542.479319
48.519046,-103.028279,541.546389
39.749259,-83.628400,540.224088
28.519058,-69.103719,539.277068
16.037639,-57.513630,539.563494
3.003240,-47.326476,541.714190
-10.113721,-37.390966,545.868797
-22.882972,-26.633341,551.563844
-34.750371,-13.747182,557.816343
-44.807084,3.034876,563.376616
-51.506287,25.382682,567.067066
-52.943860,51.942588,568.101763
-48.565333,76.820225,566.295870
-39.887227,96.146229,562.110109
-28.748852,110.650884,556.519691
-16.336973,122.237042,550.742125
-3.339334,132.420646,545.899000
9.778387,142.347711,542.712907
22.586538,153.091409,541.336913
34.683349,171.165319,541.380033
44.802935,-171.975589,542.079241
51.533492,-149.462853,542.625117
52.922596,-122.696859,542.471396
48.422084,-97.718060,541.529237
39.606518,-78.397838,540.206339
28.352225,-63.926808,539.270732
15.859147,-52.365504,539.579616
2.820655,-42.189189,541.758542
-10.294510,-32.249798,545.939108
-23.055536,-21.472451,551.649600
-34.905179,-8.545403,557.901280
-44.927557,8.304771,563.443075
-51.566167,30.732406,567.100804
-52.921236,57.314850,568.095788
-48.469469,82.128810,566.252267
-39.745834,101.376262,562.039393
-28.583171,115.827687,556.437864
-16.159232,127.385136,550.666211
-3.157002,137.557855,545.842355
9.959458,147.488720,542.681743
22.759900,158.252081,541.329203
