48.449198,-160.036447,542.393267
52.928805,-135.043594,542.659191
51.517084,-108.282559,542.121127
44.767840,-85.787167,540.925234
34.633701,-68.941908,539.671968
22.697747,-56.035316,539.209604
9.885987,-45.272401,540.327497
-3.240168,-35.336221,543.448653
-16.249081,-25.151281,548.428557
-28.674280,-13.571544,554.534851
-39.828664,0.917292,560.618707
-48.528011,20.218173,565.421131
-52.935411,45.075087,567.915579
-51.529334,71.642531,567.584691
-44.855364,94.016265,564.555590
-34.816980,110.819519,559.559534
-22.964114,123.716785,553.726875
-10.207229,134.477022,548.272045
2.899635,144.407636,544.158792
15.927563,154.581328,541.849563
28.408787,166.145804,541.221420
39.649831,-179.373257,541.674880
48.545902,-154.725976,542.401391
52.951238,-129.668467,542.657479
51.455898,-102.931077,542.108093
44.645730,-80.517018,540.906415
34.477485,-63.740391,539.658083
22.524221,-50.874690,539.212782
9.704768,-40.131358,540.356755
-3.422618,-30.198894,543.506147
-16.426884,-20.002956,548.507952
-28.839923,-8.394338,554.622451
-39.969846,6.147972,560.696978
-48.623392,25.527541,565.473465
-52.957314,50.447605,567.930800
-51.468822,76.991638,567.560039
-44.734549,99.285399,564.497385
-34.662055,116.020773,559.481379
-22.791566,128.877363,553.645862
-10.026533,139.618019,548.204000
3.082086,149.544846,544.113984
16.105898,159.729457,541.830259
28.575447,171.322804,541.222096
39.792373,-174.142505,541.684963
48.641768,-149.414326,542.409420
52.972489,-124.292961,542.655604
51.393662,-97.580540,542.094925
44.522984,-75.248002,540.887582
34.320935,-58.539622,539.644353
22.350533,-45.714464,539.216272
9.523491,-34.990468,540.386409
-3.605045,-25.061518,543.564008
-16.604576,-14.854365,548.587570
-29.005327,-3.216576,554.710044
-40.110564,11.379597,560.774995
-48.717939,30.838066,565.525342
-52.978051,55.820488,567.945465
-51.407275,82.339818,567.534858
-44.613101,104.553417,564.438796
-34.506794,121.221282,559.403065
-22.618852,134.037541,553.564929
-9.845772,144.758863,548.136224
3.264520,154.682106,544.069535
16.284130,164.877852,541.811287
28.741873,176.500361,541.222982
39.934452,-168.910802,541.695093
48.736788,-144.101499,542.417353
52.992556,-118.917097,542.653564
51.330384,-92.230960,542.081625
44.399605,-69.980114,540.868739
34.164056,-53.339598,539.630782
22.176685,-40.554636,539.220076
9.342158,-29.849728,540.416459
-3.787448,-19.924090,543.622234
-16.782156,-9.705504,548.667406
-29.170489,1.961749,554.797629
-40.250813,16.612170,560.852754
-48.811646,36.149748,565.576761
-52.997620,61.193716,567.959574
-51.344698,87.687059,567.509149
-44.491024,109.820322,564.379826
-34.351200,126.421054,559.324595
-22.445972,139.197323,553.484080
-9.664948,149.899556,548.068719
3.446938,159.819416,544.025444
16.462257,170.026516,541.792644
28.908064,-178.321518,541.224076
40.076065,-163.678140,541.705268
48.830956,-138.787496,542.425188
53.011436,-113.540895,542.651359
51.266066,-86.882347,542.068193
44.275601,-64.713350,540.849886
34.006850,-48.140311,539.617371
22.002680,-35.395200,539.224197
9.160770,-24.709134,540.446908
-3.969825,-14.786606,543.680826
-16.959622,-4.556371,548.747458
-29.335406,7.140640,554.885201
-40.390589,21.845698,560.930252
-48.904507,41.462583,565.627721
-53.016020,66.567270,567.973125
-51.281097,93.033351,567.482912
-44.368325,115.086118,564.320479
-34.195277,131.620093,559.245972
-22.272929,144.356714,553.403317
-9.484061,155.040102,548.001488
3.629337,164.956781,543.981712
16.640277,175.175452,541.774331
29.074016,-173.142830,541.225376
40.217208,-158.444516,541.715485
48.924268,-133.472322,542.432923
53.029128,-108.164374,542.648991
51.200716,-81.534711,542.054632
44.150976,-59.447707,540.831027
33.849320,-42.941758,539.604124
21.828517,-30.236153,539.228636
8.979328,-19.568684,540.477753
-4.152176,-9.649065,543.739781
-17.136974,0.593040,548.827723
-29.500078,12.320103,554.972756
-40.529887,27.080187,561.007486
-48.996516,46.776569,565.678217
-53.033248,71.941131,567.986118
-51.216476,98.378683,567.456151
-44.245007,120.350808,564.260756
-34.039027,136.818405,559.167200
-22.099723,149.515717,553.322644
-9.303114,160.180503,547.934532
3.811718,170.094202,543.938339
16.818190,-179.675336,541.756345
29.239728,-167.963569,541.226879
40.357877,-153.209923,541.725743
49.016716,-128.155977,542.440557
53.045630,-102.787555,542.646457
51.134337,-76.188064,542.040942
44.025735,-54.183180,540.812164
33.691470,-37.743931,539.591042
21.654201,-25.077490,539.233395
8.797834,-14.428374,540.508997
-4.334499,-4.511462,543.799098
-17.314209,5.742730,548.908199
-29.664500,17.500141,555.060291
-40.668704,32.315641,561.084453
-49.087668,52.091703,565.728249
-53.049302,77.315278,567.998553
-51.150841,103.723044,567.428865
-44.121077,125.614398,564.200661
-33.882453,142.015995,559.088282
-21.926357,154.674336,553.242063
-9.122107,165.320763,547.867852
3.994078,175.231683,543.895327
16.995993,-174.525845,541.738686
29.405197,-162.783731,541.228585
40.498066,-147.974356,541.736039
49.108295,-122.838465,542.448088
53.060941,-97.410459,542.643759
51.066936,-70.842416,542.027124
43.899883,-48.919765,540.793297
33.533301,-32.546826,539.578128
21.479731,-19.919208,539.238475
8.616287,-9.288203,540.540639
-4.516793,0.626203,543.858775
-17.491326,10.892704,548.988883
-29.828671,22.680761,555.147803
-40.807035,37.552067,561.161149
-49.177956,57.407983,565.777815
-53.064183,82.689692,568.010430
-51.084196,109.066426,567.401057
-43.996539,130.876890,564.140196
-33.725558,147.212868,559.009221
-21.752833,159.832575,553.161578
-8.941042,170.460885,547.801452
4.176417,-179.630774,543.852674
17.173686,-169.376072,541.721352
29.570421,-157.603310,541.230490
40.637772,-142.737809,541.746371
49.198999,-117.519789,542.455515
53.075059,-92.033105,542.640895
50.998518,-65.497776,542.013179
43.773427,-43.657459,540.774431
33.374818,-27.350437,539.565384
21.305111,-14.761303,539.243879
8.434691,-4.148166,540.572679
-4.699057,5.763936,543.918812
-17.668324,16.042964,549.069772
-29.992588,27.861967,555.235289
-40.944876,42.789469,561.237571
-49.267376,62.725404,565.826912
-53.077887,88.064352,568.021747
-51.016547,114.408818,567.372727
-43.871398,136.138288,564.079364
-33.568345,152.409031,558.930022
-21.579152,164.990439,553.081192
-8.759919,175.600871,547.735333
4.358734,-174.493165,543.810382
17.351267,-164.226012,541.704342
29.735396,-152.422301,541.232592
40.776991,-137.500277,541.756736
49.288821,-112.199952,542.462837
53.087983,-86.655514,542.637866
50.929088,-60.154154,541.999109
43.646370,-38.396256,540.755567
33.216023,-22.154758,539.552814
21.130341,-9.603771,539.249607
8.253045,0.991739,540.605119
-4.881291,10.901737,543.979207
-17.845201,21.193515,549.150864
-30.156249,33.043764,555.322744
-41.082222,48.027852,561.313717
-49.355920,68.043965,565.875538
-53.090414,93.439239,568.032505
-50.947899,119.750212,567.343878
-43.745660,141.398598,564.018168
-33.410817,157.604488,558.850686
-21.405315,170.147930,553.000907
-8.578740,-179.259276,547.669497
4.541027,-169.355489,543.768451
17.528734,-159.075663,541.687655
29.900121,-147.240701,541.234889
40.915718,-132.261753,541.767133
49.377756,-106.878958,542.470051
53.099711,-81.277708,542.634672
50.858652,-54.811559,541.984915
43.518718,-33.136153,540.736707
33.056919,-16.959785,539.540418
20.955423,-4.446608,539.255663
8.071351,6.131515,540.637957
-5.063492,16.039610,544.039958
-18.021956,26.344360,549.232154
-30.319652,38.226157,555.410165
-41.219070,53.267223,561.389582
-49.443584,73.363661,565.923691
-53.101762,98.814333,568.042704
-50.878258,125.090596,567.314510
-43.619329,146.657823,563.956611
-33.252978,162.799245,558.771219
-21.231325,175.305052,552.920727
-8.397506,-174.119552,547.603945
4.723296,-164.217742,543.726880
17.706086,-153.925021,541.671290
30.064594,-142.058502,541.237380
41.053948,-127.022234,541.777559
49.465799,-101.556810,542.477157
53.110242,-75.899706,542.631312
50.787214,-49.470000,541.970599
43.390476,-27.877145,540.717854
32.897510,-11.765512,539.528200
20.780359,0.710190,539.262046
7.889611,11.271165,540.671195
-5.245660,21.177558,544.101064
-18.198588,31.495502,549.313641
-30.482793,43.409151,555.497549
-41.355414,58.507586,561.465163
-49.530361,78.684488,565.971369
-53.111931,104.189612,568.052342
-50.807629,130.429964,567.284625
-43.492411,151.915967,563.894695
-33.094829,167.993307,558.691622
-21.057184,-179.538189,552.840656
-8.216218,-168.979955,547.538680
4.905539,-159.079921,543.685671
17.883322,-148.774083,541.655245
30.228811,-136.875702,541.240061
41.191677,-121.781713,541.788012
49.552942,-96.233513,542.484153
53.119575,-70.521529,542.627786
50.714782,-44.129486,541.956161
43.261649,-22.619227,540.699009
32.737797,-6.571933,539.516162
20.605151,5.866627,539.268760
7.707825,16.410691,540.704833
-5.427794,26.315583,544.162524
-18.375094,36.646945,549.395322
-30.645671,48.592750,555.584892
-41.491251,63.748947,561.540458
-49.616246,84.006443,566.018571
-53.120919,109.565057,568.061420
-50.736017,135.768306,567.254224
-43.364910,157.173034,563.832423
-32.936374,173.186679,558.611900
-20.882892,-174.381791,552.760695
-8.034877,-163.840483,547.473703
5.087755,-153.942024,543.644822
18.060439,-143.622844,541.639519
30.392771,-131.692294,541.242930
41.328901,-116.540184,541.798490
49.639180,-90.909070,542.491038
53.127709,-65.143199,542.624095
50.641360,-38.790025,541.941602
43.132242,-17.362395,540.680175
32.577784,-1.379042,539.504306
20.429800,11.022707,539.275805
7.525994,21.550098,540.738870
-5.609893,31.453689,544.224336
-18.551474,41.798692,549.477194
-30.808283,53.776961,555.672191
-41.626576,68.991311,561.615463
-49.701233,89.329520,566.065293
-53.128725,114.940648,568.069937
-50.663428,141.105614,567.223309
-43.236831,162.429030,563.769799
-32.777616,178.379367,558.532056
-20.708451,-169.225750,552.680848
-7.853485,-158.701131,547.409017
5.269943,-148.804048,543.604336
18.237437,-138.471301,541.624110
30.556470,-126.508273,541.245986
41.465615,-111.297643,541.808990
49.724508,-85.583487,542.497810
53.134644,-59.764736,542.620238
50.566953,-33.451626,541.926925
43.002260,-12.106644,540.661354
32.417475,3.813165,539.492635
20.254308,16.178432,539.283183
7.344120,26.689387,540.773307
-5.791955,36.591878,544.286498
-18.727725,46.950748,549.559253
-30.970626,58.961787,555.759443
-41.761385,74.234683,561.690175
-49.785316,94.653715,566.111535
-53.135349,120.316363,568.077893
-50.589866,146.441880,567.191882
-43.108179,167.683958,563.706824
-32.618557,-176.428624,558.452094
-20.533864,-164.070062,552.601118
-7.672043,-153.561898,547.344622
5.452102,-143.665990,543.564211
18.414314,-133.319452,541.609019
30.719906,-121.323634,541.249227
41.601815,-106.054084,541.819511
49.808918,-80.256767,542.504468
53.140379,-54.386161,542.616215
50.491569,-28.114297,541.912130
42.871709,-6.851970,540.642549
32.256870,9.004693,539.481151
20.078677,21.333809,539.290896
7.162204,31.828561,540.808145
-5.973979,41.730153,544.349009
-18.903847,52.103115,549.641498
-31.132698,64.147235,555.846643
-41.895672,79.479067,561.764591
-49.868489,99.979024,566.157294
-53.140791,125.692183,568.085288
-50.515339,151.777096,567.159944
-42.978959,172.937824,563.643502
-32.459200,-171.237288,558.372016
-20.359131,-158.914724,552.521508
-7.490551,-148.422779,547.280521
5.634231,-138.527847,543.524448
18.591068,-128.167291,541.594242
30.883077,-116.138373,541.252649
41.737495,-100.809502,541.830049
49.892406,-74.928917,542.511010
53.144913,-49.007496,542.612026
50.415211,-22.778044,541.897219
42.740592,-1.598368,540.623761
32.095974,14.195549,539.469856
19.902908,26.488839,539.298946
6.980247,36.967624,540.843382
-6.155965,46.868516,544.411868
-19.079838,57.255797,549.723925
-31.294497,69.333308,555.933788
-42.029434,84.724471,561.838708
-49.950748,105.305441,566.202569
-53.145049,131.068087,568.092122
-50.439850,157.111255,567.127496
-42.849176,178.190631,563.579837
-32.299548,-166.046621,558.291826
-20.184255,-153.759730,552.442020
-7.309011,-143.283774,547.216716
5.816329,-133.389616,543.485047
18.767699,-123.014816,541.579779
31.045980,-110.952484,541.256251
41.872652,-95.563891,541.840604
49.974965,-69.599940,542.517436
53.148245,-43.628761,542.607671
50.337886,-17.442875,541.882194
42.608915,3.654168,540.604994
31.934790,19.385738,539.458753
19.727003,31.643527,539.307334
6.798250,42.106578,540.879020
-6.337910,52.006971,544.475072
-19.255696,62.408798,549.806531
-31.456019,74.520013,556.020875
-42.162666,89.970897,561.912523
-50.032085,110.632962,566.247357
-53.148123,136.444054,568.098395
-50.363406,162.444350,567.094541
-42.718834,-176.557615,563.515829
-32.139604,-160.856617,558.211527
-20.009236,-148.605079,552.362659
-7.127424,-138.144877,547.153208
5.998394,-128.251295,543.446008
18.944203,-117.862022,541.565628
31.208613,-105.765962,541.260031
42.007280,-90.317246,541.851173
50.056590,-64.269843,542.523744
53.150376,-38.249977,542.603151
50.259600,-12.108798,541.867054
42.476683,8.905642,540.586248
31.773319,24.575264,539.447844
19.550963,36.797876,539.316061
6.616214,47.245426,540.915059
-6.519815,57.145521,544.538621
-19.431419,67.562122,549.889313
-31.617263,79.707354,556.107900
-42.295363,95.218352,561.986032
-50.112495,115.961579,566.291656
-53.150013,141.820063,568.104106
-50.286013,167.776373,567.061080
-42.587938,-171.306910,563.451484
-31.979370,-155.667271,558.131124
-19.834077,-143.450765,552.283426
-6.945791,-133.006088,547.089998
6.180426,-123.112881,543.407331
19.120581,-112.708907,541.551788
31.370972,-100.578801,541.263986
42.141376,-85.069563,541.861753
50.137275,-58.938632,542.529933
53.151305,-32.871166,542.598464
50.180359,-6.775819,541.851803
42.343900,14.156058,540.567527
31.611565,29.764133,539.437132
19.374790,41.951891,539.325129
6.434141,52.384172,540.951498
-6.701677,62.284168,544.602512
-19.607007,72.715772,549.972268
-31.778225,84.895336,556.194860
-42.427521,100.466840,562.059233
-50.191974,121.291288,566.335466
-53.150719,147.196095,568.109255
-50.207675,173.107318,567.027113
-42.456494,-166.057249,563.386803
-31.818849,-150.478577,558.050618
-19.658779,-138.296786,552.204325
-6.764113,-127.867402,547.027089
6.362422,-117.974371,543.369016
19.296829,-107.555467,541.538258
31.533055,-95.390997,541.268114
42.274934,-79.820835,541.872342
50.217013,-53.606313,542.536000
53.151032,-27.492349,542.593612
50.100167,-1.443944,541.836440
42.210572,19.405423,540.548832
31.449531,34.952351,539.426618
19.198486,47.105575,539.334540
6.252031,57.522817,540.988337
-6.883496,67.422914,544.666745
-19.782458,77.869751,550.055394
-31.938903,90.083965,556.281751
-42.559135,105.716367,562.132122
-50.270514,126.622082,566.378783
-53.150240,152.572128,568.113843
-50.128399,178.437178,566.992644
-42.324506,-160.808626,563.321789
-31.658044,-145.290531,557.970015
-19.483344,-133.143137,552.125358
-6.582392,-122.728817,546.964482
6.544383,-112.835762,543.331063
19.472948,-102.401697,541.525036
31.694859,-90.202544,541.272413
42.407949,-74.571059,541.882939
50.295800,-48.272891,542.541946
53.149557,-22.113546,542.588594
50.019032,3.886820,541.820969
42.076703,24.653741,540.530167
31.287219,40.139922,539.416306
19.022052,52.258931,539.344295
6.069886,62.661365,541.025577
-7.065271,72.561764,544.731316
-19.957770,83.024064,550.138687
-32.099294,95.273246,556.368570
-42.690201,110.966936,562.204696
-50.348111,131.953956,566.421606
-53.148577,157.948142,568.117869
-50.048190,-176.234052,566.957674
-42.191977,-155.561039,563.256446
-31.496958,-140.103128,557.889316
-19.307773,-127.989815,552.046529
-6.400629,-117.590331,546.902179
6.726307,-107.697051,543.293473
19.648934,-97.247594,541.512120
31.856382,-85.013437,541.276881
42.540417,-69.320228,541.893540
50.373628,-42.938374,542.547769
53.146881,-16.734780,542.583411
49.936958,9.216467,541.805390
41.942298,29.901017,540.511533
31.124631,45.326853,539.406197
18.845490,57.411964,539.354395
5.887707,67.799818,541.063217
-7.247000,77.700720,544.796225
-20.132941,88.178714,550.222145
-32.259395,100.463183,556.455313
-42.820713,116.218554,562.276952
-50.424758,137.286901,566.463934
-53.145730,163.324116,568.121332
-49.967053,-170.906379,566.922205
-42.058914,-150.314480,563.190776
-31.335592,-134.916362,557.808527
-19.132067,-122.836817,551.967841
-6.218824,-112.451940,546.840182
6.908193,-102.558235,543.256244
19.824787,-92.093155,541.499510
32.017621,-79.823671,541.281515
42.672334,-64.068338,541.904145
50.450494,-37.602769,542.553467
53.143003,-11.356070,542.578062
49.853952,14.544992,541.789704
41.807361,35.147256,540.492932
30.961771,50.513147,539.396294
18.668801,62.564677,539.364843
5.705495,72.938180,541.101258
-7.428682,82.839784,544.861471
-20.307971,93.333705,550.305763
-32.419204,105.653783,556.541977
-42.950666,121.471224,562.348888
-50.500451,142.620912,566.505764
-53.141699,168.700030,568.124234
-49.884995,-165.579809,566.886237
-41.925320,-145.068946,563.124783
-31.173950,-129.730228,557.727649
-18.956229,-117.684138,551.889295
-6.036979,-107.313641,546.778491
7.090040,-97.419312,543.219378
20.000505,-86.938376,541.487203
32.178573,-74.633240,541.286314
42.803693,-58.815384,541.914751
50.526390,-32.266082,542.559040
53.137924,-5.977439,542.572548
49.770020,19.872389,541.773913
41.671898,40.392464,540.474367
30.798642,55.698810,539.386600
18.491987,67.717073,539.375639
5.523251,78.076453,541.139699
-7.610317,87.978960,544.927050
-20.482856,98.489041,550.389540
-32.578718,110.845051,556.628558
-43.080057,126.724952,562.420500
-50.575183,147.955982,566.547095
-53.136485,174.075863,568.126574
-49.802022,-160.254346,566.849773
-41.791201,-139.824430,563.058468
-31.012035,-124.544720,557.646686
-18.780259,-112.531775,551.810896
-5.855095,-102.175432,546.717109
7.271846,-92.280279,543.182874
20.176087,-81.783252,541.475198
32.339236,-69.442140,541.291274
42.934490,-53.561361,541.925355
50.601312,-26.928321,542.564485
53.131644,-0.598907,542.566869
49.685167,25.198653,541.758019
41.535912,45.636645,540.455841
30.635244,60.883848,539.377115
18.315050,72.869157,539.386785
5.340976,83.214640,541.178541
-7.791902,93.118251,544.992961
-20.657597,103.644725,550.473473
-32.737935,116.036990,556.715052
-43.208880,131.979741,562.491785
-50.648949,153.292102,566.587925
-53.130088,179.451595,568.128353
-49.718138,-154.929995,566.812816
-41.656560,-134.580929,562.991837
-30.849848,-119.359835,557.565642
-18.604160,-107.379725,551.732646
-5.673173,-97.037310,546.656037
7.453611,-87.141132,543.146732
20.351530,-76.627781,541.463494
32.499606,-64.250364,541.296394
43.064721,-48.306264,541.935956
50.675252,-21.589494,542.569803
53.124164,4.779505,542.561024
49.599399,30.523778,541.742023
41.399409,50.879806,540.437355
30.471583,66.068265,539.367844
18.137990,78.020932,539.398282
5.158672,88.352744,541.217783
-7.973438,98.257658,545.059204
-20.832190,108.800761,550.557557
-32.896851,121.229608,556.801457
-43.337131,137.235597,562.562740
-50.721745,158.629265,566.628253
-53.122508,-175.172796,568.129569
-49.633350,-149.606763,566.775365
-41.521403,-129.338437,562.924890
-30.687392,-114.175567,557.484520
-18.427932,-102.227983,551.654547
-5.491214,-91.899272,546.595277
7.635333,-82.001869,543.110951
20.526833,-71.471958,541.452090
32.659681,-59.057908,541.301671
43.194380,-43.050088,541.946551
50.748207,-16.249608,542.574991
53.115485,10.157775,542.555015
49.512722,35.847762,541.725927
41.262393,56.121951,540.418912
30.307659,71.252067,539.358787
17.960810,83.172401,539.410133
4.976339,93.490767,541.257425
-8.154922,103.397186,545.125775
-21.006635,113.957153,550.641791
-33.055463,126.422909,556.887769
-43.464804,142.492524,562.633362
-50.793563,163.967463,566.668076
-53.113747,-169.797329,568.130224
-49.547663,-144.284652,566.737424
-41.385733,-124.096949,562.857632
-30.524671,-108.991911,557.403324
-18.251578,-97.076547,551.576604
-5.309220,-86.761315,546.534830
7.817011,-76.862487,543.075532
20.701994,-66.315780,541.440983
32.819458,-53.864766,541.307104
43.323463,-37.792829,541.957138
50.820170,-10.908673,542.580050
53.105607,15.535884,542.548842
49.425143,41.170598,541.709732
41.124868,61.363086,540.400515
30.143475,76.435259,539.349948
17.783511,88.323568,539.422337
4.793979,98.628714,541.297466
-8.336353,108.536837,545.192673
-21.180930,119.113904,550.726170
-33.213770,131.616899,556.973983
-43.591895,147.750527,562.703648
-50.864399,169.306688,566.707393
-53.103805,-164.422025,568.130317
-49.461083,-138.963669,566.698995
-41.249556,-118.856459,562.790066
-30.361686,-103.808861,557.322057
-18.075099,-91.925413,551.498817
-5.127191,-81.623436,546.474697
7.998644,-71.722983,543.040475
20.877012,-61.159243,541.430172
32.978934,-48.670932,541.312689
43.451964,-32.534482,541.967716
50.891136,-5.566696,542.584976
53.094532,20.913809,542.542504
49.336667,46.492284,541.693439
40.986840,66.603216,540.382165
29.979035,81.617846,539.341329
17.606094,93.474437,539.434897
4.611592,103.766585,541.337908
-8.517731,113.676614,545.259896
-21.355073,124.271020,550.810693
-33.371767,136.811583,557.060097
-43.718398,153.009609,562.773596
-50.934247,174.646931,566.746203
-53.092684,-159.046904,568.129849
-49.373617,-133.643816,566.660078
-41.112875,-113.616962,562.722194
-30.198440,-98.626413,557.240722
-17.898495,-86.774577,551.421191
-4.945128,-76.485634,546.414881
8.180231,-66.583355,543.005779
21.051886,-56.002342,541.419655
33.138106,-43.476402,541.318425
43.579878,-27.275043,541.978282
50.961099,-0.223686,542.589770
53.082261,26.291531,542.536002
49.247299,51.812814,541.677051
40.848312,71.842347,540.363864
29.814340,86.799832,539.332931
17.428561,98.625011,539.447813
4.429181,108.904385,541.378749
-8.699054,118.816520,545.327442
-21.529063,129.428502,550.895355
-33.529453,142.006965,557.146108
-43.844309,158.269776,562.843201
-51.003103,179.988184,566.784504
-53.080384,-153.671987,568.128819
-49.285269,-128.325098,566.620676
-40.975695,-108.378454,562.654019
-30.034935,-93.444563,557.159323
-17.721770,-81.624035,551.343728
-4.763033,-71.347904,546.355382
8.361770,-61.443598,542.971444
21.226613,-50.845074,541.409431
33.296971,-38.281170,541.324309
43.707201,-22.014507,541.988834
51.030053,5.120347,542.594430
53.068794,31.669029,542.529336
49.157047,57.132186,541.660569
40.709289,77.080484,540.345616
29.649393,91.981223,539.324758
17.250914,103.775294,539.461088
4.246745,114.042115,541.419990
-8.880321,123.956557,545.395310
-21.702898,134.586356,550.980155
-33.686823,147.203053,557.232011
-43.969623,163.531031,562.912462
-51.070960,-174.669563,566.822294
-53.066906,-148.297293,568.127229
-49.196045,-123.007519,566.580791
-40.838020,-103.140928,562.585545
-29.871174,-88.263304,557.077862
-17.544923,-76.473785,551.266431
-4.580907,-66.210244,546.296202
8.543261,-56.303712,542.937470
21.401191,-45.687436,541.399499
33.455527,-33.085230,541.330339
43.833927,-16.752869,541.999369
51.097994,10.465395,542.598956
53.054134,37.046281,542.522507
49.065916,62.450395,541.643994
40.569776,82.317632,540.327423
29.484197,97.162024,539.316812
17.073154,108.925289,539.474722
4.064287,119.179779,541.461629
-9.061531,129.096729,545.463497
-21.876576,139.744586,551.065088
-33.843876,152.399850,557.317803
-44.094335,168.793379,562.981376
-51.137814,-169.326319,566.859571
-53.052252,-142.922843,568.125077
-49.105952,-117.691081,566.540425
-40.699855,-97.904380,562.516775
-29.707159,-83.082632,556.996345
-17.367958,-71.323822,551.189303
-4.398751,-61.072651,546.237342
8.724702,-51.163691,542.903857
21.575620,-40.529423,541.389856
33.613770,-27.888577,541.336513
43.960051,-11.490126,542.009887
51.164916,15.811447,542.603345
53.038281,42.423268,542.515515
48.973911,67.767439,541.627328
40.429776,87.553798,540.309287
29.318753,102.342239,539.309094
16.895282,114.075000,539.488717
3.881807,124.317380,541.503667
-9.242682,134.237039,545.532002
-22.050095,144.903194,551.150151
-34.000608,157.597363,557.403480
-44.218439,174.056823,563.049939
-51.203658,-163.982094,566.896335
-53.036423,-137.548657,568.122365
-49.014995,-112.375789,566.499579
-40.561204,-92.668804,562.447712
-29.542893,-77.902542,556.914773
-17.190874,-66.174144,551.112345
-4.216566,-55.935122,546.178804
8.906092,-46.023534,542.870604
21.749897,-35.371031,541.380502
33.771697,-22.691206,541.342828
44.085568,-6.226273,542.020385
51.230813,21.158493,542.607598
53.021237,47.799968,542.508359
48.881040,73.083315,541.610573
40.289294,92.788986,540.291210
29.153065,107.521875,539.301607
16.717299,119.224429,539.503075
3.699306,129.454920,541.546104
-9.423774,139.377490,545.600823
-22.223454,150.062185,551.235342
-34.157017,162.795597,557.489040
-44.341931,179.321368,563.118148
-51.268489,-158.636897,566.932583
-53.019421,-132.174755,568.119093
-48.923180,-107.061644,566.458256
-40.422071,-87.434194,562.378358
-29.378378,-72.723029,556.833150
-17.013674,-61.024746,551.035562
-4.034353,-50.797656,546.120588
9.087431,-40.883237,542.837711
21.924021,-30.212256,541.371434
33.929306,-17.493110,541.349283
44.210473,-0.961305,542.030860
51.295680,26.506523,542.611712
53.003004,53.176363,542.501042
48.787307,78.398020,541.593730
40.148335,98.023202,540.273195
28.987134,112.700935,539.294353
16.539208,124.373582,539.517795
3.516785,134.592402,541.588939
-9.604805,144.518084,545.669957
-22.396652,155.221563,551.320657
-34.313099,167.994556,557.574479
-44.464806,-175.412983,563.186001
-51.332301,-153.290739,566.968315
-53.001247,-126.801156,568.115260
-48.830513,-101.748650,566.416457
-40.282461,-82.200546,562.308718
-29.213616,-67.544089,556.751480
-16.836359,-55.875626,550.958956
-3.852113,-45.660248,546.062698
9.268716,-35.742799,542.805178
22.097990,-25.053095,541.362650
34.086593,-12.294285,541.355874
44.334760,4.304780,542.041311
51.359513,31.855528,542.615688
52.983583,58.552431,542.493562
48.692719,83.711552,541.576802
40.006903,103.256452,540.255243
28.820963,117.879425,539.287335
16.361010,129.522461,539.532880
3.334246,139.729829,541.632172
-9.785775,149.658824,545.739403
-22.569685,160.381332,551.406093
-34.468851,173.194248,557.659792
-44.587057,-170.146225,563.253495
-51.395089,-147.943630,567.003528
-52.981904,-121.427880,568.110868
-48.737000,-96.436810,566.374186
-40.142377,-76.967854,562.238794
-29.048610,-62.365716,556.669766
-16.658930,-50.726780,550.882529
-3.669847,-40.522896,546.005133
9.449946,-30.602214,542.773004
22.271801,-19.893543,541.354150
34.243555,-7.094725,541.362600
44.458425,9.571988,542.051736
51.422304,37.205495,542.619524
52.962977,63.928153,542.485921
48.597282,89.023908,541.559789
39.865002,108.488742,540.237359
28.654555,123.057349,539.280555
16.182706,134.671069,539.548331
3.151690,144.867204,541.675802
-9.966681,154.799714,545.809158
-22.742554,165.541496,551.491647
-34.624270,178.394676,557.744977
-44.708681,-164.878356,563.320626
-51.456847,-142.595582,567.038222
-52.961392,-116.054947,568.105917
-48.642646,-91.126125,566.331442
-40.001824,-71.736111,562.168589
-28.883362,-57.187906,556.588012
-16.481389,-45.578204,550.806284
-3.487556,-35.385598,545.947894
9.631121,-25.461482,542.741190
22.445455,-14.733597,541.345931
34.400190,-1.894424,541.369458
44.581462,14.840323,542.062132
51.484051,42.556414,542.623218
52.941187,69.303508,542.478118
48.501002,94.335086,541.542693
39.722636,113.720076,540.219543
28.487912,128.234713,539.274014
16.004298,139.819410,539.564148
2.969118,150.004529,541.719829
-10.147523,159.940757,545.879221
-22.915255,170.702059,551.577315
-34.779354,-176.404152,557.830031
-44.829672,-159.609370,563.387393
-51.517571,-137.246604,567.072394
-52.939715,-110.682377,568.100406
-48.547457,-85.816598,566.288230
-39.860806,-66.505314,562.098106
-28.717875,-52.010654,556.506220
-16.303737,-40.429895,550.730224
-3.305243,-30.248350,545.890984
9.812239,-20.320598,542.709734
22.618947,-9.573252,541.337991
34.556493,3.306623,541.376446
44.703865,20.109787,542.072498
51.544747,47.908273,542.626771
52.918216,74.678477,542.470154
48.403884,99.645085,541.525516
39.579809,118.950461,540.201798
28.321036,133.411521,539.267716
15.825786,144.967487,539.580334
2.786530,155.141807,541.764253
-10.328300,165.081954,545.949590
-23.087787,175.863025,551.663095
-34.934099,-171.202233,557.914949
-44.950025,-154.339266,563.453792
-51.577256,-131.896708,567.106044
-52.916873,-105.310187,568.094337
-48.451439,-80.508230,566.244550
-39.719327,-61.275456,562.027349
-28.552150,-46.833954,556.424394
-16.125976,-35.281851,550.654351
-3.122906,-25.111151,545.834404
9.993299,-15.179560,542.678637
22.792278,-4.412505,541.330330
34.712462,8.508421,541.383562
44.825630,25.380385,542.082832
51.604387,53.261061,542.630181
52.894066,80.053040,542.462031
48.305936,104.953903,541.508261
39.436526,124.179903,540.184127
28.153930,138.587777,539.261662
15.647173,150.115304,539.596889
2.603929,160.279041,541.809074
-10.509010,170.223311,546.020262
-23.260149,-178.975603,551.748983
-35.088501,-165.999560,557.999728
-45.069734,-149.068038,563.519820
-51.635897,-126.545907,567.139170
-52.892870,-99.938398,568.087709
-48.354598,-75.201024,566.200405
-39.577391,-56.046532,561.956320
-28.386190,-41.657803,556.342538
-15.948107,-30.134066,550.578668
-2.940549,-19.973996,545.778154
10.174300,-10.038365,542.647897
22.965445,0.748650,541.322945
34.868095,13.710978,541.390803
44.946750,30.652120,542.093132
51.662966,58.614766,542.633447
52.868738,85.427178,542.453747
48.207162,110.261538,541.490927
39.292790,129.408406,540.166532
27.986595,143.763488,539.255854
15.468460,155.262864,539.613814
2.421314,165.416234,541.854290
-10.689652,175.364828,546.091235
-23.432338,-173.813819,551.834976
-35.242559,-160.796128,558.084364
-45.188794,-143.795685,563.585475
-51.693489,-121.194211,567.171770
-52.867706,-94.567029,568.080524
-48.256939,-69.894980,566.155796
-39.435002,-50.818536,561.885024
-28.219997,-36.482196,556.260655
-15.770131,-24.986538,550.503178
-2.758171,-14.836883,545.722236
10.355240,-4.897010,542.617515
23.138446,5.910215,541.315834
35.023386,18.914297,541.398167
45.067222,35.924996,542.103395
51.720480,63.969375,542.636569
52.842237,90.800871,542.445303
48.107568,115.567989,541.473518
39.148607,134.635977,540.149015
27.819034,148.938657,539.250296
15.289648,160.410171,539.631111
2.238688,170.553389,541.899901
-10.870225,-179.493490,546.162508
-23.604353,-168.651620,551.921071
-35.396268,-155.591931,558.168855
-45.307200,-138.522203,563.650754
-51.750028,-115.841633,567.203844
-52.841386,-89.196099,568.072781
-48.158470,-64.590100,566.110727
-39.292164,-45.591462,561.813463
-28.053574,-31.307128,556.178748
-15.592050,-19.839265,550.427884
-2.575774,-9.699810,545.666650
10.536119,0.244509,542.587490
23.311280,11.072195,541.308996
35.178334,24.118385,541.405652
45.187038,41.199017,542.113620
51.776924,69.324876,542.639545
52.814563,96.174101,542.436701
48.007161,120.873256,541.456035
39.003979,139.862622,540.131580
27.651250,154.113290,539.244988
15.110738,165.557228,539.648781
2.056051,175.690507,541.945907
-11.050728,-174.351641,546.234077
-23.776192,-163.489003,552.007265
-35.549625,-150.386964,558.253197
-45.424947,-133.247588,563.715655
-51.805508,-110.488186,567.235390
-52.813911,-83.825625,568.064482
-48.059194,-59.286386,566.065199
-39.148881,-40.365306,561.741640
-27.886923,-26.132594,556.096820
-15.413865,-14.692241,550.352787
-2.393359,-4.562774,545.611399
10.716934,5.386194,542.557821
23.483944,16.234594,541.302429
35.332935,29.323247,541.413255
45.306195,46.474185,542.123805
51.832292,74.681256,542.642374
52.785719,101.546848,542.427941
47.905947,126.177337,541.438480
38.858911,145.088346,540.114227
27.483244,159.287390,539.239933
14.931733,170.704037,539.666824
1.873404,-179.172407,541.992307
-11.231159,-169.209621,546.305942
-23.947853,-158.325961,552.093554
-35.702628,-145.181222,558.337386
-45.542029,-127.971838,563.780173
-51.859925,-105.133881,567.266407
-52.785284,-78.455627,568.055626
-47.959118,-53.983837,566.019214
-39.005158,-35.140061,561.669558
-27.720045,-20.958589,556.014875
-15.235577,-9.545464,550.277890
-2.210927,0.574229,545.556483
10.897686,10.528048,542.528509
23.656437,21.397416,541.296131
35.487186,34.528889,541.420975
45.424685,51.750504,542.133947
51.886580,80.038502,542.645056
52.755710,106.919093,542.419022
47.803931,131.480233,541.420854
38.713406,150.313155,540.096960
27.315019,164.460963,539.235134
14.752633,175.850603,539.685242
1.690749,-174.035351,542.039101
-11.411517,-164.067428,546.378100
-24.119334,-153.162493,552.179934
-35.855272,-139.974698,558.421419
-45.658441,-122.694950,563.844307
-51.913274,-99.778732,567.296893
-52.755507,-73.086123,568.046215
-47.858249,-48.682454,565.972775
-38.860997,-29.915723,561.597221
-27.552943,-15.785110,555.932917
-15.057189,-4.398932,550.203197
-2.028479,5.711200,545.501904
11.078372,15.670075,542.499552
23.828757,26.560666,541.290100
35.641083,39.735317,541.428808
45.542505,57.027977,542.144046
51.939784,85.396601,542.647590
52.724536,112.290818,542.409947
47.701120,136.781942,541.403160
38.567470,155.537054,540.079781
27.146577,169.634014,539.230592
14.573439,-179.003071,539.704036
1.508086,-168.898323,542.086288
-11.591802,-158.925058,546.450548
-24.290634,-147.998592,552.266404
-36.007556,-134.767387,558.505292
-45.774178,-117.416920,563.908054
-51.965551,-94.422753,567.326848
-52.724584,-67.717131,568.036248
-47.756591,-43.382239,565.925884
-38.716403,-24.692284,561.524632
-27.385620,-10.612150,555.850948
-14.878700,0.747361,550.128709
-1.846016,10.848142,545.447662
11.258992,20.812277,542.470949
24.000901,31.724348,541.284335
35.794623,44.942536,541.436753
45.659647,62.306607,542.154098
51.991898,90.755538,542.649975
52.692202,117.662005,542.400715
47.597519,142.082464,541.385399
38.421105,160.760050,540.062693
26.977920,174.806547,539.226309
14.394154,-173.856982,539.723207
1.325417,-163.761320,542.133867
-11.772011,-153.782509,546.523284
-24.461750,-142.834256,552.352959
-36.159474,-129.559284,558.589002
-45.889233,-112.137748,563.971412
-52.016752,-89.065956,567.356270
-52.692517,-62.348669,568.025727
-47.654150,-38.083191,565.878542
-38.571380,-19.469741,561.451794
-27.218077,-5.439707,555.768972
-14.700113,5.893416,550.054429
-1.663540,15.985059,545.393758
11.439544,25.954658,542.442701
24.172870,36.888465,541.278834
35.947803,50.150551,541.444806
45.776108,67.586397,542.164103
52.042918,96.115301,542.652210
52.658709,123.032636,542.391327
47.493134,147.381800,541.367573
38.274317,165.982147,540.045697
26.809050,179.978566,539.222288
14.214778,-168.711127,539.742755
1.142743,-158.624338,542.181838
-11.952144,-148.639778,546.596307
-24.632681,-137.669480,552.439596
-36.311025,-124.350382,558.672545
-46.003602,-106.857428,564.034376
-52.066872,-83.708355,567.385157
-52.659309,-56.980755,568.014652
-47.550933,-32.785310,565.830753
-38.425932,-14.248086,561.378710
-27.050317,-0.267774,555.686992
-14.521429,11.039237,549.980359
-1.481051,21.121953,545.340194
11.620027,31.097219,542.414807
24.344659,42.053022,541.273594
36.100620,55.359370,541.452967
45.891880,72.867349,542.174057
52.092840,101.475875,542.654295
52.624063,128.402691,542.381783
47.387971,152.679949,541.349684
38.127107,171.203353,540.028797
26.639970,-174.849923,539.218531
14.035313,-163.565502,539.762682
0.960065,-153.487376,542.230201
-12.132199,-143.496860,546.669614
-24.803425,-132.504260,552.526312
-36.462204,-119.140677,558.755918
-46.117280,-101.575961,564.096946
-52.115906,-78.349965,567.413510
-52.624963,-51.613406,568.003023
-47.446944,-27.488596,565.782518
-38.280062,-9.027315,561.305384
-26.882341,4.903652,555.605011
-14.342649,16.184827,549.906503
-1.298550,26.258826,545.286971
11.800439,36.239966,542.387266
24.516268,47.218023,541.268615
36.253070,60.568997,541.461233
46.006960,78.149466,542.183960
52.141660,106.837245,542.656229
52.588265,133.772154,542.372085
47.282036,157.976912,541.331733
37.979481,176.423672,540.011995
26.470681,-169.678917,539.215040
13.855760,-158.420104,539.782989
0.777384,-148.350430,542.278954
-12.312175,-138.353754,546.743202
-24.973979,-127.338591,552.613104
-36.613008,-113.930163,558.839118
-46.230259,-96.293342,564.159118
-52.163851,-72.990799,567.441326
-52.589483,-46.246640,567.990842
-47.342190,-22.193050,565.733839
-38.133774,-3.807422,561.231819
-26.714152,10.074576,555.523034
-14.163775,21.330190,549.832862
-1.116039,31.395682,545.234089
11.980780,41.382900,542.360078
24.687694,52.383473,541.263893
36.405149,65.779438,541.469600
46.121340,83.432751,542.193809
52.189372,112.199396,542.658010
52.551318,139.141007,542.362232
47.175335,163.272690,541.313724
37.831442,-178.356889,539.995292
26.301187,-164.508409,539.211816
13.676120,-153.274930,539.803677
0.594700,-143.213498,542.328097
-12.492072,-133.210456,546.817069
-25.144343,-122.172470,552.699968
-36.763435,-108.718834,558.922141
-46.342536,-91.009571,564.220890
-52.210703,-67.630873,567.468604
-52.552871,-40.880474,567.978109
-47.236677,-16.898670,565.684720
-37.987072,1.411599,561.158018
-26.545752,15.245002,555.441063
-13.984807,26.475329,549.759439
-0.933519,36.532523,545.181549
12.161048,46.526025,542.333241
24.858935,57.549376,541.259428
36.556854,70.990699,541.478068
46.235015,88.717206,542.203603
52.235972,117.562315,542.659639
52.513227,144.509233,542.352226
47.067874,168.567283,541.295656
37.682994,-173.138325,539.978692
26.131488,-159.338397,539.208863
13.496395,-148.129977,539.824746
0.412016,-138.076577,542.377629
-12.671886,-128.066963,546.891214
-25.314513,-117.005891,552.786901
-36.913479,-103.506684,559.004983
-46.454105,-85.724644,564.282258
-52.256456,-62.270200,567.495344
-52.515131,-35.514925,567.964824
-47.130410,-11.605456,565.635162
-37.839959,6.629753,561.083984
-26.377143,20.414936,555.359101
-13.805748,31.620247,549.686236
-0.750990,41.669352,545.129353
12.341242,51.669344,542.306755
25.029990,62.715736,541.255218
36.708182,76.202785,541.486633
46.347980,94.002833,542.213339
52.281458,122.925984,542.661114
52.473995,149.876814,542.342068
46.959659,173.860693,541.277533
37.534141,-167.920630,539.962197
25.961587,-154.168876,539.206182
13.316587,-142.985242,539.846198
0.229332,-132.939664,542.427549
-12.851618,-122.923272,546.965633
-25.484489,-111.838851,552.873900
-37.063139,-98.293708,559.087642
-46.564959,-80.438561,564.343221
-52.301108,-56.908796,567.521544
-52.476267,-30.150009,567.950989
-47.023394,-6.313407,565.585167
-37.692440,11.847046,561.009721
-26.208327,25.584381,555.277152
-13.626598,36.764947,549.613257
-0.568455,46.806172,545.077501
12.521361,56.812860,542.280620
25.200857,67.882558,541.251259
36.859128,81.415703,541.495293
46.460229,99.289634,542.223017
52.325823,128.290390,542.662435
52.433626,155.243734,542.331757
46.850695,179.152919,541.259357
37.384886,-162.703799,539.945810
25.791486,-148.999840,539.203774
13.136695,-137.840721,539.868033
0.046649,-127.802757,542.477857
-13.031266,-117.779380,547.040325
-25.654268,-106.671346,552.960960
-37.212409,-93.079900,559.170113
-46.675094,-75.151319,564.403776
-52.344654,-51.546677,567.547204
-52.436281,-24.785743,567.936604
-46.915636,-1.022523,565.534739
-37.544518,17.063484,560.935232
-26.039306,30.753341,555.195219
-13.447358,41.909432,549.540502
-0.385913,51.942985,545.025995
12.701403,61.956576,542.254835
25.371533,73.049845,541.247552
37.009691,86.629458,541.504047
46.571756,104.577612,542.232633
52.369065,133.655516,542.663601
52.392123,160.609976,542.321296
46.740988,-175.556036,541.241128
37.235234,-157.487825,539.929532
25.621187,-143.831286,539.201644
12.956723,-132.696410,539.890253
-0.136031,-122.665852,542.528551
-13.210828,-112.635283,547.115286
-25.823847,-101.503370,553.048080
-37.361288,-87.865255,559.252393
-46.784504,-69.862917,564.463920
-52.387090,-46.183857,567.572322
-52.395179,-19.422143,567.921671
-46.807141,4.267199,565.483878
-37.396196,22.279072,560.860520
-25.870082,35.921822,555.113305
-13.268031,47.053706,549.467975
-0.203366,57.079795,544.974834
12.881367,67.100495,542.229398
25.542017,78.217603,541.244093
37.159865,91.844055,541.512891
46.682556,109.866767,542.242186
52.411180,139.021346,542.664612
52.349490,165.975524,542.310683
46.630544,-170.266172,541.222850
37.085187,-152.272703,539.913367
25.450692,-138.663209,539.199791
12.776670,-127.552308,539.912857
-0.318708,-117.528947,542.579632
-13.390304,-107.490979,547.190515
-25.993226,-96.334920,553.135255
-37.509771,-82.649767,559.334480
-46.893183,-64.573354,564.523651
-52.428413,-40.820352,567.596897
-52.352962,-14.059226,567.906189
-46.697914,9.555758,565.432589
-37.247478,27.493817,560.785588
-25.700657,41.089828,555.031414
-13.088617,52.197771,549.395677
-0.020816,62.216603,544.924021
13.061252,72.244621,542.204310
25.712307,83.385836,541.240881
37.309647,97.059502,541.521823
46.792622,115.157101,542.251675
52.452163,144.387863,542.665467
52.305730,171.340361,542.299922
46.519368,-164.977486,541.204523
36.934749,-147.058427,539.897316
25.280004,-133.495605,539.198218
12.596539,-122.408411,539.935848
-0.501380,-112.392040,542.631098
-13.569693,-102.346464,547.266010
-26.162402,-91.165991,553.222483
-37.657855,-77.433430,559.416369
-47.001125,-59.282627,564.582966
-52.468619,-35.456179,567.620928
-52.309635,-8.697007,567.890159
-46.587962,14.843157,565.380873
-37.098368,32.707722,560.710441
-25.531033,46.257363,554.949549
-12.909117,57.341632,549.323612
0.161738,67.353414,544.873555
13.241056,77.388956,542.179570
25.882400,88.554547,541.237913
37.459035,102.275802,541.530842
46.901949,120.448617,542.261097
52.492011,149.755053,542.666165
52.260849,176.704471,542.289011
46.407468,-159.689978,541.186151
36.783925,-141.844991,539.881382
25.109124,-128.328469,539.196928
12.416330,-117.264715,539.959225
-0.684046,-107.255126,542.682948
-13.748992,-97.201736,547.341767
-26.331373,-85.996579,553.309759
-37.805536,-72.216239,559.498057
-47.108326,-53.990737,564.641863
-52.507704,-30.091354,567.644415
-52.265202,-3.335502,567.873584
-46.477290,20.129397,565.328732
-36.948870,37.920796,560.635080
-25.361212,51.424431,554.867712
-12.729534,62.485290,549.251782
0.344293,72.490228,544.823438
13.420779,82.533504,542.155176
26.052294,93.723742,541.235189
37.608023,107.492962,541.539944
47.010532,125.741315,542.270450
52.530720,155.122896,542.666706
52.214849,-177.932160,542.277952
46.294847,-154.403644,541.167735
36.632717,-136.632389,539.865568
24.938053,-123.161797,539.195922
12.236045,-112.121217,539.982989
-0.866706,-102.118205,542.735181
-13.928200,-92.056790,547.417784
-26.500138,-80.826680,553.397081
-37.952810,-66.998188,559.579541
-47.214778,-48.697681,564.700339
-52.545665,-24.725893,567.667356
-52.219667,2.025275,567.856463
-46.365903,25.414480,565.276169
-36.798985,43.133041,560.559510
-25.191196,56.591037,554.785909
-12.549867,67.628749,549.180188
0.526848,77.627050,544.773670
13.600418,87.678268,542.131127
26.221988,98.893426,541.232705
37.756608,112.710989,541.549127
47.118363,131.035196,542.279734
52.568286,160.491377,542.667089
52.167735,-172.569550,542.266746
46.181512,-149.118484,541.149276
36.481129,-131.420617,539.849876
24.766795,-117.995584,539.195203
12.055685,-106.977915,540.007142
-1.049358,-96.981273,542.787797
-14.107317,-86.911624,547.494060
-26.668693,-75.656288,553.484445
-38.099674,-61.779272,559.660817
-47.320477,-43.403460,564.758391
-52.582498,-19.359813,567.689751
-52.173034,7.385307,567.838797
-46.253808,30.698407,565.223187
-36.648720,48.344466,560.483733
-25.020987,61.757185,554.704141
-12.370119,72.772013,549.108834
0.709404,82.763882,544.724252
13.779973,92.823251,542.107424
26.391479,104.063602,541.230460
37.904787,117.929887,541.558390
47.225439,136.330262,542.288946
52.604707,165.860479,542.667313
52.119512,-167.207712,542.255394
46.067469,-143.834495,541.130778
36.329165,-126.209667,539.834308
24.595351,-112.829827,539.194772
11.875252,-101.834805,540.031684
-1.232001,-91.844326,542.840794
-14.286341,-81.766235,547.570590
-26.837037,-70.485399,553.571847
-38.246124,-56.559484,559.741882
-47.425417,-38.108072,564.816018
-52.618200,-13.993130,567.711599
-52.125306,12.744581,567.820587
-46.141009,35.981181,565.169787
-36.498076,53.555074,560.407753
-24.850587,66.922879,554.622411
-12.190291,77.915084,549.037721
0.891958,87.900726,544.675186
13.959443,97.968457,542.084065
26.560765,109.234275,541.228452
38.052556,123.149662,541.567730
47.331752,141.626513,542.298085
52.639978,171.230184,542.667379
52.070183,-161.846661,542.243897
45.952723,-138.551674,541.112242
36.176828,-120.999535,539.818867
24.423723,-107.664520,539.194630
11.694746,-96.691884,540.056615
-1.414634,-86.707363,542.894172
-14.465271,-76.620620,547.647374
-27.005168,-65.314010,553.659285
-38.392156,-51.338819,559.822733
-47.529592,-32.811518,564.873217
-52.652768,-8.625863,567.732898
-52.076489,18.103081,567.801835
-46.027513,41.262803,565.115973
-36.347057,58.764873,560.331574
-24.679998,72.088124,554.540724
-12.010383,83.057965,548.966852
1.074509,93.037586,544.626470
14.138825,103.113888,542.061049
26.729845,114.405449,541.226679
38.199911,128.370321,541.577144
47.437297,146.923950,542.307148
52.674097,176.600473,542.667285
52.019753,-156.486413,542.232254
45.837280,-133.270020,541.093669
36.024122,-115.790214,539.803556
24.251914,-102.499660,539.194782
11.514169,-91.549150,540.081937
-1.597255,-81.570381,542.947929
-14.644105,-71.474774,547.724408
-27.173083,-60.142114,553.746754
-38.537767,-46.117272,559.903366
-47.632997,-27.513797,564.929985
-52.686199,-3.258027,567.753649
-52.026586,23.460794,567.782541
-45.913324,46.543277,565.061747
-36.195666,63.973866,560.255198
-24.509222,77.252924,554.459083
-11.830398,88.200660,548.896229
1.257056,98.174464,544.578107
14.318119,108.259548,542.038376
26.898716,119.577130,541.225139
38.346848,133.591868,541.586630
47.542068,152.222573,542.316134
52.707060,-178.028669,542.667031
51.968226,-151.126982,542.220469
45.721146,-127.989530,541.075063
35.871050,-110.581699,539.788376
24.079924,-97.335242,539.195227
11.333523,-86.406598,540.107649
-1.779865,-76.433377,543.002065
-14.822841,-66.328695,547.801690
-27.340781,-54.969709,553.834252
-38.682953,-40.894836,559.983777
-47.735625,-22.214908,564.986320
-52.718488,2.110358,567.773850
-51.975601,28.817705,567.762706
-45.798448,51.822604,565.007111
-36.043907,69.182061,560.178630
-24.338260,82.417283,554.377489
-11.650336,93.343171,548.825854
1.439599,103.311362,544.530097
14.497323,113.405440,542.016044
27.067375,124.749322,541.223829
38.493363,138.814310,541.596187
47.646058,157.522382,542.325041
52.738865,-172.657263,542.666617
51.915607,-145.768381,542.208540
45.604325,-122.710202,541.056424
35.717615,-105.373984,539.773330
23.907756,-92.171262,539.195968
11.152808,-81.264226,540.133753
-1.962461,-71.296348,543.056579
-15.001480,-61.182380,547.879217
-27.508260,-49.796789,553.921776
-38.827709,-35.671507,560.063965
-47.837471,-16.914852,565.042219
-52.749635,7.479277,567.793500
-51.923540,34.173800,567.742332
-45.682891,57.100786,564.952069
-35.891784,74.389462,560.101871
-24.167114,87.581206,554.295948
-11.470199,98.485502,548.755729
1.622135,108.448285,544.482440
14.676436,118.551568,541.994052
27.235821,129.922029,541.222749
38.639452,144.037652,541.605811
47.749263,162.823379,542.333868
52.769507,-167.285325,542.666042
51.861901,-140.410624,542.196470
45.486824,-117.432031,541.037756
35.563821,-100.167064,539.758421
23.735411,-87.007716,539.197007
10.972025,-76.122031,540.160250
-2.145042,-66.159292,543.111469
-15.180019,-56.035826,547.956987
-27.675517,-44.623349,554.009320
-38.972033,-30.447279,560.143924
-47.938530,-11.613629,565.097681
-52.779635,12.848709,567.812599
-51.870406,39.529066,567.721419
-45.566657,62.377828,564.896621
-35.739299,79.596075,560.024927
-23.995787,92.744696,554.214462
-11.289987,103.627655,548.685856
1.804665,113.585234,544.435138
14.855457,123.697934,541.972401
27.404052,135.095256,541.221895
38.785113,149.261901,541.615500
47.851677,168.125562,542.342613
52.798984,-161.912875,542.665306
51.807111,-135.053726,542.184259
45.368649,-112.155017,541.019060
35.409672,-94.960933,539.743650
23.562892,-81.844600,539.198346
10.791177,-70.980009,540.187139
-2.327609,-61.022205,543.166734
-15.358456,-50.889028,548.034997
-27.842550,-39.449385,554.096883
-39.115920,-25.222145,560.223652
-48.038794,-6.311240,565.152703
-52.808486,18.218639,567.831146
-51.816203,44.883490,567.699968
-45.449754,67.653730,564.840772
-35.586456,84.801906,559.947799
-23.824281,97.907757,554.133033
-11.109703,108.769635,548.616239
1.987187,118.722212,544.388190
15.034383,128.844542,541.951087
27.572065,140.269008,541.221266
38.930339,154.487061,541.625252
47.953292,173.428932,542.351274
52.827294,-156.539931,542.664408
51.751243,-129.697699,542.171908
45.249804,-106.879155,541.000338
35.255169,-89.755584,539.729021
23.390201,-76.681909,539.199987
10.610264,-65.838158,540.214422
-2.510158,-55.885086,543.222374
-15.536792,-45.741984,548.113244
-28.009357,-34.274893,554.184461
-39.259366,-19.996101,560.303145
-48.138260,-1.007685,565.207283
-52.836185,23.589046,567.849141
-51.760938,50.237059,567.677981
-45.332185,72.928496,564.784524
-35.433257,90.006960,559.870492
-23.652596,103.070395,554.051666
-10.929346,113.911443,548.546878
2.169699,123.859222,544.341598
15.213215,133.991395,541.930111
27.739858,145.443290,541.220860
39.075129,159.713139,541.635066
48.054104,178.733487,542.359850
52.854434,-151.166511,542.663348
51.694301,-124.342556,542.159418
45.130295,-101.604442,540.981592
35.100318,-84.551013,539.714536
23.217339,-71.519639,539.201931
10.429287,-60.696475,540.242098
-2.692690,-50.747930,543.278387
-15.715023,-40.594691,548.191727
-28.175936,-29.099868,554.272050
-39.402367,-14.769141,560.382401
-48.236920,4.297035,565.261418
-52.862729,28.959914,567.866582
-51.704613,55.589760,567.655459
-45.213956,78.202130,564.727879
-35.279708,95.211243,559.793008
-23.480735,108.232612,553.970364
-10.748920,119.053082,548.477776
2.352201,128.996266,544.295361
15.391950,139.138497,541.909472
27.907429,150.618105,541.220674
39.219476,164.940141,541.644937
48.154107,-175.960772,542.368339
52.880400,-145.792636,542.662125
51.636291,-118.988310,542.146791
45.010128,-96.330875,540.962825
34.945120,-79.347214,539.700197
23.044308,-66.357786,539.204181
10.248247,-55.554956,540.270169
-2.875203,-45.610736,543.334772
-15.893150,-35.447145,548.270441
-28.342284,-23.924304,554.359647
-39.544920,-9.541259,560.461415
-48.334769,9.602919,565.315105
-52.888117,34.331222,567.883469
-51.647235,60.941580,567.632402
-45.095073,83.474634,564.670840
-35.125809,100.414760,559.715352
-23.308700,113.394413,553.889129
-10.568424,124.194557,548.408936
2.534692,134.133348,544.249481
15.570588,144.285851,541.889168
28.074776,155.793460,541.220707
39.363379,170.168072,541.654865
48.253294,-170.653847,542.376739
52.905191,-140.418324,542.660740
51.577217,-113.634974,542.134027
44.889308,-91.058452,540.944038
34.789580,-74.144181,539.686007
22.871110,-61.196347,539.206738
10.067147,-50.413600,540.298635
-3.057696,-40.473500,543.391527
-16.071169,-30.299343,548.349386
-28.508399,-18.748198,554.447248
-39.687020,-4.312450,560.540185
-48.431801,14.909965,565.368344
-52.912345,39.702953,567.899801
-51.588807,66.292508,567.608812
-44.975540,88.746011,564.613409
-34.971566,105.617517,559.637526
-23.136492,118.555803,553.807965
-10.387860,129.335869,548.340358
2.717171,139.270470,544.203958
15.749125,149.433460,541.869199
28.241896,160.969358,541.220956
39.506832,175.396937,541.664847
48.351659,-165.345738,542.385049
