48.947941,-158.472083,542.434920
53.033452,-133.148620,542.648378
51.183875,-106.526535,542.051146
44.119075,-84.460474,540.826187
33.809070,-67.971582,539.600723
21.784050,-55.276003,539.229756
8.933019,-44.613240,540.485613
-4.198704,-34.694331,543.754803
-17.182213,-24.449163,548.848161
-29.542060,-12.714383,554.995024
-40.565357,2.059806,561.027095
-49.019859,21.776504,565.690989
-53.037456,46.956209,567.989326
-51.199823,73.386278,567.449242
-44.213440,95.337804,564.245483
-33.999101,111.788521,559.147121
-22.055497,124.475857,553.302135
-9.256929,135.135935,547.917564
3.858255,145.048905,543.927409
16.863572,155.282410,541.751886
29.281976,167.001893,541.227367
40.393696,-178.230279,541.728425
49.040168,-153.155440,542.442528
53.049651,-127.771729,542.645802
51.117235,-101.180142,542.037423
43.993678,-79.196231,540.807322
33.651138,-62.773940,539.587683
21.609694,-50.117438,539.234597
8.751511,-39.472966,540.516958
-4.381020,-29.556713,543.814212
-17.359418,-19.299401,548.928690
-29.706418,-7.534197,555.082554
-40.704051,7.295507,561.103993
-49.110791,27.091931,565.740903
-53.053211,52.330426,568.001619
-51.133929,78.730391,567.421823
-44.089354,100.601113,564.185293
-33.842445,116.985928,559.068167
-21.882091,129.634378,553.221578
-9.075908,140.276159,547.850956
4.040610,150.186402,543.884488
17.041348,160.431973,541.734310
29.447382,172.181879,541.229123
40.533763,-172.994462,541.738730
49.131524,-147.837631,542.450032
53.064657,-122.394564,542.643061
51.049574,-95.834750,542.023572
43.867672,-73.933100,540.788456
33.492889,-57.577018,539.574812
21.435186,-44.959253,539.239759
8.569952,-34.332829,540.548702
-4.563306,-24.419030,543.873982
-17.536505,-14.149354,549.009427
-29.870524,-2.353428,555.170060
-40.842257,12.532181,561.180620
-49.200858,32.408502,565.790349
-53.067792,57.704904,568.013353
-51.067028,84.073521,567.393882
-43.964662,105.863325,564.124734
-33.685469,122.182620,558.989071
-21.708527,134.792521,553.141118
-8.894827,145.416246,547.784628
4.222944,155.323961,543.841928
17.219012,165.581819,541.717059
29.612543,177.362450,541.231078
40.673345,-167.757664,541.749070
49.222003,-142.518658,542.457432
53.078470,-117.017148,542.640155
50.980897,-90.490369,542.009595
43.741061,-68.671075,540.769590
33.334326,-52.380811,539.562112
21.260527,-39.801443,539.245246
8.388343,-29.192827,540.580844
-4.745563,-19.281281,543.934110
-17.713472,-8.999020,549.090368
-30.034376,2.827928,555.257538
-40.979972,17.769833,561.256972
-49.290055,37.726215,565.839326
-53.081196,63.079624,568.024528
-50.999124,89.415659,567.365420
-43.839368,111.124446,564.063810
-33.528176,127.378602,558.909837
-21.534806,139.950289,553.060758
-8.713690,150.556198,547.718581
4.405255,160.461587,543.799727
17.396564,170.731952,541.700132
29.777455,-177.456391,541.233230
40.812438,-162.519879,541.759444
49.311600,-137.198526,542.464726
53.091089,-111.639501,542.637084
50.911210,-85.147008,541.995493
43.613852,-63.410153,540.750726
33.175452,-47.185313,539.549586
21.085719,-34.644006,539.251057
8.206685,-24.052955,540.613385
-4.927789,-14.143462,543.994596
-17.890318,-3.848394,549.171510
-30.197972,8.009877,555.344985
-41.117191,23.008468,561.333046
-49.378375,43.045066,565.887832
-53.093422,68.454566,568.035144
-50.930222,94.756796,567.336438
-43.713478,116.384478,564.002521
-33.370568,132.573879,558.830468
-21.360930,145.107686,552.980500
-8.532497,155.696018,547.652817
4.587542,165.599281,543.757888
17.574002,175.882375,541.683527
29.942116,-172.274639,541.235577
40.951038,-157.281102,541.769848
49.400308,-131.877237,542.471913
53.102512,-106.261642,542.633847
50.840517,-79.804676,541.981268
43.486049,-58.150330,540.731867
33.016270,-41.990519,539.537235
20.910764,-29.486936,539.257196
8.024979,-18.913212,540.646326
-5.109982,-9.005570,544.055438
-18.067042,1.302526,549.252851
-30.361308,13.192423,555.432397
-41.253911,28.248092,561.408839
-49.465813,48.365051,565.935865
-53.104469,73.829709,568.045199
-50.860328,100.096922,567.306938
-43.586997,121.643426,563.940873
-33.212650,137.768458,558.750967
-21.186901,150.264715,552.900348
-8.351249,160.835708,547.587338
4.769804,170.737047,543.716410
17.751325,-178.966907,541.667243
30.106523,-167.092287,541.238116
41.089141,-152.041328,541.780281
49.488121,-126.554795,542.478991
53.112737,-100.883594,542.630444
50.768826,-74.463383,541.966920
43.357657,-52.891601,540.713016
32.856783,-36.796423,539.525062
20.735663,-24.330230,539.263663
7.843227,-13.773593,540.679665
-5.292141,-3.867602,544.116634
-18.243641,6.453745,549.334388
-30.524382,18.375571,555.519772
-41.390127,33.488709,561.484348
-49.552363,53.686166,565.983422
-53.114336,79.205032,568.054695
-50.789448,105.436029,567.276922
-43.459929,126.901295,563.878866
-33.054422,142.962344,558.671339
-21.012721,155.421381,552.820304
-8.169948,165.975273,547.522147
4.952040,175.874886,543.675292
17.928530,-173.815892,541.651280
30.270675,-161.909332,541.240845
41.226742,-146.800550,541.790740
49.575034,-121.231205,542.485958
53.121765,-95.505376,542.626876
50.696140,-69.123137,541.952451
43.228682,-47.633960,540.694173
32.696994,-31.603020,539.513070
20.560419,-19.173885,539.270461
7.661429,-8.634098,540.713405
-5.474266,1.270443,544.178184
-18.420115,11.605265,549.416118
-30.687193,23.559326,555.607104
-41.525833,38.730325,561.559570
-49.638019,59.008407,566.030502
-53.123023,84.580516,568.063630
-50.717586,110.774108,567.246390
-43.332280,132.158089,563.816504
-32.895890,148.155541,558.591585
-20.838391,160.577688,552.740373
-7.988594,171.114715,547.457244
5.134249,-178.987197,543.634537
18.105617,-168.664576,541.635635
30.434569,-156.725768,541.243763
41.363836,-141.558763,541.801223
49.661041,-115.906471,542.492814
53.129593,-90.127010,542.623142
50.622466,-63.783947,541.937862
43.099128,-42.377405,540.675342
32.536905,-26.410305,539.501261
20.385032,-14.017896,539.277591
7.479587,-3.494722,540.747544
-5.656355,6.408570,544.240085
-18.596463,16.757091,549.498038
-30.849736,28.743693,555.694391
-41.661027,43.972946,561.634501
-49.722776,64.331770,566.077102
-53.130528,89.956141,568.072004
-50.644748,116.111151,567.215345
-43.204054,137.413812,563.753790
-32.737054,153.348056,558.511711
-20.663913,165.733638,552.660555
-7.807188,176.254036,547.392632
5.316430,-173.849200,543.594142
18.282584,-163.512956,541.620307
30.598201,-151.541590,541.246866
41.500419,-136.315963,541.811729
49.746135,-110.580597,542.499557
53.136222,-84.748516,542.619242
50.547810,-58.445820,541.923154
42.969001,-37.121929,540.656525
32.376520,-21.218271,539.489637
20.209504,-8.862260,539.285054
7.297703,1.644538,540.782083
-5.838408,11.546780,544.302336
-18.772681,21.909225,549.580145
-31.012011,33.928677,555.781630
-41.795703,49.216576,561.709138
-49.806627,69.656251,566.123221
-53.136850,95.331885,568.079818
-50.570939,121.447149,567.183787
-43.075257,142.668468,563.690727
-32.577919,158.539892,558.431719
-20.489288,170.889237,552.580856
-7.625733,-178.606760,547.328312
5.498582,-168.711120,543.554110
18.459430,-158.361027,541.605296
30.761570,-146.356793,541.250153
41.636487,-131.072143,541.822254
49.830310,-105.253588,542.506185
53.141650,-79.369916,542.615177
50.472176,-53.108764,541.908329
42.838304,-31.867529,540.637723
32.215841,-16.026915,539.478201
20.033837,-3.706972,539.292853
7.115776,6.783684,540.817023
-6.020422,16.685078,544.364936
-18.948770,27.061673,549.662437
-31.174013,39.114284,555.868817
-41.929857,54.461220,561.783478
-49.889568,74.981843,566.168857
-53.141990,100.707728,568.087070
-50.496166,126.782096,567.151719
-42.945893,147.922064,563.627318
-32.418487,163.731057,558.351612
-20.314519,176.044487,552.501277
-7.444229,-173.467671,547.264287
5.680703,-163.572955,543.514439
18.636153,-153.208786,541.590599
30.924673,-141.171372,541.253621
41.772034,-125.827299,541.832797
49.913562,-99.925450,542.512698
53.145877,-73.991231,542.610945
50.395571,-47.772787,541.893388
42.707044,-26.614199,540.618940
32.054871,-10.836230,539.466955
19.858033,1.447970,539.300989
6.933808,11.922718,540.852362
-6.202398,21.823464,544.427883
-19.124727,32.214436,549.744910
-31.335742,44.300518,555.955947
-42.063484,59.706884,561.857518
-49.971592,80.308542,566.214008
-53.145946,106.083650,568.093761
-50.420433,132.115984,567.119143
-42.815967,153.174602,563.563565
-32.258760,168.921554,558.271394
-20.139606,-178.800607,552.421821
-7.262677,-168.328693,547.200557
5.862792,-158.434702,543.475130
18.812751,-148.056230,541.576216
31.087507,-135.985322,541.257268
41.907057,-120.581425,541.843355
49.995883,-94.596187,542.519093
53.148903,-68.612482,542.606548
50.318001,-42.437897,541.878333
42.575225,-21.361935,540.600177
31.893613,-5.646211,539.455901
19.682094,6.602571,539.309463
6.751801,17.061645,540.888102
-6.384333,26.961943,544.491176
-19.300550,37.367519,549.827561
-31.497193,49.487385,556.043019
-42.196580,64.953572,561.931256
-50.052693,85.636343,566.258672
-53.148718,111.459629,568.099891
-50.343746,137.448806,567.086058
-42.685483,158.426087,563.499471
-32.098741,174.111390,558.191069
-19.964551,-173.646042,552.342493
-7.081078,-163.189825,547.137125
6.044849,-153.296358,543.436184
18.989224,-142.903355,541.562145
31.250070,-130.798637,541.261093
42.041550,-115.334516,541.853926
50.077269,-89.265806,542.525371
53.150727,-63.233689,542.601985
50.239470,-37.104099,541.863164
42.442852,-16.110732,540.581438
31.732070,-0.456853,539.445042
19.506020,11.756835,539.318276
6.569756,22.200467,540.924243
-6.566227,32.100517,544.554812
-19.476240,42.520926,549.910388
-31.658365,54.674889,556.130028
-42.329140,70.201291,562.004686
-50.132866,90.965239,566.302846
-53.150306,116.835647,568.105459
-50.266111,142.780555,567.052468
-42.554447,163.676526,563.435040
-31.938434,179.300569,558.110639
-19.789357,-168.491814,552.263293
-6.899434,-158.051062,547.073992
6.226872,-148.157919,543.397599
19.165568,-137.750157,541.548384
31.412358,-125.611313,541.265092
42.175508,-110.086567,541.864509
50.157712,-83.934311,542.531528
53.151350,-57.854875,542.597256
50.159986,-31.771401,541.847884
42.309930,-10.860584,540.562723
31.570244,4.731850,539.434379
19.329814,16.910765,539.327432
6.387673,27.339186,540.960784
-6.748079,37.239189,544.618791
-19.651793,47.674659,549.993387
-31.819255,59.863036,556.216971
-42.461159,75.450043,562.077808
-50.212106,96.295226,566.346531
-53.150709,122.211681,568.110465
-50.187534,148.111223,567.018374
-42.422864,168.925921,563.370274
-31.777841,-175.510903,558.030109
-19.614024,-163.337920,552.184226
-6.717745,-152.912402,547.011160
6.408859,-143.019384,543.359377
19.341784,-132.596633,541.534932
31.574371,-120.423343,541.269264
42.308928,-104.837572,541.875100
50.237208,-78.601710,542.537565
53.150770,-52.476059,542.592361
50.079553,-26.439809,541.832494
42.176463,-5.611487,540.544035
31.408139,9.919902,539.423917
19.153476,22.064365,539.336930
6.205554,32.477807,540.997725
-6.929886,42.377962,544.683110
-19.827208,52.828723,550.076556
-31.979860,65.051830,556.303844
-42.592634,80.699836,562.150617
-50.290406,101.626296,566.389722
-53.149928,127.587711,568.114910
-50.108019,153.440806,566.983777
-42.290737,174.174279,563.305176
-31.616963,-170.323022,557.949481
-19.438553,-158.184355,552.105295
-6.536013,-147.773843,546.948631
6.590811,-137.880749,543.321517
19.517869,-127.442779,541.521788
31.736103,-115.234724,541.273606
42.441805,-99.587527,541.885698
50.315751,-73.268008,542.543479
53.148989,-47.097264,542.587301
49.998177,-21.109330,541.816994
42.042457,-0.363435,540.525377
31.245756,15.107309,539.413656
18.977009,27.217638,539.346773
6.023401,37.616330,541.035067
-7.111650,47.516839,544.747768
-20.002484,57.983122,550.159891
-32.140177,70.241278,556.390644
-42.723558,85.950672,562.223111
-50.367761,106.958444,566.432420
-53.147963,132.963717,568.118792
-50.027572,158.769296,566.948679
-42.158072,179.421604,563.239750
-31.455805,-165.135781,557.868759
-19.262948,-153.031116,552.026502
-6.354239,-142.635381,546.886406
6.772725,-132.742012,543.284018
19.693822,-122.288591,541.508951
31.897554,-110.045450,541.278117
42.574132,-94.336426,541.896300
50.393335,-67.933213,542.549270
53.146005,-41.718510,542.582075
49.915865,-15.779968,541.801387
41.907915,4.883575,540.506751
31.083099,20.294077,539.403599
18.800415,32.370589,539.356962
5.841213,42.754760,541.072810
-7.293367,52.655822,544.812763
-20.177620,63.137859,550.243390
-32.300204,75.431384,556.477368
-42.853928,91.202558,562.295286
-50.444165,112.291662,566.474621
-53.144814,138.339678,568.122113
-49.946200,164.096689,566.913083
-42.024873,-175.332100,563.173998
-31.294369,-159.949177,557.787947
-19.087208,-147.878199,551.947849
-6.172424,-137.497014,546.824486
6.954601,-127.603169,543.246882
19.869640,-117.134065,541.496418
32.058720,-104.855514,541.282793
42.705907,-89.084265,541.906905
50.469953,-62.597331,542.554936
53.141821,-36.339818,542.576683
49.832622,-10.451731,541.785674
41.772844,10.129551,540.488159
30.920170,25.480210,539.393749
18.623694,37.523221,539.367498
5.658993,47.893099,541.110953
-7.475037,57.794915,544.878093
-20.352613,68.292937,550.327050
-32.459938,80.622154,556.564011
-42.983739,96.455497,562.367140
-50.519613,117.625944,566.516324
-53.140481,143.715573,568.124872
-49.863908,169.422977,566.876989
-41.891145,-170.086826,563.107922
-31.132657,-154.763203,557.707047
-18.911336,-142.725602,551.869341
-5.990569,-132.358738,546.762875
7.136438,-122.464218,543.210109
20.045324,-111.979198,541.484188
32.219599,-99.664913,541.287632
42.837123,-83.831039,541.917510
50.545601,-57.260369,542.560476
53.136435,-30.961210,542.571127
49.748454,-5.124623,541.769857
41.637247,15.374497,540.469604
30.756971,30.665713,539.384107
18.446848,42.675537,539.378383
5.476741,53.031349,541.149496
-7.656659,62.934120,544.943757
-20.527461,73.448361,550.410867
-32.619377,85.813593,556.650570
-43.112985,101.709495,562.438669
-50.594099,122.961282,566.557528
-53.134965,149.091382,568.127069
-49.780702,174.748157,566.840399
-41.756892,-164.842570,563.041527
-30.970672,-149.577855,557.626064
-18.735333,-137.573319,551.790980
-5.808675,-127.220552,546.701572
7.318233,-117.325156,543.173697
20.220870,-106.823987,541.472260
32.380187,-94.473641,541.292633
42.967776,-78.576742,541.928114
50.620273,-51.922335,542.565889
53.129849,-25.582707,542.565405
49.663367,0.201351,541.753936
41.501128,20.618417,540.451087
30.593507,35.850592,539.374677
18.269879,47.827542,539.389618
5.294458,58.169515,541.188440
-7.838232,68.073440,545.009754
-20.702164,78.604135,550.494838
-32.778517,91.005705,556.737042
-43.241663,106.964556,562.509870
-50.667618,128.297669,566.598230
-53.128266,154.467084,568.128704
-49.696587,-179.927778,566.803316
-41.622119,-159.599327,562.974815
-30.808417,-144.393128,557.545000
-18.559201,-132.421348,551.712768
-5.626743,-122.082451,546.640579
7.499987,-112.185980,543.137647
20.396277,-101.668426,541.460633
32.540482,-89.281692,541.297794
43.097862,-73.321370,541.938713
50.693963,-46.583237,542.571173
53.122063,-20.204329,542.559518
49.577367,5.526186,541.737914
41.364494,25.861318,540.432612
30.429778,41.034852,539.365460
18.092789,52.979238,539.401205
5.112147,63.307598,541.227784
-8.019754,73.212878,545.076080
-20.876720,83.760261,550.578961
-32.937355,96.198497,556.823424
-43.369767,112.220685,562.580740
-50.740165,133.635097,566.638429
-53.120385,159.842659,568.129778
-49.611568,-174.604831,566.765741
-41.486830,-154.357091,562.907789
-30.645893,-139.209017,557.463859
-18.382941,-127.269684,551.634709
-5.444775,-116.944434,546.579899
7.681698,-107.046687,543.101958
20.571544,-96.512513,541.449304
32.700481,-84.089062,541.303110
43.227374,-68.064919,541.949306
50.766665,-41.243083,542.576328
53.113078,-14.826098,542.553467
49.490460,10.849877,541.721792
41.227348,31.103205,540.414180
30.265787,46.218498,539.356458
17.915578,58.130630,539.413146
4.929807,68.445602,541.267528
-8.201225,78.352437,545.142735
-21.051127,88.916745,550.663232
-33.095890,101.391973,556.909711
-43.497292,117.477886,562.651277
-50.811733,138.973558,566.678124
-53.111322,165.218086,568.130289
-49.525653,-169.283008,566.727675
-41.351030,-149.115858,562.840452
-30.483104,-134.025516,557.382645
-18.206555,-122.118326,551.556806
-5.262772,-111.806497,546.519532
7.863365,-101.907274,543.066632
20.746669,-91.356243,541.438273
32.860181,-78.895744,541.308582
43.356309,-62.807383,541.959891
50.838374,-35.901881,542.581352
53.102895,-9.448034,542.547251
49.402651,16.172420,541.705572
41.089694,36.344083,540.395794
30.101538,51.401534,539.347675
17.738249,63.281721,539.425440
4.747440,73.583528,541.307671
-8.382643,83.492119,545.209716
-21.225384,94.073589,550.747649
-33.254118,106.586139,556.995900
-43.624233,122.736164,562.721478
-50.882317,144.313043,566.717312
-53.101079,170.593346,568.130240
-49.438847,-163.962313,566.689121
-41.214724,-143.875622,562.772808
-30.320052,-128.842620,557.301360
-18.030043,-116.967268,551.479060
-5.080734,-106.668639,546.459480
8.044986,-96.767739,543.031667
20.921651,-86.199613,541.427537
33.019580,-73.701733,541.314206
43.484661,-57.548757,541.970466
50.909084,-30.559639,542.586245
53.091514,-4.070159,542.540871
49.313947,21.493811,541.689255
40.951538,41.583958,540.377456
29.937032,56.583967,539.339112
17.560802,68.432514,539.438091
4.565047,78.721381,541.348215
-8.564007,88.631929,545.277022
-21.399488,99.230798,550.832207
-33.412036,111.781001,557.081989
-43.750586,127.995523,562.791339
-50.951913,149.653545,566.755992
-53.089657,175.968416,568.129628
-49.351155,-158.642749,566.650081
-41.077915,-138.636378,562.704859
-30.156740,-123.660325,557.220009
-17.853409,-111.816507,551.401476
-4.898664,-101.530855,546.399744
8.226561,-91.628078,542.997063
21.096487,-81.042620,541.417095
33.178674,-68.507024,541.319979
43.612425,-52.289039,541.981028
50.978791,-25.216367,542.591005
53.078938,1.307508,542.534327
49.224353,26.814046,541.672842
40.812883,46.822834,540.359169
29.772273,61.765801,539.330771
17.383240,73.583014,539.451099
4.382629,83.859163,541.389158
-8.745315,93.771868,545.344650
-21.573438,104.388375,550.916905
-33.569641,116.976563,557.167972
-43.876345,133.255967,562.860857
-51.020514,154.995054,566.794163
-53.077056,-178.656721,568.128456
-49.262583,-153.324321,566.610556
-40.940609,-133.398121,562.636608
-29.993169,-118.478626,557.138594
-17.676652,-106.666040,551.324055
-4.716561,-96.393143,546.340327
8.408088,-86.488289,542.962820
21.271176,-75.885258,541.406946
33.337461,-63.311612,541.325901
43.739596,-47.028222,541.991576
51.047487,-19.872075,542.595630
53.065166,6.684945,542.527619
49.133876,32.133122,541.656335
40.673735,52.060718,540.340934
29.607262,66.947041,539.322655
17.205564,78.733223,539.464465
4.200187,88.996876,541.430500
-8.926568,98.911940,545.412600
-21.747233,109.546324,551.001739
-33.726931,122.172831,557.253847
-44.001506,138.517500,562.930030
-51.088116,160.337561,566.831823
-53.063278,-173.282088,568.126723
-49.173137,-148.007033,566.570548
-40.802809,-128.160846,562.568058
-29.829343,-113.297517,557.057119
-17.499775,-101.515864,551.246801
-4.534427,-91.255500,546.281228
8.589566,-81.348368,542.928938
21.445717,-70.727524,541.397088
33.495937,-58.115491,541.331968
43.866169,-41.766303,542.002107
51.115168,-14.526770,542.600121
53.050202,12.062131,542.520748
49.042521,37.451034,541.639737
40.534097,57.297615,540.322755
29.442002,72.127692,539.314767
17.027775,83.883145,539.478191
4.017723,94.134524,541.472241
-9.107763,104.052147,545.480868
-21.920870,114.704650,551.086706
-33.883903,127.369810,557.339611
-44.126063,143.780128,562.998854
-51.154713,165.681056,566.868970
-53.048324,-167.907704,568.124428
-49.082823,-142.690887,566.530060
-40.664519,-122.924546,562.499213
-29.665264,-108.116994,556.975587
-17.322780,-96.365974,551.169716
-4.352263,-86.117924,546.222450
8.770995,-76.208313,542.895417
21.620107,-65.569415,541.387519
33.654100,-52.918655,541.338178
43.992138,-36.503276,542.012619
51.181829,-9.180463,542.604475
53.034045,17.439047,542.513714
48.950295,42.767781,541.623048
40.393974,62.533531,540.304633
29.276496,77.307759,539.307107
16.849874,89.032783,539.492278
3.835238,99.272109,541.514381
-9.288899,109.192492,545.549454
-22.094349,119.863355,551.171802
-34.040553,132.567507,557.425259
-44.250011,149.043852,563.067327
-51.220299,171.025530,566.905602
-53.032196,-162.533588,568.121574
-48.991647,-137.375887,566.489092
-40.525745,-117.689217,562.430076
-29.500934,-102.937052,556.894002
-17.145666,-91.216368,551.092803
-4.170070,-80.980412,546.163995
8.952372,-71.068120,542.862256
21.794345,-60.410925,541.378237
33.811946,-47.721099,541.344528
44.117500,-31.239139,542.023111
51.247464,-3.833165,542.608692
53.016697,22.815671,542.506517
48.857203,48.083358,541.606270
40.253370,67.768470,540.286571
29.110746,82.487248,539.299679
16.671864,94.182142,539.506728
3.652732,104.409634,541.556919
-9.469976,114.332979,545.618355
-22.267667,125.022445,551.257025
-34.196878,137.765925,557.510788
-44.373346,154.308679,563.135446
-51.284870,176.370973,566.941719
-53.014895,-157.159761,568.118159
-48.899614,-132.062036,566.447648
-40.386490,-112.454853,562.360649
-29.336356,-97.757686,556.812368
-16.968436,-86.067041,551.016065
-3.987850,-75.842960,546.105862
9.133697,-65.927788,542.829455
21.968429,-55.252053,541.369242
33.969473,-42.522818,541.351018
44.242247,-25.973887,542.033580
51.312068,1.515115,542.612771
52.998161,28.191985,542.499158
48.763252,53.397764,541.589405
40.112290,73.002440,540.268572
28.944753,87.666162,539.292485
16.493746,99.331224,539.521541
3.470206,109.547102,541.599856
-9.650992,119.473610,545.687568
-22.440823,130.181922,551.342371
-34.352876,142.965071,557.596195
-44.496062,159.574611,563.203208
-51.348421,-178.282625,566.977319
-52.996422,-151.786243,568.114184
-48.806730,-126.749337,566.405729
-40.246758,-107.221449,562.290936
-29.171532,-92.578891,556.730686
-16.791092,-80.917991,550.939504
-3.805604,-70.705567,546.048054
9.314968,-60.787312,542.797014
22.142358,-50.092792,541.360530
34.126678,-37.323806,541.357644
44.366376,-20.707515,542.044024
51.375635,6.864366,542.616711
52.978438,33.567966,542.491636
48.668446,58.710996,541.572454
39.970737,78.235444,540.250637
28.778522,92.844507,539.285527
16.315520,104.480034,539.536719
3.287663,114.684515,541.643190
-9.831945,124.614389,545.757093
-22.613814,135.341792,551.427837
-34.508544,148.164950,557.681476
-44.618154,164.841652,563.270610
-51.410947,-172.935275,567.012400
-52.976780,-146.413053,568.109649
-48.713001,-121.437791,566.363337
-40.106554,-101.989000,562.220940
-29.006464,-87.400662,556.648962
-16.613635,-75.769214,550.863123
-3.623331,-65.568229,545.990573
9.496184,-55.646690,542.764932
22.316130,-44.933140,541.352102
34.283556,-32.124057,541.364403
44.489881,-15.440020,542.054442
51.438160,12.214577,542.620511
52.957529,38.943596,542.483953
48.572794,64.023051,541.555420
39.828717,83.467489,540.232770
28.612054,98.022287,539.278808
16.137190,109.628573,539.552263
3.105103,119.821877,541.686921
-10.012835,129.755317,545.826928
-22.786640,140.502057,551.513421
-34.663878,153.365568,557.766629
-44.739617,170.109806,563.337649
-51.472442,-167.586989,567.046961
-52.955971,-141.040210,568.104555
-48.618434,-116.127401,566.320474
-39.965882,-96.757499,562.150664
-28.841154,-82.222995,556.567198
-16.436065,-70.620707,550.786926
-3.441035,-60.430944,545.933418
9.677345,-50.505920,542.733209
22.489742,-39.773092,541.343954
34.440107,-26.923567,541.371295
44.612757,-10.171398,542.064831
51.499639,17.565737,542.624169
52.935438,44.318855,542.476109
48.476299,69.333929,541.538303
39.686233,88.698581,540.214971
28.445351,103.199509,539.272329
15.958755,114.776847,539.568174
2.922526,124.959190,541.731050
-10.193661,134.896399,545.897069
-22.959299,145.662722,551.599118
-34.818875,158.566929,557.851648
-44.860445,175.379076,563.404322
-51.532901,-162.237776,567.081001
-52.933996,-135.667735,568.098902
-48.523032,-110.818170,566.277142
-39.824746,-91.526942,562.080112
-28.675606,-77.045884,556.485397
-16.258385,-65.472466,550.710913
-3.258715,-55.293709,545.876592
9.858448,-45.364997,542.701845
22.663194,-34.612645,541.336086
34.596325,-21.722328,541.378315
44.734998,-4.901645,542.075188
51.560066,22.917835,542.627685
52.912166,49.693722,542.468104
48.378969,74.643626,541.521105
39.543289,93.928725,540.197245
28.278416,108.376176,539.266092
15.780217,119.924857,539.584454
2.739935,130.096456,541.775575
-10.374421,140.037637,545.967515
-23.131787,150.823791,551.684926
-34.973533,163.769040,557.936531
-44.980634,-179.350533,563.470627
-51.592320,-156.887648,567.114517
-52.910858,-130.295646,568.092691
-48.426804,-105.510098,566.233343
-39.683150,-86.297323,562.009285
-28.509821,-71.869325,556.403564
-16.080597,-60.324488,550.635089
-3.076373,-50.156521,545.820096
10.039493,-40.223919,542.670839
22.836483,-29.451794,541.328495
34.752209,-16.520337,541.385463
44.856598,0.369243,542.085513
51.619436,28.270858,542.631058
52.887715,55.068178,542.459939
48.280809,79.952142,541.503829
39.399890,99.157926,540.179593
28.111251,113.552293,539.260101
15.601578,125.072609,539.601103
2.557330,135.233680,541.820496
-10.555113,145.179034,546.038264
-23.304105,155.985268,551.770842
-35.127848,168.971906,558.021274
-45.100178,-174.079019,563.536561
-51.650694,-151.536617,567.147509
-52.886558,-124.923963,568.085921
-48.329754,-100.203189,566.189080
-39.541098,-81.068636,561.938189
-28.343802,-66.693314,556.321700
-15.902700,-55.176769,550.559455
-2.894010,-45.019377,545.763931
10.220478,-35.082683,542.640190
23.009607,-24.290535,541.321180
34.907754,-11.317586,541.392736
44.977554,5.641269,542.095804
51.677744,33.624794,542.634287
52.862087,60.442205,542.451614
48.181825,85.259476,541.486476
39.256040,104.386191,540.162017
27.943858,118.727864,539.254356
15.422840,130.220104,539.618123
2.374712,140.370863,541.865813
-10.735738,150.320593,546.109314
-23.476250,161.147158,551.856861
-35.281816,174.175533,558.105874
-45.219072,-168.806377,563.602120
-51.708017,-146.184695,567.179976
-52.861100,-119.552704,568.078594
-48.231888,-94.897442,566.144355
-39.398594,-75.840876,561.866825
-28.177550,-61.517844,556.239811
-15.724697,-50.029306,550.484015
-2.711628,-39.882275,545.708097
10.401403,-29.941286,542.609899
23.182566,-19.128865,541.314139
35.062958,-6.114072,541.400131
45.097859,10.914437,542.106057
51.734986,38.979632,542.637371
52.835286,65.815781,542.443130
48.082024,90.565625,541.469048
39.111743,109.613526,540.144521
27.776240,123.902896,539.248861
15.244003,135.367346,539.635515
2.192083,145.508008,541.911525
-10.916293,155.462317,546.180663
-23.648220,166.309463,551.942982
-35.435436,179.379926,558.190328
-45.337311,-163.532606,563.667303
-51.764286,-140.831894,567.211916
-52.834484,-114.181888,568.070709
-48.133212,-89.592859,566.099168
-39.255642,-70.614037,561.795196
-28.011068,-56.342913,556.157898
-15.546589,-44.882097,550.408771
-2.529226,-34.745211,545.652597
10.582266,-24.799726,542.579965
23.355356,-13.966778,541.307370
35.217818,-0.909787,541.407646
45.217507,16.188750,542.116272
51.791155,44.335359,542.640309
52.807314,71.188890,542.434487
47.981410,95.870589,541.451546
38.967002,114.839935,540.127106
27.608399,129.077393,539.243618
15.065069,140.514340,539.653279
2.009444,150.645118,541.957631
-11.096778,160.604210,546.252308
-23.820014,171.472188,552.029200
-35.588703,-175.414910,558.274631
-45.454889,-158.257702,563.732107
-51.819495,-135.478226,567.243327
-52.806715,-108.811534,568.062268
-48.033732,-84.289442,566.053524
-39.112246,-65.388114,561.723307
-27.844359,-51.168514,556.075966
-15.368378,-39.735137,550.333725
-2.346806,-29.608184,545.597432
10.763065,-19.657998,542.550387
23.527977,-8.804271,541.300872
35.372330,4.295274,541.415279
45.336494,21.464212,542.126446
51.846248,49.691961,542.643101
52.778172,76.561510,542.425686
47.879991,101.174368,541.433972
38.821822,120.065425,540.109775
27.440337,134.251358,539.238628
14.886039,145.661087,539.671418
1.826795,155.782196,542.004132
-11.277191,165.746273,546.324248
-23.991629,176.635338,552.115513
-35.741615,-170.208968,558.358781
-45.571800,-152.981662,563.796527
-51.873640,-130.123705,567.274209
-52.777794,-103.441660,568.053271
-47.933453,-78.987191,566.007423
-38.968411,-60.163101,561.651160
-27.677424,-45.994644,555.994018
-15.190065,-34.588423,550.258880
-2.164370,-24.471190,545.542602
10.943800,-14.516100,542.521166
23.700426,-3.641340,541.294642
35.526491,9.501116,541.423027
45.454814,26.740825,542.136577
51.900260,55.049426,542.645745
52.747865,81.933625,542.416727
47.777771,106.476960,541.416329
38.676208,125.290001,540.092530
27.272056,139.424797,539.233894
14.706915,150.807591,539.689932
1.644137,160.919244,542.051026
-11.457530,170.888511,546.396479
-24.163065,-178.201083,552.201917
-35.894168,-165.002244,558.442773
-45.688040,-147.704483,563.860563
-51.926717,-124.768343,567.304560
-52.747725,-98.072285,568.043718
-47.832382,-73.686106,565.960869
-38.824139,-54.938993,561.578759
-27.510266,-40.821298,555.912057
-15.011650,-29.441952,550.184239
-1.981918,-19.334227,545.488108
11.124470,-9.374029,542.492299
23.872701,1.522019,541.288679
35.680297,14.707745,541.430889
45.572462,32.018593,542.146663
51.953186,60.407740,542.648241
52.716395,87.305215,542.407611
47.674758,111.778367,541.398617
38.530162,130.513669,540.075373
27.103559,144.597716,539.229417
14.527698,155.953856,539.708822
1.461473,166.056265,542.098313
-11.637796,176.030926,546.469001
-24.334318,-173.037072,552.288408
-36.046358,-159.794732,558.526605
-45.803604,-142.426162,563.924211
-51.978720,-119.412154,567.334379
-52.716509,-92.703427,568.033610
-47.730523,-68.386189,565.913862
-38.679436,-49.715783,561.506107
-27.342886,-35.648470,555.830086
-14.833137,-24.295720,550.109804
-1.799452,-14.197291,545.433953
11.305072,-4.231781,542.463787
24.044801,6.685811,541.282981
35.833746,19.915167,541.438862
45.689431,37.297519,542.156704
52.005022,65.766890,542.650587
52.683765,92.676261,542.398339
47.570956,117.078586,541.380839
38.383688,135.736435,540.058308
26.934848,149.770117,539.225201
14.348389,161.099885,539.728088
1.278803,171.193263,542.145993
-11.817986,-178.826478,546.541811
-24.505387,-167.872624,552.374985
-36.198183,-154.586425,558.610273
-45.918484,-137.146697,563.987469
-52.029645,-114.055150,567.363665
-52.684151,-87.335103,568.022948
-47.627884,-63.087438,565.866407
-38.534304,-44.493467,561.433206
-27.175288,-30.476157,555.748109
-14.654525,-19.149725,550.035578
-1.616972,-9.060380,545.380136
11.485606,0.910645,542.435630
24.216724,11.850040,541.277547
35.986834,25.123387,541.446943
45.805716,42.577605,542.166695
52.055762,71.126861,542.652784
52.649978,98.046746,542.388911
47.466372,122.377619,541.362996
38.236792,140.958304,540.041337
26.765924,154.942006,539.221247
14.168991,166.245681,539.747733
1.096127,176.330239,542.194064
-11.998099,-173.683699,546.614907
-24.676270,-162.707735,552.461643
-36.349639,-149.377319,558.693773
-46.032677,-131.866085,564.050334
-52.079488,-108.697347,567.392416
-52.650652,-81.967331,568.011732
-47.524469,-57.789855,565.818504
-38.388747,-39.272039,561.360060
-27.007472,-25.304355,555.666128
-14.475816,-14.003963,549.961563
-1.434480,-3.923492,545.326659
11.666071,6.053254,542.407825
24.388467,17.014710,541.272374
36.139557,30.332411,541.455130
45.921312,47.858854,542.176637
52.105403,76.487639,542.654830
52.615037,103.416652,542.379327
47.361012,127.675466,541.345091
38.089476,146.179283,540.024461
26.596791,160.113388,539.217557
13.989503,171.391248,539.767757
0.913448,-178.532803,542.242526
-12.178134,-168.540734,546.688285
-24.846966,-157.542401,552.548378
-36.500723,-144.167408,558.777103
-46.146177,-126.584324,564.112802
-52.128245,-103.338757,567.420632
-52.616017,-76.600130,567.999962
-47.420285,-52.493440,565.770155
-38.242770,-34.051492,561.286673
-26.839442,-20.133057,555.584149
-14.297012,-8.858431,549.887761
-1.251977,1.213377,545.273522
11.846466,11.196048,542.380374
24.560030,22.179826,541.267460
36.291912,35.542245,541.463422
46.036214,53.141269,542.186526
52.153940,81.849210,542.656724
52.578946,108.785962,542.369589
47.254881,132.972127,541.327125
37.941744,151.399377,540.007683
26.427449,165.284266,539.214134
13.809928,176.536588,539.788161
0.730766,-173.395861,542.291379
-12.358090,-163.397579,546.761945
-25.017472,-152.376617,552.635189
-36.651431,-138.956686,558.860258
-46.258978,-121.301411,564.174873
-52.175911,-97.979396,567.448311
-52.580247,-71.233515,567.987640
-47.315337,-47.198191,565.721365
-38.096376,-28.831822,561.213048
-26.671199,-14.962261,555.502173
-14.118113,-3.713125,549.814176
-1.069464,6.350229,545.220728
12.026788,16.339031,542.353276
24.731409,27.345391,541.262804
36.443896,40.752895,541.471815
46.150414,58.424852,542.196361
52.201369,87.211558,542.658466
52.541707,114.154656,542.359697
47.147986,138.267602,541.309100
37.793600,156.618592,539.991006
26.257902,170.454647,539.210979
13.630266,-178.318295,539.808946
0.548083,-168.258932,542.340621
-12.537965,-158.254232,546.835884
-25.187786,-147.210379,552.722071
-36.801760,-133.745148,558.943235
-46.371075,-116.017345,564.236542
-52.222483,-92.619278,567.475453
-52.543347,-65.867505,567.974767
-47.209630,-41.904109,565.672133
-37.949569,-23.613023,561.139187
-26.502745,-9.791960,555.420204
-13.939122,1.431957,549.740809
-0.886941,11.487066,545.168276
12.207038,21.482205,542.326529
24.902603,32.511410,541.258404
36.595506,45.964366,541.480307
46.263909,63.709606,542.206140
52.247685,92.574670,542.660056
52.503325,119.522719,542.349652
47.040332,143.561893,541.291018
37.645048,161.836934,539.974433
26.088152,175.624533,539.208094
13.450520,-173.173397,539.830113
0.365398,-163.122013,542.390252
-12.717759,-153.110689,546.910098
-25.357907,-142.043684,552.809021
-36.951707,-128.532788,559.026031
-46.482462,-110.732124,564.297808
-52.267956,-87.258417,567.502055
-52.505320,-60.502116,567.961342
-47.103171,-36.611192,565.622464
-37.802353,-18.395089,561.065095
-26.334083,-4.622152,555.338245
-13.760040,6.576818,549.667663
-0.704411,16.623893,545.116167
12.387212,26.625574,542.300132
25.073610,37.677887,541.254258
36.746736,51.176664,541.488897
46.376692,68.995533,542.215861
52.292885,97.938529,542.661491
52.463802,124.890133,542.339454
46.931925,148.855000,541.272881
37.496092,167.054408,539.957965
25.918200,-179.206070,539.205483
13.270690,-168.028717,539.851662
0.182714,-157.985102,542.440271
-12.897469,-147.966946,546.984587
-25.527833,-136.876525,552.896036
-37.101268,-123.319601,559.108642
-46.593133,-105.445745,564.358667
-52.312326,-81.896829,567.528118
-52.466169,-55.137364,567.947367
-46.995966,-31.319440,565.572359
-37.654730,-13.178015,560.990774
-26.165214,0.547169,555.256300
-13.580867,11.721463,549.594740
-0.521874,21.760711,545.064404
12.567312,31.769140,542.274087
25.244429,42.844828,541.250364
36.897585,56.389795,541.497581
46.488757,74.282634,542.225522
52.336965,103.303120,542.662773
52.423143,130.256882,542.329105
46.822770,154.146925,541.254690
37.346736,172.271020,539.941605
25.748048,-174.037158,539.203146
13.090777,-162.884250,539.873595
0.000032,-152.848195,542.490677
-13.077095,-142.823002,547.059348
-25.697561,-131.708900,552.983112
-37.250439,-118.105580,559.191065
-46.703083,-100.158207,564.419117
-52.355589,-76.534529,567.553639
-52.425898,-49.773267,567.932842
-46.888019,-26.028853,565.521820
-37.506706,-7.961794,560.916228
-25.996141,5.716007,555.174372
-13.401605,16.865894,549.522044
-0.339330,26.897523,545.012985
12.747334,36.912908,542.248390
25.415056,48.012235,541.246720
37.048049,61.603764,541.506357
46.600099,79.570911,542.235122
52.379919,108.668427,542.663899
52.381351,135.622948,542.318604
46.712875,159.437668,541.236448
37.196982,177.486776,539.925355
25.577699,-168.868726,539.201085
12.910784,-157.739993,539.895913
-0.182647,-147.711291,542.541471
-13.256636,-137.678853,547.134378
-25.867090,-126.540804,553.070247
-37.399217,-112.890720,559.273297
-46.812307,-94.869509,564.479157
-52.397741,-71.171533,567.578619
-52.384511,-44.409840,567.917769
-46.779336,-20.739428,565.470851
-37.358282,-2.746422,560.841460
-25.826866,10.884366,555.092464
-13.222255,22.010115,549.449575
-0.156783,32.034332,544.961913
12.927278,42.056879,542.223043
25.585490,53.180113,541.243324
37.198124,66.818578,541.515224
46.710712,84.860367,542.244659
52.421745,114.034434,542.664870
52.338430,140.988316,542.307954
46.602244,164.727232,541.218157
37.046835,-177.298318,539.909219
25.407155,-163.700770,539.199304
12.730711,-152.595943,539.918615
-0.365323,-142.574385,542.592649
-13.436090,-132.534496,547.209675
-26.036417,-121.372232,553.157436
-37.547598,-107.675016,559.355334
-46.920799,-89.579648,564.538782
-52.438779,-65.807857,567.603056
-52.342011,-39.047099,567.902148
-46.669924,-15.451165,565.419452
-37.209464,2.468108,560.766473
-25.657390,16.052251,555.010579
-13.042819,27.154127,549.377337
0.025769,37.171141,544.911189
13.107142,47.201058,542.198043
25.755730,58.348467,541.240174
37.347806,72.034241,541.524178
46.820590,90.151003,542.254131
52.462439,119.401124,542.665684
52.294384,146.352969,542.297154
46.490883,170.015617,541.199819
36.896299,-172.084257,539.893197
25.236417,-158.533285,539.197803
12.550560,-147.452097,539.941704
-0.547994,-137.437477,542.644213
-13.615455,-127.389927,547.285237
-26.205541,-116.203180,553.244676
-37.695580,-102.458462,559.437172
-47.028552,-84.288625,564.597990
-52.478700,-60.443516,567.626949
-52.298401,-33.685061,567.885979
-46.559788,-10.164062,565.367628
-37.060255,7.681801,560.691271
-25.487716,21.219666,554.928721
-12.863298,32.297936,549.305332
0.208323,42.307952,544.860812
13.286926,52.345447,542.173391
25.925772,63.517302,541.237269
37.497091,77.250761,541.533218
46.929728,95.442820,542.263535
52.501997,124.768482,542.666342
52.249217,151.716892,542.286205
46.378798,175.302826,541.181435
36.745376,-166.871035,539.877293
25.065488,-153.366268,539.196585
12.370332,-142.308452,539.965180
-0.730659,-132.300562,542.696161
-13.794732,-122.245143,547.361061
-26.374459,-111.033644,553.331964
-37.843157,-97.241052,559.518808
-47.135562,-78.996437,564.656780
-52.517498,-55.078527,567.650297
-52.253687,-28.323740,567.869265
-46.448933,-4.878117,565.315379
-36.910657,12.894662,560.615857
-25.317845,26.386616,554.846893
-12.683693,37.441543,549.233562
0.390878,47.444768,544.810784
13.466628,57.490050,542.149086
26.095616,68.686621,541.234606
37.645977,82.468141,541.542341
47.038120,100.735820,542.272871
52.540414,130.136490,542.666842
52.202932,157.080068,542.275108
46.265994,-179.411140,541.163007
36.594071,-161.658645,539.861510
24.894370,-148.199714,539.195652
12.190028,-137.165005,539.989043
-0.913316,-127.163638,542.748492
-13.973917,-117.100142,547.437145
-26.543170,-105.863619,553.419297
-37.990327,-92.022780,559.600240
-47.241823,-73.703085,564.715149
-52.555172,-49.712906,567.673099
-52.207871,-22.963152,567.852005
-46.337365,0.406670,565.262709
-36.760676,18.106698,560.540234
-25.147779,31.553105,554.765099
-12.504006,42.584952,549.162029
0.573434,52.581592,544.761105
13.646246,62.634870,542.125125
26.265258,73.856430,541.232183
37.794459,87.686390,541.551545
47.145759,106.030004,542.282136
52.577689,135.505131,542.667185
52.155535,162.442483,542.263864
46.152478,-174.126279,541.144538
36.442387,-156.447083,539.845849
24.723064,-143.033617,539.195005
12.009649,-132.021752,540.013295
-1.095966,-122.026702,542.801205
-14.153010,-111.954919,547.513485
-26.711672,-100.693101,553.506671
-38.137085,-86.803642,559.681463
-47.347329,-68.408566,564.773093
-52.591716,-44.346671,567.695355
-52.160958,-17.603311,567.834200
-46.225090,5.690303,565.209621
-36.610313,23.317914,560.464405
-24.977522,36.719137,554.683340
-12.324237,47.728166,549.090736
0.755989,57.718426,544.711777
13.825779,67.779910,542.101510
26.434697,79.026732,541.229998
37.942534,92.905511,541.560828
47.252640,111.325372,542.291329
52.613817,140.874388,542.667368
52.107029,167.804121,542.252475
46.038255,-168.842588,541.126030
36.290328,-151.236343,539.830313
24.551573,-137.867975,539.194648
11.829197,-126.878691,540.037936
-1.278606,-116.889752,542.854300
-14.332010,-106.809473,547.590081
-26.879962,-95.522085,553.594083
-38.283429,-81.583631,559.762474
-47.452075,-63.112881,564.830611
-52.627129,-38.979837,567.717063
-52.112952,-12.244234,567.815853
-46.112112,10.972783,565.156116
-36.459573,28.528315,560.388375
-24.807073,41.884716,554.601622
-12.144388,52.871188,549.019686
0.938542,62.855274,544.662800
14.005226,72.925172,542.078239
26.603931,84.197533,541.228050
38.090197,98.125511,541.570186
47.358758,116.621925,542.300449
52.648795,146.244244,542.667393
52.057419,173.164968,542.240940
45.923331,-163.560066,541.107483
36.137896,-146.026418,539.814905
24.379898,-132.702783,539.194581
11.648673,-121.735818,540.062967
-1.461237,-111.752784,542.907774
-14.510915,-101.663798,547.666929
-27.048038,-90.350567,553.681530
-38.429354,-76.362741,559.843269
-47.556054,-57.816028,564.887700
-52.661407,-33.612423,567.738223
-52.063857,-6.885933,567.796962
-45.998438,16.254112,565.102196
-36.308459,33.737907,560.312145
-24.636436,47.049847,554.519946
-11.964461,58.014022,548.948879
1.121092,67.992139,544.614174
14.184586,78.070662,542.055310
26.772958,89.368836,541.226337
38.237446,103.346396,541.579619
47.464106,121.919665,542.309492
52.682619,151.614680,542.667258
52.006709,178.525010,542.229261
45.807711,-158.278709,541.088902
35.985096,-140.817303,539.799626
24.208042,-127.538036,539.194806
11.468078,-116.593130,540.088388
-1.643855,-106.615797,542.961628
-14.689725,-96.517894,547.744026
-27.215898,-85.178542,553.769007
-38.574857,-71.140968,559.923846
-47.659261,-52.518009,564.944358
-52.694547,-28.244445,567.758833
-52.013678,-1.528424,567.777531
-45.884074,21.534293,565.047866
-36.156974,38.946696,560.235720
-24.465612,52.214534,554.438317
-11.784456,63.156669,548.878319
1.303639,73.129022,544.565901
14.363857,83.216381,542.032724
26.941774,94.540647,541.224855
38.384275,108.568171,541.589123
47.568678,127.218591,542.318458
52.715286,156.985680,542.666963
51.954903,-176.115769,542.217438
45.691401,-152.998516,541.070287
35.831931,-135.608993,539.784480
24.036007,-122.373731,539.195327
11.287414,-111.450625,540.114200
-1.826461,-101.478787,543.015861
-14.868436,-91.371755,547.821371
-27.383540,-80.006006,553.856512
-38.719934,-65.918305,560.004201
-47.761690,-47.218823,565.000583
-52.726545,-22.875922,567.778894
-51.962418,3.828280,567.757558
-45.769023,26.813327,564.993126
-36.005122,44.154688,560.159103
-24.294603,57.378781,554.356737
-11.604375,68.299134,548.808008
1.486180,78.265926,544.517981
14.543038,88.362332,542.010479
27.110380,99.712970,541.223605
38.530682,113.790842,541.598697
47.672469,132.518703,542.327345
52.746794,162.357223,542.666508
51.902006,-170.757383,542.205473
45.574406,-147.719483,541.051640
35.678404,-130.401482,539.769469
23.863793,-117.209862,539.196144
11.106682,-106.308298,540.140404
-2.009054,-96.341751,543.070470
-15.047050,-86.225379,547.898960
-27.550963,-74.832953,553.944041
-38.864580,-60.694747,560.084330
-47.863335,-41.918469,565.056371
-52.757400,-17.506871,567.798404
-51.910082,9.184165,567.737047
-45.653293,32.091218,564.937980
-35.852906,49.361887,560.082297
-24.123411,62.542593,554.275209
-11.424218,73.441420,548.737947
1.668715,83.402855,544.470415
14.722128,93.508520,541.988574
27.278771,104.885809,541.222582
38.676663,119.014415,541.608337
47.775473,137.820003,542.336151
52.777140,167.729294,542.665891
51.848022,-165.399844,542.193366
45.456733,-142.441608,541.032964
35.524519,-125.194763,539.754594
23.691404,-112.046426,539.197259
10.925882,-101.166147,540.167000
-2.191632,-91.204687,543.125456
-15.225563,-81.078763,547.976791
-27.718163,-69.659380,554.031591
-39.008793,-55.470288,560.164231
-47.964192,-36.616949,565.111721
-52.787107,-12.137310,567.817363
-51.856675,14.539218,567.715997
-45.536888,37.367969,564.882431
-35.700329,54.568300,560.005306
-23.952038,67.705973,554.193738
-11.243988,78.583529,548.668140
1.851243,88.539811,544.423203
14.901124,98.654948,541.967009
27.446946,110.059170,541.221786
38.822213,124.238896,541.618043
47.877683,143.122488,542.344874
52.806319,173.101872,542.665114
51.792957,-160.043167,542.181119
45.338386,-137.164888,541.014261
35.370279,-119.988832,539.739859
23.518841,-106.883418,539.198675
10.745017,-96.024170,540.193990
-2.374194,-86.067592,543.180817
-15.403974,-75.931903,548.054862
-27.885138,-64.485282,554.119158
-39.152567,-50.244923,560.243900
-48.064253,-31.314262,565.166631
-52.815664,-6.767256,567.835769
-51.802201,19.893425,567.694409
-45.419814,42.643581,564.826480
-35.547395,59.773932,559.928132
-23.780486,72.868926,554.112325
-11.063685,83.725464,548.598588
2.033762,93.676797,544.376346
15.080027,103.801618,541.945782
27.614903,115.233057,541.221213
38.967328,129.464290,541.627811
47.979094,148.426161,542.353513
52.834331,178.474939,542.664174
51.736814,-154.687364,542.168732
45.219371,-131.889319,540.995533
35.215688,-114.783683,539.725267
23.346106,-101.720835,539.200392
10.564088,-90.882362,540.221373
-2.556739,-80.930464,543.236552
-15.582283,-70.784796,548.133170
-28.051887,-59.310654,554.206739
-39.295900,-45.018645,560.323333
-48.163513,-26.010409,565.221097
-52.843068,-1.396730,567.853623
-51.746665,25.246773,567.672286
-45.302077,47.918058,564.770130
-35.394107,64.978789,559.850780
-23.608756,78.031456,554.030974
-10.883311,88.867229,548.529293
2.216272,98.813816,544.329845
15.258834,108.948535,541.924892
27.782640,120.407474,541.220864
39.112005,134.690603,541.637639
48.079700,153.731019,542.362067
52.861171,-176.151524,542.663072
51.679600,-149.332449,542.156207
45.099693,-126.614899,540.976781
35.060748,-109.579309,539.710818
23.173201,-96.558672,539.202414
10.383095,-85.740721,540.249150
-2.739266,-75.793299,543.292660
-15.760488,-65.637438,548.211712
-28.218407,-54.135492,554.294331
-39.438788,-39.791451,560.402528
-48.261967,-20.705392,565.275119
-52.869318,3.974252,567.870923
-51.690071,30.599250,567.649627
-45.183680,53.191403,564.713385
-35.240468,70.182876,559.773252
-23.436850,83.193567,553.949689
-10.702866,94.008826,548.460258
2.398771,103.950869,544.283699
15.437545,114.095701,541.904338
27.950154,125.582427,541.220734
39.256240,139.917841,541.647525
48.179495,159.037062,542.370533
52.886838,-170.777535,542.661808
51.621318,-143.978434,542.143544
44.979359,-121.341625,540.958008
34.905462,-104.375706,539.696517
23.000127,-91.396925,539.204742
10.202040,-80.599244,540.277322
-2.921774,-70.656094,543.349140
-15.938588,-60.489827,548.290486
-28.384696,-48.959790,554.381929
-39.581225,-34.563333,560.481480
-48.359608,-15.399212,565.328692
-52.894410,9.345670,567.887669
-51.632424,35.950844,567.626435
-45.064631,58.463619,564.656246
-35.086481,75.386199,559.695553
-23.264771,88.355263,553.868472
-10.522353,99.150259,548.391484
2.581259,109.087961,544.237910
15.616157,119.243119,541.884120
28.117443,130.757919,541.220822
39.400028,145.146010,541.657466
48.278473,164.344289,542.378910
52.911329,-165.403115,542.660380
51.561973,-138.625331,542.130745
44.858373,-116.069492,540.939217
34.749835,-99.172867,539.682365
22.826887,-86.235590,539.207378
10.020924,-75.457928,540.305889
-3.104262,-65.518848,543.405990
-16.116580,-55.341959,548.369488
-28.550752,-43.783545,554.469531
-39.723209,-29.334286,560.560188
-48.456431,-10.091868,565.381816
-52.918342,14.717505,567.903860
-51.573729,41.301542,567.602710
-44.944934,63.734709,564.598716
-34.932149,80.588763,559.617684
-23.092520,93.516548,553.787327
-10.341772,104.291530,548.322974
2.763734,114.225094,544.192478
15.794669,124.390794,541.864236
28.284505,135.933957,541.221126
39.543366,150.375115,541.667461
48.376628,169.652699,542.387196
52.934641,-160.028282,542.658790
51.501571,-133.273154,542.117811
44.736741,-110.798498,540.920408
34.593869,-93.970788,539.668364
22.653482,-81.074663,539.210323
9.839748,-70.316769,540.334851
-3.286729,-60.381556,543.463209
-16.294464,-50.193830,548.448717
-28.716572,-38.606751,554.557133
-39.864736,-24.104305,560.638646
-48.552430,-4.783364,565.434488
-52.941111,20.089739,567.919496
-51.513991,46.651332,567.578453
-44.824594,69.004677,564.540798
-34.777477,85.790573,559.539651
-22.920098,98.677426,553.706256
-10.161124,109.432643,548.254730
2.946195,119.362271,544.147404
15.973081,129.538728,541.844684
28.451337,141.110544,541.221644
39.686248,155.605161,541.677507
48.473954,174.962292,542.395390
52.956773,-154.653056,542.657036
51.440116,-127.921912,542.104742
44.614468,-105.528638,540.901585
34.437568,-88.769462,539.654518
22.479915,-75.914140,539.213580
9.658515,-65.175766,540.364210
-3.469173,-55.244218,543.520797
-16.472239,-45.045438,548.528169
-28.882155,-33.429403,554.644732
-40.005800,-18.873384,560.716853
-48.647599,0.526299,565.486706
-52.962717,25.462352,567.934576
-51.453214,52.000204,567.553666
-44.703617,74.273526,564.482495
-34.622466,90.991636,559.461455
-22.747508,103.837902,553.625264
-9.980411,114.573601,548.186753
3.128642,124.499494,544.102687
16.151390,134.686925,541.825465
28.617938,146.287685,541.222373
39.828672,160.836156,541.687602
48.570445,-179.726936,542.403490
52.977722,-149.277457,542.655118
51.377614,-122.571618,542.091540
44.491560,-100.259910,540.882749
34.280934,-83.568884,539.640828
22.306186,-70.754016,539.217150
9.477224,-60.034914,540.393965
-3.651594,-50.106828,543.578751
-16.649902,-39.896778,548.607843
-29.047497,-28.251498,554.732324
-40.146399,-13.641518,560.794804
-48.741932,5.837120,565.538467
-52.983156,30.835325,567.949099
-51.391404,57.348145,567.528350
-44.582008,79.541259,564.423809
-34.467120,96.191957,559.383101
-22.574751,108.997978,553.544352
-9.799634,119.714405,548.119046
3.311072,129.636766,544.058329
16.329595,139.835389,541.806577
28.784305,151.465386,541.223313
39.970633,166.068103,541.697744
48.666095,-174.414985,542.411494
52.997486,-143.901505,542.653036
51.314070,-117.222284,542.078206
44.368022,-94.992309,540.863903
34.123972,-78.369048,539.627298
22.132298,-65.594288,539.221035
9.295876,-54.894211,540.424117
-3.833990,-44.969386,543.637071
-16.827454,-34.747848,548.687734
-29.212597,-23.073029,554.819906
-40.286527,-8.408702,560.872497
-48.835423,11.149096,565.589769
-53.002427,36.208638,567.963066
-51.328565,62.695145,567.502507
-44.459772,84.807881,564.364743
-34.311442,101.391541,559.304592
-22.401829,114.157661,553.463525
-9.618794,124.855061,548.051611
3.493485,134.774090,544.014330
16.507694,144.984122,541.788019
28.950435,156.643651,541.224459
40.112127,171.301010,541.707929
48.760899,-169.101858,542.419402
53.016063,-138.525219,542.650789
51.249488,-111.873919,542.064741
44.243858,-89.725832,540.845048
33.966683,-73.169950,539.613928
21.958252,-60.434952,539.225236
9.114475,-49.753654,540.454666
-4.016360,-39.831888,543.695756
-17.004891,-29.598644,548.767841
-29.377452,-17.893992,554.907474
-40.426181,-3.174929,560.949929
-48.928068,16.462225,565.640611
-53.020527,41.582273,567.976475
-51.264703,68.041193,567.476137
-44.336914,90.073394,564.305300
-34.155435,106.590394,559.225931
-22.228744,119.316952,553.382785
-9.437892,129.995570,547.984450
3.675880,139.911469,543.970690
16.685688,150.133128,541.769789
29.116326,161.822485,541.225811
40.253149,176.534880,541.718157
48.854849,-163.787556,542.427211
