50.144057,-154.202449,542.530580
53.151329,-128.131007,542.598111
50.173612,-102.039588,541.850476
42.332643,-81.114692,540.565832
31.597869,-65.511805,539.436051
19.359880,-53.326980,539.325672
6.418735,-42.895980,540.954322
-6.717063,-32.995982,544.607642
-19.621859,-22.563097,549.979013
-31.791833,-10.380612,556.201965
-42.438681,5.196031,562.065215
-50.198657,26.027356,566.339020
-53.150724,51.936035,568.109614
-50.201002,77.843391,567.024247
-42.445345,98.671947,563.381425
-31.805251,114.245476,558.043983
-19.643938,126.424344,552.197876
-6.748738,136.852443,547.022056
6.377820,146.745467,543.366082
19.311735,157.165645,541.537409
31.546755,169.333036,541.268722
42.286208,-175.091631,541.873436
50.223715,-148.870036,542.536637
53.150954,-122.752190,542.593244
50.093340,-96.707807,541.835103
42.199269,-75.865416,540.547139
31.435811,-60.323642,539.425554
19.183565,-48.173324,539.335111
6.236622,-37.757343,540.991195
-6.898879,-27.857227,544.671903
-19.797298,-17.409090,550.062153
-31.952487,-5.191928,556.288851
-42.570249,10.445646,562.138078
-50.277118,31.358242,566.382297
-53.150145,57.312067,568.114155
-50.121646,83.173160,566.989737
-42.313310,103.920482,563.316384
-31.644422,119.433468,557.963373
-19.468491,131.577965,552.118922
-6.567013,141.991019,546.959475
6.559778,151.884085,543.328160
19.487843,162.319443,541.524213
31.708535,174.521544,541.273034
42.419177,-169.841766,541.884033
50.302421,-143.536521,542.542571
53.149378,-117.373390,542.588211
50.012125,-91.377137,541.819621
42.065354,-70.617187,540.528475
31.273475,-55.136125,539.415258
19.007120,-43.019995,539.344895
6.054474,-32.618803,541.028468
-7.080649,-22.718368,544.736504
-19.972598,-12.254749,550.145461
-32.112853,-0.002592,556.375664
-42.701267,15.696304,562.210626
-50.354634,36.690207,566.425079
-53.148382,62.688078,568.118134
-50.041359,88.501837,566.954725
-42.180736,109.167982,563.251014
-31.483312,124.620817,557.882667
-19.292909,136.731259,552.040105
-6.385246,147.129497,546.897198
6.741699,157.022805,543.290600
19.663818,167.473574,541.511323
31.870034,179.710706,541.277516
42.551599,-164.590846,541.894634
50.380168,-138.201912,542.548382
53.146599,-111.994627,542.583012
49.929972,-86.047585,541.804032
41.930904,-65.369999,540.509842
31.110864,-49.949249,539.405165
18.830547,-37.866990,539.355024
5.872292,-27.480358,541.066142
-7.262375,-17.579403,544.801441
-20.147758,-7.100070,550.228932
-32.272930,5.187401,556.462401
-42.831732,20.948011,562.282857
-50.431201,42.023243,566.467366
-53.145435,68.064048,568.121552
-49.960144,93.829417,566.919214
-42.047628,114.414454,563.185318
-31.321923,129.807529,557.801871
-19.117192,141.884230,551.961429
-6.203438,152.267881,546.835227
6.923582,162.161629,543.253402
19.839660,172.628041,541.498738
32.031249,-175.099472,541.282163
42.683468,-159.338866,541.905238
50.456952,-132.866215,542.554069
53.142620,-106.615924,542.577649
49.846888,-80.719155,541.788336
41.795922,-60.123847,540.491244
30.947981,-44.763008,539.395279
18.653847,-32.714304,539.365500
5.690077,-22.342004,541.104216
-7.444053,-12.440330,544.866715
-20.322775,-1.945050,550.312565
-32.432714,10.378057,556.549059
-42.961638,26.200770,562.354766
-50.506813,47.357343,566.509155
-53.141304,73.439956,568.124407
-49.878008,99.155894,566.883206
-41.913990,119.659902,563.119298
-31.160258,134.993610,557.720986
-18.941342,147.036882,551.882897
-6.021590,157.406172,546.773563
7.105425,167.300562,543.216566
20.015366,177.782850,541.486456
32.192177,-169.908985,541.286975
42.814780,-154.085821,541.915842
50.532766,-127.529437,542.559630
53.137439,-101.237300,542.572119
49.762877,-75.391854,541.772535
41.660414,-54.878726,540.472681
30.784829,-39.577398,539.385601
18.477023,-27.561934,539.376325
5.507830,-17.203738,541.142691
-7.625683,-7.301144,544.932322
-20.497648,3.210315,550.396355
-32.592204,15.569381,556.635633
-43.090981,31.454587,562.426351
-50.581464,52.692502,566.550445
-53.135990,78.815781,568.126701
-49.794957,104.481263,566.846702
-41.779826,124.904331,563.052958
-30.998319,140.179065,557.640018
-18.765362,152.189218,551.804511
-5.839702,162.544373,546.712207
7.287228,172.439605,543.180093
20.190936,-177.061998,541.474477
32.352815,-164.717827,541.291948
42.945529,-148.831708,541.926446
50.607605,-122.191585,542.565064
53.131057,-95.858777,542.566425
49.677947,-70.065686,541.756631
41.524385,-49.634631,540.454157
30.621409,-34.392413,539.376134
18.300075,-22.409876,539.387500
5.325553,-12.065558,541.181566
-7.807265,-2.161844,544.998262
-20.672376,8.366029,550.480301
-32.751395,20.761379,556.722121
-43.219756,36.709467,562.497609
-50.655148,58.028711,566.591234
-53.129492,84.191503,568.128433
-49.710997,109.805519,566.809703
-41.645142,130.147747,562.986301
-30.836110,145.363897,557.558968
-18.589251,157.341242,551.726274
-5.657777,167.682488,546.651162
7.468989,177.578761,543.143981
20.366367,-171.906497,541.462798
32.513160,-159.525994,541.297081
43.075712,-143.576520,541.937045
50.681462,-116.852668,542.570370
53.123476,-90.480376,542.560566
49.592102,-64.740657,541.740626
41.387838,-44.391556,540.435674
30.457725,-29.208047,539.366879
18.123005,-17.258128,539.399027
5.143246,-6.927461,541.220842
-7.988796,2.977574,545.064532
-20.846957,13.522095,550.564399
-32.910285,25.954054,556.808518
-43.347958,41.965413,562.568537
-50.727861,63.365962,566.631519
-53.121813,89.567101,568.129603
-49.626132,115.128657,566.772212
-41.509941,135.390154,562.919329
-30.673632,150.548113,557.477841
-18.413013,162.492958,551.648189
-5.475815,172.820519,546.590428
7.650707,-177.281966,543.108231
20.541658,-166.750644,541.451418
32.673210,-154.333480,541.302371
43.205323,-138.320253,541.947639
50.754333,-111.512693,542.575546
53.114696,-85.102119,542.554541
49.505349,-59.416770,541.724520
41.250779,-39.149497,540.417234
30.293779,-24.024297,539.357840
17.945815,-12.106684,539.410906
4.960911,-1.789444,541.260517
-8.170275,8.117112,545.131131
-21.021390,18.678517,550.648645
-33.068872,31.147413,556.894822
-43.475582,47.222431,562.639132
-50.799596,68.704247,566.671301
-53.112952,94.942555,568.130211
-49.540370,120.450672,566.734231
-41.374228,140.631557,562.852046
-30.510888,155.731718,557.396639
-18.236648,167.644368,551.570259
-5.293818,177.958469,546.530008
7.832381,-172.142574,543.072843
20.716808,-161.594436,541.440336
32.832961,-149.140280,541.307815
43.334356,-133.062902,541.958225
50.826212,-106.171670,542.580592
53.104717,-79.724025,542.548353
49.417693,-54.094031,541.708315
41.113211,-33.908447,540.398839
30.129574,-18.841157,539.349019
17.768506,-6.955542,539.423140
4.778549,3.348496,541.300592
-8.351702,13.256773,545.198056
-21.195672,23.835299,550.733037
-33.227152,36.341461,556.981029
-43.602623,52.480525,562.709390
-50.870349,74.043559,566.710577
-53.102910,100.317845,568.130258
-49.453715,125.771560,566.695761
-41.238008,145.871963,562.784455
-30.347881,160.914717,557.315367
-18.060158,172.795477,551.492487
-5.111786,-176.903659,546.469903
8.014010,-167.003060,543.037816
20.891814,-156.437868,541.429550
32.992412,-143.946388,541.313413
43.462808,-127.804463,541.968801
50.897093,-100.829605,542.585506
53.093540,-74.346116,542.542000
49.329141,-48.772443,541.692014
40.975140,-28.668402,540.380492
29.965112,-13.658622,539.340417
17.591079,-1.804698,539.435729
4.596160,8.486361,541.341068
-8.533075,18.396561,545.265307
-21.369802,28.992446,550.817572
-33.385123,41.536204,557.067135
-43.729077,57.739699,562.779310
-50.940113,79.383888,566.749344
-53.091688,105.692949,568.129743
-49.366173,131.091316,566.656805
-41.101284,151.111376,562.716558
-30.184612,166.097114,557.234027
-17.883545,177.946288,551.414875
-4.929721,-171.765862,546.410113
8.195593,-161.863420,543.003151
21.066675,-151.280936,541.419058
33.151558,-138.751798,541.319161
43.590673,-122.544931,541.979364
50.966971,-95.486508,542.590288
53.081168,-68.968412,542.535483
49.239699,-43.452011,541.675616
40.836571,-23.429355,540.362195
29.800396,-8.476686,539.332038
17.413536,3.345851,539.448675
4.413746,13.624154,541.381942
-8.714394,23.536478,545.332881
-21.543779,34.149960,550.902247
-33.542782,46.731646,557.153137
-43.854938,62.999958,562.848887
-51.008884,84.725225,566.787603
-53.079288,111.067848,568.128667
-49.277751,136.409938,566.617363
-40.964062,156.349801,562.648359
-30.021086,171.278914,557.152624
-17.706809,-176.903195,551.337427
-4.747623,-166.628138,546.350641
8.377128,-156.723653,542.968846
21.241389,-146.123637,541.408858
33.310397,-133.556506,541.325057
43.717945,-117.284302,541.989914
51.035840,-90.142389,542.594936
53.067600,-63.590935,542.528802
49.149372,-38.132737,541.659125
40.697506,-18.191302,540.343950
29.635428,-3.295345,539.323883
17.235879,8.496109,539.461980
4.231309,18.761879,541.423216
-8.895656,28.676527,545.400776
-21.717600,39.307845,550.987058
-33.700126,51.927793,557.239032
-43.980201,68.261305,562.918120
-51.076657,90.067562,566.825351
-53.065711,116.442522,568.127030
-49.188454,141.727421,566.577438
-40.826346,161.587243,562.579861
-29.857303,176.460123,557.071159
-17.529952,-171.752969,551.260145
-4.565495,-161.490484,546.291489
8.558615,-151.583755,542.934903
21.415955,-140.965967,541.398950
33.468926,-128.360507,541.331098
43.844620,-112.022571,542.000448
51.103695,-84.797256,542.599449
53.052839,-58.213704,542.521958
49.058167,-32.814626,541.642541
40.557951,-12.954237,540.325761
29.470210,1.885406,539.315955
17.058110,13.646080,539.475644
4.048848,23.899538,541.464889
-9.076861,33.816710,545.468990
-21.891265,44.466106,551.072002
-33.857152,57.124651,557.324815
-44.104861,73.523745,562.987004
-51.143425,95.410890,566.862586
-53.050958,121.816950,568.124833
-49.098288,147.043762,566.537032
-40.688140,166.823709,562.511067
-29.693267,-178.359254,556.989638
-17.352977,-166.603031,551.183031
-4.383336,-156.352897,546.232656
8.740052,-146.443723,542.901320
21.590371,-135.807922,541.389332
33.627143,-123.163793,541.337284
43.970693,-106.759734,542.010963
51.170530,-79.451120,542.603826
53.036885,-52.836741,542.514951
48.966089,-27.497681,541.625867
40.417911,-7.718155,540.307628
29.304746,7.065573,539.308256
16.880228,18.795767,539.489669
3.866366,29.037133,541.506961
-9.258007,38.957032,545.537521
-22.064771,49.624747,551.157077
-34.013857,62.322225,557.410483
-44.228914,78.787283,563.055538
-51.209185,100.755198,566.899307
-53.035030,127.191113,568.122074
-49.007258,152.358958,566.496147
-40.549448,172.059203,562.441980
-29.528980,-173.179213,556.908062
-17.175883,-161.453376,551.106089
-4.201148,-151.215374,546.174146
8.921438,-141.303554,542.868098
21.764635,-130.649498,541.380001
33.785043,-117.966361,541.343610
44.096159,-101.495786,542.021458
51.236340,-74.103990,542.608065
53.019740,-47.460065,542.507781
48.873144,-22.181904,541.609103
40.277389,-2.483049,540.289555
29.139037,12.245159,539.300787
16.702237,23.945173,539.504056
3.683864,34.174668,541.549431
-9.439094,44.097495,545.606369
-22.238116,54.783771,551.242278
-34.170238,67.520520,557.496034
-44.352354,84.051921,563.123718
-51.273929,106.100476,566.935513
-53.017928,132.564991,568.118756
-48.915371,157.673005,566.454785
-40.410274,177.293731,562.372603
-29.364444,-167.999749,556.826436
-16.998673,-156.304002,551.029321
-4.018933,-146.077912,546.115958
9.102772,-136.163246,542.835235
21.938746,-125.490691,541.370957
33.942625,-112.768204,541.350076
44.221011,-96.230725,542.031930
51.301120,-68.755876,542.612167
53.001407,-42.083697,542.500448
48.779339,-16.867298,541.592252
40.136389,2.751085,540.271544
28.973086,17.424171,539.293553
16.524137,29.094302,539.518807
3.501342,39.312146,541.592299
-9.620120,49.238101,545.675529
-22.411300,59.943182,551.327604
-34.326292,72.719541,557.581462
-44.475176,89.317664,563.191542
-51.337655,111.446715,566.971202
-52.999656,137.938563,568.114877
-48.822632,162.985901,566.412948
-40.270624,-177.472702,562.302939
-29.199661,-162.820857,556.744763
-16.821348,-151.154905,550.952730
-3.836691,-140.940509,546.058095
9.284052,-131.022795,542.802733
22.112701,-120.331497,541.362197
34.099885,-107.569317,541.356678
44.345246,-90.964544,542.042378
51.364865,-63.406790,542.616130
52.981886,-36.707658,542.492954
48.684679,-11.553865,541.575315
39.994917,7.984254,540.253598
28.806895,22.602613,539.286554
16.345929,34.243158,539.533922
3.318801,44.449568,541.635565
-9.801085,54.378854,545.745001
-22.584320,65.102984,551.413051
-34.482016,77.919295,557.666766
-44.597375,94.584516,563.259006
-51.400355,116.793904,567.006372
-52.980213,143.311810,568.110439
-48.729047,168.297644,566.370637
-40.130500,-172.240090,562.232992
-29.034635,-157.642532,556.663047
-16.643910,-146.006082,550.876319
-3.654423,-135.803162,546.000558
9.465278,-125.882198,542.770589
22.286500,-115.171912,541.353720
34.256819,-102.369694,541.363414
44.468858,-85.697241,542.052800
51.427568,-58.056742,542.619953
52.961180,-31.331967,542.485297
48.589170,-6.241609,541.558293
39.852976,13.216462,540.235718
28.640467,27.780490,539.279793
16.167616,39.391743,539.549403
3.136244,49.586939,541.679229
-9.981986,59.519757,545.814783
-22.757174,70.263182,551.498615
-34.637407,83.119786,557.751941
-44.718945,99.852480,563.326108
-51.462026,122.142032,567.041023
-52.959603,148.684713,568.105441
-48.634622,173.608231,566.327855
-39.989907,-167.008428,562.162765
-28.869366,-152.464769,556.581290
-16.466360,-140.857529,550.800091
-3.472130,-130.665868,545.943348
9.646448,-120.741453,542.738805
22.460139,-110.011932,541.345524
34.413426,-97.169330,541.370283
44.591841,-80.428811,542.063193
51.489226,-52.705743,542.623634
52.939290,-25.956643,542.477480
48.492819,-0.930530,541.541190
39.710571,18.447716,540.217907
28.473804,32.957806,539.273272
15.989199,44.540062,539.565251
2.953670,54.724260,541.723289
-10.162822,64.660812,545.884872
-22.929861,75.423778,551.584293
-34.792462,88.321020,557.836983
-44.839882,105.121560,563.392845
-51.522663,127.491088,567.075152
-52.937827,154.057253,568.099884
-48.539362,178.917660,566.284604
-39.848850,-161.777710,562.092260
-28.703859,-147.287564,556.499496
-16.288699,-135.709243,550.724047
-3.289814,-125.528625,545.886466
9.827561,-115.600557,542.707380
22.633619,-104.851553,541.337608
34.569701,-91.968220,541.377281
44.714191,-75.159251,542.073555
51.549833,-47.353805,542.627174
52.916219,-20.581708,542.469502
48.395631,4.379369,541.524005
39.567706,23.678021,540.200167
28.306908,38.134567,539.266993
15.810679,49.688117,539.581468
2.771081,59.861534,541.767747
-10.343593,69.802023,545.955266
-23.102379,80.584778,551.670083
-34.947178,93.523003,557.921890
-44.960181,110.391759,563.459213
-51.582260,132.841060,567.108759
-52.914887,159.429409,568.093769
-48.443275,-175.774071,566.240886
-39.707332,-156.547931,562.021480
-28.538114,-142.110912,556.417668
-16.110928,-130.561220,550.648191
-3.107476,-120.391429,545.829914
10.008616,-110.459505,542.676313
22.806936,-99.690772,541.329970
34.725642,-86.766357,541.384407
44.835901,-69.888557,542.083885
51.609384,-42.000939,542.630571
52.891969,-15.207180,542.461363
48.297612,9.688086,541.506741
39.424384,28.907383,540.182501
28.139782,43.310777,539.260959
15.632057,54.835912,539.598054
2.588479,64.998765,541.812600
-10.524298,74.943393,546.025964
-23.274726,85.746186,551.755980
-35.101552,98.725740,558.006658
-45.079835,115.663081,563.525211
-51.640812,138.191938,567.141841
-52.890785,164.801163,568.087095
-48.346364,-170.466963,566.196702
-39.565357,-151.319086,561.950430
-28.372134,-136.934807,556.335810
-15.933050,-125.413458,550.572525
-2.925117,-115.254278,545.773692
10.189612,-105.318297,542.645603
22.980088,-94.529583,541.322608
34.881246,-81.563737,541.391658
44.956967,-64.616726,542.094181
51.667873,-36.647157,542.633824
52.866542,-9.833079,542.453065
48.198768,14.995621,541.489401
39.280610,34.135808,540.164912
27.972428,48.486442,539.255172
15.453336,59.983451,539.615010
2.405863,70.135954,541.857849
-10.704934,80.084924,546.096963
-23.446901,90.908004,551.841983
-35.255580,103.929237,558.091283
-45.198840,120.935530,563.590835
-51.698315,143.543709,567.174398
-52.865524,170.172496,568.079864
-48.248637,-165.161018,566.152056
-39.422930,-146.091168,561.879112
-28.205922,-131.759245,556.253926
-15.755065,-120.265952,550.497052
-2.742737,-110.117169,545.717802
10.370547,-100.176928,542.615251
23.153075,-89.367983,541.315520
35.036508,-76.360353,541.399032
45.077383,-59.343753,542.104440
51.725297,-31.292472,542.636932
52.839941,-4.459424,542.444607
48.099106,20.301973,541.471984
39.136389,39.363300,540.147401
27.804849,53.661566,539.249634
15.274515,65.130736,539.632338
2.223236,75.273106,541.903494
-10.885501,85.226620,546.168261
-23.618901,96.070238,551.928086
-35.409259,109.133498,558.175763
-45.317191,126.209108,563.656083
-51.754764,148.896361,567.206428
-52.839106,175.543388,568.072075
-48.150099,-159.856236,566.106949
-39.280055,-140.864173,561.807530
-28.039479,-126.584223,556.172018
-15.576975,-115.118699,550.421774
-2.560339,-104.980099,545.662246
10.551420,-95.035395,542.585256
23.325895,-84.205967,541.308704
35.191427,-71.156200,541.406526
45.197144,-54.069635,542.114661
51.781649,-25.936897,542.639894
52.812168,0.913765,542.435990
47.998630,25.607139,541.454494
38.991724,44.589867,540.129971
27.637045,58.836153,539.244346
15.095598,70.277772,539.650038
2.040598,80.410221,541.949533
-11.065998,90.368484,546.239855
-23.790725,101.232892,552.014288
-35.562587,114.338531,558.260092
-45.434882,131.483819,563.720952
-51.810154,154.249881,567.237931
-52.811533,-179.086178,568.063730
-48.050755,-154.552620,566.061384
-39.136735,-135.638094,561.735686
-27.872809,-121.409733,556.090089
-15.398782,-109.971697,550.346695
-2.377922,-99.843065,545.607023
10.732231,-89.893696,542.555618
23.498544,-79.043532,541.302159
35.345998,-65.951272,541.414139
45.316244,-48.794370,542.124841
51.836927,-20.580443,542.642710
52.783226,6.286471,542.427215
47.897348,30.911120,541.436931
38.846619,49.815513,540.112625
27.469021,64.010209,539.239312
14.916584,75.424561,539.668113
1.857950,85.547305,541.995966
-11.246423,95.510518,546.311745
-23.962371,106.395969,552.100586
-35.715559,119.544339,558.344269
-45.551907,136.759665,563.785439
-51.864481,159.604258,567.268904
-52.782808,-173.716221,568.054828
-47.950612,-149.250170,566.015361
-38.992974,-130.412926,561.663583
-27.705912,-116.235773,556.008144
-15.220485,-104.824941,550.271816
-2.195489,-94.706066,545.552136
10.912977,-84.751827,542.526335
23.671023,-73.880674,541.295884
35.500219,-60.745563,541.421867
45.434678,-43.517953,542.134979
51.891123,-15.223124,542.645379
52.753118,11.658673,542.418282
47.795265,36.213915,541.419299
38.701078,55.040245,540.095364
27.300777,69.183738,539.234534
14.737476,80.571106,539.686562
1.675294,90.684358,542.042793
-11.426775,100.652726,546.383927
-24.133837,111.559474,552.186974
-35.868174,124.750930,558.428289
-45.668262,142.036650,563.849542
-51.917740,164.959477,567.299346
-52.752935,-168.346759,568.045371
-47.849676,-143.948887,565.968885
-38.848777,-125.188664,561.591226
-27.538792,-111.062338,555.926185
-15.042088,-99.678429,550.197140
-2.013040,-89.569097,545.497585
11.093657,-79.609786,542.497408
23.843328,-68.717388,541.289875
35.654086,-55.539069,541.429709
45.552441,-38.240382,542.145073
51.944235,-9.864954,542.647899
52.721846,17.030353,542.409192
47.692386,41.515524,541.401598
38.555105,60.264067,540.078192
27.132317,74.356744,539.230013
14.558275,85.717412,539.705387
1.492631,95.821384,542.090013
-11.607053,105.795111,546.456400
-24.305121,116.723411,552.273452
-36.020426,129.958307,558.512149
-45.783941,147.314776,563.913257
-51.969926,170.315527,567.329257
-52.721914,-162.977811,568.035358
-47.747951,-138.648770,565.921956
-38.704146,-119.965301,561.518617
-27.371450,-105.889423,555.844216
-14.863591,-94.532156,550.122670
-1.830576,-84.432157,545.443372
11.274271,-74.467569,542.468836
24.015458,-63.553670,541.284132
35.807596,-50.331783,541.437662
45.669526,-32.961655,542.155120
51.996257,-4.505946,542.650270
52.689413,22.401494,542.399946
47.588719,46.815946,541.383830
38.408704,65.486987,540.061110
26.963642,79.529233,539.225751
14.378982,90.863481,539.724589
1.309962,100.958385,542.137625
-11.787256,110.937675,546.529161
-24.476222,121.887784,552.360014
-36.172314,135.166478,558.595845
-45.898939,152.594046,563.976582
-52.021036,175.672392,567.358635
-52.689751,-157.609395,568.024791
-47.645445,-133.349821,565.874578
-38.559087,-114.742833,561.445759
-27.203888,-100.717022,555.762241
-14.684996,-89.386121,550.048409
-1.648098,-79.295243,545.389497
11.454817,-69.325173,542.440618
24.187411,-58.389516,541.278653
35.960746,-45.123699,541.445725
45.785928,-27.681767,542.165120
52.047184,0.853886,542.652492
52.655823,27.772076,542.390543
47.484268,52.115181,541.365997
38.261880,70.709009,540.044122
26.794754,84.701210,539.221752
14.199598,96.009317,539.744169
1.127287,106.095365,542.185629
-11.967383,116.080422,546.602208
-24.647137,127.052598,552.446659
-36.323833,140.375447,558.679375
-46.013250,157.874462,564.039514
-52.071064,-178.969940,567.387478
-52.656446,-152.241528,568.013670
-47.542162,-128.052039,565.826752
-38.413603,-109.521254,561.372656
-27.036110,-95.545133,555.680261
-14.506304,-84.240320,549.974358
-1.465608,-74.158351,545.335962
11.635294,-64.182596,542.412753
24.359185,-53.224921,541.273435
36.113532,-39.914813,541.453894
45.901643,-22.400716,542.175069
52.097013,6.214528,542.654562
52.621079,33.142082,542.380985
47.379040,57.413230,541.348102
38.114635,75.930139,540.027229
26.625656,89.872677,539.218016
14.020126,101.154922,539.764128
0.944609,111.232325,542.234025
-12.147431,121.223356,546.675538
-24.817865,132.217856,552.533382
-36.474980,145.585221,558.762735
-46.126868,163.156027,564.102051
-52.120006,-173.611483,567.415786
-52.622004,-146.874228,568.001996
-47.438108,-122.755424,565.778480
-38.267697,-104.300557,561.299310
-26.868116,-90.373750,555.598282
-14.327516,-79.094749,549.900520
-1.283107,-69.021479,545.282768
11.815701,-59.039833,542.385242
24.530778,-48.059882,541.268477
36.265950,-34.705117,541.462167
46.016663,-17.118500,542.184967
52.145739,11.575964,542.656482
52.585184,38.511494,542.371273
47.273040,62.710093,541.330145
37.966974,81.150384,540.010433
26.456350,95.043642,539.214547
13.840565,106.300301,539.784466
0.761927,116.369270,542.282811
-12.327401,126.366478,546.749151
-24.988403,137.383563,552.620180
-36.625753,150.795804,558.845920
-46.239789,168.438743,564.164191
-52.167859,-168.252252,567.443558
-52.586428,-141.507512,567.989769
-47.333290,-117.459976,565.729766
-38.121374,-99.080738,561.225726
-26.699909,-85.202868,555.516306
-14.148634,-73.949405,549.826898
-1.100595,-63.884624,545.229915
11.996036,-53.896883,542.358083
24.702189,-42.894394,541.263777
36.417997,-29.494607,541.470543
46.130983,-11.835116,542.194810
52.193357,16.938182,542.658249
52.548140,43.880295,542.361406
47.166274,68.005771,541.312129
37.818900,86.369748,539.993739
26.286838,100.214107,539.211345
13.660918,111.445456,539.805186
0.579243,121.506201,542.331986
-12.507290,131.509792,546.823042
-25.158750,142.549723,552.707051
-36.776147,156.007202,558.928928
-46.352006,173.722612,564.225929
-52.214618,-162.892262,567.470792
-52.549721,-136.141398,567.976991
-47.227712,-112.165695,565.680610
-37.974637,-93.861791,561.151906
-26.531491,-80.032483,555.434336
-13.969658,-68.804285,549.753494
-0.918074,-58.747784,545.177405
12.176297,-48.753742,542.331276
24.873415,-37.728453,541.259333
36.569671,-24.283276,541.479018
46.244599,-6.550562,542.204598
52.239863,22.301164,542.659864
52.509953,49.248467,542.351386
47.058749,73.300264,541.294056
37.670418,91.588238,539.977147
26.117122,105.384077,539.208414
13.481186,116.590390,539.826287
0.396559,126.643121,542.381551
-12.687097,136.653302,546.897210
-25.328904,147.716340,552.793990
-36.926159,161.219422,559.011756
-46.463514,179.007636,564.287264
-52.260278,-157.531527,567.497487
-52.511886,-130.775901,567.963661
-47.121381,-106.872579,565.631016
-37.827490,-88.643710,561.077854
-26.362865,-74.862591,555.352376
-13.790591,-63.659386,549.680311
-0.735545,-53.610956,545.125238
12.356485,-43.610406,542.304820
25.044454,-32.562054,541.255143
36.720966,-19.071120,541.487590
46.357504,-1.264836,542.214329
52.285254,27.664897,542.661325
52.470625,54.615993,542.341213
46.950470,78.593573,541.275927
37.521530,96.805860,539.960660
25.947204,110.553557,539.205755
13.301370,121.735108,539.847771
0.213875,131.780034,542.431504
-12.866822,141.797010,546.971652
-25.498864,152.883419,552.880994
-37.075786,166.432468,559.094400
-46.574308,-175.706182,564.348194
-52.304836,-152.170062,567.523643
-52.472926,-125.411040,567.949780
-47.014303,-101.580629,565.580986
-37.679937,-83.426489,561.003573
-26.194031,-69.693188,555.270429
-13.611433,-58.514704,549.607350
-0.553009,-48.474137,545.073416
12.536597,-38.466874,542.278714
25.215305,-27.395193,541.251206
36.871881,-13.858132,541.496258
46.469692,4.022065,542.224000
52.329525,33.029364,542.662632
52.430159,59.982856,542.330889
46.841443,83.885699,541.257745
37.372242,102.022619,539.944280
25.777087,115.722552,539.203370
13.121472,126.879611,539.869638
0.031193,136.916941,542.481844
-13.046463,146.940919,547.046367
-25.668625,158.050964,552.968060
-37.225024,171.646346,559.176856
-46.684382,-170.418842,564.408715
-52.348288,-146.807883,567.549257
-52.432846,-120.046830,567.935350
-46.906482,-96.289843,565.530522
-37.531980,-78.210123,560.929065
-26.024993,-64.524268,555.188498
-13.432186,-53.370237,549.534615
-0.370467,-43.337324,545.021939
12.716633,-33.323141,542.252958
25.385965,-22.227866,541.247519
37.022410,-8.644306,541.505018
46.581157,9.310141,542.233610
52.372672,38.394550,542.663784
52.388560,65.349040,542.320413
46.731673,89.176644,541.239511
37.222556,107.238520,539.928011
25.606771,120.891065,539.201262
12.941493,132.023903,539.891889
-0.151487,142.053846,542.532571
-13.226018,152.085034,547.121351
-25.838188,163.218980,553.055185
-37.373869,176.861062,559.259121
-46.793730,-165.130342,564.468825
-52.390631,-141.445004,567.574331
-52.391649,-114.683287,567.920371
-46.797924,-91.000220,565.479626
-37.383625,-72.994607,560.854336
-25.855752,-59.355827,555.106587
-13.252852,-48.225981,549.462108
-0.187920,-38.200515,544.970808
12.896590,-28.179204,542.227551
25.556432,-17.060068,541.244080
37.172552,-3.429637,541.513869
46.691895,14.599396,542.243157
52.414690,43.760438,542.664781
52.345831,70.714528,542.309787
46.621167,94.466409,541.221227
37.072475,112.453571,539.911854
25.436260,126.059102,539.199432
12.761433,137.167988,539.914526
-0.334164,147.190751,542.583684
-13.405487,157.229355,547.196603
-26.007550,168.387470,553.142366
-37.522319,-177.923378,559.341191
-46.902347,-159.840680,564.528522
-52.431859,-136.081443,567.598861
-52.349338,-109.320429,567.904844
-46.688636,-85.711759,565.428302
-37.234874,-67.779934,560.779387
-25.686310,-54.187862,555.024699
-13.073430,-43.081933,549.389831
-0.005369,-33.063706,544.920024
13.076468,-23.035061,542.202493
25.726705,-11.891795,541.240888
37.322301,1.785882,541.522808
46.801899,19.889831,542.252639
52.455578,49.127014,542.665621
52.301977,76.079304,542.299012
46.509930,99.754995,541.202896
36.922005,117.667776,539.895812
25.265555,131.226667,539.197883
12.581295,142.311869,539.937548
-0.516835,152.327659,542.635182
-13.584868,162.373888,547.272120
-26.176709,173.556440,553.229598
-37.670368,-172.706969,559.423064
-47.010226,-154.549855,564.587802
-52.471970,-130.717214,567.622847
-52.305917,-103.958269,567.888770
-46.578623,-80.424458,565.376551
-37.085731,-62.566099,560.704222
-25.516669,-49.020367,554.942836
-12.893924,-37.938090,549.317786
0.177185,-27.926896,544.869588
13.256266,-17.890708,542.177781
25.896781,-6.723043,541.237941
37.471654,7.002254,541.531833
46.911164,25.181446,542.262054
52.495329,54.494259,542.666305
52.257001,81.443353,542.288088
46.397969,105.042404,541.184519
36.771148,122.881141,539.879888
25.094659,136.393763,539.196616
12.401080,147.455548,539.960958
-0.699501,157.464572,542.687064
-13.764159,167.518635,547.347899
-26.345663,178.725893,553.316878
-37.818015,-167.489705,559.504736
-47.117364,-149.257866,564.646665
-52.510960,-125.352334,567.646289
-52.261391,-98.596825,567.872149
-46.467890,-75.138316,565.324375
-36.936199,-57.353096,560.628844
-25.346832,-43.853338,554.861004
-12.714333,-32.794448,549.245976
0.359740,-22.790081,544.819500
13.435981,-12.746142,542.153416
26.066659,-1.553806,541.235237
37.620609,12.219488,541.540942
47.019683,30.474244,542.271401
52.533942,59.862157,542.666831
52.210907,86.806657,542.277015
46.285287,110.328638,541.166098
36.619908,128.093672,539.864083
24.923572,141.560397,539.195633
12.220789,152.599028,539.984755
-0.882160,162.601495,542.739330
-13.943360,172.663599,547.423939
-26.514409,-176.104166,553.404204
-37.965254,-162.271581,559.586203
-47.223753,-143.964712,564.705106
-52.548826,-119.986820,567.669185
-52.215763,-93.236111,567.854983
-46.356444,-69.853331,565.271778
-36.786283,-52.140919,560.553257
-25.176799,-38.686771,554.779204
-12.534660,-27.651006,549.174403
0.542296,-17.653258,544.769762
13.615614,-7.601359,542.129397
26.236336,3.615918,541.232773
37.769160,17.437588,541.550132
47.127451,35.768226,542.280678
52.571412,65.230691,542.667200
52.163699,92.169203,542.265796
46.171892,115.613699,541.147635
36.468288,133.305375,539.848400
24.752298,146.726571,539.194937
12.040423,157.742314,540.008940
-1.064812,167.738428,542.791978
-14.122469,177.808783,547.500236
-26.682947,-170.933732,553.491572
-38.112084,-157.052591,559.667462
-47.329388,-138.670392,564.763123
-52.585563,-114.620688,567.691535
-52.169037,-87.876142,567.837272
-46.244289,-64.569502,565.218761
-36.635985,-46.929564,560.477464
-25.006574,-33.520661,554.697440
-12.354905,-22.507759,549.103070
0.724851,-12.516425,544.720374
13.795162,-2.456357,542.105723
26.405809,8.786136,541.230547
37.917304,22.656560,541.559400
47.234462,41.063392,542.289883
52.607735,70.599844,542.667410
52.115382,97.530975,542.254430
46.057790,120.897589,541.129132
36.316293,138.516255,539.832842
24.580839,151.892290,539.194530
11.859983,162.885408,540.033514
-1.247454,172.875376,542.845007
-14.301485,-177.045809,547.576788
-26.851273,-165.762801,553.578978
-38.258498,-151.832729,559.748510
-47.434263,-133.374906,564.820715
-52.621170,-109.253956,567.713337
-52.121217,-82.516933,567.819018
-46.131430,-59.286826,565.165328
-36.485309,-41.719025,560.401468
-24.836158,-28.355005,554.615715
-12.175070,-17.364704,549.031978
0.907405,-7.379580,544.671337
13.974624,2.688867,542.082393
26.575078,13.956852,541.228559
38.065038,27.876410,541.568745
47.340710,46.359743,542.299014
52.642909,75.969599,542.667461
52.065960,102.891958,542.242919
45.942985,126.180311,541.110591
36.163925,143.726318,539.817411
24.409196,157.057559,539.194413
11.679471,168.028313,540.058477
-1.430086,178.012340,542.898417
-14.480407,-171.900173,547.653593
-27.019385,-160.591369,553.666419
-38.404495,-146.611990,559.829343
-47.538374,-128.078253,564.877878
-52.655642,-103.886639,567.734592
-52.072307,-77.158499,567.800221
-46.017875,-54.005300,565.111480
-36.334258,-36.509295,560.325273
-24.665553,-23.189798,554.534032
-11.995156,-12.221839,548.961130
1.089955,-2.242719,544.622652
14.153998,7.834318,542.059406
26.744140,19.128069,541.226805
38.212358,33.097143,541.578165
47.446190,51.657280,542.308070
52.676931,81.339938,542.667352
52.015437,108.252138,542.231263
45.827483,131.461866,541.092015
36.011187,148.935571,539.802109
24.237370,162.222381,539.194588
11.498889,173.171032,540.083832
-1.612706,-176.850676,542.952206
-14.659232,-166.754308,547.730649
-27.187283,-155.419431,553.753892
-38.550070,-141.390368,559.909958
-47.641713,-122.780432,564.934611
-52.688976,-98.518756,567.755297
-52.022313,-71.800854,567.780882
-45.903628,-48.724924,565.057220
-36.182837,-31.300369,560.248882
-24.494761,-18.025035,554.452395
-11.815164,-7.079159,548.890528
1.272502,2.894161,544.574319
14.333285,12.979997,542.036761
26.912993,24.299793,541.225284
38.359259,38.318766,541.587657
47.550895,56.956003,542.317048
52.709796,86.710842,542.667084
51.963817,113.611500,542.219464
45.711290,136.742258,541.073405
35.858084,154.144018,539.786940
24.065365,167.386762,539.195057
11.318236,178.313569,540.109577
-1.795315,-171.713670,543.006374
-14.837961,-161.608210,547.807952
-27.354962,-150.246982,553.841393
-38.695220,-136.167857,559.990352
-47.744275,-117.481445,564.990910
-52.721169,-93.150325,567.775452
-51.971237,-66.444011,567.761003
-45.788694,-43.445694,565.002551
-36.031047,-26.092242,560.172298
-24.323783,-12.860713,554.370807
-11.635095,-1.936664,548.820174
1.455045,8.031062,544.526339
14.512481,18.125909,542.014458
27.081635,29.472028,541.223993
38.505738,43.541284,541.597218
47.654820,62.255914,542.325948
52.741502,92.082294,542.666655
51.911106,118.970030,542.207523
45.594412,142.021489,541.054763
35.704619,159.351665,539.771904
23.893182,172.550705,539.195823
11.137515,-176.544074,540.135714
-1.977910,-166.576639,543.060919
-15.016591,-156.461875,547.885499
-27.522422,-145.074018,553.928918
-38.839940,-130.944452,560.070521
-47.846055,-112.181290,565.046774
-52.752218,-87.781363,567.795057
-51.919084,-61.087986,567.740584
-45.673079,-38.167608,564.947475
-35.878893,-20.884908,560.095525
-24.152622,-7.696828,554.289271
-11.454952,3.205652,548.750071
1.637581,13.167986,544.478712
14.691586,23.272056,541.992495
27.250063,34.644779,541.222932
38.651792,48.764703,541.606847
47.757958,67.557011,542.334767
52.772046,97.454276,542.666065
51.857308,124.327714,542.195439
45.476854,147.299561,541.036091
35.550795,164.558518,539.757006
23.720823,177.714214,539.196886
10.956727,-171.401894,540.162243
-2.160490,-161.439580,543.115841
-15.195121,-151.315299,547.963290
-27.689660,-139.900534,554.016465
-38.984227,-125.720147,560.150461
-47.947046,-106.879969,565.102199
-52.782121,-82.411887,567.814110
-51.865860,-55.732790,567.719627
-45.556789,-32.890664,564.891995
-35.726377,-15.678361,560.018566
-23.981280,-2.533374,554.207790
-11.274734,8.347791,548.680221
1.820110,18.304937,544.431440
14.870599,28.418443,541.970872
27.418275,39.818050,541.222097
38.797415,53.989028,541.616541
47.860304,72.859294,542.343504
52.801424,102.826769,542.665314
51.802427,129.684539,542.183215
45.358621,152.576478,541.017391
35.396615,169.764583,539.742246
23.548289,-177.122706,539.198250
10.775873,-166.259887,540.189165
-2.343055,-156.302491,543.171138
-15.373550,-146.168481,548.041320
-27.856674,-134.726526,554.104030
-39.128076,-120.494937,560.230170
-48.047243,-101.577481,565.157185
-52.810875,-77.041916,567.832612
-51.811567,-50.378438,567.698132
-45.439829,-27.614857,564.836113
-35.573504,-10.472596,559.941424
-23.809758,2.629651,554.126367
-11.094443,13.489756,548.610626
2.002631,23.441918,544.384523
15.049518,33.565072,541.949587
27.586269,44.991847,541.221486
38.942605,59.214266,541.626298
47.961852,78.162764,542.352157
52.829635,108.199754,542.664402
51.746468,135.040492,542.170851
45.239720,157.852243,540.998666
35.242083,174.969866,539.727628
23.375584,-171.960050,539.199916
10.594954,-161.118050,540.216480
-2.525603,-151.165368,543.226809
-15.551877,-141.021416,548.119588
-28.023462,-129.551989,554.191609
-39.271485,-115.268815,560.309644
-48.146641,-96.273827,565.211728
-52.838476,-71.671469,567.850561
-51.756212,-45.024942,567.676100
-45.322204,-22.340187,564.779832
-35.420276,-5.267608,559.864103
-23.638059,7.792253,554.045006
-10.914081,18.631549,548.541287
2.185142,28.578931,544.337960
15.228342,38.711946,541.928639
27.754044,50.166173,541.221098
39.087357,64.440422,541.636115
48.062596,83.467420,542.360725
52.856676,113.573213,542.663327
51.689435,140.395560,542.158349
45.120155,163.126859,540.979917
35.087202,-179.825629,539.713155
23.202707,-166.797816,539.201885
10.413972,-155.976381,540.244190
-2.708133,-146.028209,543.282853
-15.730100,-135.874102,548.198090
-28.190021,-124.376918,554.279200
-39.414449,-110.041777,560.388881
-48.245232,-90.969009,565.265826
-52.864923,-66.300564,567.867956
-51.699798,-39.672316,567.653534
-45.203920,-17.066649,564.723154
-35.266696,-0.063390,559.786605
-23.466183,12.954435,553.963710
-10.733649,23.773175,548.472208
2.367644,33.715978,544.291754
15.407069,43.859069,541.908028
27.921596,55.341034,541.220930
39.231668,69.667502,541.645991
48.162529,88.773261,542.369205
52.882543,118.947126,542.662089
51.631335,145.749729,542.145709
44.999932,168.400328,540.961147
34.931976,-174.621894,539.698827
23.029662,-161.635998,539.204160
10.232928,-150.834877,540.272294
-2.890645,-140.891012,543.339270
-15.908217,-130.726534,548.276825
-28.356350,-119.201308,554.366798
-39.556963,-104.813817,560.467875
-48.343012,-85.663027,565.319477
-52.890212,-60.929219,567.884797
-51.642330,-34.320570,567.630433
-45.084981,-11.794241,564.666083
-35.112769,5.140063,559.708935
-23.294133,18.116201,553.882482
-10.553147,28.914635,548.403390
2.550133,38.853064,544.245904
15.585697,49.006444,541.887753
28.088924,60.516434,541.220981
39.375532,74.895511,541.655923
48.261647,94.080286,542.377597
52.907235,124.321474,542.660689
51.572171,151.102988,542.132932
44.879057,173.672655,540.942358
34.776407,-169.418926,539.684649
22.856450,-156.474593,539.206743
10.051822,-145.693533,540.300793
-3.073136,-135.753773,543.396056
-16.086228,-125.578710,548.355788
-28.522446,-114.025156,554.454400
-39.699025,-99.584929,560.546625
-48.439975,-80.355882,565.372678
-52.914342,-55.557453,567.901084
-51.583814,-28.969719,567.606800
-44.965394,-6.522959,564.608621
-34.958496,10.342756,559.631096
-23.121911,23.277556,553.801325
-10.372577,34.055934,548.334835
2.732611,43.990189,544.200412
15.764227,54.154075,541.867811
28.256024,65.692379,541.221248
39.518947,80.124456,541.665908
48.359943,99.388495,542.385898
52.930748,129.696238,542.659125
51.511949,156.455324,542.120020
44.757535,178.943844,540.923551
34.620498,-164.216717,539.670622
22.683073,-151.313597,539.209634
9.870657,-140.552348,540.329688
-3.255607,-130.616489,543.453213
-16.264131,-120.430626,548.434979
-28.688306,-108.848456,554.542002
-39.840630,-94.355108,560.625127
-48.536115,-75.047575,565.425428
-52.937310,-50.185286,567.916815
-51.524253,-23.619773,567.582635
-44.845164,-1.252800,564.550770
-34.803881,15.544695,559.553091
-22.949518,28.438504,553.720242
-10.191941,39.197074,548.266545
2.915074,49.127358,544.155276
15.942656,59.301965,541.848203
28.422896,70.868872,541.221729
39.661908,85.354341,541.675945
48.457411,104.697885,542.394107
52.953081,135.071398,542.657398
51.450674,161.806727,542.106973
44.635371,-175.786104,540.904730
34.464254,-159.015263,539.656748
22.509533,-146.153005,539.212837
9.689433,-135.411318,540.358978
-3.438055,-125.479159,543.510738
-16.441924,-115.282279,548.514394
-28.853929,-103.671203,554.629602
-39.981773,-89.124348,560.703377
-48.631426,-69.738109,565.477724
-52.959114,-44.812737,567.931991
-51.463653,-18.270744,567.557939
-44.724295,4.016240,564.492533
-34.648928,20.745885,559.474924
-22.776957,33.599048,553.639237
-10.011239,44.338058,548.198523
3.097523,54.264573,544.110499
16.120982,64.450117,541.828928
28.589536,76.045918,541.222422
39.804410,90.585174,541.686031
48.554045,110.008456,542.402222
52.974232,140.446935,542.655508
51.388350,167.157183,542.093793
44.512571,-170.517183,540.885895
34.307677,-153.814558,539.643031
22.335832,-140.992813,539.216353
9.508151,-130.270441,540.388665
-3.620480,-120.341778,543.568630
-16.619607,-110.133665,548.594030
-29.019313,-98.493393,554.717196
-40.122451,-83.892644,560.781373
-48.725902,-64.427486,565.529564
-52.979753,-39.439824,567.946610
-51.402019,-12.922643,567.532714
-44.602793,9.284163,564.433913
-34.493639,25.946332,559.396597
-22.604228,38.759192,553.558312
-9.830473,49.478888,548.130771
3.279956,59.401836,544.066080
16.299205,69.598534,541.809983
28.755943,81.223523,541.223326
39.946450,95.816958,541.696164
48.649839,115.320206,542.410242
52.994199,145.822828,542.653453
51.324983,172.506682,542.080480
44.389140,-165.249390,540.867049
34.150770,-148.614596,539.629472
22.161971,-135.833018,539.220184
9.326814,-125.129713,540.418749
-3.802880,-115.204345,543.626887
-16.797177,-104.984782,548.673884
-29.184454,-93.315021,554.804780
-40.262660,-78.659990,560.859111
-48.819537,-59.115707,565.580945
-52.999223,-34.066567,567.960673
-51.339355,-7.575482,567.506961
-44.480664,14.550974,564.374913
-34.338017,31.146041,559.318115
-22.431334,43.918941,553.477470
-9.649643,54.619569,548.063289
3.462372,64.539151,544.022019
16.477323,74.747221,541.791368
28.922113,86.401692,541.224437
40.088024,101.049701,541.706342
48.744787,120.633133,542.418166
53.012978,151.199058,542.651234
51.260578,177.855213,542.067037
44.265083,-159.982721,540.848195
33.993536,-143.415372,539.616074
21.987951,-130.673615,539.224331
9.145421,-119.989131,540.449231
-3.985255,-110.066857,543.685510
-16.974634,-99.835624,548.753955
-29.349351,-88.136081,554.892351
-40.402396,-73.426380,560.936588
-48.912327,-53.802774,565.631866
-53.017523,-28.692986,567.974178
-51.275667,-2.229271,567.480682
-44.357912,19.816676,564.315534
-34.182066,36.345018,559.239480
-22.258277,49.078299,553.396715
-9.468752,59.760103,547.996082
3.644770,69.676521,543.978318
16.655334,79.896180,541.773082
29.088046,91.580428,541.225754
40.229127,106.283407,541.716562
48.838883,125.947234,542.425991
53.030570,156.575605,542.648850
51.195140,-176.797235,542.053463
44.140405,-154.717172,540.829335
33.835979,-138.216880,539.602840
21.813776,-125.514601,539.228796
8.963975,-114.848693,540.480110
-4.167603,-104.929310,543.744495
-17.151976,-94.686191,548.834239
-29.514001,-82.956570,554.979905
-40.541654,-68.191810,561.013800
-49.004264,-48.488691,565.682325
-53.034652,-23.319100,567.987125
-51.210960,3.115979,567.453877
-44.234542,25.081274,564.255781
-34.025788,41.543269,559.160696
-22.085058,54.237269,553.316050
-9.287799,64.900492,547.929149
3.827149,74.813947,543.934976
16.833238,85.045416,541.755124
29.253737,96.759738,541.227274
40.369755,111.518082,541.726822
48.932122,131.262508,542.433717
53.046972,161.952448,542.646301
51.128675,-171.450672,542.039761
44.015112,-149.452739,540.810470
33.678101,-133.019115,539.589771
21.639446,-120.355970,539.233581
8.782476,-109.708395,540.511386
-4.349924,-99.791703,543.803843
-17.329201,-89.536477,548.914733
-29.678402,-77.776482,555.067440
-40.680429,-62.956274,561.090745
-49.095343,-43.173460,565.732319
-53.050607,-17.944929,567.999514
-51.145239,8.460259,567.426548
-44.110560,30.344770,564.195656
-33.869187,46.740798,559.081767
-21.911679,59.395856,553.235478
-9.106788,70.040740,547.862494
4.009508,79.951433,543.891994
17.011032,90.194930,541.737492
29.419185,101.939625,541.228996
40.509904,116.753732,541.737121
49.024497,136.578952,542.441341
53.062182,167.329567,542.643588
51.061188,-166.105109,542.025931
43.889209,-144.189419,540.791602
33.519906,-127.822070,539.576871
21.464964,-115.197721,539.238688
8.600925,-104.568235,540.543062
-4.532216,-94.654031,543.863551
-17.506308,-84.386479,548.995434
-29.842552,-72.595813,555.154950
-40.818719,-57.719766,561.167419
-49.185558,-37.857083,565.781846
-53.065388,-12.570494,568.011344
-51.078509,13.803557,567.398697
-43.985971,35.607169,564.135161
-33.712265,51.937611,559.002696
-21.738141,64.554063,553.155002
-8.925717,75.180850,547.796118
4.191845,85.088982,543.849372
17.188715,95.344728,541.720185
29.584388,107.120095,541.230917
40.649569,121.990362,541.747455
49.116002,141.896562,542.448862
53.076199,172.706942,542.640709
50.992684,-160.760555,542.011975
43.762702,-138.927206,540.772735
33.361397,-122.625742,539.564141
21.290331,-110.039847,539.244118
8.419324,-99.428210,540.575136
-4.714478,-89.516293,543.923618
-17.683296,-79.236194,549.076341
-30.006447,-67.414557,555.242434
-40.956518,-52.482281,561.243818
-49.274903,-32.539565,565.830904
-53.078993,-7.195814,568.022615
-51.010776,19.145865,567.370324
-43.860780,40.868476,564.074299
-33.555026,57.133714,558.923485
-21.564447,69.711895,553.074625
-8.744590,80.320825,547.730023
4.374160,90.226596,543.807110
17.366287,100.494811,541.703202
29.749342,112.301154,541.233035
40.788746,127.227978,541.757822
49.206631,147.215337,542.456280
53.089021,178.084551,542.637665
50.923168,-155.417019,541.997893
43.635594,-133.666096,540.753870
33.202575,-117.430123,539.551584
21.115548,-104.882347,539.249874
8.237675,-94.288316,540.607608
-4.896708,-84.378486,543.984042
-17.860163,-74.085618,549.157449
-30.170087,-62.232710,555.329886
-41.093823,-47.243814,561.319941
-49.363373,-27.220908,565.879491
-53.091420,-1.820908,568.033327
-50.942044,24.487173,567.341432
-43.734991,46.128693,564.013073
-33.397472,62.329111,558.844140
-21.390597,74.869355,552.994350
-8.563406,85.460667,547.664211
4.556451,95.364278,543.765209
17.543744,105.645185,541.686543
29.914046,117.482805,541.235348
40.927431,132.466585,541.768220
49.296379,152.535272,542.463591
53.100648,-176.537625,542.634455
50.852647,-150.074511,541.983688
43.507892,-128.406086,540.735010
33.043446,-112.235209,539.539202
20.940618,-99.725214,539.255956
8.055977,-89.148551,540.640480
-5.078907,-79.240607,544.044824
-18.036907,-68.934748,549.238757
-30.333467,-57.050267,555.417305
-41.230628,-42.004360,561.395783
-49.450962,-21.901116,565.927605
-53.102668,3.554201,568.043479
-50.872319,29.827472,567.312021
-43.608611,51.387826,563.951486
-33.239606,67.523809,558.764662
-21.216594,80.026446,552.914180
-8.382167,90.600380,547.598684
4.738718,100.502031,543.723669
17.721086,110.795852,541.670204
30.078497,122.665054,541.237854
41.065619,137.706189,541.778648
49.385239,157.856363,542.470795
53.111078,-171.159607,542.631080
50.781126,-144.733040,541.969360
43.379601,-123.147170,540.716156
32.884010,-107.040995,539.526998
20.765542,-94.568447,539.262367
7.874233,-84.008912,540.673752
-5.261072,-74.102652,544.105960
-18.213528,-63.783581,549.320261
-30.496587,-51.867222,555.504687
-41.366930,-36.763912,561.471341
-49.537664,-16.580194,565.975244
-53.112737,8.929496,568.053071
-50.801606,35.166753,567.282094
-43.481643,56.645879,563.889541
-33.081431,72.717812,558.685056
-21.042440,85.183174,552.834118
-8.200875,95.739966,547.533444
4.920958,105.639858,543.682491
17.898312,115.946816,541.654186
30.242693,127.847906,541.240551
41.203306,142.946795,541.789102
49.473205,163.178609,542.477891
53.120309,-165.781417,542.627539
50.708609,-139.392615,541.954910
43.250724,-117.889344,540.697311
32.724272,-101.847474,539.514975
20.590322,-89.412041,539.269108
7.692443,-78.869395,540.707422
-5.443203,-68.964620,544.167449
-18.390024,-58.632112,549.401958
-30.659442,-46.683571,555.592027
-41.502723,-31.522467,561.546612
-49.623473,-11.258144,566.022406
-53.121625,14.304954,568.062103
-50.729911,40.505008,567.251651
-43.354092,61.902856,563.827241
-32.922950,77.911127,558.605324
-20.868135,90.339542,552.754168
-8.019530,100.879428,547.468492
5.103172,110.777762,543.641673
18.075419,121.098080,541.638487
30.406630,133.031365,541.243436
41.340487,148.188409,541.799581
49.560272,168.502003,542.484877
53.128342,-160.403074,542.623833
50.635103,-134.053244,541.940341
43.121269,-112.632604,540.678477
32.564234,-96.654642,539.503133
20.414959,-84.255991,539.276180
7.510608,-73.729999,540.741493
-5.625299,-63.826508,544.229291
-18.566393,-53.480339,549.483846
-30.822031,-41.499308,555.679322
-41.638005,-26.280018,561.621594
-49.708384,-5.934972,566.069089
-53.129331,19.680556,568.070573
-50.657239,45.842228,567.220694
-43.225965,67.158761,563.764587
-32.764166,83.103757,558.525471
-20.693683,95.495553,552.674331
-7.838133,106.018770,547.403830
5.285358,115.915745,543.601217
18.252407,126.249649,541.623105
30.570307,138.215438,541.246507
41.477157,153.431036,541.810082
49.646434,173.826542,542.491751
53.135176,-155.024601,542.619961
50.560614,-128.714935,541.925652
42.991239,-107.376945,540.659656
32.403899,-91.462492,539.491477
20.239455,-79.100295,539.283586
7.328731,-68.590720,540.775964
-5.807358,-58.688312,544.291482
-18.742633,-48.328257,549.565922
-30.984352,-36.314430,555.766570
-41.772770,-21.036561,561.696282
-49.792390,-0.610682,566.115291
-53.135856,25.056281,568.078484
-50.583596,51.178406,567.189224
-43.097264,72.413599,563.701585
-32.605082,88.295709,558.445499
-20.519083,100.651211,552.594612
-7.656687,111.157993,547.339461
5.467514,121.053810,543.561123
18.429274,131.401525,541.608039
30.733721,143.400129,541.249762
41.613313,158.674682,541.820604
49.731684,179.152222,542.498512
53.140809,-149.646018,542.615922
50.485147,-123.377696,541.910846
42.860639,-102.122361,540.640851
32.243270,-86.271021,539.480008
20.063812,-73.944948,539.291327
7.146811,-63.451555,540.810835
-5.989379,-53.550030,544.354023
-18.918744,-43.175863,549.648182
-31.146401,-31.128929,555.853766
-41.907013,-15.792090,561.770674
-49.875487,4.714721,566.161010
-53.141197,30.432108,568.085832
-50.508987,56.513533,567.157244
-42.967997,77.667375,563.638235
-32.445700,93.486988,558.365413
-20.344338,105.806520,552.515013
-7.475191,116.297102,547.275385
5.649641,126.191960,543.521391
18.606018,136.553712,541.593289
30.896870,148.585443,541.253199
41.748949,163.919351,541.831143
49.816017,-175.520962,542.505160
53.145241,-144.267346,542.611718
50.408707,-118.041535,541.895924
42.729475,-96.868849,540.622064
32.082350,-81.080222,539.468728
19.888032,-68.789947,539.299405
6.964850,-58.312501,540.846106
-6.171361,-48.411658,544.416911
-19.094724,-38.023154,549.730624
-31.308176,-25.942803,555.940907
-42.040730,-10.546600,561.844766
-49.957667,10.041232,566.206245
-53.145355,35.808018,568.092620
-50.433417,61.847602,567.124755
-42.838166,82.920093,563.574541
-32.286023,98.677599,558.285214
-20.169449,110.961485,552.435536
-7.293647,121.436098,547.211605
5.831735,131.330198,543.482020
18.782637,141.706214,541.578852
31.059750,153.771386,541.256816
41.884062,169.165049,541.841698
49.899426,-170.193016,542.511692
53.148472,-138.888606,542.607349
50.331301,-112.706458,541.880888
42.597751,-91.616404,540.603297
31.921141,-75.890089,539.457641
19.712115,-63.635288,539.307820
6.782850,-53.173556,540.881777
-6.353303,-43.273195,544.480144
-19.270570,-32.870126,549.813246
-31.469675,-20.756044,556.027990
-42.173917,-5.300087,561.918555
-50.038926,15.368845,566.250992
-53.148329,41.183990,568.098846
-50.356893,67.180606,567.091758
-42.707777,88.171758,563.510506
-32.126054,103.867547,558.204908
-19.994419,116.116107,552.356186
-7.112056,126.574985,547.148123
6.013798,136.468527,543.443012
18.959131,146.859034,541.564727
31.222359,158.957962,541.260610
42.018645,174.411781,541.852267
49.981906,-164.863945,542.518106
53.150501,-133.509819,542.602813
50.252934,-107.372474,541.865738
42.465472,-86.365020,540.584552
31.759646,-70.700619,539.446748
19.536064,-58.480967,539.316575
6.600811,-48.034717,540.917849
-6.535204,-38.134638,544.543722
-19.446283,-27.716775,549.896043
-31.630895,-15.568649,556.115010
-42.306569,-0.052544,561.992039
-50.119258,20.697555,566.295252
-53.150118,46.560002,568.104511
-50.279419,72.512538,567.058254
-42.576835,93.422374,563.446133
-31.965796,109.056838,558.124496
-19.819248,121.270393,552.276965
-6.930419,131.713766,547.084939
6.195826,141.606949,543.404366
19.135498,152.012177,541.550914
31.384695,164.145177,541.264579
42.152696,179.659552,541.862847
50.063452,-159.533754,542.524403
