50.468296,-152.879615,542.554932
53.141925,-126.623023,542.576846
49.834444,-100.733827,541.785983
41.775788,-80.150755,540.488454
30.923717,-64.798798,539.393785
18.627539,-52.755061,539.367036
5.662956,-42.384874,541.109857
-7.471088,-32.483075,544.876394
-20.348810,-21.985402,550.324964
-32.456470,-9.656963,556.561895
-42.980925,6.175026,562.365398
-50.517984,27.343706,566.515305
-53.140588,53.432444,568.124774
-49.865705,79.140937,566.877812
-41.894055,99.632892,563.109470
-31.136173,114.957798,557.708981
-18.915159,126.996121,551.871274
-5.994522,137.363292,546.764472
7.132485,147.257795,543.211178
20.041504,157.742465,541.484715
32.216102,170.055969,541.287759
42.834274,-174.111524,541.917463
50.543966,-147.542677,542.560474
53.136565,-121.244413,542.571292
49.750296,-95.406694,541.770167
41.640203,-74.905787,540.469896
30.760525,-59.613281,539.384138
18.450696,-47.602737,539.377913
5.480704,-37.246621,541.148391
-7.652711,-27.343873,544.942051
-20.523662,-16.829986,550.408778
-32.615915,-4.465540,556.648457
-43.110183,11.429001,562.436935
-50.592492,32.679021,566.556520
-53.135097,58.808255,568.126984
-49.782519,84.466140,566.841234
-41.759814,104.877170,563.043083
-30.974194,120.143159,557.628001
-18.739159,132.148410,551.792910
-5.812629,142.501481,546.703163
7.314282,152.396855,543.174759
20.217054,162.897669,541.472781
32.376697,175.247226,541.292756
42.964940,-168.857251,541.928065
50.618659,-142.204667,542.565888
53.130005,-115.865907,542.565573
49.665229,-90.080695,541.754247
41.504096,-69.661844,540.451378
30.597066,-54.428389,539.374702
18.273730,-42.450726,539.389140
5.298423,-32.108454,541.187326
-7.834285,-22.204556,545.008040
-20.698369,-11.674220,550.492747
-32.775062,0.726558,556.734931
-43.238873,16.684039,562.508144
-50.666032,38.015385,566.597234
-53.128424,64.183960,568.128633
-49.698423,89.790230,566.804163
-41.625052,110.120435,562.976379
-30.811945,125.327900,557.546939
-18.563030,137.300388,551.714695
-5.630698,147.639583,546.642164
7.496036,157.536028,543.138701
20.392464,168.053222,541.461146
32.536998,-179.560840,541.297912
43.095038,-163.601902,541.938664
50.692370,-136.865592,542.571175
53.122245,-110.487526,542.559689
49.579248,-84.755835,541.738226
41.367472,-64.418921,540.432901
30.433343,-49.244115,539.365479
18.096642,-37.299023,539.400719
5.116112,-26.970369,541.226660
-8.015808,-17.065120,545.074359
-20.872928,-6.518101,550.576867
-32.933907,5.919335,556.821315
-43.366990,21.940144,562.579023
-50.738599,43.352791,566.637446
-53.120569,69.559538,568.129719
-49.613425,95.113201,566.766599
-41.489774,115.362693,562.909361
-30.649427,130.512025,557.465801
-18.386773,142.452058,551.636634
-5.448731,152.777602,546.581477
7.677748,162.675319,543.103005
20.567734,173.209128,541.449811
32.697004,-174.368224,541.303225
43.224563,-158.345474,541.949257
50.765094,-131.525460,542.576332
53.113286,-105.109292,542.553640
49.492360,-79.432119,541.722105
41.230337,-59.177012,540.414467
30.269358,-44.060456,539.356472
17.919434,-32.147625,539.412651
4.933772,-21.832364,541.266395
-8.197280,-11.925564,545.141007
-21.047338,-1.361625,550.661135
-33.092448,11.112796,556.907605
-43.494527,27.197322,562.649568
-50.810189,48.691230,566.677152
-53.111532,74.934968,568.130244
-49.527529,100.435049,566.728545
-41.353986,120.603947,562.842032
-30.486644,135.695539,557.384589
-18.210389,147.603424,551.558727
-5.266728,157.915540,546.521103
7.859416,167.814729,543.067670
20.742862,178.365390,541.438773
32.856711,-169.174921,541.308692
43.353510,-153.087962,541.959841
50.836824,-126.184281,542.581358
53.103129,-99.731224,542.547427
49.404571,-74.109551,541.705886
41.092695,-53.936112,540.396079
30.105114,-38.877406,539.347683
17.742107,-26.996527,539.424937
4.751406,-16.694435,541.306530
-8.378699,-6.785884,545.207981
-21.221598,3.795211,550.745549
-33.250683,16.306948,556.993798
-43.621481,32.455577,562.719777
-50.880795,54.030693,566.716352
-53.101314,80.310232,568.130208
-49.440742,105.755768,566.690003
-41.217690,125.844205,562.774395
-30.323597,140.878448,557.303307
-18.033880,152.754488,551.480979
-5.084691,163.053401,546.461045
8.041038,172.954261,543.032697
20.917847,-176.477988,541.428030
33.016116,-163.980925,541.314312
43.481875,-147.829361,541.970415
50.907557,-120.842062,542.586252
53.091775,-94.353344,542.541049
49.315886,-68.788135,541.689570
40.954549,-48.696216,540.377739
29.940614,-33.694960,539.339114
17.564663,-21.845728,539.437580
4.569013,-11.556581,541.347065
-8.560064,-1.646077,545.275280
-21.395705,8.952412,550.830105
-33.408608,21.501794,557.079889
-43.747847,37.714912,562.789646
-50.950412,59.371173,566.755045
-53.089918,85.685307,568.129610
-49.353069,111.075357,566.650974
-41.080893,131.083470,562.706453
-30.160291,146.060756,557.221957
-17.857249,157.905255,551.403392
-4.902621,168.191187,546.401303
8.222614,178.093919,542.998086
21.092686,-171.321002,541.417582
33.175217,-158.786232,541.320082
43.609652,-142.569666,541.980977
50.977285,-115.498813,542.591014
53.079224,-88.975673,542.534507
49.226312,-63.467875,541.673158
40.815905,-43.457318,540.359449
29.775860,-28.513114,539.330768
17.387104,-16.695222,539.450579
4.386596,-6.418797,541.387998
-8.741374,3.493859,545.342902
-21.569659,14.109981,550.914800
-33.566220,26.697341,557.165875
-43.873619,42.975332,562.859172
-51.019035,64.712660,566.793228
-53.077342,91.060174,568.128451
-49.264516,116.393809,566.611461
-40.943597,136.321749,562.638210
-29.996726,151.242468,557.140545
-17.680495,163.055728,551.325968
-4.720519,173.328900,546.341878
8.404142,-176.766294,542.963835
21.267379,-166.163649,541.407426
33.334010,-153.590835,541.326000
43.736835,-137.308873,541.991524
51.046003,-110.154542,542.595641
53.065479,-83.598231,542.527802
49.135854,-58.148774,541.656653
40.676768,-38.219412,540.341213
29.610855,-23.331861,539.322647
17.209430,-11.545007,539.463937
4.204155,-1.281083,541.429332
-8.922628,8.633928,545.410844
-21.743457,19.267922,550.999631
-33.723517,31.893594,557.251753
-43.998793,48.236842,562.928353
-51.086658,70.055145,566.830899
-53.063590,96.434812,568.126731
-49.175089,121.711122,566.571465
-40.805807,141.559045,562.569668
-29.832905,156.423589,557.059072
-17.503620,168.205911,551.248711
-4.538386,178.466544,546.282773
8.585621,-171.626376,542.929945
21.441923,-161.005923,541.397561
33.492493,-148.394729,541.332063
43.863421,-132.046978,542.002054
51.113706,-104.809259,542.600134
53.050540,-78.221039,542.520933
49.044518,-52.830836,541.640055
40.537140,-32.982494,540.323031
29.445600,-18.151197,539.314752
17.031643,-6.395078,539.477655
4.021691,3.856566,541.471064
-9.103824,13.774132,545.479106
-21.917098,24.426239,551.084595
-33.880495,37.090557,557.337520
-44.123363,53.499445,562.997186
-51.153277,75.398619,566.868058
-53.048661,101.809202,568.124450
-49.084794,127.027293,566.530988
-40.667528,146.795366,562.500830
-29.668832,161.604125,556.977542
-17.326627,173.355807,551.171622
-4.356223,-176.395879,546.223989
8.767051,-166.486324,542.896416
21.616316,-155.847822,541.387985
33.650663,-143.197909,541.338269
43.989404,-126.783976,542.012567
51.180389,-99.462974,542.604490
53.034409,-72.844117,542.513902
48.952311,-47.514065,541.623367
40.397028,-27.746557,540.304907
29.280099,-12.971117,539.307087
16.853745,-1.245433,539.491733
3.839206,8.994153,541.513195
-9.284962,18.914475,545.547685
-22.090580,29.584937,551.169689
-34.037152,42.288238,557.423171
-44.247325,58.763146,563.065668
-51.218885,80.743072,566.904703
-53.032559,107.183324,568.121608
-48.993636,132.342318,566.490032
-40.528764,152.030716,562.431700
-29.504507,166.784080,556.895959
-17.149516,178.505419,551.094706
-4.174031,-171.258365,546.165526
8.948429,-161.346135,542.863247
21.790557,-150.689341,541.378697
33.808516,-138.000369,541.344616
44.114779,-121.519863,542.023058
51.246047,-94.115697,542.608709
53.017087,-67.467486,542.506707
48.859238,-42.198462,541.606590
40.256434,-22.511596,540.286843
29.114354,-7.791616,539.299653
16.675737,3.903931,539.506174
3.656701,14.131679,541.555724
-9.466040,24.054958,545.616578
-22.263902,34.744018,551.254909
-34.193485,47.486641,557.508703
-44.370673,64.027949,563.133795
-51.283479,86.088494,566.940832
-53.015283,112.557157,568.118206
-48.901622,137.656194,566.448599
-40.389520,157.265101,562.362281
-29.339934,171.963458,556.814326
-16.972289,-176.345248,551.017965
-3.991811,-166.120912,546.107387
9.129755,-156.205805,542.830438
21.964645,-145.530477,541.369695
33.966050,-132.802104,541.351102
44.239540,-116.254635,542.033527
51.310673,-88.767439,542.612790
52.998577,-62.091166,542.499350
48.765305,-36.884030,541.589725
40.115365,-17.277606,540.268841
28.948367,-2.612690,539.292453
16.497621,9.053020,539.520979
3.474176,19.269148,541.598652
-9.647057,29.195586,545.685786
-22.437061,39.903487,551.340253
-34.349490,52.685771,557.594114
-44.493403,69.293856,563.201566
-51.347052,91.434875,566.976444
-52.996836,117.930682,568.114245
-48.808756,142.968919,566.406691
-40.249798,162.498526,562.292575
-29.175115,177.142266,556.732647
-16.794947,-171.196192,550.941401
-3.809565,-160.983518,546.049573
9.311027,-151.065333,542.797989
22.138577,-140.371225,541.360978
34.123261,-127.603108,541.357724
44.363682,-110.988287,542.043971
51.374263,-83.418209,542.616732
52.978879,-56.715177,542.491831
48.670518,-31.570773,541.572775
39.973822,-12.044581,540.250904
28.782141,2.565668,539.285489
16.319398,14.201835,539.536149
3.291633,24.406563,541.641977
-9.828012,34.336361,545.755304
-22.610056,45.063348,551.425718
-34.505165,57.885634,557.679399
-44.615508,74.560873,563.268976
-51.409599,96.782204,567.011538
-52.977220,123.303880,568.109723
-48.715046,148.280489,566.364310
-40.109605,167.730996,562.222586
-29.010053,-177.679493,556.650924
-16.617492,-166.047409,550.865017
-3.627294,-155.846179,545.992084
9.492245,-145.924714,542.765900
22.312352,-135.211581,541.352543
34.280147,-122.403375,541.364480
44.487201,-105.720817,542.054388
51.436811,-78.068018,542.620534
52.957997,-51.339539,542.484151
48.574884,-26.258692,541.555742
39.831812,-6.812515,540.233034
28.615678,7.743461,539.278764
16.141070,19.350380,539.551684
3.109073,29.543925,541.685700
-10.008903,39.477287,545.825131
-22.782886,50.223605,551.511299
-34.660506,63.086235,557.764554
-44.736985,79.829003,563.336024
-51.471117,102.130471,567.046111
-52.956436,128.676730,568.104642
-48.620497,153.590904,566.321459
-39.968943,172.962517,562.152317
-28.844749,-172.501814,556.569162
-16.439925,-160.898896,550.788815
-3.444998,-150.708893,545.934923
9.673406,-140.783947,542.734169
22.485968,-130.051542,541.344389
34.436705,-117.202901,541.371368
44.610090,-100.452219,542.064776
51.498313,-72.716879,542.624194
52.935931,-45.964272,542.476309
48.478408,-20.947788,541.538625
39.689338,-1.581402,540.215233
28.448980,12.920694,539.272279
15.962637,24.498659,539.567587
2.926497,34.681239,541.729819
-10.189730,44.618365,545.895266
-22.955548,55.384261,551.596994
-34.815511,68.287581,557.849577
-44.857827,85.098250,563.402706
-51.531599,107.479664,567.080163
-52.934486,134.049213,568.099003
-48.525114,158.900161,566.278138
-39.827816,178.193094,562.081771
-28.679205,-167.324691,556.487363
-16.262248,-155.750649,550.712800
-3.262678,-145.571656,545.878090
9.854511,-135.643027,542.702797
22.659423,-124.891104,541.336514
34.592931,-112.001679,541.378386
44.732345,-95.182491,542.075134
51.558762,-67.364802,542.627712
52.912685,-40.589396,542.468307
48.381096,-15.638065,541.521429
39.546405,3.648762,540.197504
28.282050,18.097373,539.266036
15.784102,29.646676,539.583858
2.743906,39.818507,541.774335
-10.370492,49.759600,545.965705
-23.128040,60.545321,551.682800
-34.970176,73.489676,557.934464
-44.978030,90.368616,563.469020
-51.591040,112.829772,567.113692
-52.911373,139.421311,568.092805
-48.428903,164.208257,566.234351
-39.686230,-176.577266,562.010952
-28.513426,-162.148120,556.405531
-16.084461,-150.602666,550.636972
-3.080337,-140.434467,545.821587
10.035557,-130.501953,542.671783
22.832716,-119.730262,541.328916
34.748821,-106.799704,541.385530
44.853960,-89.911627,542.085459
51.618156,-62.011799,542.631087
52.888259,-35.214931,542.460144
48.282954,-10.329523,541.504153
39.403016,8.877984,540.179850
28.114890,23.273502,539.260038
15.605465,34.794433,539.600499
2.561301,44.955731,541.819248
-10.551186,54.900993,546.036448
-23.300362,65.706790,551.768713
-35.124498,78.692525,558.019211
-45.097588,95.640106,563.534963
-51.649437,118.180783,567.146696
-52.887098,144.793003,568.086048
-48.331871,169.515192,566.190099
-39.544188,-171.348559,561.939862
-28.347411,-156.972097,556.323669
-15.906567,-145.454941,550.561334
-2.897975,-135.297323,545.765414
10.216544,-125.360721,542.641127
23.005844,-114.569012,541.321595
34.904374,-101.596970,541.392799
44.974929,-84.639626,542.095749
51.676487,-56.657882,542.634319
52.862657,-29.840895,542.451822
48.183988,-5.022165,541.486801
39.259175,14.106270,540.162271
27.947502,28.449086,539.254288
15.426729,39.941933,539.617510
2.378684,50.092915,541.864556
-10.731812,60.042549,546.107492
-23.472511,70.868670,551.854731
-35.278474,83.896135,558.103814
-45.216496,100.912722,563.600531
-51.706783,123.532686,567.179175
-52.861665,150.164272,568.078734
-48.234022,174.820964,566.145384
-39.401694,-166.120779,561.868504
-28.181164,-151.796616,556.241780
-15.728567,-140.307473,550.485891
-2.715592,-130.160219,545.709574
10.397470,-120.219327,542.610828
23.178806,-109.407350,541.314548
35.059586,-96.393472,541.400191
45.095248,-79.366483,542.106003
51.733751,-51.303064,542.637405
52.835882,-24.467308,542.443340
48.084204,0.284010,541.469373
39.114887,19.333624,540.144772
27.779889,33.624129,539.248787
15.247894,45.089181,539.634893
2.196055,55.230061,541.910259
-10.912369,65.184269,546.178834
-23.644485,76.030966,551.940850
-35.432102,89.100511,558.188272
-45.334749,106.186469,563.665723
-51.763075,128.885468,567.211128
-52.835075,155.535097,568.070863
-48.135364,-179.874428,566.100209
-39.258752,-160.893920,561.796883
-28.014688,-146.621673,556.159869
-15.550461,-135.160258,550.410642
-2.533191,-125.023155,545.654067
10.578334,-115.077770,542.580886
23.351600,-104.245273,541.307773
35.214453,-91.189204,541.407703
45.214911,-74.092195,542.116217
51.789944,-45.947356,542.640345
52.807935,-19.094189,542.434699
47.983608,5.589001,541.451872
38.970156,24.560053,540.127355
27.612053,38.798637,539.243537
15.068962,50.236180,539.652649
2.013415,60.367172,541.956357
-11.092855,70.326158,546.250473
-23.816282,81.193682,552.027066
-35.585377,94.305659,558.272579
-45.452341,111.461348,563.730536
-51.818307,134.239117,567.242551
-52.807331,160.905462,568.062435
-48.035901,-174.570985,566.054576
-39.115366,-155.667977,561.725000
-27.847983,-141.447263,556.077938
-15.372252,-130.013293,550.335593
-2.350772,-119.886127,545.598895
10.759135,-109.936046,542.551300
23.524225,-99.082775,541.301268
35.368973,-85.984160,541.415333
45.333913,-68.816758,542.126391
51.845061,-40.590773,542.643139
52.778819,-13.721558,542.425900
47.882206,10.892805,541.434298
38.824986,29.785563,540.110021
27.443996,43.972614,539.238540
14.889934,55.382933,539.670779
1.830767,65.504250,542.002848
-11.273269,75.468218,546.322406
-23.987901,86.356823,552.113378
-35.738296,99.511583,558.356733
-45.569267,116.737364,563.794966
-51.872476,139.593620,567.273446
-52.778435,166.275346,568.053451
-47.935640,-169.268709,566.008486
-38.971540,-150.442945,561.652860
-27.681053,-136.273381,555.995991
-15.193941,-124.866573,550.260744
-2.168336,-114.749132,545.544058
10.939871,-104.794152,542.522071
23.696677,-93.919853,541.295032
35.523141,-80.778335,541.423078
45.452247,-63.540170,542.136522
51.899096,-35.233326,542.645785
52.748537,-8.349432,542.416944
47.780004,16.195424,541.416655
38.679381,35.010159,540.092773
27.275720,49.146065,539.233800
14.710812,60.529442,539.689284
1.648110,70.641299,542.049734
-11.453611,80.610452,546.394632
-24.159341,91.520392,552.199780
-35.890857,104.718291,558.440729
-45.685522,122.014518,563.859011
-51.925575,144.948964,567.303809
-52.748390,171.644732,568.043911
-47.834585,-163.967599,565.961942
-38.827278,-145.218817,561.580465
-27.513900,-131.100023,555.914031
-15.015529,-119.720097,550.186099
-1.985884,-109.612168,545.489557
11.120542,-99.652084,542.493196
23.868957,-88.756503,541.289063
35.676955,-75.571723,541.430937
45.569909,-58.262428,542.146609
51.952046,-29.875031,542.648283
52.717092,-2.977831,542.407830
47.677008,21.496856,541.398944
38.533344,40.233847,540.075614
27.107227,54.318994,539.229317
14.531597,65.675713,539.708165
1.465445,75.778321,542.097012
-11.633878,85.752863,546.467148
-24.330598,96.684394,552.286270
-36.043055,109.925786,558.524565
-45.801100,127.292814,563.922668
-51.977602,150.305135,567.333641
-52.717200,177.013602,568.033816
-47.732744,-158.667656,565.914947
-38.682584,-139.995588,561.507819
-27.346525,-125.927185,555.832061
-14.837017,-114.573860,550.111660
-1.803418,-104.475232,545.435394
11.301146,-94.509841,542.464677
24.041060,-83.592720,541.283359
35.830412,-70.364319,541.438906
45.686893,-52.983527,542.156650
52.003905,-24.515899,542.650632
52.684487,2.393228,542.398560
47.573223,26.797101,541.381166
38.386880,45.456632,540.058545
26.938520,59.491407,539.225094
14.352290,70.821747,539.727423
1.282775,80.915319,542.144683
-11.814069,90.895455,546.539951
-24.501671,101.848832,552.372845
-36.194888,115.134075,558.608237
-45.915996,132.572255,563.985935
-52.028550,155.662121,567.362939
-52.684866,-177.618063,568.023167
-47.630122,-153.368880,565.867502
-38.537461,-134.773252,561.434925
-27.178931,-120.754861,555.750085
-14.658407,-109.427860,550.037430
-1.620939,-99.338321,545.381570
11.481682,-89.367418,542.436511
24.212987,-78.428501,541.277919
35.983508,-65.156116,541.446984
45.803193,-47.703466,542.166641
52.054670,-19.155946,542.652831
52.650726,7.763725,542.389134
47.468656,32.096160,541.363324
38.239992,50.678521,540.041571
26.769601,64.663307,539.221134
14.172894,75.967548,539.747059
1.100100,86.052296,542.192745
-11.994184,96.038230,546.613040
-24.672558,107.013711,552.459502
-36.346352,120.343164,558.691742
-46.030204,137.852842,564.048809
-52.078417,161.019908,567.391704
-52.651392,-172.250279,568.011964
-47.526724,-148.071272,565.819610
-38.391914,-129.551805,561.361786
-27.011120,-115.583047,555.668105
-14.479701,-104.282093,549.963411
-1.438447,-94.201432,545.328086
11.662148,-84.224814,542.408700
24.384734,-73.263841,541.272739
36.136239,-59.947109,541.455169
45.918805,-42.422242,542.176583
52.104334,-13.795185,542.654879
52.615810,13.133644,542.379553
47.363313,37.394032,541.345419
38.092685,55.899520,540.024692
26.600472,69.834700,539.217437
13.993408,81.113119,539.767074
0.917421,91.189254,542.241199
-12.174221,101.181191,546.686413
-24.843258,112.179036,552.546236
-36.497444,125.553057,558.775076
-46.143719,143.134578,564.111288
-52.127198,166.378480,567.419932
-52.616781,-166.883065,568.000208
-47.422556,-142.774831,565.771272
-38.245946,-124.331239,561.288405
-26.843095,-110.411739,555.586126
-14.300899,-99.136556,549.889605
-1.255944,-89.064563,545.274942
11.842544,-79.082024,542.381241
24.556300,-68.098735,541.267820
36.288602,-54.737293,541.463457
46.033721,-37.139853,542.186472
52.152896,-8.433631,542.656776
52.579743,18.502967,542.369817
47.257199,42.690719,541.327453
37.944963,61.119633,540.007911
26.431136,75.005589,539.214008
13.813834,86.258464,539.787470
0.734739,96.326196,542.290042
-12.354178,106.324342,546.760067
-25.013768,117.344810,552.633046
-36.648161,130.763761,558.858236
-46.256535,148.417465,564.173368
-52.174888,171.737825,567.447624
-52.581036,-161.516437,567.987899
-47.317624,-137.479557,565.722492
-38.099561,-119.111550,561.214785
-26.674856,-105.240931,555.504151
-14.122002,-93.991246,549.816015
-1.073431,-83.927711,545.222140
12.022868,-73.939045,542.354134
24.727684,-62.933180,541.263158
36.440594,-49.526661,541.471848
46.147937,-31.856295,542.196308
52.200349,-3.071299,542.658520
52.542530,23.871675,542.359928
47.150320,47.986220,541.309428
37.796828,66.338867,539.991231
26.261593,80.175980,539.210846
13.634175,91.403586,539.808246
0.552055,101.463126,542.339276
-12.534056,111.467685,546.833999
-25.184087,122.511038,552.719927
-36.798498,135.975282,558.941217
-46.368647,153.701506,564.235047
-52.221483,177.097927,567.474778
-52.544161,-156.150413,567.975038
-47.211934,-132.185449,565.673271
-37.952763,-113.892732,561.140931
-26.506407,-100.070620,555.422183
-13.943013,-88.846159,549.742644
-0.890909,-78.790873,545.169681
12.203119,-68.795875,542.327379
24.898882,-57.767170,541.258752
36.592212,-44.315208,541.480337
46.261447,-26.571567,542.206087
52.246689,2.291796,542.660112
52.504172,29.239752,542.349885
47.042682,53.280537,541.291346
37.648285,71.557227,539.974654
26.091847,85.345877,539.207955
13.454430,96.548488,539.829404
0.369371,106.600045,542.388898
-12.713851,116.611224,546.908208
-25.354212,127.677724,552.806876
-36.948453,141.187624,559.024018
-46.480049,158.986703,564.296322
-52.266980,-177.541228,567.501393
-52.506158,-150.785010,567.961627
-47.105492,-126.892507,565.623612
-37.805555,-108.674779,561.066844
-26.337750,-94.900801,555.340224
-13.763932,-83.701292,549.669494
-0.708379,-73.654046,545.117566
12.383296,-63.652511,542.300976
25.069893,-52.600703,541.254600
36.743451,-39.102928,541.488924
46.374245,-21.285666,542.215809
52.291914,7.655639,542.661550
52.464674,34.607180,542.339689
46.934292,58.573670,541.273209
37.499338,76.774720,539.958183
25.921899,90.515285,539.205336
13.274602,101.693174,539.850944
0.186687,111.736956,542.438909
-12.893563,121.754962,546.982692
-25.524142,132.844872,552.893890
-37.098022,146.400793,559.106634
-46.590736,164.273056,564.357191
-52.311373,-172.179656,567.527469
-52.467032,-145.420245,567.947665
-46.998302,-121.600730,565.573518
-37.657941,-103.457686,560.992530
-26.168886,-89.731470,555.258280
-13.584761,-78.556643,549.596567
-0.525841,-68.517228,545.065795
12.563397,-58.508948,542.274922
25.240716,-47.433773,541.250700
36.894308,-33.889815,541.497605
46.486326,-15.998590,542.225471
52.336017,13.020214,542.662833
52.424040,39.973943,542.329342
46.825153,63.865620,541.255019
37.349990,81.991351,539.941820
25.751752,95.684208,539.202993
13.094691,106.837645,539.872868
0.004005,116.873863,542.489307
-13.073191,126.898901,547.057447
-25.693874,138.012487,552.980965
-37.247202,151.614796,559.189062
-46.700702,169.560569,564.417651
-52.354661,-166.817371,567.553003
-52.426785,-140.056133,567.933153
-46.890371,-116.310117,565.522990
-37.509925,-98.241447,560.917989
-25.999817,-84.562622,555.176352
-13.405501,-73.412207,549.523866
-0.343299,-63.380416,545.014369
12.743421,-53.365185,542.249218
25.411347,-42.266376,541.247050
37.044780,-28.675864,541.506379
46.597684,-10.710338,542.235071
52.378996,18.385505,542.663962
52.382272,45.340025,542.318844
46.715274,69.156389,541.236777
37.200245,87.207126,539.925567
25.581407,100.852650,539.200926
12.914700,111.981907,539.895177
-0.178675,122.010767,542.540091
-13.252734,132.043046,547.132471
-25.863407,143.180573,553.068098
-37.395988,156.829637,559.271299
-46.809942,174.849242,564.477700
-52.396837,-161.454390,567.577996
-52.385422,-134.692691,567.918093
-46.781705,-111.020667,565.472030
-37.361511,-93.026056,560.843227
-25.830546,-79.394252,555.094444
-13.226154,-68.267982,549.451393
-0.160751,-58.243607,544.963290
12.923366,-48.221218,542.223863
25.581786,-37.098508,541.243648
37.194863,-23.461069,541.515243
46.708313,-5.420908,542.244608
52.420847,23.751497,542.664935
52.339376,50.705408,542.308195
46.604659,74.445978,541.218486
37.050106,92.422050,539.909427
25.410867,106.020616,539.199137
12.734629,117.125961,539.917871
-0.361351,127.147673,542.591262
-13.432190,137.187399,547.207763
-26.032739,148.349134,553.155287
-37.544378,162.045323,559.353340
-46.918449,-179.860923,564.537335
-52.437900,-156.090728,567.602446
-52.342946,-129.329936,567.902484
-46.672309,-105.732379,565.420642
-37.212701,-87.811508,560.768246
-25.661074,-74.226357,555.012560
-13.046720,-63.123965,549.379150
0.021800,-53.106798,544.912558
13.103232,-43.077044,542.198856
25.752030,-31.930164,541.240493
37.344554,-18.245424,541.524195
46.818208,-0.130298,542.254080
52.461566,29.118173,542.665752
52.295354,56.070077,542.297397
46.493314,79.734389,541.200148
36.899578,97.636129,539.893402
25.240133,111.188111,539.197630
12.554479,122.269811,539.940951
-0.544022,132.284581,542.642817
-13.611557,142.331963,547.283319
-26.201867,153.518176,553.242526
-37.692368,167.261859,559.435183
-47.026219,-174.569925,564.596554
-52.477844,-150.726402,567.626351
-52.299360,-123.967882,567.886329
-46.562188,-100.445251,565.368828
-37.063500,-82.597798,560.693049
-25.491404,-69.058931,554.930702
-12.867200,-57.980152,549.307140
0.204354,-47.969987,544.862173
13.283018,-37.932659,542.174196
25.922076,-26.761340,541.237582
37.493848,-13.028924,541.533233
46.927361,5.161494,542.263485
52.501148,34.485516,542.666412
52.250212,61.434015,542.286450
46.381244,85.021623,541.181763
36.748664,102.849370,539.877495
25.069208,116.355138,539.196405
12.374252,127.413460,539.964418
-0.726687,137.421496,542.694756
-13.790835,147.476742,547.359137
-26.370790,158.687701,553.329814
-37.839955,172.479250,559.516825
-47.133245,-169.277762,564.655354
-52.516667,-145.361427,567.649712
-52.254670,-118.606545,567.869627
-46.451349,-95.159281,565.316590
-36.913911,-77.384918,560.617640
-25.321538,-63.891971,554.848874
-12.687597,-52.836541,549.235366
0.386910,-42.833171,544.812138
13.462721,-32.788061,542.149883
26.091924,-21.592031,541.234913
37.642743,-7.811562,541.542353
47.035769,10.454468,542.272822
52.539591,39.853510,542.666915
52.203952,66.797208,542.275356
46.268456,90.307683,541.163336
36.597367,108.061777,539.861708
24.898094,121.521703,539.195464
12.193950,132.556912,539.988272
-0.909345,142.558420,542.747079
-13.970023,152.621739,547.435215
-26.539506,163.857715,553.417147
-37.987133,177.697503,559.598262
-47.239523,-163.984435,564.713732
-52.554365,-139.995820,567.672527
-52.208878,-113.245941,567.852380
-46.339796,-89.874468,565.263930
-36.763938,-72.172864,560.542023
-25.151477,-58.725473,554.767079
-12.507912,-47.693127,549.163828
0.569465,-37.696347,544.762452
13.642341,-27.643246,542.125915
26.261571,-16.422233,541.232484
37.791233,-2.593332,541.551555
47.143425,15.748625,542.282088
52.576890,45.222138,542.667260
52.156578,72.159640,542.264114
46.154956,95.592570,541.144867
36.445691,113.273357,539.846043
24.726793,126.687809,539.194811
12.013573,137.700169,540.012515
-1.091995,147.695355,542.799783
-14.149118,157.766957,547.511550
-26.708012,169.028223,553.504520
-38.133901,-177.083377,559.679490
-47.345045,-158.689941,564.771687
-52.590935,-134.629597,567.694796
-52.161989,-107.886084,567.834589
-46.227536,-84.590811,565.210852
-36.613583,-66.961631,560.466200
-24.981223,-53.559431,554.685321
-12.328145,-42.549909,549.092531
0.752020,-32.559513,544.713116
13.821876,-22.498211,542.102292
26.431014,-11.251942,541.230294
37.939317,2.625770,541.560835
47.250323,21.043968,542.291282
52.613043,50.591382,542.667446
52.108097,77.521295,542.252727
46.040748,100.876286,541.126358
36.293640,118.484116,539.830504
24.555306,131.853461,539.194446
11.833122,142.843235,540.037147
-1.274635,152.832305,542.852869
-14.328120,162.912398,547.588141
-26.876307,174.199228,553.591932
-38.280254,-171.863385,559.760506
-47.449807,-153.394281,564.829215
-52.626372,-129.262777,567.716517
-52.114006,-102.526990,567.816254
-46.114574,-79.308306,565.157357
-36.462851,-61.751212,560.390174
-24.810779,-48.393842,554.603602
-12.148298,-37.406883,549.021475
0.934574,-27.422665,544.664132
14.001325,-17.352954,542.079013
26.600253,-6.081152,541.228341
38.086989,7.845751,541.570191
47.356457,26.340495,542.300401
52.648046,55.961225,542.667473
52.058510,82.882160,542.241194
45.925839,106.158834,541.107811
36.141217,123.694058,539.815091
24.383635,137.018663,539.194372
11.652600,147.986112,540.062169
-1.457265,157.969272,542.906336
-14.507027,168.058067,547.664983
-27.044387,179.370735,553.679378
-38.426188,-166.642515,559.841307
-47.553803,-148.097455,564.886314
-52.660675,-123.895375,567.737690
-52.064935,-97.168672,567.797377
-46.000915,-74.026952,565.103447
-36.311745,-56.541602,560.313950
-24.640145,-43.228701,554.521926
-11.968372,-32.264045,548.950664
1.117124,-22.285802,544.615499
14.180687,-12.207469,542.056077
26.769284,-0.909860,541.226622
38.234247,13.066616,541.579621
47.461822,31.638209,542.309446
52.681895,61.331649,542.667340
52.007824,88.242218,542.229517
45.810234,111.440216,541.089230
35.988425,128.903190,539.799809
24.211783,142.183420,539.194591
11.472007,153.128803,540.087581
-1.639884,163.106259,542.960181
-14.685839,173.203967,547.742075
-27.212252,-175.457251,553.766855
-38.571700,-161.420761,559.921889
-47.657027,-142.799461,564.942983
-52.693839,-118.527409,567.758313
-52.014779,-91.811146,567.777958
-45.886565,-68.746746,565.049127
-36.160269,-51.332796,560.237530
-24.469325,-38.064004,554.440297
-11.788369,-27.121394,548.880099
1.299670,-17.148919,544.567218
14.359960,-7.061755,542.033483
26.938105,4.261940,541.225135
38.381086,18.288372,541.589123
47.566411,36.937109,542.318412
52.714588,66.702636,542.667048
51.956042,93.601457,542.217696
45.693939,116.720434,541.070614
35.835268,134.111518,539.784659
24.039751,147.347735,539.195104
11.291344,158.271313,540.113384
-1.822491,168.243269,543.014405
-14.864553,178.350101,547.819415
-27.379899,-170.284726,553.854360
-38.716786,-156.198117,560.002250
-47.759473,-137.500299,564.999218
-52.725862,-113.158898,567.778387
-51.963543,-86.454424,567.757998
-45.771530,-63.467687,564.994397
-36.008424,-46.124787,560.160918
-24.298321,-32.899748,554.358716
-11.608289,-21.978925,548.809783
1.482212,-12.012015,544.519291
14.539143,-1.915809,542.011230
27.106715,9.434252,541.223879
38.527502,23.511024,541.598695
47.670219,42.237196,542.327300
52.746121,72.074168,542.666595
51.903168,98.959862,542.205733
45.576959,121.999493,541.051967
35.681749,139.319047,539.769644
23.867542,152.511613,539.195914
11.110613,163.413644,540.139579
-2.005084,173.380304,543.069007
-15.043168,-176.503529,547.896999
-27.547326,-165.111685,553.941889
-38.861442,-150.974579,560.082385
-47.861136,-132.199971,565.055017
-52.756741,-107.789858,567.797910
-51.911230,-81.098521,567.737499
-45.655814,-58.189771,564.939261
-35.856216,-40.917571,560.084117
-24.127133,-27.735927,554.277188
-11.428134,-16.836636,548.739717
1.664747,-6.875087,544.471717
14.718234,3.230374,541.989318
27.275111,14.607080,541.222851
38.673492,28.734577,541.608333
47.773240,47.538469,542.336107
52.776492,77.446227,542.665981
51.849208,104.317420,542.193628
45.459300,127.277393,541.033291
35.527871,144.525782,539.754765
23.695156,157.675058,539.197022
10.929815,168.555798,540.166167
-2.187662,178.517367,543.123984
-15.221683,-171.356917,547.974825
-27.714531,-159.938123,554.029439
-39.005664,-145.750139,560.162292
-47.962009,-126.898476,565.110377
-52.786473,-102.420307,567.816882
-51.857847,-75.743450,567.716462
-45.539424,-52.912996,564.883721
-35.703647,-35.711141,560.007131
-23.955764,-22.572537,554.195716
-11.247906,-11.694523,548.669905
1.847275,-1.738131,544.424498
14.897233,8.376797,541.967745
27.443291,19.780429,541.222049
38.819051,33.959038,541.618036
47.875468,52.840929,542.344831
52.805697,82.818794,542.665206
51.794167,109.674116,542.181383
45.340968,132.554138,541.014587
35.373639,149.731731,539.740027
23.522597,162.838075,539.198430
10.748952,173.697779,540.193147
-2.370224,-176.345539,543.179337
-15.400097,-166.210063,548.052891
-27.881512,-154.764036,554.117006
-39.149448,-140.524794,560.241966
-48.062088,-121.595815,565.165297
-52.815056,-97.050265,567.835301
-51.803396,-70.389225,567.694887
-45.422365,-47.637359,564.827780
-35.550721,-30.505492,559.929962
-23.784215,-17.409575,554.114303
-11.067604,-6.552584,548.600348
2.029794,3.398854,544.377633
15.076138,13.523462,541.946510
27.611253,24.954304,541.221471
38.964176,39.184412,541.627802
47.976896,58.144576,542.353471
52.833734,88.191851,542.664269
51.738048,115.029938,542.168998
45.221968,137.829732,540.995858
35.219055,154.936897,539.725430
23.349866,168.000668,539.200141
10.568023,178.839591,540.220521
-2.552770,-171.208411,543.235064
-15.578408,-161.062961,548.131194
-28.048266,-149.589420,554.204588
-39.292791,-135.298537,560.321405
-48.161365,-116.291988,565.219774
-52.842485,-91.679748,567.853168
-51.747882,-65.035858,567.672777
-45.304641,-42.362857,564.771440
-35.397440,-25.300618,559.852615
-23.612489,-12.247036,554.032951
-10.887232,-1.410815,548.531048
2.212305,8.535872,544.331124
15.254947,18.670373,541.925613
27.778994,30.128710,541.221116
39.108863,44.410705,541.637628
48.077520,63.449408,542.362026
52.860600,93.565378,542.663169
51.680856,120.384872,542.156475
45.102305,143.104177,540.977106
35.064122,160.141287,539.710978
23.176964,173.162840,539.202155
10.387032,-176.018765,540.248289
-2.735298,-166.071246,543.291163
-15.756616,-155.915609,548.209731
-28.214791,-144.414269,554.292179
-39.435688,-130.071362,560.400606
-48.259837,-110.986996,565.273806
-52.868760,-86.308776,567.870481
-51.691311,-59.683362,567.650131
-45.186259,-37.089488,564.714704
-35.243809,-20.096515,559.775092
-23.440587,-7.084916,553.951665
-10.706789,3.730785,548.462007
2.394804,13.672925,544.284971
15.433660,23.817533,541.905052
27.946513,35.303651,541.220981
39.253107,49.637923,541.647512
48.177332,68.755425,542.370493
52.886292,98.939357,542.661907
51.622597,125.738907,542.143814
44.981984,148.377476,540.958333
34.908845,165.344907,539.696672
23.003894,178.324595,539.204476
10.205978,-170.877284,540.276452
-2.917806,-160.934043,543.347635
-15.934717,-150.768003,548.288500
-28.381085,-139.238579,554.379778
-39.578135,-124.843264,560.479564
-48.357496,-105.680840,565.327391
-52.893877,-80.937367,567.887240
-51.633687,-54.331749,567.626951
-45.067224,-31.817247,564.657575
-35.089830,-14.893175,559.697397
-23.268512,-1.923211,553.870448
-10.526277,8.872222,548.393228
2.577292,18.810016,544.239174
15.612274,28.964946,541.884826
28.113807,40.479132,541.221064
39.396905,54.866071,541.657452
48.276328,74.062627,542.378871
52.910809,104.313769,542.660483
51.563276,131.092030,542.131017
44.861013,153.649634,540.939540
34.753225,170.547762,539.682516
22.830658,-176.514061,539.207104
10.024864,-165.735964,540.305010
-3.100294,-155.796797,543.404477
-16.112712,-145.620141,548.367498
-28.547146,-134.062346,554.467381
-39.720129,-119.614237,560.558278
-48.454336,-100.373522,565.380525
-52.917834,-75.565541,567.903444
-51.575015,-48.981031,567.603239
-44.947541,-26.546133,564.600055
-34.935506,-9.690595,559.619533
-23.096264,3.238083,553.789301
-10.345697,14.013497,548.324713
2.759767,23.947148,544.193734
15.790789,34.112615,541.864934
28.280874,45.655157,541.221363
39.540252,60.095156,541.667445
48.374501,79.371012,542.387158
52.934147,109.688593,542.658895
51.502897,136.444228,542.118084
44.739395,158.920653,540.920731
34.597266,175.749858,539.668511
22.657256,-171.353125,539.210042
9.843689,-160.594803,540.333963
-3.282762,-150.659507,543.461688
-16.290599,-140.472018,548.446722
-28.712971,-128.885564,554.554983
-39.861666,-114.384277,560.636743
-48.550353,-95.065043,565.433208
-52.940629,-70.193316,567.919093
-51.515299,-43.631221,567.578995
-44.827215,-21.276140,564.542146
-34.780841,-4.488768,559.541504
-22.923846,8.398970,553.708230
-10.165051,19.154613,548.256463
2.942229,29.084323,544.148652
15.969202,39.260544,541.845376
28.447711,50.831732,541.221876
39.683145,65.325182,541.677489
48.471845,84.680578,542.395353
52.956304,115.063810,542.657143
51.441465,141.795490,542.105017
44.617136,164.190537,540.901907
34.440972,-179.048799,539.654661
22.483692,-166.192592,539.213291
9.662457,-155.453796,540.363313
-3.465206,-145.522169,543.519267
-16.468376,-135.323631,548.526170
-28.878559,-123.708228,554.642583
-40.002740,-109.153377,560.714955
-48.645540,-89.755405,565.485436
-52.962260,-64.820711,567.934186
-51.454545,-38.282329,567.554220
-44.706252,-16.007267,564.483853
-34.625837,0.712311,559.463312
-22.751260,13.559454,553.627236
-9.984339,24.295574,548.188481
3.124676,34.221545,544.103928
16.147513,44.408735,541.826149
28.614317,56.008862,541.222600
39.825579,70.556155,541.687582
48.568355,89.991325,542.403454
52.977279,120.439401,542.655228
51.378985,147.145804,542.091817
44.494241,169.459290,540.883070
34.284346,-173.848205,539.640966
22.309967,-161.032460,539.216854
9.481167,-150.312941,540.393059
-3.647628,-140.384781,543.577214
-16.646042,-130.174977,548.605838
-29.043906,-118.530335,554.730176
-40.143349,-103.921531,560.792913
-48.739891,-84.444610,565.537208
-52.982724,-59.447745,567.948723
-51.392757,-32.934368,567.528917
-44.584656,-10.739510,564.425176
-34.470498,5.912648,559.384963
-22.578506,18.719539,553.546324
-9.803564,29.436382,548.120769
3.307106,39.358816,544.059562
16.325721,49.557193,541.807254
28.780689,61.186550,541.223534
39.967550,75.788082,541.697722
48.664023,95.303250,542.411460
52.997069,125.815346,542.653148
51.315464,152.495160,542.078485
44.370716,174.726915,540.864223
34.127390,-168.648353,539.627431
22.136082,-155.872724,539.220731
9.299821,-145.172235,540.423202
-3.830024,-135.247340,543.635526
-16.823595,-125.026053,548.685725
-29.209011,-113.351878,554.817758
-40.283488,-98.688735,560.870613
-48.833401,-79.132659,565.588521
-53.002021,-54.074439,567.962703
-51.329941,-27.587347,567.503086
-44.462434,-5.472864,564.366119
-34.314827,11.112248,559.306458
-22.405588,23.879230,553.465495
-9.622725,34.577040,548.053328
3.489520,44.496139,544.015555
16.503823,54.705920,541.788688
28.946824,66.364803,541.224676
40.109054,81.020968,541.707906
48.758845,100.616351,542.419369
53.015672,131.191625,542.650904
51.250905,157.843546,542.065022
44.246567,179.993417,540.845368
33.970108,-163.449239,539.614057
21.962039,-150.713379,539.224925
9.118420,-140.031675,540.453742
-4.012395,-130.109843,543.694202
-17.001035,-119.876855,548.765828
-29.373872,-108.172854,554.905327
-40.423152,-93.454983,560.948051
-48.926064,-73.819555,565.639374
-53.020147,-48.700811,567.976125
-51.266101,-22.241278,567.476729
-44.339589,-0.207326,564.306685
-34.158827,16.311117,559.227801
-22.232507,29.038530,553.384754
-9.441824,39.717552,547.986161
3.671915,49.633517,543.971907
16.681818,59.854920,541.770451
29.112720,71.543624,541.226023
40.250086,86.254817,541.718132
48.852814,105.930627,542.427179
53.033086,136.568217,542.648495
51.185314,163.190951,542.051429
44.121797,-174.741201,540.826506
33.812503,-158.250855,539.600847
21.787841,-145.554422,539.229438
8.936966,-134.891258,540.484680
-4.194740,-124.972288,543.753242
-17.178359,-114.727380,548.846143
-29.538485,-102.993258,554.992878
-40.562339,-88.220270,561.025223
-49.017874,-68.505301,565.689764
-53.037101,-43.326882,567.988990
-51.201243,-16.896172,567.449846
-44.216128,5.057107,564.246877
-34.002501,21.509260,559.148995
-22.059264,34.197443,553.304103
-9.260863,44.857921,547.919270
3.854291,54.770952,543.928619
16.859706,65.004196,541.752541
29.278376,76.723020,541.227574
40.390643,91.489637,541.728398
48.945925,111.246076,542.434889
53.049311,141.945102,542.645922
51.118696,168.537366,542.037707
43.996413,-169.476934,540.807640
33.654578,-153.053197,539.587803
21.613489,-140.395848,539.234270
8.755459,-129.750981,540.516016
-4.377056,-119.834671,543.812643
-17.355567,-109.577624,548.926668
-29.702849,-97.813084,555.080409
-40.701042,-82.984589,561.102128
-49.108824,-63.189899,565.739688
-53.052882,-37.952671,568.001296
-51.135371,-11.552038,567.422440
-44.092056,10.320440,564.186696
-33.845852,26.706682,559.070045
-21.885861,39.355973,553.223545
-9.079842,49.998148,547.852656
4.036646,59.908447,543.885690
17.037483,70.153753,541.734958
29.443787,81.902993,541.229325
40.530720,96.725433,541.738702
49.038170,116.562693,542.442498
53.064343,147.322261,542.643184
51.051057,173.882780,542.023858
43.870420,-164.213778,540.788773
33.496336,-147.856260,539.574928
21.438984,-135.237655,539.239425
8.573901,-124.610841,540.547751
-4.559343,-114.696990,543.872404
-17.532657,-104.427584,549.007401
-29.866961,-92.632327,555.167916
-40.839259,-77.747936,561.178762
-49.198911,-57.873352,565.789146
-53.067487,-32.578198,568.013043
-51.068492,-6.208886,567.394511
-43.967377,15.582676,564.126147
-33.688883,31.903389,558.990953
-21.712300,44.514124,553.143083
-8.898764,55.138238,547.786322
4.218980,65.046005,543.843122
17.215150,75.303593,541.717699
29.608953,87.083551,541.231276
40.670313,101.962209,541.749041
49.129545,121.880477,542.450004
53.078183,152.699671,542.640280
50.982402,179.227183,542.009883
43.743823,-158.951730,540.769906
33.337780,-142.660037,539.562223
21.264328,-130.079837,539.244904
8.392293,-119.470835,540.579884
-4.741601,-109.559242,543.932525
-17.709626,-99.277256,549.088337
-30.030818,-87.450984,555.255395
-40.976985,-72.510306,561.255120
-49.288126,-52.555664,565.838134
-53.080917,-27.203482,568.024231
-51.000609,-0.866727,567.366061
-43.842096,20.843820,564.065231
-33.531596,37.099386,558.911722
-21.538582,49.671900,553.062722
-8.717628,60.278192,547.720269
4.401292,70.183629,543.800914
17.392704,80.453719,541.700764
29.773870,92.264697,541.233423
40.809417,107.199972,541.759413
49.220044,127.199424,542.457405
53.090827,158.077314,542.637211
50.912737,-175.429433,541.995782
43.616627,-153.690784,540.751041
33.178912,-137.464524,539.549692
21.089523,-124.922391,539.250708
8.210636,-114.330960,540.612416
-4.923827,-104.421424,543.993003
-17.886475,-94.126636,549.169476
-30.194419,-82.269048,555.342844
-41.114215,-67.271692,561.331202
-49.376466,-47.236838,565.886651
-53.093169,-21.828545,568.034860
-50.931729,4.474432,567.337092
-43.716219,26.103876,564.003952
-33.373996,42.294680,558.832357
-21.364710,54.829305,552.982462
-8.536436,65.418015,547.654500
4.583579,75.321322,543.759067
17.570145,85.604136,541.684152
29.938537,97.446437,541.235765
40.948028,112.438728,541.769815
49.309660,132.519531,542.464701
53.102276,163.455168,542.633977
50.842066,-170.087080,541.981558
43.488836,-148.430937,540.732181
33.019737,-132.269714,539.537337
20.914571,-119.765314,539.256838
8.028931,-109.191214,540.645347
-5.106021,-99.283533,544.053837
-18.063202,-88.975723,549.250813
-30.357761,-77.086516,555.430257
-41.250946,-62.032090,561.407002
-49.463923,-41.916877,565.934695
-53.104242,-16.453407,568.044929
-50.861857,9.814580,567.307604
-43.589751,31.362848,563.942312
-33.216084,47.489274,558.752860
-21.190684,59.986342,552.902308
-8.355189,70.557709,547.589015
4.765842,80.459086,543.717581
17.747470,90.754847,541.667862
30.102950,102.628775,541.238299
41.086142,117.678480,541.780247
49.398387,137.840795,542.471889
53.112527,168.833213,542.630577
50.770396,-164.745764,541.967212
43.360457,-143.172184,540.713328
32.860256,-127.075603,539.525159
20.739474,-114.608600,539.263298
7.847180,-104.051593,540.678678
-5.288181,-94.145568,544.115025
-18.239804,-83.824510,549.332346
-30.520841,-71.903381,555.517633
-41.387172,-56.791494,561.482517
-49.550492,-36.595787,565.982263
-53.114135,-11.078087,568.054438
-50.790998,15.153709,567.277600
-43.462696,36.620740,563.880314
-33.057863,52.683174,558.673235
-21.016507,65.143016,552.822263
-8.173889,75.697276,547.523818
4.948079,85.596924,543.676456
17.924678,95.905856,541.651891
30.267107,107.811717,541.241024
41.223754,122.919236,541.790705
49.486220,143.163212,542.478968
53.121581,174.211427,542.627011
50.697732,-159.405495,541.952744
43.231495,-137.914520,540.694484
32.700473,-121.882186,539.513162
20.564232,-109.452247,539.270088
7.665383,-98.912095,540.712408
-5.470307,-89.007524,544.176567
-18.416281,-78.672997,549.414072
-30.683657,-66.719639,555.604967
-41.522890,-51.549900,561.557746
-49.636168,-31.273570,566.029354
-53.122847,-5.702606,568.063386
-50.719157,20.491810,567.247081
-43.335059,41.877557,563.817961
-32.899337,57.876386,558.593486
-20.842181,70.299330,552.742329
-7.992536,80.836721,547.458909
5.130288,90.734839,543.635692
18.101768,101.057165,541.636239
30.431006,112.995268,541.243936
41.360859,128.161001,541.801187
49.573153,148.486777,542.485937
53.129435,179.589790,542.623280
50.624080,-154.066282,541.938157
43.101953,-132.657941,540.675652
32.540391,-116.689455,539.501348
20.388848,-104.296251,539.277210
7.483543,-93.772716,540.746538
-5.652397,-83.869399,544.238461
-18.592631,-73.521178,549.495988
-30.846207,-61.535285,555.692256
-41.658095,-46.307301,561.632684
-49.720944,-25.950231,566.075966
-53.130377,-0.326985,568.071774
-50.646340,25.828876,567.216048
-43.206846,47.133303,563.755255
-32.740508,63.068915,558.513615
-20.667706,75.455288,552.662510
-7.811132,85.976044,547.394291
5.312470,95.872834,543.595290
18.278737,106.208779,541.620904
30.594645,118.179433,541.247035
41.497453,133.403779,541.811691
49.659179,153.811486,542.492794
53.136090,-175.031719,542.619383
50.549445,-148.728131,541.923450
42.971838,-127.402442,540.656833
32.380012,-111.497407,539.489719
20.213324,-99.140607,539.284665
7.301659,-88.633454,540.781069
-5.834450,-78.731190,544.300705
-18.768852,-68.369050,549.578091
-31.008487,-56.350314,555.779496
-41.792782,-41.063693,561.707328
-49.804816,-20.625775,566.122097
-53.136726,5.048757,568.079600
-50.572553,31.164897,567.184503
-43.078061,52.387983,563.692201
-32.581379,68.260767,558.433626
-20.493084,80.610894,552.582809
-7.629678,91.115251,547.329966
5.494622,101.010912,543.555250
18.455586,111.360701,541.605886
30.758019,123.364216,541.250317
41.633532,138.647576,541.822215
49.744293,159.137335,542.499538
53.141545,-169.653121,542.615319
50.473832,-143.391052,541.908627
42.841154,-122.148018,540.638030
32.219340,-106.306036,539.478278
20.037660,-93.985312,539.292456
7.119733,-83.494306,540.815999
-6.016465,-73.592895,544.363297
-18.944943,-63.216609,549.660379
-31.170496,-51.164721,555.866684
-41.926948,-35.819071,561.781676
-49.887776,-15.300207,566.167744
-53.141891,10.424598,568.086866
-50.497800,36.499867,567.152447
-42.948709,57.641601,563.628800
-32.421953,73.451946,558.353522
-20.318318,85.766152,552.503228
-7.448174,96.254342,547.265934
5.676744,106.149075,543.515572
18.632311,116.512935,541.591182
30.921128,128.549623,541.253781
41.769091,143.892398,541.832757
49.828489,164.464319,542.506168
53.145798,-164.274437,542.611090
50.397248,-138.055052,541.893688
42.709906,-116.894665,540.619246
32.058376,-101.115336,539.467027
19.861859,-88.830362,539.300584
6.937766,-78.355269,540.851330
-6.198442,-68.454510,544.426237
-19.120903,-58.063853,549.742848
-31.332230,-45.978501,555.953817
-42.060586,-30.573429,561.855724
-49.969820,-9.973532,566.212907
-53.145872,15.800518,568.093570
-50.422088,41.833778,567.119882
-42.818795,62.894162,563.565056
-32.262233,78.642458,558.273308
-20.143408,90.921065,552.423770
-7.266623,101.393322,547.202198
5.858834,111.287326,543.476255
18.808912,121.665484,541.576792
31.083968,133.735660,541.257424
41.904125,149.138250,541.843314
49.911760,169.792433,542.512683
53.148850,-158.895689,542.606696
50.319699,-132.720137,541.878634
42.578099,-111.642378,540.600482
31.897125,-95.925303,539.455968
19.685922,-83.675753,539.309050
6.755760,-73.216340,540.887061
-6.380378,-63.316033,544.489521
-19.296730,-52.910777,549.825496
-31.493688,-40.791648,556.040890
-42.193694,-25.326763,561.929468
-50.050941,-4.645755,566.257582
-53.148670,21.176497,568.099713
-50.345422,47.166623,567.086810
-42.688324,68.145671,563.500970
-32.102221,83.832308,558.192986
-19.968357,96.075638,552.344439
-7.085026,106.532193,547.138760
6.040891,116.425669,543.437301
18.985388,126.818352,541.562713
31.246536,138.922331,541.261244
42.038629,154.385136,541.853884
49.994102,175.121672,542.519080
53.150700,-153.516897,542.602135
50.241189,-127.386316,541.863467
42.445738,-106.391151,540.581740
31.735588,-90.735931,539.445104
19.509851,-78.521482,539.317856
6.573715,-68.077516,540.923192
-6.562273,-58.177461,544.553150
-19.472422,-47.757377,549.908319
-31.654866,-35.604158,556.127901
-42.326266,-20.079067,562.002907
-50.131135,0.683118,566.301768
-53.150284,26.552514,568.105294
-50.267808,52.498395,567.053231
-42.557300,73.396132,563.436547
-31.941920,89.021501,558.112559
-19.793165,101.229873,552.265238
-6.903382,111.670958,547.075621
6.222915,121.564105,543.398708
19.161735,131.971543,541.548946
31.408831,144.109641,541.265239
42.172600,159.633063,541.864466
50.075508,-179.547971,542.525359
53.151349,-148.138083,542.597408
50.161725,-122.053594,541.848188
42.312828,-101.140981,540.563024
31.573768,-85.547214,539.434436
19.333648,-73.367545,539.327003
6.391633,-62.938794,540.959724
-6.744125,-53.038792,544.617121
-19.647979,-42.603651,549.991315
-31.815761,-30.416025,556.214846
-42.458297,-14.830337,562.076036
-50.210394,6.013081,566.345464
-53.150713,31.928548,568.110314
-50.189250,57.829088,567.019149
-42.425728,78.645550,563.371790
-31.781333,94.210043,558.032032
-19.617835,106.383775,552.186169
-6.721694,116.809620,547.012783
6.404903,126.702638,543.360478
19.337953,137.125060,541.535487
31.570850,149.297596,541.269407
42.306031,164.882035,541.875056
50.155972,-174.216501,542.531518
53.150796,-142.759267,542.592516
50.081313,-116.721978,541.832799
42.179373,-95.891861,540.544335
31.411668,-80.359147,539.423969
19.157313,-68.213938,539.336493
6.209515,-57.800172,540.996656
-6.925934,-47.900021,544.681433
-19.823397,-37.449594,550.074480
-31.976372,-25.227244,556.301722
-42.589783,-9.580568,562.148852
-50.288715,11.344128,566.388668
-53.149958,37.304579,568.114772
-50.109756,63.158694,566.984564
-42.293613,83.893930,563.306700
-31.620462,99.397938,557.951407
-19.442368,111.537347,552.107235
-6.539963,121.948182,546.950247
6.586856,131.841271,543.322610
19.514041,142.278907,541.522336
31.732588,154.486201,541.273745
42.438920,170.132057,541.885653
50.235489,-168.883924,542.537556
53.149040,-137.380471,542.587458
49.999958,-111.391474,541.817300
42.045378,-90.643787,540.525675
31.249292,-75.171726,539.413702
18.980849,-63.060657,539.346328
6.027362,-52.661646,541.033989
-7.107698,-42.761146,544.746083
-19.998676,-32.295203,550.157812
-32.136696,-20.037810,556.388524
-42.720720,-4.329754,562.221354
-50.366090,16.676252,566.431377
-53.148018,42.680585,568.118668
-50.029330,68.487208,566.949479
-42.160959,89.141277,563.241282
-31.459310,104.585193,557.870688
-19.266765,116.690593,552.028439
-6.358190,127.086646,546.888016
6.768771,136.980006,543.285104
19.689997,147.433088,541.509491
31.894045,159.675461,541.278251
42.571259,175.383135,541.896255
50.314052,-163.550246,542.543472
53.146083,-132.001716,542.582235
49.917666,-106.062089,541.801695
41.910848,-85.396753,540.507047
31.086640,-69.984945,539.403640
18.804257,-57.907699,539.356508
5.845175,-47.523215,541.071723
-7.289417,-37.622166,544.811071
-20.173815,-27.140473,550.241308
-32.296730,-14.847719,556.475249
-42.851102,0.922109,562.293537
-50.442515,22.009447,566.473590
-53.144895,48.056547,568.122002
-49.947978,73.814624,566.913894
-42.027772,94.387596,563.175538
-31.297879,109.771811,557.789878
-19.091028,121.843516,551.949784
-6.176376,132.225015,546.826090
6.950648,142.118846,543.247960
19.865818,152.587606,541.496952
32.055218,164.865382,541.282923
42.703046,-179.364727,541.906859
50.391657,-158.215474,542.549264
