51.268143,-149.170796,542.610181
53.010925,-122.512895,542.504243
48.827386,-97.264825,541.600834
40.208507,-77.605342,540.280637
29.057925,-62.904134,539.297061
16.615168,-51.218768,539.511021
3.594621,-40.994997,541.570113
-9.527617,-31.070665,545.639910
-22.322818,-20.375224,551.283759
-34.246585,-7.619149,557.537626
-44.412488,8.944831,563.156777
-51.305217,31.032767,566.952936
-53.009140,57.510806,568.116902
-48.870129,82.589255,566.434426
-40.342048,102.171167,562.338678
-29.283900,116.850903,556.786665
-16.911981,128.532043,550.992050
-3.929826,138.752387,546.087853
9.191417,148.668518,542.819534
22.023822,159.350206,541.366863
34.019558,172.092058,541.353482
44.281833,-171.337609,542.037192
51.332418,-143.822206,542.614214
52.992011,-117.136686,542.496830
48.733162,-91.950793,541.583940
40.067276,-72.371680,540.262656
28.891857,-57.725402,539.289940
16.437015,-46.069773,539.525949
3.412090,-35.857547,541.613176
-9.708613,-25.929987,545.709223
-22.495921,-15.215622,551.369145
-34.402478,-2.419770,557.622994
-44.535006,14.211116,563.224426
-51.368442,36.379472,566.988372
-52.990295,62.884222,568.112750
-48.776976,87.901588,566.392358
-40.202165,107.404266,562.268877
-29.118998,122.029517,556.704971
-16.734601,133.681006,550.915548
-3.747571,143.889763,546.030150
9.372671,153.809040,542.787207
22.197701,164.509591,541.358241
34.176659,177.291304,541.360150
44.405764,-166.070880,542.047626
51.395654,-138.472648,542.618107
52.971910,-111.760814,542.489256
48.638086,-86.637935,541.566961
39.925574,-67.138982,540.244741
28.725550,-52.547237,539.283057
16.258756,-40.921050,539.541242
3.229541,-30.720150,541.656636
-9.889546,-20.789162,545.778847
-22.668861,-10.055627,551.454649
-34.558040,2.780344,557.708235
-44.656898,19.478511,563.291714
-51.430640,41.727121,567.023290
-52.970281,68.257303,568.108039
-48.682979,93.212766,566.349818
-40.061812,112.636413,562.198793
-28.953853,127.207566,556.623235
-16.557107,138.829697,550.839226
-3.565291,149.027083,545.972772
9.553870,158.949709,542.755239
22.371422,169.669369,541.349902
34.333434,-177.508712,541.366951
44.529069,-160.803027,542.058033
51.457847,-133.122134,542.621860
52.950625,-106.385300,542.481520
48.542165,-81.326254,541.549898
39.783406,-61.907241,540.226894
28.559006,-47.369635,539.276412
16.080392,-35.772596,539.556902
3.046975,-25.582804,541.700493
-10.070416,-15.648185,545.848779
-22.841633,-4.895235,551.540270
-34.713267,7.981198,557.793347
-44.778160,24.747020,563.358638
-51.491806,47.075704,567.057686
-52.949100,73.630031,568.102769
-48.588146,98.522787,566.306807
-39.920991,117.867613,562.128430
-28.788467,132.385056,556.541460
-16.379503,143.978119,550.763088
-3.382987,154.164352,545.915723
9.735012,164.090528,542.723631
22.544983,174.829543,541.341843
34.489879,-172.307984,541.373882
44.651743,-155.534045,542.068411
51.518991,-127.770674,542.625472
52.928157,-101.010164,542.473623
48.445404,-76.015752,541.532753
39.640775,-56.676452,540.209116
28.392229,-42.192591,539.270009
15.901924,-30.624406,539.572930
2.864394,-20.445506,541.744748
-10.251221,-10.507053,545.919017
-23.014238,0.265559,551.626003
-34.868157,13.182797,557.878324
-44.898785,30.016647,563.425196
-51.551935,52.425210,567.091561
-52.926755,79.002385,568.096940
-48.492481,103.831649,566.263328
-39.779708,123.097871,562.057791
-28.622843,137.561990,556.459650
-16.201788,149.126276,550.687136
-3.200660,159.301572,545.859002
9.916097,169.231500,542.692380
22.718383,179.990118,541.334062
34.645991,-167.106506,541.380943
44.773781,-150.263931,542.078757
51.579082,-122.418281,542.628941
52.904509,-95.635425,542.465565
48.347808,-70.706431,541.515529
39.497686,-51.446608,540.191412
28.225221,-37.016099,539.263849
15.723354,-25.476479,539.589326
2.681798,-15.308254,541.789399
-10.431959,-5.365765,545.989560
-23.186672,5.426757,551.711847
-35.022706,18.385148,557.963164
-45.018769,35.287396,563.491384
-51.611021,57.775626,567.124912
-52.903246,84.374347,568.090552
-48.395990,109.139351,566.219383
-39.637967,128.327192,561.986880
-28.456983,142.738374,556.377808
-16.023965,154.274171,550.611373
-3.018311,164.438746,545.802611
10.097123,174.372627,542.661488
22.891620,-174.848901,541.326559
34.801767,-161.904274,541.388129
44.895177,-144.992681,542.089070
51.638115,-117.064966,542.632266
52.879683,-90.261104,542.457347
48.249386,-65.398291,541.498227
39.354143,-46.217706,540.173782
28.057983,-31.840156,539.257935
15.544683,-20.328809,539.606093
2.499189,-10.171043,541.834445
-10.612630,-0.224317,546.060406
-23.358935,10.588365,551.797796
-35.176911,23.588256,558.047863
-45.138107,40.559268,563.557201
-51.669061,63.126942,567.157739
-52.878577,89.745898,568.083607
-48.298679,114.445890,566.174974
-39.495770,133.555583,561.915700
-28.290890,147.914213,556.295938
-15.846034,159.421808,550.535801
-2.835942,169.575876,545.746552
10.278090,179.513914,542.630954
23.064692,-169.687512,541.319331
34.957204,-156.701280,541.395440
45.015926,-139.720292,542.099347
51.696084,-111.710741,542.635448
52.853682,-84.887218,542.448970
48.150141,-60.091335,541.480848
39.210150,-40.989738,540.156230
27.890518,-26.664757,539.252268
15.365913,-15.181395,539.623230
2.316567,-5.033873,541.879888
-10.793233,4.917295,546.131551
-23.531025,15.750386,551.883849
-35.330769,28.792126,558.132418
-45.256793,45.832269,563.622642
-51.726049,68.479145,567.190040
-52.852750,95.117018,568.076104
-48.200555,119.751266,566.130104
-39.353123,138.783049,561.844253
-28.124565,153.089510,556.214042
-15.667998,164.569189,550.460424
-2.653553,174.712966,545.690825
10.458995,-175.344637,542.600776
23.237597,-164.525709,541.312376
35.112299,-151.497521,541.402873
45.136022,-134.446760,542.109587
51.752984,-106.355619,542.638484
52.826508,-79.513789,542.440433
48.050080,-54.785563,541.463394
39.065711,-35.762698,540.138758
27.722829,-21.489896,539.246852
15.187045,-10.034232,539.640739
2.133935,0.103261,541.925725
-10.973766,10.059072,546.202994
-23.702939,20.912825,551.970001
-35.484276,33.996764,558.216825
-45.374822,51.106400,563.687706
-51.781981,73.832224,567.221813
-52.825767,100.487688,568.068044
-48.101622,125.055478,566.084773
-39.210030,144.009596,561.772543
-27.958010,158.264272,556.132124
-15.489857,169.716319,550.385244
-2.471146,179.850017,545.635432
10.639837,-170.203023,542.570956
23.410334,-159.363489,541.305693
35.267048,-146.292990,541.410425
45.255461,-129.172081,542.119788
51.808812,-100.999612,542.641374
52.798163,-74.140834,542.431738
47.949209,-49.480976,541.445867
38.920830,-30.536583,540.121368
27.554917,-16.315569,539.241687
15.008080,-4.887318,539.658622
1.951292,5.240360,541.971956
-11.154228,15.201019,546.274734
-23.874676,26.075685,552.056251
-35.637431,39.202175,558.301081
-45.492188,56.381666,563.752389
-51.836852,79.186165,567.253057
-52.797631,105.857891,568.059427
-48.001887,130.358524,566.038985
-39.066494,149.235229,561.700573
-27.791229,163.438501,556.050187
-15.311613,174.863200,550.310262
-2.288721,-175.012966,545.580374
10.820616,-165.061242,542.541491
23.582900,-154.200848,541.299279
35.421449,-141.087681,541.418093
45.374236,-123.896253,542.129947
51.863561,-95.642733,542.644117
52.768650,-68.768372,542.422885
47.847535,-44.177574,541.428269
38.775511,-25.311384,540.104062
27.386785,-11.141772,539.236777
14.829020,0.259352,539.676879
1.768640,10.377428,542.018582
-11.334618,20.343138,546.346767
-24.046235,31.238971,552.142593
-35.790228,44.408365,558.385182
-45.608886,61.658069,563.816689
-51.890657,84.540955,567.283772
-52.768344,111.227608,568.050255
-47.901355,135.660404,565.992741
-38.922519,154.459953,561.628346
-27.624222,168.612204,555.968236
-15.133267,-179.990163,550.235483
-2.106279,-169.875982,545.525651
11.001331,-159.919289,542.512382
23.755294,-149.037781,541.293134
35.575497,-135.881589,541.425877
45.492342,-118.619273,542.140063
51.917228,-90.284997,542.646712
52.737973,-63.396423,542.413874
47.745062,-38.875360,541.410602
38.629759,-20.087098,540.086843
27.218436,-5.968499,539.232124
14.649867,5.405780,539.695512
1.585981,15.514468,542.065601
-11.514934,25.485432,546.419091
-24.217612,36.402687,552.229026
-35.942666,49.615340,558.469124
-45.724911,66.935611,563.880603
-51.943392,89.896582,567.313955
-52.737909,116.596821,568.040527
-47.800033,140.961117,565.946044
-38.778110,159.683774,561.555866
-27.456993,173.785385,555.886272
-14.954821,-174.843769,550.160908
-1.923823,-164.739028,545.471265
11.181979,-154.777162,542.483629
23.927514,-143.874284,541.287256
35.729190,-130.674708,541.433773
45.609774,-113.341137,542.150133
51.969807,-84.926415,542.649159
52.706133,-58.025004,542.404707
47.641797,-33.574331,541.392867
38.483576,-14.863717,540.069714
27.049870,-0.795746,539.227729
14.470620,10.551970,539.714520
1.403314,20.651482,542.113013
-11.695175,30.627904,546.491705
-24.388807,41.566837,552.315546
-36.094741,54.823105,558.552906
-45.840258,72.214296,563.944129
-51.995053,95.253032,567.343606
-52.706330,121.965511,568.030244
-47.697925,146.260663,565.898896
-38.633269,164.906699,561.483136
-27.289544,178.958048,555.804300
-14.776276,-169.697613,550.086540
-1.741352,-159.602101,545.417218
11.362560,-149.634858,542.455230
24.099557,-138.710353,541.281641
35.882524,-125.467033,541.441780
45.726526,-108.061842,542.160157
52.021294,-79.567003,542.651456
52.673134,-52.654134,542.395383
47.537745,-28.274489,541.375067
38.336968,-9.641237,540.052677
26.881091,4.376492,539.223594
14.291283,15.697924,539.733907
1.220642,25.788472,542.160817
-11.875341,35.770557,546.564607
-24.559817,46.731424,552.402149
-36.246449,60.031665,558.636522
-45.954920,77.494126,564.007263
-52.045634,100.610292,567.372724
-52.673608,127.333661,568.019407
-47.595038,151.559041,565.851299
-38.488002,170.128732,561.410158
-27.121876,-175.869802,555.722323
-14.597633,-164.551693,550.012382
-1.558868,-154.465197,545.363509
11.543072,-144.492374,542.427184
24.271423,-133.545985,541.276289
36.035496,-120.258558,541.449894
45.842593,-102.781386,542.170131
52.071685,-74.206773,542.653603
52.638979,-47.283831,542.385903
47.432914,-22.975834,541.357202
38.189937,-4.419652,540.035734
26.712100,9.548219,539.219723
14.111856,20.843647,539.753671
1.037965,30.925442,542.209012
-12.055429,40.913395,546.637793
-24.730641,51.896455,552.488833
-36.397786,65.241027,558.719969
-46.068893,82.775104,564.070003
-52.095132,105.968347,567.401307
-52.639747,132.701253,568.008017
-47.491378,156.856253,565.803256
-38.342311,175.349879,561.336937
-26.953992,-170.698161,555.640344
-14.418894,-159.406004,549.938435
-1.376373,-149.328316,545.310141
11.723515,-139.349707,542.399493
24.443109,-128.381173,541.271199
36.188103,-115.049276,541.458114
45.957968,-97.499766,542.180055
52.120975,-68.845741,542.655599
52.603672,-41.914113,542.376269
47.327308,-17.678365,541.339276
38.042488,0.801045,540.018888
26.542900,14.719440,539.216116
13.932340,25.989141,539.773815
0.855285,36.062395,542.257598
-12.235439,46.056421,546.711261
-24.901276,57.061932,552.575594
-36.548751,70.451196,558.803244
-46.182171,88.057231,564.132347
-52.143542,111.327184,567.429353
-52.604750,138.068269,567.996073
-47.386949,162.152297,565.754769
-38.196201,-179.429855,561.263475
-26.785894,-165.527023,555.558367
-14.240060,-154.260545,549.864703
-1.193866,-144.191453,545.257114
11.903886,-134.206853,542.372154
24.614613,-123.215915,541.266367
36.340340,-109.839183,541.466437
46.072647,-92.216979,542.189925
52.169160,-63.483921,542.657444
52.567215,-36.544998,542.366480
47.220933,-12.382082,541.321289
37.894625,6.020858,540.002140
26.373493,19.890160,539.212777
13.752737,31.134410,539.794340
0.672603,41.199332,542.306574
-12.415370,51.199636,546.785010
-25.071721,62.227860,552.662428
-36.699339,75.662177,558.886344
-46.294748,93.340511,564.194291
-52.190860,116.686788,567.456863
-52.568620,143.434693,567.983577
-47.281759,167.447174,565.705839
-38.049675,-174.210463,561.189776
-26.617584,-160.356385,555.476394
-14.061132,-149.115311,549.791188
-1.011350,-139.054605,545.204428
12.084186,-129.063810,542.345167
24.785934,-118.050206,541.261792
36.492205,-104.628272,541.474861
46.186624,-86.933023,542.199741
52.216235,-58.121327,542.659135
52.529612,-31.176503,542.356537
47.113795,-7.086983,541.303244
37.746351,11.239794,539.985495
26.203881,25.060382,539.209707
13.573048,36.279457,539.815245
0.489919,46.336258,542.355940
-12.595219,56.343046,546.859037
-25.241975,67.394243,552.749333
-36.849547,80.873976,558.969265
-46.406620,98.624945,564.255834
-52.237082,122.047144,567.483835
-52.531361,148.800508,567.970530
-47.175813,172.740885,565.656470
-37.902737,-168.991939,561.115843
-26.449063,-155.186242,555.394429
-13.882111,-143.970299,549.717892
-0.828825,-133.917772,545.152086
12.264411,-123.920574,542.318531
24.957069,-112.884041,541.257472
36.643694,-99.416539,541.483383
46.299893,-81.647897,542.209501
52.262197,-52.757976,542.660674
52.490866,-25.808644,542.346442
47.005901,-1.793069,541.285142
37.597670,16.457859,539.968953
26.034066,30.230112,539.206908
13.393275,41.424284,539.836533
0.307234,51.473174,542.405694
-12.774987,61.486652,546.933340
-25.412034,72.561086,552.836304
-36.999371,86.086599,559.052004
-46.517779,103.910534,564.316972
-52.282204,127.408238,567.510267
-52.492975,154.165696,567.956931
-47.069115,178.033431,565.606663
-37.755391,-163.774280,561.041679
-26.280335,-150.016590,555.312475
-13.702999,-138.825507,549.644818
-0.646292,-128.780948,545.100088
12.444562,-118.777142,542.292247
25.128016,-107.717417,541.253406
36.794804,-94.203976,541.492002
46.412447,-76.361596,542.219202
52.307040,-47.393883,542.662059
52.450981,-20.441440,542.336194
46.897255,3.499661,541.266986
37.448586,21.675058,539.952517
25.864050,35.399355,539.204382
13.213419,46.568897,539.858203
0.124551,56.610083,542.455837
-12.954670,66.630458,547.007916
-25.581896,77.728392,552.923340
-37.148808,91.300051,559.134557
-46.628222,109.197282,564.377702
-52.326222,132.770055,567.536159
-52.453468,159.530241,567.942783
-46.961673,-176.675189,565.556421
-37.607640,-158.557478,560.967288
-26.111401,-144.847423,555.230537
-13.523798,-133.680930,549.571968
-0.463753,-123.644132,545.048434
12.624637,-113.633512,542.266312
25.298774,-102.550329,541.249591
36.945531,-88.990579,541.500715
46.524283,-71.074121,542.228842
52.350762,-42.029062,542.663289
52.409961,-15.074907,542.325794
46.787864,8.791210,541.248777
37.299103,26.891397,539.936191
25.693835,40.568114,539.202132
13.033481,51.713297,539.880258
-0.058131,61.746989,542.506366
-13.134270,71.774467,547.082763
-25.751561,82.896167,553.010436
-37.297854,96.514339,559.216921
-46.737941,114.485189,564.438024
-52.369132,138.132578,567.561510
-52.412841,164.894126,567.928085
-46.853491,-171.384971,565.505747
-37.459488,-153.341528,560.892672
-25.942264,-139.678738,555.148616
-13.344508,-128.536567,549.499344
-0.281208,-118.507322,544.997127
12.804634,-108.489680,542.240727
25.469340,-97.382772,541.246025
37.095871,-83.776342,541.509519
46.635394,-65.785468,542.238421
52.393358,-36.663530,542.664365
52.367809,-9.709062,542.315244
46.677734,14.081577,541.230518
37.149223,32.106882,539.919975
25.523424,45.736393,539.200159
12.853462,56.857487,539.902697
-0.240809,66.883893,542.557282
-13.313783,76.918683,547.157878
-25.921026,88.064414,553.097588
-37.446506,101.729466,559.299092
-46.846932,119.774258,564.497933
-52.410930,143.495792,567.586319
-52.371098,170.257336,567.912839
-46.744576,-166.095917,565.454642
-37.310938,-148.126424,560.817836
-25.772924,-134.510530,555.066716
-13.165131,-123.392413,549.426949
-0.098659,-113.370513,544.946165
12.984553,-103.345643,542.215490
25.639712,-92.214743,541.242707
37.245821,-78.561258,541.518413
46.745773,-60.495637,542.247935
52.434824,-31.297304,542.665284
52.324529,-4.343920,542.304544
46.566870,19.370766,541.212210
36.998952,37.321518,539.903874
25.352818,50.904199,539.198465
12.673364,62.001472,539.925522
-0.423483,72.020800,542.608583
-13.493209,82.063107,547.233260
-26.090289,93.233138,553.184795
-37.594761,106.945441,559.381067
-46.955190,125.064488,564.557427
-52.451612,148.859682,567.610584
-52.328244,175.619855,567.897045
-46.634933,-160.808023,565.403110
-37.161995,-142.912162,560.742781
-25.603385,-129.342795,554.984841
-12.985668,-118.248465,549.354786
0.083893,-108.233704,544.895552
13.164392,-98.201397,542.190601
25.809889,-87.046236,541.239635
37.395377,-73.345323,541.527393
46.855417,-55.204625,542.257384
52.475156,-25.930399,542.666047
52.280126,1.020503,542.293695
46.455278,24.658776,541.193855
36.848292,42.535312,539.887888
25.182019,56.071534,539.197053
12.493188,67.145253,539.948733
-0.606152,77.157710,542.660269
-13.672546,87.207744,547.308906
-26.259348,98.402344,553.272052
-37.742614,112.162267,559.462842
-47.062707,130.355882,564.616504
-52.491176,154.224231,567.634306
-52.284283,-179.018333,567.880705
-46.524567,-155.521289,565.351152
-37.012662,-137.698734,560.667513
-25.433648,-124.175529,554.902993
-12.806120,-113.104721,549.282856
0.266448,-103.096892,544.845286
13.344150,-93.056940,542.166059
25.979869,-81.877247,541.236806
37.544536,-68.128530,541.536459
46.964317,-49.912432,542.266766
52.514351,-20.562833,542.666653
52.234603,6.384189,542.282697
46.342963,29.945610,541.175455
36.697247,47.748268,539.872021
25.011030,61.238403,539.195924
12.312935,72.288835,539.972331
-0.788815,82.294628,542.712339
-13.851793,92.352597,547.384813
-26.428200,103.572035,553.359355
-37.890062,117.379951,559.544415
-47.169479,135.648441,564.675161
-52.529616,159.589423,567.657482
-52.239217,-173.657244,567.863818
-46.413484,-150.235713,565.298770
-36.862942,-132.486136,560.592033
-25.263715,-119.008726,554.821177
-12.626489,-107.961178,549.211162
0.449003,-97.960073,544.795369
13.523825,-87.912269,542.141863
26.149648,-76.707773,541.234219
37.693293,-62.910873,541.545607
47.072470,-44.619055,542.276078
52.552405,-15.194621,542.667101
52.187964,11.747125,542.271552
46.229932,35.231271,541.157012
36.545821,52.960394,539.856275
24.839851,66.404812,539.195081
12.132607,77.432220,539.996318
-0.971470,87.431555,542.764791
-14.030950,97.497668,547.460979
-26.596845,108.742216,553.446702
-38.037101,122.598497,559.625781
-47.275500,140.942165,564.733397
-52.566931,164.955241,567.680112
-52.193052,-168.296892,567.846387
-46.301690,-144.951294,565.245969
-36.712838,-127.274362,560.516346
-25.093588,-113.842383,554.739394
-12.446775,-102.817831,549.139707
0.631559,-92.823246,544.745803
13.703416,-82.767380,542.118013
26.319226,-71.537807,541.231871
37.841646,-57.692348,541.554835
47.179869,-39.324495,542.285319
52.589315,-9.825782,542.667391
52.140213,17.109294,542.260260
46.116191,40.515759,541.138529
36.394017,58.171693,539.840652
24.668486,71.570763,539.194525
11.952205,82.575411,540.020692
-1.154117,92.568495,542.817626
-14.210013,102.642962,547.537401
-26.765279,113.912892,553.534090
-38.183728,127.817913,559.706938
-47.380765,146.237055,564.791207
-52.603116,170.321669,567.702195
-52.145790,-162.937293,567.828411
-46.189191,-139.668028,565.192749
-36.562355,-122.063407,560.440454
-24.923269,-108.676496,554.657650
-12.266981,-97.674678,549.068491
0.814113,-87.686407,544.696587
13.882922,-77.622269,542.094507
26.488600,-66.367347,541.229762
37.989590,-52.472947,541.564141
47.286507,-34.028749,542.294487
52.625077,-4.456333,542.667523
52.091355,22.470682,542.248822
46.001744,45.799078,541.120006
36.241839,63.382174,539.825155
24.496937,76.736261,539.194258
11.771730,87.718412,540.045457
-1.336755,97.705450,542.870841
-14.388983,107.788480,547.614077
-26.933501,119.084068,553.621514
-38.329939,133.038203,559.787882
-47.485267,151.533112,564.848590
-52.638168,175.688689,567.723730
-52.097437,-157.578462,567.809892
-46.075991,-134.385915,565.139113
-36.411496,-116.853264,560.364361
-24.752760,-103.511060,554.575946
-12.087107,-92.531717,548.997519
0.996666,-82.549555,544.647722
14.062341,-72.476935,542.071345
26.657768,-61.196387,541.227888
38.137122,-47.252666,541.573522
47.392381,-28.731818,542.303581
52.659688,0.913710,542.667495
52.041394,27.831275,542.237239
45.886597,51.081229,541.101447
36.089290,68.591840,539.809786
24.325204,81.901311,539.194283
11.591183,92.861226,540.070611
-1.519381,102.842424,542.924436
-14.567858,112.934228,547.691005
-27.101509,124.255747,553.708971
-38.475730,138.259374,559.868610
-47.589001,156.830336,564.905544
-52.672083,-178.943715,567.744717
-52.047996,-152.220411,567.790831
-45.962097,-129.104952,565.085064
-36.260263,-111.643928,560.288071
-24.582063,-98.346071,554.494286
-11.907155,-87.388943,548.926791
1.179215,-77.412685,544.599208
14.241673,-67.331373,542.048525
26.826728,-56.024922,541.226248
38.284238,-42.031499,541.582976
47.497482,-23.433701,542.312598
52.693144,6.284327,542.667308
51.990334,33.191056,542.225512
45.770757,56.362215,541.082853
35.936373,73.800698,539.794548
24.153291,87.065917,539.194601
11.410566,98.003856,540.096156
-1.701996,107.979418,542.978411
-14.746636,118.080206,547.768182
-27.269300,129.427934,553.796458
-38.621098,143.481430,559.949117
-47.691961,162.128727,564.962066
-52.704860,-173.575562,567.765154
-51.997472,-146.863157,567.771229
-45.847513,-123.825136,565.030605
-36.108661,-106.435393,560.211586
-24.411180,-93.181524,554.412673
-11.727125,-82.246354,548.856311
1.361760,-72.275795,544.551048
14.420916,-62.185580,542.026047
26.995478,-50.852949,541.224839
38.430933,-36.809439,541.592502
47.601806,-18.134397,542.321538
52.725443,11.655502,542.666960
51.938181,38.550013,542.213642
45.654228,61.642039,541.064226
35.783093,79.008753,539.779442
23.981198,92.230083,539.195215
11.229880,103.146304,540.122092
-1.884598,113.116436,543.032763
-14.925317,123.226420,547.845605
-27.436873,134.600635,553.883972
-38.766038,148.704377,560.029402
-47.794141,167.428285,565.018153
-52.736494,-168.206869,567.785041
-51.945869,-141.506712,567.751086
-45.732246,-118.546466,564.975738
-35.956693,-101.227655,560.134910
-24.240113,-88.017416,554.331110
-11.547020,-77.103946,548.786080
1.544299,-67.138883,544.503241
14.600068,-57.039553,542.003910
27.164015,-45.680462,541.223661
38.577205,-31.586481,541.602096
47.705347,-12.833907,542.330397
52.756581,17.027215,542.666452
51.884937,43.908131,542.201630
45.537017,66.920702,541.045568
35.629452,84.216011,539.764473
23.808929,97.393814,539.196125
11.049126,108.288574,540.148420
-2.067186,118.253481,543.087492
-15.103898,128.372872,547.923272
-27.604224,139.773852,553.971509
-38.910547,153.928221,560.109460
-47.895536,172.729010,565.073804
-52.766984,-162.837653,567.804377
-51.893192,-136.151091,567.730405
-45.616300,-113.268939,564.920465
-35.804361,-96.020706,560.058046
-24.068863,-82.853742,554.249601
-11.366840,-71.961717,548.716101
1.726832,-62.001946,544.455788
14.779128,-51.893289,541.982114
27.332338,-40.507457,541.222709
38.723048,-26.362620,541.611756
47.808099,-7.532230,542.339176
52.786556,22.399449,542.665782
51.830609,49.265397,542.189477
45.419128,72.198210,541.026882
35.475453,89.422479,539.749641
23.636484,102.557113,539.197335
10.868306,113.430670,540.175141
-2.249759,123.390554,543.142597
-15.282379,133.519566,548.001180
-27.771353,144.947592,554.059065
-39.054620,159.152968,560.189289
-47.996140,178.030902,565.129015
-52.796325,-157.467933,567.823162
-51.839445,-130.796306,567.709186
-45.499682,-107.992551,564.864789
-35.651670,-90.814543,559.980998
-23.897433,-77.690499,554.168149
-11.186586,-66.819664,548.646375
1.909357,-56.864981,544.408689
14.958095,-46.746785,541.960656
27.500444,-35.333930,541.221984
38.868460,-21.137849,541.621481
47.910056,-2.229366,542.347871
52.815364,27.772185,542.664951
51.775200,54.621797,542.177184
45.300568,77.474563,541.008168
35.321101,94.628160,539.734950
23.463866,107.719985,539.198845
10.687420,118.572593,540.202255
-2.432316,128.527660,543.198077
-15.460759,138.666504,548.079327
-27.938257,150.121858,554.146638
-39.198255,164.378623,560.268884
-48.095947,-176.666040,565.183786
-52.824515,-152.097727,567.841394
-51.784632,-125.442371,567.687429
-45.382396,-102.717301,564.808712
-35.498623,-85.609158,559.903768
-23.725824,-72.527681,554.086757
-11.006261,-61.677784,548.576905
2.091873,-51.727985,544.361945
15.136967,-41.600037,541.939536
27.668331,-30.159875,541.221482
39.013437,-15.912163,541.631267
48.011211,3.074684,542.356482
52.843003,33.145404,542.663958
51.718716,59.977319,542.164751
45.181342,82.749765,540.989431
35.166398,99.833062,539.720401
23.291077,112.882434,539.200659
10.506470,123.714347,540.229762
-2.614855,133.664800,543.253931
-15.639035,143.813691,548.157710
-28.104933,155.296656,554.234224
-39.341446,169.605192,560.348243
-48.194951,-171.361817,565.238112
-52.851552,-146.727053,567.859073
-51.728758,-120.089299,567.665137
-45.264448,-97.443185,564.752238
-35.345223,-80.404547,559.826361
-23.554038,-67.365285,554.005428
-10.825864,-56.536072,548.507694
2.274380,-46.590955,544.315557
15.315744,-36.453041,541.918753
27.835997,-24.985288,541.221202
39.157973,-10.685556,541.641112
48.111559,8.379919,542.365006
52.869470,38.519087,542.662803
51.661161,65.331949,542.152180
45.061455,88.023820,540.970670
35.011348,105.037190,539.705998
23.118118,118.044464,539.202777
10.325457,128.855936,540.257664
-2.797377,138.801977,543.310157
-15.817206,148.961129,548.236326
-28.271380,160.471989,554.321818
-39.484191,174.832681,560.427362
-48.293146,-166.056429,565.291993
-52.877433,-141.355931,567.876199
-51.671829,-114.737102,567.642310
-45.145843,-92.170199,564.695369
-35.191473,-75.200704,559.748780
-23.382077,-62.203307,553.924165
-10.645398,-51.394528,548.438742
2.456876,-41.453890,544.269525
15.494423,-31.305795,541.898306
28.003440,-19.810164,541.221141
39.302066,-5.458022,541.651015
48.211095,13.686339,542.373442
52.894763,43.893215,542.661485
51.602540,70.685675,542.139472
44.940912,93.296731,540.951890
34.855953,110.240549,539.691743
22.944991,123.206079,539.205201
10.144383,133.997361,540.285961
-2.979878,143.939194,543.366755
-15.995272,154.108821,548.315173
-28.437595,165.647864,554.409419
-39.626484,-179.938906,560.506238
-48.390527,-160.749878,565.345425
-52.902156,-135.984378,567.892770
-51.613848,-109.385792,567.618950
-45.026587,-86.898342,564.638107
-35.037376,-69.997624,559.671028
-23.209943,-57.041742,553.842972
-10.464863,-46.253147,548.370053
2.639360,-36.316785,544.223850
15.673003,-26.158295,541.878193
28.170657,-14.634498,541.221297
39.445711,-0.229556,541.660973
48.309812,18.993943,542.381789
52.918879,49.267769,542.660004
51.542858,76.038484,542.126628
44.819720,98.568501,540.933091
34.700218,115.443145,539.677637
22.771698,128.367284,539.207934
9.963248,139.138627,540.314653
-3.162360,149.076455,543.423722
-16.173230,159.256772,548.394248
-28.603576,170.824283,554.497023
-39.768323,-174.709563,560.584867
-48.487089,-155.442165,565.398406
-52.925718,-130.612414,567.908786
-51.554820,-104.035382,567.595057
-44.906684,-81.627610,564.580455
-34.882936,-64.795300,559.593108
-23.037637,-51.880587,553.761851
-10.284260,-41.111926,548.301628
2.821830,-31.179639,544.178532
15.851484,-21.010538,541.858415
28.337646,-9.458286,541.221668
39.588905,4.999848,541.670983
48.407703,24.302730,542.390045
52.941815,54.642729,542.658360
51.482120,81.390365,542.113649
44.697884,103.839133,540.914276
34.544145,120.644984,539.663684
22.598241,133.528082,539.210977
9.782054,144.279736,540.343741
-3.344819,154.213761,543.481059
-16.351079,164.404985,548.473549
-28.769321,176.001253,554.584625
-39.909703,-169.479283,560.663247
-48.582824,-150.133291,565.450935
-52.948118,-125.240057,567.924247
-51.494750,-98.685883,567.570633
-44.786141,-76.357999,564.522416
-34.728155,-59.593728,559.515024
-22.865161,-46.719837,553.680807
-10.103592,-35.970863,548.233469
3.004287,-26.042448,544.133572
16.029863,-15.862521,541.838970
28.504405,-4.281523,541.222253
39.731642,10.230195,541.681044
48.504764,29.612698,542.398207
52.963571,60.018076,542.656552
51.420332,86.741306,542.100536
44.575408,109.108632,540.895446
34.387737,125.846071,539.649886
22.424622,138.688478,539.214332
9.600802,149.420690,540.373225
-3.527256,159.351116,543.538763
-16.528819,169.553462,548.553072
-28.934827,-178.821222,554.672223
-40.050619,-164.248062,560.741374
-48.677727,-144.823259,565.503009
-52.969352,-119.867327,567.939151
-51.433644,-93.337306,567.545679
-44.664962,-71.089506,564.463992
-34.573037,-54.392902,559.436779
-22.692518,-41.559489,553.599841
-9.922858,-30.829955,548.165579
3.186728,-20.905209,544.088970
16.208139,-10.714240,541.819856
28.670931,0.895796,541.223049
39.873919,15.461493,541.691152
48.600988,34.923845,542.406275
52.984143,65.393790,542.654580
51.357497,92.091296,542.087290
44.452298,114.377001,540.876605
34.230999,131.046412,539.636245
22.250842,143.848475,539.218001
9.419492,154.561494,540.403106
-3.709669,164.488521,543.596834
-16.706447,174.702207,548.632816
-29.100092,-173.643138,554.759813
-40.191069,-159.015894,560.819245
-48.771793,-139.512070,565.554626
-52.989419,-114.494244,567.953499
-51.371506,-87.989663,567.520197
-44.543153,-65.822127,564.405187
-34.417585,-49.192816,559.358377
-22.519708,-36.399539,553.518957
-9.742061,-25.689198,548.097959
3.369153,-15.767921,544.044726
16.386310,-5.565691,541.801072
28.837222,6.073676,541.224054
40.015731,20.693745,541.701307
48.696369,40.236171,542.414248
53.003529,70.769850,542.652444
51.293622,97.440323,542.073912
44.328560,119.644244,540.857754
34.073932,136.246013,539.622764
22.076903,149.008078,539.221986
9.238128,159.702150,540.433384
-3.892057,169.625981,543.655270
-16.883962,179.851224,548.712777
-29.265114,-168.464489,554.847391
-40.331047,-153.782773,560.896856
-48.865015,-134.199727,565.605784
-53.008317,-109.120826,567.967290
-51.308341,-82.642966,567.494188
-44.420718,-60.555858,564.346002
-34.261802,-43.993465,559.279820
-22.346734,-31.239981,553.438158
-9.561201,-20.548589,548.030612
3.551560,-10.630580,544.000841
16.564376,-0.416871,541.782618
29.003277,11.252121,541.225265
40.157076,25.926958,541.711505
48.790902,45.549672,542.422123
53.021728,76.146238,542.650143
51.228711,102.788376,542.060404
44.204199,124.910365,540.838896
33.916539,141.444879,539.609445
21.902808,154.167290,539.226287
9.056709,164.842662,540.464059
-4.074419,174.763498,543.714070
-17.061362,-174.999484,548.792952
-29.429891,-163.285270,554.934955
-40.470549,-148.548695,560.974205
-48.957389,-128.886232,565.656480
-53.026045,-103.747093,567.980523
-51.244154,-77.297223,567.467652
-44.297664,-55.290697,564.286441
-34.105691,-38.794844,559.201113
-22.173598,-26.080813,553.357447
-9.380279,-15.408127,547.963539
3.733949,-5.493183,543.957315
16.742335,4.732223,541.764492
29.169091,16.431137,541.226681
40.297947,31.161137,541.721744
48.884580,50.864347,542.429899
53.038738,81.522932,542.647678
51.162771,108.135446,542.046766
44.079220,130.175367,540.820032
33.758825,146.643015,539.596290
21.728557,159.326117,539.230908
8.875236,169.983031,540.495132
-4.256754,179.901074,543.773233
-17.238647,-169.849914,548.873339
-29.594420,-158.105478,555.022500
-40.609572,-143.313653,561.051288
-49.048907,-123.571587,565.706712
-53.042600,-98.373066,567.993198
-51.178950,-71.952446,567.440592
-44.173994,-50.026638,564.226506
-33.949254,-33.596947,559.122258
-22.000300,-20.922031,553.276828
-9.199298,-10.267807,547.896742
3.916318,-0.355728,543.914149
16.920185,9.881594,541.746693
29.334664,21.610729,541.228300
40.438341,36.396288,541.732023
48.977397,56.180193,542.437574
53.054558,86.899912,542.645048
51.095805,113.481522,542.033001
43.953629,135.439256,540.801165
33.600792,151.840427,539.583303
21.554152,164.484560,539.235850
8.693712,175.123261,540.526604
-4.439061,-174.961288,543.832756
-17.415815,-164.700061,548.953935
-29.758698,-152.925107,555.110023
-40.748110,-138.077642,561.128101
-49.139564,-118.255795,565.756478
-53.057982,-92.998763,568.005315
-51.112735,-66.608645,567.413008
-44.049715,-44.763679,564.166200
-33.792496,-28.399769,559.043260
-21.826843,-15.763630,553.196303
-9.018257,-5.127626,547.830223
4.098667,4.781789,543.871343
17.097926,15.031246,541.729221
29.499992,26.790901,541.230119
40.578254,41.632416,541.742338
49.069347,61.497208,542.445147
53.069184,92.277159,542.642253
51.027820,118.826593,542.019108
43.827429,140.702034,540.782296
33.442442,157.037120,539.570485
21.379596,169.642626,539.241114
8.512137,-179.736645,540.558473
-4.621338,-169.823584,543.892640
-17.592864,-159.549924,549.034737
-29.922724,-147.744151,555.197522
-40.886161,-132.840658,561.204642
-49.229355,-112.938860,565.805777
-53.072187,-87.624206,568.016873
-51.045514,-61.265830,567.384903
-43.924830,-39.501814,564.105527
-33.635418,-23.203304,558.964121
-21.653229,-10.605607,553.115875
-8.837159,0.012417,547.763985
4.280993,9.919369,543.828898
17.275554,20.181183,541.712072
29.665074,31.971658,541.232136
40.717681,46.869528,541.752688
49.160425,66.815388,542.452617
53.082617,97.654651,542.639292
50.958821,124.170650,542.005089
43.700628,145.963707,540.763429
33.283780,162.233101,539.557838
21.204889,174.800316,539.246703
8.330512,-174.596685,540.590742
-4.803585,-164.685813,543.952882
-17.769793,-154.399497,549.115743
-30.086494,-142.562607,555.284991
-41.023719,-127.602693,561.280907
-49.318273,-107.620784,565.854606
-53.085216,-82.249413,568.027872
-50.977292,-55.924010,567.356277
-43.799346,-34.241041,564.044487
-33.478025,-18.007547,558.884845
-21.479458,-5.447958,553.035548
-8.656004,5.152327,547.698029
4.463296,15.057016,543.786813
17.453070,25.331408,541.695247
29.829906,37.153005,541.234350
40.856618,52.107628,541.763070
49.250624,72.134730,542.459982
53.094855,103.032368,542.636167
50.888813,129.513684,541.990946
43.573229,151.224279,540.744565
33.124808,167.428374,539.545366
21.030034,179.957636,539.252617
8.148839,-169.456854,540.623409
-4.985800,-159.547971,544.013481
-17.946600,-149.248778,549.196950
-30.250007,-137.380469,555.372428
-41.160779,-122.363744,561.356893
-49.406313,-102.301572,565.902963
-53.097067,-76.874405,568.038311
-50.908074,-50.583194,567.327132
-43.673268,-28.981354,563.983086
-33.320318,-12.812492,558.805435
-21.305534,-0.290679,552.955325
-8.474793,10.292105,547.632356
4.645576,20.194732,543.745088
17.630471,30.481925,541.678745
29.994487,42.334948,541.236757
40.995060,57.346722,541.773483
49.339938,77.455231,542.467240
53.105897,108.410289,542.632875
50.817802,134.855686,541.976680
43.445238,156.483753,540.725707
32.965528,172.622946,539.533070
20.855033,-174.885410,539.258859
7.967118,-164.317151,540.656476
-5.167983,-154.410055,544.074436
-18.123284,-144.097763,549.278354
-30.413261,-132.197732,555.459830
-41.297339,-117.123805,561.432598
-49.493469,-96.981226,565.950846
-53.107739,-71.499203,568.048190
-50.837865,-45.243392,567.297469
-43.546599,-23.722750,563.921324
-33.162301,-7.618134,558.725895
-21.131457,4.866234,552.875208
-8.293528,15.431755,547.566969
4.827830,25.332521,543.703725
17.807757,35.632737,541.662563
30.158813,47.517491,541.239356
41.133004,62.586815,541.783923
49.428362,82.776887,542.474391
53.115741,113.788394,542.629418
50.745793,140.196647,541.962291
43.316660,161.742136,540.706856
32.805944,177.816820,539.520953
20.679886,-169.728820,539.265431
7.785351,-159.177572,540.689943
-5.350132,-149.272063,544.135745
-18.299844,-138.946449,549.359953
-30.576251,-127.014391,555.547192
-41.433393,-111.882870,561.508017
-49.579735,-91.659752,565.998253
-53.117231,-66.123826,568.057509
-50.766671,-39.904611,567.267290
-43.419346,-18.465224,563.859206
-33.003976,-2.424469,558.646227
-20.957229,10.022785,552.795201
-8.112210,20.571281,547.501870
5.010057,30.470385,543.662723
17.984925,40.783847,541.646700
30.322883,52.700640,541.242145
41.270444,67.827913,541.794389
49.515889,88.099695,542.481432
53.124387,119.166661,542.625795
50.672792,145.536558,541.947782
43.187500,166.999430,540.688015
32.646059,-176.989996,539.509018
20.504596,-164.572588,539.272333
7.603539,-154.038115,540.723809
-5.532245,-144.133992,544.197407
-18.476278,-133.794831,549.441744
-30.738977,-121.830442,555.634511
-41.568937,-106.640934,561.583147
-49.665105,-86.337153,566.045182
-53.125541,-60.748295,568.066267
-50.694498,-34.566861,567.236597
-43.291513,-13.208772,563.796733
-32.845346,2.768511,558.566437
-20.782851,15.178978,552.715306
-7.930839,25.710684,547.437060
5.192258,35.608328,543.622082
18.161974,45.935260,541.631156
30.486693,57.884399,541.245121
41.407376,73.070022,541.804878
49.602514,93.423650,542.488363
53.131833,124.545070,542.622007
50.598805,150.875410,541.933153
43.057763,172.255641,540.669187
32.485876,-171.797498,539.497266
20.329164,-159.416712,539.279568
7.421683,-148.898776,540.758075
-5.714323,-138.995839,544.259420
-18.652584,-128.642908,549.523724
-30.901435,-116.645878,555.721784
-41.703966,-101.397993,561.657986
-49.749575,-81.013434,566.091631
-53.132669,-55.372630,568.074464
-50.621351,-29.230150,567.205390
-43.163104,-7.953389,563.733910
-32.686415,7.960809,558.486526
-20.608326,20.334816,552.635527
-7.749418,30.849967,547.372542
5.374429,40.746350,543.581803
18.338903,51.086978,541.615929
30.650242,63.068773,541.248282
41.543795,78.313146,541.815389
49.688231,98.748747,542.495181
53.138080,129.923600,542.618053
50.523837,156.213197,541.918406
42.927453,177.510774,540.650372
32.325397,-166.605681,539.485700
20.153592,-154.261187,539.287137
7.239785,-143.759553,540.792741
-5.896364,-133.857601,544.321782
-18.828762,-123.490674,549.605891
-31.063623,-111.460696,555.809007
-41.838476,-96.154041,561.732530
-49.833137,-75.688599,566.137598
-53.138615,-49.996852,568.082101
-50.547234,-23.894485,567.173672
-43.034126,-2.699071,563.670738
-32.527185,13.152431,558.406498
-20.433656,25.490303,552.555867
-7.567947,35.989134,547.308316
5.556571,45.884457,543.541886
18.515709,56.239006,541.601018
30.813527,68.253768,541.251626
41.679697,83.557291,541.825919
49.773033,104.074983,542.501886
53.143126,135.302229,542.613932
50.447893,161.549910,541.903542
42.796577,-177.235167,540.631575
32.164625,-161.414539,539.474323
19.977881,-149.106010,539.295042
7.057845,-138.620443,540.827807
-6.078366,-128.719276,544.384493
-19.004808,-118.338126,549.688241
-31.225539,-106.274890,555.896177
-41.972463,-90.909072,561.806777
-49.915786,-70.362654,566.183081
-53.143378,-44.620982,568.089176
-50.472155,-18.559875,567.141443
-42.904582,2.554187,563.607220
-32.367659,18.343382,558.326357
-20.258840,30.645443,552.476328
-7.386427,41.128188,547.244385
5.738682,51.022649,543.502331
18.692393,61.391346,541.586421
30.976544,73.439389,541.255150
41.815078,88.802463,541.836465
49.856915,109.402352,542.508476
53.146971,140.680937,542.609646
50.370980,166.885542,541.888563
42.665138,-171.982177,540.612796
32.003563,-156.224067,539.463136
19.802034,-143.951177,539.303284
6.875865,-133.481443,540.863274
-6.260329,-123.580860,544.447550
-19.180723,-113.185262,549.770771
-31.387179,-101.088455,555.983291
-42.105922,-85.663082,561.880722
-49.997516,-65.035603,566.228078
-53.146957,-39.245039,568.095690
-50.396118,-13.226325,567.108706
-42.774478,7.806390,563.543360
-32.207839,23.533669,558.246106
-20.083882,35.800240,552.396913
-7.204860,46.267130,547.180751
5.920761,56.160931,543.463137
18.868951,66.544004,541.572136
31.139292,78.625641,541.258853
41.949933,94.048666,541.847027
49.939871,114.730849,542.514950
53.149614,146.059702,542.605194
50.293104,172.220086,541.873470
42.533142,-166.730251,540.594039
31.842214,-151.034259,539.452143
19.626051,-138.796683,539.311865
6.693846,-128.342550,540.899141
-6.442251,-118.442351,544.510952
-19.356505,-108.032076,549.853479
-31.548542,-95.901386,556.070344
-42.238847,-80.416067,561.954363
-50.078323,-59.707453,566.272588
-53.149352,-33.869045,568.101643
-50.319128,-7.893845,567.075462
-42.643818,13.057542,563.479160
-32.047728,28.723295,558.165749
-19.908783,40.954698,552.317627
-7.023247,51.405965,547.117414
6.102807,61.299305,543.424306
19.045383,71.696981,541.558164
31.301768,83.812528,541.262733
42.084256,99.295906,541.857601
50.021895,120.060468,542.521307
53.151056,151.438504,542.600577
50.214269,177.553534,541.858264
42.400594,-161.479384,540.575305
31.680581,-145.845110,539.441345
19.449935,-133.642526,539.320786
6.511788,-123.203761,540.935408
-6.624132,-113.303746,544.574697
-19.532151,-102.878566,549.936361
-31.709624,-90.713678,556.157333
-42.371236,-75.168020,562.027697
-50.158199,-54.378209,566.316609
-53.150563,-28.493020,568.107034
-50.241192,-2.562439,567.041713
-42.512607,18.307647,563.414624
-31.887329,33.912266,558.085288
-19.733544,46.108819,552.238470
-6.841589,56.544694,547.054378
6.284819,66.437774,543.385837
19.221687,76.850282,541.544501
31.463969,89.000057,541.266787
42.218044,104.544187,541.868185
50.102981,125.391205,542.527544
53.151296,156.817322,542.595793
50.134482,-177.114120,541.842947
42.267498,-156.229572,540.556597
31.518666,-140.656615,539.430744
19.273687,-128.488702,539.330049
6.329694,-118.065073,540.972076
-6.805969,-108.165042,544.638784
-19.707660,-97.724727,550.019415
-31.870424,-85.525325,556.244255
-42.503082,-69.918936,562.100721
-50.237140,-49.047876,566.360138
-53.150589,-23.116985,568.111863
-50.162316,2.767884,567.007461
-42.380850,23.556712,563.349754
-31.726645,39.100587,558.004728
-19.558167,51.262608,552.159447
-6.659886,61.683322,546.991642
6.466795,71.576341,543.347730
19.397861,82.003911,541.531147
31.625893,94.188233,541.271012
42.351291,109.793516,541.878777
50.183124,130.723052,542.533662
53.150333,162.196133,542.590844
50.053748,-171.782881,541.827520
42.133859,-150.980808,540.537917
31.356471,-135.468768,539.420344
19.097308,-123.335206,539.339656
6.147564,-112.926484,541.009144
-6.987763,-103.026236,544.703211
-19.883031,-92.570557,550.102638
-32.030937,-80.336323,556.331106
-42.634382,-64.668812,562.173432
-50.315140,-43.716462,566.403174
-53.149431,-17.740960,568.116130
-50.082504,8.097120,566.972706
-42.248552,28.804740,563.284553
-31.565678,44.288264,557.924071
-19.382653,56.416069,552.080560
-6.478140,66.821850,546.929210
6.648735,76.715008,543.309985
19.573904,87.157871,541.518100
31.787536,99.377060,541.275407
42.483993,115.043896,541.889375
50.262317,136.056005,542.539658
53.148169,167.574917,542.585729
49.972074,-166.452757,541.811984
41.999682,-145.733088,540.519267
31.194001,-130.281565,539.410147
18.920800,-118.182036,539.349608
5.965399,-107.787991,541.046613
-7.169512,-97.887326,544.767977
-20.058263,-87.416051,550.186026
-32.191162,-75.146666,556.417883
-42.765131,-59.417642,562.245825
-50.392193,-38.383973,566.445715
-53.147089,-12.364967,568.119836
-50.001762,13.425261,566.937451
-42.115716,34.051737,563.219024
-31.404432,49.475301,557.843321
-19.207005,61.569205,552.001813
-6.296353,71.960281,546.867083
6.830638,81.853779,543.272602
19.749814,92.312166,541.505359
31.948896,104.566545,541.279969
42.616145,120.295334,541.899977
50.340555,141.390055,542.545531
53.144804,172.953654,542.580449
49.889465,-161.123753,541.796341
41.864971,-140.486408,540.500650
31.031257,-125.095001,539.400154
18.744165,-113.029187,539.359906
5.783201,-102.649590,541.084483
-7.351214,-92.748308,544.833079
-20.233353,-82.261206,550.269577
-32.351097,-69.956349,556.504582
-42.895323,-54.165421,562.317900
-50.468293,-33.050415,566.487759
-53.143563,-6.989025,568.122979
-49.920096,18.752302,566.901698
-41.982348,39.297707,563.153170
-31.242907,54.661704,557.762482
-19.031223,66.722019,551.923207
-6.114525,77.098619,546.805262
7.012501,86.992656,543.235582
19.925590,97.466800,541.492923
32.109971,109.756691,541.284697
42.747743,125.547834,541.910581
50.417832,146.725198,542.551281
53.140237,178.332321,542.575003
49.805927,-155.795875,541.780593
41.729732,-135.240761,540.482068
30.868242,-119.909069,539.390369
18.567404,-107.876656,539.370552
5.600970,-97.511280,541.122753
-7.532869,-87.609180,544.898516
-20.408300,-77.106018,550.353288
-32.510737,-64.765367,556.591200
-43.024955,-48.912145,562.389652
-50.543436,-27.715796,566.529305
-53.138853,-1.613155,568.125561
-49.837512,24.078238,566.865448
-41.848452,44.542657,563.086994
-31.081108,59.847478,557.681557
-18.855309,71.874516,551.844746
-5.932658,82.236866,546.743749
7.194325,92.131642,543.198923
20.101229,102.621776,541.480789
32.270758,114.947505,541.289587
42.878780,130.801400,541.921185
50.494142,152.061424,542.556905
53.134469,-176.289102,542.569392
49.721466,-150.469127,541.764741
41.593968,-129.996142,540.463523
30.704958,-114.723765,539.380793
18.390519,-102.724439,539.381548
5.418708,-92.373056,541.161423
-7.714476,-82.469939,544.964286
-20.583103,-71.950483,550.437155
-32.670081,-59.573715,556.677733
-43.154020,-43.657809,562.461078
-50.617615,-22.380123,566.570351
-53.132960,3.762623,568.127581
-49.754016,29.403064,566.828702
-41.714033,49.786589,563.020499
-30.919037,65.032628,557.600549
-18.679265,77.026700,551.766433
-5.750752,87.375025,546.682545
7.376107,97.270740,543.162626
20.276731,107.777099,541.468956
32.431253,120.138992,541.294638
43.009253,136.056039,541.931786
50.569480,157.398728,542.562404
53.127501,-170.910637,542.563616
49.636087,-145.143515,541.748786
41.457685,-124.752546,540.445018
30.541409,-109.539083,539.371429
18.213512,-97.572533,539.392894
5.236417,-87.234917,541.200494
-7.896033,-77.330582,545.030387
-20.757759,-66.794597,550.521175
-32.829125,-54.381387,556.764178
-43.282516,-38.402408,562.532176
-50.690825,-17.043404,566.610895
-53.125885,9.138287,568.129039
-49.669612,34.726773,566.791464
-41.579096,55.029511,562.953688
-30.756695,70.217158,557.519461
-18.503092,82.178572,551.688271
-5.568809,92.513098,546.621652
7.557847,102.409953,543.126692
20.452094,112.932771,541.457424
32.591454,125.331158,541.299848
43.139157,141.311754,541.942382
50.643840,162.737101,542.567774
53.119333,-165.532303,542.557675
49.549798,-139.819044,541.732731
41.320887,-119.509969,540.426555
30.377597,-104.355019,539.362279
18.036383,-92.420934,539.404592
5.054096,-82.096860,541.239964
-8.077539,-72.191106,545.096818
-20.932268,-61.638358,550.605346
-32.987867,-49.188378,556.850530
-43.410436,-33.145939,562.602942
-50.763060,-11.705646,566.650935
-53.117627,14.513817,568.129935
-49.584308,40.049363,566.753734
-41.443644,60.271427,562.886565
-30.594087,75.401075,557.438298
-18.326792,87.330138,551.610262
-5.386829,97.651089,546.561072
7.739544,107.549283,543.091119
20.627316,118.088797,541.446189
32.751358,130.524007,541.305213
43.268486,146.568550,541.952971
50.717216,168.076537,542.573016
53.109966,-160.154123,542.551570
49.462602,-134.495718,541.716575
41.183579,-114.268404,540.408135
30.213524,-99.171568,539.353345
17.859134,-87.269638,539.416644
4.871747,-76.958881,541.279835
-8.258993,-67.051508,545.163577
-21.106627,-56.481760,550.689665
-33.146305,-43.994682,556.936788
-43.537775,-27.888395,562.673373
-50.834316,-6.366858,566.690471
-53.108189,19.889193,568.130270
-49.498109,45.370827,566.715514
-41.307682,65.512342,562.819131
-30.431214,80.584383,557.357062
-18.150365,92.481401,551.532409
-5.204815,102.789001,546.500806
7.921196,112.688735,543.055907
20.802396,123.245181,541.435252
32.910963,135.717545,541.310732
43.397236,151.826432,541.963552
50.789603,173.417025,542.578128
53.099402,-154.776117,542.545300
49.374508,-129.173541,541.700322
41.045765,-109.027846,540.389763
30.049193,-93.988724,539.344630
17.681767,-82.118643,539.429051
4.689372,-71.820978,541.320106
-8.440393,-61.911785,545.230662
-21.280835,-51.324800,550.774127
-33.304434,-38.800295,557.022946
-43.664530,-22.629774,562.743467
-50.904586,-1.027048,566.729499
-53.097570,25.264394,568.130043
-49.411019,50.691163,566.676807
-41.171216,70.752261,562.751391
-30.268079,85.767086,557.275757
-17.973815,97.632364,551.454716
-5.022766,107.926836,546.440855
8.102803,117.828310,543.021057
20.977331,128.401927,541.424609
33.070265,140.911777,541.316403
43.525401,157.085405,541.974121
50.860994,178.758559,542.583109
53.087640,-149.398306,542.538866
49.285520,-123.852518,541.683972
40.907449,-103.788289,540.371439
29.884606,-88.806483,539.336136
17.504284,-76.967943,539.441814
4.506971,-66.683148,541.360776
-8.621740,-56.771934,545.298071
-21.454890,-46.167474,550.858731
-33.462253,-33.605211,557.109003
-43.790694,-17.370070,562.813220
-50.973865,4.313776,566.768019
-53.085772,30.639401,568.129255
-49.323047,56.010365,566.637614
-41.034248,75.991190,562.683347
-30.104684,90.949191,557.194387
-17.797141,102.783030,551.377184
-4.840685,113.064596,546.381221
8.284363,122.968011,542.986568
21.152121,133.559037,541.414260
33.229261,146.106709,541.322223
43.652976,162.345473,541.984678
50.931385,-175.898870,542.587957
53.074683,-144.020710,542.532268
49.195644,-118.532651,541.667528
40.768637,-98.549729,540.353167
29.719766,-83.624838,539.327865
17.326685,-71.817537,539.454935
4.324545,-61.545389,541.401845
-8.803031,-51.631953,545.365802
-21.628791,-41.009779,550.943473
-33.619758,-28.409425,557.194953
-43.916263,-12.109279,562.882630
-51.042149,9.655603,566.806029
-53.072796,36.014192,568.127906
-49.234196,61.328430,566.597937
-40.896784,81.229134,562.615003
-29.941032,96.130702,557.112953
-17.620346,107.933404,551.299817
-4.658572,118.202286,546.321905
8.465874,128.107842,542.952440
21.326763,138.716517,541.404203
33.387949,151.302346,541.328190
43.779958,167.606640,541.995219
51.000771,-170.555272,542.592673
53.060532,-138.643351,542.525506
49.104887,-113.213946,541.650990
40.629332,-93.312160,540.334948
29.554676,-78.443786,539.319820
17.148972,-66.667419,539.468415
4.142096,-56.407696,541.443314
-8.984265,-46.491839,545.433853
-21.802536,-35.851710,551.028350
-33.776947,-23.212931,557.280794
-44.041232,-6.847398,562.951694
-51.109431,14.998426,566.843527
-53.058644,41.388749,568.125996
-49.144473,66.645355,566.557778
-40.758827,86.466098,562.546360
-29.777125,101.311623,557.031461
-17.443431,113.083489,551.222618
-4.476429,123.339907,546.262909
8.647337,133.247805,542.918673
21.501256,143.874370,541.394437
33.546326,156.498695,541.334302
43.906339,172.868912,542.005743
51.069145,-165.210656,542.597254
53.045187,-133.266248,542.518581
49.013254,-107.896404,541.634361
40.489539,-88.075576,540.316785
29.389337,-73.263322,539.312003
16.971148,-61.517588,539.482255
3.959625,-51.270069,541.485182
-9.165442,-41.351588,545.502223
-21.976124,-30.693264,551.113359
-33.933817,-18.015724,557.366522
-44.165596,-1.584422,563.020408
-51.175707,20.342234,566.880512
-53.043316,46.763050,568.123525
-49.053884,71.961136,566.517138
-40.620383,91.702088,562.477423
-29.612966,106.491961,556.949914
-17.266398,118.233288,551.145588
-4.294256,128.477462,546.204234
8.828749,138.387904,542.885267
21.675598,149.032600,541.384959
33.704388,161.695759,541.340556
44.032115,178.132291,542.016248
51.136501,-159.865032,542.601700
53.028651,-127.889423,542.511493
48.920752,-102.580030,541.617642
40.349263,-82.839972,540.298681
29.223753,-68.083439,539.304416
16.793212,-56.368039,539.496456
3.777133,-46.132503,541.527448
-9.346559,-36.211198,545.570909
-22.149551,-25.534437,551.198496
-34.090363,-12.817798,557.452134
-44.289350,3.679653,563.088770
-51.240970,25.687018,566.916982
-53.026814,52.137075,568.120493
-48.962434,77.275771,566.476020
-40.481455,96.937109,562.408195
-29.448557,111.671719,556.868314
-17.089247,123.382805,551.068731
-4.112054,133.614955,546.145882
9.010110,143.528141,542.852220
21.849787,154.191211,541.375768
33.862133,166.893545,541.346950
44.157282,-176.603217,542.026731
51.202836,-154.518408,542.606009
