52.358982,-142.268126,542.663604
52.401999,-115.313804,542.323802
46.766892,-91.462061,541.245218
37.270514,-73.376197,539.932928
25.661310,-59.708523,539.201508
12.999111,-48.567960,539.884237
-0.093016,-38.535674,542.515756
-13.168558,-28.506815,547.096780
-25.783941,-17.380545,553.026790
-37.326275,-3.753448,559.232388
-46.758813,14.231501,564.449321
-52.377201,37.893088,567.566193
-52.404954,64.654742,567.925205
-46.832746,88.361518,565.496096
-37.431147,106.390813,560.878553
-25.909938,120.044617,555.133198
-13.310258,131.182173,549.485776
-0.246347,141.209998,544.987671
12.838999,151.229003,542.236187
25.501889,162.340471,541.245657
37.124535,175.955857,541.511450
46.656527,-166.039023,542.240418
52.401363,-136.902461,542.664648
52.359632,-109.948091,542.313222
46.656621,-86.171919,541.226948
37.120559,-68.160875,539.916733
25.490861,-54.540334,539.199587
12.819077,-43.423809,539.906749
-0.275693,-33.398769,542.566745
-13.348055,-23.362560,547.171947
-25.953367,-12.212207,553.113954
-37.474851,1.461841,559.314523
-46.867665,19.520791,564.509152
-52.418786,43.256433,567.590899
-52.362999,70.017821,567.909855
-46.723691,93.650351,565.444910
-37.282523,111.605755,560.803676
-25.740560,125.212734,555.051303
-13.130864,136.326287,549.413426
-0.063797,146.346807,544.936776
13.018902,156.373080,542.211016
25.672224,167.508592,541.242386
37.274410,-178.828897,541.520360
46.766767,-160.748966,542.249919
52.442613,-131.536104,542.665537
52.316138,-104.583086,542.302492
46.545618,-80.882956,541.208630
36.970214,-62.946400,539.900653
25.320218,-49.372619,539.197946
12.638964,-38.279863,539.929647
-0.458367,-28.261863,542.618119
-13.527464,-18.218095,547.247379
-26.122591,-7.043392,553.201171
-37.623029,6.677978,559.396461
-46.975781,24.811244,564.568568
-52.459255,48.620450,567.615062
-52.319934,75.380206,567.893958
-46.613910,98.938023,565.393297
-37.133505,116.819858,560.728582
-25.570983,130.380379,554.969434
-12.951385,141.470195,549.341307
0.118756,151.483616,544.886229
13.198726,161.517366,542.186194
25.842364,172.677190,541.239359
37.423890,-173.612799,541.529356
46.876269,-155.457729,542.259355
52.482728,-126.169071,542.666269
52.271520,-99.218803,542.291613
46.433887,-75.595170,541.190265
36.819480,-57.732767,539.884688
25.149383,-44.205373,539.196587
12.458773,-33.136120,539.952932
-0.641035,-23.124951,542.669878
-13.706784,-13.073417,547.323075
-26.291611,-1.874094,553.288437
-37.770805,11.894967,559.478199
-47.083157,30.102860,564.627566
-52.498604,53.985123,567.638680
-52.275761,80.741881,567.877514
-46.503407,104.224535,565.341259
-36.984097,122.033126,560.653274
-25.401208,135.547557,554.887593
-12.771821,146.613901,549.269423
0.301310,156.620430,544.836030
13.378468,166.661863,542.161718
26.012305,177.846271,541.236576
37.572973,-168.395841,541.538437
46.985027,-150.165310,542.268722
52.521706,-120.801380,542.666843
52.225783,-93.855258,542.280586
46.321436,-70.308560,541.171856
36.668362,-52.519969,539.868843
24.978357,-39.038592,539.195512
12.278506,-27.992576,539.976604
-0.823696,-17.988032,542.722021
-13.886014,-7.928523,547.399032
-26.460424,3.295691,553.375750
-37.918176,17.112815,559.559733
-47.189786,35.395641,564.686144
-52.536830,59.350436,567.661753
-52.230485,86.102830,567.860525
-46.392188,109.509890,565.288799
-36.834304,127.245566,560.577755
-25.231238,140.714271,554.805784
-12.592174,151.757407,549.197775
0.483866,161.757249,544.786181
13.558127,171.806576,542.137588
26.182046,-176.984161,541.234035
37.721653,-163.178019,541.547600
47.093036,-144.871707,542.278020
52.559542,-115.433048,542.667260
52.178932,-88.492468,542.269412
46.208269,-65.023124,541.153404
36.516864,-47.308002,539.853119
24.807143,-33.872271,539.194722
12.098164,-22.849228,540.000663
-1.006350,-12.851102,542.774546
-14.065153,-2.783409,547.475247
-26.629028,8.465966,553.463105
-38.065136,22.331528,559.641061
-47.295663,40.689588,564.744299
-52.573929,64.716372,567.684280
-52.184110,91.463039,567.842990
-46.280259,114.794089,565.235918
-36.684127,132.457184,560.502030
-25.061075,145.880526,554.724009
-12.412445,156.900716,549.126365
0.666422,166.894078,544.736681
13.737702,176.951507,542.113803
26.351585,-171.814102,541.231732
37.869928,-157.959327,541.556842
47.200290,-139.576921,542.287246
52.596233,-110.064091,542.667519
52.130969,-83.130446,542.258090
46.094392,-59.738859,541.134912
36.364988,-42.096859,539.837519
24.635743,-28.706407,539.194221
11.917747,-17.706073,540.025112
-1.188995,-7.714159,542.827453
-14.244199,2.361927,547.551718
-26.797422,13.636738,553.550501
-38.211684,27.551110,559.722178
-47.400782,45.984701,564.802029
-52.609898,70.082914,567.706259
-52.136639,96.822493,567.824912
-46.167625,120.077135,565.182620
-36.533572,137.667984,560.426100
-24.890719,151.046327,554.642273
-12.232635,162.043832,549.055197
0.848976,172.030920,544.687532
13.917191,-177.903340,542.090363
26.520920,-166.643546,541.229667
38.017794,-152.739759,541.566161
47.306783,-134.280949,542.296399
52.631775,-104.694527,542.667619
52.081900,-77.769209,542.246624
45.979811,-54.455763,541.116381
36.212739,-36.886535,539.822045
24.464158,-23.540994,539.194009
11.737259,-12.563108,540.049950
-1.371631,-2.577201,542.880741
-14.423150,7.507489,547.628443
-26.965603,18.808009,553.637932
-38.357815,32.771568,559.803082
-47.505138,51.280981,564.859332
-52.644733,75.450045,567.727691
-52.088078,102.181177,567.806291
-46.054292,125.359028,565.128907
-36.382641,142.877972,560.349970
-24.720175,156.211678,554.560578
-12.052746,167.186758,548.984272
1.031528,177.167775,544.638734
14.096594,-172.757962,542.067266
26.690049,-161.472490,541.227838
38.165246,-147.519309,541.575556
47.412509,-128.983792,542.305477
52.666166,-99.324373,542.667560
52.031729,-72.408771,542.235012
45.864531,-49.173835,541.097813
36.060119,-31.677024,539.806700
24.292391,-18.376029,539.194089
11.556698,-7.420330,540.075178
-1.554255,2.559777,542.934409
-14.602007,12.653281,547.705419
-27.133570,23.979785,553.725395
-38.503526,37.992907,559.883768
-47.608725,56.578427,564.916204
-52.678432,80.817749,567.748574
-52.038430,107.539076,567.787128
-45.940266,130.639772,565.074780
-36.231337,148.087155,560.273643
-24.549442,161.376582,554.478927
-11.872779,172.329496,548.913592
1.214076,-177.695351,544.590289
14.275909,-167.612356,542.044511
26.858968,-156.300929,541.226242
38.312282,-142.297972,541.585024
47.517463,-123.685448,542.314479
52.699401,-93.953648,542.667340
51.980460,-67.049145,542.223257
45.748559,-43.893071,541.079212
35.907133,-26.468319,539.791486
24.120443,-13.211508,539.194462
11.376068,-2.277735,540.100797
-1.736867,7.696775,542.988455
-14.780767,17.799304,547.782643
-27.301319,29.152070,553.812889
-38.648812,43.215133,559.964234
-47.711536,61.877041,564.972644
-52.710990,86.186007,567.768908
-51.987700,112.896177,567.767423
-45.825551,135.919368,565.020244
-36.079665,153.295537,560.197123
-24.378524,166.541044,554.397324
-11.692735,177.472050,548.843159
1.396620,-172.558458,544.542196
14.455134,-162.466519,542.022099
27.027678,-151.128858,541.224877
38.458897,-137.075741,541.594561
47.621638,-118.385918,542.323402
52.731479,-88.582369,542.666961
51.928098,-61.690348,542.211358
45.631900,-38.613469,541.060577
35.753783,-21.260417,539.776406
23.948317,-8.047425,539.195132
11.195369,2.864679,540.126808
-1.919467,12.833798,543.042880
-14.959429,22.945563,547.860113
-27.468850,34.324868,553.900407
-38.793670,48.438251,560.044477
-47.813567,67.176822,565.028650
-52.742406,91.554801,567.788691
-51.935892,118.252465,567.747179
-45.710154,141.197820,564.965300
-35.927627,158.503124,560.120412
-24.207421,171.705069,554.315773
-11.512615,-177.385577,548.772977
1.579158,-167.421541,544.494456
14.634269,-157.320447,542.000026
27.196174,-145.956273,541.223741
38.605087,-131.852611,541.604168
47.725029,-113.085201,542.332246
52.762395,-83.210555,542.666421
51.874647,-56.332391,542.199318
45.514559,-33.335026,541.041913
35.600073,-16.053310,539.761461
23.776014,-2.883777,539.196098
11.014602,8.006915,540.153210
-2.102052,17.970848,543.097681
-15.137991,28.092061,547.937826
-27.636159,39.498185,553.987949
-38.938096,53.662268,560.124492
-47.914811,72.477770,565.084218
-52.772676,96.924115,567.807923
-51.883009,123.607928,567.726396
-45.594079,146.475129,564.909951
-35.775227,163.709922,560.043513
-24.036137,176.868661,554.234275
-11.332421,-172.243382,548.703046
1.761689,-162.284599,544.447071
14.813311,-152.174138,541.978294
27.364456,-140.783168,541.222833
38.750849,-126.628576,541.613840
47.827629,-107.783297,542.341007
52.792147,-77.838223,542.665719
51.820112,-50.975289,542.187137
45.396541,-28.057740,541.023220
35.446007,-10.846993,539.746655
23.603536,2.279440,539.197364
10.833769,13.148978,540.180006
-2.284622,23.107927,543.152857
-15.316453,33.238801,548.015780
-27.803245,44.672025,554.075509
-39.082086,58.887187,560.204277
-48.015263,77.779885,565.139346
-52.801798,102.293929,567.826603
-51.829058,128.962551,567.705075
-45.477333,151.751300,564.854200
-35.622468,168.915936,559.966431
-23.864672,-177.968177,554.152835
-11.152154,-167.101362,548.633370
1.944213,-157.147628,544.400040
14.992261,-147.027587,541.956901
27.532520,-135.609540,541.222150
38.896178,-121.403631,541.623575
47.929433,-102.480207,542.349685
52.820732,-72.465394,542.664856
51.764498,-45.619056,542.174815
45.277854,-22.781606,541.004501
35.291587,-5.641461,539.731990
23.430885,7.442231,539.198932
10.652871,18.290868,540.207194
-2.467176,28.245039,543.208408
-15.494812,38.385787,548.093973
-27.970106,49.846393,554.163085
-39.225636,64.113017,560.283828
-48.114917,83.083166,565.194033
-52.829768,107.664225,567.844731
-51.774043,134.316322,567.683218
-45.359920,157.026333,564.798048
-35.469353,174.121173,559.889169
-23.693029,-172.805441,554.071455
-10.971815,-161.959514,548.563950
2.126728,-152.010626,544.353364
15.171115,-141.880792,541.935845
27.700365,-130.435384,541.221690
39.041071,-116.177770,541.633372
48.030435,-97.175931,542.358279
52.848147,-67.092085,542.663831
51.707809,-40.263704,542.162355
45.158501,-17.506623,540.985757
35.136818,-0.436707,539.717468
23.258063,12.604599,539.200802
10.471909,23.432591,540.234777
-2.649712,33.382186,543.264333
-15.673068,43.533021,548.172401
-28.136738,55.021292,554.250673
-39.368743,69.339761,560.363143
-48.213767,88.387612,565.248275
-52.856585,113.034986,567.862306
-51.717967,139.669228,567.660824
-45.241846,162.300233,564.741499
-35.315886,179.325637,559.811729
-23.521210,-167.643125,553.990140
-10.791405,-156.817835,548.494788
2.309232,-146.873590,544.307045
15.349873,-136.733749,541.915126
27.867989,-125.260695,541.221451
39.185523,-110.950986,541.643228
48.130629,-91.870469,542.366785
52.874390,-61.718315,542.662644
51.650050,-34.909245,542.149757
45.038488,-12.232787,540.966992
34.981702,4.767274,539.703092
23.085071,17.766550,539.202978
10.290884,28.574148,540.262754
-2.832230,38.519371,543.320630
-15.851220,48.680507,548.251062
-28.303141,60.196729,554.338270
-39.511401,74.567425,560.442216
-48.311808,93.693222,565.302071
-52.882245,118.406192,567.879326
-51.660836,145.021257,567.637897
-45.123117,167.573003,564.684556
-35.162069,-175.470666,559.734116
-23.349216,-162.481226,553.908891
-10.610925,-151.676322,548.425887
2.491726,-141.736517,544.261081
15.528533,-131.586455,541.894743
28.035389,-120.085468,541.221431
39.329530,-105.723275,541.653140
48.230008,-86.563823,542.375203
52.899459,-56.344104,542.661294
51.591226,-29.555694,542.137021
44.917821,-6.960094,540.948206
34.826242,9.970487,539.688864
22.911913,22.928087,539.205460
10.109798,33.715543,540.291126
-3.014727,43.656596,543.377298
-16.029265,53.828249,548.329953
-28.469312,65.372707,554.425872
-39.653609,79.796016,560.521046
-48.409033,98.999995,565.355419
-52.906746,123.777825,567.895793
-51.602655,150.372396,567.614436
-45.003737,172.844645,564.627221
-35.007907,-170.267731,559.656333
-23.177049,-157.319740,553.827712
-10.430377,-146.534971,548.357249
2.674207,-136.599404,544.215474
15.707095,-126.438906,541.874694
28.202562,-114.909698,541.221628
39.473089,-100.494630,541.663107
48.328568,-81.255993,542.383532
52.923350,-50.969471,542.659780
51.531342,-24.203061,542.124150
44.796506,-1.688542,540.929403
34.670442,15.172938,539.674786
22.738589,28.089213,539.208252
9.928652,38.856778,540.319893
-3.197205,48.793865,543.434336
-16.207202,58.976250,548.409071
-28.635248,70.549231,554.513476
-39.795360,85.025537,560.599629
-48.505437,104.307930,565.408315
-52.930086,129.149866,567.911704
-51.543428,155.722633,567.590443
-44.883711,178.115163,564.569496
-34.853401,-165.065551,559.578382
-23.004710,-152.158662,553.746606
-10.249762,-141.393781,548.288875
2.856675,-131.462249,544.170224
15.885556,-121.291099,541.854979
28.369507,-109.733381,541.222040
39.616196,-95.265047,541.673127
48.426301,-75.946980,542.391769
52.946061,-45.594436,542.658104
51.470403,-18.851358,542.111144
44.674546,3.581874,540.910584
34.514305,20.374633,539.660861
22.565100,33.249934,539.211353
9.747446,43.997857,540.349056
-3.379660,53.931180,543.491743
-16.385031,64.124512,548.488415
-28.800947,75.726307,554.601078
-39.936651,90.255996,560.677962
-48.601013,109.617024,565.460759
-52.952263,134.522295,567.927060
-51.483160,161.071957,567.565919
-44.763046,-176.615440,564.511384
-34.698556,-159.864122,559.500268
-22.832203,-146.997990,553.665577
-10.069081,-136.252748,548.220768
3.039129,-126.325050,544.125333
16.063915,-116.143032,541.835597
28.536222,-104.556512,541.222664
39.758846,-90.034518,541.683196
48.523203,-70.636787,542.399912
52.967590,-40.219018,542.656263
51.408414,-13.500598,542.098004
44.551949,8.851157,540.891751
34.357834,25.575577,539.647092
22.391450,38.410254,539.214767
9.566183,49.138783,540.378615
-3.562093,59.068544,543.549517
-16.562749,69.273040,548.567981
-28.966408,80.903938,554.688676
-40.077479,95.487398,560.756041
-48.695757,114.927278,565.512746
-52.973275,139.895094,567.941859
-51.421856,166.420356,567.540865
-44.641747,-171.347160,564.452888
-34.543374,-154.663438,559.421994
-22.659527,-141.837718,553.584627
-9.888335,-131.111868,548.152929
3.221567,-121.187802,544.080799
16.242171,-110.994700,541.816546
28.702704,-99.379087,541.223500
39.901034,-84.803039,541.693313
48.619266,-65.325414,542.407961
52.987936,-34.843236,542.654259
51.345381,-8.150791,542.084732
44.428719,14.119311,540.872907
34.201032,30.775776,539.633480
22.217640,43.570175,539.218496
9.384863,54.279559,540.408571
-3.744501,64.205960,543.607658
-16.740356,74.421837,548.647766
-29.131627,86.082130,554.776264
-40.217839,100.719748,560.833864
-48.789663,120.238687,565.564277
-52.993119,145.268243,567.956102
-51.359521,171.767819,567.515284
-44.519817,-166.079993,564.394012
-34.387858,-149.463493,559.343563
-22.486686,-136.677843,553.503760
-9.707526,-125.971140,548.085362
3.403989,-116.050504,544.036624
16.420323,-105.846099,541.797825
28.868950,-94.201099,541.224543
40.042758,-79.570604,541.703475
48.714486,-60.012864,542.415914
53.007096,-29.467112,542.652090
51.281307,-2.801949,542.071328
44.304862,19.386339,540.854053
34.043903,35.975236,539.620029
22.043671,48.729703,539.222540
9.203488,59.420187,540.438924
-3.926884,69.343431,543.666164
-16.917849,79.570906,548.727768
-29.296602,91.260887,554.863841
-40.357726,105.953051,560.911426
-48.882723,125.551251,565.615347
-53.011794,150.641723,567.969787
-51.296161,177.114335,567.489175
-44.397264,-160.813937,564.334756
-34.232012,-144.264282,559.264978
-22.313681,-131.518360,553.422979
-9.526654,-120.830560,548.018067
3.586393,-110.913152,543.992808
16.598368,-100.697228,541.779434
29.034959,-89.022545,541.225794
40.184012,-74.337207,541.713680
48.808856,-54.699138,542.423769
53.025068,-24.090664,542.649757
51.216200,2.545917,542.057794
44.180383,24.652246,540.835192
33.886449,41.173962,539.606740
21.869546,53.888842,539.226902
9.022059,64.560670,540.469675
-4.109241,74.480959,543.725033
-17.095228,84.720251,548.807984
-29.461332,96.440215,554.951402
-40.497137,111.187313,560.988725
-48.974934,130.864966,565.665956
-53.029298,156.015513,567.982915
-51.231779,-177.540106,567.462540
-44.274092,-155.548986,564.275124
-34.075838,-139.065800,559.186244
-22.140514,-126.359266,553.342286
-9.345721,-115.690125,547.951047
3.768778,-105.775745,543.949351
16.776307,-95.548081,541.761370
29.200727,-83.843420,541.227248
40.324792,-69.102843,541.723926
48.902370,-49.384240,542.431525
53.041851,-18.713914,542.647259
51.150063,7.892798,542.044130
44.055286,29.917035,540.816326
33.728673,46.371959,539.593616
21.695265,59.047595,539.231583
8.840577,69.701013,540.500824
-4.291571,79.618546,543.784264
-17.272490,89.869875,548.888412
-29.625813,101.620117,555.038944
-40.636068,116.422539,561.065757
-49.066288,136.179830,565.716100
-53.045629,161.389595,567.995485
-51.166382,-172.195515,567.435381
-44.150305,-150.285138,564.215120
-33.919340,-133.868040,559.107362
-21.967185,-121.200557,553.261685
-9.164728,-110.549832,547.884304
3.951143,-100.638278,543.906254
16.954136,-90.398657,541.743634
29.366253,-78.663718,541.228905
40.465095,-63.867505,541.734211
48.995021,-44.068170,542.439180
53.057443,-13.336881,542.644596
51.082902,13.238682,542.030339
43.929578,35.180711,540.797457
33.570579,51.569234,539.580660
21.520832,64.205966,539.236585
8.659042,74.841217,540.532371
-4.473872,84.756197,543.843857
-17.449635,95.019782,548.969048
-29.790043,106.800600,555.126463
-40.774514,121.658736,561.142519
-49.156780,141.495841,565.765779
-53.060786,166.763947,568.007496
-51.099974,-166.851901,567.407699
-44.025910,-145.022388,564.154745
-33.762521,-128.670999,559.028338
-21.793698,-116.042229,553.181179
-8.983676,-105.409678,547.817839
4.133487,-95.500750,543.863517
17.131855,-85.248950,541.726223
29.531535,-73.483434,541.230761
40.604915,-58.631190,541.744532
49.086806,-38.750933,542.446733
53.071842,-7.959586,542.641768
51.014723,18.583561,542.016421
43.803263,40.443278,540.778588
33.412170,56.765791,539.567874
21.346246,69.363959,539.241911
8.477458,79.981285,540.564316
-4.656144,89.893913,543.903809
-17.626662,100.169975,549.049890
-29.954020,111.981668,555.213957
-40.912470,126.895907,561.219009
-49.246405,146.812994,565.814989
-53.074767,172.138552,568.018949
-51.032561,-161.509275,567.379495
-43.900911,-139.760732,564.094002
-33.605383,-123.474669,558.949173
-21.620054,-110.884277,553.100772
-8.802567,-100.269660,547.751655
4.315809,-90.363157,543.821140
17.309462,-80.098958,541.709136
29.696569,-68.302565,541.232816
40.744249,-53.393890,541.754888
49.177716,-33.432531,542.454181
53.085047,-2.582049,542.638775
50.945531,23.927424,542.002377
43.676347,45.704741,540.759720
33.253448,61.961636,539.555259
21.171511,74.521579,539.247561
8.295823,85.121221,540.596660
-4.838384,95.031698,543.964119
-17.803567,105.320457,549.130934
-30.117742,117.163325,555.301421
-41.049933,132.134059,561.295222
-49.335155,152.131287,565.863729
-53.087571,177.513387,568.029842
-50.964148,-156.167646,567.350771
-43.775313,-134.500167,564.032895
-33.447929,-118.279047,558.869872
-21.446254,-105.726699,553.020465
-8.621401,-95.129776,547.685753
4.498108,-85.225497,543.779124
17.486956,-74.948678,541.692372
29.861353,-63.121104,541.235066
40.883092,-48.155601,541.765275
49.267747,-28.112967,542.461525
53.097056,2.795709,542.635616
50.875331,29.270261,541.988209
43.548835,50.965102,540.740856
33.094417,67.156775,539.542819
20.996628,79.678829,539.253537
8.114141,90.261027,540.629404
-5.020594,100.169554,544.024786
-17.980351,110.471232,549.212179
-30.281205,122.345577,555.388852
-41.186899,137.373197,561.371155
-49.423027,157.450716,565.911997
-53.099197,-177.111566,568.040175
-50.894741,-150.827023,567.321528
-43.649121,-129.240687,563.971425
-33.290163,-113.084126,558.790438
-21.272300,-100.569490,552.940262
-8.440180,-89.990022,547.620135
4.680383,-80.087766,543.737468
17.664335,-69.798105,541.675931
30.025886,-57.939047,541.237509
41.021439,-42.916316,541.775692
49.356891,-22.792245,542.468762
53.107869,8.173666,542.632292
50.804129,34.612065,541.973918
43.420732,56.224368,540.721997
32.935079,72.351213,539.530557
20.821599,84.835712,539.259841
7.932411,95.400706,540.662547
-5.202770,105.307484,544.085809
-18.157012,115.622304,549.293621
-30.444409,127.528429,555.476247
-41.323362,142.613326,561.446806
-49.510013,162.771277,565.959790
-53.109643,-171.736329,568.049948
-50.824344,-145.487415,567.291768
-43.522340,-123.982289,563.909596
-33.132086,-107.889901,558.710874
-21.098194,-95.412646,552.860167
-8.258905,-84.850396,547.554804
4.862632,-74.949963,543.696174
17.841598,-64.647237,541.659810
30.190163,-52.756389,541.240144
41.159287,-37.676031,541.786137
49.445144,-17.470369,542.475891
53.117485,13.551804,542.628802
50.731930,39.952826,541.959505
43.292042,61.482542,540.703147
32.775437,77.544955,539.518473
20.646424,89.992234,539.266475
7.750636,100.540261,540.696089
-5.384912,110.445491,544.147185
-18.333548,120.773676,549.375257
-30.607349,132.711886,555.563601
-41.459319,147.854452,561.522171
-49.596109,168.092967,566.007107
-53.118909,-166.360921,568.059161
-50.752962,-140.148831,567.261492
-43.394976,-118.724968,563.847411
-32.973703,-102.696366,558.631184
-20.923937,-90.256164,552.780182
-8.077576,-79.710894,547.489760
5.044854,-69.812085,543.655241
18.018744,-59.496069,541.644008
30.354184,-47.573124,541.242968
41.296630,-32.434741,541.796606
49.532500,-12.147342,542.482910
53.125901,18.930100,542.625147
50.658741,45.292535,541.944972
43.162771,66.739630,540.684308
32.615495,82.738007,539.506572
20.471107,95.148397,539.273440
7.568815,105.679696,540.730031
-5.567019,115.583578,544.208914
-18.509958,125.925351,549.457085
-30.770024,137.895952,555.650913
-41.594765,153.096579,561.597247
-49.681308,173.415780,566.053945
-53.126994,-160.985363,568.067814
-50.680603,-134.811279,567.230702
-43.267032,-113.468721,563.784873
-32.815016,-97.503518,558.551371
-20.749532,-85.100039,552.700309
-7.896196,-74.571514,547.425006
5.227049,-64.674127,543.614670
18.195770,-54.344598,541.628524
30.517945,-42.389248,541.245979
41.433465,-27.192439,541.807099
49.618952,-6.823168,542.489818
53.133119,24.308533,542.621325
50.584566,50.631185,541.930319
43.032925,71.995634,540.665480
32.455255,87.930375,539.494854
20.295648,100.304206,539.280737
7.386951,110.819012,540.764373
-5.749090,120.721747,544.270994
-18.686239,131.077334,549.539101
-30.932430,143.080633,555.738177
-41.729696,158.339713,561.672031
-49.765604,178.739713,566.100303
-53.133896,-155.609675,568.075905
-50.607270,-129.474767,567.199398
-43.138515,-108.213542,563.721983
-32.656028,-92.311349,558.471439
-20.574979,-79.944269,552.620554
-7.714765,-69.432253,547.360544
5.409215,-59.536089,543.574460
18.372675,-49.192821,541.613357
30.681443,-37.204756,541.249174
41.569786,-21.949120,541.817613
49.704494,-1.497853,542.496614
53.139136,29.687084,542.617338
50.509411,55.968767,541.915549
42.902507,77.250562,540.646668
32.294720,93.122063,539.483323
20.120050,105.459664,539.288370
7.205045,115.958213,540.799115
-5.931123,125.860001,544.333423
-18.862392,136.229627,549.621303
-31.094567,148.265934,555.825391
-41.864106,163.583859,561.746519
-49.848992,-175.935240,566.146179
-53.139616,-150.233878,568.083436
-50.532969,-124.139303,567.167584
-43.009428,-102.959426,563.658746
-32.496741,-87.119855,558.391390
-20.400280,-74.788848,552.540917
-7.533285,-64.293108,547.296375
5.591351,-54.397966,543.534612
18.549459,-44.040734,541.598506
30.844677,-32.019642,541.252552
41.705589,-16.704779,541.828145
49.789121,3.828599,542.503296
53.143953,35.065729,542.613185
50.433282,61.305274,541.900662
42.771522,82.504416,540.627873
32.133892,98.313076,539.471981
19.944313,110.614776,539.296338
7.023097,121.097302,540.834257
-6.113118,130.998343,544.396200
-19.038414,141.382235,549.703688
-31.256430,153.451859,555.912551
-41.997992,168.829022,561.820709
-49.931466,-170.609083,566.191571
-53.144153,-144.857992,568.090405
-50.457706,-118.804895,567.135259
-42.879777,-97.706370,563.595164
-32.337158,-81.929031,558.311229
-20.225438,-69.633774,552.461402
-7.351756,-59.154076,547.232501
5.773456,-49.259757,543.495126
18.726118,-38.888333,541.583968
31.007643,-26.833901,541.256110
41.840870,-11.459411,541.838694
49.872827,9.156184,542.509863
53.147568,40.444450,542.608866
50.356184,66.640699,541.885659
42.639977,87.757203,540.609097
31.972776,103.503422,539.460830
19.768439,115.769544,539.304644
6.841110,126.236282,540.869800
-6.295073,136.136777,544.459323
-19.214303,146.535161,549.786253
-31.418018,158.638415,555.999654
-42.131350,174.075207,561.894598
-50.013021,-165.281822,566.236476
-53.147506,-139.482038,568.096813
-50.381487,-113.471549,567.102426
-42.749566,-92.454369,563.531240
-32.177282,-76.738872,558.230958
-20.050452,-64.479042,552.382013
-7.170180,-54.015154,547.168923
5.955529,-44.121457,543.456002
18.902653,-33.735615,541.569743
31.170339,-21.647528,541.259847
41.975623,-6.213010,541.849257
49.955605,14.484896,542.516313
53.149982,45.823224,542.604381
50.278124,71.975034,541.870543
42.507875,93.008926,540.590343
31.811372,108.693103,539.449873
19.592431,120.923973,539.313289
6.659083,131.375155,540.905743
-6.476987,141.275304,544.522790
-19.390059,151.688408,549.868995
-31.579327,163.825606,556.086696
-42.264173,179.322420,561.968182
-50.093650,-159.953462,566.280894
-53.149675,-134.106037,568.102660
-50.304316,-108.139273,567.069087
-42.618801,-87.203417,563.466977
-32.017116,-71.549371,558.150582
-19.875326,-59.324649,552.302751
-6.988558,-48.876340,547.105644
6.137568,-38.983066,543.417240
19.079060,-28.582576,541.555829
31.332763,-16.460518,541.263759
42.109844,-0.965572,541.859832
50.037451,19.814729,542.522646
53.151194,51.202030,542.599731
50.199107,77.308272,541.855315
42.375222,98.259591,540.571613
31.649685,113.882127,539.439111
19.416290,126.078066,539.322275
6.477018,136.513924,540.942086
-6.658860,146.413927,544.586601
-19.565679,156.841981,549.951910
-31.740356,169.013437,556.173673
-42.396458,-175.429336,562.041458
-50.173349,-154.624010,566.324822
-53.150659,-128.730008,568.107945
-50.226200,-102.808074,567.035243
-42.487485,-81.953511,563.402378
-31.856663,-66.360524,558.070103
-19.700061,-54.170592,552.223621
-6.806891,-43.737630,547.042666
6.319573,-33.844578,543.378840
19.255339,-23.429213,541.542225
31.494911,-11.272866,541.267845
42.243529,4.282909,541.870417
50.118357,25.145678,542.528860
53.151205,56.580848,542.594914
50.119139,82.640408,541.839975
42.242022,103.509203,540.552909
31.487716,119.070498,539.428548
19.240016,131.231828,539.331603
6.294917,141.652593,540.978830
-6.840689,151.552651,544.650753
-19.741162,161.995883,550.034997
-31.901101,174.201913,556.260583
-42.528201,-170.180054,562.114423
-50.252110,-149.293470,566.368258
-53.150459,-123.353974,568.112668
-50.147144,-97.477958,567.000895
-42.355625,-76.704645,563.337445
-31.695925,-61.172327,557.989525
-19.524658,-49.016865,552.144624
-6.625180,-38.599022,546.979989
6.501543,-28.705993,543.340802
19.431488,-18.275521,541.528930
31.656781,-6.084567,541.272103
42.376673,9.532438,541.881009
50.198319,30.477737,542.534953
53.150013,61.959656,542.589932
50.038225,87.971434,541.824526
42.108280,108.757767,540.534233
31.325469,124.258221,539.418186
19.063613,136.385261,539.341275
6.112780,146.791163,541.015975
-7.022475,156.691476,544.715245
-19.916507,167.150117,550.118252
-32.061559,179.391040,556.347421
-42.659396,-164.929730,562.187074
-50.329929,-143.961850,566.411201
-53.149075,-117.977953,568.116829
-50.067154,-92.148931,566.966046
-42.223223,-71.456814,563.272183
-31.534904,-55.984772,557.908851
-19.349118,-43.863467,552.065764
-6.443427,-33.460513,546.917615
6.683476,-23.567306,543.303126
19.607506,-13.121497,541.515941
31.818371,-0.895614,541.276529
42.509270,14.783020,541.891608
50.277330,35.810900,542.540925
53.147619,67.338433,542.584785
49.956372,93.301345,541.808969
41.974000,114.005288,540.515588
31.162946,129.445302,539.408026
18.887081,141.538370,539.351292
5.930609,151.929639,541.053520
-7.204215,161.830407,544.780075
-20.091711,172.304687,550.201672
-32.221729,-175.419178,556.434184
-42.790038,-159.678360,562.259408
-50.406801,-138.629156,566.453648
-53.146507,-112.601968,568.120428
-49.986236,-86.820999,566.930697
-42.090285,-66.210013,563.206592
-31.373604,-50.797857,557.828085
-19.173444,-38.710393,551.987044
-6.261632,-28.322099,546.855546
6.865371,-18.428515,543.265813
19.783391,-7.967137,541.503258
31.979677,4.293996,541.281123
42.641317,20.034660,541.902209
50.355385,41.145159,542.546774
53.144024,72.717158,542.579472
49.873585,98.630134,541.793305
41.839188,119.251771,540.496977
31.000150,134.631745,539.398072
18.710421,146.691157,539.361656
5.748404,157.068022,541.091466
-7.385908,166.969445,544.845241
-20.266774,177.459598,550.285254
-32.381607,-170.228734,556.520868
-42.920124,-154.425938,562.331422
-50.482719,-133.295396,566.495599
-53.142755,-107.226038,568.123466
-49.904394,-81.494168,566.894850
-41.956816,-60.964238,563.140678
-31.212027,-45.611574,557.747230
-18.997637,-33.557639,551.908467
-6.079796,-23.183779,546.793784
7.047227,-13.289618,543.228861
19.959141,-2.812439,541.490879
32.140697,9.484270,541.285881
42.772808,25.287363,541.912813
50.432478,46.480509,542.552498
53.139228,78.095809,542.573993
49.789870,103.957797,541.777535
41.703848,124.497221,540.478400
30.837083,139.817557,539.388326
18.533637,151.843628,539.372368
5.566168,162.206315,541.129812
-7.567554,172.108595,544.910741
-20.441694,-177.385148,550.368995
-32.541191,-165.037624,556.607471
-43.049648,-149.172460,562.403112
-50.557678,-127.960575,566.537050
-53.137819,-101.850184,568.125941
-49.821636,-76.168444,566.858507
-41.822820,-55.719484,563.074442
-31.050176,-40.425920,557.666290
-18.821698,-28.405202,551.830035
-5.897921,-18.045549,546.732331
7.229042,-8.150611,543.192272
20.134754,2.342603,541.478803
32.301428,14.675212,541.290801
42.903738,30.541134,541.923415
50.508603,51.816942,542.558097
53.133231,83.474367,542.568349
49.705234,109.284328,541.761662
41.567985,129.741644,540.459862
30.673749,145.002742,539.378789
18.356728,156.995785,539.383430
5.383900,167.344522,541.168558
-7.749151,177.247858,544.976575
-20.616469,-172.229547,550.452891
-32.700478,-159.845843,556.693988
-43.178605,-143.917921,562.474477
-50.631672,-122.624701,566.578002
-53.131700,-96.474427,568.127855
-49.737965,-70.843831,566.821668
-41.688302,-50.475744,563.007888
-30.888053,-35.240889,557.585267
-18.645629,-23.253079,551.751751
-5.716008,-12.907407,546.671186
7.410817,-3.011491,543.156044
20.310230,7.497992,541.467028
32.461867,19.866828,541.295882
43.034103,35.795978,541.934014
50.583755,57.154450,542.563570
53.126034,88.852809,542.562541
49.619681,114.609723,541.745687
41.431604,134.985045,540.441363
30.510149,150.187305,539.369465
18.179697,162.147633,539.394842
5.201603,172.482646,541.207705
-7.930698,-177.612762,545.042739
-20.791097,-167.073594,550.536941
-32.859465,-154.653385,556.780416
-43.306991,-138.662316,562.545513
-50.704696,-117.287783,566.618451
-53.124399,-91.098787,568.129207
-49.653390,-65.520335,566.784337
-41.553266,-45.233015,562.941018
-30.725660,-30.056476,557.504166
-18.469432,-18.101265,551.673619
-5.534058,-7.769350,546.610354
7.592549,2.127744,543.120178
20.485566,12.653732,541.455552
32.622011,25.059124,541.301121
43.163897,41.051899,541.944608
50.657927,62.493027,542.568915
53.117637,94.231114,542.556567
49.533218,119.933976,541.729611
41.294708,140.227429,540.422907
30.346287,155.371251,539.360355
18.002545,167.299173,539.406607
5.019276,177.620688,541.247251
-8.112194,-172.473263,545.109233
-20.965577,-161.917286,550.621141
-33.018149,-149.460246,556.866751
-43.434800,-133.405642,562.616216
-50.776745,-111.949828,566.658396
-53.115916,-85.723284,568.129997
-49.567914,-60.197961,566.746515
-41.417716,-39.991291,562.873836
-30.563001,-24.872676,557.422989
-18.293107,-12.949757,551.595640
-5.352072,-2.631374,546.549834
7.774237,7.267098,543.084674
20.660761,17.809826,541.444374
32.781859,30.252104,541.306515
43.293116,46.308902,541.955195
50.731114,67.832664,542.574131
53.108041,99.609263,542.550429
49.445850,125.257083,541.713435
41.157303,145.468801,540.404495
30.182165,160.554586,539.351462
17.825274,172.450411,539.418726
4.836922,-177.241348,541.287198
-8.293638,-167.333641,545.176054
-21.139908,-156.760619,550.705488
-33.176528,-144.266418,556.952991
-43.562029,-128.147893,562.686584
-50.847813,-106.610844,566.697835
-53.106252,-80.347940,568.130226
-49.481544,-54.876711,566.708203
-41.281658,-34.750566,562.806345
-30.400078,-19.689484,557.341741
-18.116657,-7.798552,551.517818
-5.170051,2.506523,546.489628
7.955881,12.406573,543.049532
20.835813,22.966279,541.433492
32.941406,35.445774,541.312063
43.421754,51.566992,541.965773
50.803312,73.173353,542.579217
53.097248,104.987233,542.544127
49.357585,130.579039,541.697162
41.019392,150.709167,540.386131
30.017784,165.737315,539.342788
17.647885,177.601350,539.431201
4.654542,-172.103459,541.327545
-8.475029,-162.193894,545.243201
-21.314087,-151.603590,550.789978
-33.334599,-139.071899,557.039131
-43.688671,-122.889065,562.756614
-50.917894,-101.270839,566.736768
-53.095408,-74.972774,568.129893
-49.394286,-49.556592,566.669404
-41.145095,-29.510837,562.738548
-30.236893,-14.506895,557.260424
-17.940083,-2.647646,551.440156
-4.987996,7.644343,546.429738
8.137479,17.546172,543.014751
21.010721,28.123094,541.422906
33.100650,40.640139,541.317761
43.549807,56.826174,541.976339
50.874513,78.515086,542.584172
53.085258,110.365005,542.537660
49.268427,135.899842,541.680793
40.880982,155.948533,540.367816
29.853149,170.919442,539.334336
17.470379,-177.248006,539.444031
4.472136,-166.965643,541.368291
-8.656365,-157.054019,545.310672
-21.488113,-146.446194,550.874609
-33.492358,-133.876681,557.125167
-43.814722,-117.629154,562.826303
-50.986984,-95.929823,566.775192
-53.083385,-69.597807,568.128999
-49.306145,-44.237607,566.630120
-41.008032,-24.272096,562.670447
-30.073449,-9.324904,557.179042
-17.763386,2.502964,551.362656
-4.805909,12.782090,546.370165
8.319029,22.685898,542.980331
21.185482,33.280274,541.412612
33.259587,45.835206,541.323609
43.677270,62.086451,541.986892
50.944712,83.857853,542.588994
53.072073,115.742557,542.531029
49.178383,141.219487,541.664330
40.742075,161.186904,540.349552
29.688261,176.100973,539.326107
17.292758,-172.097655,539.457220
4.289706,-161.827896,541.409436
-8.837645,-151.914013,545.378464
-21.661984,-141.288428,550.959377
-33.649803,-128.680760,557.211098
-43.940177,-112.368155,562.895648
-51.055076,-90.587805,566.813105
-53.070184,-64.223059,568.127544
-49.217127,-38.919759,566.590351
-40.870474,-19.034340,562.602047
-29.909748,-4.143507,557.097599
-17.586568,7.653283,551.285322
-4.623790,17.919766,546.310910
8.500532,27.825754,542.946272
21.360096,38.437825,541.402610
33.418216,51.030978,541.329603
43.804137,67.347829,541.997429
51.013905,89.201646,542.593683
53.057694,121.119869,542.524235
49.087458,146.537970,541.647773
40.602677,166.424284,540.331343
29.523123,-178.718088,539.318104
17.115024,-166.947593,539.470768
4.107253,-156.690217,541.450981
-9.018869,-146.773873,545.446576
-21.835699,-136.130287,551.044280
-33.806931,-123.484130,557.296918
-44.065031,-107.106065,562.964646
-51.122167,-85.244793,566.850506
-53.055807,-58.848550,568.125528
-49.127238,-33.603052,566.550101
-40.732424,-13.797562,562.533349
-29.745793,1.037303,557.016097
-17.409631,12.803313,551.208155
-4.441641,23.057375,546.251976
8.681985,32.965742,542.912574
21.534560,43.595750,541.392899
33.576533,56.227463,541.335742
43.930403,72.610312,542.007949
51.082085,94.546455,542.598237
53.042122,126.496920,542.517278
48.995658,151.855289,541.631126
40.462791,171.660681,540.313190
29.357738,-173.537735,539.310330
16.937178,-161.797816,539.484676
3.924778,-151.552601,541.492925
-9.200034,-141.633595,545.515007
-22.009256,-130.971768,551.129314
-33.963739,-118.286786,557.382625
-44.189279,-101.842879,563.033294
-51.188249,-79.900798,566.887394
-53.040255,-53.474300,568.122951
-49.036484,-28.287490,566.509372
-40.593887,-8.561757,562.464357
-29.581586,6.217530,556.934540
-17.232575,17.953058,551.131159
-4.259462,28.194918,546.193363
8.863387,38.105867,542.879236
21.708873,48.754052,541.383476
33.734535,61.424665,541.342022
44.056063,77.873903,542.018449
51.149247,99.892271,542.602655
53.025358,131.873690,542.510158
48.902991,157.171441,541.614388
40.322423,176.896098,540.295096
29.192107,-168.357963,539.302786
16.759222,-156.648320,539.498946
3.742282,-146.415047,541.535267
-9.381140,-136.493178,545.583753
-22.182653,-125.812868,551.214476
-34.120224,-113.088723,557.468215
-44.312915,-96.578594,563.101589
-51.253320,-74.555829,566.923767
-53.023529,-48.100329,568.119814
-48.944870,-22.973075,566.468164
-40.454867,-3.326921,562.395075
-29.417129,11.397178,556.852931
-17.055402,23.102521,551.054336
-4.077256,33.332399,546.135072
9.044738,43.246130,542.846258
21.883033,53.912736,541.374339
33.892219,66.622589,541.348442
44.181113,83.138608,542.028927
51.215386,105.239084,542.606937
53.007405,137.250159,542.502875
48.809460,162.486422,541.597563
40.181576,-177.869457,540.277063
29.026233,-163.178768,539.295475
16.581157,-151.499102,539.513579
3.559766,-141.277552,541.578007
-9.562186,-131.352618,545.652814
-22.355889,-120.653581,551.299763
-34.276383,-107.889934,557.553684
-44.435936,-91.313205,563.169529
-51.317372,-69.209897,566.959624
-53.005631,-42.726657,568.116116
-48.852403,-17.659810,566.426481
-40.315368,1.906953,562.325505
-29.252425,16.576252,556.771275
-16.878114,28.251706,550.977690
-3.895022,38.469820,546.077106
9.226035,48.386535,542.813641
22.057038,59.071806,541.365488
34.049582,71.821242,541.354999
44.305546,88.404430,542.039381
51.280496,110.586884,542.611082
52.988264,142.626305,542.495430
48.715073,167.800230,541.580651
40.040255,-172.635980,540.259093
28.860119,-158.000144,539.288398
16.402983,-146.350160,539.528576
3.377231,-136.140112,541.621145
-9.743170,-126.211912,545.722186
-22.528961,-115.493904,551.385172
-34.432213,-102.690416,557.639029
-44.558334,-86.046708,563.237110
-51.380401,-63.863011,566.994962
-52.986562,-37.353304,568.111859
-48.759088,-12.347698,566.384323
-40.175396,7.139870,562.255650
-29.087476,21.754758,556.689573
-16.700712,33.400617,550.901222
-3.712762,43.607185,546.019465
9.407279,53.527085,542.781382
22.230887,64.231265,541.356920
34.206621,77.020628,541.361692
44.429358,93.671373,542.049810
51.344573,115.935660,542.615087
52.967937,148.002110,542.487824
48.619836,173.112863,541.563654
39.898463,-167.403465,540.241190
28.693766,-152.822087,539.281559
16.224704,-141.201488,539.543939
3.194679,-131.002725,541.664681
-9.924092,-121.071058,545.791869
-22.701869,-110.333834,551.470699
-34.587711,-97.490161,557.724247
-44.680106,-80.779100,563.304330
-51.442402,-58.515182,567.029781
-52.966326,-31.980288,568.107042
-48.664932,-7.036741,566.341694
-40.034953,12.371836,562.185514
-28.922285,26.932700,556.607830
-16.523197,38.549256,550.824935
-3.530478,48.744495,545.962150
9.588467,58.667782,542.749483
22.404578,69.391118,541.348634
34.363333,82.220754,541.368517
44.552543,98.939441,542.060211
51.407610,121.285401,542.618953
52.946426,153.377553,542.480056
48.523753,178.424319,541.546574
39.756206,-162.171906,540.223354
28.527178,-147.644592,539.274960
16.046320,-136.053084,539.559668
3.012110,-125.865389,541.708614
-10.104949,-115.930052,545.861860
-22.874609,-105.173365,551.556342
-34.742874,-92.289165,557.809333
-44.801247,-75.510378,563.371185
-51.503370,-53.166422,567.064079
-52.944922,-26.607630,568.101667
-48.569939,-1.726941,566.298595
-39.894044,17.602855,562.115099
-28.756854,32.110084,556.526049
-16.345571,43.697627,550.748833
-3.348169,53.881755,545.905164
9.769598,63.808630,542.717943
22.578108,74.551369,541.340627
34.519715,87.421625,541.375473
44.675096,104.208639,542.070581
51.469603,126.636097,542.622678
52.923733,158.752615,542.472127
48.426832,-176.265404,541.529413
39.613488,-156.941298,540.205590
28.360357,-142.467654,539.268602
15.867833,-130.904945,539.575766
2.829526,-120.728099,541.752944
-10.285741,-110.788891,545.932157
-23.047182,-100.012495,551.642097
-34.897699,-87.087422,557.894285
-44.921750,-70.240537,563.437674
-51.563300,-47.816742,567.097855
-52.922355,-21.235349,568.095732
-48.474115,3.581700,566.255028
-39.752673,22.832934,562.044409
-28.591185,37.286912,556.444234
-16.167836,48.845734,550.672918
-3.165838,59.018965,545.848506
9.950672,68.949631,542.686761
22.751477,79.712021,541.332900
34.675763,92.623246,541.382557
44.797011,109.478970,542.080920
51.530547,131.987736,542.626261
52.899860,164.127276,542.464037
48.329079,-170.956308,541.512173
39.470312,-151.711634,540.187898
28.193304,-137.291267,539.262488
15.689243,-125.757067,539.592232
2.646927,-115.590855,541.797670
-10.466467,-105.647572,546.002758
-23.219584,-94.851218,551.727961
-35.052182,-81.884927,557.979099
-45.041611,-64.969574,563.503792
-51.622187,-42.466152,567.131108
-52.898624,-15.863465,568.089239
-48.377468,8.889180,566.210996
-39.610844,28.062077,561.973447
-28.425280,42.463192,556.362387
-15.989992,53.993579,550.597192
-2.983485,64.156131,545.792179
10.131687,74.090789,542.655937
22.924683,84.873079,541.325449
34.831475,97.825623,541.389767
44.918284,114.750437,542.091226
51.590436,137.340306,542.629701
52.874809,169.501515,542.455788
48.230499,-165.648394,541.494854
39.326682,-146.482910,540.170282
28.026023,-132.115429,539.256620
15.510554,-120.609447,539.609068
2.464316,-110.453653,541.842792
-10.647125,-100.506093,546.073661
-23.391814,-89.689532,551.813931
-35.206321,-76.681674,558.063772
-45.160825,-59.697487,563.569538
-51.680027,-37.114666,567.163835
-52.873734,-10.491995,568.082189
-48.280001,14.195497,566.166499
-39.468561,33.290291,561.902217
-28.259142,47.638927,556.280512
-15.812041,59.141167,550.521658
-2.801112,69.293253,545.736184
10.312641,79.232107,542.625471
23.097723,90.034547,541.318272
34.986847,103.028762,541.397100
45.038909,120.023044,542.101495
51.649266,142.693796,542.632998
52.848584,174.875315,542.447379
48.131098,-160.341664,541.477460
39.182604,-141.255120,540.152744
27.858515,-126.940132,539.251000
15.331765,-115.462081,539.626276
2.281692,-105.316489,541.888310
-10.827715,-95.364450,546.144863
-23.563870,-84.527431,551.900003
-35.360113,-71.477658,558.148300
-45.279386,-54.424270,563.634909
-51.736813,-31.762295,567.196036
-52.847686,-5.120960,568.074581
-48.181722,19.500651,566.121542
-39.325829,38.517581,561.830720
-28.092773,52.814121,556.198612
-15.633985,64.288500,550.446319
-2.618720,74.430335,545.680521
10.493534,84.373587,542.595362
23.270596,95.196429,541.311369
35.141876,108.232669,541.404555
45.158880,125.296795,542.111727
51.707031,148.048193,542.636151
52.821186,-179.751344,542.438811
48.030882,-155.036118,541.459991
39.038080,-136.028258,540.135286
27.690783,-121.765374,539.245630
15.152878,-110.314965,539.643856
2.099058,-100.179362,541.934222
-11.008234,-90.222640,546.216363
-23.735750,-79.364912,551.986175
-35.513553,-66.272873,558.232679
-45.397288,-49.149922,563.699901
-51.792543,-26.409051,567.227710
-52.820482,0.249623,568.066415
-48.082635,24.804640,566.076125
-39.182650,43.743953,561.758961
-27.926175,57.988781,556.116692
-15.455824,69.435583,550.371177
-2.436309,79.567380,545.625192
10.674365,89.515232,542.565609
23.443300,100.358729,541.304737
35.296559,113.437348,541.412129
45.278192,130.571692,542.121918
51.763727,153.403485,542.639158
52.792618,-174.378482,542.430084
47.929857,-149.731758,541.442449
38.893115,-130.802317,540.117911
27.522829,-116.591148,539.240513
14.973895,-105.168098,539.661810
1.916413,-95.042269,541.980529
-11.188682,-85.080661,546.288159
-23.907454,-74.201971,552.072443
-35.666640,-61.067313,558.316906
-45.514527,-43.874440,563.764512
-51.847211,-21.054946,567.258854
-52.792126,5.619735,568.057694
-47.982748,30.107463,566.030251
-39.039030,48.969411,561.686943
-27.759351,63.162910,556.034753
-15.277560,74.582417,550.296234
-2.253881,84.704390,545.570197
10.855132,94.657046,542.536212
23.615834,105.521452,541.298375
35.450892,118.642806,541.419819
45.396840,135.847740,542.132068
51.819349,158.759659,542.642019
52.762882,-169.006117,542.421200
47.828029,-144.428583,541.424837
38.747713,-125.577294,540.100620
27.354655,-111.417451,539.235651
14.794817,-100.021475,539.680138
1.733760,-89.905207,542.027229
-11.369058,-79.938509,546.360248
-24.078977,-69.038603,552.158803
-35.819369,-55.860974,558.400978
-45.631098,-38.597820,563.828740
-51.900812,-15.699995,567.289469
-52.762620,10.989357,568.048417
-47.882064,35.409120,565.983921
-38.894972,54.193963,561.614669
-27.592302,68.336512,555.952800
-15.099196,79.729007,550.221495
-2.071436,89.841368,545.515539
11.035833,99.799032,542.507171
23.788195,110.684600,541.292280
35.604873,123.849048,541.427624
45.514818,141.124941,542.142175
51.873892,164.116703,542.644733
52.731983,-163.634267,542.412158
47.725405,-139.126595,541.407155
38.601878,-120.353181,540.083418
27.186264,-106.244278,539.231046
14.615645,-94.875093,539.698841
1.551099,-84.768172,542.074323
-11.549360,-74.796181,546.432628
-24.250320,-63.874805,552.245254
-35.971738,-50.653849,558.484891
-45.746994,-33.320059,563.892581
-51.953342,-10.344210,567.319552
-52.731966,16.358471,568.038584
-47.780592,40.709611,565.937139
-38.750480,59.417613,561.542142
-27.425030,73.509594,555.870835
-14.920730,84.875355,550.146960
-1.888977,94.978317,545.461219
11.216469,104.941193,542.478485
23.960381,115.848180,541.286452
35.758498,129.056080,541.435540
45.632121,146.403298,542.152236
51.927352,169.474602,542.647298
52.699921,-158.262952,542.402959
47.621989,-133.825793,541.389406
38.455614,-115.129973,540.066305
27.017658,-101.071624,539.226700
14.436382,-89.728948,539.717922
1.368431,-79.631163,542.121809
-11.729587,-69.653675,546.505297
-24.421480,-58.710572,552.331790
-36.123742,-45.445932,558.568641
-45.862210,-28.041156,563.956033
-52.004797,-4.987604,567.349102
-52.700168,21.727059,568.028196
-47.678335,46.008933,565.889907
-38.605558,64.640366,561.469365
-27.257539,78.682158,555.788863
-14.742167,90.021466,550.072632
-1.706504,100.115239,545.407236
11.397037,110.083531,542.450154
24.132391,121.012194,541.280887
35.911763,134.263907,541.443567
45.748742,151.682815,542.162249
51.979723,174.833343,542.649715
52.666702,-152.892189,542.393604
47.517788,-128.526178,541.371592
38.308925,-109.907664,540.049284
26.848838,-95.899484,539.222615
14.257027,-84.583038,539.737380
1.185758,-74.494177,542.169688
-11.909738,-64.510986,546.578253
-24.592455,-53.545900,552.418409
-36.275380,-40.237219,558.652226
-45.976741,-22.761107,564.019093
-52.055171,0.369809,567.378119
-52.667229,27.095104,568.017255
-47.575300,51.307089,565.842226
-38.460209,69.862230,561.396342
-27.089830,83.854211,555.706886
-14.563505,95.167342,549.998514
-1.524018,105.252138,545.353593
11.577536,115.226050,542.422176
24.304222,126.176647,541.275585
36.064665,139.472536,541.451701
45.864677,156.963493,542.172213
52.031001,-179.807087,542.651983
52.632326,-147.521996,542.384094
47.412808,-123.227749,541.353715
38.161814,-104.686249,540.032359
26.679807,-90.727854,539.218793
14.077583,-79.437359,539.757216
1.003081,-69.357210,542.217958
-12.089812,-59.368113,546.651493
-24.763243,-48.380784,552.505108
-36.426647,-35.027704,558.735642
-46.090582,-17.479910,564.081759
-52.104462,5.728014,567.406600
-52.633150,32.462587,568.005760
-47.471492,56.604077,565.794099
-38.314438,75.083208,561.323076
-26.921905,89.025756,555.624908
-14.384748,100.312986,549.924609
-1.341520,110.389016,545.300290
11.757965,120.368752,542.394552
24.475874,131.341543,541.270543
36.217202,144.681972,541.459940
45.979920,162.245335,542.182125
52.081182,-174.446703,542.654100
52.596799,-142.152392,542.374428
47.307055,-117.930506,541.335775
38.014286,-99.465721,540.015530
26.510567,-85.556729,539.215236
13.898050,-74.291908,539.777432
0.820400,-64.220261,542.266618
-12.269807,-54.225051,546.725016
-24.933842,-43.215222,552.591884
-36.577540,-29.817381,558.818885
-46.203726,-12.197562,564.144027
-52.152663,11.086999,567.434546
-52.597937,37.829492,567.993712
-47.366918,61.899899,565.745528
-38.168248,80.303307,561.249570
-26.753766,94.196797,555.542932
-14.205895,105.458403,549.850919
-1.159011,115.525876,545.247328
11.938323,125.511642,542.367280
24.647343,136.506887,541.265760
36.369368,149.892221,541.468281
46.094466,167.528345,542.191985
52.130261,-169.085520,542.656066
52.560123,-136.783394,542.364609
47.200534,-112.634449,541.317776
37.866344,-94.246076,539.998801
26.341121,-80.386105,539.211947
13.718431,-69.146682,539.798028
0.637717,-59.083326,542.315669
-12.449722,-49.081799,546.798818
-25.104251,-38.049207,552.678732
-36.728055,-24.606244,558.901951
-46.316169,-6.914062,564.205896
-52.199773,16.446748,567.461954
-52.561591,43.195801,567.981112
-47.261583,67.194553,565.696515
-38.021643,85.522533,561.175827
-26.585415,99.367340,555.460961
-14.026950,110.603594,549.777446
-0.976493,120.662720,545.194708
12.118608,130.654722,542.340360
24.818628,141.672683,541.261234
36.521162,155.103289,541.476723
46.208307,172.812524,542.201789
52.178235,-163.723551,542.657880
52.522301,-131.415019,542.354636
47.093251,-107.339577,541.299719
37.717992,-89.027306,539.982174
26.171470,-75.215976,539.208928
13.538726,-64.001677,539.819006
0.455033,-53.946402,542.365108
-12.629556,-43.938352,546.872898
-25.274467,-32.882736,552.765651
-36.878190,-19.394288,558.984838
-46.427905,-1.629408,564.267362
-52.245785,21.807246,567.488824
-52.524116,48.561497,567.967960
-47.155492,72.488041,565.647063
-37.874627,90.740891,561.101850
-26.416855,104.537390,555.378999
-13.847912,115.748563,549.704193
-0.793967,125.799552,545.142432
12.298820,135.797995,542.313792
24.989727,146.838935,541.256962
36.672579,160.315180,541.485264
46.321440,178.097875,542.211536
52.225097,-158.360812,542.659542
52.483338,-126.047284,542.344510
46.985213,-102.045889,541.281605
37.569234,-83.809407,539.965651
26.001617,-70.046340,539.206180
13.358937,-58.856891,539.840366
0.272348,-48.809488,542.414937
-12.809307,-38.794707,546.947253
-25.444488,-27.715806,552.852635
-37.027941,-14.181507,559.067543
-46.538928,3.656403,564.328424
-52.290696,27.168479,567.515154
-52.485516,53.926564,567.954258
-47.048652,77.780364,565.597175
-37.727203,95.958386,561.027644
-26.248088,109.706949,555.297049
-13.668783,120.893314,549.631162
-0.611433,130.936374,545.090499
12.478956,140.941464,542.287574
25.160638,152.005647,541.252943
36.823616,165.527901,541.493900
46.433858,-176.615601,542.221225
52.270846,-152.997318,542.661050
52.443236,-120.680207,542.334232
46.876425,-96.753384,541.263438
37.420073,-78.592373,539.949235
25.831563,-64.877190,539.203706
13.179064,-53.712319,539.862110
0.089665,-43.672579,542.465153
-12.988975,-33.650863,547.021881
-25.614314,-22.548410,552.939683
-37.177303,-8.967895,559.150060
-46.649233,8.943372,564.389078
-52.334503,32.530432,567.540944
-52.445795,59.290984,567.940006
-46.941068,83.071523,565.546851
-37.579375,101.175025,560.953210
-26.079115,114.876023,555.215114
-13.489564,126.037850,549.558355
-0.428892,136.073188,545.038912
12.659016,146.085132,542.261706
25.331360,157.172825,541.249176
36.974269,170.741458,541.502629
46.545556,-171.327901,542.230853
52.315475,-147.633084,542.662404
