52.907201,-136.474334,542.660892
51.572255,-109.692790,542.132927
44.879227,-87.123008,540.942138
34.776623,-70.214491,539.684219
22.856689,-57.270099,539.206123
10.052070,-46.489009,540.300021
-3.072890,-36.549241,543.395190
-16.085991,-26.374190,548.354900
-28.522227,-14.820672,554.453571
-39.698840,-0.380512,560.545937
-48.439850,18.848437,565.372200
-52.914312,43.646784,567.900861
-51.583890,70.234547,567.606853
-44.965549,92.681409,564.608940
-34.958696,109.547210,559.631645
-23.122136,122.482063,553.802045
-10.372816,133.260465,548.335656
2.732367,143.194723,544.201260
15.763985,153.358592,541.868620
28.255796,164.896854,541.221959
39.518749,179.328856,541.666479
48.359806,-161.407219,542.386295
52.930716,-131.099570,542.659326
51.512034,-104.340452,542.120011
44.757706,-81.851818,540.923329
34.620715,-65.012281,539.670190
22.683313,-52.109102,539.209013
9.870904,-41.347824,540.328914
-3.255360,-31.411958,543.452345
-16.263894,-21.226107,548.434091
-28.688088,-9.643972,554.541175
-39.840445,4.849308,560.624441
-48.535991,24.156742,565.424953
-52.937281,49.018951,567.916597
-51.524330,75.584495,567.582692
-44.845319,97.951570,564.551093
-34.804082,114.749150,559.553643
-22.949744,127.643010,553.720964
-10.192180,138.401604,548.267367
2.914830,148.331892,544.156125
15.942414,158.506481,541.849011
28.422668,170.073346,541.222439
39.661710,-175.441260,541.676513
48.457275,-156.097830,542.394502
52.953051,-125.724411,542.657596
51.450760,-98.989048,542.106962
44.635543,-76.581764,540.904504
34.464472,-59.810826,539.656313
22.509773,-46.948509,539.212213
9.689680,-36.206794,540.358203
-3.437809,-26.274627,543.509869
-16.441687,-16.077760,548.513506
-28.853711,-4.466720,554.628777
-39.981589,10.080067,560.702694
-48.631303,29.466206,565.477252
-52.959087,54.391500,567.931776
-51.463732,80.933525,567.558000
-44.724451,103.220610,564.492859
-34.649129,119.950341,559.475478
-22.777182,132.803555,553.639960
-10.011478,143.542588,548.199346
3.097279,153.469106,544.111347
16.120741,163.654633,541.829734
28.589308,175.250392,541.223130
39.804213,-170.210429,541.686597
48.553911,-150.787260,542.402615
52.974203,-120.348874,542.655702
51.388438,-93.638591,542.093778
44.512743,-71.312841,540.885666
34.307895,-54.610120,539.642593
22.336072,-41.788317,539.215726
9.508399,-31.065916,540.387889
-3.620233,-21.137247,543.567760
-16.619370,-10.929147,548.593142
-29.019095,0.711089,554.716372
-40.122268,15.311770,560.780693
-48.725780,34.776828,565.529095
-52.979727,59.764413,567.946399
-51.402099,86.281627,567.532779
-44.602950,108.488535,564.434243
-34.493840,125.150789,559.397154
-22.604454,137.963700,553.559037
-9.830712,148.683419,548.131594
3.279712,158.606370,544.066928
16.298964,168.803050,541.810788
28.755715,-179.572003,541.224032
39.946254,-164.978646,541.696728
48.649706,-145.475512,542.410633
52.994171,-114.972981,542.653645
51.325072,-88.289090,542.080463
44.389313,-66.045046,540.866818
34.150988,-49.410157,539.629032
22.162210,-36.628521,539.219555
9.327061,-25.925188,540.417971
-3.802634,-15.999814,543.626017
-16.796941,-5.780263,548.672997
-29.184237,5.889461,554.803957
-40.262478,20.544423,560.858433
-48.819417,40.088606,565.580480
-52.999198,65.137669,567.960465
-51.339436,91.628789,567.507030
-44.480822,113.755348,564.375246
-34.338219,130.350500,559.318675
-22.431561,143.123450,553.478198
-9.649882,153.824100,548.064114
3.462128,163.743685,544.022867
16.477082,173.951736,541.792173
28.921886,-174.393836,541.225141
40.087829,-159.745905,541.706903
48.744655,-140.162587,542.418554
53.012953,-109.596752,542.651423
51.260669,-82.940558,542.067016
44.265257,-60.778376,540.847961
33.993755,-44.210932,539.615631
21.988192,-31.469118,539.223699
9.145669,-20.784606,540.448451
-3.985009,-10.862325,543.684639
-16.974397,-0.631107,548.753068
-29.349134,11.068400,554.891530
-40.402214,25.778031,560.935912
-48.912207,45.401537,565.631404
-53.017500,70.511250,567.973974
-51.275750,96.975001,567.480754
-44.358071,119.021051,564.315871
-34.182268,135.549478,559.240043
-22.258503,148.282808,553.397445
-9.468991,158.964634,547.996907
3.644526,168.881054,543.979166
16.655093,179.100695,541.773885
29.087818,-169.215100,541.226456
40.228932,-154.512200,541.717121
48.838753,-134.848487,542.426376
53.030546,-104.220206,542.649036
51.195233,-77.593005,542.053440
44.140580,-55.512826,540.829097
33.836198,-39.012439,539.602394
21.814016,-26.310103,539.228162
8.964222,-15.644168,540.479328
-4.167357,-5.724779,543.743624
-17.151739,4.518327,548.833352
-29.513785,16.247910,554.979085
-40.541472,31.012600,561.013127
-49.004145,50.715619,565.681866
-53.034631,75.885135,567.986925
-51.211044,102.320253,567.453953
-44.234702,124.285650,564.256121
-34.025991,140.747729,559.161262
-22.085285,153.441779,553.316782
-9.288039,164.105023,547.929975
3.826905,174.018480,543.935824
16.832997,-175.750070,541.755926
29.253510,-164.035792,541.227975
40.369561,-149.277527,541.727379
48.931993,-129.533215,542.434099
53.046950,-98.843363,542.646485
51.128769,-72.246440,542.039735
44.015288,-50.248391,540.810229
33.678321,-33.814672,539.589322
21.639687,-21.151472,539.232945
8.782723,-10.503870,540.510603
-4.349678,-0.587171,543.802970
-17.328965,9.668041,548.913846
-29.678186,21.427997,555.066621
-40.680249,36.248135,561.090075
-49.095225,56.030849,565.731863
-53.050588,81.259306,567.999318
-51.145324,107.664533,567.426628
-44.110721,129.549148,564.195999
-33.869390,145.945259,559.082335
-21.911905,158.600366,553.236211
-9.107027,169.245272,547.863321
4.009264,179.155966,543.892841
17.010791,-170.600556,541.738293
29.418958,-158.855905,541.229695
40.509710,-144.041878,541.737675
49.024369,-124.216773,542.441721
53.062161,-93.466244,542.643768
51.061283,-66.900876,542.025902
43.889386,-44.985069,540.791359
33.520126,-28.617627,539.576419
21.465205,-15.993222,539.238049
8.601173,-5.363710,540.542276
-4.531970,4.550500,543.862678
-17.506072,14.818038,548.994548
-29.842336,26.608665,555.154133
-40.818539,41.484642,561.166751
-49.185442,61.347224,565.781393
-53.065370,86.633741,568.011152
-51.078596,113.007833,567.398781
-43.986132,134.811549,564.135508
-33.712469,151.142073,559.003267
-21.738368,163.758574,553.155737
-8.925957,174.385382,547.796945
4.191601,-175.706485,543.850219
17.188475,-165.450759,541.720985
29.584161,-153.675435,541.231614
40.649376,-138.805249,541.748007
49.115875,-118.899164,542.449240
53.076180,-88.088870,542.640887
50.992780,-61.556320,542.011943
43.762879,-39.722855,540.772489
33.361617,-23.421297,539.563686
21.290572,-10.835348,539.243477
8.419572,-0.223684,540.574349
-4.714232,9.688238,543.922744
-17.683060,19.968323,549.075455
-30.006232,31.789921,555.241618
-40.956339,46.722125,561.243153
-49.274788,66.664741,565.830455
-53.078976,92.008421,568.022427
-51.010863,118.350142,567.370412
-43.860942,140.072856,564.074649
-33.555230,156.338177,558.924059
-21.564674,168.916406,553.075362
-8.744829,179.525357,547.730851
4.373916,-170.568872,543.807957
17.366046,-160.300675,541.704002
29.749116,-148.494378,541.233731
40.788554,-133.567635,541.758372
49.206506,-113.580392,542.456654
53.089004,-82.711261,542.637840
50.923267,-56.212783,541.997858
43.635772,-34.461744,540.753621
33.202796,-18.225678,539.551127
21.115789,-5.677846,539.249231
8.237922,4.916210,540.606820
-4.896463,14.826045,543.983168
-17.859927,25.118898,549.156564
-30.169872,36.971767,555.329073
-41.093644,51.960591,561.319278
-49.363260,71.983396,565.879045
-53.091405,97.383326,568.033142
-50.942133,123.691452,567.341523
-43.735154,145.333075,564.013427
-33.397676,161.533575,558.844716
-21.390825,174.073866,552.995089
-8.563646,-175.334801,547.665040
4.556207,-165.431189,543.766056
17.543503,-155.150302,541.687340
29.913820,-143.312728,541.236042
40.927239,-128.329029,541.768769
49.296254,-108.260458,542.463963
53.100632,-77.333437,542.634627
50.852747,-50.870274,541.983650
43.508071,-29.201732,540.734757
33.043667,-13.030763,539.538742
20.940859,-0.520714,539.255310
8.056225,10.055976,540.639690
-5.078662,19.963924,544.043949
-18.036672,30.269767,549.237872
-30.333253,42.154210,555.416493
-41.230450,57.200045,561.395123
-49.450850,77.303186,565.927163
-53.102655,102.758435,568.043298
-50.872409,129.031752,567.312117
-43.608774,150.592210,563.951844
-33.239811,166.728274,558.765241
-21.216822,179.230958,552.914920
-8.382407,-170.195088,547.599514
4.738473,-160.293436,543.724516
17.720846,-149.999636,541.671001
30.078272,-138.130480,541.238547
41.065428,-123.089426,541.779194
49.385116,-102.939368,542.471165
53.111064,-71.955420,542.631250
50.781227,-45.528801,541.969319
43.379780,-23.942814,540.715900
32.884232,-7.836547,539.526535
20.765783,4.636054,539.261719
7.874480,15.195615,540.672960
-5.260827,25.101879,544.105084
-18.213293,35.420935,549.319376
-30.496372,47.337254,555.503876
-41.366752,62.440491,561.470684
-49.537553,82.624108,565.974805
-53.112725,108.133729,568.052894
-50.801698,134.371035,567.282193
-43.481807,155.850264,563.889902
-33.081636,171.922278,558.685638
-21.042668,-175.612314,552.834860
-8.201115,-165.055502,547.534274
4.920714,-155.155609,543.683337
17.898072,-144.848672,541.654982
30.242468,-132.947629,541.241241
41.203115,-117.848822,541.789646
49.473083,-97.617125,542.478258
53.120297,-66.577229,542.627706
50.708711,-40.188375,541.954866
43.250905,-18.684987,540.697052
32.724494,-2.643025,539.514509
20.590563,9.792461,539.268457
7.692690,20.335132,540.706629
-5.442958,30.239911,544.166573
-18.389789,40.572403,549.401074
-30.659228,52.520904,555.591218
-41.502547,67.681935,561.545958
-49.623363,87.946156,566.021971
-53.121614,113.509187,568.061929
-50.730004,139.709291,567.251753
-43.354257,161.107242,563.827605
-32.923156,177.115593,558.605909
-20.868364,-170.455946,552.754911
-8.019770,-159.916040,547.469323
5.102928,-150.017706,543.642519
18.075179,-139.697408,541.639281
30.406406,-127.764170,541.244125
41.340297,-112.607209,541.800123
49.560152,-92.293732,542.485241
53.128332,-61.198887,542.623997
50.635207,-34.849002,541.940294
43.121450,-13.428245,540.678215
32.564457,2.549808,539.502665
20.415201,14.948511,539.275528
7.510856,25.474528,540.740698
-5.625054,35.378023,544.228413
-18.566158,45.724176,549.482962
-30.821818,57.705166,555.678515
-41.637829,72.924383,561.620942
-49.708275,93.269327,566.068657
-53.129322,118.884789,568.070404
-50.657334,145.046512,567.220800
-43.226130,166.363148,563.764955
-32.764372,-177.691775,558.526058
-20.693911,-165.299935,552.675077
-7.838374,-154.776698,547.404662
5.285114,-144.879723,543.602063
18.252167,-134.545840,541.623898
30.570083,-122.580098,541.247194
41.476968,-107.364584,541.810622
49.646314,-86.969194,542.492112
53.135167,-55.820414,542.620121
50.560719,-29.510692,541.925602
42.991421,-8.172584,540.659392
32.404122,7.741958,539.491006
20.239697,20.104208,539.282931
7.328978,30.613807,540.775167
-5.807113,40.516219,544.290605
-18.742399,50.876257,549.565039
-30.984139,62.890044,555.765764
-41.772594,78.167839,561.695632
-49.792282,98.593615,566.114863
-53.135848,124.260514,568.078318
-50.583692,150.382691,567.189335
-43.097431,171.617988,563.701955
-32.605289,-172.499823,558.446089
-20.519312,-160.144276,552.595359
-7.656927,-149.637474,547.340294
5.467270,-139.741658,543.561969
18.429034,-129.393965,541.608832
30.733497,-117.395408,541.250447
41.613125,-102.120940,541.821141
49.731566,-81.643516,542.498871
53.140802,-50.441831,542.616080
50.485253,-24.173451,541.910794
42.860822,-2.917999,540.640584
32.243494,12.933431,539.479534
20.064054,25.259555,539.290670
7.147059,35.752973,540.810037
-5.989134,45.654501,544.353145
-18.918510,56.028651,549.647299
-31.146188,68.075543,555.852962
-41.906838,83.412308,561.770027
-49.875380,103.919017,566.160585
-53.141191,129.636342,568.085670
-50.509084,155.717820,567.157358
-42.968164,176.871765,563.638609
-32.445907,-167.308543,558.366005
-20.344567,-154.988966,552.515761
-7.475431,-144.498365,547.276219
5.649396,-134.603508,543.522236
18.605778,-124.241778,541.594080
30.896646,-112.210094,541.253883
41.748762,-96.876272,541.831678
49.815900,-76.316702,542.505516
53.145236,-45.063159,542.611873
50.408815,-18.837288,541.895869
42.729658,2.335514,540.621794
32.082574,18.124231,539.468252
19.888274,30.414557,539.298745
6.965098,40.892026,540.845306
-6.171116,50.792872,544.416032
-19.094490,61.181359,549.729742
-31.307964,73.261669,555.940105
-42.040556,88.657797,561.844122
-49.957562,109.245526,566.205823
-53.145350,135.012251,568.092462
-50.433515,161.051890,567.124873
-42.838334,-177.875516,563.574919
-32.286231,-162.117931,558.285809
-20.169679,-149.834001,552.436287
-7.293887,-139.359369,547.212439
5.831491,-129.465270,543.482865
18.782398,-119.089277,541.579642
31.059527,-107.024153,541.257498
41.883875,-91.630575,541.842230
49.899310,-70.988758,542.512045
53.148468,-39.684419,542.607501
50.331410,-13.502210,541.880829
42.597935,7.587961,540.603024
31.921365,23.314364,539.457162
19.712357,35.569216,539.307158
6.783098,46.030972,540.880976
-6.353058,55.931335,544.479265
-19.270337,66.334387,549.812364
-31.469463,78.448427,556.027189
-42.173744,93.904309,561.917914
-50.038822,114.573138,566.250574
-53.148326,140.388223,568.098692
-50.356992,166.384895,567.091879
-42.707946,-172.623849,563.510887
-32.126262,-156.927982,558.205505
-19.994648,-144.679378,552.356939
-7.112296,-134.220482,547.148957
6.013554,-124.326942,543.443857
18.958892,-113.936457,541.565516
31.222136,-101.837578,541.261290
42.018459,-86.383845,541.852797
49.981792,-65.659688,542.518457
53.150499,-34.305633,542.602962
50.253044,-8.168224,541.865676
42.465657,12.839347,540.584276
31.759871,28.503835,539.446266
19.536306,40.723538,539.315911
6.601059,51.169811,540.917046
-6.534960,61.069893,544.542842
-19.446049,71.487738,549.895162
-31.630683,83.635821,556.114211
-42.306396,99.151850,561.991401
-50.119155,119.901847,566.294837
-53.150117,145.764235,568.104360
-50.279520,171.716829,567.058380
-42.577004,-167.373231,563.446517
-31.966004,-151.738691,558.125096
-19.819478,-139.525093,552.277719
-6.930660,-129.081701,547.085774
6.195582,-119.188520,543.405210
19.135258,-108.783315,541.551701
31.384472,-96.650364,541.265257
42.152510,-81.136075,541.863375
50.063339,-60.329498,542.524751
53.151328,-28.926820,542.598258
50.173724,-2.835336,541.850411
42.332829,18.089676,540.565553
31.598093,33.692650,539.435566
19.360123,45.877525,539.325006
6.418983,56.308548,540.953517
-6.716818,66.208548,544.606762
-19.621626,76.641415,549.978133
-31.791622,88.823857,556.201168
-42.438509,104.400424,562.064579
-50.198555,125.231646,566.338609
-53.150724,151.140268,568.109467
-50.201103,177.047684,567.024376
-42.445515,-162.123657,563.381813
-31.805460,-146.550051,558.044586
-19.644168,-134.371141,552.198632
-6.748979,-123.943024,547.022892
6.377576,-114.050002,543.366925
19.311496,-103.629847,541.538196
31.546532,-91.462506,541.269398
42.286023,-75.887260,541.873961
50.143945,-54.998195,542.530926
53.150955,-23.548004,542.593387
50.093453,2.496446,541.835035
42.199455,23.338953,540.546857
31.436036,38.880814,539.425066
19.183808,51.031181,539.334443
6.236870,61.447185,540.990389
-6.898634,71.347303,544.671022
-19.797065,81.795422,550.061274
-31.952276,94.012540,556.288055
-42.570078,109.650038,562.137445
-50.277017,130.562531,566.381889
-53.150147,156.516300,568.114012
-50.121749,-177.622547,566.989870
-42.313481,-156.875121,563.316775
-31.644631,-141.362059,557.963978
-19.468721,-129.217520,552.119679
-6.567254,-118.804448,546.960312
6.559534,-108.911384,543.329003
19.487604,-98.476050,541.524998
31.708313,-86.273999,541.273709
42.418993,-70.637396,541.884555
50.223604,-49.665783,542.536980
53.149381,-18.169203,542.588352
50.012240,7.827117,541.819550
42.065541,28.587184,540.528190
31.273701,44.068332,539.414767
19.007363,56.184511,539.344224
6.054722,66.585725,541.027661
-7.080405,76.486162,544.735622
-19.972365,86.949763,550.144582
-32.112643,99.201875,556.374870
-42.701097,114.900694,562.209996
-50.354535,135.894494,566.424675
-53.148385,161.892312,568.117995
-50.041462,-172.293868,566.954862
-42.180908,-151.627619,563.251409
-31.483521,-136.174709,557.883275
-19.293139,-124.064225,552.040864
-6.385487,-113.665969,546.898035
6.741455,-103.772664,543.291443
19.663579,-93.321919,541.512107
31.869813,-81.084837,541.278188
42.551415,-65.386477,541.895154
50.302311,-44.332271,542.542912
53.146604,-12.790441,542.583150
49.930088,13.156671,541.803958
41.931092,33.834374,540.509555
31.111090,49.255209,539.404672
18.830790,61.337517,539.354351
5.872540,71.724171,541.065333
-7.262130,81.625127,544.800559
-20.147525,92.104441,550.228054
-32.272720,104.391868,556.461609
-42.831563,120.152399,562.282229
-50.431103,141.227529,566.466965
-53.145440,167.268282,568.121416
-49.960249,-166.966287,566.919355
-42.047800,-146.381146,563.185716
-31.322133,-130.987996,557.802481
-19.117422,-118.911253,551.962189
-6.203679,-108.527586,546.836065
6.923337,-98.633840,543.254245
19.839421,-88.167452,541.499521
32.031028,-75.895016,541.282834
42.683285,-60.134499,541.905756
50.380060,-38.997663,542.548720
53.142626,-7.411737,542.577783
49.847005,18.485102,541.788259
41.796111,39.080527,540.490953
30.948208,54.441451,539.394783
18.654091,66.490203,539.364825
5.690325,76.862525,541.103406
-7.443809,86.764200,544.865832
-20.322542,97.259461,550.311687
-32.432505,109.582523,556.548268
-42.961470,125.405157,562.354141
-50.506716,146.561628,566.508758
-53.141310,172.644190,568.124276
-49.878115,-161.639808,566.883350
-41.914163,-141.135697,563.119699
-31.160468,-125.801914,557.721599
-18.941573,-113.758601,551.883659
-6.021831,-103.389295,546.774401
7.105181,-93.494908,543.217409
20.015127,-83.012644,541.487238
32.191956,-70.704530,541.287643
42.814598,-54.881456,541.916358
50.456845,-33.661967,542.554404
53.137447,-2.033113,542.572251
49.762996,23.812405,541.772456
41.660604,44.325649,540.472387
30.785056,59.627062,539.385103
18.477266,71.642574,539.375648
5.508078,82.000791,541.141879
-7.625439,91.903386,544.931439
-20.497416,102.414826,550.395478
-32.591994,114.773847,556.634844
-43.090814,130.658973,562.425729
-50.581368,151.896785,566.550051
-53.135997,178.020015,568.126573
-49.795065,-156.314438,566.846850
-41.780000,-135.891267,563.053363
-30.998530,-120.616459,557.640633
-18.765593,-108.606264,551.805274
-5.839944,-98.251093,546.713046
7.286983,-88.355865,543.180935
20.190697,-77.857492,541.475257
32.352594,-65.513373,541.292615
42.945349,-49.627344,541.926959
50.532661,-28.325191,542.559962
53.131067,3.345410,542.566554
49.678066,29.138575,541.756549
41.524575,49.569746,540.453860
30.621636,64.812048,539.375633
18.300319,76.794632,539.386820
5.325801,87.138971,541.180753
-7.807021,97.042686,544.997378
-20.672144,107.570539,550.479424
-32.751186,119.965843,556.721334
-43.219589,135.913851,562.496989
-50.655053,157.232993,566.590843
-53.129501,-176.604263,568.128309
-49.711105,-150.990181,566.809855
-41.645316,-130.647850,562.986709
-30.836321,-115.431626,557.559586
-18.589483,-103.454240,551.727039
-5.658019,-93.112978,546.652001
7.468745,-83.216709,543.144822
20.366129,-72.701992,541.463577
32.512940,-60.321541,541.297746
43.075532,-44.372157,541.937556
50.607501,-22.987341,542.565393
53.123488,8.723810,542.560692
49.592223,34.463606,541.740540
41.388029,54.812822,540.435374
30.457953,69.996414,539.366376
18.123249,81.946381,539.398345
5.143494,92.277068,541.220027
-7.988552,102.182103,545.063648
-20.846726,112.726604,550.563523
-32.910077,125.158518,556.807733
-43.347792,141.169797,562.567920
-50.727767,162.570242,566.631133
-53.121823,-171.228665,568.129483
-49.626242,-145.667041,566.772368
-41.510116,-125.405442,562.919740
-30.673843,-110.247409,557.478461
-18.413244,-98.302524,551.648956
-5.476057,-87.974947,546.591268
7.650463,-78.077436,543.109072
20.541420,-67.546139,541.452196
32.672990,-55.129028,541.303034
43.205143,-39.115892,541.948148
50.681360,-17.648425,542.570697
53.114709,14.102068,542.554665
49.505471,39.787494,541.724431
41.250970,60.054883,540.416931
30.294007,75.180165,539.357334
17.946059,87.097825,539.410222
4.961159,97.415085,541.259701
-8.170031,107.321641,545.130246
-21.021158,117.883026,550.647770
-33.068664,130.351876,556.894039
-43.475417,146.426813,562.638518
-50.799504,167.908527,566.670918
-53.112964,-165.853211,568.130095
-49.540481,-140.345025,566.734391
-41.374403,-120.164037,562.852460
-30.511099,-105.063803,557.397262
-18.236880,-93.151113,551.571027
-5.294060,-82.836997,546.530848
7.832137,-72.938044,543.073683
20.716570,-62.389931,541.441113
32.832742,-49.935829,541.308476
43.334178,-33.858543,541.958731
50.754232,-12.308452,542.575870
53.104732,19.480162,542.548473
49.417817,45.110235,541.708224
41.113404,65.295934,540.398533
30.129802,80.363306,539.348510
17.768749,92.248967,539.422454
4.778797,102.553025,541.299775
-8.351458,112.461302,545.197171
-21.195441,123.039808,550.732163
-33.226945,135.545923,556.980248
-43.602459,151.684906,562.708779
-50.870258,173.247837,566.710197
-53.102924,-160.477921,568.130146
-49.453827,-135.024136,566.695925
-41.238184,-114.923630,562.784872
-30.348093,-99.880804,557.315992
-18.060390,-88.000004,551.493257
-5.112028,-77.699125,546.470743
8.013766,-67.798530,543.038656
20.891576,-57.233364,541.430325
32.992193,-44.741938,541.314072
43.462630,-28.600105,541.969305
50.826113,-6.967429,542.580914
53.093557,24.858072,542.542118
49.329266,50.431824,541.691919
40.975334,70.535981,540.380183
29.965340,85.545843,539.339906
17.591323,97.399811,539.435041
4.596408,107.690890,541.340248
-8.532832,117.601090,545.264421
-21.369571,128.196954,550.816698
-33.384916,140.740665,557.066356
-43.728913,156.944078,562.778702
-50.940024,178.588164,566.748968
-53.091704,-155.102816,568.129635
-49.366287,-129.704377,566.656972
-41.101461,-109.684216,562.716979
-30.184825,-94.698406,557.234655
-17.883777,-82.849192,551.415646
-4.929963,-72.561328,546.410955
8.195349,-62.658891,543.003990
21.066437,-52.076433,541.419832
33.151339,-39.547350,541.319818
43.590496,-23.340575,541.979866
50.896995,-1.625366,542.585825
53.081186,30.235776,542.535598
49.239825,55.752258,541.675519
40.836764,75.775029,540.361884
29.800624,90.727779,539.331524
17.413781,102.550361,539.447985
4.413994,112.828684,541.381122
-8.714150,122.741007,545.331995
-21.543548,133.354467,550.901374
-33.542576,145.936106,557.152360
-43.854775,162.204336,562.848282
-51.008796,-176.070499,566.787230
-53.079305,-149.727917,568.128563
-49.277866,-124.385754,566.617534
-40.964240,-104.445790,562.648783
-30.021299,-89.516605,557.153254
-17.707041,-77.698675,551.338199
-4.747865,-67.423604,546.351483
8.376884,-57.519124,542.969685
21.241152,-46.919135,541.409631
33.310179,-34.352059,541.325712
43.717769,-18.079947,541.990413
50.966874,3.717729,542.590604
53.067620,35.613253,542.528914
49.149499,61.071533,541.659024
40.697700,81.013083,540.343636
29.635657,95.909121,539.323366
17.236124,107.700620,539.461287
4.231557,117.966409,541.422394
-8.895412,127.881055,545.399889
-21.717370,138.512353,550.986185
-33.699920,151.132253,557.238256
-43.980039,167.465682,562.917517
-51.076570,-170.728163,566.824981
-53.065729,-144.353243,568.126930
-49.188569,-119.068270,566.577613
-40.826524,-99.208346,562.580288
-29.857516,-84.335395,557.071792
-17.530185,-72.548449,551.260919
-4.565737,-62.285950,546.292331
8.558371,-52.379226,542.935741
21.415718,-41.761465,541.399722
33.468709,-29.156060,541.331752
43.844445,-12.818218,542.000945
51.035745,9.061847,542.595249
53.052860,40.990484,542.522067
49.058295,66.389646,541.642438
40.558146,86.250149,540.325444
29.470439,101.089873,539.315435
17.058354,112.850591,539.474949
4.049096,123.104068,541.464066
-9.076618,133.021239,545.468103
-21.891035,143.670613,551.071131
-33.856946,156.329109,557.324041
-44.104700,172.728121,562.986405
-51.143340,-165.384837,566.862220
-53.050977,-138.978814,568.124736
-49.098404,-113.751927,566.537211
-40.688319,-93.971879,562.511497
-29.693480,-79.154772,556.990273
-17.353209,-67.398511,551.183806
-4.383578,-57.148362,546.233499
8.739808,-47.239195,542.902158
21.590134,-36.603421,541.390102
33.626925,-23.959347,541.337935
43.970519,-7.555382,542.011457
51.103601,14.406978,542.599760
53.036908,46.367448,542.515057
48.966218,71.706593,541.625760
40.418106,91.486233,540.307308
29.304975,106.270040,539.307733
16.880473,118.000278,539.488972
3.866614,128.241663,541.506136
-9.257764,138.161561,545.536635
-22.064541,148.829253,551.156206
-34.013652,161.526682,557.409712
-44.228753,177.991656,563.054942
-51.209100,-160.040530,566.898945
-53.035051,-133.604651,568.121981
-49.007376,-108.436730,566.496329
-40.549627,-88.736383,562.442414
-29.529194,-73.974730,556.908700
-17.176116,-62.248856,551.106866
-4.201390,-52.010839,546.174989
8.921194,-42.099026,542.868935
21.764398,-31.444997,541.380770
33.784826,-18.761916,541.344260
44.095985,-2.291437,542.021950
51.170438,19.753113,542.604134
53.019765,51.744124,542.507884
48.873275,77.022372,541.608993
40.277585,96.721340,540.289232
29.139267,111.449628,539.300262
16.702481,123.149685,539.503357
3.684112,133.379199,541.548605
-9.438851,143.302023,545.605481
-22.237887,153.988277,551.241409
-34.170033,166.724976,557.495264
-44.352194,-176.743707,563.123125
-51.273847,-154.695253,566.935154
-53.017951,-128.230773,568.118667
-48.915489,-103.122682,566.454971
-40.410454,-83.501854,562.373040
-29.364658,-68.795266,556.827077
-16.998906,-57.099481,551.030100
-4.019175,-46.873378,546.116802
9.102528,-36.958718,542.836072
21.938509,-26.286191,541.371724
33.942408,-13.563760,541.350723
44.220838,2.973624,542.032420
51.236249,25.100242,542.608371
53.001433,57.120492,542.500548
48.779471,82.336979,541.592139
40.136586,101.955476,540.271218
28.973316,116.628640,539.293025
16.524381,128.298814,539.518106
3.501590,138.516676,541.591472
-9.619878,148.442629,545.674642
-22.411071,159.147687,551.326735
-34.326088,171.923997,557.580694
-44.475017,-171.477965,563.190951
-51.337573,-149.349015,566.970847
-52.999680,-122.857200,568.114792
-48.822751,-97.809784,566.413137
-40.270804,-78.268286,562.303380
-29.199876,-63.616373,556.745406
-16.821582,-51.950384,550.953510
-3.836933,-41.735975,546.058939
9.283808,-31.818267,542.803569
22.112465,-21.126997,541.362963
34.099669,-8.364874,541.357323
44.345074,8.239803,542.042865
51.301031,30.448354,542.612470
52.981914,62.496532,542.493051
48.684812,87.650413,541.575199
39.995115,107.188646,540.253269
28.807125,121.807083,539.286023
16.346174,133.447670,539.533219
3.319049,143.654099,541.634737
-9.800842,153.583382,545.744113
-22.584091,164.307489,551.412182
-34.481812,177.123749,557.666000
-44.597216,-166.211115,563.258418
-51.400275,-144.001828,567.006021
-52.980239,-117.483953,568.110357
-48.729168,-92.498040,566.370830
-40.130681,-73.035673,562.233436
-29.034849,-58.438047,556.663692
-16.644143,-46.801561,550.877100
-3.654665,-36.598628,546.001402
9.465034,-26.677671,542.771425
22.286263,-15.967413,541.354485
34.256604,-3.165252,541.364058
44.468687,13.507104,542.053285
51.364776,35.797438,542.616430
52.961210,67.872224,542.485392
48.589305,92.962672,541.558175
39.853175,112.420856,540.235386
28.640698,126.984960,539.279260
16.167861,138.596256,539.548698
3.136492,148.791469,541.678399
-9.981743,158.724285,545.813895
-22.756945,169.467686,551.497747
-34.637204,-177.675760,557.751177
-44.718788,-160.943152,563.325523
-51.461948,-138.653701,567.040675
-52.959630,-112.111049,568.105363
-48.634744,-87.187451,566.328052
-39.990089,-67.804010,562.163211
-28.869582,-53.260284,556.581937
-16.466593,-41.653007,550.800873
-3.472373,-31.461334,545.944193
9.646204,-21.536926,542.739640
22.459903,-10.807433,541.346288
34.413211,2.035110,541.370925
44.591671,18.775532,542.063675
51.427482,41.147485,542.620250
52.939322,73.247548,542.477571
48.492954,98.273752,541.541068
39.710770,117.652111,540.217572
28.474035,132.162278,539.272736
15.989444,143.744575,539.564544
2.953918,153.928790,541.722458
-10.162580,163.865340,545.883983
-22.929632,174.628282,551.583427
-34.792260,-172.474527,557.836221
-44.839726,-155.674074,563.392263
-51.522585,-133.304646,567.074808
-52.937855,-106.738509,568.099810
-48.539485,-81.878021,566.284804
-39.849033,-62.573291,562.092709
-28.704074,-48.083078,556.500146
-16.288932,-36.504721,550.724831
-3.290057,-26.324090,545.887311
9.827317,-16.396029,542.708214
22.633382,-5.647055,541.338370
34.569486,7.236220,541.377921
44.714021,24.045090,542.074035
51.489141,46.498483,542.623929
52.916252,78.622484,542.469590
48.395768,103.583652,541.523881
39.567905,122.882417,540.199830
28.307140,137.339039,539.266455
15.810924,148.892631,539.580758
2.771329,159.066065,541.766914
-10.343351,169.006551,545.954377
-23.102151,179.789282,551.669217
-34.946976,-167.272545,557.921130
-44.960025,-150.403876,563.458634
-51.582183,-127.954675,567.108418
-52.914917,-101.366353,568.093699
-48.443399,-76.569750,566.241090
-39.707515,-57.343511,562.021933
-28.538330,-42.906424,556.418320
-16.111162,-31.356698,550.648976
-3.107719,-21.186894,545.830759
10.008372,-11.254978,542.677147
22.806700,-0.486274,541.330730
34.725428,12.438081,541.385045
44.835732,29.315783,542.084363
51.549749,51.850420,542.627466
52.892004,83.997012,542.461449
48.297750,108.892372,541.506614
39.424584,128.111781,540.182161
28.140014,142.515251,539.260418
15.632303,154.040426,539.597342
2.588726,164.203295,541.811766
-10.524055,174.147920,546.025075
-23.274498,-175.049312,551.755115
-35.101350,-162.069809,558.005900
-45.079680,-145.132555,563.524635
-51.640737,-122.603798,567.141504
-52.890817,-95.994598,568.087029
-48.346489,-71.262640,566.196910
-39.565541,-52.114664,561.950886
-28.372350,-37.730319,556.336465
-15.933284,-26.208935,550.573311
-2.925359,-16.049743,545.774538
10.189368,-6.113770,542.646437
22.979853,4.674914,541.323367
34.881031,17.640701,541.392294
44.956799,34.587613,542.094656
51.609301,57.203284,542.630860
52.866579,89.371114,542.453147
48.198907,114.199908,541.489270
39.280811,133.340207,540.164569
27.972660,147.690916,539.254628
15.453581,159.187966,539.614296
2.406111,169.340485,541.857014
-10.704692,179.289451,546.096073
-23.446673,-169.887493,551.841119
-35.255378,-156.866313,558.090528
-45.198686,-139.860107,563.590262
-51.698242,-117.252029,567.174065
-52.865557,-90.623265,568.079802
-48.248763,-65.956694,566.152268
-39.423115,-46.886745,561.879572
-28.206139,-32.554757,556.254582
-15.755299,-21.061428,550.497840
-2.742980,-10.912634,545.718648
10.370303,-0.972401,542.616084
23.152840,9.836514,541.316277
35.036295,22.844083,541.399665
45.077216,39.860584,542.104913
51.667792,62.557064,542.634110
52.839979,94.744770,542.444687
48.099246,119.506261,541.471851
39.136591,138.567700,540.147055
27.805081,152.866040,539.249087
15.274761,164.335251,539.631622
2.223483,174.477636,541.902657
-10.885259,-175.568853,546.167371
-23.618673,-164.725260,551.927223
-35.409058,-151.662053,558.175009
-45.317038,-134.586531,563.655513
-51.754692,-111.899378,567.206099
-52.839140,-85.252371,568.072017
-48.150226,-60.651911,566.107164
-39.280240,-41.659748,561.807992
-28.039696,-27.379733,556.172677
-15.577210,-15.914176,550.422563
-2.560581,-5.775564,545.663092
10.551177,4.169131,542.586089
23.325659,14.998529,541.309460
35.191214,28.048235,541.407158
45.196978,45.134700,542.115131
51.725217,67.911748,542.637216
52.812208,100.117960,542.436067
47.998772,124.811430,541.454357
38.991926,143.794268,540.129622
27.637278,158.040628,539.243797
15.095843,169.482287,539.649320
2.040846,179.614752,541.948695
-11.065756,-170.426990,546.238966
-23.790497,-159.562607,552.013427
-35.562386,-146.457021,558.259340
-45.434730,-129.311821,563.720385
-51.810084,-106.545858,567.237605
-52.811569,-79.881937,568.063675
-48.050883,-55.348293,566.061602
-39.136920,-36.433669,561.736151
-27.873026,-22.205243,556.090750
-15.399016,-10.767173,550.347485
-2.378165,-0.638531,545.607869
10.731987,9.310830,542.556449
23.498309,20.160963,541.302914
35.345786,33.253162,541.414768
45.316079,50.409964,542.125309
51.781571,73.267323,542.640175
52.783267,105.490666,542.427289
47.897490,130.115412,541.436792
38.846821,149.019916,540.112273
27.469254,163.214685,539.238761
14.916830,174.629076,539.667392
1.858198,-175.248164,541.995127
-11.246181,-165.284956,546.310855
-23.962144,-154.399530,552.099725
-35.715359,-141.251214,558.343519
-45.551756,-124.035976,563.784875
-51.864412,-101.191483,567.268581
-52.782846,-74.511979,568.054778
-47.950742,-50.045842,566.015584
-38.993160,-31.208500,561.664052
-27.706130,-17.031283,556.008807
-15.220720,-5.620417,550.272608
-2.195732,4.498469,545.552983
10.912733,14.452699,542.527166
23.670788,25.323821,541.296637
35.500007,38.458869,541.422495
45.434514,55.686379,542.135445
51.836850,78.623775,542.642988
52.753161,110.862868,542.418353
47.795408,135.418209,541.419156
38.701281,154.244649,540.095009
27.301010,168.388215,539.233980
14.737722,179.775622,539.685840
1.675542,-170.111111,542.041953
-11.426534,-160.142748,546.383037
-24.133610,-149.236026,552.186114
-35.867974,-136.044624,558.427541
-45.668112,-118.758993,563.848981
-51.917672,-95.836264,567.299027
-52.752974,-69.142517,568.045324
-47.849806,-44.744557,565.969111
-38.848963,-25.984236,561.591698
-27.539010,-11.857847,555.926851
-15.042323,-0.473904,550.197933
-2.013282,9.635437,545.498432
11.093414,19.594740,542.498238
23.843093,30.487106,541.290627
35.653875,43.665363,541.430335
45.552278,60.963948,542.145536
51.891048,83.981093,542.645654
52.721890,116.234550,542.409260
47.692531,140.719819,541.401452
38.555309,159.468473,540.077834
27.132550,173.561222,539.229456
14.558521,-175.078071,539.704663
1.492879,-164.974085,542.089172
-11.606812,-155.000363,546.455510
-24.304894,-144.072089,552.272593
-36.020227,-130.837248,558.511403
-45.783792,-113.480869,563.912699
-51.969860,-90.480216,567.328942
-52.721955,-63.773569,568.035315
-47.748083,-39.444439,565.922186
-38.704334,-20.760873,561.519091
-27.371668,-6.684931,555.844884
-14.863826,4.672368,550.123465
-1.830819,14.772377,545.444219
11.274028,24.736956,542.469665
24.015223,35.650823,541.284883
35.807385,48.872648,541.438286
45.669364,66.242674,542.155581
51.944161,89.339262,542.648172
52.689460,121.605691,542.400011
47.588864,146.020243,541.383682
38.408909,164.691393,540.060749
26.963875,178.733712,539.225192
14.379228,-169.932002,539.723863
1.310209,-159.837084,542.136783
-11.787015,-149.857799,546.528271
-24.475995,-138.907717,552.359156
-36.172115,-125.629078,558.595102
-45.898790,-108.201600,563.976027
-52.020971,-85.123351,567.358323
-52.689793,-58.405152,568.024752
-47.645577,-34.145488,565.874811
-38.559275,-15.538403,561.446237
-27.204107,-1.512530,555.762911
-14.685231,9.818404,550.049204
-1.648341,19.909292,545.390345
11.454574,29.879352,542.441446
24.187176,40.814977,541.279402
35.960535,54.080730,541.446346
45.785767,71.522560,542.165578
51.996185,94.698269,542.650540
52.655871,126.976274,542.390605
47.484415,151.319480,541.365846
38.262085,169.913417,540.043758
26.794988,-176.094311,539.221190
14.199844,-164.786166,539.743441
1.127535,-154.700104,542.184786
-11.967141,-144.715052,546.601318
-24.646911,-133.742904,552.445802
-36.323635,-120.420110,558.678634
-46.013102,-102.921186,564.038962
-52.071000,-79.765684,567.387170
-52.656490,-53.037284,568.013635
-47.542295,-28.847704,565.826989
-38.413791,-10.316823,561.373137
-27.036329,3.659360,555.680934
-14.506539,14.964205,549.975155
-1.465851,25.046184,545.336810
11.635051,35.021929,542.413581
24.358951,45.979571,541.274182
36.113321,59.289616,541.454513
45.901482,76.803609,542.175525
52.047114,100.058099,542.652759
52.621128,132.346281,542.381045
47.379187,156.617531,541.347947
38.114840,175.134549,540.026862
26.625891,-170.922843,539.217452
14.020372,-159.640560,539.763398
0.944856,-149.563143,542.233180
-12.147190,-139.572119,546.674648
-24.817639,-128.577646,552.532526
-36.474783,-115.210337,558.761996
-46.126721,-97.639622,564.101503
-52.119944,-74.407229,567.415482
-52.622049,-47.669983,568.001965
-47.438243,-23.551088,565.778721
-38.267886,-5.096125,561.299794
-26.868335,8.830744,555.598957
-14.327751,20.109777,549.901318
-1.283350,30.183056,545.283616
11.815458,40.164691,542.386069
24.530544,51.144609,541.269223
36.265740,64.499310,541.462785
46.016503,82.085824,542.185420
52.096944,105.418740,542.654827
52.585235,137.715694,542.371329
47.273189,161.914395,541.329988
37.967180,-179.645206,540.010064
26.456585,-165.751878,539.213980
13.840811,-154.495181,539.783734
0.762174,-144.426199,542.281965
-12.327160,-134.428997,546.748260
-24.988178,-123.411940,552.619325
-36.625556,-109.999755,558.845183
-46.239643,-92.356908,564.163645
-52.167798,-69.047999,567.443257
-52.586474,-42.303267,567.989742
-47.333425,-18.255639,565.730010
-38.121564,0.123695,561.226213
-26.700129,14.001627,555.516983
-14.148869,25.255121,549.827697
-1.100838,35.319910,545.230763
11.995792,45.307641,542.358910
24.701955,56.310097,541.264521
36.417788,69.709819,541.471158
46.130825,87.369206,542.195261
52.145671,110.780175,542.656744
52.548193,143.084496,542.361460
47.166424,167.210075,541.311969
37.819107,-174.425840,539.993366
26.287073,-160.581412,539.210776
13.661164,-149.350026,539.804452
0.579491,-139.289268,542.331139
-12.507049,-129.285683,546.822151
-25.158525,-118.245780,552.706197
-36.775951,-104.788358,558.928194
-46.351861,-87.073040,564.225386
-52.214558,-63.688010,567.470495
-52.549769,-36.937151,567.976967
-47.227849,-12.961356,565.680858
-37.974827,5.342643,561.152396
-26.531711,19.172012,555.435015
-13.969894,30.400241,549.754294
-0.918317,40.456750,545.178253
12.176054,50.450782,542.332102
24.873181,61.476038,541.260076
36.569462,74.921148,541.479631
46.244441,92.653758,542.205047
52.193291,116.142391,542.658509
52.510007,148.452668,542.351437
47.058900,172.504569,541.293893
37.670625,-169.207349,539.976771
26.117357,-155.411441,539.207842
13.481433,-144.205091,539.825551
0.396807,-134.152347,542.380703
-12.686857,-124.142173,546.896319
-25.328680,-113.079164,552.793137
-36.925963,-99.576139,559.011024
-46.463370,-81.788017,564.286725
-52.260220,-58.327276,567.497194
-52.511935,-31.571654,567.963641
-47.121519,-7.668239,565.631268
-37.827681,10.560726,561.078347
-26.363085,24.341904,555.353057
-13.790827,35.545141,549.681112
-0.735788,45.593579,545.126086
12.356242,55.594117,542.305645
25.044221,66.642436,541.255885
36.720758,80.133304,541.488201
46.357347,97.939483,542.214775
52.239799,121.505373,542.660120
52.470680,153.820195,542.341261
46.950622,177.797880,541.275761
37.521738,-163.989726,539.960281
25.947439,-150.241960,539.205180
13.301617,-139.060374,539.847033
0.214123,-129.015435,542.430654
-12.866582,-118.998465,546.970762
-25.498639,-107.912085,552.880142
-37.075591,-94.363094,559.093669
-46.574165,-76.501837,564.347657
-52.304779,-52.965811,567.523353
-52.472977,-26.206792,567.949764
-47.014441,-2.376287,565.581241
-37.680128,15.777947,561.004069
-26.194251,29.511309,555.271112
-13.611669,40.689822,549.608153
-0.553252,50.730398,545.074264
12.536354,60.737649,542.279539
25.215072,71.809296,541.251946
36.871673,85.346291,541.496867
46.469536,103.226382,542.224443
52.285191,126.869104,542.661579
52.430217,159.187060,542.330934
46.841596,-176.909992,541.257576
37.372450,-158.772966,539.943899
25.777322,-145.072965,539.202793
13.121719,-133.915870,539.868898
0.031440,-123.878528,542.480994
-13.046223,-113.854556,547.045476
-25.668401,-102.744540,552.967210
-37.224829,-89.149217,559.176128
-46.684239,-71.214499,564.408182
-52.348233,-47.603633,567.548972
-52.432898,-20.842581,567.935338
-46.906621,2.914500,565.530781
-37.532172,20.994314,560.929564
-26.025213,34.680229,555.189184
-13.432423,45.834290,549.535419
-0.370710,55.867211,545.022787
12.716390,65.881382,542.253782
25.385732,76.976622,541.248257
37.022203,90.560116,541.505625
46.581003,108.514457,542.234051
52.329464,132.233570,542.662883
52.388619,164.553244,542.320455
46.731828,-171.619046,541.239339
37.222764,-153.557063,539.927627
25.607007,-139.904450,539.200682
12.941739,-128.771577,539.891147
-0.151240,-118.741623,542.531720
-13.225778,-108.710442,547.120461
-25.837964,-97.576525,553.054336
-37.373675,-83.934502,559.258395
-46.793588,-65.926000,564.468295
-52.390577,-42.240755,567.574048
-52.391702,-15.479037,567.920363
-46.798065,8.204125,565.479889
-37.383817,26.209832,560.854838
-25.855972,39.848670,555.107275
-13.253088,50.978546,549.462913
-0.188163,61.004020,544.971656
12.896347,71.025318,542.228374
25.556200,82.144419,541.244817
37.172345,95.774783,541.514474
46.691742,113.803710,542.243595
52.372612,137.598755,542.664032
52.345892,169.918733,542.309826
46.621323,-166.329279,541.221052
37.072685,-148.342011,539.911467
25.436496,-134.736413,539.198850
12.761680,-123.627492,539.913782
-0.333916,-113.604718,542.582832
-13.405247,-103.566121,547.195712
-26.007327,-92.408036,553.141518
-37.522125,-78.718943,559.340468
-46.902206,-60.636339,564.527995
-52.431807,-36.877195,567.598582
-52.349393,-10.116178,567.904840
-46.688778,13.492587,565.428568
-37.235067,31.424506,560.779892
-25.686531,45.016636,555.025388
-13.073667,56.122594,549.390637
-0.005612,66.140828,544.920873
13.076225,76.169461,542.203314
25.726473,87.312692,541.241624
37.322094,100.990300,541.523411
46.801747,119.094143,542.253075
52.414632,142.964643,542.665026
52.302039,175.283510,542.299048
46.510087,-161.040692,541.202718
36.922215,-143.127805,539.895423
25.265791,-129.568848,539.197298
12.581542,-118.483611,539.936803
-0.516588,-108.467810,542.634329
-13.584628,-98.421588,547.271229
-26.176486,-87.239067,553.228751
-37.670175,-73.502536,559.422343
-47.010087,-55.345516,564.587278
-52.471919,-31.512967,567.622572
-52.305974,-4.754018,567.888769
-46.578765,18.779889,565.376820
-37.085924,36.638342,560.704730
-25.516891,50.184132,554.943528
-12.894160,61.266438,549.318593
0.176941,71.277639,544.870437
13.256023,81.313814,542.178602
25.896549,92.481443,541.238675
37.471449,106.206672,541.532434
46.911012,124.385757,542.262488
52.455521,148.331217,542.665864
52.257065,-179.352440,542.288121
46.398126,-155.753281,541.184338
36.771359,-137.914439,539.879495
25.094895,-124.401750,539.196029
12.401327,-113.339932,539.960210
-0.699254,-103.330896,542.686210
-13.763920,-93.276842,547.347009
-26.345440,-82.069614,553.316033
-37.817822,-68.285273,559.504017
-47.117225,-50.053528,564.646144
-52.510911,-26.148088,567.646018
-52.261449,0.607428,567.872152
-46.468034,24.066033,565.324648
-36.936393,41.851346,560.629355
-25.347053,55.351162,554.861698
-12.714570,66.410079,549.246784
0.359496,76.414454,544.820349
13.435739,86.458380,542.154237
26.066427,97.650679,541.235969
37.620403,111.423904,541.541540
47.019532,129.678553,542.271832
52.495274,153.698461,542.666544
52.210972,-173.989134,542.277045
46.285446,-150.467045,541.165914
36.620119,-132.701907,539.863687
24.923809,-119.235117,539.195044
12.221035,-108.196451,539.984005
-0.881913,-98.193974,542.738474
-13.943121,-88.131878,547.423048
-26.514186,-76.899674,553.403360
-37.965062,-63.067150,559.585487
-47.223615,-44.760376,564.704588
-52.548778,-20.782574,567.668918
-52.215822,5.968143,567.854990
-46.356588,29.351019,565.272055
-36.786477,47.063523,560.553771
-25.177021,60.517729,554.779900
-12.534897,71.553522,549.175213
0.542052,81.551276,544.770611
13.615371,91.603162,542.130217
26.236104,102.820403,541.233503
37.768955,116.642003,541.550728
47.127301,134.972533,542.281106
52.533889,159.066359,542.667068
52.163766,-168.626587,542.265823
46.172052,-145.181982,541.147448
36.468500,-127.490203,539.848002
24.752535,-114.068942,539.194345
12.040669,-103.053165,540.008188
-1.064565,-93.057040,542.791121
-14.122230,-82.986694,547.499346
-26.682724,-71.729240,553.490729
-38.111892,-57.848161,559.666748
-47.329252,-39.466057,564.762609
-52.585517,-15.416443,567.691271
-52.169097,11.328113,567.837283
-46.244433,34.634850,565.219042
-36.636180,52.274879,560.477981
-25.006796,65.683839,554.698138
-12.355142,76.696770,549.103880
0.724607,86.688109,544.721223
13.794919,96.748163,542.106542
26.405578,107.990620,541.231277
37.917100,121.860974,541.559994
47.234314,140.267697,542.290309
52.571360,164.434892,542.667434
52.115450,-163.264814,542.254454
46.057950,-139.898090,541.128942
36.316505,-122.279321,539.832441
24.581076,-108.903222,539.193935
11.860230,-97.910071,540.032760
-1.247207,-87.920093,542.844150
-14.301246,-77.841286,547.575898
-26.851051,-66.558310,553.578136
-38.258307,-52.628300,559.747798
-47.434128,-34.170572,564.820204
-52.621125,-10.049711,567.713077
-52.121279,16.687322,567.819033
-46.131576,39.917528,565.165612
-36.485504,57.485420,560.401988
-24.836381,70.849496,554.616415
-12.175307,81.839824,549.032789
0.907161,91.824954,544.672186
13.974381,101.893388,542.083211
26.574847,113.161335,541.229287
38.064834,127.080822,541.569338
47.340563,145.564046,542.299437
52.607685,169.804044,542.667641
52.066030,-157.903830,542.242940
45.943146,-134.615367,541.110398
36.164137,-117.069257,539.817007
24.409433,-103.737953,539.193815
11.679718,-92.767166,540.057722
-1.429839,-82.783128,542.897559
-14.480168,-72.695651,547.652703
-27.019164,-61.386879,553.665578
-38.404305,-47.407562,559.828634
-47.538239,-28.873921,564.877370
-52.655598,-4.682396,567.734335
-52.072371,22.045758,567.800240
-46.018022,45.199055,565.111767
-36.334454,62.695151,560.325796
-24.665776,76.014704,554.534734
-11.995393,86.982690,548.961942
1.089712,96.961815,544.623501
14.153756,107.038838,542.060223
26.743909,118.332551,541.227531
38.212154,132.301554,541.578755
47.446044,150.861582,542.308491
52.642861,175.173798,542.667689
52.015508,-152.543649,542.231282
45.827645,-129.333810,541.091819
36.011400,-111.860003,539.801703
24.237608,-98.573129,539.193988
11.499136,-87.624446,540.083074
-1.612459,-77.646144,542.951347
-14.658994,-67.549786,547.729758
-27.187061,-56.214941,553.753052
-38.549880,-42.185941,559.909251
-47.641579,-23.576102,564.934106
-52.688933,0.685486,567.755044
-52.022378,27.403404,567.780905
-45.903775,50.479432,565.057511
-36.183033,67.904078,560.249408
-24.494984,81.179467,554.453099
-11.815401,92.125369,548.891341
1.272259,102.098695,544.575168
14.333042,112.184517,542.037577
26.912762,123.504275,541.226008
38.359056,137.523176,541.588245
47.550750,156.160304,542.317467
52.676884,-179.455864,542.667578
51.963890,-147.184286,542.219480
45.711453,-124.053417,541.073206
35.858298,-106.651555,539.786530
24.065603,-93.408748,539.194455
11.318483,-82.481909,540.108818
-1.795068,-72.509138,543.005514
-14.837722,-62.403688,547.807061
-27.354741,-51.042493,553.840554
-38.695031,-36.963431,559.989647
-47.744143,-18.277116,564.990408
-52.721128,6.053917,567.775203
-51.971303,32.760247,567.761029
-45.788843,55.758664,565.002845
-36.031244,73.112206,560.172827
-24.324007,86.343789,554.371513
-11.635333,97.267865,548.820989
1.454801,107.235596,544.527188
14.512239,117.330428,542.015273
27.081404,128.676509,541.224716
38.505536,142.745693,541.597804
47.654675,161.460212,542.326364
52.709751,-174.084960,542.667307
51.911181,-141.825755,542.207535
45.594576,-118.774184,541.054561
35.704833,-101.443907,539.771492
23.893420,-88.244805,539.195218
11.137762,-77.339552,540.134953
-1.977663,-67.372107,543.060058
-15.016353,-57.257353,547.884609
-27.522201,-45.869530,553.928081
-38.839751,-31.740027,560.069818
-47.845923,-12.976963,565.046275
-52.752179,11.422879,567.794812
-51.919152,38.116274,567.740614
-45.673229,61.036751,564.947773
-35.879090,78.319541,560.096057
-24.152846,91.507675,554.289979
-11.455189,102.410181,548.750887
1.637337,112.372520,544.479561
14.691344,122.476576,541.993309
27.249832,133.849259,541.223653
38.651590,147.969110,541.607430
47.757815,166.761307,542.335181
52.741458,-168.713509,542.666875
51.857384,-136.468070,542.195449
45.477019,-113.496110,541.035886
35.551009,-96.237052,539.756590
23.721061,-83.081294,539.196279
10.956974,-72.197371,540.161480
-2.160243,-62.235048,543.114979
-15.194883,-52.110778,547.962400
-27.689440,-40.696046,554.015630
-38.984039,-26.515724,560.149761
-47.946916,-7.675643,565.101704
-52.782083,16.792354,567.813869
-51.865929,43.471471,567.719661
-45.556940,66.313697,564.892296
-35.726575,83.526089,560.019100
-23.981504,96.671130,554.208500
-11.274972,107.552320,548.681038
1.819866,117.509471,544.432289
14.870357,127.622962,541.971685
27.418045,139.022530,541.222816
38.797215,153.193434,541.617122
47.860162,172.063589,542.343915
52.772004,-163.341528,542.666283
51.802504,-131.111243,542.183222
45.358787,-108.219192,541.017183
35.396830,-91.030986,539.741828
23.548528,-77.918214,539.197641
10.776120,-67.055364,540.188400
-2.342808,-57.097959,543.170275
-15.373312,-46.963960,548.040431
-27.856454,-35.522039,554.103196
-39.127889,-21.290514,560.229472
-48.047114,-2.373157,565.156693
-52.810838,22.162324,567.832374
-51.811638,48.825824,567.698170
-45.439980,71.589505,564.836418
-35.573702,88.731855,559.941961
-23.809982,101.834156,554.127080
-11.094681,112.694285,548.611443
2.002387,122.646452,544.385371
15.049276,132.769590,541.950399
27.586040,144.196326,541.222204
38.942405,158.418671,541.626877
47.961711,177.367057,542.352565
52.801384,-157.969036,542.665529
51.746547,-125.755289,542.170855
45.239887,-102.943425,540.998455
35.242298,-85.825702,539.727208
23.375822,-72.755558,539.199304
10.595202,-61.913527,540.215714
-2.525357,-51.960836,543.225945
-15.551639,-41.816896,548.118698
-28.023242,-30.347502,554.190776
-39.271298,-16.064394,560.308949
-48.146513,2.930496,565.211239
-52.838441,27.532770,567.850327
-51.756284,54.179321,567.676142
-45.322356,76.864177,564.780141
-35.420475,93.936844,559.864643
-23.638283,106.996758,554.045721
-10.914319,117.836079,548.542106
2.184898,127.783464,544.338809
15.228100,137.916464,541.929451
27.753814,149.370651,541.221814
39.087158,163.644826,541.636692
48.062456,-177.328288,542.361130
52.829597,-152.596051,542.664613
51.689516,-120.400221,542.158349
45.120323,-97.668808,540.979704
35.087418,-80.621196,539.712731
23.202946,-67.593323,539.201271
10.414220,-56.771858,540.243422
-2.707887,-46.823678,543.281988
-15.729862,-36.669582,548.197201
-28.189802,-25.172432,554.278368
-39.414262,-10.837357,560.388188
-48.245105,8.235313,565.265341
-52.864889,32.903675,567.867726
-51.699871,59.531948,567.653579
-45.204073,82.137716,564.723467
-35.266896,99.141063,559.787148
-23.466408,112.158940,553.964427
-10.733887,122.977705,548.473027
2.367400,132.920512,544.292603
15.406827,143.063587,541.908839
27.921367,154.545511,541.221645
39.231469,168.871904,541.646566
48.162391,-172.022449,542.369608
52.856639,-147.222593,542.663536
51.631417,-115.046050,542.145706
45.000101,-92.395337,540.960931
34.932192,-75.417460,539.698401
23.029901,-62.431505,539.203543
10.233175,-51.630353,540.271524
-2.890398,-41.686480,543.338404
-15.907980,-31.522014,548.275936
-28.356131,-19.996823,554.365967
-39.556778,-5.609398,560.467185
-48.342886,13.541294,565.318995
-52.890180,38.275019,567.884571
-51.642405,64.883695,567.630483
-45.085135,87.410126,564.666399
-35.112968,104.344517,559.709481
-23.294358,117.320707,553.883200
-10.553385,128.119166,548.404210
2.549889,138.057597,544.246753
15.585456,148.210961,541.888562
28.088695,159.720911,541.221694
39.375334,174.099912,541.656495
48.261510,-166.715425,542.377997
52.882508,-141.848681,542.662295
