53.062469,-133.580976,542.643737
51.059851,-107.016285,542.025602
43.886728,-85.102212,540.790920
33.516791,-68.736161,539.576077
21.461528,-56.112569,539.238063
8.597348,-45.483435,540.542834
-4.535810,-35.569275,543.863817
-17.509803,-25.301475,548.996131
-29.845792,-13.510198,555.155869
-40.821448,1.366960,561.168276
-49.187334,21.231228,565.782372
-53.065669,46.518959,568.011368
-51.077178,72.892382,567.398196
-43.983500,94.694391,564.134270
-33.709158,111.023537,559.001671
-21.734709,123.639227,553.154139
-8.922141,134.265656,547.795664
4.195443,144.173737,543.849447
17.192217,154.429724,541.720744
29.587639,166.205696,541.231765
40.652313,-178.922931,541.748313
49.117793,-159.015139,542.449457
53.076462,-128.203596,542.640851
50.991327,-101.671751,542.011639
43.760208,-79.840021,540.772049
33.358275,-63.539846,539.563347
21.286892,-50.954703,539.243498
8.415746,-40.343412,540.574914
-4.718072,-30.431536,543.923891
-17.686788,-20.151184,549.077042
-30.009683,-8.328930,555.243354
-40.959238,6.604464,561.244673
-49.276662,26.548769,565.831424
-53.079250,51.893644,568.022632
-51.009425,78.234670,567.369816
-43.858297,99.955676,564.073405
-33.551912,116.219626,558.922461
-21.561012,128.797051,553.073766
-8.741012,139.405628,547.729576
4.377757,149.311352,543.807193
17.369786,159.579813,541.703767
29.752588,171.386766,541.233885
40.791480,-173.685296,541.758678
49.208405,-153.696342,542.456869
53.089261,-122.825982,542.637800
50.921792,-96.328235,541.997552
43.633089,-74.578933,540.753181
33.199448,-58.344242,539.550791
21.112106,-45.797210,539.249257
8.234095,-35.203521,540.607393
-4.900302,-25.293727,543.984323
-17.863653,-15.000603,549.158155
-30.173317,-3.147071,555.330808
-41.096533,11.842951,561.320793
-49.365115,31.867448,565.880005
-53.091654,57.268554,568.033336
-50.940673,83.575959,567.340917
-43.732496,105.215872,564.012175
-33.394352,121.415009,558.843116
-21.387159,133.954504,552.993496
-8.559827,144.545468,547.663771
4.560048,154.449036,543.765299
17.547241,164.730192,541.687113
29.917287,176.568428,541.236201
40.930155,-168.446669,541.769075
49.298135,-148.376384,542.464175
53.100864,-117.448154,542.634584
50.851251,-90.985748,541.983340
43.505375,-69.318944,540.734317
33.040312,-53.149342,539.538410
20.937173,-40.640085,539.255344
8.052397,-30.063758,540.640272
-5.082500,-20.155847,544.045111
-18.040395,-9.849727,549.239467
-30.336693,2.035384,555.418227
-41.233328,17.082425,561.396632
-49.452686,37.187262,565.928113
-53.102879,62.643667,568.043480
-50.870929,88.916238,567.311500
-43.606104,110.474983,563.950585
-33.236480,126.609693,558.763638
-21.213154,139.111588,552.913330
-8.378587,149.685178,547.598251
4.742313,159.586790,543.723767
17.724581,169.880865,541.670780
30.081733,-178.249311,541.238709
41.068333,-163.207046,541.779500
49.386978,-143.055270,542.471374
53.111271,-112.070133,542.631202
50.779710,-85.644298,541.969006
43.377072,-64.060050,540.715460
32.880871,-47.955141,539.526206
20.762094,-35.483324,539.261759
7.870651,-24.924121,540.673550
-5.264665,-15.017891,544.106253
-18.217013,-4.698554,549.320976
-30.499807,7.218441,555.505610
-41.369620,22.322892,561.472187
-49.539371,42.508207,565.975746
-53.112924,68.018965,568.053065
-50.800197,94.255498,567.281566
-43.479124,115.733015,563.888636
-33.078299,131.803683,558.684032
-21.038996,144.268309,552.833273
-8.197294,154.824761,547.533018
4.924554,164.724619,543.682595
17.901804,175.031835,541.654767
30.245924,-173.066447,541.241407
41.206010,-157.966420,541.789952
49.474926,-137.733002,542.478464
53.120479,-106.691939,542.627654
50.707174,-80.303893,541.954551
43.248184,-58.802245,540.696612
32.721127,-42.761634,539.514183
20.586871,-30.326925,539.268504
7.688860,-19.784607,540.707227
-5.446795,-9.879857,544.167750
-18.393507,0.452921,549.402678
-30.662657,12.402104,555.592951
-41.505403,27.564358,561.547455
-49.625162,47.830279,566.022902
-53.121789,73.394426,568.062089
-50.728482,99.593733,567.251116
-43.351562,120.989970,563.826332
-32.919813,136.996984,558.604301
-20.864689,149.424669,552.753326
-8.015948,159.964221,547.468073
5.106767,169.862524,543.641785
18.078909,-179.816895,541.639073
30.409856,-167.882975,541.244294
41.343181,-152.724786,541.800429
49.561976,-132.409585,542.485444
53.128488,-101.313594,542.623941
50.633649,-74.964543,541.939975
43.118717,-53.545526,540.677775
32.561083,-37.568815,539.502343
20.411505,-25.170882,539.275581
7.507025,-14.645213,540.741305
-5.628890,-4.741743,544.229598
-18.569873,5.604701,549.484571
-30.825241,17.586379,555.680247
-41.640675,32.806826,561.622433
-49.710055,53.153474,566.069579
-53.129472,78.770031,568.070552
-50.655791,104.930932,567.220153
-43.223423,126.245854,563.763675
-32.761023,142.189601,558.524448
-20.690233,154.580673,552.673494
-7.834551,165.103560,547.403418
5.288952,175.000508,543.601337
18.255894,-174.665320,541.623697
30.573528,-162.698890,541.247367
41.479841,-147.482139,541.810928
49.648119,-127.085023,542.492313
53.135298,-95.935119,542.620062
50.559140,-69.626255,541.925281
42.988676,-48.289888,540.658951
32.400742,-32.376679,539.490687
20.235999,-20.015193,539.282991
7.325147,-9.505936,540.775782
-5.810948,0.396455,544.291796
-18.746111,10.756789,549.566651
-30.987557,22.771270,555.767496
-41.775429,38.050304,561.697118
-49.794043,58.477786,566.115774
-53.135973,84.145758,568.078454
-50.582129,110.267089,567.188677
-43.094712,131.500671,563.700669
-32.601932,147.381539,558.444477
-20.515630,159.736324,552.593779
-7.653103,170.242782,547.339056
5.471108,-179.861425,543.561250
18.432759,-169.513438,541.608637
30.736937,-157.514187,541.250624
41.615987,-142.238473,541.821447
49.733351,-121.759321,542.499069
53.140908,-90.556534,542.616017
50.483654,-64.289037,541.910469
42.858065,-43.035326,540.640143
32.240107,-27.185220,539.479219
20.060353,-14.859853,539.290737
7.143226,-4.366774,540.810660
-5.992968,5.534739,544.354343
-18.922219,15.909188,549.648916
-31.149600,27.956783,555.854693
-41.909662,43.294795,561.771507
-49.877121,63.803211,566.161487
-53.141291,89.521588,568.085796
-50.507501,115.602195,567.156690
-42.965433,136.754426,563.637315
-32.442545,152.572805,558.364391
-20.340883,164.891627,552.514185
-7.471606,175.381888,547.274987
5.653233,-174.723273,543.521525
18.609500,-164.361245,541.593892
30.900080,-152.328861,541.254063
41.751613,-136.993784,541.831984
49.817666,-116.432483,542.505711
53.145316,-85.177860,542.611806
50.407195,-58.952897,541.895541
42.726890,-37.781835,540.621353
32.079181,-21.994434,539.467940
19.884570,-9.704859,539.298819
6.961265,0.772278,540.845938
-6.174950,10.673112,544.417238
-19.098196,21.061904,549.731362
-31.311370,33.142922,555.941835
-42.043369,48.540305,561.845596
-49.959284,69.129743,566.206715
-53.145425,94.897499,568.092576
-50.431912,120.936244,567.124194
-42.835591,142.007123,563.573618
-32.282862,157.763402,558.284193
-20.165991,170.046584,552.434713
-7.290061,-179.479118,547.211214
5.835328,-169.585033,543.482162
18.786117,-159.208737,541.579460
31.062955,-147.142906,541.257682
41.886715,-131.748066,541.842537
49.901057,-111.104515,542.512237
53.148523,-79.799119,542.607429
50.329770,-53.617842,541.880499
42.595155,-32.529410,540.602582
31.917967,-16.804315,539.456854
19.708650,-4.550206,539.307239
6.779263,5.911221,540.881616
-6.356891,15.811577,544.480478
-19.274041,26.214939,549.813988
-31.472864,38.329693,556.028918
-42.176545,53.786839,561.919382
-50.040525,74.457378,566.251457
-53.148376,100.273471,568.098795
-50.355369,126.269226,567.091191
-42.705192,147.258767,563.509580
-32.122888,162.953338,558.203888
-19.990958,175.201200,552.355368
-7.108469,-174.340233,547.147739
6.017389,-164.446703,543.443161
18.962608,-154.055910,541.565341
31.225559,-141.956317,541.261477
42.021288,-126.501313,541.853103
49.983519,-105.775422,542.518647
53.150529,-74.420332,542.602887
50.251384,-48.283879,541.865343
42.462865,-27.278047,540.583835
31.756466,-11.614858,539.445962
19.532596,0.604108,539.315999
6.597224,11.050058,540.917694
-6.538792,20.950136,544.544063
-19.449750,31.368296,549.896790
-31.634078,43.517100,556.115939
-42.309186,59.034401,561.992862
-50.120838,79.786110,566.295709
-53.150142,105.649484,568.104452
-50.277876,131.601137,567.057681
-42.574239,152.509363,563.445204
-31.962624,168.142615,558.123477
-19.815785,-179.644521,552.276151
-6.926832,-169.201454,547.084562
6.199417,-159.308279,543.404522
19.138973,-148.902761,541.551532
31.387889,-136.769090,541.265448
42.155328,-121.253521,541.863681
50.065046,-100.445209,542.524938
53.151333,-69.041519,542.598178
50.172043,-42.951014,541.850075
42.330025,-22.027740,540.565112
31.594683,-6.426056,539.435266
19.356410,5.758088,539.325100
6.415146,16.188793,540.954174
-6.720650,26.088794,544.607990
-19.625324,36.521980,549.979764
-31.795010,48.705150,556.202894
-42.441288,64.282998,562.066034
-50.200219,85.115933,566.339472
-53.150724,111.025517,568.109547
-50.199440,136.931969,567.023667
-42.442737,157.758916,563.380492
-31.802073,173.331241,558.042965
-19.640472,-174.490577,552.197067
-6.745150,-164.062779,547.021686
6.381410,-154.169759,543.366245
19.315208,-143.749287,541.538033
31.549943,-131.581218,541.269592
42.288829,-116.004685,541.874268
50.145632,-95.113882,542.531109
53.150935,-63.662702,542.593304
50.091753,-37.619255,541.834696
42.196640,-16.778485,540.546416
31.432619,-1.237906,539.424770
19.180092,10.911738,539.334544
6.233033,21.327428,540.991053
-6.902464,31.227551,544.672257
-19.800760,41.675994,550.062909
-31.955658,53.893847,556.289780
-42.572845,69.532633,562.138894
-50.278661,90.446840,566.382742
-53.150122,116.401549,568.114081
-50.120066,142.261716,566.989151
-42.310692,163.007429,563.315448
-31.641239,178.519219,557.962355
-19.465023,-169.336962,552.118117
-6.563424,-158.924205,546.959113
6.563367,-149.031139,543.328330
19.491312,-138.595483,541.524842
31.711718,-126.392697,541.273906
42.421788,-110.754799,541.884862
50.225272,-89.781447,542.537160
53.149335,-58.283903,542.588264
50.010519,-32.288607,541.819209
42.062715,-11.530276,540.527749
31.270278,3.949598,539.414475
19.003645,16.065060,539.344332
6.050884,26.465966,541.028333
-7.084234,36.366412,544.736864
-19.976058,46.830342,550.146220
-32.116019,59.083196,556.376594
-42.703853,74.783312,562.211439
-50.356158,95.778826,566.425518
-53.148335,121.777560,568.118052
-50.039760,147.590371,566.954133
-42.178108,168.254910,563.250075
-31.480123,-176.293444,557.881651
-19.289437,-164.183674,552.039305
-6.381657,-153.785729,546.896843
6.745287,-143.892417,543.290778
19.667285,-133.441345,541.511957
31.873212,-121.203522,541.278389
42.554199,-105.503858,541.895460
50.303959,-84.447911,542.543089
53.146533,-52.905141,542.583059
49.928348,-26.959077,541.803614
41.928254,-6.283108,540.509114
31.107662,9.136462,539.404384
18.827069,21.218060,539.354466
5.868702,31.604410,541.066014
-7.265959,41.505379,544.801808
-20.151214,51.985028,550.229696
-32.276090,64.273203,556.463331
-42.834306,80.035039,562.283665
-50.432706,101.111883,566.467798
-53.145365,127.153529,568.121462
-49.958527,152.917929,566.918616
-42.044989,173.501361,563.184376
-31.318728,-171.106744,557.800855
-19.113718,-159.030710,551.960634
-6.199848,-148.647347,546.834879
6.927169,-138.753591,543.253587
19.843124,-128.286871,541.499377
32.034421,-116.013687,541.283038
42.686057,-100.251857,541.906062
50.381687,-79.113280,542.548894
53.142529,-47.526439,542.577688
49.845245,-21.630669,541.787912
41.793262,-1.036977,540.490513
30.944774,14.322690,539.394499
18.650367,26.370739,539.364947
5.686486,36.742762,541.104095
-7.447636,46.644455,544.867088
-20.326229,57.140055,550.313333
-32.435869,69.463872,556.549989
-42.964202,85.287819,562.355571
-50.508299,106.446005,566.509580
-53.141210,132.529436,568.124310
-49.876373,158.244385,566.882601
-41.911340,178.746789,563.118353
-31.157058,-165.920676,557.719972
-18.937866,-153.878064,551.882107
-6.017999,-143.509058,546.773222
7.109012,-133.614656,543.216759
20.018828,-123.132056,541.487100
32.195343,-110.823187,541.287851
42.817358,-94.998791,541.916664
50.458452,-73.777562,542.554575
53.137325,-42.147817,542.572152
49.761216,-16.303390,541.772106
41.657744,4.208124,540.471948
30.781616,19.508288,539.384822
18.473540,31.523103,539.375777
5.504239,41.881026,541.142577
-7.629265,51.783643,544.932702
-20.501100,62.295426,550.397127
-32.595352,74.655209,556.636564
-43.093534,90.541657,562.427152
-50.582931,111.781184,566.550863
-53.135872,137.905259,568.126596
-49.793304,163.569732,566.846091
-41.777166,-176.008802,563.052010
-30.995114,-160.735234,557.639005
-18.761883,-148.725734,551.803726
-5.836111,-138.370859,546.711873
7.290814,-128.475611,543.180292
20.194394,-117.976896,541.475126
32.355975,-105.632016,541.292825
42.948096,-89.744657,541.927264
50.534247,-68.440763,542.560130
53.130920,-36.769296,542.566451
49.676268,-10.977245,541.756196
41.521705,9.452199,540.453421
30.618191,24.693261,539.375356
18.296590,36.675155,539.386957
5.321961,47.019204,541.181459
-7.810846,56.922945,544.998648
-20.675825,67.451147,550.481077
-32.754538,79.847220,556.723052
-43.222297,95.796558,562.498407
-50.656596,117.117414,566.591645
-53.129352,143.280979,568.128321
-49.709326,168.893965,566.809086
-41.642471,-170.765407,562.985350
-30.832899,-155.550413,557.557956
-18.585770,-143.573716,551.725494
-5.654185,-133.232745,546.650835
7.472574,-123.336452,543.144188
20.369823,-112.821389,541.463452
32.516314,-100.440170,541.297959
43.078268,-84.489447,541.937861
50.609066,-63.102890,542.565559
53.123315,-31.390898,542.560585
49.590405,-5.652238,541.740185
41.385148,14.695254,540.434935
30.454502,29.877614,539.366103
18.119518,41.826897,539.398489
5.139653,52.157300,541.220741
-7.992376,62.062365,545.064925
-20.850403,72.607220,550.565178
-32.913422,85.039909,556.809450
-43.350488,101.052526,562.569331
-50.729289,122.454685,566.631925
-53.121649,148.656574,568.129483
-49.624444,174.217081,566.771589
-41.507260,-165.523020,562.918375
-30.670416,-150.366209,557.476830
-18.409529,-138.422007,551.647414
-5.472222,-128.094716,546.590109
7.654291,-118.197177,543.108445
20.545111,-107.665529,541.452077
32.676358,-95.247642,541.303250
43.207867,-79.233159,541.948451
50.682905,-57.763952,542.570858
53.114511,-26.012644,542.554554
49.503634,-0.328374,541.724074
41.248078,19.937293,540.416492
30.290551,35.061352,539.357066
17.942325,46.978335,539.410373
4.957318,57.295315,541.260423
-8.173854,67.201906,545.131530
-21.024832,77.763649,550.649429
-33.072003,90.233281,556.895754
-43.478100,106.309565,562.639922
-50.801005,127.792991,566.671700
-53.112764,154.032025,568.130084
-49.538663,179.539074,566.733602
-41.371537,-160.281636,562.851089
-30.507667,-145.182617,557.395630
-18.233162,-133.270602,551.569489
-5.290224,-122.956767,546.529696
7.835964,-113.057783,543.073064
20.720258,-102.509313,541.441000
32.836104,-90.054429,541.308696
43.336889,-73.975787,541.959034
50.755756,-52.423957,542.576029
53.104508,-20.634553,542.548358
49.415961,4.994343,541.707864
41.110501,25.178323,540.398095
30.126341,40.244480,539.348246
17.765013,52.129471,539.422612
4.774955,62.433253,541.300506
-8.355280,72.341570,545.198462
-21.199112,82.920439,550.733825
-33.230277,95.427343,556.981961
-43.605130,111.567680,562.710176
-50.871739,133.132323,566.710968
-53.102699,159.407311,568.130123
-49.451991,-175.140061,566.695126
-41.235307,-155.041250,562.783495
-30.344654,-139.999630,557.314359
-18.056669,-128.119499,551.491722
-5.108192,-117.818897,546.469598
8.017592,-107.918266,543.038044
20.895261,-97.352738,541.430218
32.995548,-84.860523,541.314294
43.465329,-68.717327,541.969607
50.827616,-47.082913,542.581069
53.093309,-15.256648,542.541999
49.327392,10.315908,541.691556
40.972420,30.418349,540.379746
29.961874,45.427004,539.339646
17.587584,57.280309,539.435206
4.592565,67.571117,541.340988
-8.536653,77.481360,545.265719
-21.373239,88.077593,550.818364
-33.388242,100.622100,557.068067
-43.731572,116.826876,562.780092
-50.941484,138.472672,566.749729
-53.091454,164.782411,568.129601
-49.364432,-169.820326,566.656163
-41.098574,-149.801857,562.715596
-30.181381,-134.817245,557.233021
-17.880053,-122.968694,551.414116
-4.926126,-112.681102,546.409816
8.199174,-102.778624,543.003386
21.070119,-92.195800,541.419731
33.154688,-79.665920,541.320043
43.593182,-63.457773,541.980168
50.898477,-41.740828,542.585978
53.080913,-9.878949,542.535475
49.237932,15.636318,541.675154
40.833841,35.657376,540.361447
29.797152,50.608928,539.331268
17.410039,62.430853,539.448158
4.410151,72.708910,541.381869
-8.717970,82.621279,545.333299
-21.547213,93.235114,550.903042
-33.545895,105.817556,557.154069
-43.857421,122.087156,562.849665
-51.010235,143.814030,566.787981
-53.079031,170.157306,568.128518
-49.275992,-164.501727,566.616716
-40.961342,-144.563452,562.647394
-30.017849,-129.635456,557.151619
-17.703315,-117.818183,551.336673
-4.744028,-107.543379,546.350351
8.380709,-97.638855,542.969089
21.244831,-87.038494,541.409536
33.313521,-74.470614,541.325940
43.720443,-58.197123,541.990715
50.968335,-36.397711,542.590753
53.067321,-4.501476,542.528787
49.147588,20.955568,541.658657
40.694766,40.895409,540.343200
29.632179,55.790257,539.323115
17.232380,67.581105,539.461467
4.227713,77.846633,541.423150
-8.899231,87.761331,545.401201
-21.721031,98.393007,550.987857
-33.703233,111.013717,557.239963
-43.982672,127.348525,562.918894
-51.077988,149.156386,566.825722
-53.065430,175.531975,568.126873
-49.186678,-159.184267,566.576785
-40.823616,-139.326028,562.578894
-29.854062,-124.454259,557.070156
-17.526456,-112.667963,551.259396
-4.561898,-102.405727,546.291206
8.562194,-92.498954,542.935152
21.419394,-81.880816,541.399633
33.472045,-69.274600,541.331983
43.847106,-52.935370,542.001245
51.037184,-31.053571,542.595395
53.052537,0.875750,542.521936
49.056365,26.273656,541.642068
40.555202,46.132455,540.325008
29.466957,60.970997,539.315189
17.054608,72.731070,539.475137
4.045252,82.984291,541.464830
-9.080435,92.901517,545.469421
-21.894693,103.551275,551.072805
-33.860252,116.210589,557.325746
-44.107321,132.610987,562.987774
-51.144736,154.499733,566.862950
-53.050654,-179.093601,568.124668
-49.096494,-153.867948,566.536373
-40.685400,-134.089582,562.510097
-29.690021,-119.273648,556.988636
-17.349478,-107.518030,551.182287
-4.379739,-97.268141,546.232381
8.743630,-87.358919,542.901577
21.593807,-76.722764,541.390019
33.630255,-64.077873,541.338169
43.973167,-47.672511,542.011757
51.105019,-25.708419,542.599902
53.036559,6.252708,542.514922
48.964270,31.590579,541.625388
40.415152,51.368518,540.306874
29.301487,66.151152,539.307491
16.876724,77.880752,539.489167
3.862770,88.121885,541.506908
-9.261580,98.041842,545.537959
-22.068195,108.709924,551.157883
-34.016951,121.408177,557.411414
-44.231361,137.874546,563.056304
-51.210476,159.844061,566.899665
-53.034702,-173.719444,568.121902
-49.005448,-148.552776,566.495482
-40.546699,-128.854107,562.441007
-29.525728,-114.093619,556.907062
-17.172382,-102.368382,551.105351
-4.197551,-92.130619,546.173878
8.925015,-82.218748,542.868361
21.768068,-71.564332,541.380693
33.788149,-58.880426,541.344496
44.098621,-42.408542,542.022249
51.171834,-20.362263,542.604273
53.019392,11.629377,542.507745
48.871308,36.906333,541.608619
40.274620,56.603605,540.288799
29.135774,71.330728,539.300025
16.698731,83.030152,539.503559
3.680267,93.259419,541.549385
-9.442666,103.182307,545.606813
-22.241538,113.868955,551.243089
-34.173325,126.606486,557.496964
-44.354789,143.139206,563.124480
-51.275200,165.189358,566.935864
-53.017578,-168.345572,568.118576
-48.913543,-143.238751,566.454114
-40.407516,-123.619598,562.371628
-29.361187,-108.914166,556.825438
-16.995170,-97.219013,551.028588
-4.015335,-86.993159,546.115697
9.106348,-77.078437,542.835506
21.942175,-66.405518,541.371653
33.945724,-53.682255,541.350962
44.223461,-37.143458,542.032718
51.237624,-15.015113,542.608507
53.001035,17.005739,542.500406
48.777486,42.220916,541.591762
40.133612,61.837720,540.270786
28.969818,76.509728,539.292792
16.520628,88.179276,539.518315
3.497744,98.396895,541.592261
-9.623691,108.322917,545.675980
-22.414718,119.028374,551.328418
-34.329373,131.805522,557.582392
-44.477599,148.404971,563.192299
-51.338905,170.535616,566.971546
-52.999282,-162.972006,568.114690
-48.820788,-137.925878,566.412271
-40.267856,-118.386050,562.301962
-29.196400,-103.735285,556.743767
-16.817843,-92.069922,550.952003
-3.833092,-81.855757,546.057842
9.287627,-71.937983,542.803010
22.116128,-61.246316,541.362898
34.102978,-48.483353,541.357565
44.347684,-31.877256,542.043163
51.302384,-9.666981,542.612603
52.981490,22.381772,542.492905
48.682809,47.534325,541.574820
39.992130,67.070870,540.252837
28.803622,81.688159,539.285795
16.342419,93.328126,539.533436
3.315204,103.534316,541.635534
-9.804654,113.463673,545.745458
-22.587735,124.188184,551.413868
-34.485091,137.005290,557.667695
-44.599785,153.671845,563.259759
-51.401586,175.882824,567.006709
-52.979817,-157.598765,568.110244
-48.727186,-132.614158,566.369954
-40.127723,-113.153457,562.232013
-29.031369,-98.556971,556.662052
-16.640403,-86.921104,550.875597
-3.650824,-76.718411,546.000312
9.468852,-66.797384,542.770874
22.289923,-56.086723,541.354425
34.259906,-43.283716,541.364302
44.471283,-26.609931,542.053581
51.366108,-4.317876,542.616559
52.960761,27.757456,542.485242
48.587284,52.846559,541.557794
39.850180,72.303059,540.234955
28.637190,86.866024,539.279036
16.164104,98.476707,539.548922
3.132646,108.671686,541.679204
-9.985554,118.604578,545.815246
-22.760586,129.348389,551.499435
-34.640475,142.205796,557.752870
-44.721343,158.939831,563.326857
-51.463236,-178.769030,567.041353
-52.959183,-152.225869,568.105239
-48.632744,-127.303594,566.327167
-39.987121,-107.921814,562.161783
-28.866096,-93.379220,556.580297
-16.462850,-81.772556,550.799374
-3.468531,-71.581118,545.943109
9.650021,-61.656635,542.739097
22.463559,-50.926736,541.346234
34.416506,-38.083338,541.371171
44.594254,-21.341479,542.063971
51.428791,1.032191,542.620376
52.938848,33.132772,542.477417
48.490916,58.157614,541.540685
39.707766,77.534295,540.217142
28.470522,92.043330,539.272517
15.985685,103.625020,539.564776
2.950071,113.809006,541.723272
-10.166389,123.745637,545.885341
-22.933269,134.508994,551.585117
-34.795524,147.407045,557.837912
-44.842268,164.208933,563.393589
-51.523852,-173.419956,567.075475
-52.937384,-146.853337,568.099675
-48.537469,-121.994188,566.283910
-39.846054,-102.691115,562.091276
-28.700583,-88.202025,556.498505
-16.285187,-76.624275,550.723336
-3.286215,-66.443876,545.886235
9.831133,-56.515736,542.707678
22.637035,-45.766349,541.338322
34.572775,-32.882213,541.378170
44.716591,-16.071897,542.074330
51.490428,6.383208,542.624051
52.915754,38.507699,542.469432
48.393712,63.467490,541.523495
39.564891,82.764581,540.199401
28.303622,97.220080,539.266241
15.807162,108.773070,539.580998
2.767482,118.946279,541.767736
-10.347159,128.886851,545.955741
-23.105784,139.670002,551.670910
-34.950233,152.609043,557.922818
-44.962553,169.479155,563.459953
-51.583428,-168.069965,567.109075
-52.914421,-141.481189,568.093552
-48.441364,-116.685941,566.240186
-39.704527,-97.461354,562.020494
-28.534834,-83.025384,556.416680
-16.107415,-71.476258,550.647485
-3.103876,-61.306681,545.829690
10.012186,-51.374682,542.676618
22.810349,-40.605559,541.330688
34.728709,-27.680335,541.385296
44.838289,-10.801180,542.084656
51.551014,11.735165,542.627585
52.891480,43.882219,542.461287
48.295677,68.776184,541.506226
39.421561,87.993925,540.181733
28.136491,102.396280,539.260209
15.628539,113.920860,539.597589
2.584879,124.083509,541.812596
-10.527862,134.028224,546.026445
-23.278128,144.831417,551.756811
-35.104600,157.811795,558.007585
-45.082195,174.750499,563.525946
-51.641960,-162.719070,567.142150
-52.890296,-136.109443,568.086871
-48.344438,-111.378856,566.195997
-39.562544,-92.232527,561.949442
-28.368850,-77.849290,556.334824
-15.929534,-66.328500,550.571825
-2.921517,-56.169530,545.773475
10.193181,-46.233470,542.645916
22.983499,-35.444362,541.323330
34.884305,-22.477700,541.392547
44.959342,-5.529326,542.094948
51.610544,17.088049,542.630975
52.866030,49.256311,542.452982
48.196817,74.083696,541.488880
39.277778,93.222331,540.164142
27.969133,107.571934,539.254424
15.449815,119.068394,539.614550
2.402263,129.220698,541.857852
-10.708497,139.169758,546.097450
-23.450299,149.993244,551.842816
-35.258621,163.015307,558.092210
-45.201187,-179.977030,563.591566
-51.699442,-157.367281,567.174700
-52.865012,-130.738119,568.079632
-48.246694,-106.072934,566.151345
-39.420108,-87.004628,561.878122
-28.202633,-72.673739,556.252941
-15.751547,-61.180999,550.496358
-2.739137,-51.032422,545.717593
10.374115,-41.092098,542.615571
23.156482,-30.282754,541.316246
35.039561,-17.274301,541.399921
45.079746,-0.256331,542.105204
51.669013,22.441849,542.634222
52.839406,54.629957,542.444517
48.097138,79.390024,541.471459
39.133548,98.449805,540.146630
27.801549,112.747047,539.248888
15.270993,124.215675,539.631884
2.219636,134.357849,541.903504
-10.889063,144.311458,546.168754
-23.622296,155.155487,551.928923
-35.412293,168.219584,558.176688
-45.319525,-174.703429,563.656810
-51.755870,-152.014612,567.206724
-52.838571,-125.367235,568.071836
-48.148140,-100.768176,566.106233
-39.277224,-81.777651,561.806538
-28.036186,-67.498727,556.171035
-15.573455,-56.033752,550.421086
-2.556738,-45.895353,545.662044
10.554987,-35.950562,542.585583
23.329298,-25.120730,541.309435
35.194473,-12.070133,541.407416
45.199494,5.017809,542.115421
51.726415,27.796551,542.637324
52.811610,60.003137,542.435894
47.996647,84.695167,541.453963
38.988874,103.676354,540.129198
27.633741,117.921623,539.243603
15.092073,129.362705,539.649590
2.036998,139.494964,541.949550
-11.069558,149.453325,546.240355
-23.794116,160.318148,552.015129
-35.565614,173.424631,558.261017
-45.437203,-169.428696,563.721674
-51.811240,-146.661074,567.238219
-52.810976,-119.996810,568.063483
-48.048781,-95.464583,566.060662
-39.133895,-76.551590,561.734692
-27.869511,-62.324248,556.089109
-15.395260,-50.886754,550.346012
-2.374321,-40.758320,545.606829
10.735796,-30.808859,542.555951
23.501944,-19.958287,541.302895
35.349038,-6.865189,541.415029
45.318581,10.293097,542.125598
51.782747,33.152144,542.640280
52.782645,65.375833,542.427112
47.895349,89.999125,541.436396
38.843761,108.901982,540.111850
27.465712,123.095669,539.238571
14.913058,134.509489,539.667670
1.854350,144.632047,541.995990
-11.249982,154.595362,546.312251
-23.965759,165.481234,552.101429
-35.718579,178.630455,558.345193
-45.554215,-164.152827,563.786156
-51.865545,-141.306681,567.269185
-52.782228,-114.626863,568.054574
-47.948622,-90.162156,566.014634
-38.990125,-71.326440,561.662587
-27.702610,-57.150299,556.007166
-15.216962,-45.740003,550.271139
-2.191887,-35.621322,545.551949
10.916541,-25.666987,542.526675
23.674419,-14.795421,541.296623
35.503252,-1.659466,541.422757
45.437002,15.569536,542.135732
51.838003,38.508615,542.643090
52.752514,70.748025,542.418172
47.793250,95.301897,541.418758
38.698211,114.126695,540.094588
27.297464,128.269187,539.233795
14.733948,139.656030,539.686125
1.671694,149.769099,542.042824
-11.430333,159.737574,546.384439
-24.137221,170.644748,552.187821
-35.871186,-176.162939,558.429212
-45.670557,-158.875820,563.850254
-51.918783,-135.951445,567.299620
-52.752332,-109.257412,568.045110
-47.847670,-84.860895,565.968152
-38.845919,-66.102196,561.590228
-27.535485,-51.976874,555.925210
-15.038563,-40.593496,550.196469
-2.009438,-30.484354,545.497406
11.097220,-20.524942,542.497755
23.846721,-9.632126,541.290618
35.657112,3.547044,541.430599
45.554751,20.847130,542.145822
51.892178,43.865951,542.645752
52.721219,76.119695,542.409076
47.690356,100.603482,541.401052
38.552230,119.350500,540.077414
27.129000,133.442184,539.229277
14.554745,144.802331,539.704956
1.489031,154.906125,542.090051
-11.610610,164.879962,546.456918
-24.308502,175.808693,552.274301
-36.023432,-170.955545,558.513071
-45.786223,-153.597671,563.913964
-51.970948,-130.595379,567.329524
-52.721289,-103.888474,568.035090
-47.745930,-79.560802,565.921218
-38.701281,-60.878851,561.517617
-27.368139,-46.803968,555.843243
-14.860064,-35.447229,550.122005
-1.826974,-25.347414,545.443200
11.277833,-15.382722,542.469189
24.018847,-4.468400,541.284879
35.810615,8.754346,541.438553
45.671822,26.125881,542.155865
51.945268,49.224138,542.648266
52.688764,81.490825,542.399823
47.586673,105.903880,541.383280
38.405821,124.573402,540.060331
26.960320,138.614663,539.225018
14.375450,149.948396,539.724163
1.306361,160.043126,542.137670
-11.790811,170.022530,546.529685
-24.479599,-179.026925,552.360867
-36.175312,-165.747359,558.596767
-45.901207,-148.318379,563.977284
-52.022036,-125.238497,567.358894
-52.689102,-98.520069,568.024516
-47.643408,-74.261876,565.873835
-38.556213,-55.656401,561.444758
-27.200573,-41.631578,555.761270
-14.681467,-30.301198,550.047749
-1.644496,-20.210500,545.389333
11.458377,-10.240323,542.440978
24.190797,0.695763,541.279404
35.963757,13.962445,541.446615
45.788211,31.405791,542.165861
51.997268,54.583162,542.650631
52.655151,86.861396,542.390413
47.482206,111.203093,541.365443
38.258988,129.795407,540.043341
26.791429,143.786629,539.221021
14.196065,155.094227,539.743749
1.123686,165.180105,542.185681
-11.970936,175.165281,546.602738
-24.650510,-173.862103,552.447514
-36.326824,-160.538374,558.680295
-46.015504,-143.037940,564.040212
-52.072043,-119.880814,567.387730
-52.655775,-93.152213,568.013387
-47.540110,-68.964117,565.826003
-38.410720,-50.434839,561.371653
-27.032790,-36.459699,555.679294
-14.502772,-25.155401,549.973704
-1.462006,-15.073608,545.335805
11.638853,-5.097742,542.413120
24.362567,5.860366,541.274190
36.116535,19.171348,541.454784
45.903912,36.686865,542.175806
52.048174,59.943010,542.652846
52.620384,92.231390,542.380849
47.376963,116.501118,541.347542
38.111735,135.016520,540.026447
26.622327,148.958087,539.217288
14.016590,160.239828,539.763714
0.941007,170.317065,542.234084
-12.150983,-179.691782,546.676074
-24.821235,-168.696836,552.534240
-36.477964,-155.328584,558.763653
-46.129109,-137.756352,564.102744
-52.120964,-114.522342,567.416031
-52.621311,-87.784924,568.001706
-47.436041,-63.667525,565.777726
-38.264807,-45.214160,561.298306
-26.864792,-31.288326,555.597317
-14.323983,-20.009835,549.899873
-1.279504,-9.936737,545.282619
11.819258,0.045024,542.385615
24.534157,11.025414,541.269235
36.268946,24.381059,541.463057
46.018918,41.969104,542.185700
52.097982,65.303667,542.654910
52.584466,97.600791,542.371129
47.270948,121.797958,541.329581
37.964065,140.236747,540.009651
26.453016,154.129041,539.213821
13.837028,165.385202,539.784058
0.758326,175.454010,542.282876
-12.330951,-174.548656,546.749692
-24.991769,-163.531120,552.621041
-36.628730,-150.117985,558.846838
-46.242015,-132.473613,564.164878
-52.168795,-109.163096,567.443796
-52.585712,-82.418220,567.989472
-47.331208,-58.372100,565.729007
-38.118475,-39.994358,561.224720
-26.696581,-26.117454,555.515343
-14.145098,-14.864495,549.826257
-1.096992,-4.799883,545.229773
11.999591,5.187978,542.358463
24.705564,16.190911,541.264539
36.420987,29.591585,541.471432
46.133225,47.252510,542.195540
52.146686,70.665119,542.656823
52.547401,102.969579,542.361256
47.164168,127.093612,541.311560
37.815984,145.456094,539.992955
26.283500,159.299497,539.210623
13.657379,170.530353,539.804783
0.575642,-179.409060,542.332059
-12.510839,-169.405338,546.823589
-25.162113,-158.364951,552.707914
-36.779116,-144.906571,558.929845
-46.354218,-127.189721,564.226612
-52.215532,-103.803091,567.471023
-52.548983,-77.052117,567.976686
-47.225615,-53.077842,565.679846
-37.971730,-34.775428,561.150899
-26.528159,-20.947079,555.433376
-13.966121,-9.719380,549.752859
-0.914471,0.336957,545.177270
12.179851,10.331123,542.331663
24.876786,21.356862,541.260099
36.572653,34.802932,541.479907
46.246827,52.537087,542.205324
52.194282,76.027352,542.658584
52.509191,108.337739,542.351230
47.056628,132.388082,541.293482
37.667493,150.674567,539.976361
26.113780,164.469457,539.207694
13.477646,175.675283,539.825890
0.392958,-174.272139,542.381631
-12.690645,-164.261824,546.897763
-25.332263,-153.198324,552.794856
-36.929121,-139.694335,559.012671
-46.465713,-121.904674,564.287942
-52.261170,-98.442341,567.497711
-52.511125,-71.686633,567.963348
-47.119269,-47.784750,565.630247
-37.824575,-29.557364,561.076845
-26.359528,-15.777197,555.351419
-13.787052,-4.574485,549.679681
-0.731942,5.473785,545.125111
12.360038,15.474462,542.305213
25.047822,26.523269,541.255913
36.723941,40.015105,541.488479
46.359717,57.822837,542.215050
52.240767,81.390349,542.660193
52.469840,113.705252,542.341050
46.948334,137.681368,541.275349
37.518598,155.892172,539.959873
25.943858,169.638928,539.205038
13.297828,-179.180004,539.847380
0.210274,-169.135227,542.431590
-12.870368,-159.118112,546.972211
-25.502218,-148.031236,552.881863
-37.078740,-134.481272,559.095313
-46.576492,-116.618470,564.348867
-52.305707,-93.080861,567.523859
-52.472144,-66.321785,567.949461
-47.012176,-42.492823,565.580211
-37.677013,-24.340160,561.002562
-26.190691,-10.607803,555.269474
-13.607893,0.570192,549.606727
-0.549406,10.610604,545.073296
12.540148,20.617999,542.279114
25.218669,31.690139,541.251979
36.874848,45.228110,541.497146
46.471891,63.109760,542.224717
52.286135,86.754096,542.661647
52.429352,119.072102,542.330719
46.839292,142.973471,541.257162
37.369301,161.108914,539.943493
25.773737,174.807913,539.202656
13.117928,-174.035505,539.869253
0.027591,-163.998320,542.481938
-13.050007,-153.974199,547.046931
-25.671976,-142.863681,552.968932
-37.227970,-129.267377,559.177768
-46.686552,-111.331107,564.409383
-52.349137,-87.718668,567.549467
-52.432041,-60.957588,567.935023
-46.904340,-37.202060,565.529742
-37.529049,-19.123811,560.928054
-26.021649,-5.438893,555.187546
-13.428644,5.714655,549.533998
-0.366864,15.747417,545.021827
12.720182,25.761736,542.253365
25.389325,36.857476,541.248296
37.025370,50.441952,541.505906
46.583343,68.397860,542.234323
52.330384,92.118578,542.662948
52.387731,124.438272,542.320237
46.729508,148.264393,541.238924
37.219607,166.324799,539.927223
25.603417,179.976417,539.200551
12.937947,-168.891216,539.891510
-0.155089,-158.861415,542.532672
-13.229561,-148.830080,547.121922
-25.841535,-137.695656,553.056059
-37.376808,-124.052645,559.260031
-46.795885,-106.042583,564.469488
-52.391457,-82.355776,567.574532
-52.390822,-55.594059,567.920037
-46.795769,-31.912460,565.478842
-37.380686,-13.908311,560.853323
-25.852403,-0.270462,555.105638
-13.249308,10.858907,549.461497
-0.184317,20.884226,544.970703
12.900138,30.905676,542.227964
25.559788,42.025283,541.244861
37.175503,55.656638,541.514757
46.694066,73.687138,542.243865
52.373509,97.483777,542.664093
52.344980,129.803746,542.309605
46.618987,153.554134,541.220636
37.069520,171.539832,539.911065
25.432902,-174.855555,539.198724
12.757886,-163.747136,539.914153
-0.337765,-153.724510,542.583792
-13.409028,-143.685754,547.197179
-26.010893,-132.527157,553.143242
-37.525249,-118.837068,559.342100
-46.904488,-100.752898,564.529179
-52.432664,-76.992201,567.599055
-52.348489,-50.231213,567.904503
-46.686466,-26.624022,565.427512
-37.231927,-8.693655,560.778373
-25.682958,4.897495,555.023753
-13.069885,16.002951,549.389226
-0.001766,26.021034,544.919927
13.080014,36.049824,542.202912
25.730057,47.193565,541.241672
37.325245,60.872172,541.523695
46.804056,78.977596,542.253343
52.415505,102.849680,542.665083
52.301104,135.168508,542.298822
46.507736,158.842697,541.202300
36.919042,176.754021,539.895022
25.262194,-169.688000,539.197178
12.577746,-158.603259,539.937182
-0.520437,-148.587602,542.635297
-13.588407,-138.541217,547.272702
-26.180048,-127.358178,553.230477
-37.673291,-113.620642,559.423972
-47.012353,-95.462050,564.588454
-52.472753,-71.627959,567.623035
-52.305047,-44.869068,567.888421
-46.576439,-21.336744,565.375756
-37.082777,-3.479836,560.703207
-25.513313,10.064981,554.941894
-12.890377,21.146790,549.317188
0.180788,31.157845,544.869498
13.259810,41.194181,542.178207
25.900130,52.362327,541.238728
37.474590,66.088562,541.532720
46.913306,84.269235,542.262754
52.456370,108.216268,542.665917
52.256105,140.532542,542.287892
46.395760,164.130083,541.183918
36.768177,-178.032631,539.879097
25.091293,-164.520912,539.195914
12.397530,-153.459584,539.960597
-0.703103,-143.450688,542.687186
-13.767696,-133.396466,547.348487
-26.348998,-122.188715,553.317760
-37.820929,-108.403362,559.505642
-47.119476,-90.170038,564.647311
-52.511721,-66.263067,567.646469
-52.260499,-39.507638,567.871793
-46.465692,-16.050625,565.323576
-36.933237,1.733150,560.627828
-25.343472,15.232000,554.860064
-12.710785,26.290427,549.245384
0.363343,36.294660,544.819418
13.439524,46.338751,542.153848
26.070003,57.531573,541.236027
37.623536,71.305813,541.541827
47.021810,89.562056,542.272097
52.496099,113.583526,542.666594
52.209989,145.895832,542.276813
46.283065,169.416294,541.165493
36.616930,-172.820116,539.863291
24.920203,-159.354288,539.194935
12.217237,-148.316107,539.984400
-0.885762,-138.313766,542.739459
-13.946896,-128.251498,547.424532
-26.517740,-117.018764,553.405088
-37.968161,-103.185220,559.587107
-47.225850,-84.876861,564.705747
-52.549564,-60.897540,567.669358
-52.214849,-34.146938,567.854620
-46.354231,-10.765663,565.270974
-36.783313,6.945310,560.552240
-25.173436,20.398558,554.778267
-12.531110,31.433866,549.173817
0.545899,41.431483,544.769688
13.619155,51.483538,542.129836
26.239676,62.701307,541.233566
37.772080,76.523930,541.551016
47.129563,94.856060,542.281369
52.534690,118.951437,542.667114
52.162760,151.258363,542.265587
46.169656,174.701332,541.147026
36.465302,-167.608429,539.847608
24.748926,-154.188123,539.194242
12.036869,-143.172825,540.008591
-1.068413,-133.176832,542.792114
-14.126003,-123.106309,547.500834
-26.686273,-111.848320,553.492458
-38.114982,-97.966213,559.668365
-47.331470,-79.582518,564.763759
-52.586279,-55.531396,567.691700
-52.168101,-28.786985,567.836902
-46.242062,-5.481856,565.217952
-36.633008,12.156649,560.476446
-25.003207,25.564659,554.696506
-12.351353,36.577109,549.102490
0.728454,46.568316,544.720307
13.798701,56.628544,542.106168
26.409146,67.871535,541.231344
37.920216,81.742919,541.560284
47.236559,100.151250,542.290570
52.572137,124.319984,542.667476
52.114421,156.620120,542.254215
46.055539,179.985200,541.128519
36.313299,-162.397565,539.832049
24.577462,-149.022413,539.193838
11.856428,-138.029735,540.033171
-1.251054,-128.039884,542.845150
-14.305017,-117.960896,547.577392
-26.854595,-106.677380,553.579866
-38.261389,-92.746334,559.749411
-47.436330,-74.287009,564.821346
-52.621863,-50.164652,567.713495
-52.120259,-23.427791,567.818641
-46.129190,-0.199203,565.164514
-36.482325,17.367172,560.400449
-24.832787,30.730306,554.614785
-12.171516,41.720160,549.031405
0.911007,51.705161,544.671278
13.978161,61.773773,542.082844
26.578411,73.042260,541.229359
38.067942,86.962786,541.569629
47.342792,105.447624,542.299696
52.608438,129.689149,542.667679
52.064977,161.981087,542.242697
45.940720,-174.732102,541.109974
36.160924,-157.187518,539.816618
24.405815,-143.857153,539.193724
11.675915,-132.886834,540.058141
-1.433686,-122.902919,542.898567
-14.483937,-112.815257,547.654203
-27.022704,-101.505937,553.667310
-38.407377,-87.525577,559.830242
-47.540425,-68.990332,564.878503
-52.656312,-44.797324,567.734742
-52.071328,-18.069372,567.799837
-46.015621,5.082300,565.110662
-36.331267,22.576886,560.324254
-24.662178,35.895504,554.533105
-11.991601,46.863022,548.960563
1.093558,56.842023,544.622600
14.157534,66.919228,542.059863
26.747469,78.213487,541.227608
38.215253,92.183537,541.579047
47.448257,110.745185,542.308747
52.643589,135.058915,542.667724
52.014432,167.341251,542.231035
45.825205,-169.450569,541.091393
36.008179,-151.978281,539.801316
24.233987,-138.692339,539.193902
11.495331,-127.744118,540.083501
-1.616307,-117.765935,542.952363
-14.662761,-107.669387,547.731263
-27.190597,-96.333989,553.754784
-38.552944,-82.303937,559.910855
-47.643749,-63.692489,564.935230
-52.689624,-39.429430,567.755440
-52.021312,-12.711743,567.780491
-45.901360,10.362653,565.056397
-36.179837,27.785796,560.247862
-24.491382,41.060258,554.451472
-11.811607,52.005697,548.889968
1.276105,61.978903,544.574274
14.336819,72.064912,542.037225
26.916317,83.385221,541.226090
38.362146,97.405177,541.588538
47.552947,116.043931,542.317721
52.677588,140.429265,542.667609
51.962792,172.700596,542.219229
45.708999,-164.170200,541.072779
35.855069,-146.769850,539.786146
24.061978,-133.527967,539.194375
11.314677,-122.601585,540.109253
-1.798915,-112.628928,543.006538
-14.841487,-102.523284,547.808572
-27.358272,-91.161530,553.842287
-38.698085,-77.081409,559.991246
-47.746296,-58.393478,564.991524
-52.721794,-34.060988,567.775588
-51.970215,-7.354917,567.760605
-45.786413,15.641860,565.001723
-36.028041,32.993907,560.171277
-24.320401,46.224571,554.369887
-11.631538,57.148190,548.819620
1.458647,67.115804,544.526302
14.516013,77.210828,542.014928
27.084954,88.557466,541.224803
38.508617,102.627713,541.598098
47.656856,121.343865,542.326616
52.710430,145.800181,542.667334
51.910059,178.059110,542.207281
45.592107,-158.890993,541.054132
35.701597,-141.562218,539.771110
23.889791,-128.364033,539.195144
11.133955,-117.459232,540.135396
-1.981510,-107.491897,543.061090
-15.020115,-97.376944,547.886125
-27.525728,-85.988556,553.929815
-38.842797,-71.857986,560.071413
-47.848060,-53.093301,565.047382
-52.752821,-28.692015,567.795185
-51.918041,-1.998907,567.740179
-45.670785,20.919924,564.946643
-35.875879,38.201226,560.094503
-24.149237,51.388448,554.288354
-11.451392,62.290502,548.749524
1.641183,72.252729,544.478683
14.695117,82.356981,541.992971
27.253378,93.730227,541.223744
38.654662,107.851149,541.607726
47.759979,126.644985,542.335431
52.742113,151.171643,542.666898
51.856239,-176.583222,542.195191
45.474535,-153.612943,541.035457
35.547765,-136.355380,539.756211
23.717429,-123.200532,539.196211
10.953165,-112.317055,540.161931
-2.164090,-102.354837,543.116018
-15.198644,-92.230364,547.963921
-27.692962,-80.815062,554.017364
-38.987075,-66.633663,560.151351
-47.949036,-47.791956,565.102802
-52.782701,-23.322530,567.814231
-51.864795,3.356272,567.719214
-45.554481,26.196846,564.891158
-35.723357,43.407757,560.017543
-23.977891,56.551893,554.206877
-11.271173,67.432637,548.679680
1.823712,77.389681,544.431418
14.874128,87.503372,541.971354
27.421586,98.903509,541.222912
38.800277,113.075493,541.617419
47.862309,131.947292,542.344163
52.772634,156.543635,542.666302
51.801337,-171.226414,542.182961
45.356290,-148.336048,541.016753
35.393579,-131.149331,539.741451
23.544892,-118.037460,539.197579
10.772310,-107.175051,540.188860
-2.346654,-97.217747,543.171322
-15.377071,-87.083541,548.041956
-27.859971,-75.641043,554.104930
-39.130916,-61.408435,560.231058
-48.049217,-42.489445,565.157782
-52.811432,-17.952550,567.832725
-51.810482,8.710607,567.697712
-45.437508,31.472629,564.835272
-35.570476,48.613506,559.940401
-23.806366,61.714910,554.125458
-11.090881,72.574598,548.610091
2.006232,82.526662,544.384508
15.053045,92.650005,541.950075
27.589576,104.077316,541.222304
38.945458,118.300748,541.627175
47.963841,137.250785,542.352812
52.801990,161.916138,542.665544
51.745357,-165.870479,542.170591
45.237375,-143.060306,540.998024
35.239040,-125.944064,539.726833
23.372182,-112.874813,539.199248
10.591390,-102.033218,540.216181
-2.529202,-92.080624,543.227000
-15.555396,-81.936471,548.120229
-28.026755,-70.466495,554.192512
-39.274316,-56.182295,560.310530
-48.148599,-37.185768,565.212320
-52.839010,-12.582093,567.850667
-51.755105,14.064086,567.675674
-45.319870,36.747277,564.778987
-35.417241,53.818480,559.863079
-23.634662,66.877503,554.044101
-10.910518,77.716388,548.540759
2.188744,87.663675,544.337953
15.231866,97.796884,541.929134
27.757346,109.251653,541.221919
39.090202,123.526922,541.636991
48.064569,142.555464,542.361374
52.830178,167.289133,542.664625
51.688304,-160.515429,542.158082
45.117798,-137.785713,540.979271
35.084152,-120.739573,539.712359
23.199303,-107.712587,539.201221
10.410406,-96.891552,540.243897
-2.711732,-86.943464,543.283051
-15.733616,-76.789152,548.198737
-28.193309,-65.291414,554.280104
-39.417271,-50.955239,560.389764
-48.247175,-31.880927,565.266412
-52.865434,-7.211179,567.868055
-51.698671,19.416695,567.653101
-45.201572,42.020793,564.722305
-35.263655,59.022682,559.785581
-23.462783,72.039677,553.962808
-10.730084,82.858011,548.471687
2.371245,92.800723,544.291755
15.410591,102.944012,541.908529
27.924894,114.426524,541.221754
39.234503,128.754021,541.646865
48.164487,147.861328,542.369850
52.857196,172.662600,542.663543
51.630182,-155.161277,542.145435
44.997562,-132.512266,540.960497
34.928919,-115.535854,539.698032
23.026254,-102.550777,539.203500
10.229361,-91.750050,540.272008
-2.894243,-81.806266,543.339475
-15.911732,-71.641579,548.277476
-28.359634,-60.115794,554.367703
-39.559776,-45.727261,560.468756
-48.344939,-26.574921,565.320057
-52.890701,-1.839825,567.884888
-51.641182,24.768423,567.629993
-45.082621,47.293179,564.665229
-35.109720,64.226120,559.707911
-23.290730,77.201435,553.881584
-10.549581,87.999468,548.402875
2.553734,97.937809,544.245912
15.589218,108.091392,541.888259
28.092217,119.601935,541.221807
39.378359,133.982048,541.656795
48.263588,153.168377,542.378236
52.883040,178.036522,542.662299
51.570998,-149.808036,542.132652
44.876674,-127.239961,540.941704
34.773343,-110.332901,539.683853
22.853039,-97.389380,539.206086
10.048254,-86.608710,540.300513
-3.076734,-76.669026,543.396268
-16.089740,-66.493750,548.356445
-28.525725,-54.939630,554.455307
-39.701829,-40.498354,560.547504
-48.441885,-21.267753,565.373253
-52.914808,3.531948,567.901168
-51.582645,30.119256,567.606353
-44.963021,52.564438,564.607763
-34.955441,69.428798,559.630072
-23.118505,82.362782,553.800430
-10.369010,93.140764,548.334327
2.736211,103.074936,544.200427
15.767746,113.239028,541.868324
28.259313,124.777890,541.222077
39.521765,139.211011,541.666780
48.361868,158.476609,542.386532
52.907708,-176.589122,542.660892
51.510755,-144.455718,542.119734
44.755139,-121.968795,540.922894
34.617428,-105.130707,539.669826
22.679659,-92.228392,539.208982
9.867087,-81.467528,540.329414
-3.259204,-71.531742,543.453432
-16.267641,-61.345660,548.435641
-28.691581,-49.762919,554.542911
-39.843425,-35.268515,560.626003
-48.538009,-15.959424,565.425997
-52.937753,8.904123,567.916892
-51.523064,35.469185,567.582181
-44.842778,57.834575,564.549908
-34.800820,74.630722,559.552066
-22.946109,87.523721,553.719351
-10.188372,98.281900,548.266044
2.918675,108.212106,544.155299
15.946172,118.386923,541.848722
28.426180,129.954394,541.222561
39.664717,144.440915,541.676815
48.459319,163.786023,542.394737
52.931199,-171.214350,542.659322
51.449459,-139.104334,542.106681
44.632963,-116.698765,540.904068
34.461177,-99.929268,539.655953
22.506116,-87.067808,539.212188
9.685862,-76.326501,540.358711
-3.441652,-66.394410,543.510963
-16.445432,-56.197308,548.515061
-28.857199,-44.585655,554.630513
-39.984559,-30.037736,560.704251
-48.633303,-10.649935,565.478287
-52.959534,14.276680,567.932060
-51.462443,40.818195,567.557478
-44.721897,63.103593,564.491667
-34.645859,79.831897,559.473899
-22.773544,92.684257,553.638349
-10.007669,103.422881,548.198029
3.101123,113.349321,544.110529
16.124497,123.535080,541.829452
28.592816,135.131451,541.223257
39.807210,149.671766,541.686900
48.555937,169.096617,542.402847
52.953509,-165.839182,542.657588
51.387114,-133.753897,542.093494
44.510150,-111.429866,540.885230
34.304593,-94.728577,539.642235
22.332411,-81.907624,539.215708
9.504580,-71.185627,540.388405
-3.624077,-61.257029,543.568862
-16.623113,-51.048689,548.594702
-29.022578,-39.407834,554.718108
-40.125228,-24.806013,560.782244
-48.727763,-5.339289,565.530121
-52.980149,19.649600,567.946671
-51.400788,46.166277,567.532246
-44.600383,68.371494,564.433042
-34.490564,85.032330,559.395572
-22.600812,97.844394,553.557428
-9.826902,108.563709,548.130283
3.283556,118.486586,544.066117
16.302717,128.683503,541.810513
28.759218,140.309067,541.224162
39.949241,154.903570,541.697031
48.651714,174.408390,542.410862
52.974636,-160.463638,542.655690
51.323727,-128.404417,542.080176
44.386706,-106.162095,540.866381
34.147680,-89.528630,539.628677
22.158547,-76.747836,539.219543
9.323241,-66.044902,540.418495
-3.806477,-56.119594,543.627127
-16.800681,-45.899800,548.674561
-29.187714,-34.229451,554.805694
-40.265428,-19.573340,560.859980
-48.821381,-0.027487,565.581496
-52.999596,25.022864,567.960726
-51.338105,51.513420,567.506487
-44.478241,73.638283,564.374038
-34.334936,90.232024,559.317090
-22.427915,103.004135,553.476591
-9.646071,113.704386,548.062808
3.465972,123.623902,544.022064
16.480833,133.832195,541.791904
28.925384,145.487247,541.225276
40.090806,160.136331,541.707207
48.746646,179.721340,542.418781
52.994579,-155.087738,542.653629
51.259301,-123.055905,542.066726
44.262637,-100.895448,540.847523
33.990440,-84.329420,539.615279
21.984524,-71.588441,539.223694
9.141847,-60.904323,540.448983
-3.988851,-50.982105,543.685756
-16.978135,-40.750637,548.754637
-29.352606,-29.050500,554.893266
-40.405154,-14.339712,560.937454
-48.914154,5.285468,565.632411
-53.017873,30.396451,567.974224
-51.274396,56.859612,567.480201
-44.355477,78.903963,564.314656
-34.178978,95.430987,559.238455
-22.254855,108.163486,553.395840
-9.465178,118.844917,547.995607
3.648369,128.761272,543.978371
16.658842,138.981160,541.773624
29.091311,150.665994,541.226595
40.231899,165.370056,541.717426
48.840725,-174.964536,542.426601
53.013336,-149.711501,542.651403
51.193844,-117.708372,542.053146
44.137947,-95.629922,540.828659
33.832876,-79.130942,539.602045
21.810346,-66.429434,539.228163
8.960400,-55.763888,540.479868
-4.171199,-45.844557,543.744748
-17.155475,-35.601198,548.834925
-29.517252,-23.870978,554.980822
-40.544402,-9.105122,561.014663
-49.006074,10.599574,565.682864
-53.034979,35.770343,567.987164
-51.209669,62.204843,567.453389
-44.232095,84.168539,564.254898
-34.022694,100.629223,559.159671
-22.081632,113.322448,553.315179
-9.284225,123.985304,547.928682
3.830748,133.898700,543.935036
16.836744,144.130400,541.755671
29.256998,155.845315,541.228118
40.372518,170.604750,541.727684
48.933947,-169.649239,542.434321
53.030904,-144.334949,542.649012
51.127358,-112.361829,542.039438
44.012643,-90.365511,540.809790
33.674992,-73.933191,539.588977
21.636013,-61.270811,539.232952
8.778899,-50.623593,540.511152
-4.353519,-40.706948,543.804102
-17.332698,-30.451478,548.915424
-29.681648,-18.690878,555.068357
-40.683168,-3.869567,561.091605
-49.097136,15.914828,565.732852
-53.050911,41.144519,567.999545
-51.143928,67.549103,567.426054
-44.108101,89.432013,564.194769
-33.866086,105.826738,559.080742
-21.908250,118.481027,553.234611
-9.103212,129.125549,547.862033
4.013106,139.036187,543.892061
17.014536,149.279920,541.738045
29.422441,161.025214,541.229842
40.512657,175.840419,541.737981
49.026305,-164.332773,542.441940
53.047282,-138.958100,542.646457
