0
0
606
0
0
0
0
0
0
0
0
0
1404
0
1
0
0
0
3460
0
0
0
63
0
663
0
0
0
0
0
0
0
0
2998
1406
0
0
0
0
0
3673
0
0
0
627
0
637
0
0
0
0
0
0
0
0
2508
905
0
0
0
0
0
3725
0
0
627
1173
607
0
0
0
0
0
0
0
0
0
1733
0
0
0
0
0
2376
3929
0
0
1173
1239
588
0
0
0
0
0
0
0
0
0
0
0
0
0
0
0
2069
3924
0
0
1663
1191
667
0
0
0
0
0
0
0
0
120
0
0
0
0
0
649
3421
0
0
0
1720
1138
604
0
0
0
0
0
0
0
0
169
0
0
0
0
0
2044
3678
0
0
0
1600
1168
606
0
0
0
0
0
0
0
0
160
0
0
0
0
0
1965
3686
0
0
0
1682
1163
609
0
0
0
0
0
0
0
0
290
0
0
0
0
1332
2707
3811
0
0
0
1692
0
632
0
0
0
0
0
0
0
0
0
0
0
0
0
2085
0
2709
0
0
0
519
0
560
27
27
0
0
0
0
0
0
0
0
0
0
0
0
2961
0
0
0
1035
496
0
561
31
31
0
0
0
0
0
0
0
0
0
0
0
0
2808
0
0
0
445
0
0
527
72
55
0
0
0
0
0
0
0
0
0
0
0
1737
3510
0
0
0
481
0
630
84
84
59
0
0
0
0
0
0
0
0
0
0
0
1689
3440
0
0
0
431
0
17
17
17
0
0
0
0
0
0
0
0
0
0
0
0
1991
0
0
0
0
148
0
36
36
36
0
0
0
0
0
0
0
0
0
0
0
0
1942
0
0
0
0
218
0
11
11
3
0
0
0
0
0
0
0
0
0
0
0
0
2454
0
0
0
0
226
0
14
14
0
0
0
0
0
0
0
0
0
0
0
0
0
2660
0
0
0
0
0
0
4
4
0
0
0
0
0
0
0
0
0
0
0
0
0
0
0
0
0
0
0
8
0
0
0
0
0
0
0
0
0
0
0
0
0
0
0
0
0
0
0
0
0
1
0
0
0
0
0
0
0
0
0
0
0
0
0
0
0
0
0
0
0
0
0
1
0
0
0
0
0
0
0
0
0
0
0
0
0
0
0
0
0
0
0
0
0
0
507
507
507
507
507
507
0
0
0
0
0
0
0
0
0
0
0
0
0
0
0
507
0
0
0
0
0
0
1296
1296
0
0
0
0
0
0
0
0
0
0
0
0
0
0
0
0
0
0
0
1249
0
0
0
0
0
0
0
0
0
0
0
0
117
0
0
0
0
0
0
0
0
1237
0
0
0
0
0
0
0
0
0
0
3807
0
89
0
34
0
0
0
0
1
1
1192
0
0
0
0
0
0
0
0
4
0
0
0
53
0
0
0
0
0
0
6
6
0
0
0
0
0
0
0
0
0
8
0
0
367
0
0
0
0
0
0
0
6
1455
0
0
0
0
0
0
0
0
0
207
368
0
338
0
541
0
0
0
0
2
5
1953
0
0
0
0
0
0
0
0
47
271
468
0
342
0
0
0
0
0
0
7
11
1770
0
0
0
0
0
0
0
0
88
297
468
970
1255
0
0
0
0
0
0
5
7
1769
0
0
0
0
0
0
0
18
101
279
870
1351
1692
0
0
0
0
0
0
55
57
1955
0
0
0
0
0
0
0
83
229
0
574
1040
0
0
0
0
0
0
0
545
550
0
0
0
0
0
0
0
0
176
589
0
425
899
0
0
0
0
0
0
0
301
304
0
0
0
0
0
0
0
0
894
618
0
526
1062
0
0
0
0
0
0
145
145
581
0
0
0
0
0
0
0
2133
1305
0
496
1035
0
0
0
0
0
0
0
80
81
1483
0
0
0
0
0
0
0
0
0
519
0
539
0
0
0
0
0
0
0
0
0
1382
1382
0
0
0
0
0
0
0
0
653
0
558
0
0
0
0
0
0
0
0
0
0
0
0
0
0
0
0
0
0
0
580
0
591
0
86
0
0
0
0
0
0
0
0
0
0
0
0
0
0
0
0
0
585
0
547
0
0
0
0
0
0
0
0
0
0
0
0
0
0
0
0
0
0
175
0
612
1170
0
0
0
0
0
0
0
0
0
0
0
0
0
0
0
0
0
168
168
0
552
1090
0
0
0
0
0
48
0
0
0
0
0
0
0
0
0
0
0
159
159
0
609
1167
0
0
0
0
0
20
0
0
0
0
0
0
0
0
0
0
0
0
0
187
0
0
0
0
0
0
0
0
0
0
0
0
0
0
0
0
0
0
0
0
0
202
0
0
0
0
0
0
0
0
0
0
0
0
0
0
0
0
38
38
0
0
0
174
339
339
0
0
0
0
0
0
0
0
0
0
0
0
0
0
184
184
184
184
184
0
0
0
0
0
0
0
0
0
0
0
0
0
0
0
0
0
0
0
0
0
0
0
0
0
0
0
0
0
0
0
0
0
0
0
0
0
0
0
0
0
0
0
0
0
0
0
0
0
0
0
0
0
0
0
0
0
0
0
0
0
0
0
0
0
0
0
0
0
0
0
0
0
0
0
0
0
0
0
0
0
0
2
2
2
2
2
2
0
0
0
0
0
0
0
0
0
4095
0
0
0
0
0
0
111
111
111
111
111
35
0
0
0
0
0
0
0
0
0
0
0
0
0
0
0
0
175
175
175
175
175
77
0
0
0
0
0
0
0
0
0
0
0
0
0
0
0
0
66
66
66
66
66
15
0
0
0
0
0
0
0
0
707
0
0
0
0
0
0
49
49
49
49
49
49
0
0
0
0
0
0
0
0
0
2141
4066
4066
4066
4066
4066
4066
5
5
5
5
5
0
0
0
0
0
0
0
0
0
0
2133
4084
4084
4084
4084
4084
4084
11
11
11
11
11
0
0
0
0
0
0
0
0
0
0
1918
4095
4095
4095
4095
4095
0
13
13
13
13
13
0
0
0
0
0
0
0
0
0
1001
2544
4088
4088
4088
4088
4088
0
0
0
0
0
0
0
0
0
0
0
0
0
0
0
1224
2639
4035
4091
4091
4091
4091
0
0
0
0
0
0
0
0
0
0
0
0
0
0
0
1042
2683
3857
4095
4095
4095
0
0
0
0
0
0
0
0
0
0
0
0
0
4090
4090
4090
2396
0
411
0
0
0
0
0
0
0
0
0
0
0
0
0
0
0
0
0
0
343
1916
0
0
0
0
44
0
0
0
0
0
0
0
0
0
0
0
0
0
0
0
771
2122
0
0
0
0
61
73
0
0
0
0
0
0
0
0
1
1
1
0
0
0
778
1292
0
0
14
0
60
85
0
0
0
0
0
0
0
0
3
3
3
0
0
0
2450
0
0
0
133
0
1119
33
0
0
0
0
0
0
0
0
4
4
4
0
0
0
2470
0
0
0
0
176
1286
0
0
0
0
0
0
0
0
0
2
709
0
0
0
298
0
0
0
0
52
0
0
0
0
0
0
0
0
0
0
0
4
551
0
0
0
1772
0
0
0
0
0
0
0
0
0
0
0
0
0
0
0
1
3
3
23
23
23
1503
0
0
0
0
0
0
228
0
0
0
0
0
0
0
0
1100
1101
1101
1101
1101
1101
2571
0
0
0
0
0
1122
0
0
0
0
0
0
0
0
0
1528
1531
0
0
0
0
0
0
0
0
0
256
0
0
0
0
0
0
0
0
0
1532
0
2
0
0
0
2745
0
0
0
0
