191
21
23
0
0
0
0
91
118
99
0
0
138
115
128
33
19
44
146
58
18
91
33
30
0
49
0
0
68
82
0
0
37
0
40
68
20
83
30
33
57
25
85
55
21
22
30
30
0
29
31
86
0
29
26
39
137
232
48
0
34
0
101
21
26
354
32
70
54
187
115
125
115
27
0
18
47
212
299
0
11
43
4
4
107
64
29
32
47
29
39
33
131
0
0
212
0
104
33
0
0
53
27
326
30
252
258
123
241
210
0
41
205
95
175
146
57
57
120
1
87
29
30
0
0
75
102
56
178
65
62
62
71
111
89
30
110
0
0
149
30
43
0
145
0
31
271
4
167
154
189
124
329
0
0
24
0
4
45
18
92
119
69
114
0
