63
23
23
0
55
0
0
1625
199
195
562
46
341
65
171
0
22
46
202
99
22
239
121
124
27
213
28
25
19
18
0
0
28
28
18
25
40
190
28
32
182
45
23
0
22
48
30
29
0
31
121
60
0
32
27
20
598
546
0
19
0
0
95
21
53
682
256
655
0
409
0
532
135
96
0
15
0
426
3612
0
323
596
111
55
1649
178
128
112
446
149
0
176
128
184
0
536
14
266
0
0
19
233
93
180
159
86
75
475
1084
719
0
28
700
208
302
0
353
842
243
366
1095
0
0
214
30
65
61
322
632
124
187
68
364
29
0
124
61
152
0
648
225
0
30
357
434
174
646
225
136
572
391
746
920
63
0
0
0
0
83
183
227
227
821
2510
16
