468
0
0
0
0
0
0
0
0
0
1718
6
3
0
0
0
0
3746
0
0
0
0
0
560
0
0
0
0
0
0
0
0
0
0
7
0
0
0
0
3776
0
0
0
0
0
1700
0
0
0
0
0
0
0
0
0
0
0
0
0
0
1532
3888
0
0
0
0
0
0
0
0
0
0
0
0
0
0
0
0
0
0
0
0
2222
3951
0
0
0
0
0
0
0
0
0
0
0
0
0
715
0
0
0
0
0
0
2919
0
0
0
0
0
0
0
0
0
0
0
0
0
0
1297
0
0
0
0
0
1315
3559
0
0
0
0
0
0
0
0
0
0
0
0
0
0
1398
0
0
0
0
0
2024
3703
0
0
0
0
0
0
0
0
0
0
0
0
0
0
1314
0
0
0
0
-1234
2041
3713
0
0
0
0
0
0
540
0
0
0
0
0
0
0
0
0
0
0
0
-5788
2523
3754
0
0
0
0
0
588
1095
0
0
0
0
0
0
0
0
0
0
0
0
8714
0
0
0
0
0
0
0
1057
0
0
0
0
0
0
0
0
0
0
0
0
0
0
0
0
0
0
0
0
470
580
0
0
0
0
0
0
0
0
0
0
0
0
0
0
0
0
0
0
0
0
0
0
0
0
0
0
0
0
0
0
0
0
0
0
0
0
3029
0
0
0
0
0
452
0
0
0
0
0
0
0
0
0
0
0
0
0
0
1788
0
0
0
0
0
0
0
0
0
0
0
0
0
0
0
0
0
0
0
0
0
1952
0
0
0
0
0
0
0
0
0
0
0
0
0
0
0
0
0
0
0
0
0
2113
0
0
0
0
0
0
0
0
0
0
0
0
0
0
0
0
0
0
0
0
0
2126
0
0
0
0
0
0
0
0
0
0
0
0
0
0
0
0
0
0
0
0
0
1752
0
0
0
0
0
0
0
0
0
0
0
0
0
0
0
0
0
0
0
0
0
0
0
0
0
0
0
0
0
0
0
0
0
0
0
0
0
0
0
0
0
0
0
0
0
0
0
0
0
0
0
0
0
0
0
0
0
0
0
0
0
0
0
0
219
0
0
0
0
0
0
0
0
0
0
0
0
0
0
0
0
0
0
0
0
0
551
0
0
0
0
0
0
0
0
0
0
0
0
0
162
162
0
0
0
0
0
0
598
0
0
0
0
0
0
0
0
0
0
0
0
0
121
121
0
0
0
0
0
0
588
0
0
0
0
0
0
0
0
0
0
0
0
0
0
0
0
0
0
0
0
0
0
0
0
0
0
0
0
0
0
0
0
0
0
0
0
0
0
0
0
0
0
0
0
0
0
0
0
0
0
0
0
0
0
0
0
0
0
0
0
0
0
0
0
0
0
0
0
0
0
0
0
0
0
0
0
0
0
0
0
0
0
0
0
0
0
0
0
0
0
0
0
0
0
0
0
0
1
1
0
0
0
0
0
0
0
0
0
0
51
0
0
389
0
0
0
0
0
0
2
2
0
0
0
0
0
0
0
0
0
21
0
0
0
365
0
0
0
0
0
0
3
1391
0
0
0
0
0
0
0
0
0
163
0
0
0
327
0
0
0
0
0
0
5
1403
0
0
0
0
0
0
0
0
0
0
0
0
528
901
0
0
0
0
0
0
2
1430
0
0
0
0
0
0
0
0
167
162
0
0
508
0
0
0
0
0
0
0
0
1423
0
0
0
0
0
0
0
0
291
0
0
0
580
0
0
0
0
0
0
153
159
1606
0
0
0
0
0
0
0
0
0
0
0
0
581
0
0
0
0
0
0
754
758
2390
0
0
0
0
0
0
0
0
0
0
0
522
0
0
0
0
0
0
0
336
339
0
0
0
0
0
0
0
0
0
0
0
0
588
0
0
0
0
0
0
0
0
4
0
0
0
0
0
0
0
0
0
0
0
0
512
0
0
0
0
0
0
0
0
0
0
0
0
0
0
0
0
0
0
0
0
0
514
0
0
0
0
0
0
0
0
0
0
0
0
0
0
0
0
0
0
0
0
0
525
0
0
0
0
0
0
0
0
0
0
0
0
0
0
0
0
0
0
0
0
0
506
0
0
0
0
1
0
0
0
0
0
0
0
0
0
0
0
0
0
0
0
599
1184
0
0
0
0
0
0
0
0
0
0
0
0
0
0
0
0
0
0
0
0
0
393
0
0
0
0
0
0
0
0
0
0
0
0
0
0
0
0
0
0
0
188
606
0
0
0
0
0
0
0
0
0
0
0
0
0
0
0
0
0
0
0
0
211
0
0
0
0
0
0
0
0
0
0
0
0
0
0
0
0
0
0
0
0
0
0
0
0
0
0
0
0
0
0
0
0
0
0
0
0
0
0
0
0
0
0
0
0
0
0
0
0
0
0
0
0
0
0
0
0
0
0
0
0
0
0
0
0
0
0
0
0
0
0
0
0
0
0
0
0
0
0
0
0
0
0
0
0
0
0
0
0
0
0
0
0
0
0
0
0
0
0
0
0
0
0
0
0
0
0
0
0
0
0
0
0
0
0
0
0
0
0
0
0
0
0
0
0
0
0
0
0
0
0
0
0
0
0
0
0
0
0
0
0
-1384
0
0
0
0
0
0
0
0
0
0
0
0
0
0
0
0
0
0
0
0
0
-6510
0
0
0
0
0
0
0
0
0
0
0
0
0
0
0
0
0
0
0
0
0
10479
0
0
0
0
0
0
0
0
0
0
0
0
0
0
0
0
0
0
0
0
1554
0
0
0
0
0
0
0
0
0
0
0
0
0
0
0
0
0
0
0
0
386
2169
0
0
0
0
0
0
0
0
0
0
0
0
0
0
0
0
0
0
0
0
0
0
0
0
0
0
0
0
0
0
0
0
0
0
0
0
0
0
0
0
0
0
0
0
0
0
0
0
0
0
0
0
0
0
0
0
0
0
0
0
0
0
0
0
0
0
0
0
0
0
0
0
0
0
0
0
0
0
0
0
0
0
0
0
0
0
-5460
-7922
-7772
-90
0
0
0
0
0
0
0
0
0
0
0
0
0
0
0
0
0
0
-4424
-8078
-6338
14
0
0
0
0
0
0
0
0
0
0
0
0
0
0
0
0
0
0
-4153
-6164
-7030
104
0
0
0
0
0
0
0
0
0
0
0
0
0
0
0
0
0
0
18084
25905
28005
0
0
28
0
0
0
0
0
0
0
0
0
0
0
0
0
0
0
0
1206
0
0
0
0
110
0
0
0
0
0
0
0
0
0
0
0
0
0
0
0
2308
0
0
0
0
0
212
0
0
0
0
0
0
0
0
0
3
3
3
0
0
0
2379
0
0
0
0
0
1009
0
0
0
0
0
0
0
0
0
6
26
0
0
0
0
2088
0
0
0
0
0
743
0
0
0
0
0
0
0
0
4
12
141
0
0
0
1773
0
0
0
0
223
256
0
0
0
0
0
0
0
0
0
2
85
152
0
0
0
1463
0
0
0
0
207
0
0
0
0
0
0
0
0
0
0
2
549
549
0
0
0
1493
0
0
0
0
191
0
0
0
0
0
0
0
0
0
0
4
359
359
0
0
0
0
0
0
0
0
0
0
0
0
0
0
0
0
0
0
0
4
5
0
0
0
2333
0
0
0
0
0
0
0
0
0
0
0
0
0
0
0
0
0
0
0
0
0
3452
0
0
0
0
0
