0
0
3747
0
0
9053
0
0
1783
0
0
0
0
0
0
0
0
4373
0
4
0
0
0
2231
3953
0
0
0
0
0
0
0
0
0
0
0
0
0
0
0
0
0
0
0
0
2248
0
0
0
0
0
0
0
0
0
0
0
0
0
0
168
0
0
0
0
0
128
3381
0
0
0
0
0
0
0
0
0
0
0
0
0
0
1335
0
0
0
0
0
2139
3705
0
0
0
0
0
0
0
0
0
0
0
0
0
0
1277
0
0
0
0
0
1893
3736
0
0
0
0
0
0
0
0
0
0
0
0
0
0
1277
0
0
0
0
0
2133
3707
0
0
0
0
0
0
0
0
0
0
0
0
0
0
1435
0
0
0
0
-4755
0
2846
0
0
0
0
0
0
608
0
0
0
0
0
0
0
0
0
0
0
0
5872
2940
0
0
0
0
0
0
1698
1210
0
0
0
0
0
0
0
0
0
0
0
0
0
3050
0
0
0
0
0
0
611
0
0
0
0
0
0
0
0
0
0
0
0
0
0
2826
0
0
0
0
0
545
0
0
0
0
0
0
0
0
0
0
0
0
0
0
0
2946
0
0
0
0
0
0
0
0
0
0
0
0
0
0
0
0
0
0
0
0
0
0
0
0
0
0
0
0
0
0
0
0
0
0
0
0
0
0
0
0
0
0
2103
0
0
0
0
0
0
0
0
0
0
0
0
0
0
0
0
0
0
0
0
0
1923
0
0
0
0
0
0
0
0
0
0
0
0
0
0
0
0
0
0
0
0
0
2297
0
0
0
0
0
0
0
0
0
0
0
0
0
0
0
0
0
0
0
0
0
2204
0
0
0
0
0
0
0
0
0
0
0
0
0
0
0
0
0
0
0
0
0
0
0
0
0
0
0
0
0
0
0
0
0
0
0
0
0
0
0
0
0
0
0
0
0
0
0
0
0
0
0
0
0
0
0
0
0
0
0
0
0
0
0
0
0
0
0
0
0
0
0
0
0
0
0
0
0
0
0
0
0
0
0
0
0
0
475
0
0
0
0
0
0
0
0
0
0
0
0
0
58
58
0
0
0
0
0
0
577
0
0
0
0
0
0
0
0
0
0
0
0
0
105
105
0
0
0
0
0
0
598
0
0
0
0
0
0
0
0
0
0
0
0
0
190
190
0
0
0
0
0
0
0
0
0
0
0
0
0
0
0
0
0
0
0
0
0
0
0
0
0
0
0
0
0
0
0
0
0
0
0
0
0
0
0
0
0
0
0
0
0
0
0
0
0
0
0
0
0
0
0
0
0
0
0
0
0
1
1
0
0
0
0
0
0
0
0
0
0
0
0
0
0
0
0
0
0
0
0
0
0
0
0
0
0
0
0
0
0
0
21
0
0
327
0
0
0
0
0
0
3
4
0
0
0
0
0
0
0
0
0
3
0
0
0
410
0
0
0
0
0
0
7
1562
0
0
0
0
0
0
0
0
0
89
0
0
547
867
0
0
0
0
0
0
0
0
0
0
0
0
0
0
0
0
14
178
0
0
539
0
0
0
0
0
0
0
3
1524
0
0
0
0
0
0
0
0
66
0
0
0
1047
0
0
0
0
0
0
0
2
1376
0
0
0
0
0
0
0
0
75
0
0
569
1013
0
0
0
0
0
0
0
4
1395
0
0
0
0
0
0
0
0
0
0
0
489
0
0
0
0
0
0
0
610
614
1991
0
0
0
0
0
0
0
0
0
0
0
549
0
0
0
0
0
0
0
655
657
0
0
0
0
0
0
0
0
0
0
0
0
576
0
0
0
0
0
0
0
0
2
0
0
0
0
0
0
0
0
0
0
0
0
530
0
0
0
0
0
0
0
0
0
0
0
0
0
0
0
0
0
0
0
0
0
545
0
0
0
0
0
0
0
0
0
0
0
0
0
0
0
0
0
0
0
0
0
591
0
0
0
0
0
0
0
0
0
0
0
0
0
0
0
0
0
0
0
0
0
532
0
0
0
0
0
0
0
0
0
0
0
0
0
0
0
0
0
0
0
0
615
1120
0
0
0
0
0
0
0
0
0
0
0
0
0
0
0
0
0
0
0
0
0
533
0
0
0
0
0
0
0
0
0
0
0
0
0
0
0
0
0
0
0
180
641
93
0
0
0
0
0
0
0
0
0
0
0
0
0
0
0
0
0
0
0
192
0
0
0
0
0
0
4
0
0
0
0
0
0
0
0
0
0
0
0
0
0
0
0
0
0
0
0
0
0
0
0
0
0
0
0
0
0
0
0
0
0
0
0
0
0
0
0
0
0
0
0
0
0
0
0
0
0
0
0
0
0
0
0
0
46
0
0
0
0
0
0
0
0
0
0
0
0
0
0
0
0
0
0
0
0
0
0
0
0
0
0
0
0
0
0
0
0
0
0
0
0
0
0
0
0
0
0
0
0
0
0
0
0
0
0
0
0
0
0
0
0
0
0
0
0
0
0
0
0
0
0
0
0
0
0
0
0
0
0
0
-5366
0
0
0
0
0
0
0
0
0
0
0
0
0
0
0
0
0
0
0
0
0
7187
0
0
0
0
0
0
0
0
0
0
0
0
0
0
0
0
0
0
0
0
670
0
0
0
0
0
0
0
0
0
0
0
0
0
0
0
0
0
0
0
0
0
1998
0
0
0
0
0
0
0
0
0
0
0
0
0
0
0
0
0
0
0
0
549
2276
0
0
0
0
0
0
0
0
0
0
0
0
0
0
0
0
0
0
0
0
0
0
0
0
0
0
0
0
0
0
0
0
0
0
0
0
0
0
0
0
0
0
0
0
0
0
0
0
0
0
0
0
0
0
0
0
0
0
0
0
0
0
0
0
0
0
0
0
0
0
0
0
0
0
0
0
0
0
0
0
0
0
0
0
0
0
-3639
-7605
-8285
-120
0
0
0
0
0
0
0
0
0
0
0
0
0
0
0
0
0
0
5604
-6952
-7501
-56
0
0
0
0
0
0
0
0
0
0
0
0
0
0
0
0
0
0
378
18595
17694
200
0
0
0
0
0
0
0
0
0
0
0
0
0
0
0
0
0
0
1620
0
0
0
0
8
0
0
0
0
0
0
0
0
0
0
0
0
0
0
0
0
711
0
0
0
0
37
0
0
0
0
0
0
0
0
0
0
0
0
0
0
0
2340
0
0
0
0
0
155
0
0
0
0
0
0
0
0
0
0
0
0
0
0
0
2357
0
0
0
0
0
694
0
0
0
0
0
0
0
0
0
7
7
0
0
0
1184
0
0
0
0
0
0
919
0
0
0
0
0
0
0
0
2
5
85
0
0
0
1445
0
0
0
0
0
78
0
0
0
0
0
0
0
0
0
4
10
137
0
0
0
1801
0
0
0
0
0
0
0
0
0
0
0
0
0
0
0
2
297
297
0
0
0
0
0
0
0
0
0
0
0
0
0
0
0
0
0
0
0
4
636
636
0
0
0
0
0
0
0
0
0
0
0
0
0
0
0
0
0
0
0
3
19
0
0
0
3157
0
0
0
0
0
0
0
0
0
0
0
0
0
0
0
-357
3
3
0
0
0
3785
0
0
0
0
0
0
0
0
0
0
0
0
0
0
0
-563
2
3
0
0
0
3763
0
0
0
-6156
0
580
0
0
0
0
0
0
0
0
0
607
6
0
0
0
