47
21
0
0
50
146
0
1420
41
404
321
177
378
32
241
0
21
48
231
215
22
194
122
122
0
112
54
24
22
57
128
0
55
0
39
68
20
109
0
27
26
82
24
33
0
109
29
29
0
0
0
30
0
29
95
30
312
562
0
40
0
0
87
21
54
536
336
824
0
313
0
605
37
138
0
0
103
747
3523
705
442
0
53
55
1948
0
117
103
468
289
0
187
0
280
0
457
65
178
30
0
0
253
0
92
122
256
48
600
1161
443
0
0
506
47
463
266
399
918
221
210
665
122
62
0
0
66
34
290
566
189
186
203
472
0
0
0
65
0
131
476
268
0
0
389
377
168
721
138
71
215
743
609
1294
56
0
13
0
0
58
210
338
0
1059
2774
28
