0
2654
3861
0
0
0
0
562
0
0
0
0
0
0
0
0
0
1797
0
1
0
0
0
2975
0
0
0
1049
939
374
0
0
0
0
0
0
0
0
0
1721
0
0
0
0
0
3652
0
0
0
1369
880
248
0
0
0
0
0
0
0
0
0
0
0
0
0
0
1981
3845
0
0
0
1338
900
192
0
0
0
0
0
0
0
0
0
0
0
0
0
0
2388
3853
0
0
0
1380
856
220
0
0
0
0
0
0
0
0
1222
0
0
0
0
0
2539
3890
0
0
1663
1274
844
207
0
0
0
0
0
0
0
0
0
0
0
0
0
458
3525
3934
0
0
1840
1441
890
184
0
0
0
0
0
0
0
0
0
0
0
0
0
1825
0
0
0
0
446
0
492
1112
0
0
0
0
0
0
0
0
0
0
0
0
0
2004
0
0
0
0
547
0
578
1186
0
0
0
0
0
0
0
0
0
0
0
0
0
1910
0
0
0
0
573
0
559
1160
8
8
0
0
0
0
0
0
0
0
0
0
0
1954
3676
0
0
0
562
0
552
122
122
45
0
0
0
0
0
0
0
0
0
0
0
1914
0
0
0
0
234
1111
592
161
161
37
0
0
0
0
0
0
0
0
0
0
0
1979
0
0
0
0
408
724
181
51
51
0
0
0
0
0
0
344
0
0
0
0
0
2051
0
0
0
0
421
589
44
44
41
0
0
0
0
0
0
55
0
0
0
0
0
2246
0
0
0
0
427
50
50
50
0
0
0
0
0
0
0
0
0
0
0
0
0
2055
0
0
0
0
0
80
80
80
0
0
0
0
0
0
0
0
0
0
0
0
0
1988
0
0
0
0
0
0
0
0
0
0
0
0
0
0
0
0
0
0
0
0
0
0
0
0
0
0
0
0
0
0
0
0
0
0
0
0
0
0
0
0
0
0
0
0
0
0
0
0
0
0
0
0
0
0
0
0
0
0
0
0
0
0
0
0
350
0
0
0
0
0
0
0
0
0
0
0
0
0
54
54
0
0
0
0
0
0
562
0
0
0
0
0
0
0
0
0
0
0
0
0
293
293
0
0
0
0
0
0
630
0
0
0
0
0
0
0
0
0
0
0
0
0
231
231
0
0
0
0
0
0
0
0
0
0
0
0
0
0
0
0
0
0
0
280
0
0
0
0
0
0
0
0
0
0
0
0
0
0
0
0
0
0
0
0
0
289
0
0
0
0
0
0
0
0
0
0
0
0
0
0
0
0
0
0
0
0
0
0
272
0
0
0
0
0
0
0
0
0
0
353
0
0
0
0
0
0
0
1
0
0
275
0
0
0
0
0
0
0
1
81
0
301
0
0
0
0
0
0
1
3
0
0
0
0
0
0
0
0
0
0
496
496
0
227
0
0
0
0
0
0
2
3
0
0
0
0
0
0
0
0
0
24
523
523
0
209
0
0
0
0
0
0
3
1376
0
0
0
0
0
0
0
0
0
169
885
550
384
0
0
0
0
0
0
0
1
1417
0
0
0
0
0
0
0
0
45
225
540
0
380
0
27
0
0
0
0
0
3
1414
0
0
0
0
0
0
0
0
67
774
555
0
378
0
0
0
0
0
0
0
3
1552
0
0
0
0
0
0
0
0
294
1098
516
0
0
0
0
0
0
0
0
282
285
1823
0
0
0
0
0
0
0
0
1121
604
0
593
0
0
0
0
0
0
0
693
696
0
0
0
0
0
0
0
0
0
1512
599
0
468
0
0
0
0
0
0
0
287
291
0
0
0
0
0
0
0
0
0
1310
463
0
501
0
0
0
0
0
0
0
0
1
0
0
0
0
0
0
0
0
0
0
531
0
474
0
0
0
0
0
0
0
0
0
0
0
0
0
0
0
0
0
0
1179
569
0
497
0
0
0
0
0
0
0
0
0
0
0
0
0
0
0
0
0
0
1088
588
0
543
0
0
0
0
0
0
0
0
0
0
0
0
0
0
0
0
0
0
1157
614
0
474
429
0
0
0
0
0
0
0
0
0
0
0
0
0
0
0
0
0
1087
557
0
484
0
0
0
0
0
0
0
0
0
0
0
0
0
0
0
0
0
515
515
0
586
867
0
0
0
0
0
0
0
0
0
0
0
0
0
0
0
0
0
0
0
526
1198
1198
0
0
0
0
0
0
0
0
0
0
0
0
0
0
0
0
0
0
0
474
0
0
0
0
0
0
0
0
0
0
0
0
0
0
0
0
0
0
0
0
0
0
0
0
0
0
0
0
0
0
0
0
0
0
0
0
0
0
0
0
0
0
0
0
0
0
0
0
0
0
0
0
0
0
0
0
0
0
0
0
275
275
275
275
275
0
0
0
0
0
0
0
0
0
0
0
0
0
0
0
0
0
0
0
0
0
0
0
0
0
0
0
0
0
0
0
0
0
0
0
0
0
0
0
0
0
0
0
0
0
0
0
0
0
0
1444
1444
1444
0
0
0
0
0
0
0
0
0
0
0
0
0
0
0
0
0
0
0
4095
4095
4095
0
0
0
0
0
0
0
26
26
26
26
26
10
0
0
0
0
0
0
0
0
0
0
0
0
0
0
0
0
29
29
29
29
29
12
0
0
0
0
0
0
0
0
1819
0
0
0
0
0
0
49
49
49
49
49
24
0
0
0
0
0
0
0
0
0
2271
0
0
0
0
0
0
67
67
67
67
67
25
0
0
0
0
0
0
0
0
0
2222
4082
4082
4082
4082
4082
4082
13
13
13
13
13
0
0
0
0
0
0
0
0
0
1042
2674
4095
4095
4095
4095
4095
0
48
48
48
48
48
0
0
0
0
0
0
0
0
0
1299
2776
4095
4095
4095
4095
4095
0
0
0
0
0
0
0
0
0
0
0
0
0
0
0
1229
2662
4087
4087
4087
4087
4087
0
0
0
0
0
0
0
0
0
0
0
0
0
0
0
1147
2654
4095
4095
4095
4095
4095
0
0
0
0
0
0
0
0
0
0
0
0
4095
4095
3083
1812
0
4095
4095
4095
4095
0
0
0
0
0
0
0
0
0
0
0
0
0
0
0
1022
2500
0
0
0
0
0
0
0
0
0
0
0
0
0
0
0
0
0
6
6
6
1218
2046
0
0
0
0
29
0
0
0
0
0
0
0
0
0
0
0
0
0
0
0
2759
0
0
0
0
0
0
0
0
0
0
0
0
0
0
0
0
0
0
0
0
0
2625
0
0
0
0
62
0
0
0
0
0
0
0
0
0
0
2
2
0
0
0
696
2679
0
0
6
0
79
0
0
0
0
0
0
0
0
0
3
11
33
0
0
0
1434
0
0
0
43
0
238
0
0
0
0
0
0
0
0
0
3
9
119
0
0
0
1486
0
0
0
0
213
0
1117
0
0
0
0
0
0
0
0
5
110
175
0
0
0
0
0
0
2749
0
209
0
1128
0
0
0
0
0
0
0
0
1
527
527
0
0
309
0
0
0
0
0
0
0
0
0
0
0
0
0
0
0
0
3
354
354
0
4
2068
0
0
0
0
0
0
1415
0
0
0
0
0
0
0
0
0
3
4
4
4
1526
3683
0
0
0
0
0
394
0
0
0
0
0
0
0
0
0
1521
1526
1526
1526
1526
0
2643
0
0
0
4095
0
544
0
0
0
0
0
0
0
0
1687
0
6
0
0
0
0
2102
0
0
1945
0
370
0
0
0
0
0
0
0
0
0
1921
0
4
0
0
0
