4095
1891
0
1479
0
0
0
0
0
0
0
3270
0
0
0
0
0
0
0
4095
729
1623
0
0
0
1169
0
0
0
0
0
0
0
2300
0
0
0
0
0
0
0
4095
797
1642
0
0
0
1729
0
0
0
0
0
0
0
3673
0
0
0
0
0
0
0
4095
709
1822
0
0
0
0
0
0
0
0
0
0
0
3526
0
0
0
0
0
0
0
4095
808
2704
0
0
0
0
0
0
0
0
0
0
0
1789
1742
0
0
0
0
0
4095
439
706
4095
0
0
0
0
0
0
0
0
0
0
0
2843
1931
0
0
0
0
0
4095
569
798
3285
0
0
0
0
0
0
0
0
0
0
0
2811
1421
0
0
0
0
0
4095
455
986
3499
0
0
0
0
0
0
0
0
0
0
0
3270
0
0
0
0
0
0
4095
443
1112
1474
0
0
0
0
0
0
0
0
0
0
0
3159
0
0
0
0
0
0
4095
554
1375
2364
0
0
2318
0
0
0
0
0
0
0
1225
341
0
0
0
4095
0
3441
1594
463
1546
0
0
0
876
0
0
0
0
0
0
0
1356
0
0
0
0
4095
0
3304
1710
452
2001
0
2002
0
849
0
0
0
0
0
0
0
1567
0
0
0
0
4095
0
2966
1749
552
685
0
1500
0
0
0
0
0
0
0
0
0
277
0
0
0
0
0
0
4095
1525
443
286
0
1331
0
0
0
0
0
0
0
0
0
0
0
0
0
0
0
0
4095
1601
578
586
0
1042
0
0
0
0
0
0
0
0
0
71
0
0
0
0
0
4095
3126
1687
458
0
473
0
0
0
0
0
0
0
0
0
0
431
0
0
0
0
0
4095
3092
1583
687
0
308
105
0
0
0
0
0
0
0
0
0
356
0
0
0
0
0
4095
3090
1422
493
0
220
20
0
0
0
0
0
0
0
0
0
0
0
0
0
0
0
4095
3526
1177
0
292
222
0
0
0
0
0
0
0
0
0
0
0
0
0
0
0
3696
4066
3069
1065
0
274
350
0
0
0
0
0
0
0
0
0
0
0
0
0
0
0
1315
4045
3066
989
0
284
151
0
0
0
0
0
0
0
0
0
0
0
0
0
0
0
1191
4095
3390
739
0
404
58
0
0
0
0
0
0
0
0
0
0
0
0
0
0
0
1144
4095
3101
20
0
220
7
0
0
0
0
0
0
0
0
520
0
0
0
0
0
0
1076
4095
1627
15
0
211
3
0
0
0
0
0
0
0
0
335
0
0
0
0
0
0
1118
4095
1735
0
0
185
55
0
0
0
0
0
272
0
0
0
0
0
0
0
0
0
4095
4095
1652
0
32
138
26
0
0
0
0
0
807
0
0
0
0
0
0
0
0
5
4095
0
315
0
99
299
0
0
0
0
0
0
1681
0
0
0
0
0
0
0
0
0
4095
0
738
0
24
567
0
0
0
0
0
0
1607
174
0
0
0
0
0
0
0
0
4095
0
0
0
130
895
0
0
0
0
0
0
3184
111
0
0
0
0
0
0
0
0
2472
0
0
316
112
0
0
0
0
0
0
0
3009
111
0
0
0
0
0
0
0
0
2010
0
0
375
76
0
0
0
0
0
0
0
4095
0
0
0
0
0
0
0
0
0
0
0
0
506
0
0
0
0
0
0
0
0
4095
0
0
0
0
0
0
0
0
0
0
0
0
848
0
0
0
0
0
0
0
3016
1504
203
0
0
0
0
0
0
1945
0
0
0
872
172
0
0
0
0
0
0
0
3062
281
267
0
0
0
0
0
0
2644
0
0
0
930
165
0
0
0
0
0
0
0
3307
0
224
0
0
0
0
1091
0
3724
0
0
0
782
138
0
0
0
0
0
0
0
3434
65
0
0
0
0
0
1076
0
0
0
0
1043
320
109
0
0
0
0
0
0
0
2849
370
0
0
0
0
0
0
1110
1497
0
0
980
175
111
0
0
0
0
0
0
0
0
378
0
0
0
0
78
0
1134
1660
0
0
689
50
112
0
0
0
0
382
0
0
0
0
0
0
0
0
0
0
1254
1212
0
0
779
6
0
0
0
0
0
0
0
0
0
0
0
0
0
0
0
1093
1208
1749
0
0
1008
5
0
0
0
0
0
0
0
0
0
0
0
0
0
0
0
1162
445
0
0
0
729
97
0
0
0
0
0
0
0
0
0
0
0
0
0
38
0
1285
0
0
0
0
1312
522
0
0
0
0
0
0
0
0
0
0
0
0
0
33
0
925
0
0
0
0
501
381
0
0
0
85
0
0
0
0
0
0
0
0
0
32
0
0
0
0
1284
0
20
0
0
0
0
101
0
0
0
0
0
0
0
0
0
0
0
0
0
0
883
0
1
0
0
0
0
108
0
0
0
0
0
0
0
0
0
0
0
0
0
214
0
0
1
0
0
0
0
11
0
0
0
0
0
0
0
0
0
0
0
0
0
265
0
0
0
0
0
0
23
0
0
0
0
0
0
0
0
0
0
0
0
0
0
0
0
0
0
0
0
0
18
0
0
0
0
0
0
0
0
0
0
0
0
0
0
0
0
0
0
0
0
0
11
0
0
0
0
0
0
0
0
0
0
0
0
0
0
0
0
0
0
0
0
0
0
0
0
0
0
0
0
0
0
59
0
0
0
0
0
0
0
0
0
0
0
0
0
0
0
0
0
0
0
0
0
98
0
0
0
0
0
0
0
0
0
0
0
0
0
0
4095
0
0
0
0
0
0
106
0
0
0
0
0
0
0
0
0
0
0
0
0
0
4095
0
0
0
0
0
0
89
0
0
0
0
0
0
0
0
0
0
0
0
0
0
4095
0
0
0
0
0
0
0
0
0
0
0
0
0
0
0
0
0
0
0
0
0
0
0
0
0
0
0
134
0
0
0
0
0
0
0
0
0
0
0
0
0
0
0
0
0
0
0
0
0
43
0
0
0
0
0
0
0
0
0
0
0
0
0
0
0
0
0
0
0
0
0
0
0
0
0
0
0
0
0
0
0
0
0
0
0
0
0
0
0
0
0
0
99
0
0
0
0
0
0
0
0
0
0
0
0
0
0
0
0
0
0
0
0
0
0
0
0
0
0
0
0
0
0
0
0
0
0
0
0
0
0
0
0
0
0
0
0
0
0
0
0
0
0
0
0
0
0
0
0
0
0
0
0
4095
0
0
0
168
0
0
0
0
0
0
0
0
0
0
0
0
2027
0
0
0
4095
1225
550
0
0
50
0
0
0
0
0
0
0
0
0
0
0
0
2662
0
0
0
4095
1249
645
0
0
64
0
0
0
0
0
0
0
0
0
0
0
49
0
0
0
4095
4095
1133
317
0
0
117
0
0
0
0
0
0
0
0
0
0
0
79
0
0
0
3954
4095
1136
0
0
0
1567
0
0
0
0
0
0
0
0
0
0
4
67
0
0
0
4095
4095
1180
0
0
0
1933
0
0
0
0
0
0
0
0
0
0
193
22
0
0
3650
1914
4095
4095
0
1537
868
1202
0
0
0
0
0
0
0
0
0
0
227
0
0
0
2515
1744
4095
4095
0
1306
1135
1232
0
0
0
0
0
0
0
0
0
0
594
0
0
0
2322
1633
4095
4095
0
2589
1101
0
0
0
0
0
0
0
0
0
0
0
0
0
0
1434
698
1618
4095
4095
0
0
1260
0
0
0
0
0
0
0
0
0
0
322
0
0
0
2559
657
1809
4095
1452
0
1356
540
0
0
0
0
0
0
0
0
0
0
0
0
0
0
4095
833
1614
4095
