12
19
29
-1
-1
63
-1
-1
-1
-1
-1
-1
-1
-1
98
-1
-1
18
-1
-1
-1
27
10
19
70
-1
-1
52
-1
-1
-1
-1
-1
-1
-1
6
94
-1
-1
-1
-1
-1
-1
19
10
20
-1
-1
-1
153
-1
-1
-1
-1
-1
-1
-1
29
-1
-1
-1
-1
-1
-1
-1
14
10
53
-1
-1
-1
-1
-1
-1
-1
-1
-1
-1
-1
25
30
72
-1
-1
-1
-1
-1
48
9
72
-1
-1
-1
-1
-1
-1
-1
-1
-1
-1
-1
25
30
-1
-1
-1
-1
-1
-1
43
9
121
-1
-1
-1
-1
-1
-1
-1
-1
-1
-1
-1
28
30
-1
-1
-1
-1
-1
-1
42
9
116
-1
-1
-1
-1
-1
-1
-1
-1
-1
-1
-1
29
30
-1
-1
-1
-1
-1
34
5
9
77
-1
-1
-1
-1
-1
-1
-1
-1
-1
-1
-1
30
-1
-1
-1
-1
86
-1
13
5
8
76
-1
-1
-1
-1
-1
-1
-1
-1
-1
-1
-1
27
-1
-1
-1
-1
76
-1
14
6
9
68
-1
-1
157
-1
-1
-1
-1
-1
-1
-1
-1
12
-1
-1
-1
7
-1
-1
36
5
8
-1
-1
-1
76
-1
-1
-1
-1
-1
-1
-1
2
3
-1
-1
-1
46
-1
21
14
5
26
-1
93
-1
121
-1
-1
-1
-1
-1
-1
-1
2
-1
-1
-1
-1
102
-1
21
16
6
19
-1
58
-1
-1
-1
-1
-1
-1
-1
-1
-1
2
21
-1
-1
-1
-1
-1
48
15
5
19
-1
52
-1
-1
-1
-1
-1
-1
-1
-1
-1
-1
20
-1
-1
-1
-1
-1
51
15
5
-1
20
37
-1
-1
-1
-1
-1
-1
-1
-1
-1
-1
4
-1
-1
-1
-1
53
21
19
6
-1
18
41
-1
-1
-1
-1
-1
-1
-1
-1
-1
17
-1
-1
-1
-1
-1
53
21
17
5
-1
18
24
-1
-1
-1
-1
-1
-1
-1
-1
-1
18
-1
-1
-1
-1
-1
55
21
17
6
-1
21
23
-1
-1
-1
-1
-1
-1
-1
-1
-1
7
-1
-1
-1
-1
-1
52
26
20
-1
-1
18
15
-1
-1
-1
-1
-1
-1
-1
-1
-1
-1
-1
-1
-1
-1
28
26
21
17
-1
-1
18
1
-1
-1
-1
-1
-1
-1
-1
-1
-1
-1
-1
-1
-1
-1
31
26
21
17
-1
8
20
1
-1
-1
-1
-1
-1
-1
-1
-1
-1
-1
-1
-1
-1
-1
33
26
20
21
-1
8
16
-1
-1
-1
-1
-1
-1
-1
-1
-1
-1
-1
-1
-1
-1
-1
35
29
26
17
-1
4
22
-1
-1
-1
-1
-1
-1
-1
-1
-1
-1
-1
-1
-1
-1
-1
31
28
22
15
-1
10
5
-1
-1
-1
-1
-1
-1
54
-1
-1
-1
-1
-1
-1
-1
-1
31
25
16
33
-1
12
12
-1
-1
-1
-1
-1
-1
-1
-1
-1
-1
-1
-1
-1
-1
-1
27
53
17
-1
-1
11
-1
-1
-1
-1
-1
-1
34
-1
-1
-1
-1
-1
-1
-1
-1
-1
25
-1
39
-1
5
35
-1
-1
-1
-1
-1
-1
69
-1
-1
-1
-1
-1
-1
-1
-1
-1
31
-1
61
-1
5
39
-1
-1
-1
-1
-1
-1
67
24
-1
-1
-1
-1
-1
-1
-1
-1
40
-1
-1
-1
18
69
-1
-1
-1
-1
-1
-1
102
26
-1
-1
-1
-1
-1
-1
-1
-1
60
-1
-1
37
5
-1
-1
-1
-1
-1
-1
-1
104
23
-1
-1
-1
-1
-1
-1
-1
-1
171
-1
-1
43
6
-1
-1
-1
-1
-1
-1
-1
109
9
-1
-1
-1
-1
-1
-1
-1
-1
-1
-1
-1
40
39
-1
-1
-1
-1
-1
-1
-1
110
-1
-1
-1
-1
-1
-1
-1
-1
-1
-1
-1
-1
71
43
-1
-1
-1
-1
-1
-1
-1
113
4
-1
-1
-1
-1
-1
-1
192
-1
-1
-1
52
19
43
-1
-1
-1
-1
-1
-1
96
12
23
-1
-1
-1
-1
-1
61
101
-1
-1
-1
53
16
79
-1
-1
-1
-1
-1
-1
89
-1
23
-1
-1
-1
-1
6
-1
166
-1
-1
-1
49
16
-1
-1
-1
-1
-1
-1
-1
55
-1
4
-1
-1
-1
-1
6
30
-1
-1
-1
-1
81
57
-1
-1
-1
-1
-1
-1
-1
10
-1
-1
-1
-1
-1
-1
-1
30
73
-1
-1
60
24
47
-1
-1
-1
-1
-1
-1
-1
-1
-1
-1
-1
-1
-1
4
-1
30
72
-1
-1
62
24
38
-1
-1
-1
57
-1
-1
-1
-1
-1
-1
-1
-1
-1
4
-1
34
46
-1
-1
57
25
-1
-1
-1
-1
44
-1
-1
-1
-1
-1
-1
-1
-1
-1
-1
29
32
64
-1
-1
60
30
-1
-1
-1
-1
39
-1
-1
-1
-1
-1
-1
-1
-1
-1
-1
29
12
-1
-1
-1
46
30
-1
-1
-1
24
16
-1
-1
-1
-1
-1
-1
-1
-1
6
-1
53
-1
-1
-1
-1
30
28
-1
-1
-1
41
8
-1
-1
-1
-1
-1
-1
-1
-1
-1
-1
-1
-1
-1
89
-1
-1
36
-1
-1
-1
38
-1
-1
-1
-1
-1
-1
-1
-1
-1
-1
-1
-1
-1
-1
35
-1
16
-1
-1
-1
-1
25
-1
-1
-1
-1
-1
-1
-1
-1
-1
-1
-1
-1
-1
-1
60
-1
20
-1
-1
-1
-1
9
-1
-1
-1
-1
-1
-1
-1
-1
-1
-1
-1
-1
-1
-1
-1
-1
86
-1
-1
-1
-1
-1
-1
-1
-1
-1
-1
-1
-1
-1
2
-1
-1
-1
-1
-1
-1
-1
-1
-1
-1
-1
8
-1
-1
-1
-1
-1
-1
-1
-1
-1
-1
-1
-1
-1
-1
-1
-1
-1
-1
-1
-1
-1
21
-1
-1
-1
-1
-1
-1
-1
-1
-1
-1
-1
-1
-1
-1
-1
-1
-1
-1
-1
-1
-1
65
-1
-1
-1
-1
-1
-1
-1
-1
-1
1
-1
-1
-1
-1
-1
-1
-1
-1
-1
-1
-1
-1
-1
-1
47
-1
-1
-1
-1
-1
-1
-1
-1
-1
-1
-1
-1
-1
-1
-1
-1
-1
-1
-1
-1
-1
32
-1
-1
-1
-1
-1
41
-1
-1
-1
-1
-1
-1
-1
-1
-1
-1
-1
-1
-1
-1
53
1
-1
-1
-1
-1
-1
64
-1
-1
-1
-1
-1
-1
-1
-1
-1
-1
-1
-1
-1
-1
58
-1
-1
-1
-1
-1
-1
32
-1
-1
-1
-1
-1
-1
-1
-1
-1
-1
-1
-1
-1
-1
260
-1
-1
-1
-1
-1
-1
43
-1
-1
-1
-1
-1
-1
-1
-1
-1
-1
-1
-1
-1
-1
-1
-1
-1
-1
-1
-1
9
-1
-1
-1
-1
-1
-1
-1
-1
-1
-1
-1
-1
-1
-1
-1
-1
-1
-1
-1
-1
-1
26
-1
-1
-1
-1
-1
-1
-1
-1
-1
-1
-1
-1
-1
-1
-1
-1
-1
-1
-1
-1
-1
-1
-1
-1
-1
-1
-1
-1
-1
-1
-1
-1
-1
-1
-1
-1
-1
-1
-1
-1
-1
-1
5
-1
-1
-1
-1
-1
-1
-1
-1
-1
-1
-1
-1
-1
-1
-1
-1
-1
-1
-1
-1
-1
5
-1
-1
-1
-1
-1
-1
-1
-1
-1
-1
-1
-1
-1
-1
-1
-1
271
-1
-1
-1
-1
-1
-1
-1
-1
-1
-1
-1
-1
-1
-1
-1
-1
67
-1
-1
-1
54
30
14
-1
-1
12
-1
-1
-1
-1
-1
-1
-1
-1
-1
-1
-1
-1
5
-1
-1
-1
56
29
14
-1
-1
18
-1
-1
-1
-1
-1
-1
-1
-1
-1
-1
-1
-1
4
-1
-1
-1
58
29
14
-1
-1
33
-1
-1
-1
-1
-1
-1
-1
-1
-1
-1
-1
29
-1
-1
-1
36
34
29
38
-1
-1
33
-1
-1
-1
-1
-1
-1
-1
-1
-1
-1
-1
59
-1
-1
-1
38
29
33
51
-1
-1
42
-1
-1
-1
-1
-1
-1
-1
-1
-1
-1
-1
68
-1
-1
-1
36
29
30
-1
-1
-1
61
-1
-1
-1
-1
-1
-1
-1
-1
-1
-1
-1
91
-1
-1
-1
22
29
29
9
90
-1
31
-1
-1
-1
-1
-1
-1
-1
-1
-1
-1
-1
56
-1
-1
29
27
33
30
9
30
30
43
-1
-1
-1
-1
-1
-1
-1
-1
-1
-1
-1
-1
-1
-1
22
22
32
30
1
63
31
-1
-1
-1
-1
-1
-1
-1
-1
-1
-1
-1
-1
-1
-1
-1
18
21
30
30
-1
-1
34
-1
-1
-1
-1
-1
-1
-1
65
-1
-1
90
-1
-1
-1
-1
17
24
30
30
-1
33
13
-1
-1
-1
-1
-1
-1
-1
24
-1
-1
30
-1
-1
-1
-1
25
