64
22
23
0
0
0
0
34
4
36
43
20
1
45
76
0
20
0
147
0
0
233
0
46
33
81
0
26
18
18
0
18
28
55
0
26
65
134
27
28
176
46
23
0
23
23
0
31
0
0
58
61
28
28
29
33
404
176
97
18
0
28
122
24
28
551
56
232
0
260
0
116
108
114
0
0
15
297
125
0
168
18
-1
9
12
92
18
94
137
77
0
38
91
0
29
361
38
95
0
0
20
17
47
55
123
79
64
257
397
180
0
11
193
41
207
193
265
-7
177
133
150
0
32
51
0
0
171
101
347
15
34
54
78
35
90
42
60
35
0
126
61
24
31
221
180
5
473
16
58
118
153
259
539
0
0
0
13
33
64
13
107
28
240
442
18
