0
0
0
11
0
580
0
0
0
0
0
0
0
0
1786
6
0
0
0
0
0
3798
0
0
0
0
634
1191
0
0
0
0
0
0
0
0
1777
2
0
0
0
0
0
3708
0
0
1149
1149
586
0
0
0
0
0
0
0
0
0
1858
0
0
0
0
0
2133
3931
0
0
1210
934
495
0
0
0
0
0
0
0
0
0
0
0
0
0
0
0
2159
3957
0
0
1767
1191
657
0
0
0
0
0
0
0
0
1004
0
0
0
0
0
501
3452
0
0
0
1670
1143
609
0
0
0
0
0
0
0
0
1330
0
0
0
0
0
1987
3645
0
0
0
1615
1097
565
0
0
0
0
0
0
0
0
1234
0
0
0
0
0
1911
3596
0
0
0
1726
1227
570
0
0
0
0
0
0
0
0
1293
0
0
0
0
1113
2599
3817
0
0
0
502
0
539
0
0
0
0
0
0
0
0
0
0
0
0
0
2136
0
2703
0
0
390
0
563
1094
29
29
0
0
0
0
0
0
0
0
0
0
0
0
3089
0
0
0
426
0
512
1063
33
33
0
0
0
0
0
0
0
0
0
0
0
0
3000
0
0
0
0
397
0
540
54
47
0
0
0
0
0
0
0
0
0
0
0
0
2902
0
0
0
0
470
605
74
74
55
0
0
0
0
0
0
0
0
0
0
0
1628
3356
0
0
0
268
0
141
28
28
11
0
0
0
0
0
0
0
0
0
0
0
1882
0
0
0
0
276
0
27
27
27
0
0
0
0
0
0
0
0
0
0
0
0
1814
0
0
0
0
329
0
13
13
9
0
0
0
0
0
0
0
0
0
0
0
0
2372
0
0
0
0
0
0
14
14
0
0
0
0
0
0
0
0
0
0
0
0
0
2709
0
0
0
0
0
10
5
5
0
0
0
0
0
0
0
0
0
0
0
0
0
0
0
0
0
0
0
0
0
0
0
0
0
0
0
0
0
0
0
0
0
0
0
0
0
0
0
0
0
0
0
0
0
0
0
0
0
0
0
0
0
0
0
0
0
0
0
0
0
0
0
0
0
0
0
0
0
0
0
0
0
0
0
0
0
0
0
0
0
0
0
0
0
176
176
176
176
176
176
176
0
0
0
0
0
0
0
0
0
0
0
0
0
0
0
0
0
0
0
0
0
0
380
380
0
0
0
0
0
0
0
0
0
0
0
0
0
0
0
0
0
0
0
0
163
163
0
0
0
0
0
0
0
0
0
0
0
0
28
0
0
0
0
0
0
164
0
0
0
0
0
0
0
0
0
0
0
0
0
0
0
0
0
0
0
0
0
181
0
0
0
0
0
0
0
0
0
0
565
0
0
0
0
0
0
0
0
4
4
0
0
0
0
0
0
0
0
0
15
0
0
0
0
517
0
0
0
0
0
7
1361
0
0
0
0
0
0
0
0
0
103
186
0
317
0
0
0
0
0
0
2
5
1807
0
0
0
0
0
0
0
0
23
156
523
0
368
0
0
0
0
0
0
5
789
2525
0
0
0
0
0
0
0
0
75
169
195
690
1028
0
0
0
0
0
0
3
1312
2770
0
0
0
0
0
0
0
8
77
77
669
1216
1545
0
0
0
0
0
0
3
1256
2818
0
0
0
0
0
0
0
51
0
0
510
1035
0
0
0
0
0
0
0
4
1441
0
0
0
0
0
0
0
0
140
575
0
512
994
0
0
0
0
0
0
0
4
1584
0
0
0
0
0
0
0
0
904
593
0
514
1030
0
0
0
0
0
0
679
682
2200
0
0
0
0
0
0
0
2087
1009
0
613
1141
0
0
0
0
0
0
0
633
638
2046
0
0
0
0
0
0
0
0
0
674
0
552
0
0
0
0
0
0
0
0
3
1410
1410
0
0
0
0
0
0
0
0
614
0
602
0
0
0
0
0
0
0
0
0
284
284
0
0
0
0
0
0
0
0
594
0
531
0
76
0
0
0
0
0
0
0
0
0
0
0
0
0
0
0
0
0
583
0
555
0
0
0
0
0
0
0
0
0
0
0
0
0
0
0
0
0
0
191
0
595
1130
0
0
0
0
0
0
0
0
0
0
0
0
0
0
0
0
0
0
179
0
604
1138
0
0
0
0
0
0
0
0
0
0
0
0
0
0
0
0
34
172
172
0
625
1171
0
0
0
0
0
0
0
0
0
0
0
0
0
0
0
0
0
0
0
227
0
53
75
0
0
0
0
0
0
0
0
0
0
0
0
0
0
0
0
0
0
185
0
0
0
0
0
0
3
0
0
0
0
0
0
0
0
0
0
0
0
0
0
247
0
0
0
0
0
0
0
0
0
0
0
0
0
0
0
0
0
0
0
0
0
31
0
0
0
0
0
0
0
0
0
0
0
0
0
0
0
0
31
31
31
31
31
0
0
0
0
0
0
0
0
0
0
0
0
0
0
0
0
0
0
0
0
0
0
0
0
0
0
0
0
0
0
0
0
0
0
0
0
0
0
0
0
0
0
0
0
0
0
0
0
0
0
0
0
0
0
0
0
0
0
0
0
0
0
0
0
0
0
0
0
0
0
0
0
0
0
0
4048
4048
4048
4048
4048
4048
4048
43
43
43
43
43
10
0
0
0
0
0
0
0
0
0
0
0
0
0
0
0
0
193
193
193
193
193
90
0
0
0
0
0
0
0
0
663
0
0
0
0
0
0
0
84
84
84
84
84
25
0
0
0
0
0
0
0
0
2029
0
0
0
0
0
0
39
39
39
39
39
39
0
0
0
0
0
0
0
0
0
1909
0
0
0
0
0
0
34
34
34
34
34
6
0
0
0
0
0
0
0
0
0
2061
4085
4085
4085
4085
4085
4085
10
10
10
10
10
0
0
0
0
0
0
0
0
0
830
2475
4095
4095
4095
4095
4095
0
12
12
12
12
12
0
0
0
0
0
0
0
0
0
1094
2544
4092
4092
4092
4092
4092
0
0
0
0
0
0
0
0
0
0
0
0
0
0
0
1022
2504
4042
4084
4084
4084
4084
0
0
0
0
0
0
0
0
0
0
0
0
0
0
4095
3083
1616
0
555
555
555
555
0
0
0
0
0
0
0
0
0
0
0
0
4095
4095
0
1551
0
366
0
0
0
0
0
0
0
0
0
0
0
0
0
0
0
0
1147
1147
0
1718
0
574
0
0
23
0
0
0
0
0
0
0
0
0
0
0
0
0
2326
2326
0
683
0
0
0
0
67
0
0
0
0
0
0
0
0
0
0
0
0
0
2589
2589
2525
0
0
0
14
0
90
0
0
0
0
0
0
0
0
0
3
3
3
0
0
0
2280
0
0
0
127
0
709
0
0
0
0
0
0
0
0
0
3
3
0
0
0
0
2356
0
0
3
0
163
1081
0
0
0
0
0
0
0
0
1
6
88
0
878
878
0
0
0
0
0
81
0
0
0
0
0
0
0
0
0
0
1
8
129
0
0
0
1462
0
0
0
0
113
0
0
0
0
0
0
0
0
0
0
2
377
377
0
0
0
1487
0
0
0
0
135
0
684
0
0
0
0
0
0
0
0
3
524
524
0
0
0
1757
0
0
0
88
0
1497
0
0
0
0
0
0
0
0
0
1
2
0
0
0
0
0
0
0
0
0
242
0
0
0
0
0
0
0
0
0
695
697
698
0
0
0
3026
0
0
0
0
0
593
0
0
0
0
0
0
0
0
0
1659
1663
1663
0
0
0
3457
0
