0
0
653
0
0
0
0
0
0
0
0
1643
0
5
0
0
0
0
3741
0
0
2904
352
0
558
0
0
0
0
0
0
0
0
1715
0
3
0
0
0
0
3665
0
0
1564
1099
502
0
0
0
0
0
0
0
0
0
1684
0
0
0
0
0
2390
3939
0
0
1099
959
455
0
0
0
0
0
0
0
0
0
1758
0
0
0
0
0
2941
0
0
0
1185
1100
546
0
0
0
0
0
0
0
0
0
0
0
0
0
0
0
3625
0
0
0
1606
1106
541
0
0
0
0
0
0
0
0
1494
0
0
0
0
0
2092
3927
0
0
0
1580
1139
578
0
0
0
0
0
0
0
0
1204
0
0
0
0
0
2203
3922
0
0
0
1592
1234
631
0
0
0
0
0
0
0
0
1269
0
0
0
0
987
2837
3942
0
0
0
1702
1179
559
0
0
0
0
0
0
0
0
0
0
0
0
0
2194
0
1835
0
0
2169
1721
0
598
14
14
0
0
0
0
0
0
0
0
0
0
0
0
3334
0
0
0
792
443
0
546
34
34
0
0
0
0
0
0
0
0
0
0
0
0
3329
0
0
0
863
465
0
545
52
52
0
0
0
0
0
0
0
0
0
0
0
0
3381
0
0
0
865
466
784
201
76
55
0
0
0
0
0
0
0
0
0
0
0
620
3464
0
0
0
449
0
229
35
35
13
0
0
0
0
0
0
0
0
0
0
0
2162
0
0
0
0
280
796
43
43
43
0
0
0
0
0
0
0
0
0
0
0
0
2017
0
0
0
0
303
494
31
31
31
0
0
0
0
0
0
0
0
0
0
0
0
2130
0
0
0
0
260
366
57
57
0
0
0
0
0
0
0
0
0
0
0
0
0
2116
0
0
0
0
0
57
46
46
0
0
0
0
0
0
0
0
0
0
0
0
0
2106
0
0
0
0
0
46
0
0
0
0
0
0
0
0
0
0
0
0
0
0
0
0
0
0
0
0
0
0
0
0
0
0
0
0
0
0
0
0
0
0
0
0
0
0
0
0
0
0
0
0
0
0
0
0
0
0
0
0
0
0
0
0
0
0
561
0
0
0
0
0
0
0
0
0
0
0
0
0
58
58
0
0
0
0
0
0
588
0
0
0
0
0
0
0
0
0
0
0
0
0
102
102
0
0
0
0
0
0
556
0
0
0
0
0
0
0
0
0
0
0
0
0
182
182
0
0
0
0
0
0
0
0
0
0
0
0
0
0
0
0
0
0
0
161
0
0
0
0
0
0
0
0
0
0
0
0
0
0
0
0
0
0
0
0
0
167
0
0
0
0
0
0
0
0
0
0
1780
0
0
0
0
0
0
0
0
0
0
0
107
0
0
0
0
0
0
0
5
0
0
0
0
0
0
0
0
0
0
0
0
0
0
0
0
0
0
0
0
0
4
122
0
366
0
569
0
0
0
0
2
3
0
0
0
0
0
0
0
0
0
0
0
589
0
339
0
0
0
0
0
0
2
511
0
0
0
0
0
0
0
0
0
56
0
0
498
939
0
0
0
0
0
0
3
1294
2812
0
0
0
0
0
0
0
0
144
486
0
496
882
0
0
0
0
0
0
3
1418
0
0
0
0
0
0
0
0
68
0
0
536
1059
0
0
0
0
0
0
0
2
1377
0
0
0
0
0
0
0
0
76
479
0
547
1143
0
55
0
0
0
0
0
2
1391
0
0
0
0
0
0
0
0
704
623
0
533
1081
0
0
0
0
0
0
433
436
1851
0
0
0
0
0
0
0
0
1143
590
0
506
0
0
0
0
0
0
0
678
683
0
0
0
0
0
0
0
0
2063
930
0
590
1126
0
0
0
0
0
0
0
102
105
0
0
0
0
0
0
0
0
0
1146
602
0
619
0
0
0
0
0
0
0
0
0
0
0
0
0
0
0
0
0
0
0
671
0
498
0
0
0
0
0
0
0
0
0
0
0
0
0
0
0
0
0
0
0
630
0
530
0
0
0
0
0
0
0
0
0
0
0
0
0
0
0
0
0
0
170
0
557
1057
0
0
0
0
0
0
0
0
0
0
0
0
0
0
0
0
0
0
165
0
608
1135
0
0
0
0
0
0
0
0
0
0
0
0
0
0
0
0
0
173
173
0
599
1172
385
0
0
0
0
0
0
0
0
0
0
0
0
0
0
0
0
172
172
0
585
698
0
0
0
0
0
0
0
0
0
0
0
0
0
0
0
0
0
0
0
175
0
0
0
0
0
0
0
0
0
0
0
0
0
0
0
0
0
0
0
0
0
382
0
0
0
0
0
0
0
0
0
0
0
0
0
0
0
0
0
0
0
0
0
83
0
0
0
0
0
0
0
0
0
0
0
0
0
0
0
0
0
0
0
0
0
0
0
0
0
0
0
0
0
0
0
0
0
0
0
0
0
0
13
13
13
13
13
0
0
0
0
0
0
0
0
0
0
0
0
0
0
0
0
0
0
0
0
0
0
0
0
0
0
0
0
0
0
0
0
0
0
0
0
0
0
0
0
0
0
0
0
0
0
0
0
0
0
0
0
0
4077
4077
4077
4077
4077
4077
4077
18
18
18
18
18
3
0
0
0
0
0
0
0
0
0
0
0
0
0
0
0
0
114
114
114
114
114
0
31
31
31
31
32
32
0
0
0
0
0
0
0
0
0
0
79
79
79
79
79
13
0
0
0
0
0
0
0
0
0
0
0
0
0
0
0
27
27
27
27
27
27
0
0
0
0
0
0
0
0
0
2078
0
0
0
0
0
0
27
27
27
27
27
17
0
0
0
0
0
0
0
0
0
1851
4090
4090
4090
4090
4090
4090
5
5
5
5
5
0
0
0
0
0
0
0
0
0
0
1532
4095
4095
4095
4095
4095
0
35
35
35
35
35
0
0
0
0
0
0
0
0
0
988
2585
4095
4095
4095
4095
4095
0
0
0
0
0
0
0
0
0
0
0
0
0
0
0
1063
2703
4086
4086
4086
4086
4086
0
0
0
0
0
0
0
0
0
0
0
0
0
0
0
1057
2675
0
0
0
0
0
0
0
0
0
0
0
0
0
0
0
0
0
4095
4095
4095
2977
1304
4068
4068
4068
4068
0
0
0
0
0
0
0
0
0
0
0
0
0
4095
4095
3630
2141
0
0
0
0
0
0
0
0
0
0
0
0
0
0
0
0
0
0
0
0
471
2331
0
0
0
0
37
0
0
0
0
0
0
0
0
0
0
0
0
0
0
0
753
1750
0
0
0
0
162
0
0
0
0
0
0
0
0
0
0
0
0
0
0
0
2079
0
0
0
0
62
591
0
0
0
0
0
0
0
0
0
7
7
0
0
0
0
1924
0
0
16
0
104
1056
0
0
0
0
0
0
0
0
2
11
76
0
0
0
865
0
0
0
127
0
643
0
0
0
0
0
0
0
0
0
4
9
130
0
0
0
1769
0
0
0
0
217
0
1122
0
0
0
0
0
0
0
0
2
225
262
0
0
0
1491
0
0
0
0
210
0
911
0
0
0
0
0
0
0
0
3
571
571
0
0
0
0
0
0
0
0
188
0
0
0
0
0
0
0
0
0
0
2
124
124
124
124
124
0
0
0
0
118
0
1313
0
0
0
0
0
0
0
0
674
680
680
0
0
0
3208
0
0
0
0
0
527
0
0
0
0
0
0
0
0
0
1660
1664
1665
0
0
0
3752
0
0
0
0
