913
655
0
0
0
0
0
0
0
2736
0
0
4
0
0
0
0
4095
1961
4095
3812
0
943
0
0
0
0
0
0
0
0
3083
0
0
3
0
0
0
4095
989
1838
4095
622
0
1361
0
0
0
0
0
0
0
298
3065
0
0
0
0
0
0
4095
955
2103
4095
0
0
850
0
0
0
0
0
0
0
4095
0
0
0
0
0
0
0
3987
814
2298
0
0
0
0
0
0
0
0
0
0
0
1382
1882
1615
0
0
0
0
0
4095
858
3008
0
0
0
0
0
0
0
0
0
0
0
1691
2927
0
0
0
0
0
0
4095
939
3741
0
0
0
0
0
0
0
0
0
0
0
1530
1721
0
0
0
0
0
0
4095
860
3451
0
0
0
0
0
0
0
0
0
0
0
1549
1708
0
0
0
0
0
4095
443
795
3514
0
0
0
0
0
0
0
0
0
0
0
1540
0
0
0
0
4095
0
4095
517
804
3169
0
0
0
0
0
0
0
0
0
0
0
1623
0
0
0
0
4095
0
4095
473
720
2355
0
0
0
0
0
0
0
0
0
0
0
872
0
0
0
4095
0
0
4095
572
736
829
0
0
1356
0
0
0
0
0
0
0
155
0
0
0
0
4095
0
4095
1168
444
1111
0
0
0
1576
0
0
0
0
0
0
0
121
0
0
0
0
4095
0
4095
1316
440
758
0
882
0
1035
0
0
0
0
0
0
0
111
322
0
0
0
0
0
4095
1536
538
77
0
1569
0
0
0
0
0
0
0
0
0
0
398
0
0
0
0
0
4095
1476
463
0
0
1048
0
0
0
0
0
0
0
0
0
0
81
0
0
0
0
4095
3493
1420
454
0
325
201
0
0
0
0
0
0
0
0
0
241
0
0
0
0
0
4095
3337
1707
568
0
342
459
0
0
0
0
0
0
0
0
0
305
0
0
0
0
0
4095
2814
1581
479
0
318
181
0
0
0
0
0
0
0
0
0
127
0
0
0
0
0
4095
3117
1541
85
0
354
140
0
0
0
0
0
0
0
0
0
0
0
0
0
0
0
4095
3550
1848
0
21
323
9
0
0
0
0
0
0
0
0
0
0
0
0
0
0
1185
4095
3418
1637
0
0
89
3
0
0
0
0
0
0
0
0
0
0
0
0
0
0
1180
3551
2913
1567
0
71
50
0
0
0
0
0
0
0
0
0
0
0
0
0
0
0
1148
3523
2889
1206
0
170
28
0
0
0
0
0
0
0
0
0
0
0
0
0
0
0
1143
4095
3246
323
0
22
236
0
0
0
0
0
0
1256
0
0
0
0
0
0
0
0
1346
4095
1859
291
0
199
28
0
0
0
0
0
1316
0
0
0
0
0
0
0
0
0
4095
4095
1500
0
265
126
77
0
0
0
0
0
1741
0
0
0
0
0
0
0
0
0
4095
0
4095
0
370
183
64
0
0
0
0
0
3042
0
0
0
0
0
0
0
0
0
4095
0
418
0
369
385
0
0
0
0
0
0
1883
1308
0
0
0
0
0
0
0
0
4095
0
0
0
761
433
0
0
0
0
0
0
3451
1296
0
0
0
0
0
0
0
0
3534
0
0
713
122
488
0
0
0
0
0
0
3411
1476
0
0
0
0
0
0
0
0
856
0
0
668
313
0
0
0
0
0
0
0
3377
565
0
0
0
0
0
0
0
0
0
0
0
1742
69
0
0
0
0
0
0
0
3399
0
18
0
0
0
0
0
0
0
0
0
0
2117
0
0
0
0
0
0
0
0
3662
0
0
0
0
0
0
0
1715
0
0
0
1453
119
0
0
0
0
0
0
0
2248
817
439
0
0
0
0
0
162
1986
0
0
0
1547
283
0
0
0
0
0
0
0
2240
0
431
0
0
0
0
19
0
2791
0
0
0
1335
92
0
0
0
0
0
0
0
1620
0
63
0
0
0
0
2264
0
0
0
0
0
1878
166
0
0
0
0
0
0
0
59
0
0
0
0
0
0
0
905
1888
0
0
1100
333
189
0
0
0
0
0
0
0
0
0
0
0
0
0
24
0
1137
1897
0
0
1066
168
135
0
0
0
0
0
0
0
0
0
0
0
0
0
36
0
1110
1258
0
0
1091
156
0
0
0
0
0
0
0
0
0
0
0
0
0
0
0
937
1112
584
0
0
1096
3
0
0
0
0
36
0
0
0
0
0
0
0
0
0
0
1219
631
0
0
0
1428
7
0
0
0
0
62
0
0
0
0
0
0
0
0
39
0
1071
0
0
0
0
1117
325
0
0
0
0
46
0
0
0
0
0
0
0
0
916
0
0
0
0
559
0
536
456
0
0
0
37
28
0
0
0
0
0
0
0
0
0
0
0
0
0
294
0
204
0
0
0
0
75
0
0
0
0
0
0
0
0
0
0
0
0
0
0
409
0
0
0
0
0
0
68
0
0
0
0
0
0
0
0
0
0
0
0
0
0
355
0
0
0
0
0
0
27
0
0
0
0
0
0
0
0
12
0
0
0
0
0
0
0
0
0
0
0
0
0
0
0
0
0
0
0
0
0
0
0
0
0
0
0
0
0
0
0
0
0
0
0
0
0
0
0
0
0
0
0
0
0
0
0
0
0
0
0
0
0
0
0
1482
0
0
0
0
0
0
0
0
0
0
0
0
0
0
0
0
0
0
0
0
0
4095
0
0
0
0
0
0
0
0
3
0
0
0
0
0
0
0
0
0
0
0
0
0
0
0
4095
0
0
0
0
0
156
0
0
0
0
0
0
0
0
0
0
0
0
0
0
0
4095
0
0
0
0
0
173
0
0
0
0
0
0
0
0
0
0
0
0
0
0
4095
313
0
0
0
0
0
72
0
0
0
0
0
0
0
0
0
0
0
0
0
0
4095
0
0
0
0
0
0
52
0
0
0
0
0
0
0
0
0
0
0
0
0
0
4095
0
0
0
0
0
4095
0
0
0
0
0
0
0
0
0
0
0
0
0
0
0
0
0
0
0
0
0
4095
0
0
0
0
0
0
0
0
0
0
0
0
0
0
0
0
0
0
0
0
4095
6
0
0
0
0
0
0
0
0
0
0
0
0
0
0
0
0
0
0
0
0
4095
0
0
0
0
0
0
0
0
0
0
0
0
0
0
0
0
0
0
0
0
0
4095
0
0
0
0
0
0
0
0
0
0
0
0
0
0
0
0
0
0
0
0
0
0
0
0
0
0
0
0
0
0
0
0
0
13
0
0
0
0
4095
0
0
0
110
0
0
0
0
0
0
0
0
0
0
0
0
17
0
0
0
4095
4095
584
0
0
31
0
0
0
0
0
0
0
0
0
0
0
0
22
0
0
0
4095
1277
513
0
0
66
0
0
0
0
0
0
0
0
0
0
0
59
6
0
0
0
4095
1117
532
0
0
71
0
0
0
0
0
0
0
0
0
0
0
113
0
0
0
4095
4095
1088
117
0
0
1398
0
0
0
0
0
0
0
0
0
0
0
101
0
0
0
4095
4095
1157
206
0
0
2545
0
0
0
0
0
0
0
0
0
0
0
766
0
0
0
4095
4095
1282
0
0
0
1200
0
0
0
0
0
0
0
0
0
0
0
570
0
0
4095
2000
4095
4095
58
2225
1106
1204
0
0
0
0
0
0
0
0
0
0
0
0
0
0
4036
2007
4095
4095
56
1128
1552
0
0
0
0
0
0
0
0
0
0
0
0
0
0
0
3469
2169
4095
4095
7
1047
2040
0
0
0
0
0
0
0
1336
0
0
2
0
0
0
0
1922
2055
4095
4095
0
0
