1846
4095
0
0
0
1742
0
0
0
0
0
0
0
2435
0
0
3
0
0
0
0
4095
1651
3416
0
0
0
1169
0
0
0
0
0
0
0
3292
0
0
2
0
0
0
0
4095
1631
4095
0
0
0
0
0
0
0
0
0
0
0
3319
0
0
0
0
0
0
0
4095
1867
4095
0
0
0
0
0
0
0
0
0
0
0
2178
1719
0
0
0
0
0
4095
473
1685
3439
0
0
0
0
0
0
0
0
0
0
0
3230
1837
0
0
0
0
0
4095
468
1605
3127
0
0
0
0
0
0
0
0
0
0
0
3168
1671
0
0
0
0
0
4095
543
1899
2054
0
0
0
0
0
0
0
0
0
0
0
2912
0
0
0
0
0
0
4095
432
1510
2023
0
0
0
0
0
0
0
0
0
0
1257
1663
0
0
0
0
0
0
4095
471
2019
0
0
0
1731
0
0
0
0
0
0
0
1269
656
0
0
0
4095
0
4095
738
557
2146
0
0
0
1394
0
0
0
0
0
0
0
1426
0
0
0
0
4095
0
4095
713
460
659
0
0
0
1459
0
0
0
0
0
0
0
1333
0
0
0
0
4095
0
4095
613
580
283
0
865
0
1026
0
0
0
0
0
0
0
209
0
0
0
0
4095
0
4095
718
449
0
0
1558
0
0
0
0
0
0
0
0
0
0
0
0
0
0
0
0
4095
694
808
0
961
0
0
0
0
0
0
0
0
0
0
124
0
0
0
0
0
4095
1662
613
828
0
771
0
0
0
0
0
0
0
0
0
0
392
0
0
0
0
0
4095
1601
686
711
0
276
0
0
0
0
0
0
0
0
0
0
376
0
0
0
0
0
4095
1553
815
339
257
254
0
0
0
0
0
0
0
0
0
0
0
0
0
0
0
0
4095
1897
724
0
268
281
0
0
0
0
0
0
0
0
0
0
0
0
0
0
0
4095
4095
1606
746
0
289
168
0
0
0
0
0
0
0
0
0
0
0
0
0
0
0
1248
4095
1662
859
0
296
73
0
0
0
0
0
0
0
0
0
0
0
0
0
0
0
1444
4095
1897
734
0
136
6
0
0
0
0
0
0
0
0
0
0
0
0
0
0
0
1701
4095
1662
0
0
209
4
0
0
0
0
0
0
0
0
173
0
0
0
0
0
0
1703
4095
1629
0
0
65
0
0
0
0
0
0
0
0
0
114
0
0
0
0
0
0
1685
4095
1641
0
0
125
0
0
0
0
0
0
0
0
0
95
0
0
0
0
0
551
4095
4095
1707
0
50
291
0
0
0
0
0
0
722
0
0
0
0
0
0
0
0
359
4095
4095
335
0
81
366
0
0
0
0
0
0
1578
0
0
0
0
0
0
0
0
80
4095
0
345
0
41
381
0
0
0
0
0
0
1392
0
104
0
0
0
0
0
0
0
4095
0
0
385
80
0
0
0
0
0
0
1345
1649
119
0
0
0
0
0
0
0
0
4007
0
0
356
224
0
0
0
0
0
0
1800
1444
164
0
0
0
0
0
0
0
79
542
0
0
427
14
0
0
0
0
0
0
3025
1407
0
0
0
0
0
0
0
0
257
0
0
0
1139
0
0
0
0
0
0
0
0
4095
0
0
0
0
0
0
0
0
747
0
0
0
926
0
0
0
0
0
0
0
3038
1435
212
0
0
0
0
0
0
912
0
0
0
1453
288
0
0
0
0
0
0
0
3050
520
363
0
0
0
0
0
0
1762
0
0
0
1453
236
0
0
0
0
0
0
0
3079
0
197
0
0
0
0
54
0
2811
0
0
0
1597
208
0
0
0
0
0
0
0
3756
66
0
0
0
0
0
2086
0
0
0
0
1582
398
162
0
0
0
0
0
0
1939
0
355
0
0
0
0
0
0
0
2614
0
0
1013
194
144
0
0
0
0
0
0
1654
0
386
0
0
0
0
88
0
1119
1516
0
0
765
66
133
0
0
0
0
0
0
0
0
23
0
0
0
0
0
0
1191
1423
0
0
742
34
0
0
0
0
0
0
0
0
0
0
0
0
0
0
0
1089
1235
848
0
0
951
40
0
0
0
0
0
0
0
0
0
0
0
0
0
29
0
1197
846
0
0
0
1255
211
0
0
0
0
0
0
0
0
0
0
0
0
0
34
0
1102
169
0
0
0
1284
732
0
0
0
104
0
0
0
0
0
0
0
0
0
0
0
1052
0
0
0
0
1600
0
0
0
0
90
0
0
0
0
0
0
0
0
0
0
0
0
0
0
664
0
31
0
0
0
0
94
0
0
0
0
0
0
0
0
0
0
0
0
0
0
720
0
1
0
0
0
0
23
0
0
0
0
0
0
0
0
47
0
0
0
0
406
0
0
0
0
0
0
18
0
0
0
0
0
0
0
0
0
0
0
0
0
0
217
0
0
0
0
0
0
11
0
0
0
0
0
0
0
0
0
0
0
0
0
0
0
0
0
0
0
0
0
7
0
0
0
0
0
0
0
0
0
0
0
0
0
0
0
0
0
0
0
0
0
0
0
0
0
0
0
0
0
0
0
0
0
0
0
0
0
0
0
0
0
0
0
0
0
0
0
0
0
0
0
0
20
0
0
0
0
0
0
0
0
0
0
0
0
0
0
0
0
0
0
0
0
0
4095
0
0
0
0
0
0
0
0
0
0
0
0
0
0
4095
0
0
0
0
0
0
208
0
0
0
0
0
0
0
0
0
0
0
0
0
0
4095
0
0
0
0
0
0
77
0
0
0
0
0
0
0
0
0
0
0
0
0
0
4095
0
0
0
0
0
62
0
0
0
0
0
0
0
0
0
0
0
0
0
0
0
4095
0
0
0
0
0
39
0
0
0
0
0
0
0
0
0
0
0
0
0
0
0
0
0
0
0
0
0
4095
0
0
0
0
0
0
0
0
0
0
0
0
0
0
0
0
0
0
0
0
4095
7
0
0
0
0
0
0
0
0
0
0
0
0
0
0
0
0
0
0
0
0
4095
0
0
0
0
0
0
0
0
0
0
0
0
0
0
0
0
0
0
0
0
0
4095
0
0
0
0
0
0
0
0
0
0
0
0
0
0
0
0
0
0
0
0
4095
0
0
0
0
0
0
0
0
0
0
0
0
4095
0
0
0
4095
4095
0
0
0
113
0
0
0
0
0
0
0
0
0
0
0
0
2622
0
0
0
4095
1207
0
0
0
10
0
0
0
0
0
0
0
0
0
0
0
0
2637
0
0
4095
4095
1290
0
0
0
67
0
0
0
0
0
0
0
0
0
0
0
58
0
0
0
4095
4095
1169
31
0
0
180
0
0
0
0
0
0
0
0
0
0
0
80
0
0
0
4095
4095
1146
0
0
0
1455
0
0
0
0
0
0
0
0
0
0
7
365
0
0
0
3541
4095
1177
0
0
0
2037
0
0
0
0
0
0
0
0
0
0
193
13
0
0
4095
3506
4095
3650
0
1415
807
1135
0
0
0
0
0
0
0
0
0
0
175
0
0
0
3169
3012
4095
4095
0
1568
2209
0
0
0
0
0
0
0
0
0
0
0
542
0
0
0
2990
3202
4095
4095
0
1487
1563
0
0
0
0
0
0
0
0
0
0
0
477
0
0
1470
1513
3510
4095
4095
0
0
2578
0
0
0
0
0
0
0
0
0
0
2
0
0
0
3833
1805
3161
4095
2885
0
1593
729
0
0
0
0
0
0
0
0
0
0
1359
0
0
0
4095
1642
2994
4095
0
0
1977
0
0
0
0
0
0
0
1697
0
0
0
2
0
0
0
4095
1703
