0
0
1850
0
0
0
0
0
0
0
4095
0
0
2
0
0
0
0
3103
1612
4095
0
0
1121
0
0
0
0
0
0
0
0
3550
0
0
2
0
0
0
0
4095
1622
3568
0
0
2946
0
0
0
0
0
0
0
0
3368
0
0
0
0
0
0
0
4095
1514
3496
0
0
0
0
0
0
0
0
0
0
435
3279
0
0
0
0
0
0
4095
486
1500
3173
0
0
0
0
0
0
0
0
0
0
1260
1833
1663
0
0
0
0
0
4095
556
1650
2463
0
0
0
0
0
0
0
0
0
0
2385
1674
1616
0
0
0
0
0
4095
466
1391
2545
0
0
0
0
0
0
0
0
0
0
0
1522
394
0
0
0
0
0
4095
460
1174
3432
0
0
0
0
0
0
0
0
0
0
1247
1627
0
0
0
0
0
0
4095
542
1581
0
0
0
0
0
0
0
0
0
0
0
1199
1176
0
0
0
4095
0
1883
711
470
2092
0
0
0
2381
0
0
0
0
0
0
0
1180
0
0
0
0
4095
0
1725
817
529
1393
0
0
0
1363
0
0
0
0
0
0
0
1094
0
0
0
0
4095
0
1623
819
453
725
0
0
0
1520
0
0
0
0
0
0
0
0
0
0
0
0
4095
0
1778
829
456
880
0
0
1412
0
0
0
0
0
0
0
0
0
0
0
0
0
0
4095
1898
797
342
0
0
0
0
0
0
0
0
0
0
0
0
79
0
0
0
0
0
4095
1730
827
624
0
1614
0
0
0
0
0
0
0
0
0
0
343
0
0
0
0
0
4095
1691
894
444
0
950
0
0
0
0
0
0
0
0
0
0
315
0
0
0
0
0
4095
2088
928
393
0
546
0
0
0
0
0
0
0
0
0
0
54
0
0
0
0
0
4095
1800
925
0
443
322
0
0
0
0
0
0
0
0
0
201
0
0
0
0
0
4095
4095
1810
1105
0
472
486
0
0
0
0
0
0
0
0
0
386
0
0
0
0
0
1114
4095
1997
1008
0
413
192
0
0
0
0
0
0
0
0
0
189
0
0
0
0
0
1127
4095
2146
881
0
412
157
0
0
0
0
0
0
0
0
0
0
0
0
0
0
0
1795
4095
1954
0
0
424
35
0
0
0
0
0
0
0
0
166
0
0
0
0
0
0
1792
4095
2003
0
0
173
17
0
0
0
0
0
0
0
0
213
0
0
0
0
0
560
1077
4095
2302
0
10
52
0
0
0
0
0
0
0
0
0
234
0
0
0
0
0
535
2321
4095
1751
0
245
8
0
0
0
0
0
0
504
0
0
0
0
0
0
0
0
463
4095
4095
379
0
155
92
0
0
0
0
0
0
1849
0
0
0
0
0
0
0
0
62
4095
0
930
0
97
302
0
0
0
0
0
0
3283
0
0
0
0
0
0
0
0
0
4095
859
0
0
330
906
0
0
0
0
0
1032
0
0
283
0
0
0
0
0
0
0
4095
0
0
378
205
0
0
0
0
0
0
1764
1824
0
0
0
0
0
0
0
0
68
0
0
0
460
181
0
0
0
0
0
0
2264
1383
0
0
0
0
0
0
0
0
707
0
0
0
338
100
0
0
0
0
0
0
3359
1618
0
0
0
0
0
0
0
0
1242
0
0
704
19
244
0
0
0
0
0
0
3050
1508
0
0
0
0
0
0
0
0
0
0
0
806
57
0
0
0
0
0
0
0
3367
1019
0
0
0
0
0
0
0
2668
0
0
0
749
48
0
0
0
0
0
0
0
3394
0
0
0
0
0
0
638
0
3948
0
0
0
686
32
0
0
0
0
0
0
0
3739
0
0
0
0
0
0
95
2431
0
0
0
897
119
1
0
0
0
0
0
0
2117
0
405
0
0
0
0
0
0
0
0
0
0
1412
195
0
0
0
0
0
0
0
1531
0
354
0
0
0
0
84
1132
0
2524
0
0
640
95
0
0
0
0
0
0
0
863
0
89
0
0
0
0
0
0
1171
2327
0
0
691
125
0
0
0
0
0
0
0
0
0
0
0
0
0
0
0
643
1206
0
0
0
758
317
0
0
0
0
0
0
0
0
0
0
0
0
0
25
0
1085
1984
0
0
0
675
849
0
0
0
0
0
0
0
0
0
0
0
0
0
41
0
1248
1565
0
0
0
574
0
0
0
0
0
0
0
0
0
0
0
0
0
0
0
0
1023
0
0
0
0
1280
0
0
0
0
78
0
0
0
0
0
0
0
0
0
0
0
530
0
0
0
0
699
0
0
0
0
95
0
0
0
0
0
0
0
0
0
0
0
0
0
0
0
0
621
0
0
0
0
110
0
0
0
0
0
0
0
0
32
0
0
0
0
1259
0
0
0
0
0
0
4
20
0
0
0
0
0
0
0
0
0
0
0
0
0
295
0
0
0
0
0
0
10
0
0
0
0
0
0
0
0
0
0
0
0
0
0
551
0
0
0
0
0
0
11
0
0
0
0
0
0
0
0
0
0
0
0
0
0
0
0
0
0
0
0
0
14
0
0
0
0
0
0
0
0
0
0
0
0
0
0
0
0
0
0
0
0
0
0
0
0
0
0
0
0
0
0
16
0
0
0
0
0
0
0
0
0
0
0
0
0
0
0
0
0
0
0
0
0
0
0
0
0
0
0
0
0
0
0
0
0
0
0
0
0
0
0
0
0
0
0
31
0
0
0
0
0
0
0
0
0
0
0
0
0
0
4095
0
0
0
0
0
0
0
0
0
0
0
0
0
0
0
0
0
0
0
0
0
4095
0
0
0
0
0
100
0
0
0
0
0
0
0
0
0
0
0
0
0
0
0
4095
0
0
0
0
0
98
0
0
0
0
0
0
0
0
0
0
0
0
0
0
0
4095
0
0
0
0
0
55
0
0
0
0
0
0
0
0
0
0
0
0
0
0
0
0
0
0
0
0
0
20
0
0
0
0
0
0
0
0
0
0
0
0
0
0
0
0
0
0
0
0
85
0
0
0
0
0
0
0
0
0
0
0
0
0
0
0
0
0
0
0
0
0
0
0
0
0
0
0
0
0
0
0
0
0
0
0
0
0
0
0
0
0
0
0
0
0
0
0
0
0
0
0
0
0
0
0
4095
0
0
0
0
0
0
0
0
97
0
0
0
0
0
0
0
0
0
0
0
0
4095
0
0
0
0
0
0
0
0
8
0
0
0
0
0
0
0
0
0
0
0
0
4095
0
0
0
4095
4095
0
0
0
32
0
0
0
0
0
0
0
0
0
0
0
60
0
0
0
0
4095
1141
0
0
180
0
0
0
0
0
0
0
0
0
0
0
0
78
0
0
0
4095
4095
1198
0
0
1766
237
0
0
0
0
0
0
0
0
0
0
2
660
0
0
0
4095
4095
1262
0
0
0
1091
0
0
0
0
0
0
0
0
0
0
133
15
0
0
4095
3586
3938
1247
0
0
1487
2178
0
0
0
0
0
0
0
0
0
0
159
0
0
0
3413
3251
3545
2576
0
1496
1182
0
0
0
0
0
0
0
0
0
0
0
380
0
0
0
3139
2936
3452
4095
0
2957
1889
0
0
0
0
0
0
0
0
0
0
0
609
0
0
1769
1597
2967
3524
4095
173
0
1212
0
0
0
0
0
0
0
0
0
0
0
0
0
0
2904
1744
3403
4095
4095
769
1415
1221
0
0
0
0
0
0
0
0
0
0
133
0
0
0
2924
1759
3424
4095
4095
0
1283
0
0
0
0
0
0
0
0
0
0
2
0
0
0
0
2941
1588
3181
4095
0
