-1
-1
-1
15
10
19
70
-1
-1
61
-1
-1
-1
-1
-1
-1
-1
5
123
-1
-1
-1
-1
-1
-1
16
9
19
-1
-1
-1
152
-1
-1
-1
-1
-1
-1
-1
25
-1
-1
-1
-1
-1
-1
-1
43
9
51
-1
-1
-1
-1
-1
-1
-1
-1
-1
-1
-1
28
33
78
-1
-1
-1
-1
-1
38
9
72
-1
-1
-1
-1
-1
-1
-1
-1
-1
-1
-1
27
30
-1
-1
-1
-1
-1
-1
40
9
110
-1
-1
-1
-1
-1
-1
-1
-1
-1
-1
-1
27
30
-1
-1
-1
-1
-1
35
6
9
111
-1
-1
-1
-1
-1
-1
-1
-1
-1
-1
-1
27
29
-1
-1
-1
79
-1
13
5
8
87
-1
-1
-1
-1
-1
-1
-1
-1
-1
-1
-1
27
-1
-1
-1
-1
85
-1
17
6
8
75
-1
-1
-1
-1
-1
-1
-1
-1
-1
-1
-1
32
-1
-1
-1
-1
-1
-1
37
5
9
66
-1
-1
166
-1
-1
-1
-1
-1
-1
-1
-1
12
-1
-1
-1
22
-1
51
15
5
8
-1
-1
-1
72
-1
-1
-1
-1
-1
-1
-1
2
-1
-1
-1
-1
25
-1
47
16
6
28
-1
88
-1
130
-1
-1
-1
-1
-1
-1
-1
2
-1
-1
-1
-1
78
-1
48
17
5
19
-1
61
-1
-1
-1
-1
-1
-1
-1
-1
-1
2
21
-1
-1
-1
-1
-1
51
17
5
18
-1
58
-1
-1
-1
-1
-1
-1
-1
-1
-1
-1
23
-1
-1
-1
-1
52
24
17
6
-1
20
36
-1
-1
-1
-1
-1
-1
-1
-1
-1
-1
4
-1
-1
-1
-1
51
21
19
5
-1
19
39
-1
-1
-1
-1
-1
-1
-1
-1
-1
16
-1
-1
-1
-1
-1
51
20
17
6
-1
18
17
-1
-1
-1
-1
-1
-1
-1
-1
-1
16
-1
-1
-1
-1
-1
56
21
18
1
-1
18
8
-1
-1
-1
-1
-1
-1
-1
-1
-1
9
-1
-1
-1
-1
-1
30
26
20
-1
-1
20
4
-1
-1
-1
-1
-1
-1
-1
-1
-1
-1
-1
-1
-1
-1
29
26
21
17
-1
1
21
1
-1
-1
-1
-1
-1
-1
-1
-1
-1
-1
-1
-1
-1
-1
31
26
21
18
-1
7
29
1
-1
-1
-1
-1
-1
-1
-1
-1
-1
-1
-1
-1
-1
-1
30
26
22
20
-1
9
21
-1
-1
-1
-1
-1
-1
-1
-1
-1
-1
-1
-1
-1
-1
-1
30
26
26
15
-1
7
21
-1
-1
-1
-1
-1
-1
-1
-1
-1
-1
-1
-1
-1
-1
-1
30
30
16
33
-1
11
6
-1
-1
-1
-1
-1
-1
-1
-1
28
-1
-1
-1
-1
-1
-1
35
53
17
-1
-1
15
13
-1
-1
-1
-1
-1
24
-1
-1
-1
-1
-1
-1
-1
-1
-1
30
-1
35
-1
5
18
-1
-1
-1
-1
-1
-1
32
-1
-1
-1
-1
-1
-1
-1
-1
-1
25
-1
63
-1
5
35
-1
-1
-1
-1
-1
-1
69
-1
-1
-1
-1
-1
-1
-1
-1
-1
31
-1
-1
-1
19
43
-1
-1
-1
-1
-1
-1
69
24
-1
-1
-1
-1
-1
-1
-1
-1
36
-1
-1
37
5
70
-1
-1
-1
-1
-1
-1
97
24
-1
-1
-1
-1
-1
-1
-1
-1
64
-1
-1
36
5
-1
-1
-1
-1
-1
-1
-1
102
26
-1
-1
-1
-1
-1
-1
-1
-1
167
-1
-1
46
41
-1
-1
-1
-1
-1
-1
-1
107
9
-1
-1
-1
-1
-1
-1
-1
-1
-1
-1
-1
66
44
-1
-1
-1
-1
-1
-1
-1
113
-1
-1
-1
-1
-1
-1
-1
-1
-1
-1
-1
82
16
40
-1
-1
-1
-1
-1
-1
-1
114
2
-1
-1
-1
-1
-1
-1
159
-1
-1
-1
85
14
83
-1
-1
-1
-1
-1
-1
98
12
26
-1
-1
-1
-1
-1
64
71
-1
-1
-1
84
11
-1
-1
-1
-1
-1
-1
-1
90
-1
24
-1
-1
-1
-1
4
-1
134
-1
-1
-1
82
47
-1
-1
-1
-1
-1
-1
-1
58
-1
3
-1
-1
-1
-1
39
-1
-1
-1
-1
61
24
47
-1
-1
-1
-1
-1
-1
-1
11
-1
-1
-1
-1
-1
-1
-1
30
67
-1
-1
58
22
34
-1
-1
-1
-1
-1
-1
-1
-1
-1
-1
-1
-1
-1
4
-1
30
67
-1
-1
61
18
-1
-1
-1
-1
52
-1
-1
-1
-1
-1
-1
-1
-1
-1
4
-1
30
53
-1
-1
57
23
-1
-1
-1
-1
47
-1
-1
-1
-1
-1
-1
-1
-1
-1
-1
28
30
69
-1
-1
48
31
-1
-1
-1
-1
39
-1
-1
-1
-1
-1
-1
-1
-1
-1
-1
32
18
-1
-1
-1
45
30
-1
-1
-1
17
15
-1
-1
-1
-1
-1
-1
-1
-1
5
-1
53
-1
-1
-1
-1
38
43
-1
-1
-1
35
9
-1
-1
-1
-1
-1
-1
-1
-1
-1
-1
-1
-1
-1
63
-1
22
-1
-1
-1
-1
40
-1
-1
-1
-1
-1
-1
-1
-1
-1
-1
-1
-1
-1
-1
32
-1
20
-1
-1
-1
-1
24
-1
-1
-1
-1
-1
-1
-1
-1
-1
-1
-1
-1
-1
-1
53
-1
88
-1
-1
-1
-1
8
-1
-1
-1
-1
-1
-1
-1
-1
-1
-1
-1
-1
-1
-1
-1
-1
-1
-1
-1
-1
-1
-1
-1
-1
-1
-1
-1
-1
-1
-1
2
-1
-1
-1
-1
-1
-1
-1
-1
-1
-1
-1
8
-1
-1
-1
-1
-1
-1
-1
-1
-1
-1
-1
-1
-1
-1
-1
-1
-1
-1
-1
-1
-1
21
-1
-1
-1
-1
-1
-1
-1
-1
-1
-1
-1
-1
-1
-1
-1
-1
-1
-1
-1
-1
-1
67
-1
-1
-1
-1
-1
-1
-1
-1
-1
1
-1
-1
-1
-1
-1
-1
-1
-1
-1
-1
-1
-1
-1
-1
19
-1
-1
-1
-1
-1
-1
-1
-1
-1
-1
-1
-1
-1
-1
-1
-1
-1
-1
-1
-1
-1
29
-1
-1
-1
-1
-1
40
-1
-1
-1
-1
-1
-1
-1
-1
-1
-1
-1
-1
-1
-1
53
-1
-1
-1
-1
-1
-1
60
-1
-1
-1
-1
-1
-1
-1
-1
-1
-1
-1
-1
-1
-1
60
-1
-1
-1
-1
-1
-1
36
-1
-1
-1
-1
-1
-1
-1
-1
-1
-1
-1
-1
-1
-1
278
-1
-1
-1
-1
-1
-1
47
-1
-1
-1
-1
-1
-1
-1
-1
-1
-1
-1
-1
-1
-1
-1
-1
-1
-1
-1
-1
9
-1
-1
-1
-1
-1
-1
-1
-1
-1
-1
-1
-1
-1
-1
-1
-1
-1
-1
-1
-1
-1
25
-1
-1
-1
-1
-1
-1
-1
-1
-1
-1
-1
-1
-1
-1
-1
-1
-1
-1
-1
-1
-1
5
-1
-1
-1
-1
-1
-1
-1
-1
-1
-1
-1
-1
-1
-1
-1
-1
-1
-1
-1
-1
5
-1
-1
-1
-1
-1
-1
-1
-1
-1
-1
-1
-1
-1
-1
-1
-1
-1
-1
-1
-1
-1
5
-1
-1
-1
-1
-1
-1
-1
-1
-1
-1
-1
68
-1
-1
-1
-1
272
-1
-1
-1
-1
-1
-1
-1
-1
-1
-1
-1
-1
-1
-1
-1
-1
5
-1
-1
-1
55
31
15
-1
-1
13
-1
-1
-1
-1
-1
-1
-1
-1
-1
-1
-1
-1
15
-1
-1
-1
56
32
15
-1
-1
18
-1
-1
-1
-1
-1
-1
-1
-1
-1
-1
-1
29
14
-1
-1
-1
52
29
15
-1
-1
30
-1
-1
-1
-1
-1
-1
-1
-1
-1
-1
-1
59
-1
-1
-1
37
29
29
27
-1
-1
30
-1
-1
-1
-1
-1
-1
-1
-1
-1
-1
-1
61
-1
-1
-1
39
34
30
53
-1
-1
41
-1
-1
-1
-1
-1
-1
-1
-1
-1
-1
-1
18
-1
-1
-1
35
31
29
-1
-1
-1
65
-1
-1
-1
-1
-1
-1
-1
-1
-1
-1
130
-1
-1
-1
23
22
30
33
10
97
-1
31
-1
-1
-1
-1
-1
-1
-1
-1
-1
-1
-1
-1
-1
-1
15
22
29
30
8
30
30
43
-1
-1
-1
-1
-1
-1
-1
-1
-1
-1
-1
-1
-1
-1
15
24
31
30
1
60
30
-1
-1
-1
-1
-1
-1
-1
-1
-1
-1
-1
-1
-1
-1
-1
15
21
34
30
-1
-1
30
-1
-1
-1
-1
-1
-1
-1
66
-1
-1
96
-1
-1
-1
-1
18
20
30
26
-1
30
18
-1
-1
-1
-1
-1
-1
-1
54
-1
-1
30
-1
-1
-1
17
10
23
29
33
-1
30
-1
-1
-1
-1
-1
-1
-1
-1
30
-1
-1
18
-1
