0
2899
0
0
558
0
0
0
0
0
0
0
0
1643
0
5
0
0
0
0
3835
0
0
0
0
544
1130
0
0
0
0
0
0
0
0
1743
2
0
0
0
0
0
3701
0
0
1128
1128
554
0
0
0
0
0
0
0
0
0
1712
0
0
0
0
0
2310
3954
0
0
1188
928
476
0
0
0
0
0
0
0
0
112
0
0
0
0
0
0
2211
0
0
0
1745
1152
582
0
0
0
0
0
0
0
0
1465
0
0
0
0
0
533
3408
0
0
0
1660
1110
562
0
0
0
0
0
0
0
0
1304
0
0
0
0
0
2047
3664
0
0
0
1731
1209
648
0
0
0
0
0
0
0
0
1268
0
0
0
0
0
1847
3654
0
0
0
1621
1122
574
0
0
0
0
0
0
0
0
1387
0
0
0
0
1174
2680
3791
0
0
436
0
483
1141
0
0
0
0
0
0
0
0
0
0
0
0
0
2223
0
2683
0
0
399
0
594
1159
20
20
0
0
0
0
0
0
0
0
0
0
0
0
3082
0
0
0
443
0
476
1018
41
41
0
0
0
0
0
0
0
0
0
0
0
0
2874
0
0
0
0
440
0
520
54
48
0
0
0
0
0
0
0
0
0
0
0
0
2952
0
0
0
0
393
737
150
77
61
0
0
0
0
0
0
0
0
0
0
0
1708
3424
0
0
0
0
0
140
32
32
9
0
0
0
0
0
0
0
0
0
0
0
1943
0
0
0
259
0
546
25
25
25
0
0
0
0
0
0
0
0
0
0
0
0
1804
0
0
0
275
0
0
14
14
10
0
0
0
0
0
0
0
0
0
0
0
0
2448
0
0
0
309
0
0
12
12
0
0
0
0
0
0
0
0
0
0
0
0
0
2589
0
0
0
0
0
7
7
7
0
0
0
0
0
0
0
0
0
0
0
0
0
0
0
0
0
0
0
0
0
0
0
0
0
0
0
0
0
0
0
0
0
0
0
0
0
0
0
0
0
0
0
0
0
0
0
0
0
0
0
0
0
0
0
0
0
0
0
0
0
0
0
0
0
0
0
0
0
0
0
0
0
0
0
0
0
0
0
0
0
0
0
0
0
0
0
0
0
0
0
0
50
50
0
0
0
0
0
0
0
0
0
0
0
0
0
0
0
0
0
0
0
0
103
103
0
0
0
0
0
0
236
0
0
0
0
0
0
0
0
0
0
0
0
0
173
173
0
0
0
0
0
0
0
0
0
0
0
0
1
0
0
0
0
0
0
111
0
0
0
0
0
0
0
0
0
0
0
0
0
0
0
0
0
0
0
0
0
115
0
0
0
0
0
0
0
0
0
0
1458
0
0
0
0
0
0
0
0
0
0
0
0
0
0
0
0
0
0
0
6
0
0
0
0
0
0
0
0
0
0
0
0
0
0
0
0
0
0
0
0
0
20
209
0
322
0
360
0
0
0
0
5
5
0
0
0
0
0
0
0
0
0
6
0
488
0
326
0
0
0
0
0
0
4
902
0
0
0
0
0
0
0
0
0
86
0
0
497
884
0
0
0
0
0
0
2
1286
2820
0
0
0
0
0
0
0
17
214
214
790
1348
1682
0
0
0
0
0
0
3
1414
0
0
0
0
0
0
0
0
66
0
0
601
1109
0
0
0
0
0
0
0
4
1408
0
0
0
0
0
0
0
0
58
585
0
550
1058
0
0
0
0
0
0
0
4
1391
0
0
0
0
0
0
0
0
883
595
0
526
1023
0
0
0
0
0
0
567
570
1903
0
0
0
0
0
0
0
2035
901
0
615
1185
0
0
0
0
0
0
0
690
694
0
0
0
0
0
0
0
0
0
1134
610
0
520
0
0
0
0
0
0
0
0
2
0
0
0
0
0
0
0
0
0
0
596
0
564
0
0
0
0
0
0
0
0
0
275
275
0
0
0
0
0
0
0
0
631
0
556
0
84
0
0
0
0
0
0
0
0
0
0
0
0
0
0
0
0
0
573
0
542
0
0
0
0
0
0
0
0
0
0
0
0
0
0
0
0
0
0
173
0
628
1143
0
0
0
0
0
0
0
0
0
0
0
0
0
0
0
0
0
0
177
0
616
1146
0
0
0
0
0
0
0
0
0
0
0
0
0
0
0
0
0
175
175
0
621
1178
0
0
0
0
0
0
0
0
0
0
0
0
0
0
0
0
0
0
0
192
0
88
0
0
0
0
0
0
0
0
0
0
0
0
0
0
0
0
0
0
0
188
0
0
0
0
0
0
3
0
0
0
0
0
0
0
0
0
0
0
0
0
0
304
0
0
0
0
0
0
0
0
0
0
0
0
0
0
0
0
0
0
0
0
0
35
0
0
0
0
0
0
0
0
0
0
0
0
0
0
0
0
32
32
32
32
32
0
0
0
0
0
0
0
0
0
0
0
0
0
0
0
0
0
0
0
0
0
0
0
0
0
0
0
0
0
0
0
0
0
0
0
0
0
0
0
0
0
0
0
0
0
0
0
0
0
0
0
0
0
0
0
0
0
0
0
0
0
0
0
0
0
0
0
0
0
0
0
0
0
0
0
4067
4067
4067
4067
4067
4067
4067
28
28
28
28
28
5
0
0
0
0
0
0
0
0
0
0
0
0
0
0
0
0
230
230
230
230
230
97
0
0
0
0
0
0
0
0
694
0
0
0
0
0
0
0
104
104
104
104
104
34
0
0
0
0
0
0
0
0
1970
0
0
0
0
0
0
39
39
39
39
39
39
0
0
0
0
0
0
0
0
0
1970
0
0
0
0
0
0
29
29
29
29
29
5
0
0
0
0
0
0
0
0
0
2023
4082
4082
4082
4082
4082
4082
13
13
13
13
13
0
0
0
0
0
0
0
0
0
967
2480
4095
4095
4095
4095
4095
0
24
24
24
24
24
0
0
0
0
0
0
0
0
0
941
2461
4088
4088
4088
4088
4088
0
0
0
0
0
0
0
0
0
0
0
0
0
0
0
981
2465
4050
4088
4088
4088
4088
0
0
0
0
0
0
0
0
0
0
0
0
0
0
0
2984
1507
0
553
553
553
553
0
0
0
0
0
0
0
0
0
0
0
0
4095
4095
4095
994
2712
95
0
0
0
0
0
0
0
0
0
0
0
0
0
0
0
0
1752
1752
0
1595
0
360
0
0
6
0
0
0
0
0
0
0
0
0
0
0
0
0
2362
2362
0
716
0
0
0
0
44
0
0
0
0
0
0
0
0
0
0
0
0
0
2347
2347
0
0
0
0
17
0
193
0
0
0
0
0
0
0
0
0
0
0
0
0
0
0
2419
0
0
0
93
0
706
0
0
0
0
0
0
0
0
0
12
12
0
0
0
0
2372
0
0
12
0
82
988
0
0
0
0
0
0
0
0
1
7
89
0
0
0
1179
0
0
0
0
167
0
0
0
0
0
0
0
0
0
0
5
13
154
0
0
0
1478
0
0
0
0
222
0
0
0
0
0
0
0
0
0
0
2
400
400
0
0
0
1445
0
0
0
0
196
0
630
0
0
0
0
0
0
0
0
3
516
516
0
0
0
0
0
0
0
105
0
1365
0
0
0
0
0
0
0
0
0
3
3
0
0
0
0
0
0
0
0
0
207
0
0
0
0
0
0
0
0
0
991
994
995
0
0
0
3034
0
0
0
0
0
625
0
0
0
0
0
0
0
0
0
1724
1726
1728
0
0
0
3757
0
0
