0
811
3781
0
0
0
0
554
1149
0
0
0
0
0
0
0
0
1900
0
2
0
0
0
2519
3967
0
0
1056
1056
542
0
0
0
0
0
0
0
0
0
1738
0
0
0
0
0
2865
0
0
0
1351
1022
538
0
0
0
0
0
0
0
0
338
0
0
0
0
0
603
3500
0
0
0
1699
1209
653
0
0
0
0
0
0
0
0
1403
0
0
0
0
0
2096
3849
0
0
0
1631
1092
533
0
0
0
0
0
0
0
0
1212
0
0
0
0
0
2190
3898
0
0
0
1753
1194
539
0
0
0
0
0
0
0
0
1300
0
0
0
0
0
2815
3914
0
0
0
1589
1105
556
0
0
0
0
0
0
0
0
0
0
0
0
0
1201
0
0
0
0
410
0
474
1011
0
0
0
0
0
0
0
0
0
0
0
0
0
2089
0
0
0
0
370
0
481
1032
19
19
0
0
0
0
0
0
0
0
0
0
0
2018
0
0
0
0
418
0
503
1071
33
33
0
0
0
0
0
0
0
0
0
0
0
2105
0
0
0
0
0
440
0
581
55
46
0
0
0
0
0
0
0
0
0
0
0
1911
3667
0
0
0
0
376
706
65
65
51
0
0
0
0
0
0
0
0
0
0
0
1930
0
0
0
0
266
496
53
17
17
0
0
0
0
0
0
0
0
0
0
0
0
1713
0
0
0
0
340
559
27
27
27
0
0
0
0
0
0
0
0
0
0
0
0
2151
0
0
0
0
272
217
17
17
14
0
0
0
0
0
0
0
0
0
0
0
0
2131
0
0
0
0
0
14
14
14
0
0
0
0
0
0
0
0
0
0
0
0
0
2261
0
0
0
0
0
0
0
0
0
0
0
0
0
0
0
0
0
0
0
0
0
0
0
0
0
0
0
0
0
0
0
0
0
0
0
0
0
0
0
0
0
0
0
0
0
0
0
0
0
0
0
0
0
0
0
0
0
0
0
0
0
0
0
0
114
0
0
0
0
0
0
0
0
0
0
0
0
0
0
0
0
0
0
0
0
0
589
0
0
0
0
0
0
0
0
0
0
0
0
0
101
101
0
0
0
0
0
0
628
0
0
0
0
0
0
0
0
0
0
0
0
0
175
175
0
0
0
0
0
0
649
0
0
0
0
0
0
0
0
0
0
0
0
0
160
160
0
0
0
0
0
0
0
0
0
0
0
0
0
0
0
0
0
0
0
113
0
0
0
0
0
0
0
0
0
0
0
0
0
0
0
0
0
0
0
0
0
102
0
0
0
0
0
0
0
0
0
0
0
327
0
0
0
0
0
0
0
0
0
0
165
0
0
0
0
0
0
0
2
0
0
319
0
183
0
0
0
0
0
1
0
0
0
0
0
0
0
0
0
0
27
285
0
406
0
0
0
0
0
0
3
3
0
0
0
0
0
0
0
0
0
12
0
502
0
376
0
0
0
0
0
0
2
865
0
0
0
0
0
0
0
0
0
108
630
548
0
350
0
0
0
0
0
0
3
1270
2706
0
0
0
0
0
0
0
26
185
1065
543
627
0
0
0
0
0
0
0
3
1442
0
0
0
0
0
0
0
0
62
518
518
0
540
0
0
0
0
0
0
0
2
1368
0
0
0
0
0
0
0
0
65
1206
560
0
536
0
0
0
0
0
0
0
2
1661
0
0
0
0
0
0
0
0
904
1161
542
0
0
0
0
0
0
0
0
689
691
2120
0
37
0
0
0
0
0
2090
969
0
643
1238
0
0
0
0
0
0
0
585
590
0
0
0
0
0
0
0
0
0
1312
672
0
541
0
0
0
0
0
0
0
0
2
0
0
0
0
0
0
0
0
0
0
595
0
530
0
28
0
0
0
0
0
0
0
277
277
0
0
0
0
0
0
0
0
603
0
532
0
0
0
0
0
0
0
0
0
0
0
0
0
0
0
0
0
0
0
567
0
523
0
0
0
0
0
0
0
0
0
0
0
0
0
0
0
0
0
0
797
603
0
602
0
0
0
0
0
0
0
0
0
0
0
0
0
0
0
0
0
0
780
595
0
549
568
0
0
0
0
0
0
0
0
0
0
0
0
0
0
0
0
175
175
0
663
1158
0
0
0
0
0
0
0
0
0
0
0
0
0
0
0
0
0
0
0
208
717
717
0
0
0
0
0
0
0
0
0
0
0
0
0
0
0
0
0
0
0
206
0
0
0
0
0
0
8
0
0
0
0
0
0
0
0
0
0
0
0
0
0
235
0
0
0
0
0
0
0
0
0
0
0
0
0
0
0
0
0
0
0
0
0
37
0
0
0
0
0
0
0
0
0
0
0
0
0
0
0
0
0
0
0
0
0
0
0
0
0
0
0
0
0
0
0
0
0
0
0
0
0
0
0
0
0
0
0
0
0
0
0
0
0
0
0
0
0
0
0
0
0
0
0
0
0
0
0
0
0
0
0
0
0
0
0
0
0
0
0
0
0
0
0
0
0
0
0
0
0
0
0
0
0
0
0
0
0
0
0
0
4052
4052
4052
4052
4052
4052
4052
43
43
43
43
43
10
0
0
0
0
0
0
0
0
0
0
0
0
0
0
0
0
169
169
169
169
169
70
0
0
0
0
0
0
0
0
1012
0
0
0
0
0
0
0
94
94
94
94
94
40
0
0
0
0
0
0
0
0
1952
0
0
0
0
0
0
47
47
47
47
47
47
0
0
0
0
0
0
0
0
0
1976
0
0
0
0
0
0
29
29
29
29
29
0
0
0
0
0
0
0
0
0
194
2072
4088
4088
4088
4088
4088
4088
7
7
7
7
7
0
0
0
0
0
0
0
0
0
881
2364
4095
4095
4095
4095
4095
0
32
32
32
32
32
0
0
0
0
0
0
0
0
0
1049
2619
4075
4075
4075
4075
4075
0
0
0
0
0
0
0
0
0
0
0
0
0
0
0
1142
2742
4095
4095
4095
4095
4095
0
0
0
0
0
0
0
0
0
0
0
0
4095
4095
4095
2486
0
4095
4095
4095
4095
0
0
0
0
0
0
0
0
0
0
0
0
0
2349
2349
0
1126
3020
0
0
0
0
0
0
0
0
0
0
0
0
0
0
0
0
0
0
0
582
1918
0
0
0
0
15
0
0
0
0
0
0
0
0
0
0
0
0
0
0
0
613
1567
0
0
0
0
58
0
0
0
0
0
0
0
0
0
0
0
0
0
0
0
1456
0
0
0
28
0
161
0
0
0
0
0
0
0
0
0
1
1
1
0
0
0
1842
0
0
3
0
75
770
0
0
0
0
0
0
0
0
4
11
11
0
0
0
1259
0
0
0
15
0
86
965
0
0
0
0
0
0
0
0
4
11
87
0
0
0
1407
0
0
0
0
161
0
0
0
0
0
0
0
0
0
0
5
14
132
0
0
0
1421
0
0
0
0
212
0
1237
0
0
0
0
0
0
0
0
4
389
389
0
0
0
0
0
0
0
0
208
0
441
0
0
0
0
0
0
0
0
4
568
568
0
0
898
0
0
0
0
135
0
1422
0
0
0
0
0
0
0
0
0
3
4
0
0
0
3339
0
0
0
0
0
240
0
0
0
0
0
0
0
0
0
1022
1027
1028
0
0
0
3770
0
0
0
0
0
556
0
0
0
0
0
0
0
0
1681
0
4
4
0
0
0
3741
0
0
2952
0
105
649
0
0
0
0
0
0
0
0
1685
0
5
0
0
0
