-1
33
120
-1
-1
-1
-1
-1
-1
-1
140
-1
-1
126
-1
-1
-1
-1
47
23
29
69
-1
175
-1
-1
-1
-1
-1
-1
-1
-1
141
-1
-1
101
-1
-1
-1
72
15
22
61
-1
-1
151
-1
-1
-1
-1
-1
-1
-1
90
131
-1
-1
-1
-1
-1
-1
85
13
23
58
-1
-1
-1
-1
-1
-1
-1
-1
-1
-1
118
124
-1
-1
-1
-1
-1
-1
81
12
25
190
-1
-1
-1
-1
-1
-1
-1
-1
-1
-1
118
30
93
-1
-1
-1
-1
-1
88
15
212
-1
-1
-1
-1
-1
-1
-1
-1
-1
-1
-1
114
124
-1
-1
-1
-1
-1
-1
86
12
206
-1
-1
-1
-1
-1
-1
-1
-1
-1
-1
-1
112
124
-1
-1
-1
-1
-1
-1
90
11
219
-1
-1
-1
-1
-1
-1
-1
-1
-1
-1
-1
107
93
-1
-1
-1
-1
-1
111
2
10
209
-1
-1
-1
-1
-1
-1
-1
-1
-1
-1
-1
100
68
-1
-1
-1
98
-1
41
3
9
204
-1
-1
-1
160
-1
-1
-1
-1
-1
-1
-1
137
-1
-1
-1
-1
95
-1
42
3
10
79
-1
-1
179
-1
-1
-1
-1
-1
-1
-1
-1
73
-1
60
-1
63
29
-1
34
3
10
50
-1
-1
154
-1
-1
-1
-1
-1
-1
-1
64
25
-1
60
-1
63
-1
53
14
4
56
-1
-1
-1
130
-1
-1
-1
-1
-1
-1
-1
62
-1
85
-1
-1
64
-1
51
13
6
9
-1
82
-1
-1
-1
-1
-1
-1
-1
-1
-1
63
26
92
-1
-1
-1
-1
88
13
5
8
-1
225
-1
-1
-1
-1
-1
-1
-1
-1
-1
73
94
-1
-1
-1
-1
-1
112
14
5
9
-1
206
-1
-1
-1
-1
-1
-1
-1
-1
-1
66
88
-1
-1
-1
-1
88
22
14
15
-1
-1
209
-1
-1
-1
-1
-1
-1
-1
-1
-1
66
85
-1
-1
-1
-1
84
24
14
5
-1
27
187
-1
-1
-1
-1
-1
-1
-1
-1
-1
123
-1
-1
-1
-1
-1
114
21
15
6
-1
29
214
-1
-1
-1
-1
-1
-1
-1
-1
-1
126
-1
-1
-1
-1
-1
121
21
17
5
-1
27
192
-1
-1
-1
-1
-1
-1
-1
-1
82
77
-1
-1
-1
-1
-1
116
22
15
5
8
18
163
-1
-1
-1
-1
-1
-1
-1
-1
126
-1
-1
-1
-1
-1
122
26
24
16
-1
13
20
162
-1
-1
-1
-1
-1
-1
-1
-1
128
-1
-1
-1
-1
-1
118
25
21
20
-1
14
19
190
-1
-1
-1
-1
-1
-1
-1
-1
129
-1
-1
-1
-1
-1
127
25
21
17
-1
13
183
-1
-1
-1
-1
-1
-1
-1
-1
-1
-1
-1
-1
-1
-1
-1
187
28
22
17
-1
13
246
-1
-1
-1
-1
-1
-1
117
-1
75
-1
-1
-1
-1
-1
-1
133
28
25
20
5
9
113
-1
-1
-1
-1
-1
116
-1
-1
82
-1
-1
-1
-1
-1
-1
127
26
21
-1
23
8
113
-1
-1
-1
-1
-1
153
-1
-1
113
-1
-1
-1
-1
-1
-1
-1
-1
144
-1
22
91
-1
-1
-1
-1
-1
-1
134
81
-1
-1
-1
-1
-1
-1
-1
-1
162
-1
48
-1
26
99
-1
-1
-1
-1
-1
-1
134
23
55
-1
-1
-1
-1
-1
-1
-1
189
-1
-1
-1
48
95
-1
-1
-1
-1
-1
-1
133
23
61
-1
-1
-1
-1
-1
-1
-1
193
-1
-1
39
5
98
-1
-1
-1
-1
-1
-1
128
24
61
-1
-1
-1
-1
-1
-1
-1
192
-1
-1
42
100
-1
-1
-1
-1
-1
-1
-1
127
26
120
-1
-1
-1
-1
-1
-1
-1
-1
-1
-1
167
104
-1
-1
-1
-1
-1
-1
-1
132
-1
147
-1
-1
-1
-1
-1
-1
-1
-1
-1
-1
168
106
-1
-1
-1
-1
-1
-1
-1
133
48
-1
-1
-1
-1
-1
107
66
-1
-1
-1
81
21
110
-1
-1
-1
-1
-1
-1
128
30
47
-1
-1
-1
-1
-1
106
67
-1
-1
-1
84
17
78
-1
-1
-1
-1
-1
-1
134
30
51
-1
-1
-1
-1
75
-1
97
-1
-1
-1
83
92
-1
-1
-1
-1
-1
-1
-1
133
-1
78
-1
-1
-1
-1
72
98
-1
-1
-1
-1
83
99
-1
-1
-1
-1
-1
-1
-1
-1
202
-1
-1
-1
-1
51
30
30
73
-1
-1
57
22
90
-1
-1
-1
-1
-1
131
-1
-1
106
-1
-1
-1
-1
48
30
30
70
-1
-1
60
23
62
-1
-1
-1
-1
-1
67
-1
-1
105
-1
-1
-1
-1
48
32
33
67
-1
-1
62
45
-1
-1
-1
-1
107
-1
-1
-1
120
-1
-1
-1
-1
-1
57
34
33
67
-1
-1
58
42
-1
-1
-1
-1
71
61
-1
-1
119
-1
-1
-1
-1
38
-1
57
65
-1
-1
-1
94
43
-1
-1
-1
-1
68
62
-1
-1
127
-1
-1
-1
-1
37
-1
118
-1
-1
-1
-1
90
39
-1
-1
-1
-1
70
66
-1
-1
-1
-1
-1
-1
-1
140
-1
-1
-1
-1
98
-1
58
31
-1
-1
-1
45
160
-1
-1
-1
-1
-1
-1
-1
-1
135
-1
-1
-1
-1
189
-1
-1
-1
-1
-1
-1
218
-1
-1
-1
-1
-1
-1
-1
-1
-1
145
-1
-1
-1
-1
102
-1
83
-1
-1
-1
-1
210
-1
-1
-1
-1
-1
-1
-1
-1
263
-1
-1
-1
-1
-1
-1
-1
-1
-1
-1
-1
-1
251
-1
-1
-1
-1
-1
-1
-1
-1
258
-1
-1
-1
-1
-1
-1
-1
-1
-1
-1
-1
-1
251
-1
-1
-1
-1
-1
-1
-1
-1
229
-1
-1
-1
-1
-1
-1
-1
-1
-1
-1
-1
292
-1
-1
-1
-1
-1
-1
-1
-1
-1
229
-1
-1
-1
-1
-1
-1
-1
-1
-1
-1
-1
291
-1
-1
-1
-1
-1
-1
-1
-1
-1
230
-1
-1
-1
-1
-1
-1
-1
-1
-1
-1
-1
257
-1
-1
-1
-1
-1
-1
-1
-1
225
-1
-1
-1
-1
-1
-1
-1
-1
-1
-1
-1
-1
-1
-1
-1
284
-1
-1
-1
-1
-1
216
-1
-1
-1
-1
-1
-1
-1
-1
-1
-1
-1
-1
-1
-1
-1
289
-1
-1
-1
-1
-1
216
-1
-1
-1
-1
-1
-1
-1
-1
-1
-1
-1
-1
-1
-1
-1
288
-1
-1
-1
-1
-1
227
-1
-1
-1
-1
-1
-1
-1
-1
-1
-1
-1
-1
-1
-1
262
-1
-1
-1
-1
-1
72
167
-1
-1
-1
-1
-1
-1
-1
-1
-1
-1
-1
-1
-1
-1
258
-1
-1
-1
-1
-1
483
-1
-1
-1
-1
-1
-1
-1
-1
-1
-1
-1
-1
-1
-1
-1
-1
-1
-1
-1
-1
-1
492
-1
-1
-1
-1
-1
-1
-1
-1
-1
-1
-1
-1
-1
-1
-1
-1
-1
-1
-1
-1
255
240
-1
-1
-1
-1
-1
-1
-1
-1
-1
-1
-1
-1
-1
-1
-1
-1
-1
-1
-1
-1
507
-1
-1
-1
-1
-1
-1
-1
-1
-1
-1
-1
-1
-1
-1
-1
-1
-1
-1
-1
-1
-1
506
-1
-1
-1
-1
-1
-1
-1
-1
-1
-1
-1
-1
-1
-1
-1
-1
-1
-1
-1
-1
-1
123
-1
-1
-1
-1
-1
-1
-1
-1
-1
-1
-1
215
-1
-1
-1
-1
75
94
-1
-1
60
94
-1
-1
-1
-1
-1
-1
-1
-1
-1
-1
-1
212
-1
-1
-1
49
30
64
-1
-1
60
102
-1
-1
-1
-1
-1
-1
-1
-1
-1
-1
186
29
-1
-1
-1
48
30
64
-1
-1
66
94
-1
-1
-1
-1
-1
-1
-1
-1
-1
-1
186
28
-1
-1
-1
45
30
66
-1
-1
66
112
-1
-1
-1
-1
-1
-1
-1
-1
-1
-1
179
30
-1
-1
28
29
29
70
-1
-1
140
-1
-1
-1
-1
-1
-1
-1
-1
-1
-1
-1
242
-1
-1
-1
37
32
31
65
-1
-1
144
-1
-1
-1
-1
-1
-1
-1
-1
-1
-1
-1
237
-1
-1
-1
38
31
98
-1
30
-1
151
-1
-1
-1
-1
-1
-1
-1
-1
-1
-1
-1
233
-1
-1
19
27
29
30
34
30
30
180
-1
-1
-1
-1
-1
-1
-1
-1
-1
-1
-1
-1
-1
-1
204
23
29
29
33
30
30
190
-1
-1
-1
-1
-1
-1
-1
-1
-1
-1
-1
-1
-1
-1
200
22
29
30
33
-1
149
-1
-1
-1
-1
-1
-1
-1
138
-1
-1
123
-1
-1
-1
-1
49
26
35
64
-1
