0
143
703
0
0
0
0
0
0
0
0
3068
0
3
0
0
0
0
2638
0
0
0
0
592
0
0
0
0
0
0
0
0
0
0
0
1
0
0
0
2445
3762
0
0
0
0
1177
0
0
0
0
0
0
0
0
0
0
0
0
0
0
0
2911
0
0
0
0
0
0
0
0
0
0
0
0
0
0
0
0
0
0
0
0
0
3545
0
0
0
0
0
0
0
0
0
0
0
0
0
0
0
0
0
0
0
0
1314
3775
0
0
0
0
0
0
0
0
0
0
0
0
0
0
0
0
0
0
0
0
2302
3905
0
0
0
0
0
0
0
0
0
0
0
0
0
0
0
0
0
0
0
0
2355
3872
0
0
0
0
0
0
183
0
0
0
0
0
0
0
0
0
0
0
0
-7377
2988
3804
0
0
0
0
0
0
366
0
0
0
0
0
0
0
0
0
0
0
0
8787
0
0
0
0
0
0
572
2369
544
0
0
0
0
0
0
0
0
0
0
0
0
0
0
0
0
0
0
0
548
1224
0
0
0
0
0
0
0
0
0
0
0
0
0
0
0
0
0
0
0
0
526
0
0
0
0
0
0
0
0
186
0
0
0
0
0
0
3382
0
0
0
0
0
638
0
0
0
0
0
0
0
0
0
0
0
0
0
0
2133
0
0
0
0
0
0
0
0
0
0
0
0
0
0
0
299
0
0
0
0
0
2071
0
0
0
0
0
0
0
0
0
0
0
0
0
0
0
161
0
0
0
0
0
1942
0
0
0
0
0
0
0
0
0
0
0
0
0
0
0
0
0
0
0
0
0
1973
0
0
0
0
0
0
0
0
0
0
0
0
0
0
0
0
0
0
0
0
0
2027
0
0
0
0
0
0
0
0
0
0
0
0
0
0
0
0
0
0
0
0
0
0
0
0
0
0
0
0
0
0
0
0
0
0
0
0
0
0
0
0
0
0
0
0
0
0
0
0
0
0
0
0
0
0
0
0
0
0
0
0
0
0
0
0
182
0
0
0
0
0
0
0
0
0
0
0
0
0
0
0
0
0
0
0
0
0
523
0
0
0
0
0
0
0
0
0
0
0
0
0
224
224
0
0
0
0
0
0
547
0
0
0
0
0
0
0
0
0
0
0
0
0
304
304
0
0
0
0
0
0
0
0
0
0
0
0
0
0
0
0
0
0
0
0
276
276
0
0
0
0
0
0
0
0
0
0
0
0
0
0
0
0
0
0
0
0
0
0
0
0
0
0
0
0
0
0
0
0
0
0
0
0
0
0
0
0
0
0
0
0
0
0
0
0
0
0
0
0
0
0
0
0
0
0
0
0
0
1
0
0
0
0
0
0
0
0
0
0
0
0
0
0
0
0
0
0
0
0
0
1
0
0
0
0
0
0
0
0
0
0
0
0
0
227
0
0
0
0
0
0
4
5
0
0
0
0
0
0
0
0
0
4
0
0
0
251
0
0
0
0
0
0
3
955
0
0
0
0
0
0
0
0
0
125
0
0
0
206
0
0
0
0
0
0
4
1523
0
0
0
0
0
0
0
0
24
176
0
0
460
0
0
0
0
0
0
0
5
1419
0
0
0
0
0
0
0
0
56
0
0
0
378
0
0
0
0
0
0
0
2
1385
0
0
0
0
0
0
0
0
74
0
0
0
386
0
0
0
0
0
0
0
4
1542
0
0
0
0
0
0
0
0
0
0
0
495
0
0
0
0
0
0
0
669
673
0
0
0
0
0
0
0
0
0
0
0
0
477
0
0
0
0
0
0
0
520
523
0
0
0
0
0
0
0
0
0
0
0
567
1048
0
0
0
0
0
0
0
0
1
0
0
0
0
0
0
0
0
0
0
887
0
460
0
0
0
0
0
0
0
0
0
0
0
0
0
0
0
0
0
0
0
0
0
472
0
0
0
0
0
0
0
0
0
0
0
0
0
0
0
0
0
0
0
0
0
450
0
0
0
0
0
0
0
0
0
0
0
0
0
0
0
0
0
0
0
0
0
420
0
0
0
0
0
0
0
0
0
0
0
0
0
0
0
0
0
0
0
0
0
455
0
0
0
0
0
0
0
0
0
0
0
0
0
0
0
0
0
0
0
0
582
1021
0
0
0
0
0
0
0
0
0
0
0
0
0
0
0
0
0
0
0
0
562
0
0
0
0
0
0
0
0
0
0
0
0
0
0
0
0
0
0
0
0
522
0
0
0
0
0
0
0
0
0
0
0
0
0
0
0
0
0
0
0
0
0
0
0
0
0
0
0
0
0
0
0
0
0
0
0
0
0
0
0
0
0
0
0
0
0
0
0
0
0
0
0
0
0
0
0
0
0
0
0
0
0
0
0
0
11
0
0
0
0
0
0
0
0
0
0
0
0
0
0
0
0
0
0
0
0
0
0
0
0
0
0
0
0
0
0
0
0
0
0
0
0
0
0
0
0
0
0
0
0
0
0
0
0
0
0
0
0
0
0
0
0
0
0
0
0
0
0
0
0
0
0
0
0
0
0
0
0
0
0
0
-5298
0
0
0
0
0
0
0
0
0
0
0
0
0
0
0
0
0
0
0
0
0
7331
0
0
0
0
0
0
0
0
0
0
0
0
0
0
0
0
0
0
0
0
0
0
0
0
0
0
0
0
0
0
0
0
0
0
0
0
0
0
0
0
0
0
1701
0
0
0
0
0
0
0
0
0
0
0
0
0
0
0
0
0
0
0
0
598
2435
0
0
0
0
0
0
0
0
0
0
0
0
0
0
0
0
0
0
0
0
0
0
0
0
0
0
0
0
0
0
0
0
0
0
0
0
0
0
0
0
0
0
0
0
0
0
0
0
0
0
0
0
0
0
0
0
0
0
0
0
0
0
0
0
0
0
-6760
0
0
0
0
0
0
0
0
0
0
0
0
0
0
0
0
0
0
0
-5317
-8075
-6373
0
0
0
0
0
0
0
0
0
0
0
0
0
0
0
0
0
0
0
-5241
-7385
-6150
0
0
0
0
0
0
0
0
0
0
0
0
0
0
0
0
0
0
0
14098
-6820
22032
0
0
0
0
0
0
0
0
0
0
0
0
0
0
0
0
0
0
0
395
27777
0
0
0
15
0
0
0
0
0
0
0
0
0
0
0
0
0
0
0
1190
2228
0
0
0
0
0
0
0
0
0
0
0
0
0
0
0
0
0
5
0
0
2247
0
0
0
0
27
0
0
0
0
0
0
0
0
0
0
4
4
4
0
0
0
2745
0
0
0
0
74
0
0
0
0
0
0
0
0
0
0
5
5
0
0
0
0
2658
0
0
0
0
0
0
0
0
0
0
0
0
0
0
4
11
121
0
0
0
1766
0
0
0
0
0
73
0
0
0
0
0
0
0
0
0
4
10
82
0
0
0
1435
0
0
0
0
215
0
0
0
0
0
0
0
0
0
0
1
438
438
0
0
0
0
0
0
0
0
0
0
0
0
0
0
0
0
0
0
0
5
553
553
0
0
0
0
0
0
0
0
0
0
0
0
0
0
0
0
0
0
0
0
0
0
0
0
2346
0
0
0
0
0
0
0
0
0
0
0
0
0
0
0
-327
3
0
0
0
0
2010
0
0
0
0
0
0
0
0
0
0
0
0
0
0
0
680
12
0
0
0
0
2326
0
0
0
0
