2623
0
1324
449
0
0
0
0
0
0
0
2875
0
0
4
0
0
0
0
4095
2072
4095
0
0
1574
0
0
0
0
0
0
0
0
3346
0
0
1
0
0
0
4095
262
2501
4095
0
0
1109
0
0
0
0
0
0
0
275
3064
0
0
0
0
0
0
4095
451
2050
4095
0
0
0
0
0
0
0
0
0
0
1438
1726
1395
0
0
0
0
0
4095
804
2088
1320
0
0
0
0
0
0
0
0
0
0
1490
1735
1420
0
0
0
0
0
4095
1242
2345
1373
0
0
0
0
0
0
0
0
0
0
1613
1729
1097
0
0
0
0
0
4095
1198
4049
0
0
0
0
0
0
0
0
0
0
0
1589
1772
0
0
0
0
0
0
4095
1154
3844
0
0
0
0
0
0
0
0
0
0
0
1671
1590
0
0
0
0
0
4095
905
1367
3876
0
0
0
0
0
0
0
0
0
0
0
1566
0
0
0
0
4095
0
4095
541
1198
3502
0
0
0
778
0
0
0
0
0
0
0
1774
0
0
0
0
4095
0
4095
345
1367
1522
0
0
1289
0
0
0
0
0
0
0
0
763
0
0
0
0
4095
0
4095
171
1097
923
0
0
1321
0
0
0
0
0
0
0
0
185
0
0
0
0
0
4095
2049
292
2037
0
0
0
523
0
0
0
0
0
0
0
159
0
0
0
0
0
0
4095
1891
277
1191
0
1423
0
0
0
0
0
0
0
0
0
0
496
0
0
0
0
0
4095
993
187
391
0
1548
0
0
0
0
0
0
0
0
0
0
392
0
0
0
0
0
4095
1084
272
0
0
1038
0
0
0
0
0
0
0
0
0
0
72
0
0
0
0
0
4095
1156
263
0
0
650
0
0
0
0
0
0
0
0
0
215
0
0
0
0
0
4095
4095
1290
268
0
352
491
0
0
0
0
0
0
0
0
0
307
0
0
0
0
0
1033
4095
1046
362
0
353
219
0
0
0
0
0
0
0
0
0
180
0
0
0
0
0
2077
3485
1234
168
0
409
168
0
0
0
0
0
0
0
0
0
0
0
0
0
0
0
3331
3131
1252
0
0
315
29
0
0
0
0
0
0
0
0
0
0
0
0
0
0
511
3288
3353
1250
0
0
94
30
0
0
0
0
0
0
0
0
0
0
0
0
0
0
917
3574
3538
1172
0
17
42
0
0
0
0
0
0
0
0
0
0
0
0
0
0
0
1200
3619
3074
1214
0
175
3
0
0
0
0
0
0
179
0
0
0
0
0
0
0
0
1237
4095
3117
252
0
72
7
0
0
0
0
0
0
1240
0
0
0
0
0
0
0
0
1121
4095
1774
238
0
91
176
0
0
0
0
0
0
1211
0
0
0
0
0
0
0
0
4095
4095
1568
0
269
149
509
0
0
0
0
0
1701
0
0
0
0
0
0
0
0
0
0
0
4095
0
338
396
0
0
0
0
0
0
1854
1261
0
0
0
0
0
0
0
0
4095
0
364
0
391
101
0
0
0
0
0
0
1749
1410
0
0
0
0
0
0
0
0
4095
0
0
0
719
55
0
0
0
0
0
0
3281
1199
0
0
0
0
0
0
0
0
2061
0
0
790
123
84
0
0
0
0
0
0
3292
1176
0
0
0
0
0
0
0
0
706
0
0
639
200
0
0
0
0
0
0
0
3561
728
0
0
0
0
0
0
0
0
0
0
0
1539
100
0
0
0
0
0
0
0
3724
0
0
0
0
0
0
0
0
1029
0
0
0
1222
2
0
0
0
0
0
0
0
3507
0
0
0
0
0
0
114
1543
0
0
0
1657
135
0
0
0
0
0
0
0
2245
674
374
0
0
0
0
0
241
2005
0
0
0
1471
296
0
0
0
0
0
0
0
1930
0
373
0
0
0
0
51
0
3101
0
0
0
1178
125
0
0
0
0
0
0
0
1416
0
118
0
0
0
0
42
2673
0
0
0
0
1283
198
0
0
0
0
0
0
0
0
68
0
0
0
0
0
0
1006
1869
0
0
966
347
455
0
0
0
0
0
0
0
0
0
0
0
0
0
36
0
1329
1902
0
0
1107
182
603
0
0
0
0
0
0
0
0
0
0
0
0
0
40
0
1138
1115
0
0
1133
104
455
0
0
0
0
0
0
0
0
0
0
0
0
0
0
1137
1146
581
0
0
1075
180
0
0
0
0
35
0
0
0
0
0
0
0
0
0
0
1109
437
0
0
0
1333
10
0
0
0
0
61
0
0
0
0
0
0
0
0
1152
0
0
0
0
0
0
1164
50
0
0
0
0
57
0
0
0
0
0
0
0
0
950
0
0
0
0
574
0
427
78
0
0
0
56
25
0
0
0
0
0
0
0
0
0
0
0
0
0
241
0
0
0
0
0
0
79
0
0
0
0
0
0
0
0
0
0
0
0
0
0
396
0
0
0
0
0
0
82
0
0
0
0
0
0
0
0
304
0
0
0
0
0
0
0
0
0
0
0
0
30
0
0
0
0
0
0
0
0
21
0
0
0
0
0
0
0
0
0
0
0
0
0
0
0
0
0
0
0
0
0
0
0
0
0
0
0
0
0
0
0
0
0
0
0
0
0
0
0
0
0
0
0
0
0
0
0
0
0
0
0
0
0
0
0
2977
0
0
0
0
0
0
0
0
0
20
0
0
0
0
0
0
0
0
0
0
0
4095
0
0
4095
0
0
0
0
0
25
0
0
0
0
0
0
0
0
0
0
0
0
0
0
0
4095
0
0
0
0
0
111
0
0
0
0
0
0
0
0
0
0
0
0
0
0
0
4095
0
0
0
0
0
68
0
0
0
0
0
0
0
0
0
0
0
0
0
0
0
0
0
0
0
0
0
62
0
0
0
0
0
0
0
0
0
0
0
0
0
0
4095
0
0
0
0
0
4095
45
0
0
0
0
0
0
0
0
0
0
0
0
0
0
0
0
0
0
0
0
4095
0
0
0
0
0
0
0
0
0
0
0
0
0
0
0
0
0
0
0
0
0
4095
0
0
0
0
0
0
0
0
0
0
0
0
0
0
0
0
0
0
0
0
4095
0
0
0
0
0
0
0
0
0
0
0
0
0
0
0
0
0
0
0
0
0
4095
0
0
0
0
0
0
0
0
0
0
0
0
4095
0
0
0
0
0
0
0
0
4095
0
0
0
0
0
0
0
0
0
0
0
0
0
0
0
0
0
1156
0
0
0
0
0
0
0
0
0
0
0
0
0
0
0
10
0
0
0
0
4095
739
0
0
115
0
0
0
0
0
0
0
0
0
0
0
0
9
0
0
0
4095
4095
569
0
0
49
0
0
0
0
0
0
0
0
0
0
0
0
10
0
0
0
4095
3173
496
0
0
58
0
0
0
0
0
0
0
0
0
0
0
49
0
0
0
0
4095
2155
157
0
0
296
0
0
0
0
0
0
0
0
0
0
0
103
0
0
0
3016
3902
1371
171
0
0
1555
0
0
0
0
0
0
0
0
0
0
0
231
0
0
0
2842
4095
1179
0
0
0
2200
0
0
0
0
0
0
0
0
0
0
0
769
0
0
1198
1190
4095
1329
68
1020
0
2249
0
0
0
0
0
0
0
0
0
0
0
459
0
0
3506
1275
4095
4095
64
1287
1254
1270
0
0
0
0
0
0
0
0
0
0
0
0
0
0
2878
1297
4095
4095
4
984
1152
293
0
0
0
0
0
0
0
0
0
0
0
0
0
0
4095
1826
4095
4095
0
0
2068
0
0
0
0
0
0
0
1606
0
0
3
0
0
0
0
3108
2127
4095
4095
